250,59.199999999999996
500,15.6
750,57.99999999999999
1000,16.0
1250,96.0
1500,38.800000000000004
1750,66.8
2000,72.0
2250,38.800000000000004
2500,90.8
2750,47.599999999999994
3000,53.2
3250,0.0
3500,0.0
3750,0.0
4000,67.60000000000001
4250,38.800000000000004
4500,95.19999999999999
4750,43.6
5000,57.199999999999996
5250,81.6
5500,38.800000000000004
5750,81.2
6000,57.599999999999994
6250,43.2
6500,95.19999999999999
6750,5.6000000000000005
7000,0.0
7250,0.0
7500,15.2
7750,85.6
8000,53.2
8250,47.599999999999994
8500,91.2
8750,38.800000000000004
9000,71.6
9250,67.2
9500,38.800000000000004
9750,95.6
10000,42.8
10250,57.99999999999999
