250,59.199999999999996
500,15.6
750,23.200000000000003
1000,10.8
1250,60.8
1500,34.0
1750,26.8
2000,60.8
2250,10.0
2500,50.8
2750,45.2
3000,15.6
3250,0.0
3500,0.0
3750,0.0
4000,59.599999999999994
4250,6.800000000000001
4500,55.2
4750,43.6
5000,17.2
5250,60.8
5500,19.6
5750,41.199999999999996
6000,49.6
6250,11.200000000000001
6500,60.8
6750,0.0
7000,0.0
7250,0.0
7500,15.2
7750,45.6
8000,45.2
8250,15.6
8500,60.8
8750,29.2
9000,31.6
9250,59.199999999999996
9500,6.800000000000001
9750,55.60000000000001
10000,42.8
10250,18.0
