30,82.94410413476263,17.055895865237368,0.7377049180327869
60,77.26837672281776,22.731623277182237,0.8333333333333334
100,69.69754977029096,30.30245022970903,0.9699453551912568
200,50.55513016845329,49.444869831546704,0.9699453551912568
300,46.40122511485452,53.59877488514548,0.9426229508196722
350,45.44410413476264,54.55589586523737,0.9426229508196722
355,45.348392036753445,54.65160796324655,0.9426229508196722
360,45.25267993874426,54.74732006125574,0.9426229508196722
370,45.06125574272588,54.93874425727412,0.9426229508196722
400,44.50612557427259,55.493874425727405,0.9426229508196722
500,42.611026033690656,57.388973966309344,0.9426229508196722
750,37.863705972434914,62.136294027565086,0.9426229508196722
1000,33.135528330781014,66.864471669219,0.9426229508196722
1250,29.508039816232774,70.49196018376723,0.0273224043715847
1500,29.508039816232774,70.49196018376723,0.0273224043715847
1750,29.508039816232774,70.49196018376723,0.0273224043715847
2000,29.508039816232774,70.49196018376723,0.0273224043715847
2500,29.508039816232774,70.49196018376723,0.0273224043715847
2700,29.508039816232774,70.49196018376723,0.0273224043715847
