250,48.0
500,8.0
750,20.4
1000,10.8
1250,32.800000000000004
1500,17.2
1750,15.6
2000,32.800000000000004
2250,10.0
2500,22.8
2750,17.2
3000,15.6
3250,0.0
3500,0.0
3750,0.0
4000,31.6
4250,6.800000000000001
4500,27.200000000000003
4750,17.2
5000,15.6
5250,32.800000000000004
5500,17.2
5750,15.6
6000,21.6
6250,11.200000000000001
6500,32.800000000000004
6750,0.0
7000,0.0
7250,0.0
7500,15.2
7750,17.599999999999998
8000,17.2
8250,15.6
8500,32.800000000000004
8750,17.2
9000,15.6
9250,31.2
9500,6.800000000000001
9750,27.6
10000,17.2
10250,15.6
