30,92.71630934150078,7.283690658499234
60,92.6301684532925,7.369831546707503
100,92.6301684532925,7.369831546707503
200,87.80627871362941,12.193721286370597
300,83.67151607963247,16.328483920367535
350,83.67151607963247,16.328483920367535
355,51.454823889739664,48.545176110260336
360,51.454823889739664,48.545176110260336
370,51.454823889739664,48.545176110260336
400,51.454823889739664,48.545176110260336
500,51.454823889739664,48.545176110260336
750,51.454823889739664,48.545176110260336
1000,51.454823889739664,48.545176110260336
1250,47.415773353751916,52.58422664624809
1500,47.415773353751916,52.58422664624809
1750,47.415773353751916,52.58422664624809
2000,29.51761102603369,70.48238897396631
2500,29.51761102603369,70.48238897396631
2700,29.51761102603369,70.48238897396631
