30,82.94410413476263,17.055895865237368
60,77.4406584992343,22.559341500765697
100,71.0375191424196,28.962480857580395
200,67.21860643185299,32.78139356814702
300,46.40122511485452,53.59877488514548
350,45.44410413476264,54.55589586523737
355,45.348392036753445,54.65160796324655
360,45.25267993874426,54.74732006125574
370,45.06125574272588,54.93874425727412
400,44.50612557427259,55.493874425727405
500,42.611026033690656,57.388973966309344
750,38.725114854517614,61.27488514548239
1000,36.045176110260336,63.954823889739664
1250,32.42725880551301,67.57274119448698
1500,29.508039816232774,70.49196018376723
1750,29.508039816232774,70.49196018376723
2000,29.508039816232774,70.49196018376723
2500,29.508039816232774,70.49196018376723
2700,29.508039816232774,70.49196018376723
