500,28.000000000000004,54.6875
1000,15.6,38.41642228739003
1500,25.0,4.285714285714286
2000,24.2,15.873015873015872
2500,16.400000000000002,4.97737556561086
3000,16.400000000000002,66.34920634920634
3500,0.0,86.99386503067484
4000,15.8,21.1864406779661
4500,17.0,49.523809523809526
5000,16.400000000000002,0.9836065573770493
5500,25.0,8.823529411764707
6000,18.6,85.59322033898306
6500,22.0,1.6304347826086956
7000,0.0,55.70175438596491
7500,7.6,0.8726003490401396
8000,17.4,2.5423728813559325
8500,24.2,39.08045977011494
9000,16.400000000000002,21.933085501858738
9500,19.0,2.849002849002849
10000,22.400000000000002,85.86956521739131
