250,59.199999999999996,0.0
500,15.6,0.0
750,57.99999999999999,0.0
1000,16.0,0.0
1250,96.0,0.0
1500,38.800000000000004,0.0
1750,66.8,0.0
2000,72.0,0.0
2250,38.800000000000004,0.0
2500,90.8,0.0
2750,47.599999999999994,0.0
3000,53.2,0.0
3250,0.0,0.0
3500,0.0,0.0
3750,0.0,0.0
4000,67.60000000000001,0.0
4250,38.800000000000004,0.0
4500,95.19999999999999,0.0
4750,43.6,0.0
5000,57.199999999999996,0.0
5250,81.6,0.0
5500,38.800000000000004,0.0
5750,81.2,0.0
6000,57.599999999999994,0.0
6250,43.2,0.0
6500,95.19999999999999,0.0
6750,5.6000000000000005,0.0
7000,0.0,0.0
7250,0.0,0.0
7500,15.2,0.0
7750,85.6,0.0
8000,53.2,0.0
8250,47.599999999999994,0.0
8500,91.2,0.0
8750,38.800000000000004,0.0
9000,71.6,0.0
9250,67.2,0.0
9500,38.800000000000004,0.0
9750,95.6,0.0
10000,42.8,0.0
10250,57.99999999999999,0.0
