250,57.199999999999996,0.0
500,8.0,0.0
750,20.4,0.0
1000,10.8,0.0
1250,44.800000000000004,0.0
1500,29.2,0.0
1750,15.6,0.0
2000,44.800000000000004,0.0
2250,10.0,0.0
2500,34.8,0.0
2750,29.2,0.0
3000,15.6,0.0
3250,0.0,0.0
3500,0.0,0.0
3750,0.0,0.0
4000,43.6,0.0
4250,6.800000000000001,0.0
4500,39.2,0.0
4750,29.2,0.0
5000,15.6,0.0
5250,44.800000000000004,0.0
5500,19.6,0.0
5750,25.2,0.0
6000,33.6,0.0
6250,11.200000000000001,0.0
6500,44.800000000000004,0.0
6750,0.0,0.0
7000,0.0,0.0
7250,0.0,0.0
7500,15.2,0.0
7750,29.599999999999998,0.0
8000,29.2,0.0
8250,15.6,0.0
8500,44.800000000000004,0.0
8750,29.2,0.0
9000,15.6,0.0
9250,43.2,0.0
9500,6.800000000000001,0.0
9750,39.6,0.0
10000,29.2,0.0
10250,15.6,0.0
