250,59.199999999999996,0.0
500,15.6,0.0
750,23.200000000000003,0.0
1000,10.8,0.0
1250,60.8,0.0
1500,34.0,0.0
1750,26.8,0.0
2000,60.8,0.0
2250,10.0,0.0
2500,50.8,0.0
2750,45.2,0.0
3000,15.6,0.0
3250,0.0,0.0
3500,0.0,0.0
3750,0.0,0.0
4000,59.599999999999994,0.0
4250,6.800000000000001,0.0
4500,55.2,0.0
4750,43.6,0.0
5000,17.2,0.0
5250,60.8,0.0
5500,19.6,0.0
5750,41.199999999999996,0.0
6000,49.6,0.0
6250,11.200000000000001,0.0
6500,60.8,0.0
6750,0.0,0.0
7000,0.0,0.0
7250,0.0,0.0
7500,15.2,0.0
7750,45.6,0.0
8000,45.2,0.0
8250,15.6,0.0
8500,60.8,0.0
8750,29.2,0.0
9000,31.6,0.0
9250,59.199999999999996,0.0
9500,6.800000000000001,0.0
9750,55.60000000000001,0.0
10000,42.8,0.0
10250,18.0,0.0
