30,84.58078101071975,15.419218989280244
60,79.31661562021439,20.683384379785604
100,72.26263399693721,27.737366003062785
200,68.87442572741195,31.125574272588054
300,51.770673813169985,48.229326186830015
350,49.02373660030628,50.97626339969372
355,46.697932618683005,53.302067381316995
360,46.60222052067382,53.39777947932619
370,46.410796324655436,53.589203675344564
400,45.85566615620215,54.14433384379785
500,45.3292496171516,54.67075038284839
750,42.754594180704444,57.245405819295556
1000,43.42457886676876,56.57542113323124
1250,41.405053598774884,58.594946401225116
1500,41.405053598774884,58.594946401225116
1750,41.405053598774884,58.594946401225116
2000,35.77718223583461,64.22281776416538
2500,29.508039816232774,70.49196018376723
2700,29.508039816232774,70.49196018376723
