250,48.0,0.0
500,8.0,0.0
750,20.4,0.0
1000,10.8,0.0
1250,32.800000000000004,0.0
1500,17.2,0.0
1750,15.6,0.0
2000,32.800000000000004,0.0
2250,10.0,0.0
2500,22.8,0.0
2750,17.2,0.0
3000,15.6,0.0
3250,0.0,0.0
3500,0.0,0.0
3750,0.0,0.0
4000,22.8,0.0
4250,1.2,0.0
4500,12.8,0.0
4750,6.800000000000001,0.0
5000,6.800000000000001,0.0
5250,13.600000000000001,0.0
5500,6.800000000000001,0.0
5750,6.800000000000001,0.0
6000,7.6,0.0
6250,6.0,0.0
6500,13.600000000000001,0.0
6750,0.0,0.0
7000,0.0,0.0
7250,0.0,0.0
7500,6.800000000000001,0.0
7750,6.800000000000001,0.0
8000,6.800000000000001,0.0
8250,6.800000000000001,0.0
8500,13.600000000000001,0.0
8750,6.800000000000001,0.0
9000,6.800000000000001,0.0
9250,12.8,0.0
9500,2.0,0.0
9750,12.4,0.0
10000,6.800000000000001,0.0
10250,6.800000000000001,0.0
