250,59.199999999999996,0.0
500,15.6,0.0
750,57.99999999999999,0.0
1000,16.0,0.0
1250,96.0,0.0
1500,38.800000000000004,0.0
1750,66.8,0.0
2000,72.0,0.0
2250,38.800000000000004,0.0
2500,90.8,0.0
2750,47.599999999999994,0.0
3000,53.2,0.0
3250,0.0,0.0
3500,0.0,0.0
3750,0.0,0.0
4000,67.60000000000001,0.0
4250,34.0,0.0
4500,38.4,0.0
4750,6.0,0.0
5000,33.2,0.0
5250,23.599999999999998,0.0
5500,8.0,0.0
5750,15.6,0.0
6000,12.4,0.0
6250,11.200000000000001,0.0
6500,23.599999999999998,0.0
6750,0.0,0.0
7000,0.0,0.0
7250,0.0,0.0
7500,8.0,0.0
7750,15.6,0.0
8000,6.800000000000001,0.0
8250,15.6,0.0
8500,22.400000000000002,0.0
8750,6.800000000000001,0.0
9000,15.6,0.0
9250,20.8,0.0
9500,2.8000000000000003,0.0
9750,21.2,0.0
10000,6.800000000000001,0.0
10250,15.6,0.0
