500,37.4,5.111821086261981
1000,53.0,42.88321167883212
1500,70.0,8.166189111747851
2000,72.0,2.386634844868735
2500,70.0,11.639676113360323
3000,53.0,17.089125102207685
3500,0.0,41.149158444573416
4000,34.0,5.99123234291281
4500,75.8,29.545454545454547
5000,53.2,0.6825938566552902
5500,62.8,2.7202072538860103
6000,72.0,11.62280701754386
6500,71.8,7.4074074074074066
7000,5.4,24.967234600262124
7500,7.8,0.5032712632108707
8000,89.0,29.829545454545453
8500,72.0,13.821138211382115
9000,60.4,23.6231884057971
9500,55.60000000000001,1.0964912280701753
10000,71.8,7.502374169040836
