500,37.2,44.871794871794876
1000,15.8,38.41642228739003
1500,46.0,16.23931623931624
2000,41.0,15.873015873015872
2500,28.999999999999996,4.97737556561086
3000,28.999999999999996,66.34920634920634
3500,0.0,86.99386503067484
4000,28.4,27.11864406779661
4500,29.599999999999998,49.523809523809526
5000,28.999999999999996,3.278688524590164
5500,38.800000000000004,5.982905982905983
6000,42.6,32.20338983050847
6500,34.599999999999994,5.434782608695652
7000,0.0,55.70175438596491
7500,7.6,0.8726003490401396
8000,42.6,8.47457627118644
8500,36.8,39.08045977011494
9000,28.999999999999996,21.933085501858738
9500,31.6,2.849002849002849
10000,47.599999999999994,85.86956521739131
