250,59.199999999999996,0.0
500,15.6,0.0
750,57.99999999999999,0.0
1000,48.0,0.0
1250,96.0,0.0
1500,44.0,0.0
1750,72.0,0.0
2000,72.0,0.0
2250,44.0,0.0
2500,96.0,0.0
2750,47.599999999999994,0.0
3000,58.4,0.0
3250,0.0,0.0
3500,0.0,0.0
3750,0.0,0.0
4000,68.0,0.0
4250,71.2,0.0
4500,48.4,0.0
4750,36.4,0.0
5000,62.4,0.0
5250,74.0,0.0
5500,40.0,0.0
5750,82.8,0.0
6000,50.0,0.0
6250,48.4,0.0
6500,87.6,0.0
6750,10.8,0.0
7000,0.0,0.0
7250,0.0,0.0
7500,14.799999999999999,0.0
7750,83.6,0.0
8000,28.4,0.0
8250,52.800000000000004,0.0
8500,68.8,0.0
8750,15.6,0.0
9000,15.6,0.0
9250,29.599999999999998,0.0
9500,6.4,0.0
9750,26.400000000000002,0.0
10000,15.6,0.0
10250,15.6,0.0
