500,32.6,48.44290657439446
1000,15.6,38.41642228739003
1500,36.6,5.714285714285714
2000,30.0,15.873015873015872
2500,22.2,4.97737556561086
3000,22.2,66.34920634920634
3500,0.0,86.99386503067484
4000,21.6,22.033898305084744
4500,22.8,49.523809523809526
5000,22.2,1.3114754098360655
5500,32.0,5.982905982905983
6000,28.999999999999996,61.016949152542374
6500,27.800000000000004,2.1739130434782608
7000,0.0,55.70175438596491
7500,7.6,0.8726003490401396
8000,28.999999999999996,3.389830508474576
8500,30.0,39.08045977011494
9000,22.2,21.933085501858738
9500,24.8,2.849002849002849
10000,34.0,85.86956521739131
