500,37.4,0.0
1000,53.0,0.0
1500,70.0,0.0
2000,72.0,2.386634844868735
2500,70.0,11.639676113360323
3000,53.0,17.089125102207685
3500,0.0,41.149158444573416
4000,34.0,8.377983438869945
4500,100.0,5.065757428153921
5000,100.0,9.693132001948367
5500,72.0,2.7202072538860103
6000,72.0,11.62280701754386
6500,71.8,7.4074074074074066
7000,5.4,24.967234600262124
7500,7.8,0.5032712632108707
8000,100.0,5.284348263714142
8500,100.0,3.4222445898339204
9000,100.0,8.203321590337191
9500,57.199999999999996,1.0964912280701753
10000,71.8,7.502374169040836
