250,59.199999999999996,0.0
500,15.6,0.0
750,57.99999999999999,0.0
1000,48.0,0.0
1250,96.0,0.0
1500,44.0,0.0
1750,72.0,0.0
2000,72.0,0.0
2250,44.0,0.0
2500,96.0,0.0
2750,47.599999999999994,0.0
3000,58.4,0.0
3250,0.0,0.0
3500,0.0,0.0
3750,0.0,0.0
4000,68.0,0.0
4250,51.6,0.0
4500,100.0,0.0
4750,44.0,0.0
5000,62.4,0.0
5250,81.6,0.0
5500,44.0,0.0
5750,86.4,0.0
6000,57.599999999999994,0.0
6250,48.4,0.0
6500,95.19999999999999,0.0
6750,10.8,0.0
7000,0.0,0.0
7250,0.0,0.0
7500,15.6,0.0
7750,100.0,0.0
8000,78.0,0.0
8250,52.800000000000004,0.0
8500,91.2,0.0
8750,44.0,0.0
9000,76.8,0.0
9250,67.2,0.0
9500,44.0,0.0
9750,100.0,0.0
10000,43.6,0.0
10250,63.2,0.0
