39.42307692307692
32.69230769230769
85.57692307692307
62.5
100.0
81.73076923076923
0.0
0.0
63.46153846153846
71.15384615384616
0.0
0.0
74.03846153846155
60.57692307692307
0.0
0.0
84.61538461538461
50.0
0.0
0.0
95.1923076923077
39.42307692307692
0.0
5.769230769230769
100.0
29.807692307692307
0.0
15.384615384615385
100.0
100.0
100.0
100.0
100.0
100.0
100.0
100.0
82.6923076923077
0.0
0.0
0.0
0.0
0.0
0.0
0.0
0.0
0.0
0.0
0.0
0.0
0.0
0.0
0.0
0.0
0.0
0.0
0.0
0.0
0.0
0.0
0.0
0.0
0.0
0.0
34.61538461538461
100.0
100.0
100.0
100.0
100.0
100.0
100.0
74.03846153846155
0.0
0.0
0.0
0.0
0.0
0.0
0.0
0.0
0.0
0.0
0.0
0.0
0.0
0.0
0.0
0.0
0.0
0.0
0.0
0.0
0.0
0.0
0.0
0.0
0.0
0.0
43.269230769230774
100.0
