30,82.94410413476263,17.055895865237368
60,84.58078101071975,15.419218989280244
100,78.42649310872895,21.57350689127106
200,64.30895865237366,35.69104134762634
300,46.87978560490046,53.12021439509954
350,45.922664624808576,54.077335375191424
355,45.82695252679939,54.17304747320061
360,45.7312404287902,54.2687595712098
370,45.53981623277183,54.46018376722817
400,45.290964777947934,54.70903522205207
500,43.0895865237366,56.9104134762634
750,37.710566615620216,62.28943338437979
1000,33.05895865237366,66.94104134762634
1250,29.508039816232774,70.49196018376723
1500,29.508039816232774,70.49196018376723
1750,29.508039816232774,70.49196018376723
2000,29.508039816232774,70.49196018376723
2500,29.508039816232774,70.49196018376723
2700,29.508039816232774,70.49196018376723
