500,37.4,0.0
1000,53.0,0.0
1500,70.0,0.0
2000,72.0,0.0
2500,70.0,0.0
3000,53.0,17.089125102207685
3500,0.0,41.149158444573416
4000,34.0,13.735996103263517
4500,100.0,5.065757428153921
5000,100.0,9.693132001948367
5500,100.0,1.0228933268387725
6000,72.0,0.9868421052631579
6500,71.8,7.4074074074074066
7000,5.4,24.967234600262124
7500,7.8,0.5032712632108707
8000,100.0,5.284348263714142
8500,100.0,3.4222445898339204
9000,100.0,8.203321590337191
9500,85.2,1.0964912280701753
10000,71.8,7.502374169040836
