250,0.0
500,0.0
750,0.0
1000,0.0
1250,0.0
1500,0.0
1750,0.0
2000,0.0
2250,4.3999999999999995
2500,0.0
2750,0.0
3000,74.8
3250,80.4
3500,0.0
3750,0.0
4000,0.0
4250,4.3999999999999995
4500,0.0
4750,0.0
5000,75.2
5250,80.4
5500,0.0
5750,0.0
6000,0.0
6250,4.3999999999999995
6500,0.0
6750,0.0
7000,75.2
7250,80.4
7500,0.0
7750,0.0
8000,0.0
8250,4.3999999999999995
8500,0.0
8750,0.0
9000,75.2
9250,80.4
9500,0.0
9750,0.0
10000,0.0
10250,4.3999999999999995
10500,0.0
10750,0.0
11000,75.2
11250,80.4
11500,0.0
11750,0.0
12000,0.0
12250,4.3999999999999995
12500,0.0
12750,0.0
13000,75.2
13250,80.4
13500,0.0
13750,0.0
14000,0.0
14250,4.3999999999999995
14500,0.0
14750,0.0
15000,75.2
15250,80.4
15500,0.0
15750,0.0
16000,0.0
16250,4.3999999999999995
16500,0.0
16750,0.0
17000,75.2
17250,80.4
17500,0.0
17750,0.0
18000,0.0
18250,4.3999999999999995
18500,0.0
18750,0.0
19000,75.2
19250,80.4
19500,0.0
19750,0.0
20000,0.0
20250,4.3999999999999995
20500,0.0
20750,0.0
21000,75.2
21250,80.4
21500,0.0
21750,0.0
22000,0.0
22250,4.3999999999999995
22500,0.0
22750,0.0
23000,75.2
23250,80.4
23500,0.0
23750,0.0
24000,0.0
24250,4.3999999999999995
24500,0.0
24750,0.0
25000,75.2
25250,80.4
25500,0.0
25750,0.0
26000,0.0
26250,4.3999999999999995
26500,0.0
26750,0.0
27000,75.2
27250,80.4
27500,0.0
27750,0.0
28000,0.0
28250,4.3999999999999995
28500,0.0
28750,0.0
29000,75.2
29250,80.4
29500,0.0
29750,0.0
30000,0.0
30250,4.3999999999999995
30500,0.0
30750,0.0
31000,75.2
31250,80.4
31500,0.0
31750,0.0
32000,0.0
32250,4.3999999999999995
32500,0.0
32750,0.0
33000,75.2
33250,80.4
33500,0.0
33750,0.0
34000,0.0
34250,4.3999999999999995
34500,0.0
34750,0.0
35000,75.2
35250,80.4
35500,0.0
35750,0.0
36000,0.0
36250,4.3999999999999995
36500,0.0
36750,0.0
37000,75.2
37250,80.4
37500,0.0
37750,0.0
38000,0.0
38250,4.3999999999999995
38500,0.0
38750,0.0
39000,75.2
39250,80.4
39500,0.0
39750,0.0
40000,0.0
40250,4.3999999999999995
40500,0.0
40750,0.0
41000,75.2
41250,80.4
41500,0.0
41750,0.0
42000,0.0
42250,4.3999999999999995
42500,0.0
42750,0.0
43000,75.2
43250,80.4
43500,0.0
43750,0.0
44000,0.0
44250,4.3999999999999995
44500,0.0
44750,0.0
45000,75.2
45250,80.4
45500,0.0
45750,0.0
46000,0.0
46250,4.3999999999999995
46500,0.0
46750,0.0
47000,75.2
47250,80.4
47500,0.0
47750,0.0
48000,0.0
48250,4.3999999999999995
48500,0.0
48750,0.0
49000,75.2
49250,80.4
49500,0.0
49750,0.0
50000,0.0
50250,4.3999999999999995
50500,0.0
50750,0.0
51000,75.2
51250,80.4
51500,0.0
51750,0.0
52000,0.0
52250,13.600000000000001
52500,44.800000000000004
52750,57.199999999999996
53000,47.199999999999996
53250,44.4
53500,72.39999999999999
53750,100.0
54000,100.0
54250,95.6
54500,52.0
54750,57.99999999999999
55000,52.0
55250,85.2
55500,95.6
55750,97.6
56000,96.8
56250,90.8
56500,90.8
56750,92.80000000000001
57000,90.4
57250,54.0
57500,43.2
57750,45.6
58000,64.4
58250,92.80000000000001
58500,88.8
58750,84.39999999999999
59000,93.2
59250,94.39999999999999
59500,91.60000000000001
59750,92.0
60000,95.6
60250,65.60000000000001
60500,34.4
60750,43.2
61000,94.8
61250,72.0
61500,80.0
61750,100.0
62000,94.8
62250,92.0
62500,48.0
62750,47.199999999999996
63000,53.2
63250,84.8
63500,89.60000000000001
63750,91.60000000000001
64000,88.0
64250,83.6
64500,88.4
64750,86.8
65000,43.6
65250,27.6
65500,72.8
65750,53.6
66000,88.8
66250,87.2
66500,92.0
66750,92.80000000000001
67000,96.0
67250,86.8
67500,88.0
67750,90.4
68000,79.2
68250,62.4
68500,80.80000000000001
68750,89.60000000000001
69000,95.6
69250,96.0
69500,93.2
69750,88.0
70000,90.8
70250,94.39999999999999
70500,42.0
70750,50.8
71000,70.8
71250,74.4
71500,67.60000000000001
71750,39.6
72000,42.4
72250,68.8
72500,69.19999999999999
72750,82.8
73000,58.4
73250,68.0
73500,96.39999999999999
73750,97.2
74000,92.80000000000001
74250,54.800000000000004
74500,55.2
74750,86.4
75000,55.2
75250,64.4
75500,40.8
75750,21.2
76000,53.2
76250,62.0
76500,61.199999999999996
76750,64.4
77000,57.199999999999996
77250,57.199999999999996
77500,61.199999999999996
77750,53.2
78000,60.4
78250,65.60000000000001
78500,62.8
78750,65.60000000000001
79000,62.4
79250,40.400000000000006
79500,39.6
79750,64.8
80000,66.4
80250,65.2
80500,29.2
80750,27.200000000000003
81000,94.8
81250,87.2
81500,94.8
81750,47.599999999999994
82000,56.8
82250,85.6
82500,92.0
82750,90.0
83000,66.8
83250,57.99999999999999
83500,62.8
83750,64.4
84000,40.0
84250,26.400000000000002
84500,54.0
84750,62.0
85000,88.8
85250,69.6
85500,55.2
85750,89.60000000000001
86000,93.2
86250,91.2
86500,61.6
86750,58.8
87000,93.2
87250,92.4
87500,49.6
87750,20.0
88000,16.0
88250,13.600000000000001
88500,30.0
88750,45.6
89000,49.6
89250,48.8
89500,49.6
89750,60.0
90000,70.39999999999999
90250,92.80000000000001
90500,96.8
90750,93.60000000000001
91000,55.2
91250,72.8
91500,90.4
91750,85.6
92000,56.00000000000001
92250,100.0
92500,44.0
92750,64.8
93000,79.2
93250,44.0
93500,88.8
93750,54.800000000000004
94000,51.6
94250,16.400000000000002
94500,53.6
94750,58.8
95000,46.800000000000004
95250,60.0
95500,30.4
95750,30.8
96000,29.2
96250,32.0
96500,40.0
96750,35.199999999999996
97000,54.0
97250,44.800000000000004
97500,26.0
97750,32.0
98000,46.0
98250,66.8
98500,80.4
98750,93.2
99000,75.6
99250,64.8
99500,57.599999999999994
99750,68.4
100000,59.599999999999994
100250,62.8
100500,38.800000000000004
100750,25.6
101000,44.0
101250,63.2
101500,60.0
101750,57.199999999999996
102000,50.4
102250,20.8
102500,26.0
102750,57.599999999999994
103000,56.39999999999999
103250,71.2
103500,66.8
103750,44.0
104000,50.0
104250,57.599999999999994
104500,69.19999999999999
104750,70.39999999999999
105000,57.599999999999994
105250,40.400000000000006
105500,30.0
105750,20.4
106000,23.200000000000003
106250,20.0
106500,30.8
106750,28.799999999999997
107000,30.0
107250,31.6
107500,34.0
107750,27.6
108000,36.4
108250,42.4
108500,35.199999999999996
108750,55.60000000000001
109000,70.0
109250,70.0
109500,56.00000000000001
109750,27.200000000000003
110000,17.2
110250,40.0
110500,38.4
110750,54.0
111000,46.400000000000006
111250,28.4
111500,12.0
111750,24.4
112000,40.400000000000006
112250,36.8
112500,44.4
112750,47.599999999999994
113000,57.199999999999996
113250,65.60000000000001
113500,70.39999999999999
113750,49.2
114000,66.8
114250,28.799999999999997
114500,50.8
114750,64.0
115000,22.400000000000002
115250,21.2
115500,70.0
115750,44.800000000000004
116000,40.400000000000006
116250,69.6
116500,84.8
116750,28.4
117000,43.2
117250,81.6
117500,38.800000000000004
117750,31.2
118000,20.4
118250,19.6
118500,7.199999999999999
118750,17.599999999999998
119000,34.0
119250,44.0
119500,55.60000000000001
119750,51.6
120000,60.4
120250,93.60000000000001
120500,94.39999999999999
120750,78.8
121000,62.4
121250,98.8
121500,55.60000000000001
121750,86.0
122000,71.2
122250,65.2
122500,93.60000000000001
122750,56.00000000000001
123000,80.0
123250,86.4
123500,47.599999999999994
123750,98.8
124000,60.8
124250,81.2
