250,0.0
500,0.0
750,0.0
1000,0.0
1250,0.0
1500,0.0
1750,0.0
2000,0.0
2250,19.2
2500,100.0
2750,100.0
3000,100.0
3250,100.0
3500,100.0
3750,100.0
4000,20.4
4250,19.6
4500,100.0
4750,100.0
5000,100.0
5250,100.0
5500,100.0
5750,100.0
6000,20.4
6250,19.6
6500,100.0
6750,100.0
7000,100.0
7250,100.0
7500,100.0
7750,100.0
8000,20.4
8250,19.6
8500,100.0
8750,100.0
9000,100.0
9250,100.0
9500,100.0
9750,100.0
10000,20.4
10250,19.6
10500,100.0
10750,100.0
11000,100.0
11250,100.0
11500,100.0
11750,100.0
12000,20.4
12250,19.6
12500,100.0
12750,100.0
13000,100.0
13250,100.0
13500,100.0
13750,100.0
14000,20.4
14250,19.6
14500,100.0
14750,100.0
15000,100.0
15250,100.0
15500,100.0
15750,100.0
16000,20.4
16250,19.6
16500,100.0
16750,100.0
17000,100.0
17250,100.0
17500,100.0
17750,100.0
18000,20.4
18250,19.6
18500,100.0
18750,100.0
19000,100.0
19250,100.0
19500,100.0
19750,100.0
20000,20.4
20250,19.6
20500,100.0
20750,100.0
21000,100.0
21250,100.0
21500,100.0
21750,100.0
22000,20.4
22250,19.6
22500,100.0
22750,100.0
23000,100.0
23250,100.0
23500,100.0
23750,100.0
24000,20.4
24250,19.6
24500,100.0
24750,100.0
25000,100.0
25250,100.0
25500,100.0
25750,100.0
26000,20.4
26250,19.6
26500,100.0
26750,100.0
27000,100.0
27250,100.0
27500,100.0
27750,100.0
28000,20.4
28250,19.6
28500,100.0
28750,100.0
29000,100.0
29250,100.0
29500,100.0
29750,100.0
30000,20.4
30250,19.6
30500,100.0
30750,100.0
31000,100.0
31250,100.0
31500,100.0
31750,100.0
32000,20.4
32250,19.6
32500,100.0
32750,100.0
33000,100.0
33250,100.0
33500,100.0
33750,100.0
34000,20.4
34250,19.6
34500,100.0
34750,100.0
35000,100.0
35250,100.0
35500,100.0
35750,100.0
36000,20.4
36250,19.6
36500,100.0
36750,100.0
37000,100.0
37250,100.0
37500,100.0
37750,100.0
38000,20.4
38250,19.6
38500,100.0
38750,100.0
39000,100.0
39250,100.0
39500,100.0
39750,100.0
40000,20.4
40250,19.6
40500,100.0
40750,100.0
41000,100.0
41250,100.0
41500,100.0
41750,100.0
42000,20.4
42250,19.6
42500,100.0
42750,100.0
43000,100.0
43250,100.0
43500,100.0
43750,100.0
44000,20.4
44250,19.6
44500,100.0
44750,100.0
45000,100.0
45250,100.0
45500,100.0
45750,100.0
46000,20.4
46250,19.6
46500,100.0
46750,100.0
47000,100.0
47250,100.0
47500,100.0
47750,100.0
48000,20.4
48250,19.6
48500,100.0
48750,100.0
49000,100.0
49250,100.0
49500,100.0
49750,100.0
50000,20.4
50250,19.6
50500,100.0
50750,100.0
51000,100.0
51250,100.0
51500,100.0
51750,100.0
52000,20.4
52250,19.6
52500,100.0
52750,100.0
53000,100.0
53250,100.0
53500,100.0
53750,100.0
54000,100.0
54250,100.0
54500,100.0
54750,100.0
55000,100.0
55250,100.0
55500,100.0
55750,100.0
56000,100.0
56250,100.0
56500,100.0
56750,100.0
57000,100.0
57250,100.0
57500,100.0
57750,100.0
58000,100.0
58250,100.0
58500,96.39999999999999
58750,84.39999999999999
59000,94.0
59250,94.39999999999999
59500,93.2
59750,92.0
60000,95.6
60250,92.4
60500,90.4
60750,88.4
61000,96.0
61250,74.4
61500,90.0
61750,100.0
62000,94.8
62250,93.60000000000001
62500,93.2
62750,92.4
63000,90.0
63250,89.2
63500,93.2
63750,92.4
64000,90.4
64250,85.6
64500,94.39999999999999
64750,92.80000000000001
65000,88.8
65250,89.2
65500,77.2
65750,69.6
66000,95.6
66250,95.19999999999999
66500,94.0
66750,93.2
67000,96.39999999999999
67250,88.0
67500,89.2
67750,90.4
68000,92.4
68250,98.8
68500,88.0
68750,94.8
69000,96.8
69250,98.0
69500,96.39999999999999
69750,94.8
70000,92.80000000000001
70250,94.39999999999999
70500,93.2
70750,96.39999999999999
71000,96.8
71250,100.0
71500,88.0
71750,56.39999999999999
72000,49.2
72250,70.0
72500,72.0
72750,98.0
73000,60.0
73250,72.39999999999999
73500,97.6
73750,97.2
74000,94.39999999999999
74250,65.60000000000001
74500,59.199999999999996
74750,93.60000000000001
75000,93.60000000000001
75250,92.0
75500,68.4
75750,32.800000000000004
76000,60.4
76250,62.8
76500,66.8
76750,68.4
77000,61.199999999999996
77250,61.199999999999996
77500,61.199999999999996
77750,59.599999999999994
78000,60.4
78250,65.60000000000001
78500,62.8
78750,65.60000000000001
79000,63.2
79250,58.8
79500,64.4
79750,96.39999999999999
80000,93.60000000000001
80250,95.6
80500,66.4
80750,62.8
81000,97.2
81250,93.2
81500,95.19999999999999
81750,55.2
82000,62.8
82250,88.0
82500,92.80000000000001
82750,90.8
83000,72.0
83250,74.4
83500,86.4
83750,99.2
84000,74.8
84250,61.6
84500,82.8
84750,93.2
85000,89.60000000000001
85250,76.0
85500,58.8
85750,92.0
86000,94.0
86250,93.60000000000001
86500,64.4
86750,60.8
87000,95.19999999999999
87250,95.19999999999999
87500,79.2
87750,48.8
88000,47.199999999999996
88250,63.6
88500,65.2
88750,55.60000000000001
89000,51.6
89250,50.4
89500,51.2
89750,60.0
90000,70.39999999999999
90250,92.80000000000001
90500,96.8
90750,93.60000000000001
91000,55.2
91250,72.39999999999999
91500,90.4
91750,85.6
92000,56.00000000000001
92250,100.0
92500,44.0
92750,64.8
93000,80.80000000000001
93250,44.0
93500,88.8
93750,54.800000000000004
94000,51.6
94250,16.8
94500,53.6
94750,60.0
95000,47.199999999999996
95250,60.0
95500,30.4
95750,30.8
96000,67.60000000000001
96250,63.2
96500,71.2
96750,79.60000000000001
97000,88.0
97250,50.8
97500,26.0
97750,82.8
98000,49.2
98250,86.0
98500,80.4
98750,93.2
99000,75.6
99250,66.0
99500,57.99999999999999
99750,68.4
100000,59.599999999999994
100250,62.8
100500,38.800000000000004
100750,29.599999999999998
101000,56.00000000000001
101250,71.6
101500,84.8
101750,83.2
102000,74.4
102250,48.0
102500,35.199999999999996
102750,76.0
103000,60.4
103250,78.4
103500,66.8
103750,44.0
104000,50.0
104250,58.4
104500,69.19999999999999
104750,70.39999999999999
105000,57.599999999999994
105250,48.4
105500,51.2
105750,63.2
106000,60.4
106250,52.400000000000006
106500,57.199999999999996
106750,52.800000000000004
107000,54.0
107250,56.00000000000001
107500,56.39999999999999
107750,51.6
108000,50.0
108250,47.599999999999994
108500,35.199999999999996
108750,55.60000000000001
109000,70.39999999999999
109250,75.6
109500,77.60000000000001
109750,30.0
110000,17.2
110250,45.6
110500,59.199999999999996
110750,68.8
111000,67.2
111250,67.60000000000001
111500,60.0
111750,74.0
112000,93.2
112250,88.4
112500,96.8
112750,61.199999999999996
113000,58.4
113250,66.4
113500,70.8
113750,49.2
114000,67.2
114250,30.4
114500,50.8
114750,64.0
115000,22.400000000000002
115250,21.2
115500,70.0
115750,44.800000000000004
116000,40.400000000000006
116250,69.6
116500,84.8
116750,28.4
117000,43.2
117250,81.6
117500,38.800000000000004
117750,34.0
118000,51.2
118250,54.0
118500,43.2
118750,55.2
119000,36.8
119250,45.6
119500,56.00000000000001
119750,51.6
120000,61.6
120250,93.60000000000001
120500,94.8
120750,78.8
121000,62.4
121250,98.8
121500,55.60000000000001
121750,86.0
122000,71.6
122250,65.2
122500,93.60000000000001
122750,56.00000000000001
123000,80.0
123250,86.4
123500,47.599999999999994
123750,98.8
124000,60.8
124250,81.2
