250,0.0
500,0.0
750,0.0
1000,0.0
1250,0.0
1500,0.0
1750,0.0
2000,0.0
2250,6.0
2500,33.2
2750,100.0
3000,100.0
3250,100.0
3500,100.0
3750,40.400000000000006
4000,0.0
4250,6.0
4500,33.6
4750,100.0
5000,100.0
5250,100.0
5500,100.0
5750,40.400000000000006
6000,0.0
6250,6.0
6500,33.6
6750,100.0
7000,100.0
7250,100.0
7500,100.0
7750,40.400000000000006
8000,0.0
8250,6.0
8500,33.6
8750,100.0
9000,100.0
9250,100.0
9500,100.0
9750,40.400000000000006
10000,0.0
10250,6.0
10500,33.6
10750,100.0
11000,100.0
11250,100.0
11500,100.0
11750,40.400000000000006
12000,0.0
12250,6.0
12500,33.6
12750,100.0
13000,100.0
13250,100.0
13500,100.0
13750,40.400000000000006
14000,0.0
14250,6.0
14500,33.6
14750,100.0
15000,100.0
15250,100.0
15500,100.0
15750,40.400000000000006
16000,0.0
16250,6.0
16500,33.6
16750,100.0
17000,100.0
17250,100.0
17500,100.0
17750,40.400000000000006
18000,0.0
18250,6.0
18500,33.6
18750,100.0
19000,100.0
19250,100.0
19500,100.0
19750,40.400000000000006
20000,0.0
20250,6.0
20500,33.6
20750,100.0
21000,100.0
21250,100.0
21500,100.0
21750,40.400000000000006
22000,0.0
22250,6.0
22500,33.6
22750,100.0
23000,100.0
23250,100.0
23500,100.0
23750,40.400000000000006
24000,0.0
24250,6.0
24500,33.6
24750,100.0
25000,100.0
25250,100.0
25500,100.0
25750,40.400000000000006
26000,0.0
26250,6.0
26500,33.6
26750,100.0
27000,100.0
27250,100.0
27500,100.0
27750,40.400000000000006
28000,0.0
28250,6.0
28500,33.6
28750,100.0
29000,100.0
29250,100.0
29500,100.0
29750,40.400000000000006
30000,0.0
30250,6.0
30500,33.6
30750,100.0
31000,100.0
31250,100.0
31500,100.0
31750,40.400000000000006
32000,0.0
32250,6.0
32500,33.6
32750,100.0
33000,100.0
33250,100.0
33500,100.0
33750,40.400000000000006
34000,0.0
34250,6.0
34500,33.6
34750,100.0
35000,100.0
35250,100.0
35500,100.0
35750,40.400000000000006
36000,0.0
36250,6.0
36500,33.6
36750,100.0
37000,100.0
37250,100.0
37500,100.0
37750,40.400000000000006
38000,0.0
38250,6.0
38500,33.6
38750,100.0
39000,100.0
39250,100.0
39500,100.0
39750,40.400000000000006
40000,0.0
40250,6.0
40500,33.6
40750,100.0
41000,100.0
41250,100.0
41500,100.0
41750,40.400000000000006
42000,0.0
42250,6.0
42500,33.6
42750,100.0
43000,100.0
43250,100.0
43500,100.0
43750,40.400000000000006
44000,0.0
44250,6.0
44500,33.6
44750,100.0
45000,100.0
45250,100.0
45500,100.0
45750,40.400000000000006
46000,0.0
46250,6.0
46500,33.6
46750,100.0
47000,100.0
47250,100.0
47500,100.0
47750,40.400000000000006
48000,0.0
48250,6.0
48500,33.6
48750,100.0
49000,100.0
49250,100.0
49500,100.0
49750,40.400000000000006
50000,0.0
50250,6.0
50500,33.6
50750,100.0
51000,100.0
51250,100.0
51500,100.0
51750,40.400000000000006
52000,0.0
52250,15.2
52500,44.800000000000004
52750,79.60000000000001
53000,100.0
53250,100.0
53500,100.0
53750,100.0
54000,100.0
54250,100.0
54500,100.0
54750,100.0
55000,100.0
55250,100.0
55500,100.0
55750,97.6
56000,97.2
56250,91.60000000000001
56500,93.2
56750,92.80000000000001
57000,91.60000000000001
57250,83.6
57500,88.0
57750,92.0
58000,89.2
58250,92.80000000000001
58500,91.2
58750,84.39999999999999
59000,93.2
59250,94.39999999999999
59500,93.2
59750,92.0
60000,95.6
60250,92.4
60500,89.2
60750,88.4
61000,95.6
61250,74.4
61500,88.0
61750,100.0
62000,94.8
62250,92.80000000000001
62500,92.80000000000001
62750,92.4
63000,87.6
63250,89.2
63500,93.2
63750,92.4
64000,90.4
64250,85.6
64500,93.2
64750,90.8
65000,88.8
65250,88.8
65500,76.8
65750,67.2
66000,94.8
66250,92.80000000000001
66500,93.60000000000001
66750,93.2
67000,96.0
67250,87.6
67500,89.2
67750,90.4
68000,92.0
68250,97.6
68500,87.6
68750,94.8
69000,96.0
69250,97.2
69500,96.0
69750,94.8
70000,92.80000000000001
70250,94.39999999999999
70500,93.2
70750,96.0
71000,76.0
71250,79.60000000000001
71500,69.19999999999999
71750,44.0
72000,46.800000000000004
72250,69.19999999999999
72500,70.8
72750,95.6
73000,57.99999999999999
73250,71.6
73500,96.8
73750,97.2
74000,94.39999999999999
74250,65.60000000000001
74500,59.199999999999996
74750,93.60000000000001
75000,93.60000000000001
75250,68.4
75500,46.400000000000006
75750,24.4
76000,56.8
76250,62.4
76500,66.4
76750,68.4
77000,61.199999999999996
77250,61.199999999999996
77500,60.8
77750,54.400000000000006
78000,60.4
78250,65.60000000000001
78500,62.8
78750,65.60000000000001
79000,62.4
79250,57.99999999999999
79500,64.4
79750,96.39999999999999
80000,93.60000000000001
80250,95.6
80500,42.0
80750,36.0
81000,97.2
81250,92.80000000000001
81500,94.8
81750,49.2
82000,56.8
82250,85.2
82500,91.60000000000001
82750,90.4
83000,66.8
83250,73.2
83500,86.4
83750,91.2
84000,73.6
84250,60.4
84500,65.60000000000001
84750,71.6
85000,89.60000000000001
85250,75.2
85500,56.39999999999999
85750,89.60000000000001
86000,93.60000000000001
86250,91.60000000000001
86500,61.6
86750,58.8
87000,94.8
87250,94.0
87500,76.8
87750,46.400000000000006
88000,47.199999999999996
88250,62.4
88500,38.800000000000004
88750,46.400000000000006
89000,50.4
89250,48.8
89500,49.6
89750,60.0
90000,70.39999999999999
90250,92.80000000000001
90500,96.8
90750,93.60000000000001
91000,55.2
91250,72.8
91500,90.4
91750,85.6
92000,56.00000000000001
92250,100.0
92500,44.0
92750,64.8
93000,79.2
93250,44.0
93500,88.8
93750,54.800000000000004
94000,51.6
94250,16.8
94500,53.6
94750,60.0
95000,47.199999999999996
95250,60.0
95500,30.4
95750,30.8
96000,38.4
96250,63.2
96500,69.6
96750,79.60000000000001
97000,88.0
97250,50.4
97500,26.0
97750,44.4
98000,46.400000000000006
98250,83.6
98500,80.4
98750,93.2
99000,75.6
99250,65.60000000000001
99500,57.99999999999999
99750,68.4
100000,59.599999999999994
100250,62.8
100500,38.800000000000004
100750,26.0
101000,48.4
101250,63.2
101500,75.2
101750,83.2
102000,74.4
102250,47.599999999999994
102500,34.8
102750,61.199999999999996
103000,58.4
103250,76.8
103500,66.8
103750,44.0
104000,50.0
104250,58.4
104500,69.19999999999999
104750,70.39999999999999
105000,57.599999999999994
105250,48.4
105500,33.6
105750,28.4
106000,43.2
106250,52.400000000000006
106500,57.199999999999996
106750,52.400000000000006
107000,54.0
107250,56.00000000000001
107500,56.39999999999999
107750,34.8
108000,47.599999999999994
108250,47.599999999999994
108500,35.199999999999996
108750,55.60000000000001
109000,70.0
109250,73.6
109500,56.00000000000001
109750,27.200000000000003
110000,17.2
110250,40.0
110500,38.800000000000004
110750,57.599999999999994
111000,52.0
111250,42.0
111500,35.199999999999996
111750,48.8
112000,88.8
112250,88.4
112500,84.0
112750,60.8
113000,57.99999999999999
113250,66.4
113500,70.8
113750,49.2
114000,67.2
114250,29.2
114500,50.8
114750,64.0
115000,22.400000000000002
115250,21.2
115500,70.0
115750,44.800000000000004
116000,40.400000000000006
116250,69.6
116500,84.8
116750,28.4
117000,43.2
117250,81.6
117500,38.800000000000004
117750,31.2
118000,20.4
118250,20.8
118500,43.2
118750,43.2
119000,36.8
119250,45.6
119500,56.00000000000001
119750,51.6
120000,61.6
120250,93.60000000000001
120500,94.8
120750,78.8
121000,62.4
121250,98.8
121500,55.60000000000001
121750,86.0
122000,71.6
122250,65.2
122500,93.60000000000001
122750,56.00000000000001
123000,80.0
123250,86.4
123500,47.599999999999994
123750,98.8
124000,60.8
124250,81.2
