250,0.0
500,0.0
750,0.0
1000,0.0
1250,0.0
1500,0.0
1750,0.0
2000,0.0
2250,99.6
2500,100.0
2750,100.0
3000,100.0
3250,100.0
3500,100.0
3750,100.0
4000,100.0
4250,100.0
4500,100.0
4750,100.0
5000,100.0
5250,100.0
5500,100.0
5750,100.0
6000,100.0
6250,100.0
6500,100.0
6750,100.0
7000,100.0
7250,100.0
7500,100.0
7750,100.0
8000,100.0
8250,100.0
8500,100.0
8750,100.0
9000,100.0
9250,100.0
9500,100.0
9750,100.0
10000,100.0
10250,100.0
10500,100.0
10750,100.0
11000,100.0
11250,100.0
11500,100.0
11750,100.0
12000,100.0
12250,100.0
12500,100.0
12750,100.0
13000,100.0
13250,100.0
13500,100.0
13750,100.0
14000,100.0
14250,100.0
14500,100.0
14750,100.0
15000,100.0
15250,100.0
15500,100.0
15750,100.0
16000,100.0
16250,100.0
16500,100.0
16750,100.0
17000,100.0
17250,100.0
17500,100.0
17750,100.0
18000,100.0
18250,100.0
18500,100.0
18750,100.0
19000,100.0
19250,100.0
19500,100.0
19750,100.0
20000,100.0
20250,100.0
20500,100.0
20750,100.0
21000,100.0
21250,100.0
21500,100.0
21750,100.0
22000,100.0
22250,100.0
22500,100.0
22750,100.0
23000,100.0
23250,100.0
23500,100.0
23750,100.0
24000,100.0
24250,100.0
24500,100.0
24750,100.0
25000,100.0
25250,100.0
25500,100.0
25750,100.0
26000,100.0
26250,100.0
26500,100.0
26750,100.0
27000,100.0
27250,100.0
27500,100.0
27750,100.0
28000,100.0
28250,100.0
28500,100.0
28750,100.0
29000,100.0
29250,100.0
29500,100.0
29750,100.0
30000,100.0
30250,100.0
30500,100.0
30750,100.0
31000,100.0
31250,100.0
31500,100.0
31750,100.0
32000,100.0
32250,100.0
32500,100.0
32750,100.0
33000,100.0
33250,100.0
33500,100.0
33750,100.0
34000,100.0
34250,100.0
34500,100.0
34750,100.0
35000,100.0
35250,100.0
35500,100.0
35750,100.0
36000,100.0
36250,100.0
36500,100.0
36750,100.0
37000,100.0
37250,100.0
37500,100.0
37750,100.0
38000,100.0
38250,100.0
38500,100.0
38750,100.0
39000,100.0
39250,100.0
39500,100.0
39750,100.0
40000,100.0
40250,100.0
40500,100.0
40750,100.0
41000,100.0
41250,100.0
41500,100.0
41750,100.0
42000,100.0
42250,100.0
42500,100.0
42750,100.0
43000,100.0
43250,100.0
43500,100.0
43750,100.0
44000,100.0
44250,100.0
44500,100.0
44750,100.0
45000,100.0
45250,100.0
45500,100.0
45750,100.0
46000,100.0
46250,100.0
46500,100.0
46750,100.0
47000,100.0
47250,100.0
47500,100.0
47750,100.0
48000,100.0
48250,100.0
48500,100.0
48750,100.0
49000,100.0
49250,100.0
49500,100.0
49750,100.0
50000,100.0
50250,100.0
50500,100.0
50750,100.0
51000,100.0
51250,100.0
51500,100.0
51750,100.0
52000,100.0
52250,100.0
52500,100.0
52750,100.0
53000,100.0
53250,100.0
53500,100.0
53750,100.0
54000,100.0
54250,100.0
54500,100.0
54750,100.0
55000,100.0
55250,100.0
55500,100.0
55750,100.0
56000,100.0
56250,100.0
56500,100.0
56750,100.0
57000,100.0
57250,100.0
57500,100.0
57750,100.0
58000,100.0
58250,100.0
58500,100.0
58750,100.0
59000,100.0
59250,100.0
59500,100.0
59750,100.0
60000,100.0
60250,100.0
60500,100.0
60750,100.0
61000,100.0
61250,74.4
61500,90.0
61750,100.0
62000,94.8
62250,94.0
62500,93.60000000000001
62750,92.4
63000,91.2
63250,89.60000000000001
63500,93.60000000000001
63750,93.60000000000001
64000,90.8
64250,85.6
64500,94.39999999999999
64750,92.80000000000001
65000,90.0
65250,96.39999999999999
65500,80.4
65750,74.8
66000,96.0
66250,96.8
66500,95.6
66750,93.60000000000001
67000,96.39999999999999
67250,88.4
67500,89.2
67750,90.4
68000,99.2
68250,100.0
68500,100.0
68750,100.0
69000,100.0
69250,100.0
69500,100.0
69750,100.0
70000,100.0
70250,100.0
70500,100.0
70750,100.0
71000,100.0
71250,100.0
71500,100.0
71750,100.0
72000,100.0
72250,100.0
72500,100.0
72750,100.0
73000,100.0
73250,100.0
73500,100.0
73750,100.0
74000,100.0
74250,100.0
74500,95.6
74750,97.2
75000,98.0
75250,95.6
75500,72.0
75750,55.2
76000,95.19999999999999
76250,97.2
76500,93.2
76750,68.4
77000,62.8
77250,61.6
77500,63.2
77750,61.6
78000,60.4
78250,66.0
78500,63.6
78750,65.60000000000001
79000,63.2
79250,59.199999999999996
79500,65.2
79750,97.2
80000,93.60000000000001
80250,95.6
80500,93.2
80750,94.0
81000,96.8
81250,93.2
81500,95.6
81750,77.2
82000,98.0
82250,88.8
82500,94.0
82750,96.0
83000,97.2
83250,94.8
83500,87.2
83750,99.2
84000,84.0
84250,96.0
84500,95.6
84750,94.0
85000,91.2
85250,92.4
85500,94.39999999999999
85750,98.8
86000,96.0
86250,93.60000000000001
86500,92.0
86750,90.4
87000,95.6
87250,96.0
87500,84.8
87750,88.4
88000,48.0
88250,66.4
88500,66.0
88750,58.4
89000,52.400000000000006
89250,54.400000000000006
89500,54.0
89750,61.6
90000,71.2
90250,93.2
90500,97.2
90750,94.0
91000,90.8
91250,95.19999999999999
91500,90.4
91750,98.8
92000,98.8
92250,100.0
92500,100.0
92750,100.0
93000,100.0
93250,100.0
93500,100.0
93750,100.0
94000,88.8
94250,20.4
94500,85.6
94750,98.0
95000,99.2
95250,100.0
95500,100.0
95750,100.0
96000,100.0
96250,100.0
96500,100.0
96750,100.0
97000,100.0
97250,99.6
97500,100.0
97750,100.0
98000,100.0
98250,100.0
98500,100.0
98750,100.0
99000,100.0
99250,98.0
99500,93.2
99750,97.6
100000,98.4
100250,98.4
100500,99.6
100750,100.0
101000,100.0
101250,100.0
101500,100.0
101750,100.0
102000,98.8
102250,100.0
102500,100.0
102750,100.0
103000,98.8
103250,99.6
103500,100.0
103750,90.8
104000,61.199999999999996
104250,91.60000000000001
104500,97.2
104750,95.19999999999999
105000,82.0
105250,80.80000000000001
105500,73.2
105750,72.8
106000,71.6
106250,70.8
106500,67.60000000000001
106750,53.2
107000,54.0
107250,56.00000000000001
107500,56.8
107750,66.0
108000,73.2
108250,73.2
108500,65.60000000000001
108750,85.2
109000,76.8
109250,76.0
109500,80.4
109750,77.2
110000,74.8
110250,87.2
110500,91.2
110750,98.8
111000,96.8
111250,96.39999999999999
111500,86.0
111750,90.0
112000,98.4
112250,91.60000000000001
112500,96.8
112750,82.39999999999999
113000,85.2
113250,75.2
113500,83.2
113750,53.2
114000,76.4
114250,73.2
114500,82.0
114750,95.19999999999999
115000,99.2
115250,40.0
115500,70.0
115750,73.2
116000,71.6
116250,71.6
116500,85.6
116750,57.599999999999994
117000,63.6
117250,98.0
117500,66.0
117750,66.8
118000,56.00000000000001
118250,56.39999999999999
118500,47.599999999999994
118750,55.2
119000,38.0
119250,46.400000000000006
119500,56.00000000000001
119750,51.6
120000,62.4
120250,93.60000000000001
120500,94.8
120750,99.2
121000,98.0
121250,98.8
121500,98.8
121750,98.8
122000,97.2
122250,95.6
122500,94.8
122750,95.6
123000,95.19999999999999
123250,95.19999999999999
123500,94.8
123750,98.8
124000,98.8
124250,95.19999999999999
