250,0.0
500,0.0
750,0.0
1000,0.0
1250,0.0
1500,0.0
1750,0.0
2000,0.0
2250,99.6
2500,100.0
2750,100.0
3000,100.0
3250,100.0
3500,100.0
3750,100.0
4000,100.0
4250,100.0
4500,100.0
4750,100.0
5000,100.0
5250,100.0
5500,100.0
5750,100.0
6000,100.0
6250,100.0
6500,100.0
6750,100.0
7000,100.0
7250,100.0
7500,100.0
7750,100.0
8000,100.0
8250,100.0
8500,100.0
8750,100.0
9000,100.0
9250,100.0
9500,100.0
9750,100.0
10000,100.0
10250,100.0
10500,100.0
10750,100.0
11000,100.0
11250,100.0
11500,100.0
11750,100.0
12000,100.0
12250,100.0
12500,100.0
12750,100.0
13000,100.0
13250,100.0
13500,100.0
13750,100.0
14000,100.0
14250,100.0
14500,100.0
14750,100.0
15000,100.0
15250,100.0
15500,100.0
15750,100.0
16000,100.0
16250,100.0
16500,100.0
16750,100.0
17000,100.0
17250,100.0
17500,100.0
17750,100.0
18000,100.0
18250,100.0
18500,100.0
18750,100.0
19000,100.0
19250,100.0
19500,100.0
19750,100.0
20000,100.0
20250,100.0
20500,100.0
20750,100.0
21000,100.0
21250,100.0
21500,100.0
21750,100.0
22000,100.0
22250,100.0
22500,100.0
22750,100.0
23000,100.0
23250,100.0
23500,100.0
23750,100.0
24000,100.0
24250,100.0
24500,100.0
24750,100.0
25000,100.0
25250,100.0
25500,100.0
25750,100.0
26000,100.0
26250,100.0
26500,100.0
26750,100.0
27000,100.0
27250,100.0
27500,100.0
27750,100.0
28000,100.0
28250,100.0
28500,100.0
28750,100.0
29000,100.0
29250,100.0
29500,100.0
29750,100.0
30000,100.0
30250,100.0
30500,100.0
30750,100.0
31000,100.0
31250,100.0
31500,100.0
31750,100.0
32000,100.0
32250,100.0
32500,100.0
32750,100.0
33000,100.0
33250,100.0
33500,100.0
33750,100.0
34000,100.0
34250,100.0
34500,100.0
34750,100.0
35000,100.0
35250,100.0
35500,100.0
35750,100.0
36000,100.0
36250,100.0
36500,100.0
36750,100.0
37000,100.0
37250,100.0
37500,100.0
37750,100.0
38000,100.0
38250,100.0
38500,100.0
38750,100.0
39000,100.0
39250,100.0
39500,100.0
39750,100.0
40000,100.0
40250,100.0
40500,100.0
40750,100.0
41000,100.0
41250,100.0
41500,100.0
41750,100.0
42000,100.0
42250,100.0
42500,100.0
42750,100.0
43000,100.0
43250,100.0
43500,100.0
43750,100.0
44000,100.0
44250,100.0
44500,100.0
44750,100.0
45000,100.0
45250,100.0
45500,100.0
45750,100.0
46000,100.0
46250,100.0
46500,100.0
46750,100.0
47000,100.0
47250,100.0
47500,100.0
47750,100.0
48000,100.0
48250,100.0
48500,100.0
48750,100.0
49000,100.0
49250,100.0
49500,100.0
49750,100.0
50000,100.0
50250,100.0
50500,100.0
50750,100.0
51000,100.0
51250,100.0
51500,100.0
51750,100.0
52000,100.0
52250,100.0
52500,100.0
52750,100.0
53000,100.0
53250,100.0
53500,100.0
53750,100.0
54000,100.0
54250,100.0
54500,100.0
54750,100.0
55000,100.0
55250,100.0
55500,100.0
55750,100.0
56000,100.0
56250,100.0
56500,100.0
56750,100.0
57000,100.0
57250,100.0
57500,100.0
57750,100.0
58000,100.0
58250,100.0
58500,100.0
58750,100.0
59000,100.0
59250,100.0
59500,100.0
59750,100.0
60000,100.0
60250,100.0
60500,100.0
60750,100.0
61000,100.0
61250,74.4
61500,90.0
61750,100.0
62000,94.8
62250,94.0
62500,93.60000000000001
62750,92.4
63000,91.2
63250,89.60000000000001
63500,93.60000000000001
63750,93.60000000000001
64000,90.8
64250,85.6
64500,94.39999999999999
64750,92.80000000000001
65000,90.0
65250,96.39999999999999
65500,80.4
65750,73.2
66000,95.6
66250,96.8
66500,95.6
66750,93.60000000000001
67000,96.39999999999999
67250,88.0
67500,89.2
67750,90.4
68000,94.8
68250,98.8
68500,99.6
68750,100.0
69000,100.0
69250,100.0
69500,100.0
69750,100.0
70000,100.0
70250,100.0
70500,100.0
70750,100.0
71000,100.0
71250,100.0
71500,100.0
71750,100.0
72000,100.0
72250,88.8
72500,71.6
72750,98.0
73000,66.0
73250,76.0
73500,97.6
73750,99.2
74000,96.0
74250,67.2
74500,63.6
74750,97.2
75000,96.8
75250,95.19999999999999
75500,69.19999999999999
75750,55.2
76000,94.39999999999999
76250,80.0
76500,66.8
76750,68.4
77000,61.199999999999996
77250,61.199999999999996
77500,61.199999999999996
77750,59.599999999999994
78000,60.4
78250,65.60000000000001
78500,62.8
78750,65.60000000000001
79000,63.2
79250,58.8
79500,64.4
79750,96.39999999999999
80000,93.60000000000001
80250,95.6
80500,66.8
80750,90.0
81000,97.2
81250,93.2
81500,95.6
81750,77.2
82000,97.6
82250,88.8
82500,93.60000000000001
82750,95.6
83000,97.2
83250,94.8
83500,86.8
83750,99.2
84000,75.6
84250,61.6
84500,84.0
84750,93.2
85000,89.60000000000001
85250,75.6
85500,58.8
85750,92.0
86000,94.0
86250,93.60000000000001
86500,65.2
86750,60.8
87000,95.19999999999999
87250,95.19999999999999
87500,79.60000000000001
87750,51.6
88000,48.0
88250,65.60000000000001
88500,65.60000000000001
88750,57.99999999999999
89000,51.6
89250,51.2
89500,51.2
89750,60.0
90000,70.8
90250,92.80000000000001
90500,97.2
90750,94.0
91000,55.60000000000001
91250,80.80000000000001
91500,90.4
91750,98.8
92000,98.8
92250,100.0
92500,100.0
92750,90.0
93000,83.2
93250,44.0
93500,88.8
93750,54.800000000000004
94000,51.6
94250,16.400000000000002
94500,53.6
94750,60.0
95000,47.199999999999996
95250,60.0
95500,30.4
95750,38.800000000000004
96000,76.0
96250,95.6
96500,94.8
96750,79.60000000000001
97000,92.4
97250,84.39999999999999
97500,94.0
97750,95.6
98000,88.4
98250,86.0
98500,80.4
98750,93.2
99000,75.6
99250,66.0
99500,57.99999999999999
99750,68.4
100000,60.8
100250,62.8
100500,38.800000000000004
100750,31.6
101000,61.6
101250,90.0
101500,98.0
101750,93.60000000000001
102000,82.8
102250,56.00000000000001
102500,49.6
102750,78.4
103000,78.0
103250,82.0
103500,67.2
103750,45.2
104000,50.4
104250,60.4
104500,69.19999999999999
104750,70.39999999999999
105000,57.599999999999994
105250,48.4
105500,61.6
105750,67.60000000000001
106000,71.6
106250,70.8
106500,66.0
106750,52.800000000000004
107000,54.0
107250,56.00000000000001
107500,56.39999999999999
107750,51.6
108000,50.0
108250,48.4
108500,36.4
108750,56.00000000000001
109000,75.6
109250,76.0
109500,80.4
109750,54.400000000000006
110000,48.0
110250,79.60000000000001
110500,90.8
110750,98.8
111000,96.8
111250,78.4
111500,62.4
111750,75.2
112000,97.2
112250,90.8
112500,96.8
112750,62.4
113000,60.0
113250,67.60000000000001
113500,70.8
113750,49.6
114000,69.19999999999999
114250,36.4
114500,54.800000000000004
114750,64.4
115000,22.400000000000002
115250,27.200000000000003
115500,70.0
115750,44.800000000000004
116000,40.8
116250,69.6
116500,84.8
116750,28.4
117000,63.2
117250,98.0
117500,66.0
117750,64.4
118000,56.00000000000001
118250,56.39999999999999
118500,46.800000000000004
118750,55.2
119000,37.2
119250,46.0
119500,56.00000000000001
119750,51.6
120000,61.6
120250,93.60000000000001
120500,94.8
120750,78.8
121000,62.4
121250,98.8
121500,55.60000000000001
121750,86.0
122000,71.6
122250,65.2
122500,93.60000000000001
122750,56.00000000000001
123000,80.0
123250,86.4
123500,47.599999999999994
123750,98.8
124000,60.8
124250,81.2
