250,0.0
500,0.0
750,0.0
1000,0.0
1250,0.0
1500,0.0
1750,0.0
2000,0.0
2250,0.4
2500,0.0
2750,0.0
3000,0.0
3250,0.0
3500,0.0
3750,0.0
4000,0.0
4250,0.4
4500,0.0
4750,0.0
5000,0.0
5250,0.0
5500,0.0
5750,0.0
6000,0.0
6250,0.4
6500,0.0
6750,0.0
7000,0.0
7250,0.0
7500,0.0
7750,0.0
8000,0.0
8250,0.4
8500,0.0
8750,0.0
9000,0.0
9250,0.0
9500,0.0
9750,0.0
10000,0.0
10250,0.4
10500,0.0
10750,0.0
11000,0.0
11250,0.0
11500,0.0
11750,0.0
12000,0.0
12250,0.4
12500,0.0
12750,0.0
13000,0.0
13250,0.0
13500,0.0
13750,0.0
14000,0.0
14250,0.4
14500,0.0
14750,0.0
15000,0.0
15250,0.0
15500,0.0
15750,0.0
16000,0.0
16250,0.4
16500,0.0
16750,0.0
17000,0.0
17250,0.0
17500,0.0
17750,0.0
18000,0.0
18250,0.4
18500,0.0
18750,0.0
19000,0.0
19250,0.0
19500,0.0
19750,0.0
20000,0.0
20250,0.4
20500,0.0
20750,0.0
21000,0.0
21250,0.0
21500,0.0
21750,0.0
22000,0.0
22250,0.4
22500,0.0
22750,0.0
23000,0.0
23250,0.0
23500,0.0
23750,0.0
24000,0.0
24250,0.4
24500,0.0
24750,0.0
25000,0.0
25250,0.0
25500,0.0
25750,0.0
26000,0.0
26250,0.4
26500,0.0
26750,0.0
27000,0.0
27250,0.0
27500,0.0
27750,0.0
28000,0.0
28250,0.4
28500,0.0
28750,0.0
29000,0.0
29250,0.0
29500,0.0
29750,0.0
30000,0.0
30250,0.4
30500,0.0
30750,0.0
31000,0.0
31250,0.0
31500,0.0
31750,0.0
32000,0.0
32250,0.4
32500,0.0
32750,0.0
33000,0.0
33250,0.0
33500,0.0
33750,0.0
34000,0.0
34250,0.4
34500,0.0
34750,0.0
35000,0.0
35250,0.0
35500,0.0
35750,0.0
36000,0.0
36250,0.4
36500,0.0
36750,0.0
37000,0.0
37250,0.0
37500,0.0
37750,0.0
38000,0.0
38250,0.4
38500,0.0
38750,0.0
39000,0.0
39250,0.0
39500,0.0
39750,0.0
40000,0.0
40250,0.4
40500,0.0
40750,0.0
41000,0.0
41250,0.0
41500,0.0
41750,0.0
42000,0.0
42250,0.4
42500,0.0
42750,0.0
43000,0.0
43250,0.0
43500,0.0
43750,0.0
44000,0.0
44250,0.4
44500,0.0
44750,0.0
45000,0.0
45250,0.0
45500,0.0
45750,0.0
46000,0.0
46250,0.4
46500,0.0
46750,0.0
47000,0.0
47250,0.0
47500,0.0
47750,0.0
48000,0.0
48250,0.4
48500,0.0
48750,0.0
49000,0.0
49250,0.0
49500,0.0
49750,0.0
50000,0.0
50250,0.4
50500,0.0
50750,0.0
51000,0.0
51250,0.0
51500,0.0
51750,0.0
52000,0.0
52250,9.6
52500,39.6
52750,54.400000000000006
53000,46.0
53250,42.4
53500,46.400000000000006
53750,46.800000000000004
54000,49.2
54250,56.8
54500,51.6
54750,57.199999999999996
55000,50.4
55250,53.6
55500,62.0
55750,54.0
56000,55.2
56250,39.2
56500,42.8
56750,46.0
57000,39.6
57250,28.000000000000004
57500,43.2
57750,45.6
58000,39.2
58250,56.39999999999999
58500,45.2
58750,52.400000000000006
59000,42.4
59250,45.6
59500,42.0
59750,43.6
60000,48.4
60250,43.2
60500,34.4
60750,30.0
61000,55.60000000000001
61250,28.000000000000004
61500,15.6
61750,0.0
62000,11.200000000000001
62250,36.8
62500,44.0
62750,47.199999999999996
63000,37.2
63250,21.2
63500,27.6
63750,44.800000000000004
64000,39.2
64250,36.4
64500,38.800000000000004
64750,32.800000000000004
65000,32.0
65250,24.4
65500,72.8
65750,53.6
66000,88.0
66250,87.2
66500,90.8
66750,92.80000000000001
67000,95.6
67250,86.8
67500,88.0
67750,90.4
68000,77.2
68250,50.0
68500,12.4
68750,26.0
69000,35.6
69250,35.199999999999996
69500,42.0
69750,35.199999999999996
70000,41.6
70250,34.0
70500,30.0
70750,42.4
71000,58.8
71250,52.400000000000006
71500,36.0
71750,38.4
72000,37.2
72250,63.6
72500,45.2
72750,34.0
73000,25.2
73250,36.4
73500,58.4
73750,63.2
74000,36.0
74250,23.599999999999998
74500,30.8
74750,52.800000000000004
75000,46.0
75250,35.199999999999996
75500,24.8
75750,19.6
76000,44.800000000000004
76250,52.0
76500,41.199999999999996
76750,27.6
77000,25.6
77250,29.599999999999998
77500,30.8
77750,37.6
78000,24.8
78250,30.8
78500,26.0
78750,34.4
79000,21.6
79250,23.599999999999998
79500,32.4
79750,47.199999999999996
80000,46.400000000000006
80250,40.8
80500,21.6
80750,26.400000000000002
81000,34.0
81250,41.199999999999996
81500,42.0
81750,12.0
82000,12.0
82250,40.8
82500,33.2
82750,33.2
83000,35.6
83250,41.199999999999996
83500,55.2
83750,41.6
84000,14.399999999999999
84250,19.2
84500,49.2
84750,50.8
85000,44.0
85250,25.2
85500,20.4
85750,50.4
86000,51.2
86250,29.599999999999998
86500,20.4
86750,22.8
87000,58.4
87250,42.8
87500,18.4
87750,6.4
88000,14.000000000000002
88250,5.6000000000000005
88500,30.0
88750,43.6
89000,48.8
89250,48.0
89500,48.8
89750,60.0
90000,70.39999999999999
90250,90.8
90500,64.4
90750,76.8
91000,37.6
91250,72.39999999999999
91500,58.8
91750,54.800000000000004
92000,53.6
92250,65.60000000000001
92500,34.4
92750,39.2
93000,79.2
93250,38.800000000000004
93500,83.6
93750,54.400000000000006
94000,46.400000000000006
94250,8.4
94500,31.6
94750,24.4
95000,18.0
95250,47.599999999999994
95500,27.200000000000003
95750,27.6
96000,22.400000000000002
96250,29.599999999999998
96500,30.8
96750,29.599999999999998
97000,42.8
97250,26.0
97500,20.4
97750,28.4
98000,44.0
98250,40.8
98500,52.0
98750,28.000000000000004
99000,34.0
99250,36.0
99500,42.4
99750,46.0
100000,35.199999999999996
100250,28.4
100500,21.2
100750,21.2
101000,31.6
101250,38.0
101500,51.6
101750,36.8
102000,26.8
102250,15.6
102500,21.2
102750,47.199999999999996
103000,49.2
103250,40.8
103500,28.799999999999997
103750,28.000000000000004
104000,44.800000000000004
104250,27.6
104500,45.2
104750,27.6
105000,26.0
105250,23.599999999999998
105500,19.2
105750,18.4
106000,23.200000000000003
106250,20.0
106500,29.599999999999998
106750,24.0
107000,29.2
107250,29.2
107500,29.2
107750,26.8
108000,22.0
108250,18.0
108500,20.4
108750,50.4
109000,32.4
109250,45.6
109500,32.800000000000004
109750,24.4
110000,17.2
110250,36.4
110500,12.0
110750,48.4
111000,23.599999999999998
111250,22.8
111500,11.600000000000001
111750,24.4
112000,23.200000000000003
112250,28.799999999999997
112500,25.2
112750,17.2
113000,29.599999999999998
113250,52.400000000000006
113500,51.6
113750,44.800000000000004
114000,33.2
114250,20.0
114500,46.800000000000004
114750,32.0
115000,10.8
115250,17.2
115500,41.199999999999996
115750,38.4
116000,36.8
116250,39.6
116500,48.8
116750,24.0
117000,36.0
117250,42.0
117500,29.2
117750,25.2
118000,9.6
118250,17.599999999999998
118500,4.8
118750,16.0
119000,22.400000000000002
119250,39.2
119500,52.0
119750,48.8
120000,57.99999999999999
120250,62.8
120500,55.2
120750,56.8
121000,62.0
121250,32.800000000000004
121500,48.8
121750,68.0
122000,47.199999999999996
122250,51.6
122500,59.599999999999994
122750,44.800000000000004
123000,67.60000000000001
123250,61.199999999999996
123500,47.199999999999996
123750,61.6
124000,60.8
124250,61.6
