250,0.0
500,0.0
750,0.0
1000,0.0
1250,0.0
1500,0.0
1750,0.0
2000,0.0
2250,1.2
2500,0.0
2750,0.0
3000,0.0
3250,0.0
3500,0.0
3750,0.0
4000,0.0
4250,1.2
4500,0.0
4750,0.0
5000,0.0
5250,0.0
5500,0.0
5750,0.0
6000,0.0
6250,1.2
6500,0.0
6750,0.0
7000,0.0
7250,0.0
7500,0.0
7750,0.0
8000,0.0
8250,1.2
8500,0.0
8750,0.0
9000,0.0
9250,0.0
9500,0.0
9750,0.0
10000,0.0
10250,1.2
10500,0.0
10750,0.0
11000,0.0
11250,0.0
11500,0.0
11750,0.0
12000,0.0
12250,1.2
12500,0.0
12750,0.0
13000,0.0
13250,0.0
13500,0.0
13750,0.0
14000,0.0
14250,1.2
14500,0.0
14750,0.0
15000,0.0
15250,0.0
15500,0.0
15750,0.0
16000,0.0
16250,1.2
16500,0.0
16750,0.0
17000,0.0
17250,0.0
17500,0.0
17750,0.0
18000,0.0
18250,1.2
18500,0.0
18750,0.0
19000,0.0
19250,0.0
19500,0.0
19750,0.0
20000,0.0
20250,1.2
20500,0.0
20750,0.0
21000,0.0
21250,0.0
21500,0.0
21750,0.0
22000,0.0
22250,1.2
22500,0.0
22750,0.0
23000,0.0
23250,0.0
23500,0.0
23750,0.0
24000,0.0
24250,1.2
24500,0.0
24750,0.0
25000,0.0
25250,0.0
25500,0.0
25750,0.0
26000,0.0
26250,1.2
26500,0.0
26750,0.0
27000,0.0
27250,0.0
27500,0.0
27750,0.0
28000,0.0
28250,1.2
28500,0.0
28750,0.0
29000,0.0
29250,0.0
29500,0.0
29750,0.0
30000,0.0
30250,1.2
30500,0.0
30750,0.0
31000,0.0
31250,0.0
31500,0.0
31750,0.0
32000,0.0
32250,1.2
32500,0.0
32750,0.0
33000,0.0
33250,0.0
33500,0.0
33750,0.0
34000,0.0
34250,1.2
34500,0.0
34750,0.0
35000,0.0
35250,0.0
35500,0.0
35750,0.0
36000,0.0
36250,1.2
36500,0.0
36750,0.0
37000,0.0
37250,0.0
37500,0.0
37750,0.0
38000,0.0
38250,1.2
38500,0.0
38750,0.0
39000,0.0
39250,0.0
39500,0.0
39750,0.0
40000,0.0
40250,1.2
40500,0.0
40750,0.0
41000,0.0
41250,0.0
41500,0.0
41750,0.0
42000,0.0
42250,1.2
42500,0.0
42750,0.0
43000,0.0
43250,0.0
43500,0.0
43750,0.0
44000,0.0
44250,1.2
44500,0.0
44750,0.0
45000,0.0
45250,0.0
45500,0.0
45750,0.0
46000,0.0
46250,1.2
46500,0.0
46750,0.0
47000,0.0
47250,0.0
47500,0.0
47750,0.0
48000,0.0
48250,1.2
48500,0.0
48750,0.0
49000,0.0
49250,0.0
49500,0.0
49750,0.0
50000,0.0
50250,1.2
50500,0.0
50750,0.0
51000,0.0
51250,0.0
51500,0.0
51750,0.0
52000,0.0
52250,10.4
52500,44.800000000000004
52750,57.199999999999996
53000,47.199999999999996
53250,44.4
53500,46.400000000000006
53750,47.199999999999996
54000,50.0
54250,57.199999999999996
54500,51.6
54750,57.199999999999996
55000,50.4
55250,64.4
55500,94.39999999999999
55750,84.39999999999999
56000,55.2
56250,39.6
56500,42.8
56750,46.0
57000,39.6
57250,28.000000000000004
57500,43.2
57750,45.6
58000,41.6
58250,92.4
58500,84.8
58750,56.39999999999999
59000,42.4
59250,45.6
59500,42.0
59750,43.6
60000,48.4
60250,43.2
60500,34.4
60750,30.0
61000,84.39999999999999
61250,68.0
61500,25.2
61750,0.0
62000,11.200000000000001
62250,36.8
62500,44.0
62750,47.199999999999996
63000,37.2
63250,76.4
63500,50.8
63750,44.800000000000004
64000,39.2
64250,36.4
64500,38.800000000000004
64750,32.800000000000004
65000,32.0
65250,24.4
65500,72.8
65750,53.6
66000,88.4
66250,87.2
66500,90.8
66750,92.80000000000001
67000,96.0
67250,86.8
67500,88.0
67750,90.4
68000,78.0
68250,50.0
68500,62.8
68750,42.8
69000,43.6
69250,40.400000000000006
69500,43.6
69750,50.8
70000,49.6
70250,36.8
70500,32.0
70750,43.2
71000,65.2
71250,69.6
71500,66.0
71750,39.2
72000,41.6
72250,69.19999999999999
72500,66.0
72750,67.2
73000,31.2
73250,42.8
73500,68.8
73750,74.0
74000,66.8
74250,33.6
74500,31.2
74750,61.199999999999996
75000,53.2
75250,58.8
75500,35.199999999999996
75750,21.2
76000,52.800000000000004
76250,62.4
76500,61.6
76750,36.0
77000,28.799999999999997
77250,29.599999999999998
77500,35.199999999999996
77750,42.0
78000,28.000000000000004
78250,32.800000000000004
78500,28.799999999999997
78750,34.4
79000,23.200000000000003
79250,24.4
79500,33.6
79750,62.8
80000,64.4
80250,61.199999999999996
80500,29.599999999999998
80750,26.8
81000,48.0
81250,63.6
81500,60.4
81750,22.400000000000002
82000,19.2
82250,50.4
82500,56.8
82750,57.199999999999996
83000,36.0
83250,42.8
83500,57.199999999999996
83750,61.6
84000,38.800000000000004
84250,26.0
84500,54.400000000000006
84750,62.4
85000,61.199999999999996
85250,43.2
85500,21.6
85750,57.599999999999994
86000,69.6
86250,59.599999999999994
86500,29.599999999999998
86750,24.4
87000,60.8
87250,63.2
87500,44.800000000000004
87750,8.799999999999999
88000,14.399999999999999
88250,13.600000000000001
88500,30.8
88750,45.6
89000,49.6
89250,48.8
89500,49.6
89750,60.0
90000,70.39999999999999
90250,92.80000000000001
90500,96.8
90750,93.60000000000001
91000,54.800000000000004
91250,72.39999999999999
91500,90.4
91750,85.6
92000,56.00000000000001
92250,100.0
92500,44.0
92750,64.8
93000,79.2
93250,44.0
93500,88.8
93750,54.800000000000004
94000,51.6
94250,14.799999999999999
94500,52.0
94750,58.8
95000,45.2
95250,60.0
95500,28.000000000000004
95750,27.6
96000,22.400000000000002
96250,30.4
96500,35.199999999999996
96750,32.0
97000,46.400000000000006
97250,27.6
97500,24.8
97750,29.599999999999998
98000,45.2
98250,52.400000000000006
98500,56.39999999999999
98750,52.400000000000006
99000,48.0
99250,38.4
99500,48.4
99750,54.800000000000004
100000,55.2
100250,53.2
100500,27.6
100750,24.0
101000,37.6
101250,52.0
101500,56.39999999999999
101750,56.00000000000001
102000,42.4
102250,19.6
102500,25.6
102750,57.199999999999996
103000,56.39999999999999
103250,52.800000000000004
103500,52.400000000000006
103750,31.2
104000,48.0
104250,43.2
104500,47.199999999999996
104750,46.800000000000004
105000,33.6
105250,24.0
105500,20.4
105750,20.4
106000,23.200000000000003
106250,20.0
106500,30.4
106750,27.200000000000003
107000,29.599999999999998
107250,31.6
107500,33.2
107750,26.8
108000,22.0
108250,20.8
108500,21.2
108750,55.60000000000001
109000,55.2
109250,54.0
109500,54.400000000000006
109750,26.0
110000,17.2
110250,38.800000000000004
110500,38.0
110750,54.0
111000,45.6
111250,28.4
111500,11.600000000000001
111750,24.4
112000,40.400000000000006
112250,36.8
112500,44.4
112750,33.2
113000,34.8
113250,53.6
113500,70.0
113750,48.8
114000,66.4
114250,22.0
114500,48.4
114750,62.4
115000,19.2
115250,21.2
115500,70.0
115750,42.4
116000,37.6
116250,68.4
116500,84.0
116750,24.8
117000,37.2
117250,78.8
117500,37.2
117750,29.2
118000,17.2
118250,18.0
118500,6.4
118750,16.8
119000,31.2
119250,41.6
119500,52.400000000000006
119750,49.2
120000,57.99999999999999
120250,90.8
120500,93.60000000000001
120750,78.8
121000,62.4
121250,98.8
121500,55.2
121750,85.6
122000,71.2
122250,64.8
122500,93.60000000000001
122750,56.00000000000001
123000,80.0
123250,86.4
123500,47.599999999999994
123750,98.8
124000,60.8
124250,81.2
