250,0.0
500,0.0
750,0.0
1000,0.0
1250,0.0
1500,0.0
1750,0.0
2000,0.0
2250,2.8000000000000003
2500,0.0
2750,0.0
3000,0.0
3250,0.0
3500,0.0
3750,0.0
4000,0.0
4250,2.8000000000000003
4500,0.0
4750,0.0
5000,0.0
5250,0.0
5500,0.0
5750,0.0
6000,0.0
6250,2.8000000000000003
6500,0.0
6750,0.0
7000,0.0
7250,0.0
7500,0.0
7750,0.0
8000,0.0
8250,2.8000000000000003
8500,0.0
8750,0.0
9000,0.0
9250,0.0
9500,0.0
9750,0.0
10000,0.0
10250,2.8000000000000003
10500,0.0
10750,0.0
11000,0.0
11250,0.0
11500,0.0
11750,0.0
12000,0.0
12250,2.8000000000000003
12500,0.0
12750,0.0
13000,0.0
13250,0.0
13500,0.0
13750,0.0
14000,0.0
14250,2.8000000000000003
14500,0.0
14750,0.0
15000,0.0
15250,0.0
15500,0.0
15750,0.0
16000,0.0
16250,2.8000000000000003
16500,0.0
16750,0.0
17000,0.0
17250,0.0
17500,0.0
17750,0.0
18000,0.0
18250,2.8000000000000003
18500,0.0
18750,0.0
19000,0.0
19250,0.0
19500,0.0
19750,0.0
20000,0.0
20250,2.8000000000000003
20500,0.0
20750,0.0
21000,0.0
21250,0.0
21500,0.0
21750,0.0
22000,0.0
22250,2.8000000000000003
22500,0.0
22750,0.0
23000,0.0
23250,0.0
23500,0.0
23750,0.0
24000,0.0
24250,2.8000000000000003
24500,0.0
24750,0.0
25000,0.0
25250,0.0
25500,0.0
25750,0.0
26000,0.0
26250,2.8000000000000003
26500,0.0
26750,0.0
27000,0.0
27250,0.0
27500,0.0
27750,0.0
28000,0.0
28250,2.8000000000000003
28500,0.0
28750,0.0
29000,0.0
29250,0.0
29500,0.0
29750,0.0
30000,0.0
30250,2.8000000000000003
30500,0.0
30750,0.0
31000,0.0
31250,0.0
31500,0.0
31750,0.0
32000,0.0
32250,2.8000000000000003
32500,0.0
32750,0.0
33000,0.0
33250,0.0
33500,0.0
33750,0.0
34000,0.0
34250,2.8000000000000003
34500,0.0
34750,0.0
35000,0.0
35250,0.0
35500,0.0
35750,0.0
36000,0.0
36250,2.8000000000000003
36500,0.0
36750,0.0
37000,0.0
37250,0.0
37500,0.0
37750,0.0
38000,0.0
38250,2.8000000000000003
38500,0.0
38750,0.0
39000,0.0
39250,0.0
39500,0.0
39750,0.0
40000,0.0
40250,2.8000000000000003
40500,0.0
40750,0.0
41000,0.0
41250,0.0
41500,0.0
41750,0.0
42000,0.0
42250,2.8000000000000003
42500,0.0
42750,0.0
43000,0.0
43250,0.0
43500,0.0
43750,0.0
44000,0.0
44250,2.8000000000000003
44500,0.0
44750,0.0
45000,0.0
45250,0.0
45500,0.0
45750,0.0
46000,0.0
46250,2.8000000000000003
46500,0.0
46750,0.0
47000,0.0
47250,0.0
47500,0.0
47750,0.0
48000,0.0
48250,2.8000000000000003
48500,0.0
48750,0.0
49000,0.0
49250,0.0
49500,0.0
49750,0.0
50000,0.0
50250,2.8000000000000003
50500,0.0
50750,0.0
51000,0.0
51250,0.0
51500,0.0
51750,0.0
52000,0.0
52250,12.0
52500,44.800000000000004
52750,57.199999999999996
53000,47.199999999999996
53250,44.4
53500,48.4
53750,49.2
54000,54.400000000000006
54250,57.199999999999996
54500,52.0
54750,57.99999999999999
55000,52.0
55250,78.4
55500,94.8
55750,97.6
56000,96.8
56250,90.4
56500,73.2
56750,46.0
57000,39.6
57250,28.000000000000004
57500,43.2
57750,45.6
58000,55.60000000000001
58250,92.80000000000001
58500,88.8
58750,84.39999999999999
59000,93.2
59250,94.39999999999999
59500,52.0
59750,44.800000000000004
60000,50.8
60250,44.800000000000004
60500,34.4
60750,35.199999999999996
61000,94.8
61250,70.0
61500,80.0
61750,83.6
62000,13.600000000000001
62250,36.8
62500,44.4
62750,47.199999999999996
63000,46.0
63250,84.8
63500,89.60000000000001
63750,91.60000000000001
64000,88.0
64250,45.6
64500,42.8
64750,32.800000000000004
65000,32.0
65250,24.4
65500,72.8
65750,53.6
66000,88.8
66250,87.2
66500,91.60000000000001
66750,92.80000000000001
67000,96.0
67250,86.8
67500,88.0
67750,90.4
68000,78.0
68250,52.0
68500,80.80000000000001
68750,86.8
69000,95.6
69250,95.19999999999999
69500,46.400000000000006
69750,53.6
70000,57.99999999999999
70250,58.8
70500,32.800000000000004
70750,43.6
71000,66.8
71250,70.0
71500,66.0
71750,39.6
72000,41.6
72250,69.19999999999999
72500,66.0
72750,75.6
73000,57.99999999999999
73250,65.2
73500,96.39999999999999
73750,94.8
74000,68.4
74250,34.8
74500,31.6
74750,61.199999999999996
75000,53.2
75250,58.8
75500,34.8
75750,21.2
76000,52.800000000000004
76250,62.4
76500,61.6
76750,52.400000000000006
77000,54.400000000000006
77250,54.400000000000006
77500,61.199999999999996
77750,52.0
78000,60.4
78250,46.400000000000006
78500,29.2
78750,34.4
79000,23.200000000000003
79250,25.2
79500,34.0
79750,62.8
80000,64.4
80250,61.199999999999996
80500,29.599999999999998
80750,26.8
81000,80.0
81250,84.39999999999999
81500,92.80000000000001
81750,46.400000000000006
82000,56.00000000000001
82250,62.4
82500,57.199999999999996
82750,57.199999999999996
83000,36.0
83250,42.8
83500,56.39999999999999
83750,62.8
84000,38.800000000000004
84250,26.0
84500,54.400000000000006
84750,62.4
85000,74.8
85250,66.8
85500,54.0
85750,88.4
86000,93.2
86250,89.60000000000001
86500,29.599999999999998
86750,24.8
87000,62.0
87250,63.6
87500,44.800000000000004
87750,10.8
88000,14.799999999999999
88250,13.600000000000001
88500,30.8
88750,45.6
89000,49.6
89250,48.8
89500,49.6
89750,60.0
90000,70.39999999999999
90250,92.80000000000001
90500,96.8
90750,93.60000000000001
91000,55.2
91250,72.8
91500,90.4
91750,85.6
92000,56.00000000000001
92250,100.0
92500,44.0
92750,64.8
93000,79.2
93250,44.0
93500,88.8
93750,54.800000000000004
94000,51.6
94250,16.400000000000002
94500,53.2
94750,58.8
95000,46.400000000000006
95250,60.0
95500,28.000000000000004
95750,27.6
96000,22.400000000000002
96250,30.4
96500,36.0
96750,32.0
97000,47.199999999999996
97250,28.799999999999997
97500,25.6
97750,29.599999999999998
98000,45.6
98250,53.2
98500,56.8
98750,80.80000000000001
99000,74.8
99250,64.8
99500,57.599999999999994
99750,68.0
100000,59.599999999999994
100250,61.6
100500,27.6
100750,24.0
101000,37.6
101250,52.0
101500,56.39999999999999
101750,56.00000000000001
102000,42.4
102250,20.4
102500,25.6
102750,57.599999999999994
103000,56.39999999999999
103250,55.60000000000001
103500,52.400000000000006
103750,43.6
104000,50.0
104250,57.599999999999994
104500,54.0
104750,46.800000000000004
105000,33.6
105250,24.0
105500,20.4
105750,20.4
106000,23.200000000000003
106250,20.0
106500,30.8
106750,27.6
107000,29.599999999999998
107250,31.6
107500,34.0
107750,27.200000000000003
108000,22.0
108250,20.8
108500,34.4
108750,55.60000000000001
109000,70.0
109250,63.6
109500,54.800000000000004
109750,26.400000000000002
110000,17.2
110250,39.6
110500,38.4
110750,54.0
111000,46.400000000000006
111250,28.4
111500,11.600000000000001
111750,24.4
112000,40.400000000000006
112250,36.8
112500,44.4
112750,33.6
113000,40.0
113250,65.60000000000001
113500,70.0
113750,49.2
114000,66.8
114250,25.6
114500,50.8
114750,64.0
115000,22.400000000000002
115250,21.2
115500,70.0
115750,44.800000000000004
116000,40.400000000000006
116250,69.6
116500,84.8
116750,28.4
117000,43.2
117250,81.2
117500,38.4
117750,31.2
118000,20.4
118250,19.6
118500,7.199999999999999
118750,17.599999999999998
119000,33.2
119250,43.2
119500,54.800000000000004
119750,51.6
120000,60.4
120250,93.60000000000001
120500,94.0
120750,78.8
121000,62.4
121250,98.8
121500,55.60000000000001
121750,86.0
122000,71.2
122250,65.2
122500,93.60000000000001
122750,56.00000000000001
123000,80.0
123250,86.4
123500,47.599999999999994
123750,98.8
124000,60.8
124250,81.2
