200,77.1097411000635,22.890258899936498,12.822269807280515
400,71.68899856122047,28.31100143877953,20.593576017130623
600,69.93513435307167,30.064865646928325,30.617558886509638
800,68.156352734083,31.843647265917003,40.5541755888651
1000,66.25539542323428,33.74460457676572,50.29550321199143
1200,56.32138637258763,43.67861362741237,42.881370449678805
1400,45.82954883410631,54.170451165893695,34.2441113490364
1600,35.22357347822942,64.77642652177057,24.870235546038543
1800,25.179445547419437,74.82055445258055,15.19743040685225
2000,15.310543279935054,84.68945672006495,5.278800856531049
2200,14.114507559620934,85.88549244037907,4.298072805139187
2400,12.781024185964263,87.21897581403574,3.5203426124197
2600,11.462008986343651,88.53799101365635,2.7160599571734476
2800,10.503894350178038,89.49610564982197,2.026552462526767
3000,9.93642041298599,90.063579587014,1.63169164882227
3200,9.528900177637025,90.47109982236297,1.4877944325481798
3400,9.090836019323051,90.90916398067695,1.236830835117773
3600,8.725916518635813,91.27408348136419,1.1160599571734475
3800,8.312769771161713,91.68723022883829,0.9421841541755889
4000,7.8996230236876155,92.10037697631238,0.7408993576017131
