250,0.0
500,0.0
750,0.0
1000,0.0
1250,0.0
1500,0.0
1750,0.0
2000,0.0
2250,99.6
2500,100.0
2750,40.0
3000,0.0
3250,0.0
3500,0.0
3750,0.0
4000,0.0
4250,99.6
4500,100.0
4750,40.0
5000,0.0
5250,0.0
5500,0.0
5750,0.0
6000,0.0
6250,99.6
6500,100.0
6750,40.0
7000,0.0
7250,0.0
7500,0.0
7750,0.0
8000,0.0
8250,99.6
8500,100.0
8750,40.0
9000,0.0
9250,0.0
9500,0.0
9750,0.0
10000,0.0
10250,99.6
10500,100.0
10750,40.0
11000,0.0
11250,0.0
11500,0.0
11750,0.0
12000,0.0
12250,99.6
12500,100.0
12750,40.0
13000,0.0
13250,0.0
13500,0.0
13750,0.0
14000,0.0
14250,99.6
14500,100.0
14750,40.0
15000,0.0
15250,0.0
15500,0.0
15750,0.0
16000,0.0
16250,99.6
16500,100.0
16750,40.0
17000,0.0
17250,0.0
17500,0.0
17750,0.0
18000,0.0
18250,99.6
18500,100.0
18750,40.0
19000,0.0
19250,0.0
19500,0.0
19750,0.0
20000,0.0
20250,99.6
20500,100.0
20750,40.0
21000,0.0
21250,0.0
21500,0.0
21750,0.0
22000,0.0
22250,99.6
22500,100.0
22750,40.0
23000,0.0
23250,0.0
23500,0.0
23750,0.0
24000,0.0
24250,99.6
24500,100.0
24750,40.0
25000,0.0
25250,0.0
25500,0.0
25750,0.0
26000,0.0
26250,99.6
26500,100.0
26750,40.0
27000,0.0
27250,0.0
27500,0.0
27750,0.0
28000,0.0
28250,99.6
28500,100.0
28750,40.0
29000,0.0
29250,0.0
29500,0.0
29750,0.0
30000,0.0
30250,99.6
30500,100.0
30750,40.0
31000,0.0
31250,0.0
31500,0.0
31750,0.0
32000,0.0
32250,99.6
32500,100.0
32750,40.0
33000,0.0
33250,0.0
33500,0.0
33750,0.0
34000,0.0
34250,99.6
34500,100.0
34750,40.0
35000,0.0
35250,0.0
35500,0.0
35750,0.0
36000,0.0
36250,99.6
36500,100.0
36750,40.0
37000,0.0
37250,0.0
37500,0.0
37750,0.0
38000,0.0
38250,99.6
38500,100.0
38750,40.0
39000,0.0
39250,0.0
39500,0.0
39750,0.0
40000,0.0
40250,99.6
40500,100.0
40750,40.0
41000,0.0
41250,0.0
41500,0.0
41750,0.0
42000,0.0
42250,99.6
42500,100.0
42750,40.0
43000,0.0
43250,0.0
43500,0.0
43750,0.0
44000,0.0
44250,99.6
44500,100.0
44750,40.0
45000,0.0
45250,0.0
45500,0.0
45750,0.0
46000,0.0
46250,99.6
46500,100.0
46750,40.0
47000,0.0
47250,0.0
47500,0.0
47750,0.0
48000,0.0
48250,99.6
48500,100.0
48750,40.0
49000,0.0
49250,0.0
49500,0.0
49750,0.0
50000,0.0
50250,99.6
50500,100.0
50750,40.0
51000,0.0
51250,0.0
51500,0.0
51750,0.0
52000,0.0
52250,99.6
52500,100.0
52750,100.0
53000,98.4
53250,44.4
53500,50.0
53750,47.599999999999994
54000,54.800000000000004
54250,56.8
54500,51.6
54750,54.800000000000004
55000,51.2
55250,53.2
55500,48.8
55750,53.6
56000,55.60000000000001
56250,38.4
56500,45.2
56750,47.199999999999996
57000,43.2
57250,26.8
57500,49.2
57750,45.6
58000,38.4
58250,46.400000000000006
58500,47.199999999999996
58750,48.0
59000,41.199999999999996
59250,44.0
59500,40.8
59750,42.4
60000,48.4
60250,41.199999999999996
60500,35.199999999999996
60750,30.4
61000,46.400000000000006
61250,25.6
61500,8.4
61750,0.0
62000,2.4
62250,18.4
62500,45.6
62750,45.2
63000,37.2
63250,9.6
63500,14.399999999999999
63750,45.2
64000,39.6
64250,36.4
64500,33.6
64750,32.4
65000,33.2
65250,24.4
65500,70.8
65750,53.2
66000,94.39999999999999
66250,93.2
66500,94.8
66750,93.60000000000001
67000,96.0
67250,88.0
67500,89.2
67750,90.4
68000,80.4
68250,57.599999999999994
68500,21.2
68750,44.4
69000,39.6
69250,37.2
69500,37.2
69750,30.8
70000,43.2
70250,35.199999999999996
70500,29.599999999999998
70750,36.8
71000,36.8
71250,53.2
71500,33.2
71750,39.2
72000,36.8
72250,39.2
72500,38.0
72750,36.8
73000,26.8
73250,33.6
73500,39.2
73750,55.60000000000001
74000,33.6
74250,26.400000000000002
74500,28.000000000000004
74750,35.199999999999996
75000,33.6
75250,29.599999999999998
75500,29.599999999999998
75750,19.2
76000,26.8
76250,46.400000000000006
76500,31.2
76750,28.000000000000004
77000,28.4
77250,29.2
77500,30.8
77750,40.8
78000,24.4
78250,30.4
78500,27.6
78750,34.4
79000,22.400000000000002
79250,22.400000000000002
79500,30.4
79750,37.2
80000,42.8
80250,29.599999999999998
80500,21.2
80750,23.200000000000003
81000,27.6
81250,35.6
81500,34.0
81750,13.600000000000001
82000,8.799999999999999
82250,8.0
82500,38.800000000000004
82750,30.8
83000,36.4
83250,32.800000000000004
83500,27.6
83750,36.0
84000,12.0
84250,21.2
84500,36.8
84750,28.799999999999997
85000,41.6
85250,24.4
85500,20.0
85750,24.4
86000,40.0
86250,24.0
86500,22.400000000000002
86750,18.0
87000,30.4
87250,34.8
87500,16.400000000000002
87750,6.4
88000,15.2
88250,3.2
88500,26.8
88750,46.0
89000,47.599999999999994
89250,47.599999999999994
89500,48.0
89750,61.199999999999996
90000,67.2
90250,81.2
90500,60.8
90750,71.2
91000,40.0
91250,72.8
91500,90.4
91750,85.6
92000,54.400000000000006
92250,100.0
92500,44.0
92750,64.8
93000,79.2
93250,44.0
93500,88.8
93750,54.400000000000006
94000,51.6
94250,12.8
94500,38.800000000000004
94750,38.800000000000004
95000,21.2
95250,37.6
95500,28.000000000000004
95750,27.200000000000003
96000,22.400000000000002
96250,29.599999999999998
96500,20.0
96750,17.599999999999998
97000,38.0
97250,27.200000000000003
97500,19.2
97750,30.4
98000,37.6
98250,30.0
98500,36.4
98750,27.6
99000,34.0
99250,31.6
99500,33.2
99750,22.400000000000002
100000,29.599999999999998
100250,27.200000000000003
100500,19.6
100750,21.2
101000,22.0
101250,28.799999999999997
101500,39.2
101750,35.6
102000,24.0
102250,14.799999999999999
102500,22.0
102750,42.0
103000,32.0
103250,32.800000000000004
103500,26.400000000000002
103750,27.200000000000003
104000,38.0
104250,16.8
104500,38.0
104750,23.200000000000003
105000,23.200000000000003
105250,23.599999999999998
105500,19.2
105750,19.6
106000,22.8
106250,17.2
106500,29.599999999999998
106750,28.4
107000,30.0
107250,24.4
107500,31.6
107750,27.6
108000,22.0
108250,18.0
108500,19.2
108750,39.6
109000,26.0
109250,38.800000000000004
109500,28.000000000000004
109750,23.200000000000003
110000,16.0
110250,28.799999999999997
110500,9.6
110750,34.8
111000,18.0
111250,20.4
111500,12.4
111750,17.599999999999998
112000,5.6000000000000005
112250,15.6
112500,0.8
112750,19.6
113000,32.4
113250,46.400000000000006
113500,37.6
113750,35.6
114000,34.8
114250,37.2
114500,45.6
114750,34.8
115000,12.0
115250,11.600000000000001
115500,37.2
115750,39.2
116000,32.0
116250,35.199999999999996
116500,38.0
116750,22.8
117000,39.2
117250,21.6
117500,16.8
117750,28.4
118000,10.8
118250,17.599999999999998
118500,5.2
118750,17.599999999999998
119000,21.6
119250,39.6
119500,53.2
119750,48.0
120000,56.8
120250,64.8
120500,63.6
120750,48.4
121000,61.6
121250,98.8
121500,55.2
121750,85.2
122000,69.19999999999999
122250,56.39999999999999
122500,93.60000000000001
122750,56.00000000000001
123000,80.0
123250,86.4
123500,47.599999999999994
123750,98.8
124000,60.8
124250,80.0
