250,0.0
500,0.0
750,0.0
1000,0.0
1250,0.0
1500,0.0
1750,0.0
2000,0.0
2250,79.60000000000001
2500,0.0
2750,0.0
3000,0.0
3250,0.0
3500,0.0
3750,0.0
4000,0.0
4250,79.60000000000001
4500,0.0
4750,0.0
5000,0.0
5250,0.0
5500,0.0
5750,0.0
6000,0.0
6250,79.60000000000001
6500,0.0
6750,0.0
7000,0.0
7250,0.0
7500,0.0
7750,0.0
8000,0.0
8250,79.60000000000001
8500,0.0
8750,0.0
9000,0.0
9250,0.0
9500,0.0
9750,0.0
10000,0.0
10250,79.60000000000001
10500,0.0
10750,0.0
11000,0.0
11250,0.0
11500,0.0
11750,0.0
12000,0.0
12250,79.60000000000001
12500,0.0
12750,0.0
13000,0.0
13250,0.0
13500,0.0
13750,0.0
14000,0.0
14250,79.60000000000001
14500,0.0
14750,0.0
15000,0.0
15250,0.0
15500,0.0
15750,0.0
16000,0.0
16250,79.60000000000001
16500,0.0
16750,0.0
17000,0.0
17250,0.0
17500,0.0
17750,0.0
18000,0.0
18250,79.60000000000001
18500,0.0
18750,0.0
19000,0.0
19250,0.0
19500,0.0
19750,0.0
20000,0.0
20250,79.60000000000001
20500,0.0
20750,0.0
21000,0.0
21250,0.0
21500,0.0
21750,0.0
22000,0.0
22250,79.60000000000001
22500,0.0
22750,0.0
23000,0.0
23250,0.0
23500,0.0
23750,0.0
24000,0.0
24250,79.60000000000001
24500,0.0
24750,0.0
25000,0.0
25250,0.0
25500,0.0
25750,0.0
26000,0.0
26250,79.60000000000001
26500,0.0
26750,0.0
27000,0.0
27250,0.0
27500,0.0
27750,0.0
28000,0.0
28250,79.60000000000001
28500,0.0
28750,0.0
29000,0.0
29250,0.0
29500,0.0
29750,0.0
30000,0.0
30250,79.60000000000001
30500,0.0
30750,0.0
31000,0.0
31250,0.0
31500,0.0
31750,0.0
32000,0.0
32250,79.60000000000001
32500,0.0
32750,0.0
33000,0.0
33250,0.0
33500,0.0
33750,0.0
34000,0.0
34250,79.60000000000001
34500,0.0
34750,0.0
35000,0.0
35250,0.0
35500,0.0
35750,0.0
36000,0.0
36250,79.60000000000001
36500,0.0
36750,0.0
37000,0.0
37250,0.0
37500,0.0
37750,0.0
38000,0.0
38250,79.60000000000001
38500,0.0
38750,0.0
39000,0.0
39250,0.0
39500,0.0
39750,0.0
40000,0.0
40250,79.60000000000001
40500,0.0
40750,0.0
41000,0.0
41250,0.0
41500,0.0
41750,0.0
42000,0.0
42250,79.60000000000001
42500,0.0
42750,0.0
43000,0.0
43250,0.0
43500,0.0
43750,0.0
44000,0.0
44250,79.60000000000001
44500,0.0
44750,0.0
45000,0.0
45250,0.0
45500,0.0
45750,0.0
46000,0.0
46250,79.60000000000001
46500,0.0
46750,0.0
47000,0.0
47250,0.0
47500,0.0
47750,0.0
48000,0.0
48250,79.60000000000001
48500,0.0
48750,0.0
49000,0.0
49250,0.0
49500,0.0
49750,0.0
50000,0.0
50250,79.60000000000001
50500,0.0
50750,0.0
51000,0.0
51250,0.0
51500,0.0
51750,0.0
52000,0.0
52250,88.4
52500,34.4
52750,52.800000000000004
53000,41.6
53250,33.2
53500,36.4
53750,37.2
54000,47.199999999999996
54250,48.0
54500,46.800000000000004
54750,48.0
55000,35.199999999999996
55250,42.8
55500,38.4
55750,45.6
56000,55.2
56250,27.200000000000003
56500,45.2
56750,40.0
57000,37.6
57250,23.599999999999998
57500,48.0
57750,44.0
58000,37.2
58250,42.8
58500,45.2
58750,43.2
59000,28.000000000000004
59250,43.2
59500,35.6
59750,41.199999999999996
60000,38.0
60250,38.800000000000004
60500,32.0
60750,4.3999999999999995
61000,42.0
61250,11.600000000000001
61500,0.0
61750,0.0
62000,2.4
62250,17.2
62500,44.800000000000004
62750,45.2
63000,29.2
63250,2.8000000000000003
63500,0.0
63750,18.8
64000,36.4
64250,33.2
64500,26.8
64750,30.0
65000,26.0
65250,14.000000000000002
65500,47.199999999999996
65750,45.6
66000,89.60000000000001
66250,85.2
66500,91.2
66750,92.4
67000,96.0
67250,86.8
67500,89.2
67750,90.4
68000,78.8
68250,52.800000000000004
68500,4.0
68750,10.0
69000,22.8
69250,25.6
69500,20.8
69750,19.6
70000,11.200000000000001
70250,24.4
70500,3.2
70750,6.0
71000,6.4
71250,40.8
71500,10.0
71750,33.6
72000,30.4
72250,34.0
72500,7.199999999999999
72750,30.0
73000,5.2
73250,6.4
73500,29.599999999999998
73750,38.4
74000,32.800000000000004
74250,8.4
74500,4.0
74750,32.0
75000,18.4
75250,14.799999999999999
75500,3.2
75750,3.5999999999999996
76000,6.0
76250,7.6
76500,4.0
76750,1.6
77000,0.0
77250,6.0
77500,12.0
77750,8.4
78000,18.4
78250,11.200000000000001
78500,6.0
78750,33.6
79000,4.8
79250,0.0
79500,27.200000000000003
79750,32.0
80000,26.0
80250,19.2
80500,1.2
80750,1.6
81000,6.0
81250,10.4
81500,5.6000000000000005
81750,4.3999999999999995
82000,0.0
82250,6.0
82500,6.0
82750,0.0
83000,23.599999999999998
83250,27.6
83500,25.2
83750,6.4
84000,2.4
84250,0.0
84500,21.2
84750,16.0
85000,17.2
85250,8.0
85500,8.4
85750,6.0
86000,5.2
86250,1.2
86500,0.0
86750,1.2
87000,6.0
87250,15.6
87500,0.0
87750,0.0
88000,0.0
88250,0.8
88500,7.6
88750,38.0
89000,40.8
89250,43.2
89500,36.0
89750,60.4
90000,52.0
90250,81.2
90500,55.60000000000001
90750,56.39999999999999
91000,38.800000000000004
91250,63.6
91500,50.0
91750,22.8
92000,46.800000000000004
92250,21.6
92500,6.0
92750,15.6
93000,21.6
93250,6.0
93500,15.6
93750,7.199999999999999
94000,14.399999999999999
94250,12.4
94500,32.800000000000004
94750,26.8
95000,2.4
95250,4.0
95500,10.8
95750,16.0
96000,3.2
96250,26.8
96500,6.0
96750,0.0
97000,20.0
97250,12.0
97500,1.6
97750,7.199999999999999
98000,8.799999999999999
98250,0.0
98500,23.200000000000003
98750,3.5999999999999996
99000,30.8
99250,31.2
99500,22.0
99750,19.2
100000,6.0
100250,19.6
100500,1.6
100750,4.3999999999999995
101000,4.0
101250,16.8
101500,7.6
101750,18.0
102000,22.400000000000002
102250,3.5999999999999996
102500,6.0
102750,18.4
103000,32.0
103250,15.2
103500,15.2
103750,6.4
104000,30.8
104250,0.0
104500,6.0
104750,0.0
105000,0.0
105250,0.0
105500,0.0
105750,0.4
106000,0.0
106250,0.0
106500,3.2
106750,10.4
107000,14.399999999999999
107250,11.200000000000001
107500,10.4
107750,6.800000000000001
108000,6.800000000000001
108250,1.2
108500,0.0
108750,31.6
109000,20.8
109250,25.2
109500,9.6
109750,8.799999999999999
110000,0.0
110250,9.6
110500,0.0
110750,6.0
111000,1.2
111250,0.0
111500,2.4
111750,2.0
112000,4.0
112250,6.0
112500,0.8
112750,9.6
113000,9.2
113250,24.0
113500,35.6
113750,26.0
114000,6.0
114250,20.8
114500,28.799999999999997
114750,29.2
115000,3.5999999999999996
115250,4.3999999999999995
115500,17.2
115750,37.6
116000,16.8
116250,16.400000000000002
116500,6.4
116750,0.0
117000,9.6
117250,17.2
117500,0.0
117750,2.4
118000,5.2
118250,0.0
118500,0.0
118750,0.0
119000,9.6
119250,32.4
119500,47.599999999999994
119750,38.0
120000,51.6
120250,63.6
120500,56.8
120750,38.800000000000004
121000,45.6
121250,16.400000000000002
121500,34.0
121750,20.0
122000,24.0
122250,38.4
122500,15.6
122750,24.4
123000,38.4
123250,15.6
123500,25.6
123750,18.0
124000,32.800000000000004
124250,26.400000000000002
