250,0.0
500,0.0
750,0.0
1000,0.0
1250,0.0
1500,0.0
1750,0.0
2000,0.0
2250,99.6
2500,100.0
2750,100.0
3000,20.0
3250,0.0
3500,0.0
3750,0.0
4000,0.0
4250,99.6
4500,100.0
4750,100.0
5000,20.0
5250,0.0
5500,0.0
5750,0.0
6000,0.0
6250,99.6
6500,100.0
6750,100.0
7000,20.0
7250,0.0
7500,0.0
7750,0.0
8000,0.0
8250,99.6
8500,100.0
8750,100.0
9000,20.0
9250,0.0
9500,0.0
9750,0.0
10000,0.0
10250,99.6
10500,100.0
10750,100.0
11000,20.0
11250,0.0
11500,0.0
11750,0.0
12000,0.0
12250,99.6
12500,100.0
12750,100.0
13000,20.0
13250,0.0
13500,0.0
13750,0.0
14000,0.0
14250,99.6
14500,100.0
14750,100.0
15000,20.0
15250,0.0
15500,0.0
15750,0.0
16000,0.0
16250,99.6
16500,100.0
16750,100.0
17000,20.0
17250,0.0
17500,0.0
17750,0.0
18000,0.0
18250,99.6
18500,100.0
18750,100.0
19000,20.0
19250,0.0
19500,0.0
19750,0.0
20000,0.0
20250,99.6
20500,100.0
20750,100.0
21000,20.0
21250,0.0
21500,0.0
21750,0.0
22000,0.0
22250,99.6
22500,100.0
22750,100.0
23000,20.0
23250,0.0
23500,0.0
23750,0.0
24000,0.0
24250,99.6
24500,100.0
24750,100.0
25000,20.0
25250,0.0
25500,0.0
25750,0.0
26000,0.0
26250,99.6
26500,100.0
26750,100.0
27000,20.0
27250,0.0
27500,0.0
27750,0.0
28000,0.0
28250,99.6
28500,100.0
28750,100.0
29000,20.0
29250,0.0
29500,0.0
29750,0.0
30000,0.0
30250,99.6
30500,100.0
30750,100.0
31000,20.0
31250,0.0
31500,0.0
31750,0.0
32000,0.0
32250,99.6
32500,100.0
32750,100.0
33000,20.0
33250,0.0
33500,0.0
33750,0.0
34000,0.0
34250,99.6
34500,100.0
34750,100.0
35000,20.0
35250,0.0
35500,0.0
35750,0.0
36000,0.0
36250,99.6
36500,100.0
36750,100.0
37000,20.0
37250,0.0
37500,0.0
37750,0.0
38000,0.0
38250,99.6
38500,100.0
38750,100.0
39000,20.0
39250,0.0
39500,0.0
39750,0.0
40000,0.0
40250,99.6
40500,100.0
40750,100.0
41000,20.0
41250,0.0
41500,0.0
41750,0.0
42000,0.0
42250,99.6
42500,100.0
42750,100.0
43000,20.0
43250,0.0
43500,0.0
43750,0.0
44000,0.0
44250,99.6
44500,100.0
44750,100.0
45000,20.0
45250,0.0
45500,0.0
45750,0.0
46000,0.0
46250,99.6
46500,100.0
46750,100.0
47000,20.0
47250,0.0
47500,0.0
47750,0.0
48000,0.0
48250,99.6
48500,100.0
48750,100.0
49000,20.0
49250,0.0
49500,0.0
49750,0.0
50000,0.0
50250,99.6
50500,100.0
50750,100.0
51000,20.0
51250,0.0
51500,0.0
51750,0.0
52000,0.0
52250,99.6
52500,100.0
52750,100.0
53000,100.0
53250,100.0
53500,72.8
53750,48.8
54000,54.800000000000004
54250,56.8
54500,51.6
54750,57.99999999999999
55000,51.2
55250,53.6
55500,50.4
55750,54.0
56000,55.60000000000001
56250,40.8
56500,45.2
56750,47.199999999999996
57000,43.2
57250,27.6
57500,49.2
57750,45.6
58000,38.4
58250,46.400000000000006
58500,48.8
58750,48.0
59000,41.199999999999996
59250,44.0
59500,40.8
59750,44.4
60000,50.0
60250,42.0
60500,36.4
60750,30.4
61000,48.0
61250,25.6
61500,9.2
61750,0.0
62000,2.4
62250,27.6
62500,46.0
62750,45.2
63000,37.2
63250,9.6
63500,15.6
63750,47.599999999999994
64000,42.0
64250,36.4
64500,38.4
64750,33.2
65000,33.2
65250,26.400000000000002
65500,72.39999999999999
65750,54.800000000000004
66000,94.39999999999999
66250,93.2
66500,94.8
66750,93.60000000000001
67000,96.0
67250,88.0
67500,89.2
67750,90.4
68000,80.4
68250,57.599999999999994
68500,21.2
68750,48.4
69000,45.2
69250,38.800000000000004
69500,42.0
69750,35.6
70000,43.2
70250,35.6
70500,30.8
70750,46.800000000000004
71000,39.6
71250,53.2
71500,36.0
71750,39.2
72000,38.0
72250,46.0
72500,43.2
72750,36.8
73000,26.8
73250,40.400000000000006
73500,42.8
73750,55.60000000000001
74000,36.4
74250,27.6
74500,33.2
74750,40.400000000000006
75000,36.0
75250,30.0
75500,30.0
75750,19.2
76000,37.6
76250,46.800000000000004
76500,31.2
76750,28.4
77000,28.4
77250,29.599999999999998
77500,31.2
77750,41.6
78000,26.400000000000002
78250,30.8
78500,27.6
78750,34.4
79000,22.400000000000002
79250,24.4
79500,30.4
79750,38.4
80000,42.8
80250,29.599999999999998
80500,21.2
80750,28.4
81000,34.0
81250,38.4
81500,34.4
81750,13.600000000000001
82000,12.0
82250,22.0
82500,38.800000000000004
82750,31.6
83000,37.2
83250,40.400000000000006
83500,29.2
83750,39.2
84000,12.4
84250,21.2
84500,48.4
84750,31.2
85000,41.6
85250,24.4
85500,20.0
85750,34.0
86000,40.0
86250,27.200000000000003
86500,22.8
86750,22.400000000000002
87000,35.6
87250,34.8
87500,16.400000000000002
87750,7.6
88000,15.2
88250,5.2
88500,27.6
88750,46.0
89000,47.599999999999994
89250,47.599999999999994
89500,48.0
89750,61.199999999999996
90000,70.0
90250,81.2
90500,61.199999999999996
90750,72.8
91000,40.0
91250,72.8
91500,90.4
91750,85.6
92000,56.00000000000001
92250,100.0
92500,44.0
92750,64.8
93000,79.2
93250,44.0
93500,88.8
93750,54.800000000000004
94000,51.6
94250,12.8
94500,40.0
94750,63.2
95000,24.0
95250,37.6
95500,28.000000000000004
95750,29.2
96000,22.400000000000002
96250,29.599999999999998
96500,20.0
96750,23.200000000000003
97000,40.8
97250,30.4
97500,22.8
97750,30.4
98000,39.6
98250,30.8
98500,39.6
98750,28.000000000000004
99000,34.0
99250,35.6
99500,44.4
99750,22.8
100000,31.6
100250,30.0
100500,22.0
100750,22.0
101000,26.8
101250,29.599999999999998
101500,39.2
101750,35.6
102000,24.0
102250,14.799999999999999
102500,23.200000000000003
102750,42.0
103000,32.0
103250,33.2
103500,27.6
103750,30.4
104000,47.599999999999994
104250,18.0
104500,38.0
104750,23.200000000000003
105000,24.0
105250,23.599999999999998
105500,19.6
105750,19.6
106000,22.8
106250,19.6
106500,29.599999999999998
106750,28.4
107000,30.0
107250,28.799999999999997
107500,31.6
107750,27.6
108000,22.0
108250,18.8
108500,19.2
108750,39.6
109000,26.400000000000002
109250,38.800000000000004
109500,29.599999999999998
109750,23.200000000000003
110000,16.400000000000002
110250,28.799999999999997
110500,11.600000000000001
110750,34.8
111000,18.0
111250,22.8
111500,12.4
111750,17.599999999999998
112000,6.4
112250,16.400000000000002
112500,12.8
112750,27.200000000000003
113000,32.800000000000004
113250,50.8
113500,37.6
113750,36.0
114000,38.4
114250,38.4
114500,52.800000000000004
114750,35.199999999999996
115000,14.000000000000002
115250,17.2
115500,39.6
115750,39.6
116000,34.0
116250,35.199999999999996
116500,75.2
116750,26.0
117000,39.6
117250,76.8
117500,37.2
117750,28.799999999999997
118000,11.200000000000001
118250,17.599999999999998
118500,6.4
118750,17.599999999999998
119000,23.599999999999998
119250,42.8
119500,53.2
119750,48.0
120000,56.8
120250,64.8
120500,63.6
120750,50.4
121000,62.4
121250,98.8
121500,55.2
121750,86.0
122000,71.2
122250,63.6
122500,93.60000000000001
122750,56.00000000000001
123000,80.0
123250,86.4
123500,47.599999999999994
123750,98.8
124000,60.8
124250,80.0
