250,0.0
500,0.0
750,0.0
1000,0.0
1250,0.0
1500,0.0
1750,0.0
2000,0.0
2250,99.6
2500,100.0
2750,100.0
3000,100.0
3250,100.0
3500,100.0
3750,100.0
4000,100.0
4250,100.0
4500,100.0
4750,100.0
5000,100.0
5250,100.0
5500,100.0
5750,100.0
6000,100.0
6250,100.0
6500,100.0
6750,100.0
7000,100.0
7250,100.0
7500,100.0
7750,100.0
8000,100.0
8250,100.0
8500,100.0
8750,100.0
9000,100.0
9250,100.0
9500,100.0
9750,100.0
10000,100.0
10250,100.0
10500,100.0
10750,100.0
11000,100.0
11250,100.0
11500,100.0
11750,100.0
12000,100.0
12250,100.0
12500,100.0
12750,100.0
13000,100.0
13250,100.0
13500,100.0
13750,100.0
14000,100.0
14250,100.0
14500,100.0
14750,100.0
15000,100.0
15250,100.0
15500,100.0
15750,100.0
16000,100.0
16250,100.0
16500,100.0
16750,100.0
17000,100.0
17250,100.0
17500,100.0
17750,100.0
18000,100.0
18250,100.0
18500,100.0
18750,100.0
19000,100.0
19250,100.0
19500,100.0
19750,100.0
20000,100.0
20250,100.0
20500,100.0
20750,100.0
21000,100.0
21250,100.0
21500,100.0
21750,100.0
22000,100.0
22250,100.0
22500,100.0
22750,100.0
23000,100.0
23250,100.0
23500,100.0
23750,100.0
24000,100.0
24250,100.0
24500,100.0
24750,100.0
25000,100.0
25250,100.0
25500,100.0
25750,100.0
26000,100.0
26250,100.0
26500,100.0
26750,100.0
27000,100.0
27250,100.0
27500,100.0
27750,100.0
28000,100.0
28250,100.0
28500,100.0
28750,100.0
29000,100.0
29250,100.0
29500,100.0
29750,100.0
30000,100.0
30250,100.0
30500,100.0
30750,100.0
31000,100.0
31250,100.0
31500,100.0
31750,100.0
32000,100.0
32250,100.0
32500,100.0
32750,100.0
33000,100.0
33250,100.0
33500,100.0
33750,100.0
34000,100.0
34250,100.0
34500,100.0
34750,100.0
35000,100.0
35250,100.0
35500,100.0
35750,100.0
36000,100.0
36250,100.0
36500,100.0
36750,100.0
37000,100.0
37250,100.0
37500,100.0
37750,100.0
38000,100.0
38250,100.0
38500,100.0
38750,100.0
39000,100.0
39250,100.0
39500,100.0
39750,100.0
40000,100.0
40250,100.0
40500,100.0
40750,100.0
41000,100.0
41250,100.0
41500,100.0
41750,100.0
42000,100.0
42250,100.0
42500,100.0
42750,100.0
43000,100.0
43250,100.0
43500,100.0
43750,100.0
44000,100.0
44250,100.0
44500,100.0
44750,100.0
45000,100.0
45250,100.0
45500,100.0
45750,100.0
46000,100.0
46250,100.0
46500,100.0
46750,100.0
47000,100.0
47250,100.0
47500,100.0
47750,100.0
48000,100.0
48250,100.0
48500,100.0
48750,100.0
49000,100.0
49250,100.0
49500,100.0
49750,100.0
50000,100.0
50250,100.0
50500,100.0
50750,100.0
51000,100.0
51250,100.0
51500,100.0
51750,100.0
52000,100.0
52250,100.0
52500,100.0
52750,100.0
53000,100.0
53250,100.0
53500,100.0
53750,100.0
54000,100.0
54250,100.0
54500,100.0
54750,100.0
55000,100.0
55250,100.0
55500,100.0
55750,100.0
56000,100.0
56250,100.0
56500,100.0
56750,100.0
57000,100.0
57250,100.0
57500,100.0
57750,100.0
58000,100.0
58250,100.0
58500,100.0
58750,100.0
59000,100.0
59250,100.0
59500,100.0
59750,100.0
60000,100.0
60250,100.0
60500,100.0
60750,100.0
61000,100.0
61250,74.4
61500,90.0
61750,100.0
62000,94.8
62250,94.0
62500,93.60000000000001
62750,92.4
63000,91.2
63250,89.60000000000001
63500,93.60000000000001
63750,93.60000000000001
64000,90.8
64250,85.6
64500,94.39999999999999
64750,92.80000000000001
65000,90.0
65250,96.39999999999999
65500,80.4
65750,74.8
66000,96.0
66250,96.8
66500,95.6
66750,93.60000000000001
67000,96.39999999999999
67250,88.4
67500,89.2
67750,90.4
68000,99.2
68250,100.0
68500,100.0
68750,100.0
69000,100.0
69250,100.0
69500,100.0
69750,100.0
70000,100.0
70250,100.0
70500,100.0
70750,100.0
71000,100.0
71250,100.0
71500,100.0
71750,100.0
72000,100.0
72250,100.0
72500,100.0
72750,100.0
73000,100.0
73250,100.0
73500,100.0
73750,100.0
74000,100.0
74250,100.0
74500,95.6
74750,97.2
75000,98.0
75250,95.6
75500,72.0
75750,55.2
76000,95.19999999999999
76250,97.2
76500,93.2
76750,68.4
77000,62.8
77250,61.6
77500,63.2
77750,61.6
78000,60.4
78250,66.0
78500,63.2
78750,65.60000000000001
79000,62.4
79250,34.8
79500,33.2
79750,64.0
80000,81.2
80250,91.2
80500,32.4
80750,30.8
81000,48.0
81250,82.0
81500,95.19999999999999
81750,54.0
82000,57.199999999999996
82250,86.0
82500,94.0
82750,90.8
83000,67.60000000000001
83250,73.6
83500,86.8
83750,91.2
84000,74.8
84250,62.0
84500,83.6
84750,94.0
85000,89.60000000000001
85250,76.0
85500,56.8
85750,90.0
86000,94.0
86250,94.39999999999999
86500,66.4
86750,66.4
87000,94.8
87250,94.0
87500,79.60000000000001
87750,53.6
88000,48.4
88250,65.60000000000001
88500,65.60000000000001
88750,58.4
89000,50.8
89250,52.0
89500,53.6
89750,61.6
90000,71.2
90250,92.80000000000001
90500,96.8
90750,94.39999999999999
91000,56.8
91250,72.8
91500,90.4
91750,85.6
92000,56.00000000000001
92250,100.0
92500,44.0
92750,64.8
93000,79.2
93250,44.0
93500,88.8
93750,54.800000000000004
94000,88.8
94250,16.8
94500,57.199999999999996
94750,71.2
95000,52.800000000000004
95250,67.2
95500,64.8
95750,50.0
96000,28.4
96250,65.60000000000001
96500,63.2
96750,47.599999999999994
97000,60.0
97250,78.0
97500,53.6
97750,34.4
98000,48.0
98250,53.6
98500,56.8
98750,52.400000000000006
99000,48.8
99250,40.0
99500,49.6
99750,57.599999999999994
100000,52.800000000000004
100250,52.800000000000004
100500,27.6
100750,24.4
101000,39.2
101250,52.0
101500,56.39999999999999
101750,56.00000000000001
102000,42.8
102250,20.8
102500,26.400000000000002
102750,60.0
103000,56.8
103250,58.4
103500,62.4
103750,33.2
104000,60.4
104250,72.0
104500,75.2
104750,70.8
105000,57.599999999999994
105250,49.2
105500,45.2
105750,46.400000000000006
106000,36.0
106250,21.6
106500,30.8
106750,32.0
107000,30.0
107250,32.0
107500,32.4
107750,27.6
108000,22.0
108250,19.6
108500,22.0
108750,41.199999999999996
109000,28.4
109250,38.800000000000004
109500,30.4
109750,27.6
110000,17.599999999999998
110250,41.6
110500,40.0
110750,54.0
111000,46.400000000000006
111250,28.799999999999997
111500,12.4
111750,24.4
112000,34.8
112250,37.2
112500,44.4
112750,36.8
113000,35.6
113250,55.60000000000001
113500,70.8
113750,49.6
114000,73.2
114250,40.8
114500,56.00000000000001
114750,64.4
115000,22.8
115250,26.400000000000002
115500,70.0
115750,44.4
116000,40.0
116250,74.8
116500,84.8
116750,31.6
117000,48.0
117250,81.2
117500,37.2
117750,32.800000000000004
118000,20.0
118250,18.8
118500,7.6
118750,19.2
119000,34.8
119250,46.800000000000004
119500,56.39999999999999
119750,50.8
120000,62.8
120250,94.39999999999999
120500,95.6
120750,78.8
121000,62.4
121250,98.8
121500,55.2
121750,86.0
122000,71.6
122250,65.60000000000001
122500,94.8
122750,56.00000000000001
123000,80.0
123250,86.4
123500,47.599999999999994
123750,98.8
124000,60.8
124250,81.6
