250,0.0,0.0
500,0.0,0.0
750,0.0,0.0
1000,0.0,0.0
1250,0.0,0.0
1500,0.0,0.0
1750,0.0,0.0
2000,0.0,0.0
2250,4.3999999999999995,0.0
2500,0.0,0.0
2750,0.0,0.0
3000,74.8,0.0
3250,80.4,0.0
3500,0.0,0.0
3750,0.0,0.0
4000,0.0,0.0
4250,99.6,0.0
4500,100.0,0.0
4750,100.0,0.0
5000,100.0,0.0
5250,80.0,0.0
5500,0.0,0.0
5750,0.0,0.0
6000,0.0,0.0
6250,99.6,0.0
6500,100.0,0.0
6750,100.0,0.0
7000,100.0,0.0
7250,80.0,0.0
7500,0.0,0.0
7750,0.0,0.0
8000,0.0,0.0
8250,99.6,0.0
8500,100.0,0.0
8750,100.0,0.0
9000,100.0,0.0
9250,80.0,0.0
9500,0.0,0.0
9750,0.0,0.0
10000,0.0,0.0
10250,99.6,0.0
10500,100.0,0.0
10750,100.0,0.0
11000,100.0,0.0
11250,80.0,0.0
11500,0.0,0.0
11750,0.0,0.0
12000,0.0,0.0
12250,99.6,0.0
12500,100.0,0.0
12750,100.0,0.0
13000,100.0,0.0
13250,80.0,0.0
13500,0.0,0.0
13750,0.0,0.0
14000,0.0,0.0
14250,99.6,0.0
14500,100.0,0.0
14750,100.0,0.0
15000,100.0,0.0
15250,80.0,0.0
15500,0.0,0.0
15750,0.0,0.0
16000,0.0,0.0
16250,99.6,0.0
16500,100.0,0.0
16750,100.0,0.0
17000,100.0,0.0
17250,75.2,0.0
17500,0.0,0.0
17750,4.8,0.0
18000,0.0,0.0
18250,99.6,0.0
18500,100.0,0.0
18750,100.0,0.0
19000,100.0,0.0
19250,80.0,0.0
19500,0.0,0.0
19750,0.0,0.0
20000,0.0,0.0
20250,99.6,0.0
20500,100.0,0.0
20750,100.0,0.0
21000,100.0,0.0
21250,75.2,0.0
21500,0.0,0.0
21750,0.0,0.0
22000,0.0,0.0
22250,99.6,0.0
22500,100.0,0.0
22750,100.0,0.0
23000,100.0,0.0
23250,75.2,0.0
23500,0.0,0.0
23750,0.0,0.0
24000,4.8,0.0
24250,99.6,0.0
24500,100.0,0.0
24750,100.0,0.0
25000,100.0,0.0
25250,80.0,0.0
25500,0.0,0.0
25750,0.0,0.0
26000,0.0,0.0
26250,99.6,0.0
26500,100.0,0.0
26750,100.0,0.0
27000,100.0,0.0
27250,75.2,0.0
27500,0.0,0.0
27750,0.0,0.0
28000,0.0,0.0
28250,99.6,0.0
28500,100.0,0.0
28750,100.0,0.0
29000,100.0,0.0
29250,75.2,0.0
29500,0.0,0.0
29750,0.0,0.0
30000,4.8,0.0
30250,99.6,0.0
30500,100.0,0.0
30750,100.0,0.0
31000,100.0,0.0
31250,80.0,0.0
31500,0.0,0.0
31750,0.0,0.0
32000,0.0,0.0
32250,99.6,0.0
32500,100.0,0.0
32750,100.0,0.0
33000,100.0,0.0
33250,75.2,0.0
33500,0.0,0.0
33750,0.0,0.0
34000,0.0,0.0
34250,99.6,0.0
34500,100.0,0.0
34750,100.0,0.0
35000,100.0,0.0
35250,75.2,0.0
35500,0.0,0.0
35750,0.0,0.0
36000,4.3999999999999995,0.0
36250,100.0,0.0
36500,100.0,0.0
36750,100.0,0.0
37000,100.0,0.0
37250,80.0,0.0
37500,0.0,0.0
37750,0.0,0.0
38000,0.0,0.0
38250,99.6,0.0
38500,100.0,0.0
38750,100.0,0.0
39000,100.0,0.0
39250,75.2,0.0
39500,0.0,0.0
39750,0.0,0.0
40000,0.0,0.0
40250,99.6,0.0
40500,100.0,0.0
40750,100.0,0.0
41000,100.0,0.0
41250,75.2,0.0
41500,0.0,0.0
41750,0.0,0.0
42000,4.3999999999999995,0.0
42250,100.0,0.0
42500,100.0,0.0
42750,100.0,0.0
43000,100.0,0.0
43250,80.0,0.0
43500,0.0,0.0
43750,0.0,0.0
44000,0.0,0.0
44250,99.6,0.0
44500,100.0,0.0
44750,100.0,0.0
45000,100.0,0.0
45250,75.2,0.0
45500,0.0,0.0
45750,0.0,0.0
46000,0.0,0.0
46250,99.6,0.0
46500,100.0,0.0
46750,100.0,0.0
47000,100.0,0.0
47250,75.2,0.0
47500,0.0,0.0
47750,0.0,0.0
48000,4.3999999999999995,0.0
48250,100.0,0.0
48500,100.0,0.0
48750,100.0,0.0
49000,100.0,0.0
49250,80.0,0.0
49500,0.0,0.0
49750,0.0,0.0
50000,0.0,0.0
50250,99.6,0.0
50500,100.0,0.0
50750,100.0,0.0
51000,100.0,0.0
51250,75.2,0.0
51500,0.0,0.0
51750,0.0,0.0
52000,0.0,0.0
52250,99.6,0.0
52500,100.0,0.0
52750,100.0,0.0
53000,100.0,0.0
53250,100.0,0.0
53500,100.0,0.0
53750,100.0,0.0
54000,100.0,0.0
54250,90.4,0.0
54500,52.0,0.0
54750,57.99999999999999,0.0
55000,52.800000000000004,0.0
55250,53.6,0.0
55500,52.0,0.0
55750,54.0,0.0
56000,55.60000000000001,0.0
56250,40.8,0.0
56500,45.2,0.0
56750,47.199999999999996,0.0
57000,43.6,0.0
57250,28.000000000000004,0.0
57500,49.2,0.0
57750,45.6,0.0
58000,40.8,0.0
58250,46.400000000000006,0.0
58500,48.8,0.0
58750,50.4,0.0
59000,42.4,0.0
59250,44.0,0.0
59500,40.8,0.0
59750,44.4,0.0
60000,50.0,0.0
60250,44.0,0.0
60500,38.0,0.0
60750,30.4,0.0
61000,48.0,0.0
61250,25.6,0.0
61500,9.2,0.0
61750,0.0,0.0
62000,8.799999999999999,0.0
62250,38.4,0.0
62500,46.800000000000004,0.0
62750,47.599999999999994,0.0
63000,37.6,0.0
63250,9.6,0.0
63500,17.2,0.0
63750,48.0,0.0
64000,42.0,0.0
64250,36.4,0.0
64500,38.800000000000004,0.0
64750,34.4,0.0
65000,33.2,0.0
65250,26.400000000000002,0.0
65500,72.39999999999999,0.0
65750,58.8,0.0
66000,94.8,0.0
66250,93.2,0.0
66500,94.8,0.0
66750,93.60000000000001,0.0
67000,96.0,0.0
67250,88.0,0.0
67500,89.2,0.0
67750,90.4,0.0
68000,80.4,0.0
68250,57.599999999999994,0.0
68500,21.2,0.0
68750,48.4,0.0
69000,45.2,0.0
69250,43.2,0.0
69500,44.4,0.0
69750,64.4,0.0
70000,63.6,0.0
70250,62.8,0.0
70500,34.0,0.0
70750,47.599999999999994,0.0
71000,67.2,0.0
71250,70.0,0.0
71500,66.0,0.0
71750,39.2,0.0
72000,41.199999999999996,0.0
72250,69.19999999999999,0.0
72500,66.8,0.0
72750,67.2,0.0
73000,30.8,0.0
73250,43.2,0.0
73500,68.0,0.0
73750,72.0,0.0
74000,66.4,0.0
74250,34.0,0.0
74500,34.4,0.0
74750,61.199999999999996,0.0
75000,54.400000000000006,0.0
75250,58.4,0.0
75500,39.2,0.0
75750,19.6,0.0
76000,53.2,0.0
76250,68.4,0.0
76500,61.6,0.0
76750,35.6,0.0
77000,28.4,0.0
77250,30.0,0.0
77500,32.800000000000004,0.0
77750,41.6,0.0
78000,26.400000000000002,0.0
78250,32.0,0.0
78500,27.6,0.0
78750,34.4,0.0
79000,23.200000000000003,0.0
79250,25.2,0.0
79500,30.8,0.0
79750,38.800000000000004,0.0
80000,43.6,0.0
80250,32.0,0.0
80500,21.2,0.0
80750,29.599999999999998,0.0
81000,48.0,0.0
81250,63.6,0.0
81500,63.2,0.0
81750,22.0,0.0
82000,12.8,0.0
82250,50.0,0.0
82500,57.99999999999999,0.0
82750,58.8,0.0
83000,37.2,0.0
83250,43.2,0.0
83500,57.599999999999994,0.0
83750,60.0,0.0
84000,40.0,0.0
84250,22.0,0.0
84500,54.800000000000004,0.0
84750,62.8,0.0
85000,61.199999999999996,0.0
85250,42.0,0.0
85500,20.8,0.0
85750,54.800000000000004,0.0
86000,62.0,0.0
86250,58.4,0.0
86500,29.599999999999998,0.0
86750,24.8,0.0
87000,62.4,0.0
87250,62.4,0.0
87500,44.800000000000004,0.0
87750,8.4,0.0
88000,15.2,0.0
88250,7.6,0.0
88500,30.4,0.0
88750,50.0,0.0
89000,50.0,0.0
89250,51.2,0.0
89500,48.0,0.0
89750,61.199999999999996,0.0
90000,70.0,0.0
90250,81.2,0.0
90500,61.199999999999996,0.0
90750,72.8,0.0
91000,40.0,0.0
91250,72.8,0.0
91500,90.4,0.0
91750,85.6,0.0
92000,56.00000000000001,0.0
92250,100.0,0.0
92500,44.0,0.0
92750,64.8,0.0
93000,79.2,0.0
93250,44.0,0.0
93500,88.8,0.0
93750,54.800000000000004,0.0
94000,51.6,0.0
94250,15.2,0.0
94500,42.4,0.0
94750,63.2,0.0
95000,48.8,0.0
95250,62.8,0.0
95500,28.000000000000004,0.0
95750,29.599999999999998,0.0
96000,22.400000000000002,0.0
96250,30.4,0.0
96500,30.8,0.0
96750,23.200000000000003,0.0
97000,41.199999999999996,0.0
97250,31.6,0.0
97500,24.0,0.0
97750,34.4,0.0
98000,47.199999999999996,0.0
98250,52.800000000000004,0.0
98500,56.8,0.0
98750,52.400000000000006,0.0
99000,48.0,0.0
99250,36.8,0.0
99500,49.6,0.0
99750,56.8,0.0
100000,50.4,0.0
100250,52.800000000000004,0.0
100500,27.200000000000003,0.0
100750,22.8,0.0
101000,36.0,0.0
101250,31.2,0.0
101500,39.2,0.0
101750,35.6,0.0
102000,26.0,0.0
102250,17.2,0.0
102500,25.2,0.0
102750,50.4,0.0
103000,46.800000000000004,0.0
103250,52.800000000000004,0.0
103500,52.400000000000006,0.0
103750,31.6,0.0
104000,49.2,0.0
104250,44.4,0.0
104500,53.2,0.0
104750,46.800000000000004,0.0
105000,33.6,0.0
105250,23.599999999999998,0.0
105500,20.4,0.0
105750,19.6,0.0
106000,23.200000000000003,0.0
106250,20.0,0.0
106500,30.4,0.0
106750,30.4,0.0
107000,30.0,0.0
107250,29.2,0.0
107500,31.6,0.0
107750,27.6,0.0
108000,22.0,0.0
108250,18.8,0.0
108500,21.2,0.0
108750,39.6,0.0
109000,27.200000000000003,0.0
109250,38.800000000000004,0.0
109500,29.599999999999998,0.0
109750,23.200000000000003,0.0
110000,16.8,0.0
110250,40.0,0.0
110500,22.8,0.0
110750,38.0,0.0
111000,18.8,0.0
111250,23.200000000000003,0.0
111500,12.4,0.0
111750,24.0,0.0
112000,10.8,0.0
112250,18.0,0.0
112500,17.599999999999998,0.0
112750,28.000000000000004,0.0
113000,34.0,0.0
113250,54.800000000000004,0.0
113500,70.0,0.0
113750,49.6,0.0
114000,72.8,0.0
114250,38.4,0.0
114500,54.0,0.0
114750,64.0,0.0
115000,22.400000000000002,0.0
115250,21.2,0.0
115500,70.0,0.0
115750,43.2,0.0
116000,38.4,0.0
116250,62.8,0.0
116500,84.8,0.0
116750,26.0,0.0
117000,40.400000000000006,0.0
117250,78.8,0.0
117500,37.2,0.0
117750,30.4,0.0
118000,18.0,0.0
118250,18.4,0.0
118500,6.4,0.0
118750,18.8,0.0
119000,25.2,0.0
119250,46.400000000000006,0.0
119500,56.00000000000001,0.0
119750,50.0,0.0
120000,62.4,0.0
120250,64.8,0.0
120500,63.6,0.0
120750,50.4,0.0
121000,62.4,0.0
121250,98.8,0.0
121500,55.2,0.0
121750,86.0,0.0
122000,71.2,0.0
122250,64.8,0.0
122500,93.60000000000001,0.0
122750,56.00000000000001,0.0
123000,80.0,0.0
123250,86.4,0.0
123500,47.599999999999994,0.0
123750,98.8,0.0
124000,60.8,0.0
124250,81.2,0.0
