200,83.54888233355572,16.451117666444283,23.602569593147752
400,72.56834202763422,27.431657972365787,30.668950749464667
600,66.29156585832442,33.708434141675575,34.68608137044968
800,61.34345033799262,38.65654966200738,36.17473233404711
1000,55.028092371253344,44.971907628746656,41.0389721627409
1200,49.55188849860543,50.448111501394564,45.573447537473236
1400,41.83472522526143,58.16527477473857,26.752890792291222
1600,33.135333692358394,66.86466630764161,18.841113490364027
1800,22.836405141024507,77.16359485897549,8.089935760171306
2000,15.553287088762247,84.44671291123775,1.852676659528908
2200,14.112899984728038,85.88710001527197,1.6591006423982868
2400,12.776201461285577,87.22379853871442,1.2788008565310494
2600,11.462008986343651,88.53799101365635,0.886509635974304
2800,10.503090562731591,89.49690943726841,0.6595289079229122
3000,9.934812838093094,90.0651871619069,0.4993576017130621
3200,9.528096390190578,90.47190360980942,0.44967880085653106
3400,9.091639806769498,90.9083601932305,0.3614561027837259
3600,8.725112731189364,91.27488726881063,0.33576017130620983
3800,8.313573558608162,91.68642644139183,0.3117773019271948
4000,7.8996230236876155,92.10037697631238,0.2398286937901499
