200,83.43795966594594,16.56204033405406
400,72.56432309040197,27.43567690959803
600,66.31487569427141,33.68512430572859
800,61.359526086921576,38.640473913078424
1000,55.03291509593203,44.96708490406797
1200,48.99888273544944,51.001117264550565
1400,43.40211074583437,56.59788925416562
1600,32.82909067526184,67.17090932473818
1800,22.932859634598227,77.06714036540177
2000,15.410212923294564,84.58978707670543
2200,14.018856853493661,85.98114314650633
2400,12.832466582536913,87.16753341746309
2600,12.88551655400246,87.11448344599754
2800,11.536761218863283,88.46323878113672
3000,10.148620298848172,89.85137970115183
3200,9.760390962213952,90.23960903778605
3400,9.275707132006012,90.72429286799398
3600,8.945350491516022,91.05464950848398
3800,8.562747667006937,91.43725233299307
4000,8.127898658478752,91.87210134152124
