250,0.0,0.0
500,0.0,0.0
750,0.0,0.0
1000,0.0,0.0
1250,0.0,0.0
1500,0.0,0.0
1750,0.0,0.0
2000,0.0,0.0
2250,99.6,0.0
2500,100.0,0.0
2750,100.0,0.0
3000,100.0,0.0
3250,100.0,0.0
3500,100.0,0.0
3750,100.0,0.0
4000,100.0,0.0
4250,100.0,0.0
4500,100.0,0.0
4750,100.0,0.0
5000,100.0,0.0
5250,100.0,0.0
5500,100.0,0.0
5750,100.0,0.0
6000,100.0,0.0
6250,100.0,0.0
6500,100.0,0.0
6750,100.0,0.0
7000,100.0,0.0
7250,100.0,0.0
7500,100.0,0.0
7750,100.0,0.0
8000,100.0,0.0
8250,100.0,0.0
8500,100.0,0.0
8750,100.0,0.0
9000,100.0,0.0
9250,100.0,0.0
9500,100.0,0.0
9750,100.0,0.0
10000,100.0,0.0
10250,100.0,0.0
10500,100.0,0.0
10750,100.0,0.0
11000,100.0,0.0
11250,100.0,0.0
11500,100.0,0.0
11750,100.0,0.0
12000,100.0,0.0
12250,100.0,0.0
12500,100.0,0.0
12750,100.0,0.0
13000,100.0,0.0
13250,100.0,0.0
13500,100.0,0.0
13750,100.0,0.0
14000,100.0,0.0
14250,100.0,0.0
14500,100.0,0.0
14750,100.0,0.0
15000,100.0,0.0
15250,100.0,0.0
15500,100.0,0.0
15750,100.0,0.0
16000,100.0,0.0
16250,100.0,0.0
16500,100.0,0.0
16750,100.0,0.0
17000,100.0,0.0
17250,100.0,0.0
17500,100.0,0.0
17750,100.0,0.0
18000,100.0,0.0
18250,100.0,0.0
18500,100.0,0.0
18750,100.0,0.0
19000,100.0,0.0
19250,100.0,0.0
19500,100.0,0.0
19750,100.0,0.0
20000,100.0,0.0
20250,100.0,0.0
20500,100.0,0.0
20750,100.0,0.0
21000,100.0,0.0
21250,100.0,0.0
21500,100.0,0.0
21750,100.0,0.0
22000,100.0,0.0
22250,100.0,0.0
22500,100.0,0.0
22750,100.0,0.0
23000,100.0,0.0
23250,100.0,0.0
23500,100.0,0.0
23750,100.0,0.0
24000,100.0,0.0
24250,100.0,0.0
24500,100.0,0.0
24750,100.0,0.0
25000,100.0,0.0
25250,100.0,0.0
25500,100.0,0.0
25750,100.0,0.0
26000,100.0,0.0
26250,100.0,0.0
26500,100.0,0.0
26750,100.0,0.0
27000,100.0,0.0
27250,100.0,0.0
27500,100.0,0.0
27750,100.0,0.0
28000,100.0,0.0
28250,100.0,0.0
28500,100.0,0.0
28750,100.0,0.0
29000,100.0,0.0
29250,100.0,0.0
29500,100.0,0.0
29750,100.0,0.0
30000,100.0,0.0
30250,100.0,0.0
30500,100.0,0.0
30750,100.0,0.0
31000,100.0,0.0
31250,100.0,0.0
31500,100.0,0.0
31750,100.0,0.0
32000,100.0,0.0
32250,100.0,0.0
32500,100.0,0.0
32750,100.0,0.0
33000,100.0,0.0
33250,100.0,0.0
33500,100.0,0.0
33750,100.0,0.0
34000,100.0,0.0
34250,100.0,0.0
34500,100.0,0.0
34750,100.0,0.0
35000,100.0,0.0
35250,100.0,0.0
35500,100.0,0.0
35750,100.0,0.0
36000,100.0,0.0
36250,100.0,0.0
36500,100.0,0.0
36750,100.0,0.0
37000,100.0,0.0
37250,100.0,0.0
37500,100.0,0.0
37750,100.0,0.0
38000,100.0,0.0
38250,100.0,0.0
38500,100.0,0.0
38750,100.0,0.0
39000,100.0,0.0
39250,100.0,0.0
39500,100.0,0.0
39750,100.0,0.0
40000,100.0,0.0
40250,100.0,0.0
40500,100.0,0.0
40750,100.0,0.0
41000,100.0,0.0
41250,100.0,0.0
41500,100.0,0.0
41750,100.0,0.0
42000,100.0,0.0
42250,100.0,0.0
42500,100.0,0.0
42750,100.0,0.0
43000,100.0,0.0
43250,100.0,0.0
43500,100.0,0.0
43750,100.0,0.0
44000,100.0,0.0
44250,100.0,0.0
44500,100.0,0.0
44750,100.0,0.0
45000,100.0,0.0
45250,100.0,0.0
45500,100.0,0.0
45750,100.0,0.0
46000,100.0,0.0
46250,100.0,0.0
46500,100.0,0.0
46750,100.0,0.0
47000,100.0,0.0
47250,100.0,0.0
47500,100.0,0.0
47750,100.0,0.0
48000,100.0,0.0
48250,100.0,0.0
48500,100.0,0.0
48750,100.0,0.0
49000,100.0,0.0
49250,100.0,0.0
49500,100.0,0.0
49750,100.0,0.0
50000,100.0,0.0
50250,100.0,0.0
50500,100.0,0.0
50750,100.0,0.0
51000,100.0,0.0
51250,100.0,0.0
51500,100.0,0.0
51750,100.0,0.0
52000,100.0,0.0
52250,100.0,0.0
52500,100.0,0.0
52750,100.0,0.0
53000,100.0,0.0
53250,100.0,0.0
53500,100.0,0.0
53750,100.0,0.0
54000,100.0,0.0
54250,100.0,0.0
54500,100.0,0.0
54750,100.0,0.0
55000,100.0,0.0
55250,100.0,0.0
55500,100.0,0.0
55750,100.0,0.0
56000,100.0,0.0
56250,100.0,0.0
56500,100.0,0.0
56750,100.0,0.0
57000,100.0,0.0
57250,100.0,0.0
57500,100.0,0.0
57750,100.0,0.0
58000,100.0,0.0
58250,100.0,0.0
58500,100.0,0.0
58750,100.0,0.0
59000,100.0,0.0
59250,100.0,0.0
59500,100.0,0.0
59750,100.0,0.0
60000,100.0,0.0
60250,100.0,0.0
60500,100.0,0.0
60750,100.0,0.0
61000,100.0,0.0
61250,74.4,0.0
61500,90.0,0.0
61750,100.0,0.0
62000,94.8,0.0
62250,94.0,0.0
62500,93.60000000000001,0.0
62750,92.4,0.0
63000,91.2,0.0
63250,89.60000000000001,0.0
63500,93.60000000000001,0.0
63750,93.60000000000001,0.0
64000,90.8,0.0
64250,85.6,0.0
64500,94.39999999999999,0.0
64750,92.80000000000001,0.0
65000,90.0,0.0
65250,96.39999999999999,0.0
65500,80.4,0.0
65750,74.8,0.0
66000,96.0,0.0
66250,96.8,0.0
66500,95.6,0.0
66750,93.60000000000001,0.0
67000,96.39999999999999,0.0
67250,88.4,0.0
67500,89.2,0.0
67750,90.4,0.0
68000,99.2,0.0
68250,100.0,0.0
68500,100.0,0.0
68750,100.0,0.0
69000,100.0,0.0
69250,100.0,0.0
69500,100.0,0.0
69750,100.0,0.0
70000,100.0,0.0
70250,100.0,0.0
70500,100.0,0.0
70750,100.0,0.0
71000,100.0,0.0
71250,100.0,0.0
71500,100.0,0.0
71750,100.0,0.0
72000,100.0,0.0
72250,100.0,0.0
72500,100.0,0.0
72750,100.0,0.0
73000,100.0,0.0
73250,100.0,0.0
73500,100.0,0.0
73750,100.0,0.0
74000,100.0,0.0
74250,100.0,0.0
74500,95.6,0.0
74750,97.2,0.0
75000,98.0,0.0
75250,95.6,0.0
75500,72.0,0.0
75750,55.2,0.0
76000,95.19999999999999,0.0
76250,92.80000000000001,0.0
76500,93.2,0.0
76750,68.4,0.0
77000,61.199999999999996,0.0
77250,61.199999999999996,0.0
77500,61.199999999999996,0.0
77750,59.599999999999994,0.0
78000,60.4,0.0
78250,65.60000000000001,0.0
78500,63.6,0.0
78750,65.60000000000001,0.0
79000,63.2,0.0
79250,58.8,0.0
79500,64.8,0.0
79750,96.39999999999999,0.0
80000,93.60000000000001,0.0
80250,95.6,0.0
80500,92.80000000000001,0.0
80750,94.0,0.0
81000,97.2,0.0
81250,93.2,0.0
81500,95.6,0.0
81750,77.2,0.0
82000,98.0,0.0
82250,88.8,0.0
82500,93.60000000000001,0.0
82750,96.0,0.0
83000,97.2,0.0
83250,94.8,0.0
83500,86.8,0.0
83750,99.2,0.0
84000,84.0,0.0
84250,96.0,0.0
84500,95.6,0.0
84750,94.0,0.0
85000,91.2,0.0
85250,92.4,0.0
85500,94.39999999999999,0.0
85750,98.4,0.0
86000,94.0,0.0
86250,93.60000000000001,0.0
86500,92.0,0.0
86750,76.0,0.0
87000,95.19999999999999,0.0
87250,95.19999999999999,0.0
87500,80.0,0.0
87750,54.400000000000006,0.0
88000,48.0,0.0
88250,65.2,0.0
88500,65.60000000000001,0.0
88750,58.4,0.0
89000,51.6,0.0
89250,52.800000000000004,0.0
89500,53.6,0.0
89750,61.199999999999996,0.0
90000,71.2,0.0
90250,93.2,0.0
90500,97.2,0.0
90750,94.0,0.0
91000,90.4,0.0
91250,95.19999999999999,0.0
91500,90.4,0.0
91750,98.8,0.0
92000,98.8,0.0
92250,100.0,0.0
92500,100.0,0.0
92750,100.0,0.0
93000,100.0,0.0
93250,100.0,0.0
93500,100.0,0.0
93750,100.0,0.0
94000,88.8,0.0
94250,20.0,0.0
94500,84.8,0.0
94750,97.2,0.0
95000,87.6,0.0
95250,67.2,0.0
95500,65.2,0.0
95750,50.0,0.0
96000,29.599999999999998,0.0
96250,65.60000000000001,0.0
96500,71.6,0.0
96750,88.4,0.0
97000,60.0,0.0
97250,78.8,0.0
97500,73.2,0.0
97750,95.6,0.0
98000,97.6,0.0
98250,89.60000000000001,0.0
98500,80.4,0.0
98750,93.2,0.0
99000,76.4,0.0
99250,68.4,0.0
99500,73.2,0.0
99750,91.2,0.0
100000,98.8,0.0
100250,98.4,0.0
100500,76.4,0.0
100750,73.2,0.0
101000,88.4,0.0
101250,98.8,0.0
101500,98.8,0.0
101750,98.8,0.0
102000,90.4,0.0
102250,68.8,0.0
102500,43.2,0.0
102750,78.4,0.0
103000,77.60000000000001,0.0
103250,83.2,0.0
103500,67.60000000000001,0.0
103750,44.800000000000004,0.0
104000,57.99999999999999,0.0
104250,90.8,0.0
104500,94.8,0.0
104750,93.60000000000001,0.0
105000,75.6,0.0
105250,68.0,0.0
105500,66.8,0.0
105750,63.6,0.0
106000,65.2,0.0
106250,64.8,0.0
106500,60.8,0.0
106750,51.6,0.0
107000,51.2,0.0
107250,42.0,0.0
107500,54.400000000000006,0.0
107750,60.4,0.0
108000,62.0,0.0
108250,56.00000000000001,0.0
108500,60.0,0.0
108750,73.2,0.0
109000,76.0,0.0
109250,75.6,0.0
109500,78.0,0.0
109750,74.8,0.0
110000,73.6,0.0
110250,86.8,0.0
110500,89.60000000000001,0.0
110750,96.39999999999999,0.0
111000,95.19999999999999,0.0
111250,88.8,0.0
111500,84.39999999999999,0.0
111750,88.0,0.0
112000,85.2,0.0
112250,90.0,0.0
112500,92.0,0.0
112750,64.0,0.0
113000,50.4,0.0
113250,57.99999999999999,0.0
113500,58.8,0.0
113750,47.599999999999994,0.0
114000,60.4,0.0
114250,34.4,0.0
114500,50.4,0.0
114750,89.60000000000001,0.0
115000,77.2,0.0
115250,34.8,0.0
115500,67.60000000000001,0.0
115750,40.400000000000006,0.0
116000,38.4,0.0
116250,63.6,0.0
116500,82.8,0.0
116750,27.200000000000003,0.0
117000,61.6,0.0
117250,95.6,0.0
117500,65.2,0.0
117750,62.0,0.0
118000,51.6,0.0
118250,57.99999999999999,0.0
118500,49.2,0.0
118750,54.0,0.0
119000,40.400000000000006,0.0
119250,44.4,0.0
119500,56.00000000000001,0.0
119750,52.400000000000006,0.0
120000,63.6,0.0
120250,93.60000000000001,0.0
120500,95.19999999999999,0.0
120750,99.2,0.0
121000,98.0,0.0
121250,98.8,0.0
121500,89.2,0.0
121750,97.2,0.0
122000,87.2,0.0
122250,68.4,0.0
122500,93.60000000000001,0.0
122750,50.4,0.0
123000,77.2,0.0
123250,85.2,0.0
123500,43.2,0.0
123750,99.2,0.0
124000,60.8,0.0
124250,81.2,0.0
