250,0.0,0.0
500,0.0,0.0
750,0.0,0.0
1000,0.0,0.0
1250,0.0,0.0
1500,0.0,0.0
1750,0.0,0.0
2000,0.0,0.0
2250,19.2,0.0
2500,100.0,0.0
2750,100.0,0.0
3000,100.0,0.0
3250,100.0,0.0
3500,100.0,0.0
3750,100.0,0.0
4000,20.4,0.0
4250,26.400000000000002,0.0
4500,100.0,0.0
4750,100.0,0.0
5000,100.0,0.0
5250,100.0,0.0
5500,100.0,0.0
5750,100.0,0.0
6000,92.4,0.0
6250,99.6,0.0
6500,100.0,0.0
6750,100.0,0.0
7000,100.0,0.0
7250,100.0,0.0
7500,100.0,0.0
7750,100.0,0.0
8000,20.0,0.0
8250,26.400000000000002,0.0
8500,100.0,0.0
8750,100.0,0.0
9000,100.0,0.0
9250,100.0,0.0
9500,100.0,0.0
9750,100.0,0.0
10000,20.0,0.0
10250,99.6,0.0
10500,100.0,0.0
10750,100.0,0.0
11000,100.0,0.0
11250,100.0,0.0
11500,100.0,0.0
11750,100.0,0.0
12000,20.0,0.0
12250,99.6,0.0
12500,100.0,0.0
12750,100.0,0.0
13000,100.0,0.0
13250,100.0,0.0
13500,100.0,0.0
13750,100.0,0.0
14000,20.0,0.0
14250,99.6,0.0
14500,100.0,0.0
14750,100.0,0.0
15000,100.0,0.0
15250,100.0,0.0
15500,100.0,0.0
15750,100.0,0.0
16000,20.0,0.0
16250,99.6,0.0
16500,100.0,0.0
16750,100.0,0.0
17000,100.0,0.0
17250,100.0,0.0
17500,100.0,0.0
17750,100.0,0.0
18000,20.0,0.0
18250,99.6,0.0
18500,100.0,0.0
18750,100.0,0.0
19000,100.0,0.0
19250,100.0,0.0
19500,100.0,0.0
19750,100.0,0.0
20000,20.0,0.0
20250,99.6,0.0
20500,100.0,0.0
20750,100.0,0.0
21000,100.0,0.0
21250,100.0,0.0
21500,100.0,0.0
21750,100.0,0.0
22000,20.0,0.0
22250,99.6,0.0
22500,100.0,0.0
22750,100.0,0.0
23000,100.0,0.0
23250,100.0,0.0
23500,100.0,0.0
23750,100.0,0.0
24000,20.0,0.0
24250,99.6,0.0
24500,100.0,0.0
24750,100.0,0.0
25000,100.0,0.0
25250,100.0,0.0
25500,100.0,0.0
25750,100.0,0.0
26000,20.0,0.0
26250,99.6,0.0
26500,100.0,0.0
26750,100.0,0.0
27000,100.0,0.0
27250,100.0,0.0
27500,100.0,0.0
27750,100.0,0.0
28000,20.0,0.0
28250,99.6,0.0
28500,100.0,0.0
28750,100.0,0.0
29000,100.0,0.0
29250,100.0,0.0
29500,100.0,0.0
29750,100.0,0.0
30000,20.0,0.0
30250,99.6,0.0
30500,100.0,0.0
30750,100.0,0.0
31000,100.0,0.0
31250,100.0,0.0
31500,100.0,0.0
31750,100.0,0.0
32000,20.0,0.0
32250,99.6,0.0
32500,100.0,0.0
32750,100.0,0.0
33000,100.0,0.0
33250,100.0,0.0
33500,100.0,0.0
33750,100.0,0.0
34000,20.0,0.0
34250,99.6,0.0
34500,100.0,0.0
34750,100.0,0.0
35000,100.0,0.0
35250,100.0,0.0
35500,100.0,0.0
35750,100.0,0.0
36000,20.0,0.0
36250,99.6,0.0
36500,100.0,0.0
36750,100.0,0.0
37000,100.0,0.0
37250,100.0,0.0
37500,100.0,0.0
37750,100.0,0.0
38000,20.0,0.0
38250,99.6,0.0
38500,100.0,0.0
38750,100.0,0.0
39000,100.0,0.0
39250,100.0,0.0
39500,100.0,0.0
39750,100.0,0.0
40000,20.0,0.0
40250,99.6,0.0
40500,100.0,0.0
40750,100.0,0.0
41000,100.0,0.0
41250,100.0,0.0
41500,100.0,0.0
41750,100.0,0.0
42000,20.0,0.0
42250,99.6,0.0
42500,100.0,0.0
42750,100.0,0.0
43000,100.0,0.0
43250,100.0,0.0
43500,100.0,0.0
43750,100.0,0.0
44000,20.0,0.0
44250,99.6,0.0
44500,100.0,0.0
44750,100.0,0.0
45000,100.0,0.0
45250,100.0,0.0
45500,100.0,0.0
45750,100.0,0.0
46000,20.0,0.0
46250,99.6,0.0
46500,100.0,0.0
46750,100.0,0.0
47000,100.0,0.0
47250,100.0,0.0
47500,100.0,0.0
47750,100.0,0.0
48000,20.0,0.0
48250,99.6,0.0
48500,100.0,0.0
48750,100.0,0.0
49000,100.0,0.0
49250,100.0,0.0
49500,100.0,0.0
49750,100.0,0.0
50000,20.0,0.0
50250,99.6,0.0
50500,100.0,0.0
50750,100.0,0.0
51000,100.0,0.0
51250,100.0,0.0
51500,100.0,0.0
51750,100.0,0.0
52000,20.0,0.0
52250,99.6,0.0
52500,100.0,0.0
52750,100.0,0.0
53000,100.0,0.0
53250,100.0,0.0
53500,100.0,0.0
53750,100.0,0.0
54000,100.0,0.0
54250,100.0,0.0
54500,100.0,0.0
54750,100.0,0.0
55000,100.0,0.0
55250,100.0,0.0
55500,100.0,0.0
55750,100.0,0.0
56000,100.0,0.0
56250,100.0,0.0
56500,100.0,0.0
56750,100.0,0.0
57000,100.0,0.0
57250,100.0,0.0
57500,100.0,0.0
57750,100.0,0.0
58000,100.0,0.0
58250,100.0,0.0
58500,96.0,0.0
58750,84.39999999999999,0.0
59000,94.39999999999999,0.0
59250,94.39999999999999,0.0
59500,93.60000000000001,0.0
59750,92.80000000000001,0.0
60000,96.0,0.0
60250,92.4,0.0
60500,90.0,0.0
60750,88.4,0.0
61000,95.6,0.0
61250,72.0,0.0
61500,82.8,0.0
61750,100.0,0.0
62000,94.8,0.0
62250,93.60000000000001,0.0
62500,92.80000000000001,0.0
62750,92.4,0.0
63000,88.0,0.0
63250,89.2,0.0
63500,93.60000000000001,0.0
63750,92.80000000000001,0.0
64000,90.4,0.0
64250,84.8,0.0
64500,92.0,0.0
64750,92.80000000000001,0.0
65000,90.0,0.0
65250,96.39999999999999,0.0
65500,79.60000000000001,0.0
65750,68.4,0.0
66000,94.8,0.0
66250,94.0,0.0
66500,94.8,0.0
66750,93.2,0.0
67000,96.0,0.0
67250,86.4,0.0
67500,89.2,0.0
67750,90.4,0.0
68000,92.80000000000001,0.0
68250,98.4,0.0
68500,88.4,0.0
68750,95.19999999999999,0.0
69000,96.8,0.0
69250,97.2,0.0
69500,96.8,0.0
69750,98.8,0.0
70000,95.19999999999999,0.0
70250,96.8,0.0
70500,93.60000000000001,0.0
70750,96.0,0.0
71000,78.8,0.0
71250,81.2,0.0
71500,68.0,0.0
71750,39.6,0.0
72000,42.4,0.0
72250,69.19999999999999,0.0
72500,68.4,0.0
72750,67.2,0.0
73000,32.0,0.0
73250,43.6,0.0
73500,68.0,0.0
73750,75.6,0.0
74000,96.0,0.0
74250,66.0,0.0
74500,63.6,0.0
74750,97.2,0.0
75000,96.8,0.0
75250,95.6,0.0
75500,66.8,0.0
75750,55.2,0.0
76000,66.4,0.0
76250,57.599999999999994,0.0
76500,59.199999999999996,0.0
76750,62.4,0.0
77000,54.800000000000004,0.0
77250,54.800000000000004,0.0
77500,54.800000000000004,0.0
77750,54.0,0.0
78000,60.0,0.0
78250,59.599999999999994,0.0
78500,62.0,0.0
78750,65.60000000000001,0.0
79000,60.8,0.0
79250,57.199999999999996,0.0
79500,62.8,0.0
79750,96.39999999999999,0.0
80000,91.2,0.0
80250,64.0,0.0
80500,31.6,0.0
80750,41.199999999999996,0.0
81000,96.8,0.0
81250,89.60000000000001,0.0
81500,94.8,0.0
81750,55.2,0.0
82000,57.199999999999996,0.0
82250,88.0,0.0
82500,88.8,0.0
82750,84.8,0.0
83000,56.8,0.0
83250,32.4,0.0
83500,60.8,0.0
83750,70.8,0.0
84000,36.0,0.0
84250,24.0,0.0
84500,50.0,0.0
84750,72.8,0.0
85000,87.2,0.0
85250,72.0,0.0
85500,55.2,0.0
85750,84.0,0.0
86000,88.0,0.0
86250,92.4,0.0
86500,63.6,0.0
86750,59.199999999999996,0.0
87000,93.2,0.0
87250,88.8,0.0
87500,79.60000000000001,0.0
87750,51.6,0.0
88000,48.0,0.0
88250,15.2,0.0
88500,32.4,0.0
88750,48.8,0.0
89000,51.6,0.0
89250,51.2,0.0
89500,50.4,0.0
89750,61.199999999999996,0.0
90000,70.8,0.0
90250,92.80000000000001,0.0
90500,96.8,0.0
90750,94.0,0.0
91000,55.2,0.0
91250,72.8,0.0
91500,90.4,0.0
91750,85.6,0.0
92000,56.00000000000001,0.0
92250,100.0,0.0
92500,44.0,0.0
92750,64.8,0.0
93000,79.2,0.0
93250,44.0,0.0
93500,88.8,0.0
93750,54.800000000000004,0.0
94000,51.6,0.0
94250,17.599999999999998,0.0
94500,57.199999999999996,0.0
94750,71.2,0.0
95000,53.2,0.0
95250,67.2,0.0
95500,65.2,0.0
95750,50.0,0.0
96000,29.2,0.0
96250,65.60000000000001,0.0
96500,64.0,0.0
96750,48.0,0.0
97000,55.60000000000001,0.0
97250,57.599999999999994,0.0
97500,29.599999999999998,0.0
97750,34.0,0.0
98000,46.0,0.0
98250,52.800000000000004,0.0
98500,56.8,0.0
98750,52.400000000000006,0.0
99000,48.4,0.0
99250,39.6,0.0
99500,49.6,0.0
99750,56.00000000000001,0.0
100000,52.800000000000004,0.0
100250,52.800000000000004,0.0
100500,28.000000000000004,0.0
100750,34.4,0.0
101000,63.2,0.0
101250,75.2,0.0
101500,87.6,0.0
101750,98.8,0.0
102000,90.4,0.0
102250,65.60000000000001,0.0
102500,26.0,0.0
102750,57.99999999999999,0.0
103000,57.599999999999994,0.0
103250,57.99999999999999,0.0
103500,52.800000000000004,0.0
103750,32.800000000000004,0.0
104000,58.8,0.0
104250,91.2,0.0
104500,91.2,0.0
104750,94.39999999999999,0.0
105000,81.6,0.0
105250,72.8,0.0
105500,70.0,0.0
105750,70.0,0.0
106000,71.6,0.0
106250,70.8,0.0
106500,66.0,0.0
106750,52.800000000000004,0.0
107000,51.2,0.0
107250,31.6,0.0
107500,34.4,0.0
107750,28.000000000000004,0.0
108000,24.4,0.0
108250,22.8,0.0
108500,22.400000000000002,0.0
108750,55.60000000000001,0.0
109000,70.39999999999999,0.0
109250,76.0,0.0
109500,79.60000000000001,0.0
109750,54.0,0.0
110000,45.6,0.0
110250,77.60000000000001,0.0
110500,90.0,0.0
110750,98.8,0.0
111000,96.8,0.0
111250,78.0,0.0
111500,62.4,0.0
111750,72.0,0.0
112000,74.8,0.0
112250,63.2,0.0
112500,71.2,0.0
112750,37.6,0.0
113000,35.199999999999996,0.0
113250,56.00000000000001,0.0
113500,70.8,0.0
113750,49.6,0.0
114000,69.19999999999999,0.0
114250,30.8,0.0
114500,51.6,0.0
114750,64.4,0.0
115000,23.200000000000003,0.0
115250,22.400000000000002,0.0
115500,70.0,0.0
115750,44.800000000000004,0.0
116000,40.400000000000006,0.0
116250,70.0,0.0
116500,84.8,0.0
116750,28.799999999999997,0.0
117000,62.8,0.0
117250,96.8,0.0
117500,66.0,0.0
117750,64.4,0.0
118000,55.60000000000001,0.0
118250,56.39999999999999,0.0
118500,45.2,0.0
118750,55.2,0.0
119000,36.0,0.0
119250,45.6,0.0
119500,54.400000000000006,0.0
119750,51.2,0.0
120000,60.0,0.0
120250,93.60000000000001,0.0
120500,94.39999999999999,0.0
120750,78.8,0.0
121000,62.4,0.0
121250,98.8,0.0
121500,55.60000000000001,0.0
121750,86.0,0.0
122000,71.6,0.0
122250,64.8,0.0
122500,93.60000000000001,0.0
122750,55.60000000000001,0.0
123000,80.0,0.0
123250,86.4,0.0
123500,47.599999999999994,0.0
123750,98.8,0.0
124000,60.8,0.0
124250,81.2,0.0
