250,0.0,0.0
500,0.0,0.0
750,0.0,0.0
1000,0.0,0.0
1250,0.0,0.0
1500,0.0,0.0
1750,0.0,0.0
2000,0.0,0.0
2250,1.2,0.0
2500,0.0,0.0
2750,0.0,0.0
3000,0.0,0.0
3250,0.0,0.0
3500,0.0,0.0
3750,0.0,0.0
4000,0.0,0.0
4250,1.2,0.0
4500,0.0,0.0
4750,0.0,0.0
5000,0.0,0.0
5250,0.0,0.0
5500,0.0,0.0
5750,0.0,0.0
6000,0.0,0.0
6250,1.2,0.0
6500,0.0,0.0
6750,0.0,0.0
7000,0.0,0.0
7250,0.0,0.0
7500,0.0,0.0
7750,58.4,0.0
8000,100.0,0.0
8250,99.6,0.0
8500,60.0,0.0
8750,0.0,0.0
9000,0.0,0.0
9250,0.0,0.0
9500,0.0,0.0
9750,0.0,0.0
10000,0.0,0.0
10250,99.6,0.0
10500,58.4,0.0
10750,0.0,0.0
11000,0.0,0.0
11250,0.0,0.0
11500,0.0,0.0
11750,0.0,0.0
12000,1.6,0.0
12250,99.6,0.0
12500,60.0,0.0
12750,0.0,0.0
13000,0.0,0.0
13250,0.0,0.0
13500,0.0,0.0
13750,0.0,0.0
14000,0.0,0.0
14250,99.6,0.0
14500,58.4,0.0
14750,0.0,0.0
15000,0.0,0.0
15250,0.0,0.0
15500,0.0,0.0
15750,1.6,0.0
16000,0.0,0.0
16250,99.6,0.0
16500,60.0,0.0
16750,0.0,0.0
17000,0.0,0.0
17250,0.0,0.0
17500,0.0,0.0
17750,0.0,0.0
18000,0.0,0.0
18250,99.6,0.0
18500,60.0,0.0
18750,0.0,0.0
19000,0.0,0.0
19250,0.0,0.0
19500,0.0,0.0
19750,0.0,0.0
20000,0.0,0.0
20250,99.6,0.0
20500,58.4,0.0
20750,0.0,0.0
21000,0.0,0.0
21250,1.6,0.0
21500,0.0,0.0
21750,0.0,0.0
22000,0.0,0.0
22250,99.6,0.0
22500,60.0,0.0
22750,0.0,0.0
23000,0.0,0.0
23250,0.0,0.0
23500,0.0,0.0
23750,0.0,0.0
24000,0.0,0.0
24250,99.6,0.0
24500,58.4,0.0
24750,0.0,0.0
25000,0.0,0.0
25250,0.0,0.0
25500,0.0,0.0
25750,0.0,0.0
26000,1.6,0.0
26250,99.6,0.0
26500,60.0,0.0
26750,0.0,0.0
27000,0.0,0.0
27250,0.0,0.0
27500,0.0,0.0
27750,0.0,0.0
28000,0.0,0.0
28250,99.6,0.0
28500,60.0,0.0
28750,0.0,0.0
29000,0.0,0.0
29250,0.0,0.0
29500,0.0,0.0
29750,0.0,0.0
30000,0.0,0.0
30250,99.6,0.0
30500,58.4,0.0
30750,0.0,0.0
31000,0.0,0.0
31250,0.0,0.0
31500,0.0,0.0
31750,0.0,0.0
32000,1.2,0.0
32250,100.0,0.0
32500,60.0,0.0
32750,0.0,0.0
33000,0.0,0.0
33250,0.0,0.0
33500,0.0,0.0
33750,0.0,0.0
34000,0.0,0.0
34250,99.6,0.0
34500,60.0,0.0
34750,0.0,0.0
35000,0.0,0.0
35250,0.0,0.0
35500,0.0,0.0
35750,0.0,0.0
36000,0.0,0.0
36250,99.6,0.0
36500,58.4,0.0
36750,0.0,0.0
37000,0.0,0.0
37250,0.0,0.0
37500,0.0,0.0
37750,0.0,0.0
38000,1.2,0.0
38250,100.0,0.0
38500,60.0,0.0
38750,0.0,0.0
39000,0.0,0.0
39250,0.0,0.0
39500,0.0,0.0
39750,0.0,0.0
40000,0.0,0.0
40250,99.6,0.0
40500,60.0,0.0
40750,0.0,0.0
41000,0.0,0.0
41250,0.0,0.0
41500,0.0,0.0
41750,0.0,0.0
42000,0.0,0.0
42250,99.6,0.0
42500,58.4,0.0
42750,0.0,0.0
43000,0.0,0.0
43250,0.0,0.0
43500,0.0,0.0
43750,0.0,0.0
44000,1.2,0.0
44250,100.0,0.0
44500,60.0,0.0
44750,0.0,0.0
45000,0.0,0.0
45250,0.0,0.0
45500,0.0,0.0
45750,0.0,0.0
46000,0.0,0.0
46250,99.6,0.0
46500,60.0,0.0
46750,0.0,0.0
47000,0.0,0.0
47250,0.0,0.0
47500,0.0,0.0
47750,0.0,0.0
48000,0.0,0.0
48250,99.6,0.0
48500,60.0,0.0
48750,0.0,0.0
49000,0.0,0.0
49250,0.0,0.0
49500,0.0,0.0
49750,0.0,0.0
50000,0.0,0.0
50250,99.6,0.0
50500,58.4,0.0
50750,0.0,0.0
51000,0.0,0.0
51250,0.0,0.0
51500,0.0,0.0
51750,0.0,0.0
52000,1.6,0.0
52250,99.6,0.0
52500,100.0,0.0
52750,70.0,0.0
53000,47.199999999999996,0.0
53250,42.8,0.0
53500,49.6,0.0
53750,44.800000000000004,0.0
54000,50.8,0.0
54250,55.2,0.0
54500,51.6,0.0
54750,54.0,0.0
55000,47.199999999999996,0.0
55250,51.2,0.0
55500,47.199999999999996,0.0
55750,53.2,0.0
56000,55.60000000000001,0.0
56250,34.0,0.0
56500,45.2,0.0
56750,42.8,0.0
57000,42.4,0.0
57250,26.400000000000002,0.0
57500,48.8,0.0
57750,45.2,0.0
58000,38.0,0.0
58250,45.6,0.0
58500,46.0,0.0
58750,46.0,0.0
59000,40.0,0.0
59250,44.0,0.0
59500,38.800000000000004,0.0
59750,42.4,0.0
60000,47.599999999999994,0.0
60250,39.6,0.0
60500,34.8,0.0
60750,26.400000000000002,0.0
61000,44.800000000000004,0.0
61250,25.6,0.0
61500,4.3999999999999995,0.0
61750,0.0,0.0
62000,2.8000000000000003,0.0
62250,18.4,0.0
62500,45.6,0.0
62750,45.2,0.0
63000,33.6,0.0
63250,9.2,0.0
63500,14.399999999999999,0.0
63750,37.6,0.0
64000,36.4,0.0
64250,36.4,0.0
64500,33.2,0.0
64750,32.4,0.0
65000,29.2,0.0
65250,24.0,0.0
65500,64.0,0.0
65750,50.0,0.0
66000,94.39999999999999,0.0
66250,92.80000000000001,0.0
66500,94.8,0.0
66750,93.60000000000001,0.0
67000,96.0,0.0
67250,88.0,0.0
67500,89.2,0.0
67750,90.4,0.0
68000,80.4,0.0
68250,57.599999999999994,0.0
68500,19.6,0.0
68750,44.0,0.0
69000,39.6,0.0
69250,35.199999999999996,0.0
69500,35.199999999999996,0.0
69750,30.8,0.0
70000,37.6,0.0
70250,30.4,0.0
70500,27.6,0.0
70750,32.4,0.0
71000,36.4,0.0
71250,52.800000000000004,0.0
71500,27.200000000000003,0.0
71750,38.800000000000004,0.0
72000,30.8,0.0
72250,37.6,0.0
72500,35.199999999999996,0.0
72750,36.8,0.0
73000,19.6,0.0
73250,30.4,0.0
73500,38.4,0.0
73750,49.6,0.0
74000,33.6,0.0
74250,26.400000000000002,0.0
74500,26.8,0.0
74750,35.199999999999996,0.0
75000,33.2,0.0
75250,26.8,0.0
75500,28.000000000000004,0.0
75750,19.2,0.0
76000,26.8,0.0
76250,46.400000000000006,0.0
76500,30.8,0.0
76750,28.000000000000004,0.0
77000,28.000000000000004,0.0
77250,29.2,0.0
77500,28.4,0.0
77750,40.8,0.0
78000,24.4,0.0
78250,18.4,0.0
78500,27.6,0.0
78750,33.6,0.0
79000,21.6,0.0
79250,22.400000000000002,0.0
79500,30.4,0.0
79750,36.8,0.0
80000,37.6,0.0
80250,29.599999999999998,0.0
80500,19.6,0.0
80750,21.2,0.0
81000,27.6,0.0
81250,33.6,0.0
81500,32.0,0.0
81750,13.600000000000001,0.0
82000,7.199999999999999,0.0
82250,6.0,0.0
82500,21.6,0.0
82750,30.8,0.0
83000,35.6,0.0
83250,32.0,0.0
83500,27.6,0.0
83750,31.6,0.0
84000,9.2,0.0
84250,20.8,0.0
84500,29.2,0.0
84750,25.6,0.0
85000,41.199999999999996,0.0
85250,23.599999999999998,0.0
85500,14.000000000000002,0.0
85750,23.599999999999998,0.0
86000,39.6,0.0
86250,24.0,0.0
86500,22.400000000000002,0.0
86750,17.2,0.0
87000,30.0,0.0
87250,34.8,0.0
87500,3.2,0.0
87750,0.0,0.0
88000,2.0,0.0
88250,0.8,0.0
88500,22.8,0.0
88750,40.400000000000006,0.0
89000,47.599999999999994,0.0
89250,44.800000000000004,0.0
89500,47.599999999999994,0.0
89750,61.199999999999996,0.0
90000,64.8,0.0
90250,81.2,0.0
90500,59.199999999999996,0.0
90750,70.39999999999999,0.0
91000,40.0,0.0
91250,72.39999999999999,0.0
91500,53.2,0.0
91750,48.4,0.0
92000,54.0,0.0
92250,28.4,0.0
92500,41.199999999999996,0.0
92750,64.8,0.0
93000,79.2,0.0
93250,44.0,0.0
93500,88.8,0.0
93750,54.400000000000006,0.0
94000,51.6,0.0
94250,12.4,0.0
94500,34.4,0.0
94750,38.800000000000004,0.0
95000,21.2,0.0
95250,30.8,0.0
95500,23.200000000000003,0.0
95750,22.400000000000002,0.0
96000,18.8,0.0
96250,27.200000000000003,0.0
96500,13.600000000000001,0.0
96750,16.8,0.0
97000,27.6,0.0
97250,24.0,0.0
97500,18.4,0.0
97750,27.6,0.0
98000,36.0,0.0
98250,28.799999999999997,0.0
98500,26.8,0.0
98750,24.0,0.0
99000,34.0,0.0
99250,31.6,0.0
99500,30.8,0.0
99750,20.8,0.0
100000,29.599999999999998,0.0
100250,24.8,0.0
100500,17.599999999999998,0.0
100750,19.2,0.0
101000,18.8,0.0
101250,26.8,0.0
101500,28.4,0.0
101750,32.800000000000004,0.0
102000,24.0,0.0
102250,12.0,0.0
102500,18.4,0.0
102750,42.0,0.0
103000,32.0,0.0
103250,26.8,0.0
103500,25.6,0.0
103750,25.2,0.0
104000,37.6,0.0
104250,16.8,0.0
104500,30.4,0.0
104750,23.200000000000003,0.0
105000,23.200000000000003,0.0
105250,22.400000000000002,0.0
105500,19.2,0.0
105750,19.6,0.0
106000,22.400000000000002,0.0
106250,16.400000000000002,0.0
106500,29.599999999999998,0.0
106750,27.6,0.0
107000,30.0,0.0
107250,17.599999999999998,0.0
107500,31.6,0.0
107750,27.6,0.0
108000,21.2,0.0
108250,18.0,0.0
108500,18.4,0.0
108750,39.6,0.0
109000,25.6,0.0
109250,38.0,0.0
109500,25.2,0.0
109750,22.400000000000002,0.0
110000,15.2,0.0
110250,28.799999999999997,0.0
110500,6.800000000000001,0.0
110750,24.0,0.0
111000,17.2,0.0
111250,18.4,0.0
111500,12.4,0.0
111750,4.0,0.0
112000,4.3999999999999995,0.0
112250,10.4,0.0
112500,0.8,0.0
112750,18.0,0.0
113000,30.0,0.0
113250,45.6,0.0
113500,37.6,0.0
113750,35.6,0.0
114000,32.4,0.0
114250,37.2,0.0
114500,42.0,0.0
114750,31.2,0.0
115000,8.799999999999999,0.0
115250,8.799999999999999,0.0
115500,20.8,0.0
115750,39.2,0.0
116000,30.4,0.0
116250,29.599999999999998,0.0
116500,38.0,0.0
116750,22.400000000000002,0.0
117000,31.6,0.0
117250,20.8,0.0
117500,0.0,0.0
117750,20.0,0.0
118000,10.8,0.0
118250,2.8000000000000003,0.0
118500,0.4,0.0
118750,0.0,0.0
119000,19.6,0.0
119250,39.6,0.0
119500,49.6,0.0
119750,48.0,0.0
120000,54.0,0.0
120250,64.4,0.0
120500,63.6,0.0
120750,46.800000000000004,0.0
121000,61.199999999999996,0.0
121250,32.4,0.0
121500,44.0,0.0
121750,46.0,0.0
122000,28.4,0.0
122250,50.8,0.0
122500,24.4,0.0
122750,56.00000000000001,0.0
123000,48.0,0.0
123250,43.6,0.0
123500,47.199999999999996,0.0
123750,26.8,0.0
124000,57.599999999999994,0.0
124250,36.0,0.0
