250,0.0,0.0
500,0.0,0.0
750,0.0,0.0
1000,0.0,0.0
1250,0.0,0.0
1500,0.0,0.0
1750,0.0,0.0
2000,0.0,0.0
2250,0.4,0.0
2500,0.0,0.0
2750,0.0,0.0
3000,0.0,0.0
3250,0.0,0.0
3500,0.0,0.0
3750,0.0,0.0
4000,0.0,0.0
4250,0.4,0.0
4500,0.0,0.0
4750,0.0,0.0
5000,0.0,0.0
5250,0.0,0.0
5500,0.0,0.0
5750,0.0,0.0
6000,0.0,0.0
6250,0.4,0.0
6500,0.0,0.0
6750,0.0,0.0
7000,0.0,0.0
7250,0.0,0.0
7500,0.0,0.0
7750,0.0,0.0
8000,79.2,0.0
8250,79.60000000000001,0.0
8500,0.0,0.0
8750,0.0,0.0
9000,0.0,0.0
9250,0.0,0.0
9500,0.0,0.0
9750,0.0,0.0
10000,0.0,0.0
10250,78.8,0.0
10500,0.0,0.0
10750,0.0,0.0
11000,0.0,0.0
11250,0.0,0.0
11500,0.0,0.0
11750,0.0,0.0
12000,0.8,0.0
12250,79.60000000000001,0.0
12500,0.0,0.0
12750,0.0,0.0
13000,0.0,0.0
13250,0.0,0.0
13500,0.0,0.0
13750,0.0,0.0
14000,0.0,0.0
14250,78.8,0.0
14500,0.0,0.0
14750,0.0,0.0
15000,0.0,0.0
15250,0.0,0.0
15500,0.0,0.0
15750,0.0,0.0
16000,0.0,0.0
16250,78.8,0.0
16500,0.0,0.0
16750,0.0,0.0
17000,0.0,0.0
17250,0.0,0.0
17500,0.0,0.0
17750,0.0,0.0
18000,0.8,0.0
18250,79.60000000000001,0.0
18500,0.0,0.0
18750,0.0,0.0
19000,0.0,0.0
19250,0.0,0.0
19500,0.0,0.0
19750,0.0,0.0
20000,0.0,0.0
20250,79.60000000000001,0.0
20500,0.0,0.0
20750,0.0,0.0
21000,0.0,0.0
21250,0.0,0.0
21500,0.0,0.0
21750,0.0,0.0
22000,0.0,0.0
22250,78.8,0.0
22500,0.0,0.0
22750,0.0,0.0
23000,0.0,0.0
23250,0.0,0.0
23500,0.0,0.0
23750,0.0,0.0
24000,0.8,0.0
24250,79.60000000000001,0.0
24500,0.0,0.0
24750,0.0,0.0
25000,0.0,0.0
25250,0.0,0.0
25500,0.0,0.0
25750,0.0,0.0
26000,0.0,0.0
26250,78.8,0.0
26500,0.0,0.0
26750,0.0,0.0
27000,0.0,0.0
27250,0.0,0.0
27500,0.0,0.0
27750,0.0,0.0
28000,0.0,0.0
28250,78.8,0.0
28500,0.0,0.0
28750,0.0,0.0
29000,0.0,0.0
29250,0.0,0.0
29500,0.0,0.0
29750,0.0,0.0
30000,0.8,0.0
30250,79.60000000000001,0.0
30500,0.0,0.0
30750,0.0,0.0
31000,0.0,0.0
31250,0.0,0.0
31500,0.0,0.0
31750,0.0,0.0
32000,0.0,0.0
32250,78.8,0.0
32500,0.0,0.0
32750,0.0,0.0
33000,0.0,0.0
33250,0.0,0.0
33500,0.0,0.0
33750,0.0,0.0
34000,0.8,0.0
34250,79.60000000000001,0.0
34500,0.0,0.0
34750,0.0,0.0
35000,0.0,0.0
35250,0.0,0.0
35500,0.0,0.0
35750,0.0,0.0
36000,0.0,0.0
36250,79.60000000000001,0.0
36500,0.0,0.0
36750,0.0,0.0
37000,0.0,0.0
37250,0.0,0.0
37500,0.0,0.0
37750,0.0,0.0
38000,0.0,0.0
38250,78.8,0.0
38500,0.0,0.0
38750,0.0,0.0
39000,0.0,0.0
39250,0.8,0.0
39500,0.0,0.0
39750,0.0,0.0
40000,0.0,0.0
40250,79.60000000000001,0.0
40500,0.0,0.0
40750,0.0,0.0
41000,0.0,0.0
41250,0.0,0.0
41500,0.0,0.0
41750,0.0,0.0
42000,0.0,0.0
42250,78.8,0.0
42500,0.0,0.0
42750,0.0,0.0
43000,0.0,0.0
43250,0.0,0.0
43500,0.0,0.0
43750,0.0,0.0
44000,0.8,0.0
44250,79.60000000000001,0.0
44500,0.0,0.0
44750,0.0,0.0
45000,0.0,0.0
45250,0.0,0.0
45500,0.0,0.0
45750,0.0,0.0
46000,0.0,0.0
46250,78.8,0.0
46500,0.0,0.0
46750,0.0,0.0
47000,0.0,0.0
47250,0.4,0.0
47500,0.0,0.0
47750,0.0,0.0
48000,0.0,0.0
48250,79.60000000000001,0.0
48500,0.0,0.0
48750,0.0,0.0
49000,0.0,0.0
49250,0.0,0.0
49500,0.0,0.0
49750,0.0,0.0
50000,0.0,0.0
50250,78.8,0.0
50500,0.0,0.0
50750,0.0,0.0
51000,0.0,0.0
51250,0.0,0.0
51500,0.0,0.0
51750,0.0,0.0
52000,0.4,0.0
52250,88.8,0.0
52500,34.4,0.0
52750,52.800000000000004,0.0
53000,37.2,0.0
53250,33.2,0.0
53500,35.199999999999996,0.0
53750,36.8,0.0
54000,47.199999999999996,0.0
54250,48.0,0.0
54500,46.800000000000004,0.0
54750,48.0,0.0
55000,35.199999999999996,0.0
55250,42.8,0.0
55500,38.4,0.0
55750,45.6,0.0
56000,55.2,0.0
56250,27.200000000000003,0.0
56500,45.2,0.0
56750,40.0,0.0
57000,37.2,0.0
57250,23.599999999999998,0.0
57500,44.800000000000004,0.0
57750,44.0,0.0
58000,37.2,0.0
58250,42.8,0.0
58500,45.2,0.0
58750,43.2,0.0
59000,28.799999999999997,0.0
59250,43.2,0.0
59500,35.6,0.0
59750,41.199999999999996,0.0
60000,38.800000000000004,0.0
60250,38.800000000000004,0.0
60500,32.0,0.0
60750,5.2,0.0
61000,42.0,0.0
61250,11.600000000000001,0.0
61500,0.0,0.0
61750,0.0,0.0
62000,3.2,0.0
62250,17.2,0.0
62500,44.800000000000004,0.0
62750,45.2,0.0
63000,29.2,0.0
63250,3.5999999999999996,0.0
63500,0.0,0.0
63750,19.6,0.0
64000,36.4,0.0
64250,33.2,0.0
64500,26.8,0.0
64750,30.0,0.0
65000,26.0,0.0
65250,14.799999999999999,0.0
65500,47.199999999999996,0.0
65750,45.6,0.0
66000,88.4,0.0
66250,85.2,0.0
66500,91.2,0.0
66750,92.4,0.0
67000,96.0,0.0
67250,86.8,0.0
67500,89.2,0.0
67750,90.4,0.0
68000,78.8,0.0
68250,52.800000000000004,0.0
68500,4.0,0.0
68750,10.0,0.0
69000,20.4,0.0
69250,25.6,0.0
69500,20.8,0.0
69750,19.6,0.0
70000,11.200000000000001,0.0
70250,24.4,0.0
70500,3.2,0.0
70750,6.0,0.0
71000,6.0,0.0
71250,40.8,0.0
71500,10.0,0.0
71750,33.6,0.0
72000,30.4,0.0
72250,34.0,0.0
72500,7.199999999999999,0.0
72750,30.0,0.0
73000,5.2,0.0
73250,6.4,0.0
73500,29.599999999999998,0.0
73750,38.4,0.0
74000,32.800000000000004,0.0
74250,8.4,0.0
74500,4.8,0.0
74750,32.0,0.0
75000,18.4,0.0
75250,14.399999999999999,0.0
75500,3.2,0.0
75750,3.5999999999999996,0.0
76000,6.0,0.0
76250,7.6,0.0
76500,4.0,0.0
76750,1.6,0.0
77000,0.8,0.0
77250,7.199999999999999,0.0
77500,12.0,0.0
77750,11.200000000000001,0.0
78000,19.2,0.0
78250,11.200000000000001,0.0
78500,7.6,0.0
78750,33.6,0.0
79000,6.0,0.0
79250,1.2,0.0
79500,28.000000000000004,0.0
79750,32.0,0.0
80000,26.0,0.0
80250,20.0,0.0
80500,2.0,0.0
80750,1.6,0.0
81000,6.800000000000001,0.0
81250,10.4,0.0
81500,6.4,0.0
81750,4.8,0.0
82000,0.0,0.0
82250,6.800000000000001,0.0
82500,6.800000000000001,0.0
82750,0.8,0.0
83000,23.599999999999998,0.0
83250,27.6,0.0
83500,25.6,0.0
83750,6.800000000000001,0.0
84000,3.2,0.0
84250,0.8,0.0
84500,21.2,0.0
84750,16.400000000000002,0.0
85000,18.0,0.0
85250,8.4,0.0
85500,9.2,0.0
85750,6.4,0.0
86000,5.6000000000000005,0.0
86250,2.4,0.0
86500,0.4,0.0
86750,2.0,0.0
87000,6.800000000000001,0.0
87250,16.0,0.0
87500,0.4,0.0
87750,0.4,0.0
88000,0.4,0.0
88250,0.8,0.0
88500,8.4,0.0
88750,38.0,0.0
89000,40.8,0.0
89250,43.2,0.0
89500,36.0,0.0
89750,60.4,0.0
90000,52.0,0.0
90250,81.2,0.0
90500,55.60000000000001,0.0
90750,56.39999999999999,0.0
91000,38.800000000000004,0.0
91250,63.6,0.0
91500,50.0,0.0
91750,23.599999999999998,0.0
92000,46.800000000000004,0.0
92250,21.6,0.0
92500,6.0,0.0
92750,15.6,0.0
93000,21.6,0.0
93250,6.0,0.0
93500,15.6,0.0
93750,7.199999999999999,0.0
94000,14.399999999999999,0.0
94250,13.200000000000001,0.0
94500,32.800000000000004,0.0
94750,27.200000000000003,0.0
95000,2.8000000000000003,0.0
95250,4.3999999999999995,0.0
95500,10.8,0.0
95750,16.0,0.0
96000,3.5999999999999996,0.0
96250,26.8,0.0
96500,6.4,0.0
96750,0.8,0.0
97000,20.4,0.0
97250,13.200000000000001,0.0
97500,2.0,0.0
97750,8.0,0.0
98000,9.6,0.0
98250,1.6,0.0
98500,23.200000000000003,0.0
98750,4.0,0.0
99000,30.8,0.0
99250,31.2,0.0
99500,23.200000000000003,0.0
99750,19.2,0.0
100000,6.800000000000001,0.0
100250,19.6,0.0
100500,2.8000000000000003,0.0
100750,5.2,0.0
101000,4.8,0.0
101250,16.8,0.0
101500,8.4,0.0
101750,18.8,0.0
102000,22.400000000000002,0.0
102250,4.3999999999999995,0.0
102500,6.800000000000001,0.0
102750,19.2,0.0
103000,32.0,0.0
103250,16.0,0.0
103500,15.2,0.0
103750,7.199999999999999,0.0
104000,30.8,0.0
104250,0.8,0.0
104500,6.800000000000001,0.0
104750,0.8,0.0
105000,0.8,0.0
105250,0.0,0.0
105500,0.8,0.0
105750,1.2,0.0
106000,0.8,0.0
106250,0.0,0.0
106500,4.0,0.0
106750,11.200000000000001,0.0
107000,15.2,0.0
107250,11.200000000000001,0.0
107500,11.200000000000001,0.0
107750,7.6,0.0
108000,7.6,0.0
108250,1.2,0.0
108500,0.8,0.0
108750,32.4,0.0
109000,20.8,0.0
109250,25.2,0.0
109500,10.4,0.0
109750,9.6,0.0
110000,0.8,0.0
110250,9.6,0.0
110500,0.8,0.0
110750,6.800000000000001,0.0
111000,1.2,0.0
111250,0.8,0.0
111500,3.2,0.0
111750,2.0,0.0
112000,4.0,0.0
112250,6.0,0.0
112500,1.6,0.0
112750,10.4,0.0
113000,10.0,0.0
113250,24.8,0.0
113500,35.6,0.0
113750,26.0,0.0
114000,6.0,0.0
114250,21.6,0.0
114500,29.599999999999998,0.0
114750,29.2,0.0
115000,3.5999999999999996,0.0
115250,5.2,0.0
115500,18.0,0.0
115750,37.6,0.0
116000,17.599999999999998,0.0
116250,17.2,0.0
116500,6.4,0.0
116750,0.8,0.0
117000,10.4,0.0
117250,17.2,0.0
117500,0.8,0.0
117750,3.2,0.0
118000,6.0,0.0
118250,0.0,0.0
118500,0.8,0.0
118750,0.0,0.0
119000,10.4,0.0
119250,32.4,0.0
119500,47.599999999999994,0.0
119750,38.0,0.0
120000,51.6,0.0
120250,63.6,0.0
120500,56.8,0.0
120750,38.800000000000004,0.0
121000,45.6,0.0
121250,17.2,0.0
121500,34.0,0.0
121750,20.0,0.0
122000,24.8,0.0
122250,38.4,0.0
122500,16.400000000000002,0.0
122750,25.2,0.0
123000,38.4,0.0
123250,16.400000000000002,0.0
123500,26.400000000000002,0.0
123750,18.8,0.0
124000,33.6,0.0
124250,26.400000000000002,0.0
