100,55.751040484298144,44.248959515701856,6.580937972768533
200,52.030520872745626,47.96947912725438,5.559757942511347
400,46.878547105561864,53.121452894438136,5.1059001512859306
600,41.77071509648127,58.22928490351873,4.72768532526475
800,36.66918905284399,63.33081094715601,4.53857791225416
1000,31.599192836423256,68.40080716357674,4.34947049924357
1200,26.57333837810569,73.42666162189431,4.167927382753404
1400,21.62315550510783,78.37684449489217,3.97125567322239
1600,17.4296884853071,82.57031151469289,1.6717095310136159
1800,16.881069491739183,83.11893050826082,0.930408472012103
2000,16.590995081346954,83.40900491865305,0.34795763993948564
