250,8.799999999999999
500,27.6
750,54.400000000000006
1000,45.6
1250,42.0
1500,46.400000000000006
1750,42.8
2000,48.0
2250,51.2
2500,50.0
2750,51.6
3000,42.0
3250,48.4
3500,41.199999999999996
3750,50.4
4000,55.2
4250,32.800000000000004
4500,42.4
4750,45.6
5000,38.4
5250,26.0
5500,41.6
5750,46.0
6000,35.199999999999996
6250,46.400000000000006
6500,44.4
6750,43.2
7000,34.8
7250,44.4
7500,36.4
7750,42.4
8000,48.0
8250,41.6
8500,32.800000000000004
8750,29.2
9000,47.599999999999994
9250,23.599999999999998
9500,8.4
9750,0.0
10000,9.2
10250,30.0
10500,44.0
10750,46.0
11000,37.2
11250,10.0
11500,14.000000000000002
11750,45.2
12000,38.0
12250,36.8
12500,38.0
12750,30.8
13000,32.4
13250,22.400000000000002
13500,68.8
13750,43.2
14000,83.6
14250,77.60000000000001
14500,87.2
14750,85.2
15000,92.4
15250,80.80000000000001
15500,84.0
15750,90.8
