250,9.2
500,44.4
750,57.199999999999996
1000,47.199999999999996
1250,44.4
1500,46.400000000000006
1750,47.599999999999994
2000,50.0
2250,57.199999999999996
2500,51.6
2750,57.199999999999996
3000,50.4
3250,64.8
3500,94.39999999999999
3750,83.6
4000,55.2
4250,40.0
4500,42.8
4750,45.6
5000,39.6
5250,28.000000000000004
5500,43.2
5750,46.0
6000,41.6
6250,92.80000000000001
6500,84.0
6750,56.39999999999999
7000,42.4
7250,46.0
7500,41.6
7750,44.0
8000,48.0
8250,43.2
8500,34.8
8750,29.599999999999998
9000,85.2
9250,68.0
9500,24.4
9750,0.0
10000,11.600000000000001
10250,36.4
10500,44.0
10750,47.199999999999996
11000,37.6
11250,76.8
11500,50.0
11750,45.2
12000,38.800000000000004
12250,36.8
12500,38.800000000000004
12750,32.4
13000,32.4
13250,24.4
13500,72.39999999999999
13750,53.6
14000,88.8
14250,87.2
14500,90.8
14750,92.80000000000001
15000,96.0
15250,86.8
15500,87.6
15750,90.8
