250,9.2
500,44.4
750,57.199999999999996
1000,47.199999999999996
1250,44.4
1500,50.0
1750,49.6
2000,56.00000000000001
2250,57.199999999999996
2500,52.0
2750,57.99999999999999
3000,52.800000000000004
3250,85.2
3500,95.6
3750,97.6
4000,96.8
4250,91.60000000000001
4500,90.8
4750,92.80000000000001
5000,90.8
5250,84.0
5500,83.2
5750,46.0
6000,64.8
6250,93.2
6500,90.8
6750,84.39999999999999
7000,93.2
7250,94.39999999999999
7500,91.60000000000001
7750,92.0
8000,95.19999999999999
8250,91.2
8500,84.8
8750,50.4
9000,94.8
9250,72.0
9500,80.0
9750,100.0
10000,94.8
10250,92.0
10500,92.0
10750,76.8
11000,60.0
11250,85.2
11500,89.60000000000001
11750,91.60000000000001
12000,88.0
12250,83.6
12500,88.4
12750,86.4
13000,84.39999999999999
13250,61.6
13500,72.39999999999999
13750,53.6
14000,89.2
14250,87.2
14500,92.0
14750,92.80000000000001
15000,96.0
15250,86.8
15500,88.8
15750,90.8
