250,9.2
500,38.800000000000004
750,54.400000000000006
1000,46.0
1250,42.4
1500,46.400000000000006
1750,47.199999999999996
2000,49.2
2250,56.8
2500,51.6
2750,57.199999999999996
3000,50.4
3250,53.6
3500,61.6
3750,54.0
4000,55.2
4250,39.6
4500,42.8
4750,45.6
5000,39.6
5250,28.000000000000004
5500,43.2
5750,46.0
6000,38.800000000000004
6250,56.8
6500,44.800000000000004
6750,52.400000000000006
7000,42.4
7250,46.0
7500,41.6
7750,44.0
8000,48.0
8250,43.2
8500,34.8
8750,29.599999999999998
9000,55.60000000000001
9250,28.4
9500,15.2
9750,0.0
10000,11.600000000000001
10250,36.4
10500,44.0
10750,47.199999999999996
11000,37.6
11250,20.8
11500,27.6
11750,45.2
12000,38.800000000000004
12250,36.8
12500,38.800000000000004
12750,32.4
13000,32.4
13250,24.4
13500,72.39999999999999
13750,53.6
14000,88.4
14250,87.2
14500,90.8
14750,92.80000000000001
15000,95.6
15250,86.8
15500,87.6
15750,90.8
