250,9.2
500,44.4
750,57.199999999999996
1000,47.199999999999996
1250,44.4
1500,50.0
1750,49.6
2000,56.00000000000001
2250,57.199999999999996
2500,52.0
2750,57.99999999999999
3000,52.800000000000004
3250,85.2
3500,96.39999999999999
3750,97.6
4000,97.2
4250,91.60000000000001
4500,93.2
4750,92.80000000000001
5000,91.2
5250,84.0
5500,88.0
5750,92.0
6000,88.4
6250,93.2
6500,91.2
6750,84.39999999999999
7000,93.2
7250,94.39999999999999
7500,93.2
7750,92.0
8000,95.19999999999999
8250,92.80000000000001
8500,89.2
8750,88.4
9000,95.6
9250,74.4
9500,88.0
9750,100.0
10000,94.8
10250,92.80000000000001
10500,92.80000000000001
10750,92.4
11000,87.6
11250,89.2
11500,93.2
11750,92.4
12000,90.4
12250,85.6
12500,93.2
12750,90.4
13000,89.2
13250,88.8
13500,76.8
13750,67.2
14000,94.8
14250,92.80000000000001
14500,93.60000000000001
14750,93.2
15000,96.0
15250,87.6
15500,88.8
15750,90.8
