250,9.2
500,44.4
750,57.199999999999996
1000,47.199999999999996
1250,44.4
1500,48.4
1750,48.0
2000,50.4
2250,57.199999999999996
2500,52.0
2750,57.199999999999996
3000,52.0
3250,72.39999999999999
3500,94.39999999999999
3750,97.6
4000,96.8
4250,52.800000000000004
4500,42.8
4750,45.6
5000,39.6
5250,28.000000000000004
5500,43.2
5750,46.0
6000,49.2
6250,92.80000000000001
6500,88.8
6750,83.6
7000,80.4
7250,46.800000000000004
7500,41.6
7750,44.0
8000,48.8
8250,44.800000000000004
8500,34.8
8750,29.599999999999998
9000,94.39999999999999
9250,68.0
9500,80.0
9750,13.600000000000001
10000,11.600000000000001
10250,36.4
10500,44.4
10750,47.199999999999996
11000,40.400000000000006
11250,84.8
11500,89.60000000000001
11750,77.2
12000,38.800000000000004
12250,36.8
12500,39.2
12750,32.4
13000,32.4
13250,24.4
13500,72.39999999999999
13750,53.6
14000,89.2
14250,87.2
14500,91.2
14750,92.80000000000001
15000,96.0
15250,86.8
15500,87.6
15750,90.8
