250,9.2
500,44.4
750,57.199999999999996
1000,47.199999999999996
1250,44.4
1500,50.0
1750,49.6
2000,56.00000000000001
2250,57.199999999999996
2500,52.0
2750,57.99999999999999
3000,52.800000000000004
3250,85.2
3500,96.39999999999999
3750,97.6
4000,97.2
4250,92.0
4500,93.2
4750,94.0
5000,93.60000000000001
5250,84.8
5500,94.0
5750,92.0
6000,91.60000000000001
6250,93.60000000000001
6500,92.80000000000001
6750,84.39999999999999
7000,94.39999999999999
7250,94.39999999999999
7500,93.60000000000001
7750,92.80000000000001
8000,95.6
8250,92.80000000000001
8500,91.2
8750,88.4
9000,96.0
9250,74.4
9500,90.0
9750,100.0
10000,94.8
10250,93.60000000000001
10500,93.2
10750,92.4
11000,90.4
11250,89.60000000000001
11500,93.60000000000001
11750,92.80000000000001
12000,90.4
12250,85.6
12500,94.39999999999999
12750,92.4
13000,90.4
13250,95.19999999999999
13500,78.8
13750,71.2
14000,95.6
14250,96.8
14500,95.6
14750,93.60000000000001
15000,96.39999999999999
15250,88.0
15500,88.8
15750,90.8
