250,9.2
500,44.4
750,57.199999999999996
1000,47.199999999999996
1250,44.4
1500,48.4
1750,49.6
2000,54.400000000000006
2250,57.199999999999996
2500,52.0
2750,57.99999999999999
3000,52.0
3250,78.8
3500,94.8
3750,97.6
4000,96.8
4250,90.4
4500,72.8
4750,45.6
5000,39.6
5250,28.000000000000004
5500,43.2
5750,46.0
6000,55.60000000000001
6250,93.2
6500,88.8
6750,84.39999999999999
7000,93.2
7250,94.0
7500,51.6
7750,45.2
8000,50.4
8250,44.800000000000004
8500,34.8
8750,35.6
9000,94.8
9250,70.0
9500,80.0
9750,82.8
10000,14.000000000000002
10250,36.4
10500,44.4
10750,47.199999999999996
11000,46.800000000000004
11250,84.8
11500,89.60000000000001
11750,91.60000000000001
12000,88.0
12250,45.2
12500,42.8
12750,32.4
13000,32.4
13250,24.4
13500,72.39999999999999
13750,53.6
14000,89.2
14250,87.2
14500,91.60000000000001
14750,92.80000000000001
15000,96.0
15250,86.8
15500,87.6
15750,90.8
