250,8.4
500,4.0
750,26.0
1000,16.8
1250,18.8
1500,13.600000000000001
1750,2.0
2000,1.6
2250,3.5999999999999996
2500,24.0
2750,45.6
3000,17.2
3250,19.6
3500,4.3999999999999995
3750,18.8
4000,29.599999999999998
4250,2.4
4500,10.4
4750,30.0
5000,1.2
5250,0.0
5500,0.0
5750,0.0
6000,0.0
6250,0.4
6500,2.0
6750,24.4
7000,0.0
7250,4.0
7500,1.2
7750,27.200000000000003
8000,22.8
8250,2.4
8500,1.2
8750,0.0
9000,1.2
9250,4.8
9500,0.0
9750,0.0
10000,2.4
10250,0.0
10500,0.8
10750,1.2
11000,6.800000000000001
11250,2.4
11500,0.0
11750,0.0
12000,0.4
12250,5.2
12500,2.0
12750,0.4
13000,0.0
13250,0.4
13500,27.6
13750,15.6
14000,76.0
14250,76.8
14500,81.2
14750,75.2
15000,92.0
15250,75.6
15500,88.8
15750,90.8
