250,9.2
500,44.4
750,57.199999999999996
1000,47.199999999999996
1250,44.4
1500,50.0
1750,49.2
2000,54.800000000000004
2250,56.8
2500,51.6
2750,57.99999999999999
3000,51.2
3250,53.6
3500,50.0
3750,54.0
4000,55.60000000000001
4250,41.199999999999996
4500,45.2
4750,46.800000000000004
5000,43.2
5250,27.6
5500,49.2
5750,46.0
6000,38.0
6250,46.800000000000004
6500,48.4
6750,48.0
7000,41.199999999999996
7250,44.4
7500,40.400000000000006
7750,44.800000000000004
8000,49.6
8250,42.0
8500,36.8
8750,30.0
9000,48.0
9250,25.6
9500,9.2
9750,0.0
10000,2.4
10250,27.6
10500,46.0
10750,45.2
11000,37.6
11250,9.2
11500,15.6
11750,48.0
12000,41.6
12250,36.8
12500,38.0
12750,33.2
13000,33.6
13250,26.400000000000002
13500,72.0
13750,55.2
14000,94.39999999999999
14250,93.2
14500,94.8
14750,93.60000000000001
15000,96.0
15250,88.0
15500,88.8
15750,90.8
