250,9.2
500,44.4
750,56.00000000000001
1000,47.199999999999996
1250,42.8
1500,49.6
1750,45.2
2000,50.8
2250,55.2
2500,51.6
2750,54.0
3000,47.199999999999996
3250,51.2
3500,46.800000000000004
3750,53.2
4000,55.60000000000001
4250,34.8
4500,45.2
4750,42.4
5000,42.4
5250,26.400000000000002
5500,48.8
5750,45.6
6000,37.6
6250,46.0
6500,45.6
6750,46.0
7000,40.0
7250,44.4
7500,38.4
7750,42.8
8000,47.199999999999996
8250,39.6
8500,35.199999999999996
8750,26.0
9000,44.800000000000004
9250,25.6
9500,4.3999999999999995
9750,0.0
10000,2.4
10250,18.4
10500,45.6
10750,45.2
11000,34.0
11250,8.799999999999999
11500,14.399999999999999
11750,38.0
12000,36.0
12250,36.8
12500,32.800000000000004
12750,32.4
13000,29.599999999999998
13250,24.0
13500,63.6
13750,50.4
14000,94.39999999999999
14250,92.80000000000001
14500,94.8
14750,93.60000000000001
15000,96.0
15250,88.0
15500,88.8
15750,90.8
