250,8.4
500,34.4
750,52.800000000000004
1000,41.6
1250,33.2
1500,36.4
1750,37.6
2000,47.199999999999996
2250,48.0
2500,46.800000000000004
2750,47.599999999999994
3000,35.199999999999996
3250,43.2
3500,38.0
3750,45.6
4000,55.2
4250,27.6
4500,45.2
4750,39.6
5000,37.6
5250,23.599999999999998
5500,48.0
5750,44.4
6000,36.8
6250,43.2
6500,44.800000000000004
6750,43.2
7000,28.000000000000004
7250,43.6
7500,35.199999999999996
7750,41.6
8000,37.6
8250,38.800000000000004
8500,32.0
8750,4.3999999999999995
9000,42.0
9250,11.600000000000001
9500,0.0
9750,0.0
10000,2.4
10250,17.2
10500,44.800000000000004
10750,45.2
11000,29.2
11250,2.8000000000000003
11500,0.0
11750,19.2
12000,36.0
12250,33.6
12500,26.400000000000002
12750,30.0
13000,26.400000000000002
13250,13.600000000000001
13500,47.199999999999996
13750,46.0
14000,89.60000000000001
14250,85.2
14500,91.2
14750,92.4
15000,96.0
15250,86.8
15500,88.8
15750,90.8
