250,9.2
500,44.4
750,57.199999999999996
1000,47.199999999999996
1250,44.4
1500,50.0
1750,49.6
2000,56.00000000000001
2250,57.199999999999996
2500,52.0
2750,57.99999999999999
3000,52.800000000000004
3250,85.2
3500,96.39999999999999
3750,97.6
4000,97.2
4250,90.8
4500,93.2
4750,94.0
5000,93.60000000000001
5250,73.2
5500,80.80000000000001
5750,51.6
6000,40.400000000000006
6250,46.800000000000004
6500,48.4
6750,51.2
7000,42.8
7250,44.4
7500,40.400000000000006
7750,44.800000000000004
8000,49.6
8250,44.0
8500,38.800000000000004
8750,30.0
9000,48.0
9250,27.6
9500,10.0
9750,0.0
10000,9.2
10250,38.4
10500,46.800000000000004
10750,47.599999999999994
11000,38.0
11250,20.8
11500,48.8
11750,92.80000000000001
12000,47.199999999999996
12250,36.8
12500,38.800000000000004
12750,34.0
13000,33.6
13250,26.400000000000002
13500,72.0
13750,60.4
14000,94.8
14250,93.2
14500,94.8
14750,93.60000000000001
15000,96.0
15250,88.0
15500,88.8
15750,90.8
