250,8.799999999999999,0.0
500,27.6,0.0
750,54.400000000000006,0.0
1000,45.6,0.0
1250,42.0,0.0
1500,46.400000000000006,0.0
1750,42.8,0.0
2000,48.0,0.0
2250,51.2,0.0
2500,50.0,0.0
2750,51.6,0.0
3000,42.0,0.0
3250,48.4,0.0
3500,41.199999999999996,0.0
3750,50.4,0.0
4000,55.2,0.0
4250,32.800000000000004,0.0
4500,42.4,0.0
4750,45.6,0.0
5000,38.4,0.0
5250,26.0,0.0
5500,41.6,0.0
5750,46.0,0.0
6000,35.199999999999996,0.0
6250,46.400000000000006,0.0
6500,44.4,0.0
6750,43.2,0.0
7000,34.8,0.0
7250,44.4,0.0
7500,36.4,0.0
7750,42.4,0.0
8000,48.0,0.0
8250,41.6,0.0
8500,32.800000000000004,0.0
8750,29.2,0.0
9000,47.599999999999994,0.0
9250,23.599999999999998,0.0
9500,8.4,0.0
9750,0.0,0.0
10000,9.2,0.0
10250,30.0,0.0
10500,44.0,0.0
10750,46.0,0.0
11000,37.2,0.0
11250,10.0,0.0
11500,14.000000000000002,0.0
11750,45.2,0.0
12000,38.0,0.0
12250,36.8,0.0
12500,38.0,0.0
12750,30.8,0.0
13000,32.4,0.0
13250,22.400000000000002,0.0
13500,68.8,0.0
13750,43.2,0.0
14000,83.6,0.0
14250,77.60000000000001,0.0
14500,87.2,0.0
14750,85.2,0.0
15000,92.4,0.0
15250,80.80000000000001,0.0
15500,84.0,0.0
15750,90.8,0.0
