250,9.2,0.0
500,44.4,0.0
750,57.199999999999996,0.0
1000,47.199999999999996,0.0
1250,44.4,0.0
1500,50.0,0.0
1750,49.6,0.0
2000,56.00000000000001,0.0
2250,57.199999999999996,0.0
2500,52.0,0.0
2750,57.99999999999999,0.0
3000,52.0,0.0
3250,83.2,0.0
3500,95.6,0.0
3750,97.6,0.0
4000,96.8,0.0
4250,90.4,0.0
4500,90.8,0.0
4750,92.80000000000001,0.0
5000,41.6,0.0
5250,28.000000000000004,0.0
5500,43.2,0.0
5750,46.0,0.0
6000,61.6,0.0
6250,93.2,0.0
6500,88.8,0.0
6750,84.39999999999999,0.0
7000,91.60000000000001,0.0
7250,92.0,0.0
7500,91.2,0.0
7750,54.400000000000006,0.0
8000,81.2,0.0
8250,46.0,0.0
8500,36.0,0.0
8750,44.0,0.0
9000,94.0,0.0
9250,72.0,0.0
9500,81.2,0.0
9750,100.0,0.0
10000,40.0,0.0
10250,34.4,0.0
10500,43.2,0.0
10750,42.8,0.0
11000,36.0,0.0
11250,85.2,0.0
11500,86.4,0.0
11750,90.8,0.0
12000,90.4,0.0
12250,82.8,0.0
12500,88.8,0.0
12750,42.0,0.0
13000,32.800000000000004,0.0
13250,26.400000000000002,0.0
13500,71.2,0.0
13750,55.2,0.0
14000,92.0,0.0
14250,87.6,0.0
14500,92.0,0.0
14750,92.0,0.0
15000,96.0,0.0
15250,84.39999999999999,0.0
15500,81.2,0.0
15750,89.2,0.0
