250,9.2,0.0
500,44.4,0.0
750,57.199999999999996,0.0
1000,47.199999999999996,0.0
1250,44.4,0.0
1500,46.400000000000006,0.0
1750,47.599999999999994,0.0
2000,50.0,0.0
2250,57.199999999999996,0.0
2500,51.6,0.0
2750,57.199999999999996,0.0
3000,50.4,0.0
3250,64.8,0.0
3500,94.39999999999999,0.0
3750,83.6,0.0
4000,55.2,0.0
4250,38.800000000000004,0.0
4500,40.400000000000006,0.0
4750,45.6,0.0
5000,37.2,0.0
5250,28.000000000000004,0.0
5500,43.2,0.0
5750,45.6,0.0
6000,43.2,0.0
6250,93.2,0.0
6500,77.2,0.0
6750,64.8,0.0
7000,41.6,0.0
7250,44.4,0.0
7500,39.6,0.0
7750,42.8,0.0
8000,50.8,0.0
8250,42.4,0.0
8500,34.0,0.0
8750,26.8,0.0
9000,88.4,0.0
9250,66.8,0.0
9500,32.4,0.0
9750,0.0,0.0
10000,2.4,0.0
10250,14.000000000000002,0.0
10500,17.2,0.0
10750,41.199999999999996,0.0
11000,34.0,0.0
11250,10.4,0.0
11500,16.8,0.0
11750,74.8,0.0
12000,88.0,0.0
12250,59.199999999999996,0.0
12500,38.4,0.0
12750,34.0,0.0
13000,32.4,0.0
13250,26.400000000000002,0.0
13500,70.8,0.0
13750,52.800000000000004,0.0
14000,94.39999999999999,0.0
14250,91.60000000000001,0.0
14500,92.80000000000001,0.0
14750,92.4,0.0
15000,96.0,0.0
15250,86.8,0.0
15500,88.8,0.0
15750,90.8,0.0
