250,9.2
500,44.4
750,57.199999999999996
1000,47.199999999999996
1250,44.4
1500,48.4
1750,48.0
2000,50.4
2250,57.199999999999996
2500,52.0
2750,57.199999999999996
3000,52.800000000000004
3250,53.6
3500,48.4
3750,53.6
4000,55.60000000000001
4250,38.800000000000004
4500,45.2
4750,46.800000000000004
5000,43.2
5250,26.8
5500,49.2
5750,46.0
6000,38.0
6250,46.800000000000004
6500,46.800000000000004
6750,47.599999999999994
7000,40.8
7250,44.4
7500,40.400000000000006
7750,42.8
8000,47.599999999999994
8250,42.0
8500,34.8
8750,30.0
9000,48.0
9250,25.6
9500,8.799999999999999
9750,0.0
10000,2.4
10250,17.599999999999998
10500,45.2
10750,45.2
11000,34.4
11250,9.2
11500,14.399999999999999
11750,46.800000000000004
12000,40.400000000000006
12250,36.8
12500,37.2
12750,33.2
13000,33.6
13250,24.4
13500,70.0
13750,53.2
14000,93.60000000000001
14250,93.2
14500,94.8
14750,93.60000000000001
15000,96.0
15250,88.0
15500,88.8
15750,90.8
