500,26.8,0.0
1000,52.2,0.0
1500,47.199999999999996,0.0
2000,52.800000000000004,0.0
2500,54.6,7.324595219737856
3000,55.00000000000001,10.278514588859416
3500,90.2,10.13557133634603
4000,97.39999999999999,70.98014093529788
4500,51.800000000000004,6.782106782106783
5000,45.2,9.639344262295083
5500,39.0,47.72403982930299
6000,56.2,45.141451414514144
6500,93.2,2.0744356314826113
7000,78.60000000000001,9.668874172185431
7500,45.4,11.051574012056262
8000,47.599999999999994,10.593900481540931
8500,41.4,11.876640419947506
9000,70.8,8.800482218203737
9500,76.8,27.03639514731369
10000,8.4,2.7253668763102725
10500,43.6,46.43356643356643
11000,50.6,0.5373134328358209
11500,88.4,18.488943488943487
12000,54.6,7.755662319835278
12500,42.0,10.591133004926109
13000,33.800000000000004,11.000585137507315
13500,50.2,5.652680652680653
14000,76.6,2.1739130434782608
14500,94.8,3.3296337402885685
15000,95.0,2.958904109589041
15500,88.4,5.229455709711846
