250,9.2
500,38.800000000000004
750,54.400000000000006
1000,46.0
1250,42.4
1500,46.400000000000006
1750,47.199999999999996
2000,49.2
2250,55.2
2500,47.599999999999994
2750,47.599999999999994
3000,35.199999999999996
3250,43.6
3500,37.6
3750,45.6
4000,55.2
4250,28.799999999999997
4500,45.2
4750,41.199999999999996
5000,37.2
5250,26.0
5500,46.0
5750,44.4
6000,37.2
6250,43.2
6500,44.800000000000004
6750,43.2
7000,29.2
7250,43.6
7500,36.8
7750,42.4
8000,38.0
8250,35.199999999999996
8500,31.6
8750,23.599999999999998
9000,44.0
9250,16.8
9500,2.0
9750,0.0
10000,2.0
10250,14.799999999999999
10500,44.4
10750,45.2
11000,31.6
11250,8.0
11500,13.600000000000001
11750,38.800000000000004
12000,35.6
12250,33.6
12500,26.400000000000002
12750,30.8
13000,27.6
13250,13.200000000000001
13500,45.2
13750,46.0
14000,92.0
14250,85.2
14500,90.8
14750,92.4
15000,96.0
15250,86.8
15500,88.8
15750,90.8
