250,9.2,100.0
500,44.4,100.0
750,57.199999999999996,28.602150537634408
1000,47.199999999999996,48.57621440536013
1250,44.4,59.10326086956522
1500,46.400000000000006,64.67136150234741
1750,47.599999999999994,69.75308641975309
2000,50.0,72.86384976525821
2250,57.199999999999996,75.94501718213058
2500,51.6,78.17614964925956
2750,57.199999999999996,80.2612481857765
3000,50.4,81.74496644295301
3250,64.8,84.46417247939125
3500,94.39999999999999,91.08723135271808
3750,83.6,99.55214331413947
4000,55.2,99.91694352159467
4250,40.0,99.84214680347277
4500,42.8,99.92498124531133
4750,45.6,99.49640287769785
5000,39.6,99.92695398100804
5250,28.000000000000004,99.47882736156352
5500,43.2,97.03923019985197
5750,46.0,97.30820995962316
6000,41.6,97.10591133004927
6250,92.80000000000001,99.45054945054946
6500,84.0,99.44099378881988
6750,56.39999999999999,99.78021978021978
7000,42.4,99.73457199734572
7250,46.0,99.87437185929649
7500,41.6,99.93519118600129
7750,44.0,99.87760097919217
8000,48.0,99.5787700084246
8250,43.2,99.54682779456193
8500,35.199999999999996,95.95890410958904
8750,29.599999999999998,96.38701775872627
9000,85.6,97.52863170584689
9250,68.0,99.76825028968713
9500,24.0,99.93201903467029
9750,0.0,99.93698802772528
10000,11.200000000000001,99.92917847025495
10250,36.4,99.93050729673384
10500,45.6,99.78888106966924
10750,47.199999999999996,99.74210186976144
11000,37.6,98.84428223844283
11250,76.4,99.58033573141488
11500,44.800000000000004,99.92576095025983
11750,47.199999999999996,99.9271137026239
12000,39.2,99.92877492877493
12250,36.8,99.87080103359173
12500,38.800000000000004,99.93827160493827
12750,33.6,99.93540051679587
13000,32.800000000000004,99.94148624926858
13250,24.4,99.93906154783669
13500,72.39999999999999,99.93975903614458
13750,56.8,91.47826086956522
14000,92.0,91.15606936416185
14250,88.4,90.43227665706051
14500,90.8,86.93901035673187
14750,92.80000000000001,87.04337899543378
15000,96.0,87.16638273708121
15250,86.8,87.36017897091722
15500,87.6,87.53447324875896
15750,90.8,87.69063180827887
