250,9.2,100.0
500,44.4,100.0
750,57.199999999999996,100.0
1000,47.199999999999996,3.8016528925619832
1250,44.4,29.166666666666668
1500,48.4,40.809248554913296
1750,48.0,49.28861788617886
2000,50.4,54.08163265306123
2250,57.199999999999996,58.70858113848768
2500,52.0,62.60601387818041
2750,57.199999999999996,65.73275862068965
3000,52.0,68.63395225464191
3250,72.39999999999999,72.98668357641091
3500,94.39999999999999,80.15170670037926
3750,97.6,87.09068010075566
4000,96.8,93.66373902132999
4250,52.800000000000004,99.9259807549963
4500,42.8,99.92784992784993
4750,45.6,99.93319973279893
5000,39.6,99.54098360655738
5250,28.000000000000004,99.54427083333334
5500,43.2,95.55393586005832
5750,46.0,95.95222295952223
6000,49.2,96.98646986469865
6250,92.80000000000001,99.38987187309336
6500,88.8,95.90964590964592
6750,83.6,99.81818181818181
7000,80.4,99.93377483443709
7250,46.800000000000004,99.87437185929649
7500,41.6,99.93519118600129
7750,44.0,99.87760097919217
8000,48.8,99.87789987789988
8250,44.800000000000004,99.85569985569985
8500,35.199999999999996,94.56740442655935
8750,29.599999999999998,95.01501501501501
9000,94.8,97.52863170584689
9250,68.0,99.76825028968713
9500,80.0,99.42229924898902
9750,13.600000000000001,99.93698802772528
10000,11.200000000000001,99.93183367416496
10250,36.4,99.93050729673384
10500,45.6,99.78888106966924
10750,47.199999999999996,99.74210186976144
11000,40.8,97.77376654632972
11250,84.39999999999999,99.58058717795086
11500,88.8,99.644128113879
11750,72.8,99.79591836734694
12000,39.2,99.93093922651933
12250,36.8,99.93556701030928
12500,38.800000000000004,99.9384236453202
12750,33.6,99.93540051679587
13000,32.800000000000004,99.94148624926858
13250,24.4,99.93906154783669
13500,73.2,99.88165680473374
13750,56.8,91.00227790432803
14000,93.2,90.9761634506243
14250,88.4,90.6712172923777
14500,92.0,90.30062393647192
14750,92.80000000000001,90.26449071468767
15000,96.0,90.36954087346024
15250,86.8,90.34749034749035
15500,87.6,88.08487486398259
15750,90.8,88.23213326168727
