250,8.799999999999999,57.77777777777777
500,27.6,84.07643312101911
750,54.400000000000006,89.80582524271846
1000,45.6,99.79919678714859
1250,42.0,99.79879275653923
1500,46.400000000000006,99.82456140350877
1750,42.8,99.375
2000,48.0,99.71264367816092
2250,51.2,98.97260273972603
2500,50.0,99.28057553956835
2750,51.6,99.53596287703016
3000,42.0,98.58870967741935
3250,48.4,99.54441913439635
3500,43.2,99.75308641975309
3750,50.8,98.59550561797754
4000,55.2,98.9247311827957
4250,32.800000000000004,99.79757085020243
4500,42.4,99.63099630996311
4750,44.800000000000004,99.27404718693285
5000,38.800000000000004,99.672131147541
5250,26.0,99.61587708066581
5500,42.4,99.68503937007874
5750,46.0,99.74025974025975
6000,36.0,99.85528219971056
6250,46.400000000000006,99.7563946406821
6500,44.4,99.89130434782608
6750,45.6,99.60159362549801
7000,28.799999999999997,94.27480916030534
7250,44.4,96.25935162094763
7500,37.2,97.80621572212065
7750,42.4,98.25834542815674
8000,48.0,98.5239852398524
8250,41.6,99.8896247240618
8500,33.2,99.71126082771896
8750,29.2,99.75206611570248
9000,47.599999999999994,99.85052316890882
9250,23.599999999999998,99.82698961937716
9500,4.3999999999999995,98.26086956521739
9750,0.0,98.87323943661971
10000,4.8,99.87623762376238
10250,28.000000000000004,99.89094874591058
10500,44.0,99.80638915779284
10750,46.0,99.8266897746967
11000,37.2,99.91694352159467
11250,8.4,99.8896247240618
11500,14.799999999999999,99.86595174262735
11750,46.400000000000006,99.70149253731343
12000,39.2,99.74683544303798
12250,36.8,99.89281886387997
12500,38.0,99.87760097919217
12750,31.6,99.82046678635548
13000,32.800000000000004,99.86091794158554
13250,22.400000000000002,99.73856209150327
13500,70.8,99.38650306748467
13750,42.8,92.72030651340997
14000,85.6,99.25925925925925
14250,80.0,94.57364341085271
14500,87.2,82.64462809917356
14750,82.39999999999999,90.67796610169492
15000,93.2,90.5511811023622
15250,80.0,88.11188811188812
15500,84.39999999999999,85.625
15750,90.8,87.43169398907104
