500,26.8,0.0
1000,52.2,3.8016528925619832
1500,46.400000000000006,13.0635838150289
2000,49.2,12.152133580705009
2500,54.6,7.324595219737856
3000,54.6,10.278514588859416
3500,51.800000000000004,10.13557133634603
4000,74.8,10.890454836643178
4500,47.8,4.765395894428153
5000,42.6,5.223880597014925
5500,35.6,10.170697012802275
6000,54.800000000000004,11.131611316113162
6500,91.0,2.0744356314826113
7000,75.6,9.688122096881221
7500,42.8,11.081262592343855
8000,46.400000000000006,10.602409638554217
8500,40.6,11.818778726198293
9000,68.2,8.800482218203737
9500,74.2,25.92378752886836
10000,5.800000000000001,0.9783368273934312
10500,41.0,5.590496156533892
11000,49.6,0.5373134328358209
11500,86.4,17.936117936117938
12000,50.6,7.755662319835278
12500,37.8,10.617283950617285
13000,33.2,11.000585137507315
13500,48.4,5.65597667638484
14000,75.0,2.1751254880089235
14500,89.8,3.3314825097168237
15000,94.39999999999999,2.9605263157894735
15500,87.2,5.235042735042735
