250,9.2
500,44.4
750,57.199999999999996
1000,47.199999999999996
1250,44.4
1500,50.0
1750,49.6
2000,56.00000000000001
2250,57.199999999999996
2500,52.0
2750,57.99999999999999
3000,52.800000000000004
3250,54.0
3500,51.6
3750,54.0
4000,55.60000000000001
4250,41.199999999999996
4500,45.2
4750,46.800000000000004
5000,43.6
5250,28.4
5500,49.2
5750,46.0
6000,40.400000000000006
6250,46.800000000000004
6500,48.4
6750,51.2
7000,42.8
7250,44.4
7500,40.8
7750,44.800000000000004
8000,69.6
8250,42.0
8500,38.4
8750,30.0
9000,47.599999999999994
9250,27.6
9500,13.200000000000001
9750,0.0
10000,66.4
10250,90.4
10500,86.4
10750,89.60000000000001
11000,76.8
11250,81.6
11500,88.0
11750,86.4
12000,44.4
12250,48.4
12500,86.4
12750,84.8
13000,87.6
13250,93.2
13500,76.4
13750,64.8
14000,92.0
14250,90.8
14500,93.60000000000001
14750,90.0
15000,96.0
15250,84.8
15500,77.2
15750,83.6
