500,26.8,0.0
1000,52.2,11.222780569514237
1500,45.4,13.262910798122066
2000,49.0,12.300469483568074
2500,54.400000000000006,7.40452065471551
3000,53.800000000000004,10.40268456375839
3500,51.6,10.261437908496731
4000,54.6,30.0
4500,38.6,9.264705882352942
5000,42.4,8.51063829787234
5500,34.599999999999994,11.716842961757527
6000,42.199999999999996,12.20159151193634
6500,71.39999999999999,2.096177558569667
7000,68.0,9.403973509933774
7500,44.2,11.051574012056262
8000,46.0,11.301369863013697
8500,40.6,13.3630289532294
9000,38.6,7.459066100667071
9500,64.4,24.42882249560633
10000,5.6000000000000005,0.7790368271954674
10500,41.0,5.629838142153413
11000,42.4,0.5579665220086795
11500,59.199999999999996,18.422712933753942
12000,44.800000000000004,7.766323024054983
12500,37.8,10.493827160493826
13000,33.2,11.000585137507315
13500,48.4,6.25
14000,74.4,2.389705882352941
14500,89.60000000000001,3.6630036630036633
15000,94.39999999999999,3.2569360675512664
15500,87.2,5.74443141852286
