250,9.2,100.0
500,44.4,100.0
750,57.199999999999996,100.0
1000,47.199999999999996,100.0
1250,44.4,100.0
1500,50.0,100.0
1750,49.6,100.0
2000,56.00000000000001,19.31097008159565
2250,57.199999999999996,27.204658901830282
2500,52.0,34.114977307110436
2750,57.99999999999999,39.88724453840733
3000,52.0,44.69055374592834
3250,83.2,50.856055802156
3500,95.6,58.39646464646465
3750,97.6,65.40880503144653
4000,96.8,72.05513784461152
4250,90.4,80.24767801857585
4500,90.8,87.76137761377613
4750,92.80000000000001,95.05494505494505
5000,44.0,99.54158480681073
5250,28.000000000000004,99.54427083333334
5500,43.2,95.07494646680942
5750,46.0,95.5078125
6000,61.6,97.10947109471094
6250,93.2,99.39024390243902
6500,88.8,98.4136668700427
6750,84.39999999999999,99.75772259236825
7000,93.2,99.75961538461539
7250,94.39999999999999,99.761620977354
7500,91.60000000000001,99.82238010657194
7750,79.60000000000001,99.93928354584092
8000,50.8,99.87789987789988
8250,44.800000000000004,99.92732558139535
8500,37.2,96.77631578947368
8750,40.400000000000006,98.73873873873875
9000,94.8,97.52863170584689
9250,71.6,99.94206257242179
9500,80.0,99.42229924898902
9750,100.0,99.42229924898902
10000,70.0,99.93690851735015
10250,36.4,99.79564032697547
10500,45.6,99.93606138107417
10750,47.199999999999996,98.78127004490058
11000,51.2,99.82089552238807
11250,84.39999999999999,99.58058717795086
11500,88.4,99.32182490752159
11750,92.0,99.38875305623472
12000,90.4,99.3975903614458
12250,83.6,99.94029850746269
12500,76.8,99.9384236453202
12750,34.0,99.93540051679587
13000,32.800000000000004,99.9367088607595
13250,26.400000000000002,99.81894990947495
13500,73.2,98.60058309037902
13750,57.199999999999996,97.4200785193494
14000,94.0,89.8494143892917
14250,89.60000000000001,89.48247078464107
14500,93.60000000000001,89.52328159645234
14750,92.80000000000001,89.49394939493949
15000,96.0,89.64950711938664
15250,86.8,89.63842417701025
15500,87.6,89.71215351812367
15750,90.8,89.83675618746709
