250,9.2,100.0
500,44.4,100.0
750,57.199999999999996,100.0
1000,47.199999999999996,100.0
1250,44.4,100.0
1500,50.0,100.0
1750,49.6,100.0
2000,56.00000000000001,100.0
2250,57.199999999999996,100.0
2500,52.0,100.0
2750,57.99999999999999,100.0
3000,52.800000000000004,100.0
3250,85.2,100.0
3500,96.39999999999999,100.0
3750,97.6,100.0
4000,97.2,100.0
4250,92.0,100.0
4500,93.2,100.0
4750,94.0,100.0
5000,93.60000000000001,100.0
5250,84.8,100.0
5500,94.0,100.0
5750,92.0,100.0
6000,91.60000000000001,100.0
6250,93.60000000000001,100.0
6500,92.80000000000001,100.0
6750,84.39999999999999,100.0
7000,94.39999999999999,100.0
7250,94.39999999999999,100.0
7500,93.60000000000001,100.0
7750,92.80000000000001,100.0
8000,95.6,100.0
8250,92.80000000000001,100.0
8500,91.2,100.0
8750,88.4,100.0
9000,96.0,98.35892006352567
9250,74.4,98.61467419189329
9500,89.60000000000001,98.88494678155094
9750,100.0,98.88494678155094
10000,94.8,99.14184755174155
10250,94.0,99.19799498746868
10500,93.2,99.35226706527155
10750,92.4,99.4074074074074
11000,89.2,99.26506614404703
11250,89.60000000000001,99.61183891314896
11500,93.60000000000001,99.66281310211946
11750,93.60000000000001,99.80852082336045
12000,90.8,99.85788725722406
12250,85.6,99.9530736743313
12500,93.2,99.95100440960314
12750,90.4,99.95157384987894
13000,90.4,99.95114802149487
13250,96.39999999999999,6.792058516196447
13500,78.8,99.8468606431853
13750,73.2,8.951271186440678
14000,95.6,10.915867944621937
14250,95.19999999999999,3.552492046659597
14500,95.19999999999999,0.3691983122362869
14750,93.60000000000001,3.192046049188906
15000,96.39999999999999,3.854166666666667
15250,88.4,6.878850102669405
15500,88.8,95.23568170299038
15750,90.8,95.29058116232466
