500,26.8,0.0
1000,52.2,0.0
1500,47.199999999999996,0.0
2000,52.800000000000004,0.0
2500,54.6,0.0
3000,55.400000000000006,0.0
3500,90.8,0.0
4000,97.39999999999999,0.0
4500,92.60000000000001,0.0
5000,93.8,0.0
5500,89.4,0.0
6000,91.8,0.0
6500,93.2,0.0
7000,89.4,0.0
7500,94.0,0.0
8000,94.19999999999999,0.0
8500,92.0,0.0
9000,92.2,0.0
9500,81.39999999999999,0.0
10000,97.39999999999999,0.0
10500,93.8,0.0
11000,90.4,0.0
11500,91.60000000000001,0.0
12000,92.2,0.0
12500,89.4,0.0
13000,90.4,0.0
13500,87.4,0.0
14000,83.39999999999999,0.0
14500,94.8,0.0
15000,95.0,0.0
15500,88.4,0.0
