250,8.799999999999999,0.0
500,27.6,0.0
750,54.400000000000006,0.0
1000,45.6,0.0
1250,42.0,0.0
1500,46.400000000000006,0.0
1750,42.8,0.0
2000,48.0,0.0
2250,51.2,0.0
2500,50.0,0.0
2750,51.6,0.0
3000,42.0,0.0
3250,48.4,0.0
3500,42.4,0.0
3750,51.2,0.0
4000,55.2,0.0
4250,38.4,0.0
4500,40.0,0.0
4750,43.6,0.0
5000,37.2,0.0
5250,26.8,0.0
5500,36.0,0.0
5750,38.4,0.0
6000,38.0,0.0
6250,46.400000000000006,0.0
6500,44.4,0.0
6750,50.4,0.0
7000,40.8,0.0
7250,44.4,0.0
7500,40.400000000000006,0.0
7750,42.8,0.0
8000,47.199999999999996,0.0
8250,42.4,0.0
8500,33.6,0.0
8750,27.6,0.0
9000,45.6,0.0
9250,24.8,0.0
9500,8.4,0.0
9750,0.0,0.0
10000,9.2,0.0
10250,22.8,0.0
10500,41.199999999999996,0.0
10750,38.800000000000004,0.0
11000,34.0,0.0
11250,7.6,0.0
11500,13.200000000000001,0.0
11750,42.4,0.0
12000,33.6,0.0
12250,33.6,0.0
12500,32.800000000000004,0.0
12750,29.2,0.0
13000,28.799999999999997,0.0
13250,21.2,0.0
13500,56.00000000000001,0.0
13750,28.000000000000004,0.0
14000,80.80000000000001,0.0
14250,76.8,0.0
14500,82.0,0.0
14750,76.0,0.0
15000,92.4,0.0
15250,75.6,0.0
15500,88.8,0.0
15750,90.8,0.0
