500,26.8,0.0
1000,52.2,0.0
1500,47.199999999999996,0.0
2000,52.800000000000004,0.0
2500,54.6,0.0
3000,55.400000000000006,0.0
3500,90.8,10.13557133634603
4000,97.39999999999999,96.02818705957719
4500,52.400000000000006,2.1645021645021645
5000,45.2,0.39344262295081966
5500,39.0,1.3513513513513513
6000,56.2,69.86469864698647
6500,93.2,2.0744356314826113
7000,78.60000000000001,1.9867549668874174
7500,45.4,8.305425318151373
8000,47.599999999999994,8.063530849114233
8500,43.0,2.622950819672131
9000,71.0,8.800482218203737
9500,76.8,27.03639514731369
10000,8.0,2.658486707566462
10500,44.4,1.3268156424581006
11000,54.6,0.5373134328358209
11500,88.6,18.488943488943487
12000,54.2,2.6767330130404945
12500,42.0,10.591133004926109
13000,34.2,11.000585137507315
13500,50.4,5.646100116414435
14000,78.4,2.1714922048997773
14500,94.8,3.325942350332594
15000,95.0,2.955665024630542
15500,88.4,5.218317358892439
