250,9.2,100.0
500,44.4,100.0
750,57.199999999999996,100.0
1000,47.199999999999996,100.0
1250,44.4,100.0
1500,50.0,100.0
1750,49.6,100.0
2000,56.00000000000001,100.0
2250,57.199999999999996,100.0
2500,52.0,100.0
2750,57.99999999999999,7.724425887265135
3000,52.800000000000004,17.170418006430868
3250,85.2,24.49748743718593
3500,95.6,32.58286429018136
3750,97.6,39.688473520249225
4000,96.8,46.36871508379888
4250,91.60000000000001,54.78527607361963
4500,90.8,62.400975015234614
4750,92.80000000000001,69.81246218995766
5000,90.8,77.40963855421687
5250,84.0,86.14386792452831
5500,83.2,93.40855106888361
5750,46.0,99.93618379068283
6000,64.8,98.39605181986428
6250,93.2,99.81662591687042
6500,90.8,99.38837920489296
6750,84.39999999999999,97.6829268292683
7000,93.2,99.93954050785973
7250,94.39999999999999,99.9400479616307
7500,91.2,97.56838905775076
7750,92.0,98.00362976406534
8000,94.8,99.51923076923077
8250,91.2,99.76218787158146
8500,87.2,99.57703927492447
8750,51.6,99.88016776512882
9000,94.8,99.94011976047904
9250,70.39999999999999,99.94182664339732
9500,81.2,99.5949074074074
9750,100.0,99.5949074074074
10000,94.39999999999999,99.88472622478386
10250,92.0,99.82537834691502
10500,90.4,99.94110718492344
10750,74.0,99.9383477188656
11000,60.8,99.94026284348865
11250,86.0,99.82142857142857
11500,90.0,98.95577395577395
11750,92.0,99.02557856272838
12000,90.4,99.03961584633853
12250,83.6,99.52913478516776
12500,88.8,99.76798143851508
12750,88.0,99.71064814814815
13000,85.2,99.94295493439817
13250,55.60000000000001,99.94086339444117
13500,73.2,99.94259471871412
13750,57.199999999999996,96.22850804215197
14000,94.0,88.79690949227374
14250,90.8,88.82773802971931
14500,93.60000000000001,88.7609649122807
14750,92.80000000000001,88.73775843307943
15000,96.0,88.84677855982675
15250,87.2,88.90666666666667
15500,88.8,89.21052631578948
15750,90.8,89.33957358294332
