500,26.8,0.0
1000,52.2,0.0
1500,47.199999999999996,0.0
2000,52.800000000000004,0.0
2500,54.6,0.0
3000,55.400000000000006,10.278514588859416
3500,90.60000000000001,10.13557133634603
4000,97.39999999999999,83.21588725176169
4500,52.400000000000006,6.782106782106783
5000,45.2,9.639344262295083
5500,39.0,62.30440967283073
6000,56.2,57.6260762607626
6500,93.2,2.0744356314826113
7000,78.60000000000001,9.668874172185431
7500,45.4,11.051574012056262
8000,47.599999999999994,8.063530849114233
8500,41.6,11.868852459016393
9000,71.0,8.800482218203737
9500,76.8,27.03639514731369
10000,8.0,2.658486707566462
10500,44.4,78.35195530726257
11000,50.8,0.5373134328358209
11500,88.4,18.488943488943487
12000,54.2,7.755662319835278
12500,42.0,10.591133004926109
13000,34.0,11.000585137507315
13500,50.2,5.646100116414435
14000,77.8,2.1714922048997773
14500,94.8,3.325942350332594
15000,95.0,2.955665024630542
15500,88.4,5.218317358892439
