250,9.2,0.0
500,44.4,0.0
750,57.199999999999996,0.0
1000,47.199999999999996,0.0
1250,44.4,0.0
1500,48.4,0.0
1750,48.0,0.0
2000,50.4,0.0
2250,57.199999999999996,0.0
2500,52.0,0.0
2750,57.199999999999996,0.0
3000,52.0,0.0
3250,72.39999999999999,0.0
3500,94.39999999999999,0.0
3750,97.6,0.0
4000,96.8,0.0
4250,52.800000000000004,0.0
4500,42.8,0.0
4750,45.6,0.0
5000,39.6,0.0
5250,28.000000000000004,0.0
5500,43.2,0.0
5750,46.0,0.0
6000,49.2,0.0
6250,92.80000000000001,0.0
6500,88.8,0.0
6750,83.6,0.0
7000,80.4,0.0
7250,46.800000000000004,0.0
7500,41.6,0.0
7750,44.0,0.0
8000,48.8,0.0
8250,44.800000000000004,0.0
8500,34.8,0.0
8750,29.599999999999998,0.0
9000,94.39999999999999,0.0
9250,68.0,0.0
9500,80.0,0.0
9750,13.600000000000001,0.0
10000,11.600000000000001,0.0
10250,36.4,0.0
10500,44.4,0.0
10750,47.199999999999996,0.0
11000,40.400000000000006,0.0
11250,84.8,0.0
11500,89.60000000000001,0.0
11750,77.2,0.0
12000,38.800000000000004,0.0
12250,36.8,0.0
12500,39.2,0.0
12750,32.4,0.0
13000,32.4,0.0
13250,24.4,0.0
13500,72.39999999999999,0.0
13750,53.6,0.0
14000,89.2,0.0
14250,87.2,0.0
14500,91.2,0.0
14750,92.80000000000001,0.0
15000,96.0,0.0
15250,86.8,0.0
15500,87.6,0.0
15750,90.8,0.0
