250,9.2
500,44.4
750,57.199999999999996
1000,47.199999999999996
1250,44.4
1500,50.0
1750,49.6
2000,56.00000000000001
2250,57.199999999999996
2500,52.0
2750,57.99999999999999
3000,52.800000000000004
3250,85.2
3500,96.39999999999999
3750,97.6
4000,97.2
4250,91.60000000000001
4500,93.2
4750,94.0
5000,93.60000000000001
5250,84.8
5500,93.60000000000001
5750,92.0
6000,87.6
6250,69.6
6500,92.80000000000001
6750,71.6
7000,60.8
7250,72.0
7500,66.0
7750,45.2
8000,88.4
8250,88.0
8500,48.0
8750,68.0
9000,93.2
9250,34.0
9500,14.399999999999999
9750,2.4
10000,92.0
10250,90.0
10500,90.4
10750,89.2
11000,62.8
11250,78.4
11500,88.0
11750,90.4
12000,88.0
12250,54.400000000000006
12500,38.800000000000004
12750,34.0
13000,33.6
13250,26.400000000000002
13500,73.2
13750,60.4
14000,94.39999999999999
14250,93.2
14500,94.8
14750,93.60000000000001
15000,96.0
15250,88.0
15500,88.8
15750,90.8
