250,9.2,0.0
500,44.4,0.0
750,57.199999999999996,0.0
1000,47.199999999999996,0.0
1250,44.4,0.0
1500,50.0,0.0
1750,49.6,0.0
2000,56.00000000000001,0.0
2250,57.199999999999996,0.0
2500,52.0,0.0
2750,57.99999999999999,0.0
3000,52.0,0.0
3250,85.2,0.0
3500,95.6,0.0
3750,97.6,0.0
4000,96.8,0.0
4250,91.60000000000001,0.0
4500,90.8,0.0
4750,92.80000000000001,0.0
5000,90.0,0.0
5250,53.6,0.0
5500,43.2,0.0
5750,46.0,0.0
6000,64.0,0.0
6250,93.2,0.0
6500,88.8,0.0
6750,84.39999999999999,0.0
7000,93.2,0.0
7250,94.39999999999999,0.0
7500,91.60000000000001,0.0
7750,92.0,0.0
8000,95.19999999999999,0.0
8250,65.60000000000001,0.0
8500,34.8,0.0
8750,43.2,0.0
9000,94.8,0.0
9250,72.0,0.0
9500,80.0,0.0
9750,100.0,0.0
10000,94.8,0.0
10250,92.0,0.0
10500,47.599999999999994,0.0
10750,47.199999999999996,0.0
11000,53.6,0.0
11250,84.8,0.0
11500,89.60000000000001,0.0
11750,91.60000000000001,0.0
12000,88.0,0.0
12250,83.6,0.0
12500,88.4,0.0
12750,86.4,0.0
13000,44.0,0.0
13250,27.6,0.0
13500,72.39999999999999,0.0
13750,53.6,0.0
14000,89.2,0.0
14250,87.2,0.0
14500,92.0,0.0
14750,92.80000000000001,0.0
15000,96.0,0.0
15250,86.8,0.0
15500,87.6,0.0
15750,90.8,0.0
