250,9.2,100.0
500,44.4,100.0
750,57.199999999999996,100.0
1000,47.199999999999996,100.0
1250,44.4,100.0
1500,50.0,100.0
1750,49.6,100.0
2000,56.00000000000001,100.0
2250,57.199999999999996,4.702970297029703
2500,52.0,17.417417417417415
2750,57.99999999999999,24.282715185444367
3000,52.0,30.87378640776699
3250,85.2,37.54740834386852
3500,95.6,45.311516677155446
3750,97.6,52.35109717868338
4000,96.8,59.02560899437851
4250,91.60000000000001,67.34567901234568
4500,90.8,74.92335990190068
4750,92.80000000000001,82.288496652465
5000,90.0,89.93939393939394
5250,53.6,99.50310559006212
5500,43.2,96.09097370291401
5750,46.0,96.43320363164722
6000,64.0,97.53238741517582
6250,93.2,99.69437652811736
6500,88.8,96.08562691131498
6750,84.39999999999999,99.93932038834951
7000,93.2,99.6984318455971
7250,94.39999999999999,99.70095693779905
7500,91.2,99.8217468805704
7750,92.0,99.94029850746269
8000,95.19999999999999,99.94058229352348
8250,65.60000000000001,97.76011560693641
8500,37.2,96.14379084967321
8750,44.4,98.73873873873875
9000,94.8,97.58745476477684
9250,70.8,99.94206257242179
9500,79.60000000000001,99.47976878612717
9750,100.0,99.47976878612717
10000,94.8,99.76985040276179
10250,91.2,99.82547993019197
10500,45.6,99.8753894080997
10750,47.199999999999996,98.15168897386872
11000,55.2,99.8805256869773
11250,84.39999999999999,99.58008398320337
11500,88.4,99.44444444444444
11750,92.0,99.51040391676867
12000,90.4,99.51749095295537
12250,83.6,99.76019184652279
12500,88.4,99.94082840236686
12750,88.0,99.94169096209913
13000,38.0,99.76119402985074
13250,29.2,97.42206235011992
13500,73.2,95.71511291256513
13750,57.199999999999996,89.025069637883
14000,94.0,89.07982261640798
14250,89.60000000000001,88.76591034864416
14500,93.60000000000001,88.80926130099228
14750,92.80000000000001,88.7855579868709
15000,96.0,88.8949373979314
15250,87.2,88.9544235924933
15500,87.6,88.94179894179895
15750,90.8,89.07475169890225
