500,26.8,0.0
1000,52.2,0.0
1500,47.199999999999996,23.23699421965318
2000,50.0,12.152133580705009
2500,54.6,7.324595219737856
3000,55.00000000000001,10.278514588859416
3500,84.2,10.13557133634603
4000,97.39999999999999,43.43369634849456
4500,51.800000000000004,6.782106782106783
5000,44.6,9.639344262295083
5500,38.6,18.06543385490754
6000,55.60000000000001,20.60270602706027
6500,92.2,2.0744356314826113
7000,78.60000000000001,9.668874172185431
7500,44.2,11.051574012056262
8000,46.6,8.063530849114233
8500,41.199999999999996,11.868852459016393
9000,69.19999999999999,8.800482218203737
9500,76.2,27.03639514731369
10000,8.0,2.658486707566462
10500,41.6,17.15399610136452
11000,50.6,0.5373134328358209
11500,88.0,18.488943488943487
12000,54.2,7.755662319835278
12500,40.400000000000006,10.617283950617285
13000,33.4,11.000585137507315
13500,49.4,5.646100116414435
14000,76.0,2.1714922048997773
14500,94.19999999999999,3.325942350332594
15000,94.8,2.955665024630542
15500,88.4,5.218317358892439
