250,9.2
500,44.4
750,57.199999999999996
1000,47.199999999999996
1250,44.4
1500,50.0
1750,49.6
2000,56.00000000000001
2250,57.199999999999996
2500,52.0
2750,57.99999999999999
3000,52.800000000000004
3250,85.2
3500,95.6
3750,97.6
4000,96.8
4250,91.60000000000001
4500,90.8
4750,92.80000000000001
5000,90.8
5250,84.0
5500,83.2
5750,46.0
6000,64.8
6250,93.2
6500,90.8
6750,84.39999999999999
7000,93.2
7250,94.39999999999999
7500,91.60000000000001
7750,92.0
8000,95.19999999999999
8250,91.2
8500,84.8
8750,50.4
9000,94.8
9250,72.0
9500,80.0
9750,100.0
10000,94.8
10250,92.0
10500,92.0
10750,76.8
11000,60.0
11250,85.2
11500,89.60000000000001
11750,91.60000000000001
12000,88.0
12250,83.6
12500,88.4
12750,86.4
13000,84.39999999999999
13250,61.6
13500,72.39999999999999
13750,53.6
14000,89.2
14250,87.2
14500,92.0
14750,92.80000000000001
15000,96.0
15250,86.8
15500,88.8
15750,90.8
16000,79.60000000000001
16250,69.6
16500,80.80000000000001
16750,93.60000000000001
17000,95.6
17250,96.0
17500,93.60000000000001
17750,88.0
18000,91.60000000000001
18250,94.39999999999999
18500,93.2
18750,75.6
19000,72.0
19250,75.6
19500,67.60000000000001
19750,39.6
20000,42.8
20250,68.4
20500,69.6
20750,84.39999999999999
21000,58.4
21250,71.2
21500,96.39999999999999
21750,97.2
22000,93.2
22250,54.800000000000004
22500,56.00000000000001
22750,92.4
23000,82.39999999999999
23250,64.4
23500,42.4
23750,21.2
24000,53.2
24250,62.0
24500,61.199999999999996
24750,64.4
25000,59.599999999999994
25250,59.599999999999994
25500,61.6
25750,52.800000000000004
26000,60.8
26250,65.2
26500,62.8
26750,65.60000000000001
27000,62.4
27250,57.99999999999999
27500,64.8
27750,96.0
28000,68.8
28250,64.8
28500,29.599999999999998
28750,27.6
29000,96.0
29250,91.2
29500,94.39999999999999
29750,47.599999999999994
30000,57.199999999999996
30250,85.6
30500,92.0
30750,90.0
31000,66.8
31250,73.2
31500,86.4
31750,91.2
32000,50.0
32250,26.8
32500,54.0
32750,62.0
33000,89.60000000000001
33250,74.0
33500,56.00000000000001
33750,89.60000000000001
34000,93.2
34250,90.8
34500,62.0
34750,58.8
35000,93.2
35250,94.0
35500,75.2
35750,46.400000000000006
36000,35.199999999999996
36250,15.2
36500,30.0
36750,45.6
37000,49.6
37250,48.8
37500,50.0
37750,59.599999999999994
38000,70.8
38250,92.80000000000001
38500,96.8
38750,93.60000000000001
39000,54.800000000000004
39250,73.2
39500,90.4
39750,85.6
40000,56.00000000000001
40250,100.0
40500,44.0
40750,64.4
41000,79.60000000000001
41250,44.0
41500,88.4
41750,55.2
42000,51.2
42250,17.2
42500,53.6
42750,58.8
43000,47.199999999999996
43250,60.4
43500,30.0
43750,31.2
44000,28.799999999999997
44250,56.00000000000001
44500,46.0
44750,80.0
45000,88.0
45250,48.4
45500,26.0
45750,32.4
46000,45.6
46250,72.39999999999999
46500,80.4
46750,93.2
47000,75.6
47250,65.2
47500,58.4
47750,68.0
48000,60.0
48250,62.4
48500,38.800000000000004
48750,26.0
49000,44.800000000000004
49250,63.6
49500,70.39999999999999
49750,82.0
50000,74.0
50250,36.4
50500,26.400000000000002
50750,57.599999999999994
51000,56.00000000000001
51250,74.4
51500,66.8
51750,44.0
52000,49.6
52250,58.8
52500,69.19999999999999
52750,70.39999999999999
53000,57.599999999999994
53250,47.199999999999996
53500,33.2
53750,21.2
54000,34.8
54250,24.8
54500,40.8
54750,52.800000000000004
55000,53.6
55250,32.0
55500,34.0
55750,28.000000000000004
56000,40.8
56250,44.800000000000004
56500,35.6
56750,55.2
57000,70.39999999999999
57250,70.8
57500,56.39999999999999
57750,27.200000000000003
58000,16.8
58250,40.400000000000006
58500,38.4
58750,53.6
59000,46.800000000000004
59250,35.6
59500,35.199999999999996
59750,48.8
60000,44.0
60250,37.2
60500,46.400000000000006
60750,57.99999999999999
61000,57.599999999999994
61250,66.4
61500,70.39999999999999
61750,49.6
62000,66.8
62250,29.2
62500,50.8
62750,64.0
63000,22.0
63250,21.2
63500,70.39999999999999
63750,44.800000000000004
64000,40.400000000000006
64250,69.6
64500,84.8
64750,28.4
65000,43.2
65250,81.6
65500,38.4
65750,31.2
66000,20.4
66250,19.6
66500,7.199999999999999
66750,17.599999999999998
67000,34.4
67250,45.2
67500,56.39999999999999
67750,51.6
68000,61.6
68250,93.60000000000001
68500,94.8
68750,78.4
69000,62.8
69250,98.8
69500,55.2
69750,86.4
70000,70.8
70250,65.2
70500,94.0
70750,55.60000000000001
71000,80.4
71250,86.0
71500,48.0
71750,98.8
72000,60.8
72250,81.2
