250,9.2
500,44.4
750,57.199999999999996
1000,47.199999999999996
1250,44.4
1500,48.4
1750,49.6
2000,54.400000000000006
2250,57.199999999999996
2500,52.0
2750,57.99999999999999
3000,52.0
3250,78.8
3500,94.8
3750,97.6
4000,96.8
4250,90.4
4500,72.8
4750,45.6
5000,39.6
5250,28.000000000000004
5500,43.2
5750,46.0
6000,55.60000000000001
6250,93.2
6500,88.8
6750,84.39999999999999
7000,93.2
7250,94.0
7500,51.6
7750,45.2
8000,50.4
8250,44.800000000000004
8500,34.8
8750,35.6
9000,94.8
9250,70.0
9500,80.0
9750,82.8
10000,14.000000000000002
10250,36.4
10500,44.4
10750,47.199999999999996
11000,46.800000000000004
11250,84.8
11500,89.60000000000001
11750,91.60000000000001
12000,88.0
12250,45.2
12500,42.8
12750,32.4
13000,32.4
13250,24.4
13500,72.39999999999999
13750,53.6
14000,89.2
14250,87.2
14500,91.60000000000001
14750,92.80000000000001
15000,96.0
15250,86.8
15500,87.6
15750,90.8
16000,78.0
16250,52.400000000000006
16500,80.80000000000001
16750,87.2
17000,95.6
17250,95.19999999999999
17500,46.0
17750,53.6
18000,57.99999999999999
18250,58.4
18500,32.800000000000004
18750,44.0
19000,66.8
19250,69.6
19500,66.0
19750,39.6
20000,42.0
20250,68.8
20500,66.4
20750,75.6
21000,57.99999999999999
21250,65.60000000000001
21500,96.39999999999999
21750,94.8
22000,68.4
22250,34.8
22500,31.6
22750,61.199999999999996
23000,53.2
23250,58.8
23500,34.4
23750,21.2
24000,52.800000000000004
24250,62.4
24500,61.6
24750,52.400000000000006
25000,54.800000000000004
25250,54.400000000000006
25500,61.6
25750,51.6
26000,60.8
26250,45.6
26500,29.2
26750,34.4
27000,23.200000000000003
27250,25.2
27500,34.4
27750,62.4
28000,64.8
28250,60.8
28500,30.0
28750,26.8
29000,80.0
29250,84.8
29500,92.4
29750,46.400000000000006
30000,56.39999999999999
30250,62.0
30500,57.199999999999996
30750,56.8
31000,36.0
31250,43.2
31500,56.39999999999999
31750,62.4
32000,38.800000000000004
32250,26.400000000000002
32500,54.400000000000006
32750,62.0
33000,74.8
33250,67.2
33500,54.400000000000006
33750,88.4
34000,93.2
34250,89.2
34500,29.2
34750,24.8
35000,62.0
35250,64.0
35500,44.4
35750,10.8
36000,14.799999999999999
36250,13.600000000000001
36500,30.8
36750,45.6
37000,49.6
37250,48.8
37500,50.0
37750,59.599999999999994
38000,70.8
38250,92.80000000000001
38500,96.8
38750,93.60000000000001
39000,54.800000000000004
39250,73.2
39500,90.4
39750,85.6
40000,56.00000000000001
40250,100.0
40500,44.0
40750,64.4
41000,79.60000000000001
41250,44.0
41500,88.4
41750,55.2
42000,51.2
42250,16.8
42500,53.2
42750,58.4
43000,46.400000000000006
43250,60.4
43500,27.6
43750,28.000000000000004
44000,22.0
44250,30.4
44500,36.0
44750,32.4
45000,46.800000000000004
45250,28.799999999999997
45500,25.6
45750,30.0
46000,45.2
46250,53.6
46500,56.8
46750,80.80000000000001
47000,74.8
47250,64.4
47500,57.99999999999999
47750,67.60000000000001
48000,60.0
48250,61.199999999999996
48500,27.6
48750,24.0
49000,37.6
49250,52.400000000000006
49500,56.39999999999999
49750,55.60000000000001
50000,42.8
50250,20.0
50500,26.0
50750,57.599999999999994
51000,56.00000000000001
51250,55.60000000000001
51500,52.800000000000004
51750,43.6
52000,49.6
52250,57.99999999999999
52500,53.6
52750,47.199999999999996
53000,33.2
53250,24.4
53500,20.4
53750,20.4
54000,23.200000000000003
54250,19.6
54500,30.8
54750,27.6
55000,29.599999999999998
55250,31.6
55500,34.0
55750,27.6
56000,21.6
56250,20.8
56500,34.8
56750,55.2
57000,70.39999999999999
57250,63.2
57500,55.2
57750,26.400000000000002
58000,16.8
58250,40.0
58500,38.4
58750,53.6
59000,46.800000000000004
59250,28.000000000000004
59500,11.600000000000001
59750,24.4
60000,40.400000000000006
60250,37.2
60500,44.4
60750,33.2
61000,40.400000000000006
61250,65.60000000000001
61500,69.6
61750,49.6
62000,66.4
62250,26.0
62500,50.8
62750,64.0
63000,22.0
63250,21.2
63500,70.39999999999999
63750,44.800000000000004
64000,40.400000000000006
64250,69.6
64500,84.8
64750,28.4
65000,43.2
65250,81.2
65500,38.0
65750,31.2
66000,20.4
66250,19.6
66500,7.199999999999999
66750,17.599999999999998
67000,33.2
67250,43.2
67500,55.2
67750,51.6
68000,60.4
68250,93.60000000000001
68500,94.0
68750,78.4
69000,62.8
69250,98.8
69500,55.2
69750,86.4
70000,70.8
70250,65.2
70500,94.0
70750,55.60000000000001
71000,80.4
71250,86.0
71500,48.0
71750,98.8
72000,60.8
72250,81.2
