250,9.2
500,44.4
750,57.199999999999996
1000,47.199999999999996
1250,44.4
1500,50.0
1750,49.6
2000,56.00000000000001
2250,57.199999999999996
2500,52.0
2750,57.99999999999999
3000,52.800000000000004
3250,85.2
3500,96.39999999999999
3750,97.6
4000,97.2
4250,92.0
4500,93.2
4750,94.0
5000,93.60000000000001
5250,84.8
5500,94.0
5750,92.0
6000,91.60000000000001
6250,93.60000000000001
6500,92.80000000000001
6750,84.39999999999999
7000,94.39999999999999
7250,94.39999999999999
7500,93.60000000000001
7750,92.80000000000001
8000,95.6
8250,92.80000000000001
8500,91.2
8750,88.4
9000,96.0
9250,74.4
9500,90.0
9750,100.0
10000,94.8
10250,94.0
10500,93.60000000000001
10750,92.4
11000,91.2
11250,89.60000000000001
11500,93.60000000000001
11750,93.60000000000001
12000,90.8
12250,85.6
12500,94.39999999999999
12750,92.4
13000,90.4
13250,96.39999999999999
13500,80.4
13750,73.2
14000,95.6
14250,96.8
14500,95.6
14750,93.60000000000001
15000,96.39999999999999
15250,88.0
15500,88.8
15750,90.8
16000,94.8
16250,98.8
16500,99.6
16750,100.0
17000,100.0
17250,100.0
17500,100.0
17750,100.0
18000,100.0
18250,100.0
18500,100.0
18750,100.0
19000,100.0
19250,100.0
19500,100.0
19750,100.0
20000,100.0
20250,88.4
20500,72.0
20750,98.0
21000,66.0
21250,76.0
21500,97.6
21750,99.2
22000,96.0
22250,67.2
22500,63.6
22750,97.2
23000,96.8
23250,95.19999999999999
23500,68.8
23750,55.60000000000001
24000,94.39999999999999
24250,79.60000000000001
24500,67.2
24750,68.0
25000,61.6
25250,60.8
25500,61.6
25750,59.199999999999996
26000,60.8
26250,65.2
26500,62.8
26750,65.60000000000001
27000,63.2
27250,58.8
27500,64.8
27750,96.39999999999999
28000,93.60000000000001
28250,95.6
28500,66.8
28750,90.0
29000,97.2
29250,93.2
29500,95.6
29750,77.2
30000,97.6
30250,88.8
30500,93.60000000000001
30750,95.6
31000,97.2
31250,94.8
31500,86.8
31750,99.2
32000,75.2
32250,62.0
32500,84.0
32750,92.80000000000001
33000,89.60000000000001
33250,76.0
33500,58.8
33750,92.0
34000,94.0
34250,93.2
34500,65.60000000000001
34750,60.8
35000,95.19999999999999
35250,95.19999999999999
35500,79.2
35750,51.6
36000,48.4
36250,65.2
36500,65.60000000000001
36750,57.99999999999999
37000,51.6
37250,51.2
37500,51.6
37750,59.599999999999994
38000,71.2
38250,92.80000000000001
38500,97.2
38750,94.0
39000,55.2
39250,81.2
39500,90.4
39750,98.8
40000,98.8
40250,100.0
40500,100.0
40750,89.60000000000001
41000,83.6
41250,44.0
41500,88.4
41750,55.2
42000,51.2
42250,16.8
42500,53.6
42750,59.599999999999994
43000,47.199999999999996
43250,60.4
43500,30.0
43750,39.2
44000,76.0
44250,95.6
44500,94.39999999999999
44750,80.0
45000,92.4
45250,84.39999999999999
45500,94.0
45750,95.6
46000,88.4
46250,86.0
46500,80.4
46750,93.2
47000,75.6
47250,65.60000000000001
47500,58.4
47750,68.0
48000,61.199999999999996
48250,62.4
48500,38.800000000000004
48750,31.6
49000,61.6
49250,90.4
49500,98.0
49750,93.60000000000001
50000,82.8
50250,56.00000000000001
50500,49.6
50750,78.4
51000,78.0
51250,82.0
51500,67.2
51750,45.2
52000,50.0
52250,60.8
52500,69.19999999999999
52750,70.39999999999999
53000,57.599999999999994
53250,48.4
53500,61.6
53750,67.60000000000001
54000,71.6
54250,70.8
54500,65.60000000000001
54750,53.2
55000,53.6
55250,56.00000000000001
55500,56.8
55750,51.6
56000,49.6
56250,48.4
56500,36.8
56750,56.00000000000001
57000,75.6
57250,76.0
57500,80.4
57750,54.400000000000006
58000,47.599999999999994
58250,80.0
58500,90.8
58750,98.4
59000,97.2
59250,78.4
59500,62.0
59750,75.6
60000,97.2
60250,90.8
60500,96.8
60750,62.0
61000,60.4
61250,67.60000000000001
61500,70.39999999999999
61750,50.0
62000,68.8
62250,36.8
62500,54.800000000000004
62750,64.4
63000,22.0
63250,27.200000000000003
63500,70.39999999999999
63750,44.800000000000004
64000,40.8
64250,69.6
64500,84.8
64750,28.4
65000,63.2
65250,98.0
65500,66.0
65750,64.0
66000,56.00000000000001
66250,56.39999999999999
66500,47.199999999999996
66750,54.800000000000004
67000,37.2
67250,46.0
67500,56.39999999999999
67750,51.6
68000,61.6
68250,93.60000000000001
68500,94.8
68750,78.4
69000,62.8
69250,98.8
69500,55.2
69750,86.4
70000,71.2
70250,65.2
70500,94.0
70750,55.60000000000001
71000,80.4
71250,86.0
71500,48.0
71750,98.8
72000,60.8
72250,81.2
