250,9.2
500,44.4
750,57.199999999999996
1000,47.199999999999996
1250,44.4
1500,50.0
1750,49.6
2000,56.00000000000001
2250,57.199999999999996
2500,52.0
2750,57.99999999999999
3000,52.800000000000004
3250,85.2
3500,96.39999999999999
3750,97.6
4000,97.2
4250,92.0
4500,93.2
4750,94.0
5000,93.60000000000001
5250,84.8
5500,94.0
5750,92.0
6000,91.60000000000001
6250,93.60000000000001
6500,92.80000000000001
6750,84.39999999999999
7000,94.39999999999999
7250,94.39999999999999
7500,93.60000000000001
7750,92.80000000000001
8000,95.6
8250,92.80000000000001
8500,91.2
8750,88.4
9000,96.0
9250,74.4
9500,90.0
9750,100.0
10000,94.8
10250,94.0
10500,93.60000000000001
10750,92.4
11000,91.2
11250,89.60000000000001
11500,93.60000000000001
11750,93.60000000000001
12000,90.8
12250,85.6
12500,94.39999999999999
12750,92.4
13000,90.4
13250,96.39999999999999
13500,80.4
13750,74.8
14000,96.0
14250,96.8
14500,95.6
14750,93.60000000000001
15000,96.39999999999999
15250,88.4
15500,88.8
15750,90.8
16000,99.2
16250,100.0
16500,100.0
16750,100.0
17000,100.0
17250,100.0
17500,100.0
17750,100.0
18000,100.0
18250,100.0
18500,100.0
18750,100.0
19000,100.0
19250,100.0
19500,100.0
19750,100.0
20000,100.0
20250,100.0
20500,100.0
20750,100.0
21000,100.0
21250,100.0
21500,100.0
21750,100.0
22000,100.0
22250,100.0
22500,82.8
22750,96.8
23000,98.0
23250,95.6
23500,68.8
23750,55.60000000000001
24000,94.39999999999999
24250,91.60000000000001
24500,93.2
24750,68.0
25000,61.6
25250,60.8
25500,61.6
25750,59.199999999999996
26000,60.8
26250,65.2
26500,63.6
26750,65.60000000000001
27000,63.2
27250,58.8
27500,65.2
27750,96.39999999999999
28000,93.60000000000001
28250,95.6
28500,92.80000000000001
28750,94.0
29000,97.2
29250,93.2
29500,95.6
29750,77.2
30000,98.0
30250,88.8
30500,93.60000000000001
30750,95.6
31000,97.2
31250,94.8
31500,86.8
31750,99.2
32000,84.0
32250,96.0
32500,95.6
32750,93.60000000000001
33000,91.2
33250,92.80000000000001
33500,85.6
33750,92.0
34000,94.0
34250,93.2
34500,65.60000000000001
34750,60.8
35000,94.8
35250,95.19999999999999
35500,79.2
35750,51.6
36000,48.4
36250,65.60000000000001
36500,65.60000000000001
36750,57.99999999999999
37000,51.6
37250,51.2
37500,51.6
37750,59.599999999999994
38000,71.2
38250,92.80000000000001
38500,97.2
38750,94.0
39000,77.2
39250,95.19999999999999
39500,90.4
39750,98.8
40000,98.8
40250,100.0
40500,100.0
40750,100.0
41000,100.0
41250,100.0
41500,100.0
41750,80.0
42000,51.2
42250,17.2
42500,54.400000000000006
42750,59.599999999999994
43000,86.4
43250,87.2
43500,91.2
43750,97.2
44000,94.8
44250,96.39999999999999
44500,95.19999999999999
44750,92.80000000000001
45000,93.2
45250,95.19999999999999
45500,97.6
45750,95.6
46000,97.2
46250,90.0
46500,83.2
46750,93.60000000000001
47000,82.39999999999999
47250,66.4
47500,58.4
47750,74.0
48000,79.2
48250,89.2
48500,72.39999999999999
48750,67.2
49000,85.2
49250,96.0
49500,98.0
49750,96.0
50000,88.0
50250,64.0
50500,49.6
50750,78.4
51000,78.8
51250,82.8
51500,67.60000000000001
51750,47.199999999999996
52000,50.0
52250,81.2
52500,85.2
52750,87.6
53000,80.0
53250,72.8
53500,70.0
53750,70.0
54000,71.6
54250,70.8
54500,65.60000000000001
54750,53.2
55000,53.6
55250,56.00000000000001
55500,56.8
55750,64.4
56000,69.19999999999999
56250,66.8
56500,62.0
56750,75.6
57000,76.0
57250,76.0
57500,80.4
57750,54.400000000000006
58000,47.599999999999994
58250,80.0
58500,91.2
58750,98.4
59000,97.2
59250,78.4
59500,62.0
59750,88.4
60000,98.0
60250,91.2
60500,96.8
60750,74.0
61000,67.2
61250,67.60000000000001
61500,70.39999999999999
61750,50.0
62000,68.8
62250,38.0
62500,60.4
62750,95.19999999999999
63000,99.2
63250,34.4
63500,70.39999999999999
63750,44.800000000000004
64000,40.8
64250,69.6
64500,84.8
64750,28.4
65000,63.2
65250,98.0
65500,66.0
65750,64.0
66000,56.00000000000001
66250,56.39999999999999
66500,47.599999999999994
66750,54.800000000000004
67000,37.2
67250,46.0
67500,56.39999999999999
67750,51.6
68000,61.6
68250,93.60000000000001
68500,94.8
68750,78.4
69000,62.8
69250,98.8
69500,57.199999999999996
69750,98.8
70000,88.0
70250,70.39999999999999
70500,94.0
70750,55.60000000000001
71000,80.4
71250,86.0
71500,48.0
71750,98.8
72000,60.8
72250,81.2
