200,60.709846706256045,39.290153293743955
400,51.46664825300373,48.533351746996274
600,48.52506559867422,51.47493440132579
800,45.5379091285734,54.4620908714266
1000,42.34083690098053,57.65916309901947
1200,39.31501173871012,60.684988261289874
1400,35.65391520508217,64.34608479491783
1600,31.7939511117249,68.20604888827509
1800,28.897942273166688,71.10205772683331
2000,26.26432813147355,73.73567186852644
2200,24.250794089214196,75.7492059107858
2400,21.959674078166,78.040325921834
2600,19.693412512083967,80.30658748791603
2800,18.047231045435712,81.95276895456428
3000,17.07222759287391,82.92777240712608
3200,16.37204805966027,83.62795194033973
3400,15.61938958707361,84.38061041292639
3600,14.992404364038117,85.00759563596189
3800,14.282557657782075,85.71744234221794
4000,13.572710951526032,86.42728904847397
