250,9.2
500,44.4
750,57.199999999999996
1000,47.199999999999996
1250,44.4
1500,50.0
1750,49.6
2000,56.00000000000001
2250,57.199999999999996
2500,52.0
2750,57.99999999999999
3000,52.800000000000004
3250,85.2
3500,96.39999999999999
3750,97.6
4000,97.2
4250,92.0
4500,93.2
4750,94.0
5000,93.60000000000001
5250,84.8
5500,94.0
5750,92.0
6000,91.60000000000001
6250,93.60000000000001
6500,92.80000000000001
6750,84.39999999999999
7000,94.39999999999999
7250,94.39999999999999
7500,93.60000000000001
7750,92.80000000000001
8000,95.6
8250,92.80000000000001
8500,91.2
8750,88.4
9000,96.0
9250,74.4
9500,90.0
9750,100.0
10000,94.8
10250,94.0
10500,93.60000000000001
10750,92.4
11000,91.2
11250,89.60000000000001
11500,93.60000000000001
11750,93.60000000000001
12000,90.8
12250,85.6
12500,94.39999999999999
12750,92.4
13000,90.4
13250,96.39999999999999
13500,80.4
13750,74.8
14000,96.0
14250,96.8
14500,95.6
14750,93.60000000000001
15000,96.39999999999999
15250,88.4
15500,88.8
15750,90.8
16000,99.2
16250,100.0
16500,100.0
16750,100.0
17000,100.0
17250,100.0
17500,100.0
17750,100.0
18000,100.0
18250,100.0
18500,100.0
18750,100.0
19000,100.0
19250,100.0
19500,100.0
19750,100.0
20000,100.0
20250,100.0
20500,100.0
20750,100.0
21000,100.0
21250,100.0
21500,100.0
21750,100.0
22000,100.0
22250,100.0
22500,95.6
22750,97.2
23000,98.0
23250,95.6
23500,71.6
23750,55.60000000000001
24000,95.19999999999999
24250,97.2
24500,93.2
24750,68.0
25000,63.2
25250,61.199999999999996
25500,63.6
25750,61.199999999999996
26000,60.8
26250,65.60000000000001
26500,63.6
26750,65.60000000000001
27000,63.2
27250,59.199999999999996
27500,65.60000000000001
27750,97.2
28000,93.60000000000001
28250,95.6
28500,93.2
28750,94.0
29000,96.8
29250,93.2
29500,95.6
29750,77.2
30000,98.0
30250,88.8
30500,94.0
30750,96.0
31000,97.2
31250,94.8
31500,87.2
31750,99.2
32000,84.0
32250,96.0
32500,95.6
32750,93.60000000000001
33000,91.2
33250,92.80000000000001
33500,94.39999999999999
33750,98.8
34000,96.0
34250,93.2
34500,92.4
34750,90.4
35000,95.6
35250,96.0
35500,84.8
35750,88.0
36000,48.4
36250,66.0
36500,66.0
36750,58.4
37000,52.400000000000006
37250,54.400000000000006
37500,54.400000000000006
37750,61.199999999999996
38000,71.6
38250,93.2
38500,97.2
38750,94.0
39000,90.8
39250,95.19999999999999
39500,90.4
39750,98.8
40000,98.8
40250,100.0
40500,100.0
40750,100.0
41000,100.0
41250,100.0
41500,100.0
41750,100.0
42000,88.4
42250,20.8
42500,85.6
42750,98.0
43000,98.8
43250,100.0
43500,100.0
43750,100.0
44000,100.0
44250,100.0
44500,100.0
44750,100.0
45000,100.0
45250,99.6
45500,100.0
45750,100.0
46000,99.6
46250,100.0
46500,100.0
46750,100.0
47000,100.0
47250,98.0
47500,93.2
47750,97.6
48000,98.4
48250,98.0
48500,99.6
48750,100.0
49000,100.0
49250,100.0
49500,100.0
49750,100.0
50000,98.8
50250,100.0
50500,100.0
50750,100.0
51000,82.8
51250,90.0
51500,85.6
51750,47.599999999999994
52000,58.8
52250,91.2
52500,97.2
52750,94.39999999999999
53000,81.6
53250,73.2
53500,72.39999999999999
53750,72.39999999999999
54000,71.6
54250,70.8
54500,67.2
54750,53.2
55000,53.6
55250,56.00000000000001
55500,57.199999999999996
55750,66.0
56000,72.8
56250,73.6
56500,65.60000000000001
56750,85.2
57000,76.8
57250,76.0
57500,80.4
57750,77.2
58000,74.4
58250,87.6
58500,91.2
58750,98.4
59000,97.2
59250,96.39999999999999
59500,86.0
59750,90.0
60000,98.4
60250,91.60000000000001
60500,96.8
60750,82.39999999999999
61000,84.39999999999999
61250,75.2
61500,70.39999999999999
61750,50.0
62000,69.19999999999999
62250,73.2
62500,82.0
62750,95.19999999999999
63000,99.2
63250,39.6
63500,70.39999999999999
63750,65.60000000000001
64000,71.2
64250,71.6
64500,84.8
64750,28.799999999999997
65000,63.6
65250,98.0
65500,66.0
65750,64.0
66000,56.00000000000001
66250,56.39999999999999
66500,48.0
66750,54.800000000000004
67000,38.0
67250,46.400000000000006
67500,56.39999999999999
67750,51.6
68000,62.4
68250,93.60000000000001
68500,94.8
68750,99.2
69000,98.0
69250,98.8
69500,98.8
69750,98.8
70000,97.2
70250,95.19999999999999
70500,95.19999999999999
70750,95.6
71000,95.19999999999999
71250,86.0
71500,94.39999999999999
71750,98.8
72000,78.8
72250,81.2
