250,9.2
500,38.800000000000004
750,54.400000000000006
1000,46.0
1250,42.4
1500,46.400000000000006
1750,47.199999999999996
2000,49.2
2250,56.8
2500,51.6
2750,57.199999999999996
3000,50.4
3250,53.6
3500,61.6
3750,54.0
4000,55.2
4250,39.6
4500,42.8
4750,45.6
5000,39.6
5250,28.000000000000004
5500,43.2
5750,46.0
6000,38.800000000000004
6250,56.8
6500,44.800000000000004
6750,52.400000000000006
7000,42.4
7250,46.0
7500,41.6
7750,44.0
8000,48.0
8250,43.2
8500,34.8
8750,29.599999999999998
9000,55.60000000000001
9250,28.4
9500,15.2
9750,0.0
10000,11.600000000000001
10250,36.4
10500,44.0
10750,47.199999999999996
11000,37.6
11250,20.8
11500,27.6
11750,45.2
12000,38.800000000000004
12250,36.8
12500,38.800000000000004
12750,32.4
13000,32.4
13250,24.4
13500,72.39999999999999
13750,53.6
14000,88.4
14250,87.2
14500,90.8
14750,92.80000000000001
15000,95.6
15250,86.8
15500,87.6
15750,90.8
16000,77.2
16250,49.6
16500,12.4
16750,26.0
17000,35.6
17250,35.199999999999996
17500,42.4
17750,35.199999999999996
18000,41.199999999999996
18250,34.0
18500,30.0
18750,42.8
19000,58.8
19250,52.0
19500,36.0
19750,38.4
20000,37.6
20250,63.2
20500,45.2
20750,34.4
21000,24.8
21250,36.8
21500,58.4
21750,63.2
22000,35.6
22250,24.0
22500,30.8
22750,52.800000000000004
23000,46.0
23250,35.199999999999996
23500,24.4
23750,19.6
24000,44.800000000000004
24250,52.0
24500,41.199999999999996
24750,27.6
25000,26.0
25250,29.2
25500,30.8
25750,37.6
26000,24.8
26250,30.8
26500,26.0
26750,34.4
27000,21.6
27250,23.599999999999998
27500,32.800000000000004
27750,46.800000000000004
28000,46.800000000000004
28250,40.400000000000006
28500,22.0
28750,26.400000000000002
29000,33.6
29250,41.6
29500,41.6
29750,12.0
30000,12.0
30250,41.199999999999996
30500,33.2
30750,32.800000000000004
31000,35.6
31250,41.6
31500,55.2
31750,41.199999999999996
32000,14.399999999999999
32250,19.6
32500,49.2
32750,50.4
33000,44.0
33250,25.6
33500,20.0
33750,50.4
34000,51.2
34250,29.599999999999998
34500,20.4
34750,22.8
35000,58.4
35250,42.8
35500,18.4
35750,6.4
36000,14.000000000000002
36250,5.6000000000000005
36500,30.0
36750,43.6
37000,48.8
37250,48.0
37500,49.2
37750,59.599999999999994
38000,70.8
38250,90.4
38500,64.8
38750,76.4
39000,37.6
39250,72.8
39500,58.8
39750,54.800000000000004
40000,53.6
40250,65.2
40500,34.4
40750,39.2
41000,79.60000000000001
41250,38.800000000000004
41500,83.2
41750,54.800000000000004
42000,46.0
42250,8.4
42500,32.0
42750,24.0
43000,18.0
43250,48.0
43500,26.8
43750,28.000000000000004
44000,22.0
44250,29.599999999999998
44500,30.8
44750,30.0
45000,42.4
45250,26.0
45500,20.4
45750,28.799999999999997
46000,43.6
46250,41.199999999999996
46500,52.0
46750,27.6
47000,34.0
47250,36.0
47500,42.4
47750,46.0
48000,35.199999999999996
48250,28.4
48500,21.2
48750,21.2
49000,31.6
49250,38.0
49500,52.0
49750,36.4
50000,27.200000000000003
50250,15.2
50500,21.6
50750,46.800000000000004
51000,49.2
51250,40.8
51500,29.2
51750,28.000000000000004
52000,44.4
52250,28.000000000000004
52500,44.800000000000004
52750,28.000000000000004
53000,25.6
53250,24.0
53500,19.2
53750,18.4
54000,23.200000000000003
54250,19.6
54500,29.599999999999998
54750,24.0
55000,29.2
55250,29.2
55500,29.2
55750,27.200000000000003
56000,21.6
56250,18.0
56500,20.8
56750,50.0
57000,32.800000000000004
57250,45.2
57500,33.2
57750,24.4
58000,16.8
58250,36.4
58500,12.4
58750,48.0
59000,24.0
59250,22.400000000000002
59500,11.600000000000001
59750,24.4
60000,23.200000000000003
60250,29.2
60500,24.8
60750,17.2
61000,30.0
61250,52.400000000000006
61500,51.2
61750,45.2
62000,32.800000000000004
62250,20.0
62500,47.199999999999996
62750,31.6
63000,10.8
63250,17.2
63500,41.6
63750,38.4
64000,36.8
64250,39.2
64500,49.2
64750,24.0
65000,36.0
65250,42.0
65500,28.799999999999997
65750,25.2
66000,9.6
66250,17.599999999999998
66500,4.8
66750,16.0
67000,22.400000000000002
67250,39.2
67500,52.400000000000006
67750,48.8
68000,57.99999999999999
68250,62.8
68500,55.2
68750,56.39999999999999
69000,62.4
69250,32.800000000000004
69500,48.4
69750,68.4
70000,46.800000000000004
70250,51.6
70500,60.0
70750,44.4
71000,67.60000000000001
71250,61.199999999999996
71500,47.599999999999994
71750,61.6
72000,60.8
72250,61.6
