250,9.2
500,44.4
750,57.199999999999996
1000,47.199999999999996
1250,44.4
1500,50.0
1750,49.6
2000,56.00000000000001
2250,57.199999999999996
2500,52.0
2750,57.99999999999999
3000,52.0
3250,83.2
3500,95.6
3750,97.6
4000,96.8
4250,90.4
4500,90.8
4750,92.80000000000001
5000,44.0
5250,28.000000000000004
5500,43.2
5750,46.0
6000,61.6
6250,93.2
6500,88.8
6750,84.39999999999999
7000,93.2
7250,94.39999999999999
7500,91.60000000000001
7750,79.60000000000001
8000,50.8
8250,44.800000000000004
8500,34.8
8750,40.0
9000,94.8
9250,71.6
9500,80.0
9750,100.0
10000,71.6
10250,36.8
10500,44.4
10750,47.199999999999996
11000,50.8
11250,84.8
11500,89.60000000000001
11750,91.60000000000001
12000,88.0
12250,83.6
12500,81.2
12750,32.4
13000,32.4
13250,24.4
13500,72.39999999999999
13750,53.6
14000,89.2
14250,87.2
14500,92.0
14750,92.80000000000001
15000,96.0
15250,86.8
15500,87.6
15750,90.8
16000,79.2
16250,57.99999999999999
16500,80.80000000000001
16750,89.2
17000,95.6
17250,95.19999999999999
17500,93.2
17750,87.6
18000,59.199999999999996
18250,58.4
18500,34.4
18750,49.6
19000,67.2
19250,71.6
19500,66.0
19750,39.6
20000,41.6
20250,68.8
20500,69.6
20750,80.80000000000001
21000,57.99999999999999
21250,67.2
21500,96.39999999999999
21750,96.8
22000,92.80000000000001
22250,50.8
22500,31.6
22750,61.199999999999996
23000,53.2
23250,60.0
23500,36.4
23750,21.2
24000,52.400000000000006
24250,62.0
24500,61.6
24750,63.2
25000,55.2
25250,56.00000000000001
25500,61.6
25750,52.0
26000,60.8
26250,65.2
26500,62.8
26750,41.6
27000,25.6
27250,28.000000000000004
27500,37.2
27750,62.4
28000,66.8
28250,60.4
28500,29.599999999999998
28750,26.8
29000,90.8
29250,86.8
29500,92.80000000000001
29750,46.800000000000004
30000,56.39999999999999
30250,85.6
30500,91.2
30750,60.8
31000,38.0
31250,46.400000000000006
31500,59.599999999999994
31750,62.4
32000,40.0
32250,26.0
32500,54.0
32750,62.0
33000,86.8
33250,68.0
33500,55.2
33750,88.8
34000,93.2
34250,90.8
34500,62.0
34750,48.4
35000,64.8
35250,65.60000000000001
35500,45.6
35750,15.6
36000,15.6
36250,14.000000000000002
36500,30.0
36750,45.6
37000,49.6
37250,48.8
37500,50.0
37750,59.599999999999994
38000,70.8
38250,92.80000000000001
38500,96.8
38750,93.60000000000001
39000,54.800000000000004
39250,73.2
39500,90.4
39750,85.6
40000,56.00000000000001
40250,100.0
40500,44.0
40750,64.4
41000,79.60000000000001
41250,44.0
41500,88.4
41750,55.2
42000,51.2
42250,16.8
42500,53.6
42750,58.4
43000,46.800000000000004
43250,60.4
43500,30.0
43750,31.2
44000,28.4
44250,31.2
44500,36.0
44750,32.800000000000004
45000,50.0
45250,42.8
45500,26.0
45750,30.4
46000,45.6
46250,53.6
46500,62.0
46750,93.2
47000,75.6
47250,64.4
47500,57.99999999999999
47750,67.60000000000001
48000,60.0
48250,62.4
48500,38.800000000000004
48750,25.2
49000,44.0
49250,52.400000000000006
49500,56.39999999999999
49750,55.60000000000001
50000,42.8
50250,20.4
50500,26.400000000000002
50750,57.599999999999994
51000,56.00000000000001
51250,55.60000000000001
51500,60.8
51750,44.0
52000,49.6
52250,57.99999999999999
52500,69.19999999999999
52750,70.39999999999999
53000,57.199999999999996
53250,39.2
53500,30.0
53750,20.4
54000,23.200000000000003
54250,19.6
54500,30.8
54750,28.4
55000,30.0
55250,31.6
55500,34.0
55750,28.000000000000004
56000,21.6
56250,31.2
56500,35.6
56750,55.2
57000,70.39999999999999
57250,66.8
57500,55.2
57750,27.200000000000003
58000,16.8
58250,40.400000000000006
58500,38.4
58750,53.6
59000,46.800000000000004
59250,28.000000000000004
59500,11.600000000000001
59750,24.4
60000,40.400000000000006
60250,37.2
60500,44.4
60750,33.6
61000,52.0
61250,65.60000000000001
61500,70.0
61750,49.6
62000,66.4
62250,27.6
62500,50.8
62750,64.0
63000,22.0
63250,21.2
63500,70.39999999999999
63750,44.800000000000004
64000,40.400000000000006
64250,69.6
64500,84.8
64750,28.4
65000,43.2
65250,81.6
65500,38.0
65750,31.2
66000,20.4
66250,19.6
66500,7.199999999999999
66750,17.599999999999998
67000,33.2
67250,43.2
67500,55.2
67750,51.6
68000,60.4
68250,93.60000000000001
68500,94.39999999999999
68750,78.4
69000,62.8
69250,98.8
69500,55.2
69750,86.4
70000,70.8
70250,65.2
70500,94.0
70750,55.60000000000001
71000,80.4
71250,86.0
71500,48.0
71750,98.8
72000,60.8
72250,81.2
