250,9.2
500,44.4
750,57.199999999999996
1000,47.199999999999996
1250,44.4
1500,46.400000000000006
1750,47.599999999999994
2000,50.0
2250,57.199999999999996
2500,51.6
2750,57.199999999999996
3000,50.4
3250,64.8
3500,94.39999999999999
3750,83.6
4000,55.2
4250,40.0
4500,42.8
4750,45.6
5000,39.6
5250,28.000000000000004
5500,43.2
5750,46.0
6000,41.6
6250,92.80000000000001
6500,84.0
6750,56.39999999999999
7000,42.4
7250,46.0
7500,41.6
7750,44.0
8000,48.0
8250,43.2
8500,34.8
8750,29.599999999999998
9000,85.2
9250,68.0
9500,24.4
9750,0.0
10000,11.600000000000001
10250,36.4
10500,44.0
10750,47.199999999999996
11000,37.6
11250,76.8
11500,50.0
11750,45.2
12000,38.800000000000004
12250,36.8
12500,38.800000000000004
12750,32.4
13000,32.4
13250,24.4
13500,72.39999999999999
13750,53.6
14000,88.8
14250,87.2
14500,90.8
14750,92.80000000000001
15000,96.0
15250,86.8
15500,87.6
15750,90.8
16000,78.0
16250,49.6
16500,63.6
16750,42.4
17000,43.6
17250,40.0
17500,44.0
17750,50.8
18000,49.2
18250,36.8
18500,32.0
18750,43.6
19000,65.2
19250,69.19999999999999
19500,66.0
19750,39.2
20000,42.0
20250,68.8
20500,66.4
20750,67.2
21000,30.8
21250,43.2
21500,68.8
21750,74.0
22000,66.8
22250,33.6
22500,31.2
22750,61.199999999999996
23000,53.2
23250,58.8
23500,34.8
23750,21.2
24000,52.800000000000004
24250,62.4
24500,61.6
24750,36.0
25000,29.2
25250,29.2
25500,35.6
25750,41.6
26000,28.000000000000004
26250,32.800000000000004
26500,28.799999999999997
26750,34.4
27000,23.200000000000003
27250,24.4
27500,34.0
27750,62.4
28000,64.8
28250,60.8
28500,30.0
28750,26.8
29000,47.599999999999994
29250,64.0
29500,60.0
29750,22.400000000000002
30000,19.2
30250,50.8
30500,56.8
30750,56.8
31000,36.0
31250,43.2
31500,57.199999999999996
31750,61.199999999999996
32000,38.800000000000004
32250,26.400000000000002
32500,54.400000000000006
32750,62.0
33000,61.199999999999996
33250,43.6
33500,21.2
33750,57.599999999999994
34000,70.0
34250,59.199999999999996
34500,29.599999999999998
34750,24.4
35000,60.8
35250,63.6
35500,44.4
35750,8.799999999999999
36000,14.399999999999999
36250,13.600000000000001
36500,30.8
36750,45.6
37000,49.6
37250,48.8
37500,50.0
37750,59.599999999999994
38000,70.8
38250,92.80000000000001
38500,96.8
38750,93.60000000000001
39000,54.400000000000006
39250,72.8
39500,90.4
39750,85.6
40000,56.00000000000001
40250,100.0
40500,44.0
40750,64.4
41000,79.60000000000001
41250,44.0
41500,88.4
41750,55.2
42000,51.2
42250,15.2
42500,52.0
42750,58.4
43000,45.2
43250,60.4
43500,27.6
43750,28.000000000000004
44000,22.0
44250,30.4
44500,35.199999999999996
44750,32.4
45000,46.0
45250,27.6
45500,24.8
45750,30.0
46000,44.800000000000004
46250,52.800000000000004
46500,56.39999999999999
46750,52.400000000000006
47000,47.599999999999994
47250,38.4
47500,48.4
47750,54.800000000000004
48000,55.60000000000001
48250,52.800000000000004
48500,27.6
48750,24.0
49000,37.6
49250,52.400000000000006
49500,56.39999999999999
49750,55.60000000000001
50000,42.8
50250,19.2
50500,26.0
50750,57.199999999999996
51000,56.00000000000001
51250,52.800000000000004
51500,52.800000000000004
51750,31.2
52000,47.599999999999994
52250,43.6
52500,46.800000000000004
52750,47.199999999999996
53000,33.2
53250,24.4
53500,20.4
53750,20.4
54000,23.200000000000003
54250,19.6
54500,30.4
54750,27.200000000000003
55000,29.599999999999998
55250,31.6
55500,33.2
55750,27.200000000000003
56000,21.6
56250,20.8
56500,21.6
56750,55.2
57000,55.60000000000001
57250,53.6
57500,54.800000000000004
57750,26.0
58000,16.8
58250,39.2
58500,38.0
58750,53.6
59000,46.0
59250,28.000000000000004
59500,11.600000000000001
59750,24.4
60000,40.400000000000006
60250,37.2
60500,44.4
60750,32.800000000000004
61000,35.199999999999996
61250,53.6
61500,69.6
61750,49.2
62000,66.0
62250,22.0
62500,48.8
62750,62.4
63000,18.8
63250,21.2
63500,70.39999999999999
63750,42.4
64000,37.6
64250,68.4
64500,84.0
64750,24.8
65000,37.2
65250,78.8
65500,36.8
65750,29.2
66000,17.2
66250,18.0
66500,6.4
66750,16.8
67000,31.2
67250,41.6
67500,52.800000000000004
67750,49.2
68000,57.99999999999999
68250,90.8
68500,93.60000000000001
68750,78.4
69000,62.8
69250,98.8
69500,54.800000000000004
69750,86.0
70000,70.8
70250,64.8
70500,94.0
70750,55.60000000000001
71000,80.4
71250,86.0
71500,48.0
71750,98.8
72000,60.8
72250,81.2
