250,9.2
500,44.4
750,57.199999999999996
1000,47.199999999999996
1250,44.4
1500,50.0
1750,49.6
2000,56.00000000000001
2250,57.199999999999996
2500,52.0
2750,57.99999999999999
3000,52.800000000000004
3250,85.2
3500,96.39999999999999
3750,97.6
4000,97.2
4250,91.60000000000001
4500,93.2
4750,92.80000000000001
5000,91.2
5250,84.0
5500,88.0
5750,92.0
6000,88.4
6250,93.2
6500,91.2
6750,84.39999999999999
7000,93.2
7250,94.39999999999999
7500,93.2
7750,92.0
8000,95.19999999999999
8250,92.80000000000001
8500,89.2
8750,88.4
9000,95.6
9250,74.4
9500,88.0
9750,100.0
10000,94.8
10250,92.80000000000001
10500,92.80000000000001
10750,92.4
11000,87.6
11250,89.2
11500,93.2
11750,92.4
12000,90.4
12250,85.6
12500,93.2
12750,90.4
13000,89.2
13250,88.8
13500,76.8
13750,67.2
14000,94.8
14250,92.80000000000001
14500,93.60000000000001
14750,93.2
15000,96.0
15250,87.6
15500,88.8
15750,90.8
16000,92.0
16250,97.6
16500,87.6
16750,94.8
17000,96.0
17250,97.2
17500,96.0
17750,94.8
18000,92.80000000000001
18250,94.39999999999999
18500,93.2
18750,96.0
19000,76.0
19250,79.2
19500,69.19999999999999
19750,44.0
20000,47.199999999999996
20250,68.8
20500,71.2
20750,95.6
21000,57.99999999999999
21250,71.6
21500,96.8
21750,97.2
22000,94.39999999999999
22250,65.60000000000001
22500,59.199999999999996
22750,93.60000000000001
23000,93.60000000000001
23250,68.4
23500,46.0
23750,24.4
24000,56.8
24250,62.4
24500,66.8
24750,68.0
25000,61.6
25250,60.8
25500,61.199999999999996
25750,54.0
26000,60.8
26250,65.2
26500,62.8
26750,65.60000000000001
27000,62.4
27250,57.99999999999999
27500,64.8
27750,96.39999999999999
28000,93.60000000000001
28250,95.6
28500,42.0
28750,36.0
29000,97.2
29250,92.80000000000001
29500,94.39999999999999
29750,49.2
30000,57.199999999999996
30250,85.2
30500,91.60000000000001
30750,90.4
31000,66.8
31250,73.2
31500,86.4
31750,91.2
32000,73.2
32250,60.8
32500,65.60000000000001
32750,71.2
33000,89.60000000000001
33250,75.6
33500,56.39999999999999
33750,89.60000000000001
34000,93.60000000000001
34250,91.2
34500,62.0
34750,58.8
35000,94.8
35250,94.0
35500,76.4
35750,46.400000000000006
36000,47.199999999999996
36250,62.4
36500,38.800000000000004
36750,46.400000000000006
37000,50.4
37250,48.8
37500,50.0
37750,59.599999999999994
38000,70.8
38250,92.80000000000001
38500,96.8
38750,93.60000000000001
39000,54.800000000000004
39250,73.2
39500,90.4
39750,85.6
40000,56.00000000000001
40250,100.0
40500,44.0
40750,64.4
41000,79.60000000000001
41250,44.0
41500,88.4
41750,55.2
42000,51.2
42250,17.2
42500,53.6
42750,59.599999999999994
43000,47.199999999999996
43250,60.4
43500,30.0
43750,31.2
44000,38.4
44250,63.2
44500,69.19999999999999
44750,80.0
45000,88.0
45250,50.0
45500,26.0
45750,44.800000000000004
46000,46.0
46250,84.0
46500,80.4
46750,93.2
47000,75.6
47250,65.2
47500,58.4
47750,68.0
48000,60.0
48250,62.4
48500,38.800000000000004
48750,26.0
49000,48.4
49250,63.6
49500,75.2
49750,83.2
50000,74.4
50250,47.199999999999996
50500,35.199999999999996
50750,61.199999999999996
51000,58.4
51250,76.8
51500,66.8
51750,44.0
52000,49.6
52250,58.8
52500,69.19999999999999
52750,70.39999999999999
53000,57.599999999999994
53250,48.4
53500,33.6
53750,28.4
54000,43.2
54250,52.400000000000006
54500,56.8
54750,52.800000000000004
55000,53.6
55250,56.00000000000001
55500,56.8
55750,34.8
56000,47.199999999999996
56250,47.599999999999994
56500,35.6
56750,55.2
57000,70.39999999999999
57250,73.2
57500,56.39999999999999
57750,27.200000000000003
58000,16.8
58250,40.400000000000006
58500,38.800000000000004
58750,57.199999999999996
59000,52.400000000000006
59250,41.6
59500,35.199999999999996
59750,48.8
60000,89.2
60250,88.4
60500,84.0
60750,60.4
61000,58.4
61250,66.4
61500,70.39999999999999
61750,49.6
62000,66.8
62250,29.599999999999998
62500,50.8
62750,64.0
63000,22.0
63250,21.2
63500,70.39999999999999
63750,44.800000000000004
64000,40.400000000000006
64250,69.6
64500,84.8
64750,28.4
65000,43.2
65250,81.6
65500,38.4
65750,31.2
66000,20.4
66250,20.8
66500,43.6
66750,42.8
67000,36.8
67250,45.6
67500,56.39999999999999
67750,51.6
68000,61.6
68250,93.60000000000001
68500,94.8
68750,78.4
69000,62.8
69250,98.8
69500,55.2
69750,86.4
70000,71.2
70250,65.2
70500,94.0
70750,55.60000000000001
71000,80.4
71250,86.0
71500,48.0
71750,98.8
72000,60.8
72250,81.2
