250,9.2
500,44.4
750,57.199999999999996
1000,47.199999999999996
1250,44.4
1500,50.0
1750,49.6
2000,56.00000000000001
2250,57.199999999999996
2500,52.0
2750,57.99999999999999
3000,52.800000000000004
3250,85.2
3500,96.39999999999999
3750,97.6
4000,97.2
4250,92.0
4500,93.2
4750,94.0
5000,93.60000000000001
5250,84.8
5500,94.0
5750,92.0
6000,91.60000000000001
6250,93.60000000000001
6500,92.80000000000001
6750,84.39999999999999
7000,94.0
7250,94.39999999999999
7500,93.2
7750,92.0
8000,95.19999999999999
8250,92.80000000000001
8500,90.4
8750,88.4
9000,96.0
9250,74.4
9500,90.0
9750,100.0
10000,94.8
10250,93.60000000000001
10500,93.2
10750,92.4
11000,90.0
11250,89.2
11500,93.2
11750,92.4
12000,90.4
12250,85.6
12500,94.39999999999999
12750,92.4
13000,89.2
13250,89.2
13500,77.2
13750,69.6
14000,95.6
14250,95.19999999999999
14500,94.0
14750,93.2
15000,96.39999999999999
15250,88.0
15500,88.8
15750,90.8
16000,92.4
16250,98.8
16500,88.0
16750,94.8
17000,96.8
17250,98.0
17500,96.39999999999999
17750,94.8
18000,92.80000000000001
18250,94.39999999999999
18500,93.2
18750,96.39999999999999
19000,97.2
19250,100.0
19500,87.6
19750,56.00000000000001
20000,49.6
20250,69.6
20500,72.39999999999999
20750,98.0
21000,60.0
21250,72.39999999999999
21500,97.6
21750,97.2
22000,94.39999999999999
22250,65.60000000000001
22500,59.199999999999996
22750,93.60000000000001
23000,93.60000000000001
23250,92.4
23500,68.0
23750,32.4
24000,60.4
24250,62.8
24500,67.2
24750,68.0
25000,61.6
25250,60.8
25500,61.6
25750,59.199999999999996
26000,60.8
26250,65.2
26500,62.8
26750,65.60000000000001
27000,63.2
27250,58.8
27500,64.8
27750,96.39999999999999
28000,93.60000000000001
28250,95.6
28500,66.4
28750,62.8
29000,97.2
29250,93.2
29500,95.19999999999999
29750,54.800000000000004
30000,63.2
30250,88.0
30500,92.80000000000001
30750,90.8
31000,72.0
31250,74.4
31500,86.4
31750,99.2
32000,74.4
32250,62.0
32500,82.8
32750,92.80000000000001
33000,89.60000000000001
33250,76.4
33500,58.8
33750,92.0
34000,94.0
34250,93.2
34500,64.8
34750,60.8
35000,95.19999999999999
35250,95.19999999999999
35500,78.8
35750,48.8
36000,47.199999999999996
36250,63.6
36500,65.2
36750,55.60000000000001
37000,51.6
37250,50.4
37500,51.6
37750,59.599999999999994
38000,70.8
38250,92.80000000000001
38500,96.8
38750,93.60000000000001
39000,54.800000000000004
39250,72.8
39500,90.4
39750,85.6
40000,56.00000000000001
40250,100.0
40500,44.0
40750,64.4
41000,81.2
41250,44.0
41500,88.4
41750,55.2
42000,51.2
42250,17.2
42500,53.6
42750,59.599999999999994
43000,47.199999999999996
43250,60.4
43500,30.0
43750,31.2
44000,67.60000000000001
44250,63.2
44500,70.8
44750,80.0
45000,88.0
45250,50.4
45500,26.0
45750,83.2
46000,49.2
46250,86.0
46500,80.4
46750,93.2
47000,75.6
47250,65.60000000000001
47500,58.4
47750,68.0
48000,60.0
48250,62.4
48500,38.800000000000004
48750,29.599999999999998
49000,56.00000000000001
49250,72.0
49500,84.8
49750,83.2
50000,74.4
50250,47.599999999999994
50500,35.6
50750,76.0
51000,60.4
51250,78.4
51500,66.8
51750,44.0
52000,49.6
52250,58.8
52500,69.19999999999999
52750,70.39999999999999
53000,57.599999999999994
53250,48.4
53500,51.2
53750,63.2
54000,60.4
54250,52.400000000000006
54500,56.8
54750,53.2
55000,53.6
55250,56.00000000000001
55500,56.8
55750,51.6
56000,49.6
56250,47.599999999999994
56500,35.6
56750,55.2
57000,70.8
57250,75.6
57500,77.60000000000001
57750,30.0
58000,16.8
58250,46.0
58500,59.199999999999996
58750,68.4
59000,67.60000000000001
59250,67.60000000000001
59500,59.599999999999994
59750,74.0
60000,93.60000000000001
60250,88.4
60500,96.8
60750,60.8
61000,58.8
61250,66.4
61500,70.39999999999999
61750,49.6
62000,66.8
62250,30.8
62500,50.8
62750,64.0
63000,22.0
63250,21.2
63500,70.39999999999999
63750,44.800000000000004
64000,40.400000000000006
64250,69.6
64500,84.8
64750,28.4
65000,43.2
65250,81.6
65500,38.4
65750,34.0
66000,51.2
66250,54.0
66500,43.6
66750,54.800000000000004
67000,36.8
67250,45.6
67500,56.39999999999999
67750,51.6
68000,61.6
68250,93.60000000000001
68500,94.8
68750,78.4
69000,62.8
69250,98.8
69500,55.2
69750,86.4
70000,71.2
70250,65.2
70500,94.0
70750,55.60000000000001
71000,80.4
71250,86.0
71500,48.0
71750,98.8
72000,60.8
72250,81.2
