250,9.2
500,44.4
750,57.199999999999996
1000,47.199999999999996
1250,44.4
1500,50.0
1750,49.6
2000,56.00000000000001
2250,57.199999999999996
2500,52.0
2750,57.99999999999999
3000,52.800000000000004
3250,85.2
3500,96.39999999999999
3750,97.6
4000,97.2
4250,92.0
4500,93.2
4750,94.0
5000,93.60000000000001
5250,84.8
5500,94.0
5750,92.0
6000,91.60000000000001
6250,93.60000000000001
6500,92.80000000000001
6750,84.39999999999999
7000,94.39999999999999
7250,94.39999999999999
7500,93.60000000000001
7750,92.80000000000001
8000,95.6
8250,92.80000000000001
8500,91.2
8750,88.4
9000,96.0
9250,74.4
9500,90.0
9750,100.0
10000,94.8
10250,94.0
10500,93.60000000000001
10750,92.4
11000,91.2
11250,89.60000000000001
11500,93.60000000000001
11750,93.60000000000001
12000,90.8
12250,85.6
12500,94.39999999999999
12750,92.4
13000,90.4
13250,96.39999999999999
13500,80.4
13750,74.8
14000,96.0
14250,96.8
14500,95.6
14750,93.60000000000001
15000,96.39999999999999
15250,88.4
15500,88.8
15750,90.8
16000,99.2
16250,100.0
16500,100.0
16750,100.0
17000,100.0
17250,100.0
17500,100.0
17750,100.0
18000,100.0
18250,100.0
18500,100.0
18750,100.0
19000,100.0
19250,100.0
19500,100.0
19750,100.0
20000,100.0
20250,100.0
20500,100.0
20750,100.0
21000,100.0
21250,100.0
21500,100.0
21750,100.0
22000,100.0
22250,100.0
22500,95.6
22750,97.2
23000,98.0
23250,95.6
23500,71.6
23750,55.60000000000001
24000,95.19999999999999
24250,97.2
24500,93.2
24750,68.0
25000,63.2
25250,61.199999999999996
25500,63.6
25750,61.199999999999996
26000,60.8
26250,65.60000000000001
26500,63.6
26750,65.60000000000001
27000,63.2
27250,59.199999999999996
27500,65.60000000000001
27750,97.2
28000,93.60000000000001
28250,95.6
28500,93.2
28750,94.39999999999999
29000,97.2
29250,93.2
29500,95.6
29750,77.2
30000,98.0
30250,88.8
30500,94.0
30750,96.0
31000,96.8
31250,94.8
31500,87.2
31750,99.2
32000,74.8
32250,62.4
32500,83.6
32750,93.60000000000001
33000,89.60000000000001
33250,77.2
33500,60.4
33750,92.4
34000,96.0
34250,94.39999999999999
34500,66.8
34750,66.8
35000,97.2
35250,96.0
35500,79.2
35750,54.800000000000004
36000,48.8
36250,67.2
36500,65.60000000000001
36750,58.8
37000,51.6
37250,52.800000000000004
37500,54.0
37750,61.199999999999996
38000,71.6
38250,92.80000000000001
38500,97.2
38750,94.39999999999999
39000,56.39999999999999
39250,73.2
39500,90.4
39750,85.6
40000,56.00000000000001
40250,100.0
40500,44.0
40750,100.0
41000,100.0
41250,100.0
41500,100.0
41750,100.0
42000,88.4
42250,18.0
42500,57.199999999999996
42750,70.8
43000,53.2
43250,67.60000000000001
43500,64.8
43750,50.4
44000,28.799999999999997
44250,65.60000000000001
44500,64.4
44750,48.0
45000,71.2
45250,95.6
45500,97.6
45750,95.6
46000,98.0
46250,89.60000000000001
46500,83.2
46750,93.2
47000,79.2
47250,68.8
47500,73.6
47750,92.0
48000,98.8
48250,98.4
48500,76.4
48750,73.2
49000,89.2
49250,98.8
49500,98.8
49750,98.8
50000,90.8
50250,69.19999999999999
50500,51.2
50750,82.39999999999999
51000,83.6
51250,90.4
51500,88.4
51750,48.8
52000,61.199999999999996
52250,92.0
52500,97.2
52750,94.39999999999999
53000,81.6
53250,73.6
53500,70.0
53750,71.2
54000,71.6
54250,72.39999999999999
54500,66.0
54750,56.00000000000001
55000,53.6
55250,56.39999999999999
55500,57.199999999999996
55750,52.0
56000,49.6
56250,48.4
56500,37.2
56750,55.60000000000001
57000,71.6
57250,76.0
57500,79.60000000000001
57750,54.400000000000006
58000,45.2
58250,68.0
58500,65.60000000000001
58750,76.0
59000,71.6
59250,52.400000000000006
59500,36.8
59750,49.2
60000,64.8
60250,78.0
60500,96.8
60750,63.6
61000,61.6
61250,73.2
61500,74.4
61750,50.0
62000,73.2
62250,41.6
62500,56.00000000000001
62750,64.8
63000,79.2
63250,89.2
63500,70.39999999999999
63750,44.800000000000004
64000,40.8
64250,75.2
64500,84.8
64750,52.800000000000004
65000,76.4
65250,100.0
65500,70.39999999999999
65750,67.2
66000,56.00000000000001
66250,56.39999999999999
66500,50.0
66750,55.2
67000,39.6
67250,46.800000000000004
67500,56.8
67750,51.6
68000,63.6
68250,94.39999999999999
68500,95.6
68750,78.4
69000,62.8
69250,98.8
69500,54.800000000000004
69750,86.4
70000,71.2
70250,66.0
70500,94.8
70750,55.60000000000001
71000,80.4
71250,95.19999999999999
71500,94.8
71750,98.8
72000,98.8
72250,100.0
