250,9.2
500,44.4
750,57.199999999999996
1000,47.199999999999996
1250,44.4
1500,50.0
1750,48.0
2000,54.800000000000004
2250,56.8
2500,51.6
2750,54.800000000000004
3000,51.2
3250,53.2
3500,48.4
3750,53.6
4000,55.60000000000001
4250,38.800000000000004
4500,45.2
4750,46.800000000000004
5000,43.2
5250,26.8
5500,49.2
5750,46.0
6000,38.0
6250,46.800000000000004
6500,46.800000000000004
6750,48.0
7000,41.199999999999996
7250,44.4
7500,40.400000000000006
7750,42.8
8000,48.0
8250,41.199999999999996
8500,35.6
8750,30.0
9000,46.400000000000006
9250,25.6
9500,8.4
9750,0.0
10000,2.4
10250,18.4
10500,45.6
10750,45.2
11000,37.6
11250,9.2
11500,14.399999999999999
11750,45.6
12000,39.2
12250,36.8
12500,33.2
12750,32.4
13000,33.6
13250,24.4
13500,70.39999999999999
13750,53.6
14000,94.39999999999999
14250,93.2
14500,94.8
14750,93.60000000000001
15000,96.0
15250,88.0
15500,88.8
15750,90.8
16000,80.4
16250,57.199999999999996
16500,21.2
16750,44.800000000000004
17000,39.6
17250,36.8
17500,37.6
17750,30.8
18000,42.8
18250,35.199999999999996
18500,29.599999999999998
18750,37.2
19000,36.8
19250,52.800000000000004
19500,33.2
19750,39.2
20000,36.8
20250,39.2
20500,38.0
20750,37.2
21000,26.400000000000002
21250,33.6
21500,39.2
21750,56.00000000000001
22000,33.2
22250,26.8
22500,28.000000000000004
22750,35.199999999999996
23000,33.6
23250,29.599999999999998
23500,29.2
23750,19.2
24000,26.8
24250,46.400000000000006
24500,31.2
24750,28.000000000000004
25000,28.799999999999997
25250,28.799999999999997
25500,30.8
25750,40.8
26000,24.4
26250,30.4
26500,27.6
26750,34.4
27000,22.400000000000002
27250,22.400000000000002
27500,30.4
27750,37.2
28000,43.2
28250,29.2
28500,21.6
28750,23.200000000000003
29000,27.200000000000003
29250,36.0
29500,33.6
29750,13.600000000000001
30000,8.799999999999999
30250,8.4
30500,38.800000000000004
30750,30.4
31000,36.4
31250,32.800000000000004
31500,28.000000000000004
31750,35.6
32000,12.0
32250,21.6
32500,36.8
32750,28.4
33000,41.6
33250,24.8
33500,19.6
33750,24.4
34000,40.400000000000006
34250,23.599999999999998
34500,22.400000000000002
34750,18.0
35000,30.4
35250,34.8
35500,16.400000000000002
35750,6.4
36000,15.6
36250,2.8000000000000003
36500,26.8
36750,46.0
37000,47.599999999999994
37250,47.599999999999994
37500,48.4
37750,60.8
38000,67.60000000000001
38250,80.80000000000001
38500,61.199999999999996
38750,70.8
39000,40.0
39250,73.2
39500,90.4
39750,85.6
40000,54.400000000000006
40250,100.0
40500,44.0
40750,64.4
41000,79.60000000000001
41250,44.0
41500,88.4
41750,54.800000000000004
42000,51.2
42250,12.8
42500,39.2
42750,38.4
43000,21.2
43250,38.0
43500,27.6
43750,27.6
44000,22.0
44250,29.599999999999998
44500,20.0
44750,17.599999999999998
45000,38.0
45250,27.200000000000003
45500,19.2
45750,30.8
46000,37.2
46250,30.0
46500,36.8
46750,27.200000000000003
47000,34.0
47250,31.6
47500,33.2
47750,22.400000000000002
48000,29.599999999999998
48250,27.200000000000003
48500,19.6
48750,21.2
49000,22.0
49250,28.799999999999997
49500,39.6
49750,35.199999999999996
50000,24.0
50250,14.799999999999999
50500,22.0
50750,42.0
51000,32.0
51250,32.800000000000004
51500,26.400000000000002
51750,27.6
52000,37.6
52250,17.2
52500,37.6
52750,23.200000000000003
53000,23.200000000000003
53250,24.0
53500,19.2
53750,19.6
54000,22.8
54250,16.8
54500,29.599999999999998
54750,28.4
55000,30.0
55250,24.4
55500,31.6
55750,28.000000000000004
56000,21.6
56250,18.0
56500,19.6
56750,39.2
57000,26.400000000000002
57250,38.4
57500,28.4
57750,23.200000000000003
58000,15.6
58250,28.799999999999997
58500,10.0
58750,34.4
59000,18.4
59250,20.0
59500,12.4
59750,17.599999999999998
60000,5.6000000000000005
60250,15.6
60500,0.8
60750,19.6
61000,32.800000000000004
61250,46.400000000000006
61500,37.2
61750,35.6
62000,34.8
62250,37.2
62500,46.0
62750,34.4
63000,12.0
63250,11.600000000000001
63500,37.6
63750,38.800000000000004
64000,32.4
64250,34.8
64500,38.4
64750,22.8
65000,39.2
65250,21.2
65500,16.8
65750,28.4
66000,10.8
66250,17.599999999999998
66500,5.2
66750,17.599999999999998
67000,21.6
67250,39.6
67500,53.2
67750,48.4
68000,56.8
68250,64.8
68500,63.6
68750,48.0
69000,62.0
69250,98.8
69500,54.800000000000004
69750,85.6
70000,68.8
70250,56.39999999999999
70500,94.0
70750,55.60000000000001
71000,80.4
71250,86.0
71500,48.0
71750,98.8
72000,60.8
72250,80.0
