250,8.4
500,34.4
750,52.800000000000004
1000,41.6
1250,33.2
1500,36.4
1750,37.6
2000,47.199999999999996
2250,48.0
2500,46.800000000000004
2750,47.599999999999994
3000,35.199999999999996
3250,43.2
3500,38.0
3750,45.6
4000,55.2
4250,27.6
4500,45.2
4750,39.6
5000,37.6
5250,23.599999999999998
5500,48.0
5750,44.4
6000,36.8
6250,43.2
6500,44.800000000000004
6750,43.2
7000,28.000000000000004
7250,43.6
7500,35.199999999999996
7750,41.6
8000,37.6
8250,38.800000000000004
8500,32.0
8750,4.3999999999999995
9000,42.0
9250,11.600000000000001
9500,0.0
9750,0.0
10000,2.4
10250,17.2
10500,44.800000000000004
10750,45.2
11000,29.2
11250,2.8000000000000003
11500,0.0
11750,19.2
12000,36.0
12250,33.6
12500,26.400000000000002
12750,30.0
13000,26.400000000000002
13250,13.600000000000001
13500,47.199999999999996
13750,46.0
14000,89.60000000000001
14250,85.2
14500,91.2
14750,92.4
15000,96.0
15250,86.8
15500,88.8
15750,90.8
16000,78.8
16250,52.400000000000006
16500,4.0
16750,10.0
17000,23.200000000000003
17250,25.2
17500,21.2
17750,19.2
18000,11.200000000000001
18250,24.4
18500,3.2
18750,6.0
19000,6.800000000000001
19250,40.400000000000006
19500,10.0
19750,33.6
20000,30.4
20250,34.0
20500,7.199999999999999
20750,30.4
21000,4.8
21250,6.4
21500,29.599999999999998
21750,38.800000000000004
22000,32.4
22250,8.4
22500,4.3999999999999995
22750,32.0
23000,18.4
23250,14.399999999999999
23500,3.2
23750,3.5999999999999996
24000,6.0
24250,7.6
24500,4.0
24750,1.6
25000,0.0
25250,6.0
25500,12.0
25750,8.4
26000,18.4
26250,11.200000000000001
26500,6.0
26750,33.6
27000,4.8
27250,0.0
27500,27.200000000000003
27750,32.0
28000,26.0
28250,19.2
28500,1.2
28750,2.0
29000,5.6000000000000005
29250,10.8
29500,5.2
29750,4.3999999999999995
30000,0.0
30250,6.0
30500,6.0
30750,0.0
31000,23.599999999999998
31250,27.6
31500,25.6
31750,6.0
32000,2.4
32250,0.0
32500,21.6
32750,15.6
33000,17.2
33250,8.4
33500,8.0
33750,6.0
34000,5.2
34250,1.2
34500,0.0
34750,1.2
35000,6.0
35250,15.6
35500,0.0
35750,0.0
36000,0.0
36250,0.8
36500,7.6
36750,38.0
37000,40.8
37250,43.2
37500,36.4
37750,60.0
38000,52.400000000000006
38250,80.80000000000001
38500,56.00000000000001
38750,56.00000000000001
39000,38.800000000000004
39250,64.0
39500,50.0
39750,22.400000000000002
40000,46.800000000000004
40250,21.6
40500,6.0
40750,15.6
41000,21.6
41250,6.0
41500,15.6
41750,7.6
42000,14.000000000000002
42250,12.4
42500,33.2
42750,26.400000000000002
43000,2.4
43250,4.3999999999999995
43500,10.4
43750,16.0
44000,3.2
44250,26.8
44500,6.0
44750,0.0
45000,20.0
45250,12.0
45500,1.6
45750,7.199999999999999
46000,8.799999999999999
46250,0.0
46500,23.200000000000003
46750,3.5999999999999996
47000,30.8
47250,31.2
47500,22.0
47750,19.2
48000,6.0
48250,19.6
48500,1.6
48750,4.3999999999999995
49000,4.0
49250,16.8
49500,7.6
49750,18.0
50000,22.400000000000002
50250,3.5999999999999996
50500,6.0
50750,18.4
51000,32.0
51250,15.2
51500,15.2
51750,6.800000000000001
52000,30.4
52250,0.0
52500,6.0
52750,0.0
53000,0.0
53250,0.0
53500,0.0
53750,0.4
54000,0.0
54250,0.0
54500,3.2
54750,10.4
55000,14.399999999999999
55250,11.200000000000001
55500,10.4
55750,7.199999999999999
56000,6.4
56250,1.2
56500,0.0
56750,31.6
57000,21.2
57250,24.8
57500,10.0
57750,8.4
58000,0.0
58250,9.6
58500,0.0
58750,6.0
59000,1.2
59250,0.0
59500,2.4
59750,2.0
60000,4.0
60250,6.0
60500,0.8
60750,9.6
61000,9.2
61250,24.4
61500,35.199999999999996
61750,26.0
62000,6.0
62250,20.8
62500,29.2
62750,28.799999999999997
63000,3.5999999999999996
63250,4.3999999999999995
63500,17.599999999999998
63750,37.2
64000,16.8
64250,16.400000000000002
64500,6.4
64750,0.0
65000,10.0
65250,16.8
65500,0.0
65750,2.4
66000,5.2
66250,0.0
66500,0.0
66750,0.0
67000,9.6
67250,32.4
67500,47.599999999999994
67750,38.4
68000,51.6
68250,63.6
68500,56.8
68750,38.4
69000,45.6
69250,16.400000000000002
69500,34.0
69750,20.4
70000,23.599999999999998
70250,38.4
70500,15.6
70750,24.4
71000,38.4
71250,15.6
71500,26.0
71750,17.599999999999998
72000,33.2
72250,26.0
