250,9.2
500,44.4
750,57.199999999999996
1000,47.199999999999996
1250,44.4
1500,50.0
1750,49.6
2000,55.2
2250,57.199999999999996
2500,52.0
2750,57.99999999999999
3000,51.2
3250,53.6
3500,50.8
3750,54.0
4000,55.60000000000001
4250,41.199999999999996
4500,45.2
4750,46.800000000000004
5000,43.6
5250,27.6
5500,49.2
5750,46.0
6000,38.4
6250,46.800000000000004
6500,48.4
6750,48.8
7000,41.199999999999996
7250,44.4
7500,40.400000000000006
7750,44.800000000000004
8000,49.6
8250,44.0
8500,37.2
8750,30.0
9000,48.0
9250,25.6
9500,9.2
9750,0.0
10000,9.2
10250,38.0
10500,46.800000000000004
10750,45.2
11000,37.6
11250,9.2
11500,15.6
11750,48.4
12000,41.6
12250,36.8
12500,38.0
12750,33.2
13000,33.6
13250,26.400000000000002
13500,72.0
13750,59.199999999999996
14000,94.8
14250,93.2
14500,94.8
14750,93.60000000000001
15000,96.0
15250,88.0
15500,88.8
15750,90.8
16000,80.4
16250,57.199999999999996
16500,21.2
16750,48.8
17000,45.2
17250,42.4
17500,43.2
17750,62.8
18000,63.6
18250,62.4
18500,32.0
18750,47.599999999999994
19000,67.2
19250,69.6
19500,66.0
19750,39.2
20000,39.6
20250,68.8
20500,67.2
20750,67.2
21000,29.599999999999998
21250,42.8
21500,67.60000000000001
21750,72.0
22000,66.4
22250,31.6
22500,34.4
22750,61.199999999999996
23000,54.400000000000006
23250,58.4
23500,38.800000000000004
23750,19.6
24000,53.2
24250,68.4
24500,61.6
24750,35.6
25000,28.799999999999997
25250,29.599999999999998
25500,31.2
25750,41.6
26000,26.400000000000002
26250,32.0
26500,27.6
26750,34.4
27000,23.200000000000003
27250,25.2
27500,30.4
27750,38.4
28000,43.2
28250,29.2
28500,21.6
28750,29.2
29000,47.599999999999994
29250,64.0
29500,62.8
29750,22.0
30000,12.4
30250,50.4
30500,57.99999999999999
30750,58.4
31000,37.2
31250,42.4
31500,57.599999999999994
31750,59.599999999999994
32000,38.0
32250,22.400000000000002
32500,54.400000000000006
32750,62.4
33000,61.199999999999996
33250,42.4
33500,20.4
33750,54.800000000000004
34000,62.4
34250,57.99999999999999
34500,29.599999999999998
34750,22.8
35000,60.8
35250,62.8
35500,44.4
35750,8.4
36000,15.6
36250,4.8
36500,30.0
36750,48.4
37000,49.2
37250,47.599999999999994
37500,48.4
37750,60.8
38000,70.39999999999999
38250,80.80000000000001
38500,61.6
38750,72.39999999999999
39000,40.0
39250,73.2
39500,90.4
39750,85.6
40000,56.00000000000001
40250,100.0
40500,44.0
40750,64.4
41000,79.60000000000001
41250,44.0
41500,88.4
41750,55.2
42000,51.2
42250,12.8
42500,40.400000000000006
42750,62.8
43000,48.8
43250,63.2
43500,27.6
43750,30.0
44000,22.0
44250,30.4
44500,29.599999999999998
44750,23.200000000000003
45000,40.8
45250,30.4
45500,24.0
45750,30.8
46000,46.400000000000006
46250,31.2
46500,40.0
46750,28.799999999999997
47000,34.0
47250,36.0
47500,44.4
47750,37.6
48000,36.0
48250,30.0
48500,22.8
48750,22.8
49000,35.6
49250,31.2
49500,39.6
49750,35.199999999999996
50000,24.4
50250,16.400000000000002
50500,24.8
50750,50.0
51000,32.800000000000004
51250,34.8
51500,28.000000000000004
51750,30.8
52000,47.599999999999994
52250,44.800000000000004
52500,51.6
52750,23.200000000000003
53000,24.0
53250,24.0
53500,20.0
53750,19.6
54000,22.8
54250,19.2
54500,29.599999999999998
54750,30.4
55000,30.0
55250,29.2
55500,31.6
55750,28.000000000000004
56000,21.6
56250,18.8
56500,21.6
56750,39.2
57000,27.6
57250,38.4
57500,30.0
57750,23.200000000000003
58000,16.400000000000002
58250,38.4
58500,12.0
58750,37.6
59000,19.2
59250,22.8
59500,12.4
59750,24.0
60000,10.8
60250,18.0
60500,18.0
60750,27.200000000000003
61000,34.0
61250,54.0
61500,40.0
61750,36.0
62000,52.0
62250,38.4
62500,54.0
62750,64.0
63000,22.0
63250,17.2
63500,40.400000000000006
63750,40.0
64000,37.6
64250,34.8
64500,75.6
64750,26.0
65000,40.400000000000006
65250,76.8
65500,36.8
65750,28.799999999999997
66000,11.200000000000001
66250,18.0
66500,6.4
66750,17.599999999999998
67000,23.599999999999998
67250,44.0
67500,56.39999999999999
67750,50.0
68000,56.8
68250,64.8
68500,63.6
68750,50.0
69000,62.8
69250,98.8
69500,54.800000000000004
69750,86.4
70000,70.8
70250,64.8
70500,94.0
70750,55.60000000000001
71000,80.4
71250,86.0
71500,48.0
71750,98.8
72000,60.8
72250,81.2
