250,9.2
500,44.4
750,57.199999999999996
1000,47.199999999999996
1250,44.4
1500,50.0
1750,49.2
2000,54.800000000000004
2250,56.8
2500,51.6
2750,57.99999999999999
3000,51.2
3250,53.6
3500,50.0
3750,54.0
4000,55.60000000000001
4250,41.199999999999996
4500,45.2
4750,46.800000000000004
5000,43.2
5250,27.6
5500,49.2
5750,46.0
6000,38.0
6250,46.800000000000004
6500,48.4
6750,48.0
7000,41.199999999999996
7250,44.4
7500,40.400000000000006
7750,44.800000000000004
8000,49.6
8250,42.0
8500,36.8
8750,30.0
9000,48.0
9250,25.6
9500,9.2
9750,0.0
10000,2.4
10250,27.6
10500,46.0
10750,45.2
11000,37.6
11250,9.2
11500,15.6
11750,48.0
12000,41.6
12250,36.8
12500,38.0
12750,33.2
13000,33.6
13250,26.400000000000002
13500,72.0
13750,55.2
14000,94.39999999999999
14250,93.2
14500,94.8
14750,93.60000000000001
15000,96.0
15250,88.0
15500,88.8
15750,90.8
16000,80.4
16250,57.199999999999996
16500,21.2
16750,48.8
17000,45.2
17250,38.4
17500,42.4
17750,35.6
18000,42.8
18250,35.6
18500,30.8
18750,47.199999999999996
19000,39.6
19250,52.800000000000004
19500,36.0
19750,39.2
20000,38.4
20250,45.6
20500,43.2
20750,37.2
21000,26.400000000000002
21250,40.8
21500,42.4
21750,56.00000000000001
22000,36.0
22250,28.000000000000004
22500,33.2
22750,40.400000000000006
23000,36.0
23250,30.0
23500,29.599999999999998
23750,19.2
24000,37.6
24250,46.800000000000004
24500,31.2
24750,28.4
25000,28.799999999999997
25250,29.2
25500,31.2
25750,41.6
26000,26.400000000000002
26250,30.8
26500,27.6
26750,34.4
27000,22.400000000000002
27250,24.4
27500,30.4
27750,38.4
28000,43.2
28250,29.2
28500,21.6
28750,28.4
29000,33.6
29250,38.800000000000004
29500,34.0
29750,13.600000000000001
30000,12.0
30250,22.400000000000002
30500,38.800000000000004
30750,31.2
31000,37.2
31250,40.8
31500,29.2
31750,38.800000000000004
32000,12.4
32250,21.6
32500,48.4
32750,30.8
33000,41.6
33250,24.8
33500,19.6
33750,34.0
34000,40.400000000000006
34250,26.8
34500,22.8
34750,22.400000000000002
35000,35.6
35250,34.8
35500,16.400000000000002
35750,7.6
36000,15.6
36250,4.8
36500,27.6
36750,46.0
37000,47.599999999999994
37250,47.599999999999994
37500,48.4
37750,60.8
38000,70.39999999999999
38250,80.80000000000001
38500,61.6
38750,72.39999999999999
39000,40.0
39250,73.2
39500,90.4
39750,85.6
40000,56.00000000000001
40250,100.0
40500,44.0
40750,64.4
41000,79.60000000000001
41250,44.0
41500,88.4
41750,55.2
42000,51.2
42250,12.8
42500,40.400000000000006
42750,62.8
43000,24.0
43250,38.0
43500,27.6
43750,29.599999999999998
44000,22.0
44250,29.599999999999998
44500,20.0
44750,23.200000000000003
45000,40.8
45250,30.4
45500,22.8
45750,30.8
46000,39.2
46250,30.8
46500,40.0
46750,27.6
47000,34.0
47250,35.6
47500,44.4
47750,22.8
48000,31.6
48250,30.0
48500,22.0
48750,22.0
49000,26.8
49250,29.599999999999998
49500,39.6
49750,35.199999999999996
50000,24.0
50250,14.799999999999999
50500,23.200000000000003
50750,42.0
51000,32.0
51250,33.2
51500,28.000000000000004
51750,30.4
52000,47.199999999999996
52250,18.4
52500,37.6
52750,23.200000000000003
53000,24.0
53250,24.0
53500,19.6
53750,19.6
54000,22.8
54250,19.2
54500,29.599999999999998
54750,28.4
55000,30.0
55250,28.799999999999997
55500,31.6
55750,28.000000000000004
56000,21.6
56250,18.8
56500,19.6
56750,39.2
57000,26.8
57250,38.4
57500,30.0
57750,23.200000000000003
58000,16.0
58250,28.799999999999997
58500,12.0
58750,34.4
59000,18.4
59250,22.400000000000002
59500,12.4
59750,17.599999999999998
60000,6.4
60250,16.400000000000002
60500,13.200000000000001
60750,26.8
61000,33.2
61250,50.8
61500,37.2
61750,36.0
62000,38.4
62250,38.4
62500,53.2
62750,34.8
63000,14.000000000000002
63250,17.2
63500,40.0
63750,39.2
64000,34.4
64250,34.8
64500,75.6
64750,26.0
65000,39.6
65250,76.8
65500,36.8
65750,28.799999999999997
66000,11.200000000000001
66250,17.599999999999998
66500,6.4
66750,17.599999999999998
67000,23.599999999999998
67250,42.8
67500,53.2
67750,48.4
68000,56.8
68250,64.8
68500,63.6
68750,50.0
69000,62.8
69250,98.8
69500,54.800000000000004
69750,86.4
70000,70.8
70250,63.6
70500,94.0
70750,55.60000000000001
71000,80.4
71250,86.0
71500,48.0
71750,98.8
72000,60.8
72250,80.0
