250,9.2
500,44.4
750,57.199999999999996
1000,47.199999999999996
1250,44.4
1500,50.0
1750,49.6
2000,56.00000000000001
2250,57.199999999999996
2500,52.0
2750,57.99999999999999
3000,52.800000000000004
3250,85.2
3500,96.39999999999999
3750,97.6
4000,97.2
4250,92.0
4500,93.2
4750,94.0
5000,93.60000000000001
5250,84.8
5500,94.0
5750,92.0
6000,91.60000000000001
6250,93.60000000000001
6500,92.80000000000001
6750,84.39999999999999
7000,94.39999999999999
7250,94.39999999999999
7500,93.60000000000001
7750,92.80000000000001
8000,95.6
8250,92.80000000000001
8500,91.2
8750,88.4
9000,96.0
9250,74.4
9500,90.0
9750,100.0
10000,94.8
10250,94.0
10500,93.60000000000001
10750,92.4
11000,91.2
11250,89.60000000000001
11500,93.60000000000001
11750,93.60000000000001
12000,90.8
12250,85.6
12500,94.39999999999999
12750,92.4
13000,90.4
13250,96.39999999999999
13500,80.4
13750,74.8
14000,96.0
14250,96.8
14500,95.6
14750,93.60000000000001
15000,96.39999999999999
15250,88.4
15500,88.8
15750,90.8
16000,99.2
16250,100.0
16500,100.0
16750,100.0
17000,100.0
17250,100.0
17500,100.0
17750,100.0
18000,100.0
18250,100.0
18500,100.0
18750,100.0
19000,100.0
19250,100.0
19500,100.0
19750,100.0
20000,100.0
20250,100.0
20500,100.0
20750,100.0
21000,100.0
21250,100.0
21500,100.0
21750,100.0
22000,100.0
22250,100.0
22500,95.6
22750,97.2
23000,98.0
23250,95.6
23500,71.6
23750,55.60000000000001
24000,95.19999999999999
24250,97.2
24500,93.2
24750,68.0
25000,63.2
25250,61.199999999999996
25500,63.6
25750,61.199999999999996
26000,60.8
26250,65.60000000000001
26500,63.6
26750,65.60000000000001
27000,63.2
27250,59.199999999999996
27500,65.2
27750,97.2
28000,93.60000000000001
28250,95.6
28500,64.4
28750,63.2
29000,97.2
29250,92.80000000000001
29500,94.8
29750,54.0
30000,57.99999999999999
30250,86.0
30500,94.0
30750,90.8
31000,67.60000000000001
31250,73.6
31500,86.8
31750,91.2
32000,74.8
32250,62.4
32500,83.6
32750,93.60000000000001
33000,89.60000000000001
33250,76.4
33500,56.8
33750,90.4
34000,94.0
34250,94.39999999999999
34500,66.8
34750,66.8
35000,96.8
35250,95.19999999999999
35500,79.2
35750,53.6
36000,48.8
36250,66.8
36500,65.60000000000001
36750,58.4
37000,50.8
37250,52.0
37500,54.0
37750,61.199999999999996
38000,71.6
38250,92.80000000000001
38500,96.8
38750,94.39999999999999
39000,56.39999999999999
39250,73.2
39500,90.4
39750,85.6
40000,56.00000000000001
40250,100.0
40500,44.0
40750,64.4
41000,79.60000000000001
41250,44.0
41500,88.4
41750,55.2
42000,88.4
42250,17.2
42500,57.199999999999996
42750,70.8
43000,53.2
43250,67.60000000000001
43500,64.4
43750,50.4
44000,28.000000000000004
44250,65.60000000000001
44500,64.4
44750,48.0
45000,60.0
45250,78.8
45500,61.199999999999996
45750,40.0
46000,96.39999999999999
46250,56.39999999999999
46500,56.8
46750,52.400000000000006
47000,48.4
47250,40.0
47500,50.0
47750,85.2
48000,76.0
48250,75.2
48500,52.400000000000006
48750,48.0
49000,64.0
49250,75.6
49500,77.60000000000001
49750,75.6
50000,66.8
50250,32.4
50500,26.8
50750,62.0
51000,82.0
51250,84.8
51500,87.6
51750,47.199999999999996
52000,60.4
52250,92.0
52500,97.2
52750,94.39999999999999
53000,81.6
53250,73.6
53500,70.0
53750,71.2
54000,71.6
54250,50.0
54500,42.0
54750,32.0
55000,30.0
55250,32.0
55500,34.0
55750,28.000000000000004
56000,21.6
56250,19.6
56500,22.400000000000002
56750,40.8
57000,28.799999999999997
57250,38.4
57500,30.8
57750,27.6
58000,17.2
58250,42.0
58500,40.0
58750,53.6
59000,46.800000000000004
59250,28.4
59500,12.4
59750,24.4
60000,34.8
60250,37.6
60500,44.4
60750,38.0
61000,36.0
61250,55.60000000000001
61500,70.39999999999999
61750,50.0
62000,72.8
62250,41.199999999999996
62500,56.00000000000001
62750,64.4
63000,22.400000000000002
63250,26.400000000000002
63500,70.39999999999999
63750,44.800000000000004
64000,40.0
64250,74.8
64500,84.8
64750,31.6
65000,48.4
65250,81.2
65500,36.8
65750,33.2
66000,20.0
66250,19.2
66500,7.6
66750,19.2
67000,34.8
67250,46.800000000000004
67500,56.8
67750,50.8
68000,62.8
68250,94.39999999999999
68500,95.6
68750,78.4
69000,62.8
69250,98.8
69500,54.800000000000004
69750,86.4
70000,71.2
70250,66.0
70500,94.8
70750,55.60000000000001
71000,80.4
71250,86.0
71500,48.0
71750,98.8
72000,60.8
72250,81.6
