200,78.40629747272476,21.593702527275237
400,66.15246512912582,33.84753487087419
600,62.01077199281867,37.98922800718133
800,60.14915066979699,39.85084933020301
1000,55.86106891313355,44.13893108686646
1200,54.21764949592598,45.78235050407402
1400,52.88081756663444,47.11918243336556
1600,50.914238364866726,49.08576163513327
1800,45.15674630575887,54.84325369424112
2000,43.33379367490678,56.66620632509321
2200,41.91824333655572,58.081756663444274
2400,39.0056622013534,60.99433779864659
2600,36.015743681811905,63.984256318188095
2800,32.31874050545505,67.68125949454496
3000,29.222483082447177,70.77751691755283
3200,27.018367628780553,72.98163237121943
3400,25.540671178014087,74.45932882198592
3600,24.08783317221378,75.91216682778622
3800,23.187405054550474,76.81259494544952
4000,21.115867974036735,78.88413202596325
