250,9.2
500,44.4
750,57.199999999999996
1000,47.199999999999996
1250,44.4
1500,50.0
1750,49.6
2000,56.00000000000001
2250,57.199999999999996
2500,52.0
2750,57.99999999999999
3000,52.800000000000004
3250,53.6
3500,51.6
3750,54.0
4000,55.60000000000001
4250,41.199999999999996
4500,45.2
4750,46.800000000000004
5000,43.6
5250,28.000000000000004
5500,49.2
5750,46.0
6000,40.400000000000006
6250,46.800000000000004
6500,48.4
6750,51.2
7000,42.8
7250,44.4
7500,40.400000000000006
7750,44.800000000000004
8000,49.6
8250,44.0
8500,38.4
8750,30.0
9000,48.0
9250,25.6
9500,9.2
9750,0.0
10000,9.2
10250,38.0
10500,46.800000000000004
10750,47.599999999999994
11000,37.6
11250,9.2
11500,15.6
11750,48.4
12000,41.6
12250,36.8
12500,38.800000000000004
12750,34.0
13000,33.6
13250,26.400000000000002
13500,72.0
13750,59.199999999999996
14000,94.8
14250,93.2
14500,94.8
14750,93.60000000000001
15000,96.0
15250,88.0
15500,88.8
15750,90.8
16000,80.4
16250,57.199999999999996
16500,21.2
16750,48.8
17000,45.2
17250,42.8
17500,44.800000000000004
17750,64.4
18000,63.6
18250,62.4
18500,34.0
18750,48.0
19000,67.2
19250,69.6
19500,66.0
19750,39.2
20000,41.6
20250,68.8
20500,67.2
20750,67.2
21000,30.4
21250,43.6
21500,68.0
21750,72.0
22000,66.4
22250,34.0
22500,34.4
22750,61.199999999999996
23000,54.400000000000006
23250,58.4
23500,38.800000000000004
23750,19.6
24000,53.2
24250,68.4
24500,61.6
24750,35.6
25000,28.799999999999997
25250,29.599999999999998
25500,32.800000000000004
25750,41.6
26000,26.400000000000002
26250,32.0
26500,27.6
26750,34.4
27000,23.200000000000003
27250,25.2
27500,30.8
27750,38.800000000000004
28000,44.0
28250,31.6
28500,21.6
28750,29.599999999999998
29000,47.599999999999994
29250,64.0
29500,62.8
29750,22.0
30000,12.8
30250,50.4
30500,57.99999999999999
30750,58.4
31000,37.2
31250,43.6
31500,57.599999999999994
31750,59.599999999999994
32000,40.0
32250,22.400000000000002
32500,54.800000000000004
32750,62.4
33000,61.199999999999996
33250,42.4
33500,20.4
33750,54.800000000000004
34000,62.4
34250,57.99999999999999
34500,29.599999999999998
34750,24.8
35000,62.4
35250,62.8
35500,44.4
35750,8.4
36000,15.6
36250,7.199999999999999
36500,30.4
36750,50.0
37000,50.0
37250,51.2
37500,48.4
37750,60.8
38000,70.39999999999999
38250,80.80000000000001
38500,61.6
38750,72.39999999999999
39000,40.0
39250,73.2
39500,90.4
39750,85.6
40000,56.00000000000001
40250,100.0
40500,44.0
40750,64.4
41000,79.60000000000001
41250,44.0
41500,88.4
41750,55.2
42000,51.2
42250,14.799999999999999
42500,40.400000000000006
42750,62.8
43000,48.8
43250,63.2
43500,27.6
43750,30.0
44000,22.0
44250,30.4
44500,30.8
44750,23.200000000000003
45000,40.8
45250,31.2
45500,24.0
45750,34.8
46000,46.800000000000004
46250,53.2
46500,56.8
46750,52.400000000000006
47000,47.599999999999994
47250,36.8
47500,49.6
47750,56.8
48000,50.4
48250,52.400000000000006
48500,27.200000000000003
48750,22.8
49000,36.0
49250,31.2
49500,39.6
49750,35.199999999999996
50000,26.400000000000002
50250,16.8
50500,25.6
50750,50.0
51000,48.0
51250,52.800000000000004
51500,52.800000000000004
51750,31.6
52000,48.8
52250,44.800000000000004
52500,52.800000000000004
52750,47.199999999999996
53000,33.2
53250,24.0
53500,20.4
53750,19.6
54000,23.200000000000003
54250,19.6
54500,30.4
54750,30.4
55000,30.0
55250,29.2
55500,31.6
55750,28.000000000000004
56000,21.6
56250,18.8
56500,21.6
56750,39.2
57000,27.6
57250,38.4
57500,30.0
57750,23.200000000000003
58000,16.400000000000002
58250,40.400000000000006
58500,22.8
58750,37.6
59000,19.2
59250,22.8
59500,12.4
59750,24.0
60000,10.8
60250,18.0
60500,18.0
60750,27.6
61000,34.4
61250,54.800000000000004
61500,69.6
61750,50.0
62000,72.39999999999999
62250,38.4
62500,54.400000000000006
62750,64.0
63000,22.0
63250,21.2
63500,70.39999999999999
63750,43.2
64000,38.4
64250,62.8
64500,84.8
64750,26.0
65000,40.400000000000006
65250,78.8
65500,36.8
65750,30.4
66000,18.0
66250,18.4
66500,6.4
66750,18.8
67000,25.2
67250,46.400000000000006
67500,56.39999999999999
67750,50.0
68000,62.4
68250,64.8
68500,63.6
68750,50.0
69000,62.8
69250,98.8
69500,54.800000000000004
69750,86.4
70000,70.8
70250,64.8
70500,94.0
70750,55.60000000000001
71000,80.4
71250,86.0
71500,48.0
71750,98.8
72000,60.8
72250,81.2
