250,9.2
500,44.4
750,57.199999999999996
1000,47.199999999999996
1250,44.4
1500,50.0
1750,49.6
2000,56.00000000000001
2250,57.199999999999996
2500,52.0
2750,57.99999999999999
3000,52.800000000000004
3250,85.2
3500,96.39999999999999
3750,97.6
4000,97.2
4250,92.0
4500,93.2
4750,94.0
5000,93.60000000000001
5250,84.8
5500,94.0
5750,92.0
6000,91.60000000000001
6250,93.60000000000001
6500,92.80000000000001
6750,84.39999999999999
7000,94.39999999999999
7250,94.39999999999999
7500,93.60000000000001
7750,92.80000000000001
8000,95.6
8250,92.80000000000001
8500,91.2
8750,88.4
9000,96.0
9250,74.4
9500,89.60000000000001
9750,100.0
10000,94.8
10250,94.0
10500,93.60000000000001
10750,92.4
11000,88.4
11250,89.2
11500,93.60000000000001
11750,93.60000000000001
12000,90.8
12250,84.8
12500,90.4
12750,88.8
13000,90.4
13250,96.39999999999999
13500,78.4
13750,70.39999999999999
14000,95.19999999999999
14250,94.8
14500,94.8
14750,93.60000000000001
15000,96.39999999999999
15250,88.0
15500,88.8
15750,90.8
16000,80.4
16250,64.0
16500,38.4
16750,49.6
17000,65.60000000000001
17250,97.2
17500,96.0
17750,98.8
18000,95.19999999999999
18250,96.8
18500,93.60000000000001
18750,96.0
19000,72.8
19250,76.4
19500,68.4
19750,39.6
20000,42.8
20250,68.8
20500,68.8
20750,67.2
21000,31.6
21250,44.800000000000004
21500,68.0
21750,72.0
22000,66.4
22250,34.0
22500,34.4
22750,61.199999999999996
23000,54.400000000000006
23250,58.8
23500,38.800000000000004
23750,21.2
24000,53.6
24250,68.4
24500,61.6
24750,36.0
25000,30.8
25250,29.599999999999998
25500,32.800000000000004
25750,41.6
26000,28.000000000000004
26250,33.6
26500,27.6
26750,34.4
27000,23.200000000000003
27250,25.2
27500,32.0
27750,39.6
28000,44.0
28250,33.6
28500,22.400000000000002
28750,30.4
29000,47.599999999999994
29250,64.0
29500,62.8
29750,22.0
30000,14.000000000000002
30250,50.4
30500,58.4
30750,58.4
31000,37.2
31250,43.6
31500,57.599999999999994
31750,60.0
32000,40.0
32250,27.6
32500,55.2
32750,62.4
33000,61.199999999999996
33250,42.4
33500,20.4
33750,56.39999999999999
34000,62.4
34250,57.99999999999999
34500,29.599999999999998
34750,24.8
35000,62.4
35250,62.8
35500,44.4
35750,8.4
36000,16.0
36250,12.4
36500,32.800000000000004
36750,50.0
37000,50.8
37250,51.6
37500,54.0
37750,61.199999999999996
38000,71.6
38250,90.4
38500,61.6
38750,94.39999999999999
39000,56.39999999999999
39250,73.2
39500,90.4
39750,85.6
40000,56.00000000000001
40250,100.0
40500,44.0
40750,64.4
41000,79.60000000000001
41250,44.0
41500,88.4
41750,55.2
42000,51.2
42250,16.8
42500,57.199999999999996
42750,70.39999999999999
43000,52.800000000000004
43250,67.60000000000001
43500,62.4
43750,32.800000000000004
44000,22.0
44250,30.4
44500,38.800000000000004
44750,47.599999999999994
45000,55.60000000000001
45250,57.599999999999994
45500,29.599999999999998
45750,34.8
46000,46.800000000000004
46250,53.2
46500,56.8
46750,52.400000000000006
47000,47.599999999999994
47250,40.0
47500,49.6
47750,57.599999999999994
48000,51.6
48250,52.400000000000006
48500,27.6
48750,23.599999999999998
49000,38.4
49250,52.400000000000006
49500,56.39999999999999
49750,55.60000000000001
50000,43.2
50250,20.0
50500,26.8
50750,60.0
51000,56.39999999999999
51250,54.800000000000004
51500,59.599999999999994
51750,32.800000000000004
52000,50.0
52250,44.800000000000004
52500,52.800000000000004
52750,47.199999999999996
53000,33.2
53250,24.8
53500,20.4
53750,20.0
54000,23.200000000000003
54250,21.2
54500,30.8
54750,30.4
55000,30.0
55250,30.4
55500,31.6
55750,28.000000000000004
56000,21.6
56250,19.6
56500,22.400000000000002
56750,40.8
57000,28.799999999999997
57250,38.4
57500,30.8
57750,27.6
58000,16.8
58250,40.8
58500,39.6
58750,53.6
59000,46.800000000000004
59250,28.4
59500,12.4
59750,24.4
60000,34.0
60250,37.6
60500,44.4
60750,36.4
61000,35.6
61250,55.2
61500,70.39999999999999
61750,50.0
62000,72.8
62250,39.6
62500,55.2
62750,64.4
63000,22.0
63250,26.400000000000002
63500,70.39999999999999
63750,44.0
64000,40.0
64250,74.8
64500,84.8
64750,31.2
65000,47.599999999999994
65250,78.8
65500,36.8
65750,30.4
66000,18.0
66250,18.4
66500,6.4
66750,19.2
67000,30.8
67250,46.400000000000006
67500,56.8
67750,50.8
68000,62.4
68250,68.8
68500,64.8
68750,50.4
69000,62.8
69250,98.8
69500,54.800000000000004
69750,86.4
70000,71.2
70250,66.0
70500,94.8
70750,55.60000000000001
71000,80.4
71250,86.0
71500,48.0
71750,98.8
72000,60.8
72250,81.6
