250,9.2,0.0
500,44.4,0.0
750,57.199999999999996,0.0
1000,47.199999999999996,0.0
1250,44.4,0.0
1500,50.0,0.0
1750,49.6,0.0
2000,56.00000000000001,0.0
2250,57.199999999999996,0.0
2500,52.0,0.0
2750,57.99999999999999,0.0
3000,52.800000000000004,0.0
3250,85.2,0.0
3500,95.6,0.0
3750,97.6,0.0
4000,96.8,0.0
4250,91.60000000000001,0.0
4500,90.8,0.0
4750,92.80000000000001,0.0
5000,90.4,0.0
5250,84.0,0.0
5500,83.2,0.0
5750,46.0,0.0
6000,64.8,0.0
6250,93.2,0.0
6500,90.8,0.0
6750,84.39999999999999,0.0
7000,93.2,0.0
7250,92.0,0.0
7500,91.2,0.0
7750,92.0,0.0
8000,94.39999999999999,0.0
8250,91.2,0.0
8500,79.60000000000001,0.0
8750,61.199999999999996,0.0
9000,94.0,0.0
9250,72.0,0.0
9500,75.2,0.0
9750,100.0,0.0
10000,94.39999999999999,0.0
10250,93.60000000000001,0.0
10500,84.8,0.0
10750,84.39999999999999,0.0
11000,60.4,0.0
11250,88.0,0.0
11500,92.4,0.0
11750,91.60000000000001,0.0
12000,90.4,0.0
12250,83.6,0.0
12500,88.8,0.0
12750,88.0,0.0
13000,82.8,0.0
13250,59.599999999999994,0.0
13500,74.4,0.0
13750,56.8,0.0
14000,92.80000000000001,0.0
14250,91.60000000000001,0.0
14500,93.2,0.0
14750,92.0,0.0
15000,96.0,0.0
15250,85.2,0.0
15500,79.60000000000001,0.0
15750,88.8,0.0
16000,80.0,0.0
16250,74.4,0.0
16500,85.6,0.0
16750,91.60000000000001,0.0
17000,94.0,0.0
17250,95.19999999999999,0.0
17500,94.0,0.0
17750,93.60000000000001,0.0
18000,92.80000000000001,0.0
18250,94.39999999999999,0.0
18500,90.0,0.0
18750,68.8,0.0
19000,72.8,0.0
19250,76.4,0.0
19500,64.8,0.0
19750,39.2,0.0
20000,42.0,0.0
20250,66.4,0.0
20500,67.2,0.0
20750,88.8,0.0
21000,56.8,0.0
21250,72.0,0.0
21500,93.60000000000001,0.0
21750,74.4,0.0
22000,66.8,0.0
22250,60.0,0.0
22500,60.4,0.0
22750,96.8,0.0
23000,79.2,0.0
23250,61.6,0.0
23500,46.0,0.0
23750,20.4,0.0
24000,53.2,0.0
24250,68.0,0.0
24500,66.0,0.0
24750,65.2,0.0
25000,57.599999999999994,0.0
25250,59.599999999999994,0.0
25500,62.0,0.0
25750,59.599999999999994,0.0
26000,58.4,0.0
26250,42.4,0.0
26500,56.00000000000001,0.0
26750,65.2,0.0
27000,53.2,0.0
27250,32.0,0.0
27500,64.8,0.0
27750,82.8,0.0
28000,66.8,0.0
28250,62.4,0.0
28500,30.0,0.0
28750,30.0,0.0
29000,53.6,0.0
29250,90.4,0.0
29500,94.0,0.0
29750,52.400000000000006,0.0
30000,57.99999999999999,0.0
30250,83.6,0.0
30500,90.4,0.0
30750,68.0,0.0
31000,55.2,0.0
31250,56.00000000000001,0.0
31500,86.8,0.0
31750,80.0,0.0
32000,40.400000000000006,0.0
32250,32.800000000000004,0.0
32500,55.2,0.0
32750,67.2,0.0
33000,66.4,0.0
33250,44.4,0.0
33500,22.0,0.0
33750,66.0,0.0
34000,94.0,0.0
34250,91.2,0.0
34500,60.0,0.0
34750,46.0,0.0
35000,84.8,0.0
35250,70.39999999999999,0.0
35500,50.8,0.0
35750,26.0,0.0
36000,16.8,0.0
36250,23.200000000000003,0.0
36500,62.8,0.0
36750,51.6,0.0
37000,50.4,0.0
37250,49.2,0.0
37500,51.6,0.0
37750,60.8,0.0
38000,71.2,0.0
38250,92.80000000000001,0.0
38500,96.8,0.0
38750,93.60000000000001,0.0
39000,56.00000000000001,0.0
39250,73.2,0.0
39500,90.4,0.0
39750,85.6,0.0
40000,56.00000000000001,0.0
40250,100.0,0.0
40500,44.0,0.0
40750,64.4,0.0
41000,79.60000000000001,0.0
41250,44.0,0.0
41500,88.4,0.0
41750,55.2,0.0
42000,51.2,0.0
42250,18.0,0.0
42500,56.8,0.0
42750,70.8,0.0
43000,53.2,0.0
43250,66.8,0.0
43500,62.4,0.0
43750,33.6,0.0
44000,28.799999999999997,0.0
44250,33.2,0.0
44500,35.199999999999996,0.0
44750,34.0,0.0
45000,49.6,0.0
45250,38.800000000000004,0.0
45500,27.200000000000003,0.0
45750,30.8,0.0
46000,46.800000000000004,0.0
46250,41.199999999999996,0.0
46500,56.00000000000001,0.0
46750,52.0,0.0
47000,47.599999999999994,0.0
47250,38.0,0.0
47500,48.0,0.0
47750,57.199999999999996,0.0
48000,68.0,0.0
48250,73.2,0.0
48500,45.2,0.0
48750,56.8,0.0
49000,61.199999999999996,0.0
49250,62.0,0.0
49500,58.4,0.0
49750,57.599999999999994,0.0
50000,44.800000000000004,0.0
50250,20.0,0.0
50500,26.400000000000002,0.0
50750,60.0,0.0
51000,56.39999999999999,0.0
51250,54.400000000000006,0.0
51500,52.800000000000004,0.0
51750,34.0,0.0
52000,52.400000000000006,0.0
52250,54.0,0.0
52500,67.2,0.0
52750,61.6,0.0
53000,55.2,0.0
53250,49.2,0.0
53500,48.4,0.0
53750,44.4,0.0
54000,45.2,0.0
54250,23.599999999999998,0.0
54500,34.4,0.0
54750,32.0,0.0
55000,30.0,0.0
55250,30.8,0.0
55500,31.6,0.0
55750,28.000000000000004,0.0
56000,21.6,0.0
56250,19.2,0.0
56500,20.8,0.0
56750,48.8,0.0
57000,60.0,0.0
57250,67.2,0.0
57500,56.39999999999999,0.0
57750,26.8,0.0
58000,17.599999999999998,0.0
58250,50.0,0.0
58500,58.4,0.0
58750,74.8,0.0
59000,56.39999999999999,0.0
59250,61.199999999999996,0.0
59500,20.8,0.0
59750,24.4,0.0
60000,40.0,0.0
60250,36.4,0.0
60500,52.0,0.0
60750,36.4,0.0
61000,36.4,0.0
61250,55.2,0.0
61500,68.8,0.0
61750,49.2,0.0
62000,72.8,0.0
62250,39.6,0.0
62500,55.2,0.0
62750,64.4,0.0
63000,22.0,0.0
63250,21.2,0.0
63500,70.39999999999999,0.0
63750,44.4,0.0
64000,39.2,0.0
64250,70.0,0.0
64500,84.8,0.0
64750,27.200000000000003,0.0
65000,53.2,0.0
65250,87.2,0.0
65500,48.8,0.0
65750,35.6,0.0
66000,21.6,0.0
66250,24.4,0.0
66500,13.600000000000001,0.0
66750,34.0,0.0
67000,36.4,0.0
67250,46.800000000000004,0.0
67500,56.39999999999999,0.0
67750,50.4,0.0
68000,59.199999999999996,0.0
68250,93.60000000000001,0.0
68500,94.8,0.0
68750,78.4,0.0
69000,62.8,0.0
69250,98.8,0.0
69500,54.800000000000004,0.0
69750,86.4,0.0
70000,71.2,0.0
70250,64.8,0.0
70500,94.0,0.0
70750,55.60000000000001,0.0
71000,80.4,0.0
71250,86.0,0.0
71500,48.0,0.0
71750,98.8,0.0
72000,60.8,0.0
72250,81.2,0.0
