250,9.2,0.0
500,44.4,0.0
750,57.199999999999996,0.0
1000,47.199999999999996,0.0
1250,44.4,0.0
1500,50.0,0.0
1750,49.6,0.0
2000,56.00000000000001,0.0
2250,57.199999999999996,0.0
2500,52.0,0.0
2750,57.99999999999999,0.0
3000,52.800000000000004,0.0
3250,85.2,0.0
3500,96.39999999999999,0.0
3750,97.6,0.0
4000,97.2,0.0
4250,92.0,0.0
4500,93.2,0.0
4750,94.0,0.0
5000,93.60000000000001,0.0
5250,84.8,0.0
5500,94.0,0.0
5750,92.0,0.0
6000,91.60000000000001,0.0
6250,93.60000000000001,0.0
6500,92.80000000000001,0.0
6750,84.39999999999999,0.0
7000,94.39999999999999,0.0
7250,94.39999999999999,0.0
7500,93.60000000000001,0.0
7750,92.80000000000001,0.0
8000,95.6,0.0
8250,92.80000000000001,0.0
8500,91.2,0.0
8750,88.4,0.0
9000,96.0,0.0
9250,74.4,0.0
9500,90.0,0.0
9750,100.0,0.0
10000,94.8,0.0
10250,94.0,0.0
10500,93.60000000000001,0.0
10750,92.4,0.0
11000,91.2,0.0
11250,89.60000000000001,0.0
11500,93.60000000000001,0.0
11750,93.60000000000001,0.0
12000,90.8,0.0
12250,85.6,0.0
12500,94.39999999999999,0.0
12750,92.4,0.0
13000,90.4,0.0
13250,96.39999999999999,0.0
13500,80.4,0.0
13750,74.8,0.0
14000,96.0,0.0
14250,96.8,0.0
14500,95.6,0.0
14750,93.60000000000001,0.0
15000,96.39999999999999,0.0
15250,88.4,0.0
15500,88.8,0.0
15750,90.8,0.0
16000,99.2,0.0
16250,100.0,0.0
16500,100.0,0.0
16750,100.0,0.0
17000,100.0,0.0
17250,100.0,0.0
17500,100.0,0.0
17750,100.0,0.0
18000,100.0,0.0
18250,100.0,0.0
18500,100.0,0.0
18750,100.0,0.0
19000,100.0,0.0
19250,100.0,0.0
19500,100.0,0.0
19750,100.0,0.0
20000,100.0,0.0
20250,100.0,0.0
20500,100.0,0.0
20750,100.0,0.0
21000,100.0,0.0
21250,100.0,0.0
21500,100.0,0.0
21750,100.0,0.0
22000,100.0,0.0
22250,100.0,0.0
22500,95.6,0.0
22750,97.2,0.0
23000,98.0,0.0
23250,95.6,0.0
23500,71.6,0.0
23750,55.60000000000001,0.0
24000,95.19999999999999,0.0
24250,97.2,0.0
24500,93.2,0.0
24750,68.0,0.0
25000,63.2,0.0
25250,61.199999999999996,0.0
25500,63.6,0.0
25750,61.199999999999996,0.0
26000,60.8,0.0
26250,65.60000000000001,0.0
26500,63.6,0.0
26750,65.60000000000001,0.0
27000,63.2,0.0
27250,59.199999999999996,0.0
27500,65.60000000000001,0.0
27750,97.2,0.0
28000,93.60000000000001,0.0
28250,95.6,0.0
28500,93.2,0.0
28750,94.0,0.0
29000,97.2,0.0
29250,93.2,0.0
29500,95.6,0.0
29750,77.2,0.0
30000,98.0,0.0
30250,88.8,0.0
30500,94.0,0.0
30750,96.0,0.0
31000,97.2,0.0
31250,94.8,0.0
31500,87.2,0.0
31750,99.2,0.0
32000,84.0,0.0
32250,96.0,0.0
32500,95.6,0.0
32750,93.60000000000001,0.0
33000,91.2,0.0
33250,92.80000000000001,0.0
33500,94.39999999999999,0.0
33750,98.8,0.0
34000,96.0,0.0
34250,93.2,0.0
34500,92.4,0.0
34750,90.4,0.0
35000,95.6,0.0
35250,96.0,0.0
35500,84.8,0.0
35750,88.0,0.0
36000,48.4,0.0
36250,66.0,0.0
36500,66.0,0.0
36750,58.4,0.0
37000,52.400000000000006,0.0
37250,54.400000000000006,0.0
37500,54.400000000000006,0.0
37750,61.199999999999996,0.0
38000,71.6,0.0
38250,93.2,0.0
38500,97.2,0.0
38750,94.0,0.0
39000,90.8,0.0
39250,95.19999999999999,0.0
39500,90.4,0.0
39750,98.8,0.0
40000,98.8,0.0
40250,100.0,0.0
40500,100.0,0.0
40750,100.0,0.0
41000,100.0,0.0
41250,100.0,0.0
41500,100.0,0.0
41750,100.0,0.0
42000,88.4,0.0
42250,20.8,0.0
42500,85.6,0.0
42750,98.0,0.0
43000,98.8,0.0
43250,100.0,0.0
43500,100.0,0.0
43750,100.0,0.0
44000,100.0,0.0
44250,100.0,0.0
44500,100.0,0.0
44750,100.0,0.0
45000,100.0,0.0
45250,99.6,0.0
45500,100.0,0.0
45750,100.0,0.0
46000,99.6,0.0
46250,100.0,0.0
46500,100.0,0.0
46750,100.0,0.0
47000,100.0,0.0
47250,98.0,0.0
47500,93.2,0.0
47750,97.6,0.0
48000,98.4,0.0
48250,98.0,0.0
48500,99.6,0.0
48750,100.0,0.0
49000,100.0,0.0
49250,100.0,0.0
49500,100.0,0.0
49750,100.0,0.0
50000,98.8,0.0
50250,100.0,0.0
50500,100.0,0.0
50750,100.0,0.0
51000,82.8,0.0
51250,90.0,0.0
51500,85.6,0.0
51750,47.599999999999994,0.0
52000,58.8,0.0
52250,91.2,0.0
52500,97.2,0.0
52750,94.39999999999999,0.0
53000,81.6,0.0
53250,73.2,0.0
53500,71.6,0.0
53750,72.39999999999999,0.0
54000,71.6,0.0
54250,70.8,0.0
54500,67.2,0.0
54750,53.2,0.0
55000,53.6,0.0
55250,56.00000000000001,0.0
55500,57.199999999999996,0.0
55750,66.0,0.0
56000,72.8,0.0
56250,73.6,0.0
56500,65.60000000000001,0.0
56750,85.2,0.0
57000,76.8,0.0
57250,76.0,0.0
57500,80.4,0.0
57750,77.2,0.0
58000,74.4,0.0
58250,87.6,0.0
58500,91.2,0.0
58750,98.4,0.0
59000,97.2,0.0
59250,96.39999999999999,0.0
59500,86.0,0.0
59750,90.0,0.0
60000,98.4,0.0
60250,91.60000000000001,0.0
60500,96.8,0.0
60750,82.39999999999999,0.0
61000,84.39999999999999,0.0
61250,75.2,0.0
61500,70.39999999999999,0.0
61750,50.0,0.0
62000,69.19999999999999,0.0
62250,72.8,0.0
62500,78.4,0.0
62750,94.8,0.0
63000,99.2,0.0
63250,45.2,0.0
63500,73.2,0.0
63750,73.2,0.0
64000,71.2,0.0
64250,71.6,0.0
64500,84.8,0.0
64750,28.799999999999997,0.0
65000,63.6,0.0
65250,98.0,0.0
65500,66.0,0.0
65750,64.0,0.0
66000,55.60000000000001,0.0
66250,56.39999999999999,0.0
66500,48.0,0.0
66750,54.800000000000004,0.0
67000,38.0,0.0
67250,46.400000000000006,0.0
67500,56.39999999999999,0.0
67750,51.6,0.0
68000,62.4,0.0
68250,93.60000000000001,0.0
68500,94.8,0.0
68750,99.2,0.0
69000,98.0,0.0
69250,98.8,0.0
69500,98.8,0.0
69750,98.8,0.0
70000,97.2,0.0
70250,89.60000000000001,0.0
70500,94.0,0.0
70750,94.8,0.0
71000,95.19999999999999,0.0
71250,95.19999999999999,0.0
71500,94.8,0.0
71750,98.8,0.0
72000,88.0,0.0
72250,81.2,0.0
