250,9.2,0.0
500,38.800000000000004,0.0
750,54.400000000000006,0.0
1000,46.0,0.0
1250,42.4,0.0
1500,46.400000000000006,0.0
1750,47.199999999999996,0.0
2000,49.2,0.0
2250,56.8,0.0
2500,51.6,0.0
2750,57.199999999999996,0.0
3000,50.4,0.0
3250,53.6,0.0
3500,61.6,0.0
3750,54.0,0.0
4000,55.2,0.0
4250,40.8,0.0
4500,42.8,0.0
4750,45.6,0.0
5000,38.4,0.0
5250,28.000000000000004,0.0
5500,43.2,0.0
5750,45.6,0.0
6000,38.4,0.0
6250,58.4,0.0
6500,44.4,0.0
6750,50.8,0.0
7000,42.4,0.0
7250,44.800000000000004,0.0
7500,40.400000000000006,0.0
7750,44.0,0.0
8000,48.0,0.0
8250,42.0,0.0
8500,36.8,0.0
8750,29.2,0.0
9000,57.599999999999994,0.0
9250,25.6,0.0
9500,22.400000000000002,0.0
9750,0.0,0.0
10000,8.799999999999999,0.0
10250,33.2,0.0
10500,44.800000000000004,0.0
10750,45.2,0.0
11000,33.2,0.0
11250,8.799999999999999,0.0
11500,15.2,0.0
11750,45.6,0.0
12000,36.8,0.0
12250,33.6,0.0
12500,38.4,0.0
12750,32.800000000000004,0.0
13000,69.19999999999999,0.0
13250,23.599999999999998,0.0
13500,71.6,0.0
13750,49.6,0.0
14000,92.80000000000001,0.0
14250,88.4,0.0
14500,93.60000000000001,0.0
14750,92.4,0.0
15000,96.0,0.0
15250,86.8,0.0
15500,88.8,0.0
15750,90.8,0.0
16000,78.8,0.0
16250,56.39999999999999,0.0
16500,11.200000000000001,0.0
16750,19.2,0.0
17000,12.8,0.0
17250,17.599999999999998,0.0
17500,36.4,0.0
17750,29.599999999999998,0.0
18000,34.8,0.0
18250,36.0,0.0
18500,25.2,0.0
18750,37.6,0.0
19000,32.800000000000004,0.0
19250,46.0,0.0
19500,26.0,0.0
19750,37.6,0.0
20000,36.8,0.0
20250,38.4,0.0
20500,34.0,0.0
20750,36.8,0.0
21000,19.2,0.0
21250,28.4,0.0
21500,35.199999999999996,0.0
21750,47.599999999999994,0.0
22000,35.6,0.0
22250,24.0,0.0
22500,26.8,0.0
22750,36.0,0.0
23000,29.599999999999998,0.0
23250,28.4,0.0
23500,25.2,0.0
23750,18.8,0.0
24000,31.6,0.0
24250,34.4,0.0
24500,22.400000000000002,0.0
24750,22.8,0.0
25000,19.2,0.0
25250,21.6,0.0
25500,22.8,0.0
25750,33.6,0.0
26000,24.4,0.0
26250,30.0,0.0
26500,27.6,0.0
26750,34.4,0.0
27000,22.0,0.0
27250,23.200000000000003,0.0
27500,30.4,0.0
27750,38.0,0.0
28000,40.0,0.0
28250,27.6,0.0
28500,21.2,0.0
28750,24.8,0.0
29000,30.0,0.0
29250,34.8,0.0
29500,29.2,0.0
29750,13.600000000000001,0.0
30000,10.0,0.0
30250,19.2,0.0
30500,28.000000000000004,0.0
30750,26.0,0.0
31000,25.6,0.0
31250,28.4,0.0
31500,28.799999999999997,0.0
31750,34.0,0.0
32000,10.0,0.0
32250,20.8,0.0
32500,42.4,0.0
32750,27.6,0.0
33000,40.8,0.0
33250,21.6,0.0
33500,17.2,0.0
33750,30.0,0.0
34000,33.2,0.0
34250,25.6,0.0
34500,20.4,0.0
34750,23.599999999999998,0.0
35000,34.4,0.0
35250,35.6,0.0
35500,18.0,0.0
35750,6.0,0.0
36000,15.2,0.0
36250,2.8000000000000003,0.0
36500,26.400000000000002,0.0
36750,43.6,0.0
37000,48.4,0.0
37250,48.0,0.0
37500,45.6,0.0
37750,60.4,0.0
38000,67.60000000000001,0.0
38250,80.80000000000001,0.0
38500,60.4,0.0
38750,62.8,0.0
39000,35.199999999999996,0.0
39250,65.2,0.0
39500,50.8,0.0
39750,46.800000000000004,0.0
40000,52.400000000000006,0.0
40250,28.000000000000004,0.0
40500,16.0,0.0
40750,17.599999999999998,0.0
41000,31.6,0.0
41250,19.2,0.0
41500,20.8,0.0
41750,12.0,0.0
42000,45.6,0.0
42250,12.8,0.0
42500,32.4,0.0
42750,32.4,0.0
43000,13.200000000000001,0.0
43250,12.0,0.0
43500,12.0,0.0
43750,21.6,0.0
44000,13.200000000000001,0.0
44250,29.2,0.0
44500,17.599999999999998,0.0
44750,16.8,0.0
45000,30.8,0.0
45250,22.8,0.0
45500,14.799999999999999,0.0
45750,25.2,0.0
46000,38.4,0.0
46250,24.8,0.0
46500,31.2,0.0
46750,20.8,0.0
47000,32.0,0.0
47250,34.4,0.0
47500,39.2,0.0
47750,19.6,0.0
48000,26.400000000000002,0.0
48250,20.4,0.0
48500,16.8,0.0
48750,20.0,0.0
49000,23.599999999999998,0.0
49250,28.000000000000004,0.0
49500,30.8,0.0
49750,32.4,0.0
50000,24.0,0.0
50250,13.600000000000001,0.0
50500,18.8,0.0
50750,37.6,0.0
51000,32.800000000000004,0.0
51250,30.4,0.0
51500,26.400000000000002,0.0
51750,22.0,0.0
52000,39.2,0.0
52250,16.0,0.0
52500,21.2,0.0
52750,11.200000000000001,0.0
53000,12.0,0.0
53250,13.200000000000001,0.0
53500,14.799999999999999,0.0
53750,12.0,0.0
54000,16.0,0.0
54250,12.4,0.0
54500,24.0,0.0
54750,24.0,0.0
55000,27.200000000000003,0.0
55250,23.200000000000003,0.0
55500,31.6,0.0
55750,28.000000000000004,0.0
56000,21.6,0.0
56250,18.0,0.0
56500,20.0,0.0
56750,38.800000000000004,0.0
57000,27.200000000000003,0.0
57250,32.4,0.0
57500,22.400000000000002,0.0
57750,18.8,0.0
58000,10.8,0.0
58250,30.4,0.0
58500,5.6000000000000005,0.0
58750,27.200000000000003,0.0
59000,15.6,0.0
59250,18.8,0.0
59500,11.200000000000001,0.0
59750,23.200000000000003,0.0
60000,6.0,0.0
60250,12.4,0.0
60500,11.600000000000001,0.0
60750,20.0,0.0
61000,21.6,0.0
61250,43.6,0.0
61500,36.8,0.0
61750,28.000000000000004,0.0
62000,20.0,0.0
62250,35.199999999999996,0.0
62500,43.2,0.0
62750,31.6,0.0
63000,8.4,0.0
63250,6.0,0.0
63500,33.6,0.0
63750,36.8,0.0
64000,34.8,0.0
64250,28.799999999999997,0.0
64500,32.0,0.0
64750,17.2,0.0
65000,32.0,0.0
65250,13.600000000000001,0.0
65500,13.200000000000001,0.0
65750,18.0,0.0
66000,7.6,0.0
66250,14.399999999999999,0.0
66500,4.0,0.0
66750,12.0,0.0
67000,22.8,0.0
67250,34.0,0.0
67500,46.800000000000004,0.0
67750,40.8,0.0
68000,51.6,0.0
68250,63.6,0.0
68500,58.4,0.0
68750,38.4,0.0
69000,46.0,0.0
69250,17.599999999999998,0.0
69500,34.0,0.0
69750,20.4,0.0
70000,23.599999999999998,0.0
70250,38.4,0.0
70500,16.400000000000002,0.0
70750,25.2,0.0
71000,38.4,0.0
71250,15.6,0.0
71500,26.0,0.0
71750,17.599999999999998,0.0
72000,34.8,0.0
72250,26.0,0.0
