250,9.2,0.0
500,44.4,0.0
750,57.199999999999996,0.0
1000,47.199999999999996,0.0
1250,44.4,0.0
1500,48.4,0.0
1750,49.6,0.0
2000,54.400000000000006,0.0
2250,57.199999999999996,0.0
2500,52.0,0.0
2750,57.99999999999999,0.0
3000,52.0,0.0
3250,78.8,0.0
3500,94.8,0.0
3750,97.6,0.0
4000,96.8,0.0
4250,89.60000000000001,0.0
4500,70.39999999999999,0.0
4750,46.400000000000006,0.0
5000,38.4,0.0
5250,28.000000000000004,0.0
5500,43.2,0.0
5750,46.0,0.0
6000,55.60000000000001,0.0
6250,93.2,0.0
6500,88.8,0.0
6750,84.39999999999999,0.0
7000,92.4,0.0
7250,84.8,0.0
7500,60.8,0.0
7750,44.4,0.0
8000,52.800000000000004,0.0
8250,44.800000000000004,0.0
8500,36.0,0.0
8750,36.4,0.0
9000,94.8,0.0
9250,72.0,0.0
9500,81.2,0.0
9750,84.0,0.0
10000,13.200000000000001,0.0
10250,39.6,0.0
10500,46.400000000000006,0.0
10750,47.599999999999994,0.0
11000,37.6,0.0
11250,10.8,0.0
11500,85.6,0.0
11750,91.2,0.0
12000,72.0,0.0
12250,50.8,0.0
12500,41.199999999999996,0.0
12750,76.8,0.0
13000,83.6,0.0
13250,26.8,0.0
13500,73.6,0.0
13750,58.8,0.0
14000,94.39999999999999,0.0
14250,94.8,0.0
14500,94.8,0.0
14750,93.60000000000001,0.0
15000,96.39999999999999,0.0
15250,88.0,0.0
15500,88.8,0.0
15750,90.8,0.0
16000,80.4,0.0
16250,57.199999999999996,0.0
16500,31.6,0.0
16750,94.8,0.0
17000,54.800000000000004,0.0
17250,42.4,0.0
17500,59.599999999999994,0.0
17750,35.6,0.0
18000,55.60000000000001,0.0
18250,44.800000000000004,0.0
18500,30.8,0.0
18750,44.0,0.0
19000,41.6,0.0
19250,62.8,0.0
19500,46.400000000000006,0.0
19750,39.2,0.0
20000,41.199999999999996,0.0
20250,46.0,0.0
20500,50.4,0.0
20750,50.8,0.0
21000,28.799999999999997,0.0
21250,42.8,0.0
21500,65.60000000000001,0.0
21750,69.6,0.0
22000,66.0,0.0
22250,32.4,0.0
22500,33.6,0.0
22750,58.8,0.0
23000,50.4,0.0
23250,60.8,0.0
23500,46.0,0.0
23750,20.4,0.0
24000,52.400000000000006,0.0
24250,64.4,0.0
24500,61.6,0.0
24750,43.2,0.0
25000,31.2,0.0
25250,29.2,0.0
25500,31.2,0.0
25750,41.6,0.0
26000,27.6,0.0
26250,33.2,0.0
26500,29.2,0.0
26750,34.4,0.0
27000,22.400000000000002,0.0
27250,24.4,0.0
27500,33.2,0.0
27750,62.8,0.0
28000,64.8,0.0
28250,61.6,0.0
28500,30.0,0.0
28750,33.6,0.0
29000,45.6,0.0
29250,60.8,0.0
29500,63.6,0.0
29750,22.8,0.0
30000,20.0,0.0
30250,45.2,0.0
30500,59.599999999999994,0.0
30750,58.8,0.0
31000,36.8,0.0
31250,43.6,0.0
31500,56.00000000000001,0.0
31750,61.6,0.0
32000,39.2,0.0
32250,25.2,0.0
32500,55.2,0.0
32750,62.4,0.0
33000,66.0,0.0
33250,44.0,0.0
33500,22.0,0.0
33750,56.39999999999999,0.0
34000,62.4,0.0
34250,57.199999999999996,0.0
34500,30.0,0.0
34750,24.8,0.0
35000,61.199999999999996,0.0
35250,64.0,0.0
35500,44.800000000000004,0.0
35750,14.399999999999999,0.0
36000,15.6,0.0
36250,11.200000000000001,0.0
36500,32.800000000000004,0.0
36750,49.2,0.0
37000,48.8,0.0
37250,49.2,0.0
37500,51.6,0.0
37750,60.8,0.0
38000,70.8,0.0
38250,92.80000000000001,0.0
38500,96.8,0.0
38750,93.60000000000001,0.0
39000,56.00000000000001,0.0
39250,73.2,0.0
39500,90.4,0.0
39750,85.6,0.0
40000,56.00000000000001,0.0
40250,100.0,0.0
40500,44.0,0.0
40750,64.4,0.0
41000,79.60000000000001,0.0
41250,44.0,0.0
41500,88.4,0.0
41750,55.2,0.0
42000,51.2,0.0
42250,16.8,0.0
42500,56.8,0.0
42750,70.39999999999999,0.0
43000,53.2,0.0
43250,63.2,0.0
43500,27.6,0.0
43750,28.4,0.0
44000,19.2,0.0
44250,29.599999999999998,0.0
44500,20.4,0.0
44750,28.000000000000004,0.0
45000,45.2,0.0
45250,29.599999999999998,0.0
45500,23.200000000000003,0.0
45750,30.8,0.0
46000,46.800000000000004,0.0
46250,40.8,0.0
46500,54.400000000000006,0.0
46750,36.0,0.0
47000,42.0,0.0
47250,38.0,0.0
47500,47.599999999999994,0.0
47750,52.800000000000004,0.0
48000,43.2,0.0
48250,51.6,0.0
48500,26.400000000000002,0.0
48750,21.2,0.0
49000,35.199999999999996,0.0
49250,48.0,0.0
49500,54.0,0.0
49750,46.0,0.0
50000,41.199999999999996,0.0
50250,16.8,0.0
50500,26.0,0.0
50750,59.599999999999994,0.0
51000,52.400000000000006,0.0
51250,45.6,0.0
51500,52.400000000000006,0.0
51750,32.4,0.0
52000,52.0,0.0
52250,43.6,0.0
52500,51.2,0.0
52750,47.199999999999996,0.0
53000,32.800000000000004,0.0
53250,24.0,0.0
53500,19.6,0.0
53750,19.6,0.0
54000,22.8,0.0
54250,19.2,0.0
54500,30.8,0.0
54750,30.0,0.0
55000,30.0,0.0
55250,30.0,0.0
55500,31.6,0.0
55750,28.000000000000004,0.0
56000,21.6,0.0
56250,18.8,0.0
56500,20.8,0.0
56750,53.6,0.0
57000,48.8,0.0
57250,57.599999999999994,0.0
57500,54.800000000000004,0.0
57750,26.8,0.0
58000,16.8,0.0
58250,41.6,0.0
58500,36.8,0.0
58750,45.2,0.0
59000,36.8,0.0
59250,27.200000000000003,0.0
59500,12.4,0.0
59750,24.4,0.0
60000,32.800000000000004,0.0
60250,33.6,0.0
60500,44.4,0.0
60750,34.4,0.0
61000,34.8,0.0
61250,54.400000000000006,0.0
61500,66.0,0.0
61750,48.4,0.0
62000,72.8,0.0
62250,40.8,0.0
62500,56.00000000000001,0.0
62750,64.4,0.0
63000,22.0,0.0
63250,21.2,0.0
63500,70.39999999999999,0.0
63750,43.2,0.0
64000,38.800000000000004,0.0
64250,69.6,0.0
64500,81.2,0.0
64750,26.0,0.0
65000,40.0,0.0
65250,78.8,0.0
65500,36.8,0.0
65750,29.599999999999998,0.0
66000,17.599999999999998,0.0
66250,18.0,0.0
66500,6.0,0.0
66750,18.4,0.0
67000,27.200000000000003,0.0
67250,45.6,0.0
67500,56.00000000000001,0.0
67750,49.6,0.0
68000,58.8,0.0
68250,90.4,0.0
68500,94.39999999999999,0.0
68750,78.0,0.0
69000,62.8,0.0
69250,98.8,0.0
69500,54.800000000000004,0.0
69750,86.4,0.0
70000,71.2,0.0
70250,63.6,0.0
70500,94.0,0.0
70750,55.60000000000001,0.0
71000,80.4,0.0
71250,86.0,0.0
71500,48.0,0.0
71750,98.8,0.0
72000,60.8,0.0
72250,80.4,0.0
