250,9.2,0.0
500,44.4,0.0
750,57.199999999999996,0.0
1000,47.199999999999996,0.0
1250,44.4,0.0
1500,48.4,0.0
1750,48.0,0.0
2000,50.4,0.0
2250,57.199999999999996,0.0
2500,52.0,0.0
2750,57.199999999999996,0.0
3000,52.0,0.0
3250,72.39999999999999,0.0
3500,94.39999999999999,0.0
3750,97.6,0.0
4000,96.8,0.0
4250,52.800000000000004,0.0
4500,42.8,0.0
4750,45.6,0.0
5000,39.6,0.0
5250,28.000000000000004,0.0
5500,43.2,0.0
5750,46.0,0.0
6000,49.2,0.0
6250,92.80000000000001,0.0
6500,88.8,0.0
6750,83.6,0.0
7000,80.4,0.0
7250,46.800000000000004,0.0
7500,41.6,0.0
7750,44.0,0.0
8000,48.8,0.0
8250,44.800000000000004,0.0
8500,34.8,0.0
8750,29.599999999999998,0.0
9000,94.39999999999999,0.0
9250,68.0,0.0
9500,80.0,0.0
9750,13.600000000000001,0.0
10000,11.600000000000001,0.0
10250,36.4,0.0
10500,44.4,0.0
10750,47.199999999999996,0.0
11000,40.400000000000006,0.0
11250,84.8,0.0
11500,89.60000000000001,0.0
11750,77.2,0.0
12000,38.800000000000004,0.0
12250,36.8,0.0
12500,39.2,0.0
12750,32.4,0.0
13000,32.4,0.0
13250,24.4,0.0
13500,72.39999999999999,0.0
13750,53.6,0.0
14000,89.2,0.0
14250,87.2,0.0
14500,91.2,0.0
14750,92.80000000000001,0.0
15000,96.0,0.0
15250,86.8,0.0
15500,87.6,0.0
15750,90.8,0.0
16000,78.0,0.0
16250,49.6,0.0
16500,75.6,0.0
16750,83.2,0.0
17000,82.8,0.0
17250,41.199999999999996,0.0
17500,44.0,0.0
17750,53.6,0.0
18000,56.8,0.0
18250,56.39999999999999,0.0
18500,32.0,0.0
18750,43.6,0.0
19000,66.0,0.0
19250,70.0,0.0
19500,66.0,0.0
19750,39.2,0.0
20000,42.0,0.0
20250,68.8,0.0
20500,66.4,0.0
20750,72.8,0.0
21000,57.599999999999994,0.0
21250,62.8,0.0
21500,88.8,0.0
21750,74.4,0.0
22000,66.8,0.0
22250,34.4,0.0
22500,31.6,0.0
22750,61.199999999999996,0.0
23000,53.2,0.0
23250,58.8,0.0
23500,34.8,0.0
23750,21.2,0.0
24000,52.800000000000004,0.0
24250,62.4,0.0
24500,61.6,0.0
24750,40.0,0.0
25000,54.800000000000004,0.0
25250,51.2,0.0
25500,58.4,0.0
25750,41.6,0.0
26000,28.000000000000004,0.0
26250,33.2,0.0
26500,29.2,0.0
26750,34.4,0.0
27000,23.200000000000003,0.0
27250,24.4,0.0
27500,34.0,0.0
27750,62.4,0.0
28000,64.8,0.0
28250,60.8,0.0
28500,30.0,0.0
28750,26.8,0.0
29000,67.60000000000001,0.0
29250,82.0,0.0
29500,92.4,0.0
29750,32.0,0.0
30000,19.2,0.0
30250,50.8,0.0
30500,57.199999999999996,0.0
30750,56.8,0.0
31000,36.0,0.0
31250,43.2,0.0
31500,57.199999999999996,0.0
31750,62.0,0.0
32000,38.800000000000004,0.0
32250,26.400000000000002,0.0
32500,54.400000000000006,0.0
32750,62.0,0.0
33000,62.8,0.0
33250,66.8,0.0
33500,51.6,0.0
33750,80.0,0.0
34000,70.0,0.0
34250,58.8,0.0
34500,29.2,0.0
34750,24.8,0.0
35000,62.0,0.0
35250,64.4,0.0
35500,44.4,0.0
35750,9.6,0.0
36000,14.399999999999999,0.0
36250,13.600000000000001,0.0
36500,30.8,0.0
36750,45.6,0.0
37000,49.6,0.0
37250,48.8,0.0
37500,50.0,0.0
37750,59.599999999999994,0.0
38000,70.8,0.0
38250,92.80000000000001,0.0
38500,96.8,0.0
38750,93.60000000000001,0.0
39000,54.800000000000004,0.0
39250,73.2,0.0
39500,90.4,0.0
39750,85.6,0.0
40000,56.00000000000001,0.0
40250,100.0,0.0
40500,44.0,0.0
40750,64.4,0.0
41000,79.60000000000001,0.0
41250,44.0,0.0
41500,88.4,0.0
41750,55.2,0.0
42000,51.2,0.0
42250,16.8,0.0
42500,52.800000000000004,0.0
42750,58.4,0.0
43000,46.800000000000004,0.0
43250,82.39999999999999,0.0
43500,51.2,0.0
43750,33.6,0.0
44000,31.2,0.0
44250,31.6,0.0
44500,36.0,0.0
44750,36.0,0.0
45000,52.400000000000006,0.0
45250,32.0,0.0
45500,24.4,0.0
45750,28.4,0.0
46000,45.2,0.0
46250,41.6,0.0
46500,55.2,0.0
46750,37.6,0.0
47000,47.199999999999996,0.0
47250,36.8,0.0
47500,48.4,0.0
47750,61.6,0.0
48000,67.2,0.0
48250,68.8,0.0
48500,47.199999999999996,0.0
48750,34.0,0.0
49000,39.6,0.0
49250,55.2,0.0
49500,57.99999999999999,0.0
49750,56.00000000000001,0.0
50000,44.0,0.0
50250,26.0,0.0
50500,25.6,0.0
50750,57.599999999999994,0.0
51000,56.00000000000001,0.0
51250,53.2,0.0
51500,52.800000000000004,0.0
51750,30.4,0.0
52000,47.599999999999994,0.0
52250,47.599999999999994,0.0
52500,52.800000000000004,0.0
52750,63.2,0.0
53000,39.6,0.0
53250,26.400000000000002,0.0
53500,22.8,0.0
53750,20.8,0.0
54000,23.200000000000003,0.0
54250,21.6,0.0
54500,34.8,0.0
54750,27.6,0.0
55000,42.4,0.0
55250,32.800000000000004,0.0
55500,33.2,0.0
55750,27.200000000000003,0.0
56000,24.0,0.0
56250,22.0,0.0
56500,21.6,0.0
56750,55.2,0.0
57000,55.60000000000001,0.0
57250,53.6,0.0
57500,54.800000000000004,0.0
57750,28.799999999999997,0.0
58000,17.2,0.0
58250,40.8,0.0
58500,52.0,0.0
58750,62.0,0.0
59000,67.60000000000001,0.0
59250,36.4,0.0
59500,12.0,0.0
59750,37.6,0.0
60000,42.0,0.0
60250,37.2,0.0
60500,44.4,0.0
60750,33.6,0.0
61000,32.0,0.0
61250,53.6,0.0
61500,68.8,0.0
61750,49.6,0.0
62000,66.0,0.0
62250,23.200000000000003,0.0
62500,49.6,0.0
62750,64.0,0.0
63000,19.6,0.0
63250,21.2,0.0
63500,70.39999999999999,0.0
63750,44.800000000000004,0.0
64000,40.0,0.0
64250,69.19999999999999,0.0
64500,84.39999999999999,0.0
64750,26.0,0.0
65000,39.2,0.0
65250,79.60000000000001,0.0
65500,37.6,0.0
65750,39.2,0.0
66000,32.0,0.0
66250,18.4,0.0
66500,6.800000000000001,0.0
66750,17.2,0.0
67000,33.6,0.0
67250,42.4,0.0
67500,54.400000000000006,0.0
67750,48.8,0.0
68000,52.800000000000004,0.0
68250,92.80000000000001,0.0
68500,93.60000000000001,0.0
68750,78.4,0.0
69000,62.8,0.0
69250,98.8,0.0
69500,55.2,0.0
69750,86.4,0.0
70000,70.8,0.0
70250,64.0,0.0
70500,94.0,0.0
70750,53.2,0.0
71000,80.4,0.0
71250,86.0,0.0
71500,48.0,0.0
71750,98.8,0.0
72000,60.8,0.0
72250,81.2,0.0
