200,67.92431984532523,32.07568015467477
400,60.91561938958707,39.08438061041293
600,51.75666344427565,48.24333655572435
800,49.41306449385444,50.58693550614556
1000,43.37522441651706,56.62477558348294
1200,41.396215992266264,58.603784007733736
1400,38.0306587487916,61.9693412512084
1600,34.543571329926806,65.4564286700732
1800,31.892003866869217,68.10799613313078
2000,28.71702803480182,71.28297196519817
2200,27.757215854163793,72.24278414583621
2400,25.67463057588731,74.32536942411268
2600,22.998204667863558,77.00179533213645
2800,21.510841044054686,78.48915895594531
3000,17.384339179671315,82.61566082032869
3200,16.8443585140174,83.1556414859826
3400,15.807208949040188,84.19279105095981
3600,15.31142107443723,84.68857892556277
3800,14.663720480596604,85.3362795194034
4000,14.190029001519127,85.80997099848088
