200,61.821571606131755,38.17842839386825
400,52.69576025410855,47.30423974589145
600,47.809694793536806,52.190305206463194
800,44.399944759011184,55.60005524098881
1000,40.53031349261152,59.46968650738849
1200,36.84021543985637,63.15978456014363
1400,33.242646043364175,66.75735395663582
1600,30.252727523822674,69.74727247617733
1800,27.95746443861345,72.04253556138654
2000,26.249136859549786,73.75086314045022
2200,24.344703770197487,75.65529622980252
2400,22.092252451318878,77.90774754868112
2600,20.02209639552548,79.97790360447452
2800,18.27786217373291,81.7221378262671
3000,17.17718547161994,82.82281452838006
3200,16.380334207982322,83.61966579201767
3400,15.495097362242785,84.50490263775721
3600,14.91644800441928,85.08355199558072
3800,14.24665101505317,85.75334898494683
4000,13.59342632233117,86.40657367766883
