250,9.2,0.0
500,44.4,0.0
750,57.199999999999996,0.0
1000,47.199999999999996,0.0
1250,44.4,0.0
1500,50.0,0.0
1750,49.6,0.0
2000,56.00000000000001,0.0
2250,57.199999999999996,0.0
2500,52.0,0.0
2750,57.99999999999999,0.0
3000,52.800000000000004,0.0
3250,85.2,0.0
3500,96.39999999999999,0.0
3750,97.6,0.0
4000,97.2,0.0
4250,92.0,0.0
4500,93.2,0.0
4750,94.0,0.0
5000,93.60000000000001,0.0
5250,84.8,0.0
5500,94.0,0.0
5750,92.0,0.0
6000,91.60000000000001,0.0
6250,93.60000000000001,0.0
6500,92.80000000000001,0.0
6750,84.39999999999999,0.0
7000,94.39999999999999,0.0
7250,94.39999999999999,0.0
7500,93.60000000000001,0.0
7750,92.80000000000001,0.0
8000,95.6,0.0
8250,92.80000000000001,0.0
8500,91.2,0.0
8750,88.4,0.0
9000,96.0,0.0
9250,74.4,0.0
9500,90.0,0.0
9750,100.0,0.0
10000,94.8,0.0
10250,94.0,0.0
10500,93.60000000000001,0.0
10750,92.4,0.0
11000,91.2,0.0
11250,89.60000000000001,0.0
11500,93.60000000000001,0.0
11750,93.60000000000001,0.0
12000,90.8,0.0
12250,85.6,0.0
12500,94.39999999999999,0.0
12750,92.4,0.0
13000,90.4,0.0
13250,96.39999999999999,0.0
13500,80.4,0.0
13750,74.8,0.0
14000,96.0,0.0
14250,96.8,0.0
14500,95.6,0.0
14750,93.60000000000001,0.0
15000,96.39999999999999,0.0
15250,88.4,0.0
15500,88.8,0.0
15750,90.8,0.0
16000,99.2,0.0
16250,100.0,0.0
16500,100.0,0.0
16750,100.0,0.0
17000,100.0,0.0
17250,100.0,0.0
17500,100.0,0.0
17750,100.0,0.0
18000,100.0,0.0
18250,100.0,0.0
18500,100.0,0.0
18750,100.0,0.0
19000,100.0,0.0
19250,100.0,0.0
19500,100.0,0.0
19750,100.0,0.0
20000,100.0,0.0
20250,100.0,0.0
20500,100.0,0.0
20750,100.0,0.0
21000,100.0,0.0
21250,100.0,0.0
21500,100.0,0.0
21750,100.0,0.0
22000,100.0,0.0
22250,100.0,0.0
22500,82.8,0.0
22750,97.2,0.0
23000,98.0,0.0
23250,95.6,0.0
23500,68.8,0.0
23750,55.60000000000001,0.0
24000,94.39999999999999,0.0
24250,91.60000000000001,0.0
24500,93.2,0.0
24750,68.0,0.0
25000,61.6,0.0
25250,60.8,0.0
25500,61.6,0.0
25750,59.199999999999996,0.0
26000,60.8,0.0
26250,64.4,0.0
26500,63.6,0.0
26750,65.60000000000001,0.0
27000,63.2,0.0
27250,58.8,0.0
27500,64.8,0.0
27750,96.39999999999999,0.0
28000,93.2,0.0
28250,95.6,0.0
28500,91.60000000000001,0.0
28750,93.60000000000001,0.0
29000,97.2,0.0
29250,93.2,0.0
29500,95.6,0.0
29750,77.2,0.0
30000,97.2,0.0
30250,88.8,0.0
30500,92.80000000000001,0.0
30750,95.6,0.0
31000,97.2,0.0
31250,94.8,0.0
31500,86.4,0.0
31750,99.2,0.0
32000,83.6,0.0
32250,95.6,0.0
32500,95.6,0.0
32750,93.60000000000001,0.0
33000,91.2,0.0
33250,92.0,0.0
33500,90.8,0.0
33750,98.4,0.0
34000,94.0,0.0
34250,93.2,0.0
34500,65.2,0.0
34750,60.0,0.0
35000,95.19999999999999,0.0
35250,95.19999999999999,0.0
35500,79.60000000000001,0.0
35750,54.400000000000006,0.0
36000,48.4,0.0
36250,64.0,0.0
36500,65.60000000000001,0.0
36750,58.4,0.0
37000,52.400000000000006,0.0
37250,52.0,0.0
37500,53.2,0.0
37750,60.0,0.0
38000,71.2,0.0
38250,93.2,0.0
38500,97.2,0.0
38750,93.2,0.0
39000,89.60000000000001,0.0
39250,95.19999999999999,0.0
39500,90.4,0.0
39750,98.8,0.0
40000,98.8,0.0
40250,100.0,0.0
40500,100.0,0.0
40750,100.0,0.0
41000,100.0,0.0
41250,100.0,0.0
41500,88.4,0.0
41750,70.8,0.0
42000,51.2,0.0
42250,17.599999999999998,0.0
42500,56.8,0.0
42750,70.8,0.0
43000,51.6,0.0
43250,50.0,0.0
43500,62.8,0.0
43750,88.8,0.0
44000,94.8,0.0
44250,96.0,0.0
44500,89.2,0.0
44750,71.6,0.0
45000,92.80000000000001,0.0
45250,82.0,0.0
45500,97.2,0.0
45750,95.6,0.0
46000,98.0,0.0
46250,89.60000000000001,0.0
46500,83.2,0.0
46750,93.2,0.0
47000,78.4,0.0
47250,56.00000000000001,0.0
47500,73.2,0.0
47750,60.0,0.0
48000,44.800000000000004,0.0
48250,42.4,0.0
48500,36.0,0.0
48750,48.0,0.0
49000,77.60000000000001,0.0
49250,85.6,0.0
49500,81.2,0.0
49750,88.0,0.0
50000,90.8,0.0
50250,66.8,0.0
50500,51.2,0.0
50750,82.39999999999999,0.0
51000,82.39999999999999,0.0
51250,86.8,0.0
51500,84.39999999999999,0.0
51750,34.4,0.0
52000,52.0,0.0
52250,54.400000000000006,0.0
52500,64.4,0.0
52750,47.599999999999994,0.0
53000,34.0,0.0
53250,38.0,0.0
53500,56.00000000000001,0.0
53750,52.800000000000004,0.0
54000,58.8,0.0
54250,64.8,0.0
54500,66.0,0.0
54750,56.00000000000001,0.0
55000,53.6,0.0
55250,55.60000000000001,0.0
55500,56.8,0.0
55750,51.6,0.0
56000,47.199999999999996,0.0
56250,46.800000000000004,0.0
56500,36.0,0.0
56750,54.0,0.0
57000,70.8,0.0
57250,76.0,0.0
57500,79.60000000000001,0.0
57750,54.400000000000006,0.0
58000,42.0,0.0
58250,74.4,0.0
58500,80.0,0.0
58750,76.0,0.0
59000,72.0,0.0
59250,70.39999999999999,0.0
59500,61.199999999999996,0.0
59750,68.8,0.0
60000,82.0,0.0
60250,88.0,0.0
60500,92.80000000000001,0.0
60750,63.2,0.0
61000,58.4,0.0
61250,68.0,0.0
61500,70.39999999999999,0.0
61750,50.0,0.0
62000,72.8,0.0
62250,41.199999999999996,0.0
62500,56.00000000000001,0.0
62750,65.2,0.0
63000,25.6,0.0
63250,26.400000000000002,0.0
63500,70.39999999999999,0.0
63750,44.4,0.0
64000,40.400000000000006,0.0
64250,69.6,0.0
64500,84.8,0.0
64750,26.400000000000002,0.0
65000,62.0,0.0
65250,96.0,0.0
65500,64.8,0.0
65750,62.8,0.0
66000,55.2,0.0
66250,40.0,0.0
66500,8.799999999999999,0.0
66750,19.2,0.0
67000,34.4,0.0
67250,46.800000000000004,0.0
67500,56.8,0.0
67750,51.6,0.0
68000,63.6,0.0
68250,94.0,0.0
68500,95.6,0.0
68750,78.4,0.0
69000,63.2,0.0
69250,98.8,0.0
69500,96.39999999999999,0.0
69750,98.4,0.0
70000,71.2,0.0
70250,65.2,0.0
70500,94.8,0.0
70750,55.60000000000001,0.0
71000,80.4,0.0
71250,86.0,0.0
71500,48.0,0.0
71750,98.8,0.0
72000,60.8,0.0
72250,81.2,0.0
