250,9.2,0.0
500,44.4,0.0
750,57.199999999999996,0.0
1000,47.199999999999996,0.0
1250,44.4,0.0
1500,50.0,0.0
1750,49.6,0.0
2000,56.00000000000001,0.0
2250,57.199999999999996,0.0
2500,52.0,0.0
2750,57.99999999999999,0.0
3000,52.800000000000004,0.0
3250,85.2,0.0
3500,96.39999999999999,0.0
3750,97.6,0.0
4000,97.2,0.0
4250,92.0,0.0
4500,93.2,0.0
4750,94.0,0.0
5000,93.60000000000001,0.0
5250,84.8,0.0
5500,94.0,0.0
5750,92.0,0.0
6000,91.60000000000001,0.0
6250,93.60000000000001,0.0
6500,92.80000000000001,0.0
6750,84.39999999999999,0.0
7000,94.0,0.0
7250,94.39999999999999,0.0
7500,93.2,0.0
7750,90.8,0.0
8000,95.19999999999999,0.0
8250,92.80000000000001,0.0
8500,89.60000000000001,0.0
8750,88.0,0.0
9000,96.0,0.0
9250,74.4,0.0
9500,90.0,0.0
9750,100.0,0.0
10000,94.8,0.0
10250,93.60000000000001,0.0
10500,93.2,0.0
10750,92.4,0.0
11000,90.0,0.0
11250,89.2,0.0
11500,92.80000000000001,0.0
11750,92.0,0.0
12000,90.4,0.0
12250,85.6,0.0
12500,94.39999999999999,0.0
12750,92.4,0.0
13000,88.8,0.0
13250,88.8,0.0
13500,77.2,0.0
13750,69.6,0.0
14000,95.6,0.0
14250,96.0,0.0
14500,95.6,0.0
14750,93.2,0.0
15000,96.39999999999999,0.0
15250,87.6,0.0
15500,88.8,0.0
15750,90.8,0.0
16000,93.2,0.0
16250,98.8,0.0
16500,90.0,0.0
16750,94.8,0.0
17000,96.8,0.0
17250,100.0,0.0
17500,100.0,0.0
17750,97.2,0.0
18000,97.6,0.0
18250,97.6,0.0
18500,99.6,0.0
18750,100.0,0.0
19000,97.6,0.0
19250,97.6,0.0
19500,82.8,0.0
19750,46.0,0.0
20000,45.2,0.0
20250,67.2,0.0
20500,69.19999999999999,0.0
20750,96.8,0.0
21000,60.4,0.0
21250,72.39999999999999,0.0
21500,95.6,0.0
21750,96.8,0.0
22000,95.6,0.0
22250,66.8,0.0
22500,63.6,0.0
22750,97.2,0.0
23000,94.8,0.0
23250,95.19999999999999,0.0
23500,67.2,0.0
23750,30.4,0.0
24000,54.800000000000004,0.0
24250,62.4,0.0
24500,67.2,0.0
24750,66.8,0.0
25000,56.00000000000001,0.0
25250,59.599999999999994,0.0
25500,61.6,0.0
25750,59.199999999999996,0.0
26000,60.8,0.0
26250,65.2,0.0
26500,62.8,0.0
26750,65.60000000000001,0.0
27000,59.599999999999994,0.0
27250,58.4,0.0
27500,64.8,0.0
27750,96.39999999999999,0.0
28000,93.2,0.0
28250,95.6,0.0
28500,66.4,0.0
28750,62.0,0.0
29000,97.2,0.0
29250,92.80000000000001,0.0
29500,94.8,0.0
29750,54.0,0.0
30000,20.0,0.0
30250,50.4,0.0
30500,79.2,0.0
30750,90.4,0.0
31000,66.8,0.0
31250,73.6,0.0
31500,62.4,0.0
31750,73.6,0.0
32000,63.2,0.0
32250,61.6,0.0
32500,83.6,0.0
32750,92.80000000000001,0.0
33000,73.2,0.0
33250,74.4,0.0
33500,56.8,0.0
33750,89.60000000000001,0.0
34000,92.80000000000001,0.0
34250,88.8,0.0
34500,30.4,0.0
34750,28.000000000000004,0.0
35000,94.39999999999999,0.0
35250,94.0,0.0
35500,66.8,0.0
35750,22.400000000000002,0.0
36000,21.6,0.0
36250,41.199999999999996,0.0
36500,65.60000000000001,0.0
36750,56.39999999999999,0.0
37000,50.0,0.0
37250,50.0,0.0
37500,51.6,0.0
37750,60.8,0.0
38000,71.2,0.0
38250,92.80000000000001,0.0
38500,96.8,0.0
38750,93.60000000000001,0.0
39000,56.00000000000001,0.0
39250,73.2,0.0
39500,90.4,0.0
39750,85.6,0.0
40000,56.00000000000001,0.0
40250,100.0,0.0
40500,44.0,0.0
40750,64.4,0.0
41000,79.60000000000001,0.0
41250,44.800000000000004,0.0
41500,88.4,0.0
41750,55.2,0.0
42000,51.2,0.0
42250,17.2,0.0
42500,57.199999999999996,0.0
42750,76.8,0.0
43000,92.4,0.0
43250,92.4,0.0
43500,97.2,0.0
43750,78.8,0.0
44000,94.8,0.0
44250,65.2,0.0
44500,59.599999999999994,0.0
44750,49.6,0.0
45000,52.800000000000004,0.0
45250,51.2,0.0
45500,30.0,0.0
45750,30.8,0.0
46000,47.599999999999994,0.0
46250,39.2,0.0
46500,51.2,0.0
46750,42.4,0.0
47000,48.4,0.0
47250,39.6,0.0
47500,71.6,0.0
47750,68.4,0.0
48000,78.0,0.0
48250,74.0,0.0
48500,59.599999999999994,0.0
48750,63.2,0.0
49000,85.6,0.0
49250,75.2,0.0
49500,68.0,0.0
49750,57.199999999999996,0.0
50000,44.800000000000004,0.0
50250,20.4,0.0
50500,26.8,0.0
50750,54.400000000000006,0.0
51000,55.2,0.0
51250,54.800000000000004,0.0
51500,52.800000000000004,0.0
51750,32.800000000000004,0.0
52000,50.0,0.0
52250,60.8,0.0
52500,60.8,0.0
52750,63.6,0.0
53000,64.0,0.0
53250,57.199999999999996,0.0
53500,70.0,0.0
53750,52.800000000000004,0.0
54000,51.6,0.0
54250,47.199999999999996,0.0
54500,45.6,0.0
54750,56.00000000000001,0.0
55000,45.2,0.0
55250,31.6,0.0
55500,34.0,0.0
55750,28.000000000000004,0.0
56000,21.6,0.0
56250,22.0,0.0
56500,23.200000000000003,0.0
56750,53.6,0.0
57000,62.0,0.0
57250,58.8,0.0
57500,59.599999999999994,0.0
57750,52.0,0.0
58000,41.6,0.0
58250,61.199999999999996,0.0
58500,59.599999999999994,0.0
58750,61.6,0.0
59000,64.4,0.0
59250,42.0,0.0
59500,48.0,0.0
59750,56.8,0.0
60000,52.0,0.0
60250,77.2,0.0
60500,60.8,0.0
60750,37.2,0.0
61000,36.4,0.0
61250,56.00000000000001,0.0
61500,68.8,0.0
61750,50.0,0.0
62000,72.8,0.0
62250,41.199999999999996,0.0
62500,56.00000000000001,0.0
62750,64.4,0.0
63000,22.8,0.0
63250,21.2,0.0
63500,70.39999999999999,0.0
63750,44.800000000000004,0.0
64000,40.0,0.0
64250,70.0,0.0
64500,84.8,0.0
64750,28.799999999999997,0.0
65000,53.2,0.0
65250,87.6,0.0
65500,49.2,0.0
65750,48.4,0.0
66000,30.8,0.0
66250,36.0,0.0
66500,10.0,0.0
66750,19.2,0.0
67000,33.6,0.0
67250,46.800000000000004,0.0
67500,56.8,0.0
67750,51.6,0.0
68000,62.8,0.0
68250,94.0,0.0
68500,95.19999999999999,0.0
68750,78.4,0.0
69000,62.8,0.0
69250,98.8,0.0
69500,54.800000000000004,0.0
69750,86.4,0.0
70000,71.2,0.0
70250,64.8,0.0
70500,94.0,0.0
70750,55.60000000000001,0.0
71000,80.4,0.0
71250,86.0,0.0
71500,48.0,0.0
71750,98.8,0.0
72000,60.8,0.0
72250,81.2,0.0
