200,74.8189543996561,25.181045600343904
400,57.26001124301445,42.73998875698555
600,55.31563109685527,44.68436890314474
800,56.357263318011974,43.64273668198803
1000,50.55388380013889,49.446116199861116
1200,51.77408154492246,48.22591845507754
1400,47.144605006448195,52.8553949935518
1600,49.19149499024503,50.80850500975497
1800,48.645878112496284,51.35412188750372
2000,50.13392414272014,49.86607585727985
2200,37.624417181971495,62.375582818028505
2400,37.47891934790516,62.52108065209484
2600,33.785258423993916,66.21474157600609
2800,32.16163486657187,67.83836513342813
3000,31.000958962997256,68.99904103700274
3200,30.002314738269238,69.99768526173075
3400,28.927614827552002,71.07238517244801
3600,29.37733540557521,70.62266459442479
3800,28.719288383320656,71.28071161667934
4000,28.88462683112331,71.1153731688767
