200,0.02053503521708938,0.0003306768956053041
400,0.019873681425878774,0.0005952184120895473
600,0.030786018980853806,0.0019840613736318243
800,0.02691709930227175,0.006745808670348203
1000,0.033166892629212,0.007572500909361463
1200,0.02506530868688205,0.0012565722033001554
1400,0.03511788631328329,0.010284051453324956
1600,0.013557752719817467,0.0008266922390132601
1800,0.022254555074236963,0.0006944214807711385
2000,0.00892827618134321,0.0005290830329684865
2200,0.02116332131873946,0.003571310472537284
2400,0.025925068615455838,0.006646605601666611
2600,0.0515525280248669,0.010482457590688138
2800,0.04242584570616051,0.00013227075824212163
3000,0.037366489203399356,0.00013227075824212163
3200,0.03422505869514897,0.0
3400,0.02847128071161668,0.00013227075824212163
3600,0.019080056876426044,0.00013227075824212163
3800,0.017261333950596872,0.0008597599285737905
4000,0.0139214973049833,0.004001190436824179
