200,88.55207801366699,11.447921986333018
400,78.24347656914958,21.756523430850415
600,70.13569708907858,29.864302910921424
800,61.49899078329807,38.501009216701924
1000,54.497701904136576,45.502298095863424
1200,50.82682814133898,49.17317185866102
1400,42.21200846282921,57.78799153717079
1600,33.15094477274385,66.84905522725614
1800,26.031711291067822,73.96828870893218
2000,15.402105979912939,84.59789402008707
2200,14.108363123464896,85.8916368765351
2400,13.477298703825296,86.5227012961747
2600,13.442036915444664,86.55796308455534
2800,13.381240728581503,86.6187592714185
3000,13.336251550302766,86.66374844969724
3200,13.3119330755575,86.6880669244425
3400,12.819483961965904,87.1805160380341
3600,12.699107511976848,87.30089248802315
3800,12.184771771114516,87.81522822888549
4000,12.282045670095572,87.71795432990443
