30,98.28761429758937,1.71238570241064
60,96.97423108894431,3.025768911055694
100,95.36159600997506,4.638403990024938
200,88.71155444721529,11.288445552784705
300,82.26101413133831,17.73898586866168
400,92.13632585203658,7.863674147963424
500,90.55694098088112,9.44305901911887
600,59.8171238570241,40.18287614297589
700,57.223607647547794,42.776392352452206
800,54.72984206151289,45.27015793848712
900,51.4380714879468,48.5619285120532
1000,49.276807980049874,50.723192019950126
1100,48.14630091438071,51.85369908561929
1200,48.14630091438071,51.85369908561929
1300,47.21529509559434,52.78470490440566
1400,46.733167082294266,53.26683291770573
1500,46.45054031587698,53.54945968412302
1600,46.45054031587698,53.54945968412302
1700,45.236907730673316,54.763092269326684
1800,43.591022443890274,56.40897755610973
1900,42.04488778054863,57.95511221945138
2000,42.04488778054863,57.95511221945138
2100,42.04488778054863,57.95511221945138
2200,42.04488778054863,57.95511221945138
2300,42.04488778054863,57.95511221945138
2400,42.04488778054863,57.95511221945138
