200,65.56330809166363,34.436691908336364
400,55.933996891637186,44.066003108362814
600,54.46909824410569,45.53090175589431
800,52.62392116662809,47.376078833371906
1000,50.37531827651202,49.62468172348798
1200,48.652491650408386,51.34750834959162
1400,45.349029463311396,54.650970536688604
1600,42.726761681161335,57.27323831883866
1800,40.03835851989022,59.96164148010978
2000,37.83935716411494,62.160642835885064
2200,36.39760589927582,63.60239410072418
2400,35.34605337125095,64.65394662874905
2600,33.785258423993916,66.21474157600609
2800,32.164941635527924,67.83505836447208
3000,30.881915280579346,69.11808471942066
3200,29.985780893488972,70.01421910651104
3400,29.169008961343874,70.83099103865614
3600,28.96068251711253,71.03931748288747
3800,28.871399755299098,71.1286002447009
4000,28.3853047187593,71.6146952812407
