100,95.62508413299744,4.374915867002557
200,91.2020922674564,8.797907732543605
300,86.76948520220765,13.23051479779235
400,82.36187765619893,17.63812234380108
500,77.93888579065788,22.06111420934213
600,73.49281744581835,26.507182554181654
700,68.3602238418492,31.639776158150806
800,61.60843060710371,38.391569392896294
900,56.79121555354705,43.20878444645295
1000,51.97207746004885,48.027922539951156
1100,52.75090863637237,47.24909136362762
1200,46.96448145227976,53.03551854772024
1300,40.239610776715836,59.76038922328417
1400,36.19930385954117,63.80069614045883
1500,30.78594642410723,69.21405357589278
1600,24.632218611180555,75.36778138881944
1700,19.43808772908213,80.56191227091787
1800,14.243956846983712,85.7560431530163
1900,8.895982769562123,91.10401723043788
2000,3.8960789215592007,96.1039210784408
2100,3.848002923020711,96.15199707697928
