30,97.33077717150863,2.669222828491373
60,95.90030968883646,4.099690311163545
100,92.90665093644004,7.0933490635599465
200,86.99306886889839,13.006931131101606
300,81.19746350095855,18.802536499041437
400,75.40185813301873,24.598141866981273
500,69.56201150272821,30.43798849727179
600,76.61111930393747,23.38888069606253
700,57.867571154696954,42.13242884530305
800,52.05721869930689,47.94278130069311
900,59.28329154991889,40.71670845008111
1000,54.991889101902366,45.00811089809763
1100,51.482082288747975,48.51791771125203
1200,47.102197316030086,52.89780268396992
1300,42.98775991741631,57.01224008258369
1400,20.778646217372067,79.22135378262793
