20,75.95888139714823,24.041118602851775
35,58.41715485796397,41.582845142036035
50,48.43594561733171,51.56405438266829
80,27.401348513319334,72.59865148668067
100,22.06256217530673,77.93743782469326
200,16.54692163148005,83.45307836851995
300,14.92207361556317,85.07792638443684
400,14.446777937437824,85.55322206256217
500,14.203603404443463,85.79639659555653
600,14.08201613794628,85.91798386205372
700,13.728307726318118,86.2716922736819
800,13.617773847684314,86.3822261523157
900,13.529346744777273,86.47065325522273
