30,99.77922077922078,0.2207792207792208
60,99.57142857142857,0.4285714285714286
100,99.55194805194805,0.44805194805194803
200,99.22727272727273,0.7727272727272727
300,98.8409090909091,1.1590909090909092
400,85.92207792207792,14.077922077922079
500,98.06818181818183,1.9318181818181817
600,97.68181818181819,2.3181818181818183
700,97.29545454545455,2.7045454545454546
800,46.0,54.0
900,39.25,60.75000000000001
1000,32.5,67.5
1100,27.045454545454543,72.95454545454545
1200,80.24675324675324,19.753246753246753
1300,62.561688311688314,37.438311688311686
1400,4.545454545454546,95.45454545454545
