250,0.0
500,0.0
750,0.0
1000,0.0
1250,0.0
1500,0.0
1750,0.0
2000,0.0
2250,4.3999999999999995
2500,0.0
2750,0.0
3000,74.8
3250,80.4
3500,0.0
3750,0.0
4000,0.0
4250,4.3999999999999995
4500,0.0
4750,0.0
5000,75.2
5250,80.4
5500,0.0
5750,0.0
6000,0.0
6250,4.3999999999999995
6500,0.0
6750,0.0
7000,75.2
7250,80.4
7500,0.0
7750,0.0
8000,0.0
8250,4.3999999999999995
8500,0.0
8750,0.0
9000,75.2
9250,80.4
9500,0.0
9750,0.0
10000,0.0
10250,4.3999999999999995
10500,0.0
10750,0.0
11000,75.2
11250,80.4
11500,0.0
11750,0.0
12000,0.0
12250,4.3999999999999995
12500,0.0
12750,0.0
13000,75.2
13250,80.4
13500,0.0
13750,0.0
14000,0.0
14250,4.3999999999999995
14500,0.0
14750,0.0
15000,75.2
15250,80.4
15500,0.0
15750,0.0
16000,0.0
16250,4.3999999999999995
16500,0.0
16750,0.0
17000,75.2
17250,80.4
17500,0.0
17750,0.0
18000,0.0
18250,4.3999999999999995
18500,0.0
18750,0.0
19000,75.2
19250,80.4
19500,0.0
19750,0.0
20000,0.0
20250,4.3999999999999995
20500,0.0
20750,0.0
21000,75.2
21250,80.4
21500,0.0
21750,0.0
22000,0.0
22250,4.3999999999999995
22500,0.0
22750,0.0
23000,75.2
23250,80.4
23500,0.0
23750,0.0
24000,0.0
24250,4.3999999999999995
24500,0.0
24750,0.0
25000,75.2
25250,80.4
25500,0.0
25750,0.0
26000,0.0
26250,4.3999999999999995
26500,0.0
26750,0.0
27000,75.2
27250,80.4
27500,0.0
27750,0.0
28000,0.0
28250,4.3999999999999995
28500,0.0
28750,0.0
29000,75.2
29250,80.4
29500,0.0
29750,0.0
30000,0.0
30250,4.3999999999999995
30500,0.0
30750,0.0
31000,75.2
31250,80.4
31500,0.0
31750,0.0
32000,0.0
32250,4.3999999999999995
32500,0.0
32750,0.0
33000,75.2
33250,80.4
33500,0.0
33750,0.0
34000,0.0
34250,4.3999999999999995
34500,0.0
34750,0.0
35000,75.2
35250,80.4
35500,0.0
35750,0.0
36000,0.0
36250,4.3999999999999995
36500,0.0
36750,0.0
37000,75.2
37250,80.4
37500,0.0
37750,0.0
38000,0.0
38250,4.3999999999999995
38500,0.0
38750,0.0
39000,75.2
39250,80.4
39500,0.0
39750,0.0
40000,0.0
40250,4.3999999999999995
40500,0.0
40750,0.0
41000,75.2
41250,80.4
41500,0.0
41750,0.0
42000,0.0
42250,4.3999999999999995
42500,0.0
42750,0.0
43000,75.2
43250,80.4
43500,0.0
43750,0.0
44000,0.0
44250,4.3999999999999995
44500,0.0
44750,0.0
45000,75.2
45250,80.4
45500,0.0
45750,0.0
46000,0.0
46250,4.3999999999999995
46500,0.0
46750,0.0
47000,75.2
47250,80.4
47500,0.0
47750,0.0
48000,0.0
48250,4.3999999999999995
48500,0.0
48750,0.0
49000,75.2
49250,80.4
49500,0.0
49750,0.0
50000,0.0
50250,4.3999999999999995
50500,0.0
50750,0.0
51000,75.2
51250,80.4
51500,0.0
51750,0.0
52000,0.0
