250,0.0
500,0.0
750,0.0
1000,0.0
1250,0.0
1500,0.0
1750,0.0
2000,0.0
2250,4.8
2500,0.0
2750,14.399999999999999
3000,100.0
3250,100.0
3500,20.4
3750,0.0
4000,0.0
4250,4.8
4500,0.0
4750,14.799999999999999
5000,100.0
5250,100.0
5500,20.4
5750,0.0
6000,0.0
6250,4.8
6500,0.0
6750,14.799999999999999
7000,100.0
7250,100.0
7500,20.4
7750,0.0
8000,0.0
8250,4.8
8500,0.0
8750,14.799999999999999
9000,100.0
9250,100.0
9500,20.4
9750,0.0
10000,0.0
10250,4.8
10500,0.0
10750,14.799999999999999
11000,100.0
11250,100.0
11500,20.4
11750,0.0
12000,0.0
12250,4.8
12500,0.0
12750,14.799999999999999
13000,100.0
13250,100.0
13500,20.4
13750,0.0
14000,0.0
14250,4.8
14500,0.0
14750,14.799999999999999
15000,100.0
15250,100.0
15500,20.4
15750,0.0
16000,0.0
16250,4.8
16500,0.0
16750,14.799999999999999
17000,100.0
17250,100.0
17500,20.4
17750,0.0
18000,0.0
18250,4.8
18500,0.0
18750,14.799999999999999
19000,100.0
19250,100.0
19500,20.4
19750,0.0
20000,0.0
20250,4.8
20500,0.0
20750,14.799999999999999
21000,100.0
21250,100.0
21500,20.4
21750,0.0
22000,0.0
22250,4.8
22500,0.0
22750,14.799999999999999
23000,100.0
23250,100.0
23500,20.4
23750,0.0
24000,0.0
24250,4.8
24500,0.0
24750,14.799999999999999
25000,100.0
25250,100.0
25500,20.4
25750,0.0
26000,0.0
26250,4.8
26500,0.0
26750,14.799999999999999
27000,100.0
27250,100.0
27500,20.4
27750,0.0
28000,0.0
28250,4.8
28500,0.0
28750,14.799999999999999
29000,100.0
29250,100.0
29500,20.4
29750,0.0
30000,0.0
30250,4.8
30500,0.0
30750,14.799999999999999
31000,100.0
31250,100.0
31500,20.4
31750,0.0
32000,0.0
32250,4.8
32500,0.0
32750,14.799999999999999
33000,100.0
33250,100.0
33500,20.4
33750,0.0
34000,0.0
34250,4.8
34500,0.0
34750,14.799999999999999
35000,100.0
35250,100.0
35500,20.4
35750,0.0
36000,0.0
36250,4.8
36500,0.0
36750,14.799999999999999
37000,100.0
37250,100.0
37500,20.4
37750,0.0
38000,0.0
38250,4.8
38500,0.0
38750,14.799999999999999
39000,100.0
39250,100.0
39500,20.4
39750,0.0
40000,0.0
40250,4.8
40500,0.0
40750,14.799999999999999
41000,100.0
41250,100.0
41500,20.4
41750,0.0
42000,0.0
42250,4.8
42500,0.0
42750,14.799999999999999
43000,100.0
43250,100.0
43500,20.4
43750,0.0
44000,0.0
44250,4.8
44500,0.0
44750,14.799999999999999
45000,100.0
45250,100.0
45500,20.4
45750,0.0
46000,0.0
46250,4.8
46500,0.0
46750,14.799999999999999
47000,100.0
47250,100.0
47500,20.4
47750,0.0
48000,0.0
48250,4.8
48500,0.0
48750,14.799999999999999
49000,100.0
49250,100.0
49500,20.4
49750,0.0
50000,0.0
50250,4.8
50500,0.0
50750,14.799999999999999
51000,100.0
51250,100.0
51500,20.4
51750,0.0
52000,0.0
