250,0.0
500,0.0
750,0.0
1000,0.0
1250,0.0
1500,0.0
1750,0.0
2000,0.0
2250,6.4
2500,72.8
2750,100.0
3000,100.0
3250,100.0
3500,100.0
3750,80.4
4000,0.0
4250,6.4
4500,73.2
4750,100.0
5000,100.0
5250,100.0
5500,100.0
5750,80.4
6000,0.0
6250,6.4
6500,73.2
6750,100.0
7000,100.0
7250,100.0
7500,100.0
7750,80.4
8000,0.0
8250,6.4
8500,73.2
8750,100.0
9000,100.0
9250,100.0
9500,100.0
9750,80.4
10000,0.0
10250,6.4
10500,73.2
10750,100.0
11000,100.0
11250,100.0
11500,100.0
11750,80.4
12000,0.0
12250,6.4
12500,73.2
12750,100.0
13000,100.0
13250,100.0
13500,100.0
13750,80.4
14000,0.0
14250,6.4
14500,73.2
14750,100.0
15000,100.0
15250,100.0
15500,100.0
15750,80.4
16000,0.0
16250,6.4
16500,73.2
16750,100.0
17000,100.0
17250,100.0
17500,100.0
17750,80.4
18000,0.0
18250,6.4
18500,73.2
18750,100.0
19000,100.0
19250,100.0
19500,100.0
19750,80.4
20000,0.0
20250,6.4
20500,73.2
20750,100.0
21000,100.0
21250,100.0
21500,100.0
21750,80.4
22000,0.0
22250,6.4
22500,73.2
22750,100.0
23000,100.0
23250,100.0
23500,100.0
23750,80.4
24000,0.0
24250,6.4
24500,73.2
24750,100.0
25000,100.0
25250,100.0
25500,100.0
25750,80.4
26000,0.0
26250,6.4
26500,73.2
26750,100.0
27000,100.0
27250,100.0
27500,100.0
27750,80.4
28000,0.0
28250,6.4
28500,73.2
28750,100.0
29000,100.0
29250,100.0
29500,100.0
29750,80.4
30000,0.0
30250,6.4
30500,73.2
30750,100.0
31000,100.0
31250,100.0
31500,100.0
31750,80.4
32000,0.0
32250,6.4
32500,73.2
32750,100.0
33000,100.0
33250,100.0
33500,100.0
33750,80.4
34000,0.0
34250,6.4
34500,73.2
34750,100.0
35000,100.0
35250,100.0
35500,100.0
35750,80.4
36000,0.0
36250,6.4
36500,73.2
36750,100.0
37000,100.0
37250,100.0
37500,100.0
37750,80.4
38000,0.0
38250,6.4
38500,73.2
38750,100.0
39000,100.0
39250,100.0
39500,100.0
39750,80.4
40000,0.0
40250,6.4
40500,73.2
40750,100.0
41000,100.0
41250,100.0
41500,100.0
41750,80.4
42000,0.0
42250,6.4
42500,73.2
42750,100.0
43000,100.0
43250,100.0
43500,100.0
43750,80.4
44000,0.0
44250,6.4
44500,73.2
44750,100.0
45000,100.0
45250,100.0
45500,100.0
45750,80.4
46000,0.0
46250,6.4
46500,73.2
46750,100.0
47000,100.0
47250,100.0
47500,100.0
47750,80.4
48000,0.0
48250,6.4
48500,73.2
48750,100.0
49000,100.0
49250,100.0
49500,100.0
49750,80.4
50000,0.0
50250,6.4
50500,73.2
50750,100.0
51000,100.0
51250,100.0
51500,100.0
51750,80.4
52000,0.0
