250,0.0
500,0.0
750,0.0
1000,0.0
1250,0.0
1500,0.0
1750,0.0
2000,0.0
2250,4.0
2500,0.0
2750,0.0
3000,35.199999999999996
3250,40.400000000000006
3500,0.0
3750,0.0
4000,0.0
4250,4.0
4500,0.0
4750,0.0
5000,35.6
5250,40.400000000000006
5500,0.0
5750,0.0
6000,0.0
6250,4.0
6500,0.0
6750,0.0
7000,35.6
7250,40.400000000000006
7500,0.0
7750,0.0
8000,0.0
8250,4.0
8500,0.0
8750,0.0
9000,35.6
9250,40.400000000000006
9500,0.0
9750,0.0
10000,0.0
10250,4.0
10500,0.0
10750,0.0
11000,35.6
11250,40.400000000000006
11500,0.0
11750,0.0
12000,0.0
12250,4.0
12500,0.0
12750,0.0
13000,35.6
13250,40.400000000000006
13500,0.0
13750,0.0
14000,0.0
14250,4.0
14500,0.0
14750,0.0
15000,35.6
15250,40.400000000000006
15500,0.0
15750,0.0
16000,0.0
16250,4.0
16500,0.0
16750,0.0
17000,35.6
17250,40.400000000000006
17500,0.0
17750,0.0
18000,0.0
18250,4.0
18500,0.0
18750,0.0
19000,35.6
19250,40.400000000000006
19500,0.0
19750,0.0
20000,0.0
20250,4.0
20500,0.0
20750,0.0
21000,35.6
21250,40.400000000000006
21500,0.0
21750,0.0
22000,0.0
22250,4.0
22500,0.0
22750,0.0
23000,35.6
23250,40.400000000000006
23500,0.0
23750,0.0
24000,0.0
24250,4.0
24500,0.0
24750,0.0
25000,35.6
25250,40.400000000000006
25500,0.0
25750,0.0
26000,0.0
26250,4.0
26500,0.0
26750,0.0
27000,35.6
27250,40.400000000000006
27500,0.0
27750,0.0
28000,0.0
28250,4.0
28500,0.0
28750,0.0
29000,35.6
29250,40.400000000000006
29500,0.0
29750,0.0
30000,0.0
30250,4.0
30500,0.0
30750,0.0
31000,35.6
31250,40.400000000000006
31500,0.0
31750,0.0
32000,0.0
32250,4.0
32500,0.0
32750,0.0
33000,35.6
33250,40.400000000000006
33500,0.0
33750,0.0
34000,0.0
34250,4.0
34500,0.0
34750,0.0
35000,35.6
35250,40.400000000000006
35500,0.0
35750,0.0
36000,0.0
36250,4.0
36500,0.0
36750,0.0
37000,35.6
37250,40.400000000000006
37500,0.0
37750,0.0
38000,0.0
38250,4.0
38500,0.0
38750,0.0
39000,35.6
39250,40.400000000000006
39500,0.0
39750,0.0
40000,0.0
40250,4.0
40500,0.0
40750,0.0
41000,35.6
41250,40.400000000000006
41500,0.0
41750,0.0
42000,0.0
42250,4.0
42500,0.0
42750,0.0
43000,35.6
43250,40.400000000000006
43500,0.0
43750,0.0
44000,0.0
44250,4.0
44500,0.0
44750,0.0
45000,35.6
45250,40.400000000000006
45500,0.0
45750,0.0
46000,0.0
46250,4.0
46500,0.0
46750,0.0
47000,35.6
47250,40.400000000000006
47500,0.0
47750,0.0
48000,0.0
48250,4.0
48500,0.0
48750,0.0
49000,35.6
49250,40.400000000000006
49500,0.0
49750,0.0
50000,0.0
50250,4.0
50500,0.0
50750,0.0
51000,35.6
51250,40.400000000000006
51500,0.0
51750,0.0
52000,0.0
