100,99.9519240014615,0.048075998538489643,9.8
200,99.9519240014615,0.048075998538489643,19.8
300,99.90384800292303,0.09615199707697929,29.7
400,99.85577200438453,0.14422799561546892,39.6
500,99.80769600584604,0.19230399415395857,49.5
600,99.75962000730755,0.24037999269244822,59.4
700,99.71154400876905,0.28845599123093785,69.3
800,99.66346801023057,0.3365319897694275,79.2
900,99.61539201169208,0.38460798830791715,89.1
1000,99.5673160131536,0.4326839868464068,99.0
1100,90.38672333224362,9.61327666775639,90.45400000000001
1200,80.77152362454568,19.228476375454317,80.50399999999999
1300,71.15632391684775,28.843676083152246,70.55399999999999
1400,61.54112420914982,38.45887579085018,60.604
1500,51.925924501451895,48.074075498548105,50.653999999999996
1600,42.31072479375397,57.68927520624604,40.704
1700,32.69552508605604,67.30447491394396,30.753999999999998
1800,23.080325378358108,76.91967462164189,20.804000000000002
1900,13.46512567066018,86.53487432933981,10.854
2000,3.8960789215592007,96.1039210784408,0.9520000000000001
2100,3.848002923020711,96.15199707697928,0.0
