250,0.0
500,0.0
750,0.0
1000,0.0
1250,0.0
1500,0.0
1750,0.0
2000,0.0
2250,59.199999999999996
2500,100.0
2750,100.0
3000,100.0
3250,100.0
3500,100.0
3750,100.0
4000,60.4
4250,59.599999999999994
4500,100.0
4750,100.0
5000,100.0
5250,100.0
5500,100.0
5750,100.0
6000,60.4
6250,59.599999999999994
6500,100.0
6750,100.0
7000,100.0
7250,100.0
7500,100.0
7750,100.0
8000,60.4
8250,59.599999999999994
8500,100.0
8750,100.0
9000,100.0
9250,100.0
9500,100.0
9750,100.0
10000,60.4
10250,59.599999999999994
10500,100.0
10750,100.0
11000,100.0
11250,100.0
11500,100.0
11750,100.0
12000,60.4
12250,59.599999999999994
12500,100.0
12750,100.0
13000,100.0
13250,100.0
13500,100.0
13750,100.0
14000,60.4
14250,59.599999999999994
14500,100.0
14750,100.0
15000,100.0
15250,100.0
15500,100.0
15750,100.0
16000,60.4
16250,59.599999999999994
16500,100.0
16750,100.0
17000,100.0
17250,100.0
17500,100.0
17750,100.0
18000,60.4
18250,59.599999999999994
18500,100.0
18750,100.0
19000,100.0
19250,100.0
19500,100.0
19750,100.0
20000,60.4
20250,59.599999999999994
20500,100.0
20750,100.0
21000,100.0
21250,100.0
21500,100.0
21750,100.0
22000,60.4
22250,59.599999999999994
22500,100.0
22750,100.0
23000,100.0
23250,100.0
23500,100.0
23750,100.0
24000,60.4
24250,59.599999999999994
24500,100.0
24750,100.0
25000,100.0
25250,100.0
25500,100.0
25750,100.0
26000,60.4
26250,59.599999999999994
26500,100.0
26750,100.0
27000,100.0
27250,100.0
27500,100.0
27750,100.0
28000,60.4
28250,59.599999999999994
28500,100.0
28750,100.0
29000,100.0
29250,100.0
29500,100.0
29750,100.0
30000,60.4
30250,59.599999999999994
30500,100.0
30750,100.0
31000,100.0
31250,100.0
31500,100.0
31750,100.0
32000,60.4
32250,59.599999999999994
32500,100.0
32750,100.0
33000,100.0
33250,100.0
33500,100.0
33750,100.0
34000,60.4
34250,59.599999999999994
34500,100.0
34750,100.0
35000,100.0
35250,100.0
35500,100.0
35750,100.0
36000,60.4
36250,59.599999999999994
36500,100.0
36750,100.0
37000,100.0
37250,100.0
37500,100.0
37750,100.0
38000,60.4
38250,59.599999999999994
38500,100.0
38750,100.0
39000,100.0
39250,100.0
39500,100.0
39750,100.0
40000,60.4
40250,59.599999999999994
40500,100.0
40750,100.0
41000,100.0
41250,100.0
41500,100.0
41750,100.0
42000,60.4
42250,59.599999999999994
42500,100.0
42750,100.0
43000,100.0
43250,100.0
43500,100.0
43750,100.0
44000,60.4
44250,59.599999999999994
44500,100.0
44750,100.0
45000,100.0
45250,100.0
45500,100.0
45750,100.0
46000,60.4
46250,59.599999999999994
46500,100.0
46750,100.0
47000,100.0
47250,100.0
47500,100.0
47750,100.0
48000,60.4
48250,59.599999999999994
48500,100.0
48750,100.0
49000,100.0
49250,100.0
49500,100.0
49750,100.0
50000,60.4
50250,59.599999999999994
50500,100.0
50750,100.0
51000,100.0
51250,100.0
51500,100.0
51750,100.0
52000,60.4
