100,95.24047614468952,4.759523855310475
200,90.43287629084055,9.56712370915944
300,85.6252764369916,14.374723563008404
400,80.81767658314263,19.18232341685737
500,76.01007672929366,23.98992327070633
600,71.2024768754447,28.797523124555298
700,66.39487702159575,33.60512297840426
800,61.58727716774678,38.41272283225322
900,56.779677313897814,43.22032268610219
1000,51.97207746004885,48.027922539951156
1100,47.16447760619988,52.83552239380012
1200,42.35687775235092,57.64312224764908
1300,37.549277898501956,62.450722101498044
1400,32.741678044652986,67.25832195534701
1500,27.934078190804023,72.06592180919597
1600,23.12647833695506,76.87352166304494
1700,18.318878483106094,81.68112151689391
1800,13.511278629257129,86.48872137074287
1900,8.703678775408164,91.29632122459184
2000,3.8960789215592007,96.1039210784408
2100,3.848002923020711,96.15199707697928
