250,0.0
500,0.0
750,0.0
1000,0.0
1250,0.0
1500,0.0
1750,0.0
2000,0.0
2250,99.6
2500,100.0
2750,40.0
3000,0.0
3250,0.0
3500,0.0
3750,0.0
4000,0.0
4250,99.6
4500,100.0
4750,40.0
5000,0.0
5250,0.0
5500,0.0
5750,0.0
6000,0.0
6250,99.6
6500,100.0
6750,40.0
7000,0.0
7250,0.0
7500,0.0
7750,0.0
8000,0.0
8250,99.6
8500,100.0
8750,40.0
9000,0.0
9250,0.0
9500,0.0
9750,0.0
10000,0.0
10250,99.6
10500,100.0
10750,40.0
11000,0.0
11250,0.0
11500,0.0
11750,0.0
12000,0.0
12250,99.6
12500,100.0
12750,40.0
13000,0.0
13250,0.0
13500,0.0
13750,0.0
14000,0.0
14250,99.6
14500,100.0
14750,40.0
15000,0.0
15250,0.0
15500,0.0
15750,0.0
16000,0.0
16250,99.6
16500,100.0
16750,40.0
17000,0.0
17250,0.0
17500,0.0
17750,0.0
18000,0.0
18250,99.6
18500,100.0
18750,40.0
19000,0.0
19250,0.0
19500,0.0
19750,0.0
20000,0.0
20250,99.6
20500,100.0
20750,40.0
21000,0.0
21250,0.0
21500,0.0
21750,0.0
22000,0.0
22250,99.6
22500,100.0
22750,40.0
23000,0.0
23250,0.0
23500,0.0
23750,0.0
24000,0.0
24250,99.6
24500,100.0
24750,40.0
25000,0.0
25250,0.0
25500,0.0
25750,0.0
26000,0.0
26250,99.6
26500,100.0
26750,40.0
27000,0.0
27250,0.0
27500,0.0
27750,0.0
28000,0.0
28250,99.6
28500,100.0
28750,40.0
29000,0.0
29250,0.0
29500,0.0
29750,0.0
30000,0.0
30250,99.6
30500,100.0
30750,40.0
31000,0.0
31250,0.0
31500,0.0
31750,0.0
32000,0.0
32250,99.6
32500,100.0
32750,40.0
33000,0.0
33250,0.0
33500,0.0
33750,0.0
34000,0.0
34250,99.6
34500,100.0
34750,40.0
35000,0.0
35250,0.0
35500,0.0
35750,0.0
36000,0.0
36250,99.6
36500,100.0
36750,40.0
37000,0.0
37250,0.0
37500,0.0
37750,0.0
38000,0.0
38250,99.6
38500,100.0
38750,40.0
39000,0.0
39250,0.0
39500,0.0
39750,0.0
40000,0.0
40250,99.6
40500,100.0
40750,40.0
41000,0.0
41250,0.0
41500,0.0
41750,0.0
42000,0.0
42250,99.6
42500,100.0
42750,40.0
43000,0.0
43250,0.0
43500,0.0
43750,0.0
44000,0.0
44250,99.6
44500,100.0
44750,40.0
45000,0.0
45250,0.0
45500,0.0
45750,0.0
46000,0.0
46250,99.6
46500,100.0
46750,40.0
47000,0.0
47250,0.0
47500,0.0
47750,0.0
48000,0.0
48250,99.6
48500,100.0
48750,40.0
49000,0.0
49250,0.0
49500,0.0
49750,0.0
50000,0.0
50250,99.6
50500,100.0
50750,40.0
51000,0.0
51250,0.0
51500,0.0
51750,0.0
52000,0.0
