250,0.0,100.0
500,0.0,100.0
750,0.0,100.0
1000,0.0,100.0
1250,0.0,100.0
1500,0.0,100.0
1750,0.0,100.0
2000,0.0,10.9
2250,19.2,14.021312394840157
2500,100.0,28.042624789680314
2750,100.0,42.06393718452047
3000,100.0,56.08524957936063
3250,100.0,70.10656197420079
3500,100.0,84.12787436904094
3750,100.0,98.1491867638811
4000,20.4,10.045431600201917
4250,26.8,14.021312394840157
4500,100.0,28.042624789680314
4750,100.0,42.06393718452047
5000,100.0,56.08524957936063
5250,100.0,70.10656197420079
5500,100.0,84.12787436904094
5750,100.0,98.1491867638811
6000,20.4,12.289562289562289
6250,99.6,1.79472798653954
6500,100.0,15.816040381379699
6750,100.0,29.837352776219856
7000,100.0,43.85866517106001
7250,100.0,57.87997756590016
7500,100.0,71.90128996074033
7750,100.0,85.92260235558048
8000,20.0,14.002557544757032
8250,99.6,2.0460358056265986
8500,100.0,18.0306905370844
8750,100.0,34.015345268542205
9000,100.0,50.0
9250,100.0,65.98465473145781
9500,100.0,81.96930946291559
9750,100.0,13.818722139673106
10000,20.0,32.39227340267459
10250,99.6,32.466567607726596
10500,100.0,4.829123328380387
10750,100.0,23.40267459138187
11000,100.0,41.97622585438336
11250,100.0,60.54977711738484
11500,100.0,16.90450054884742
11750,100.0,44.34687156970362
12000,19.6,71.78924259055982
12250,99.6,71.89901207464325
12500,100.0,71.89901207464325
12750,100.0,10.647639956092206
13000,100.0,34.49612403100775
13250,100.0,31.3953488372093
13500,100.0,28.294573643410853
13750,100.0,25.1937984496124
14000,19.6,22.093023255813954
14250,99.6,75.1937984496124
14500,100.0,19.801980198019802
14750,100.0,43.56435643564357
15000,100.0,67.32673267326733
15250,100.0,91.0891089108911
15500,100.0,14.85148514851485
15750,100.0,38.613861386138616
16000,19.6,62.37623762376238
16250,99.6,62.33766233766234
16500,100.0,87.01298701298701
16750,100.0,11.688311688311687
17000,100.0,36.36363636363637
17250,100.0,61.038961038961034
17500,100.0,85.71428571428571
17750,100.0,10.38961038961039
18000,20.0,34.61538461538461
18250,99.6,89.60000000000001
18500,100.0,94.8
18750,100.0,96.53333333333333
19000,100.0,97.39999999999999
19250,100.0,97.92
19500,100.0,98.26666666666667
19750,100.0,98.5142857142857
20000,20.0,99.95
20250,99.6,99.95002498750625
20500,100.0,99.95002498750625
20750,100.0,99.95002498750625
21000,100.0,99.95002498750625
21250,100.0,99.95002498750625
21500,100.0,99.95002498750625
21750,99.2,99.85007496251875
22000,20.4,94.23076923076923
22250,100.0,22.22222222222222
22500,100.0,11.11111111111111
22750,100.0,100.0
23000,100.0,88.88888888888889
23250,100.0,77.77777777777779
23500,100.0,66.66666666666666
23750,100.0,55.55555555555556
24000,20.0,44.44444444444444
24250,99.6,50.0
24500,100.0,38.88888888888889
24750,100.0,27.77777777777778
25000,100.0,15.789473684210526
25250,100.0,94.05204460966543
25500,100.0,96.91714836223507
25750,100.0,97.91937581274382
26000,20.0,98.42983316977428
26250,99.6,98.4313725490196
26500,100.0,98.4313725490196
26750,100.0,98.4313725490196
27000,100.0,98.4313725490196
27250,100.0,100.0
27500,100.0,100.0
27750,100.0,100.0
28000,20.0,100.0
28250,99.6,100.0
28500,100.0,100.0
28750,100.0,100.0
29000,100.0,100.0
29250,100.0,100.0
29500,100.0,88.88888888888889
29750,100.0,77.77777777777779
30000,20.0,66.66666666666666
30250,99.6,27.77777777777778
30500,100.0,15.789473684210526
30750,100.0,94.05204460966543
31000,100.0,96.91714836223507
31250,100.0,97.91937581274382
31500,100.0,98.42983316977428
31750,100.0,98.73916469661151
32000,20.0,0.06583278472679394
32250,99.6,16.447368421052634
32500,100.0,32.89473684210527
32750,100.0,49.34210526315789
33000,100.0,65.78947368421053
33250,100.0,82.23684210526315
33500,100.0,98.68421052631578
33750,100.0,88.88888888888889
34000,20.0,77.77777777777779
34250,99.6,16.666666666666664
34500,100.0,100.0
34750,100.0,100.0
35000,100.0,100.0
35250,100.0,100.0
35500,100.0,100.0
35750,100.0,100.0
36000,20.0,100.0
36250,99.6,16.458196181698487
36500,100.0,32.91639236339697
36750,100.0,49.37458854509546
37000,100.0,65.83278472679395
37250,100.0,82.29098090849243
37500,100.0,98.74917709019093
37750,100.0,83.33333333333334
38000,20.0,72.22222222222221
38250,99.6,22.22222222222222
38500,100.0,11.11111111111111
38750,100.0,100.0
39000,100.0,88.88888888888889
39250,100.0,77.77777777777779
39500,100.0,63.1578947368421
39750,100.0,97.39776951672863
40000,19.6,68.42105263157895
40250,99.6,95.19999999999999
40500,100.0,97.6
40750,100.0,98.4
41000,100.0,98.8
41250,100.0,99.03999999999999
41500,100.0,99.2
41750,100.0,99.31428571428572
42000,20.0,99.95
42250,99.6,99.95002498750625
42500,100.0,99.95002498750625
42750,100.0,99.95002498750625
43000,100.0,99.95002498750625
43250,100.0,99.95002498750625
43500,100.0,99.95002498750625
43750,100.0,99.95002498750625
44000,19.6,99.95002498750625
44250,100.0,83.33333333333334
44500,100.0,72.22222222222221
44750,100.0,61.111111111111114
45000,100.0,50.0
45250,100.0,38.88888888888889
45500,100.0,27.77777777777778
45750,100.0,16.666666666666664
46000,20.0,5.555555555555555
46250,99.6,88.88888888888889
46500,100.0,73.68421052631578
46750,100.0,98.14126394052045
47000,100.0,99.03660886319847
47250,100.0,99.34980494148245
47500,100.0,99.50932286555447
47750,100.0,99.60598896769109
48000,20.0,99.67083607636603
48250,99.6,99.73666886109282
48500,100.0,99.73666886109282
48750,100.0,99.73666886109282
49000,100.0,99.73666886109282
49250,100.0,99.73666886109282
49500,100.0,99.73666886109282
49750,100.0,16.666666666666664
50000,20.0,5.555555555555555
50250,99.6,88.88888888888889
50500,100.0,73.68421052631578
50750,100.0,98.14126394052045
51000,100.0,99.03660886319847
51250,100.0,99.34980494148245
51500,100.0,99.50932286555447
51750,100.0,99.60598896769109
52000,19.6,83.33333333333334
