250,0.0,100.0
500,0.0,100.0
750,0.0,100.0
1000,0.0,100.0
1250,0.0,100.0
1500,0.0,100.0
1750,0.0,9.485714285714286
2000,0.0,20.8
2250,6.0,14.269406392694064
2500,33.2,31.545741324921135
2750,100.0,47.3186119873817
3000,100.0,63.09148264984227
3250,100.0,78.86435331230284
3500,100.0,94.6372239747634
3750,40.400000000000006,8.597807270628968
4000,0.0,20.12102874432678
4250,6.0,14.409221902017292
4500,40.0,31.545741324921135
4750,100.0,47.3186119873817
5000,100.0,63.09148264984227
5250,100.0,78.86435331230284
5500,100.0,94.6372239747634
5750,40.400000000000006,10.542929292929292
6000,0.0,26.325757575757574
6250,99.6,26.37223974763407
6500,100.0,5.299684542586751
6750,100.0,21.07255520504732
7000,100.0,36.845425867507885
7250,100.0,52.618296529968454
7500,100.0,68.39116719242902
7750,40.0,14.29794520547945
8000,0.0,35.70205479452055
8250,99.6,35.78767123287671
8500,100.0,7.191780821917808
8750,100.0,28.5958904109589
9000,100.0,50.0
9250,100.0,10.904255319148938
9500,100.0,44.148936170212764
9750,40.0,77.3936170212766
10000,0.0,10.638297872340425
10250,99.6,22.73936170212766
10500,100.0,55.98404255319149
10750,100.0,89.22872340425532
11000,100.0,36.84992570579495
11250,100.0,73.99702823179793
11500,100.0,11.144130757800893
11750,39.6,48.29123328380386
12000,0.0,85.43833580980683
12250,99.6,85.58692421991084
12500,100.0,85.58692421991084
12750,100.0,77.77777777777779
13000,100.0,30.303030303030305
13250,100.0,82.82828282828282
13500,100.0,35.35353535353536
13750,40.0,87.87878787878788
14000,0.0,40.4040404040404
14250,99.6,51.66666666666667
14500,100.0,68.33333333333333
14750,100.0,85.0
15000,100.0,1.6666666666666667
15250,100.0,18.333333333333332
15500,100.0,35.0
15750,39.6,51.66666666666667
16000,0.0,68.33333333333333
16250,99.6,87.5
16500,100.0,50.0
16750,100.0,12.5
17000,100.0,70.58823529411765
17250,100.0,98.12734082397003
17500,100.0,99.03288201160542
17750,40.0,99.34810951760105
18000,0.0,99.50835791543756
18250,99.6,99.50884086444007
18500,100.0,99.50884086444007
18750,100.0,99.50884086444007
19000,100.0,99.50884086444007
19250,100.0,93.75
19500,100.0,52.94117647058824
19750,40.0,97.00374531835206
20000,0.0,98.45261121856866
20250,99.6,98.45559845559846
20500,100.0,98.45559845559846
20750,100.0,97.58064516129032
21000,100.0,98.79518072289156
21250,100.0,99.19786096256684
21500,100.0,99.39879759519037
21750,40.0,99.51923076923077
22000,0.0,99.59946595460613
22250,99.6,99.59973315543695
22500,100.0,99.59973315543695
22750,100.0,99.59973315543695
23000,100.0,99.59973315543695
23250,100.0,99.59973315543695
23500,100.0,56.25
23750,40.0,18.75
24000,0.0,81.25
24250,99.6,87.5
24500,100.0,50.0
24750,100.0,12.5
25000,100.0,75.0
25250,100.0,37.5
25500,100.0,100.0
25750,40.0,62.5
26000,0.0,25.0
26250,99.6,43.75
26500,100.0,6.25
26750,100.0,68.75
27000,100.0,31.25
27250,100.0,93.75
27500,100.0,52.94117647058824
27750,40.0,97.00374531835206
28000,0.0,98.45261121856866
28250,99.6,98.45559845559846
28500,100.0,98.45559845559846
28750,100.0,12.5
29000,100.0,70.58823529411765
29250,100.0,98.12734082397003
29500,100.0,99.03288201160542
29750,40.0,99.34810951760105
30000,0.0,99.50835791543756
30250,99.6,99.50884086444007
30500,100.0,99.50884086444007
30750,100.0,99.50884086444007
31000,100.0,99.50884086444007
31250,100.0,93.75
31500,100.0,52.94117647058824
31750,40.0,97.00374531835206
32000,0.0,98.45261121856866
32250,99.6,98.45559845559846
32500,100.0,98.45559845559846
32750,100.0,12.5
33000,100.0,70.58823529411765
33250,100.0,98.12734082397003
33500,100.0,99.03288201160542
33750,40.0,99.34810951760105
34000,0.0,99.50835791543756
34250,99.6,99.50884086444007
34500,100.0,99.50884086444007
34750,100.0,99.50884086444007
35000,100.0,99.50884086444007
35250,100.0,93.75
35500,100.0,56.25
35750,40.0,18.75
36000,0.0,81.25
36250,99.6,87.5
36500,100.0,50.0
36750,100.0,12.5
37000,100.0,75.0
37250,100.0,37.5
37500,100.0,100.0
37750,40.0,62.5
38000,0.0,25.0
38250,99.6,43.75
38500,100.0,100.0
38750,100.0,100.0
39000,100.0,100.0
39250,100.0,100.0
39500,100.0,100.0
39750,40.0,100.0
40000,0.0,100.0
40250,99.6,100.0
40500,100.0,100.0
40750,100.0,100.0
41000,100.0,100.0
41250,100.0,100.0
41500,100.0,100.0
41750,40.0,56.25
42000,0.0,18.75
42250,99.6,50.0
42500,100.0,56.25
42750,100.0,95.0354609929078
43000,100.0,97.36842105263158
43250,100.0,98.20971867007673
43500,100.0,98.64341085271317
43750,40.0,0.078003120124805
44000,0.0,0.06527415143603134
44250,99.6,16.307893020221787
44500,100.0,32.615786040443574
44750,100.0,48.92367906066536
45000,100.0,65.23157208088715
45250,100.0,81.53946510110893
45500,100.0,97.84735812133071
45750,40.0,68.75
46000,0.0,31.25
46250,99.6,37.5
46500,100.0,100.0
46750,100.0,62.5
47000,100.0,23.52941176470588
47250,100.0,95.13108614232209
47500,100.0,97.48549323017409
47750,40.0,98.30508474576271
48000,0.0,98.72173058013766
48250,99.6,98.72298624754421
48500,100.0,98.72298624754421
48750,100.0,98.72298624754421
49000,100.0,98.72298624754421
49250,100.0,43.75
49500,100.0,6.25
49750,40.0,68.75
50000,0.0,29.411764705882355
50250,99.6,99.19354838709677
50500,100.0,100.0
50750,100.0,100.0
51000,100.0,100.0
51250,100.0,100.0
51500,100.0,100.0
51750,40.0,100.0
52000,0.0,100.0
