100,95.61739197323128,4.382608026768716
200,91.19440010769023,8.805599892309763
300,86.7675621622661,13.23243783773389
400,82.34457029672507,17.655429703274937
500,77.91388627141785,22.086113728582145
600,73.4908944058768,26.509105594123188
700,69.06021038056961,30.939789619430396
800,64.63337243514547,35.366627564854525
900,60.20653448972135,39.79346551027865
1000,55.78738870406338,44.21261129593662
1100,50.67017941962655,49.32982058037346
1200,45.570277494663564,54.42972250533643
1300,41.02421107286398,58.97578892713602
1400,37.30120574604335,62.698794253956656
1500,31.72054383569547,68.27945616430453
1600,26.88025230284033,73.11974769715967
1700,21.103440318455412,78.89655968154459
1800,16.028537912732446,83.97146208726755
1900,10.488259841156902,89.5117401588431
2000,3.8960789215592007,96.1039210784408
2100,3.848002923020711,96.15199707697928
