250,0.0,100.0
500,0.0,100.0
750,0.0,34.0
1000,0.0,50.5
1250,0.0,60.4
1500,0.0,67.0
1750,0.0,71.71428571428572
2000,0.0,75.25
2250,1.6,71.97488584474885
2500,0.0,1.002004008016032
2750,0.0,33.91188251001335
3000,0.0,50.45045045045045
3250,0.0,60.368294635708565
3500,0.0,66.97798532354902
3750,0.0,71.69811320754717
4000,0.0,75.23761880940471
4250,1.6,71.95888063963449
4500,0.0,1.002004008016032
4750,0.0,33.91188251001335
5000,0.0,50.45045045045045
5250,0.0,60.368294635708565
5500,0.0,66.97798532354902
5750,0.0,71.69811320754717
6000,0.0,75.23761880940471
6250,1.6,63.0
6500,0.0,50.5
6750,0.0,38.0
7000,0.0,50.0
7250,0.0,62.5
7500,0.0,75.0
7750,98.0,87.5
8000,100.0,40.0
8250,99.6,80.0
8500,100.0,66.66666666666666
8750,0.0,99.21875
9000,0.0,99.01185770750988
9250,0.0,99.33862433862434
9500,0.0,99.50298210735586
9750,0.0,99.60191082802548
10000,0.0,99.66799468791501
10250,99.6,99.66821499668215
10500,98.0,99.33642999336429
10750,0.0,82.7471798274718
11000,0.0,66.35700066357
11250,0.0,82.94625082946251
11500,0.0,99.53550099535501
11750,2.0,100.0
12000,0.0,100.0
12250,99.6,100.0
12500,100.0,100.0
12750,0.0,100.0
13000,0.0,99.00990099009901
13250,0.0,99.33774834437085
13500,0.0,99.50248756218906
13750,0.0,99.60159362549801
14000,0.0,99.93337774816789
14250,99.6,99.93342210386152
14500,98.0,99.6005326231691
14750,0.0,82.9560585885486
15000,0.0,66.57789613848203
15250,0.0,83.22237017310253
15500,0.0,99.86684420772303
15750,0.4,100.0
16000,0.0,11.11111111111111
16250,99.6,40.0
16500,100.0,40.0
16750,0.0,40.0
17000,0.0,40.0
17250,0.0,40.0
17500,0.0,40.0
17750,0.0,40.0
18000,0.0,40.0
18250,99.6,80.0
18500,100.0,80.0
18750,0.0,80.0
19000,0.0,66.66666666666666
19250,0.0,99.21875
19500,0.0,99.01185770750988
19750,0.0,99.33862433862434
20000,0.0,99.50298210735586
20250,99.6,99.50347567030785
20500,98.0,99.00695134061569
20750,0.0,74.47864945382324
21000,0.0,99.30486593843099
21250,2.0,100.0
21500,0.0,83.33333333333334
21750,0.0,60.0
22000,0.0,50.0
22250,99.6,100.0
22500,98.0,100.0
22750,0.0,99.33155080213903
23000,0.0,99.49899799599199
23250,0.0,99.59935897435898
23500,0.0,99.66622162883844
23750,0.0,99.71395881006865
24000,0.0,99.74974974974975
24250,99.6,99.74987493746873
24500,98.0,99.49974987493746
24750,0.0,86.99349674837418
25000,0.0,74.4872436218109
25250,0.0,62.531265632816414
25500,0.0,75.03751875937968
25750,0.0,87.54377188594297
26000,2.0,60.0
26250,99.6,60.0
26500,100.0,60.0
26750,0.0,60.0
27000,0.0,60.0
27250,0.0,60.0
27500,0.0,60.0
27750,0.0,60.0
28000,0.0,60.0
28250,99.6,60.0
28500,100.0,60.0
28750,0.0,60.0
29000,0.0,50.0
29250,0.0,98.79032258064517
29500,0.0,99.3975903614458
29750,0.0,99.33155080213903
30000,0.0,99.79899497487436
30250,99.6,99.79919678714859
30500,98.0,99.29718875502009
30750,0.0,75.30120481927712
31000,0.8,99.79939819458376
31250,0.0,80.0
31500,0.0,66.66666666666666
31750,0.0,40.0
32000,0.0,40.0
32250,99.6,80.0
32500,100.0,66.66666666666666
32750,0.0,99.21875
33000,0.0,99.01185770750988
33250,0.0,99.33862433862434
33500,0.0,99.50298210735586
33750,0.0,99.60191082802548
34000,0.0,99.66799468791501
34250,99.6,99.66821499668215
34500,98.0,99.33642999336429
34750,0.0,82.7471798274718
35000,0.0,66.35700066357
35250,0.0,82.94625082946251
35500,0.0,99.53550099535501
35750,2.0,100.0
36000,0.0,100.0
36250,99.6,100.0
36500,100.0,100.0
36750,0.0,100.0
37000,0.0,99.00990099009901
37250,0.0,99.33774834437085
37500,0.0,99.50248756218906
37750,0.0,100.0
38000,0.0,100.0
38250,99.6,100.0
38500,98.0,100.0
38750,0.0,100.0
39000,0.0,99.01960784313727
39250,0.0,99.3421052631579
39500,0.0,99.5049504950495
39750,0.0,99.60317460317461
40000,0.0,99.40397350993378
40250,99.6,99.33818663136995
40500,98.0,99.00727994705493
40750,0.0,82.46194573130377
41000,0.0,66.18133686300463
41250,0.0,82.72667107875579
41500,0.0,99.27200529450695
41750,2.0,20.0
42000,0.0,11.11111111111111
42250,99.6,40.0
42500,100.0,70.0
42750,0.0,98.84615384615385
43000,0.0,99.01960784313727
43250,0.0,99.3421052631579
43500,0.0,99.5049504950495
43750,0.0,99.60317460317461
44000,0.0,99.66887417218543
44250,99.6,99.66909331568498
44500,98.0,99.33818663136995
44750,0.0,82.7928524156188
45000,0.0,66.24751819986764
45250,0.0,82.72667107875579
45500,0.0,99.27200529450695
45750,2.0,20.0
46000,0.0,20.0
46250,99.6,20.0
46500,100.0,20.0
46750,0.0,98.4313725490196
47000,0.0,33.33333333333333
47250,0.0,98.4375
47500,0.0,99.01185770750988
47750,0.0,100.0
48000,0.0,100.0
48250,99.6,100.0
48500,100.0,100.0
48750,0.0,100.0
49000,0.0,99.00990099009901
49250,0.0,99.33774834437085
49500,0.0,99.50248756218906
49750,0.0,99.60159362549801
50000,0.0,99.66777408637874
50250,99.6,99.66799468791501
50500,98.0,99.33598937583001
50750,0.0,82.73572377158035
51000,0.0,66.40106241699867
51250,0.0,83.00132802124834
51500,0.0,99.60159362549801
51750,2.0,20.0
52000,0.0,11.11111111111111
