250,0.0
500,0.0
750,0.0
1000,0.0
1250,0.0
1500,0.0
1750,0.0
2000,0.0
2250,1.6
2500,0.0
2750,0.0
3000,0.0
3250,0.0
3500,0.0
3750,0.0
4000,0.0
4250,4.3999999999999995
4500,5.6000000000000005
4750,5.2
5000,51.2
5250,0.0
5500,0.0
5750,98.0
6000,4.8
6250,10.4
6500,98.4
6750,6.0
7000,4.8
7250,55.2
7500,3.5999999999999996
7750,0.0
8000,0.0
8250,4.3999999999999995
8500,2.0
8750,8.4
9000,57.99999999999999
9250,7.6
9500,13.600000000000001
9750,74.0
10000,0.0
10250,5.6000000000000005
10500,75.2
10750,20.4
11000,14.399999999999999
11250,60.4
11500,9.2
11750,0.0
12000,0.0
12250,4.8
12500,7.199999999999999
12750,14.799999999999999
13000,61.6
13250,17.599999999999998
13500,22.0
13750,48.8
14000,0.0
14250,8.0
14500,52.0
14750,25.2
15000,22.400000000000002
15250,62.8
15500,9.6
15750,0.0
16000,0.0
16250,5.2
16500,5.2
16750,17.599999999999998
17000,65.2
17250,25.6
17500,28.4
17750,32.0
18000,0.0
18250,7.6
18500,34.0
18750,33.2
19000,28.4
19250,67.2
19500,5.6000000000000005
19750,0.0
20000,0.0
20250,5.6000000000000005
20500,6.4
20750,10.8
21000,70.0
21250,33.2
21500,38.4
21750,12.0
22000,0.0
22250,6.800000000000001
22500,15.6
22750,41.199999999999996
23000,37.2
23250,70.8
23500,8.799999999999999
23750,0.0
24000,0.0
24250,7.6
24500,3.2
24750,12.4
25000,72.8
25250,40.400000000000006
25500,40.400000000000006
25750,0.0
26000,0.0
26250,7.6
26500,4.3999999999999995
26750,42.0
27000,44.4
27250,74.4
27500,10.8
27750,0.0
28000,0.0
28250,8.0
28500,3.2
28750,13.600000000000001
29000,74.4
29250,48.0
29500,33.6
29750,0.0
30000,0.0
30250,8.0
30500,6.0
30750,36.8
31000,51.6
31250,76.4
31500,3.5999999999999996
31750,0.0
32000,0.0
32250,85.6
32500,5.6000000000000005
32750,10.0
33000,10.8
33250,0.0
33500,0.0
33750,0.0
34000,0.0
34250,8.0
34500,5.2
34750,4.3999999999999995
35000,4.8
35250,66.0
35500,75.2
35750,16.0
36000,0.0
36250,8.0
36500,19.2
36750,77.60000000000001
37000,68.4
37250,6.800000000000001
37500,1.2
37750,0.0
38000,0.0
38250,4.8
38500,6.4
38750,5.6000000000000005
39000,11.600000000000001
39250,70.39999999999999
39500,79.2
39750,2.4
40000,0.0
40250,6.4
40500,8.4
40750,80.4
41000,71.2
41250,14.799999999999999
41500,5.2
41750,0.0
42000,0.0
42250,7.199999999999999
42500,4.0
42750,8.0
43000,18.0
43250,71.2
43500,65.60000000000001
43750,0.0
44000,0.0
44250,8.4
44500,5.6000000000000005
44750,68.4
45000,73.2
45250,23.200000000000003
45500,4.0
45750,0.0
46000,0.0
46250,5.6000000000000005
46500,4.0
46750,8.4
47000,28.799999999999997
47250,73.6
47500,6.0
47750,0.0
48000,0.0
48250,7.6
48500,4.8
48750,43.6
49000,52.0
49250,0.0
49500,0.0
49750,0.0
50000,0.0
50250,93.2
50500,96.8
50750,0.0
51000,0.0
51250,0.0
51500,0.0
51750,0.0
52000,0.0
