250,0.0,0.0
500,0.0,0.0
750,0.0,0.0
1000,0.0,0.0
1250,0.0,0.0
1500,0.0,0.0
1750,0.0,0.0
2000,0.0,0.0
2250,99.2,12.619888944977284
2500,100.0,25.239777889954567
2750,100.0,37.85966683493186
3000,100.0,50.479555779909134
3250,100.0,63.099444724886425
3500,100.0,75.71933366986372
3750,100.0,88.33922261484098
4000,100.0,1.0505252626313157
4250,100.0,12.619888944977284
4500,100.0,25.239777889954567
4750,100.0,37.85966683493186
5000,100.0,50.479555779909134
5250,100.0,63.099444724886425
5500,100.0,75.71933366986372
5750,100.0,88.33922261484098
6000,100.0,1.0606060606060608
6250,99.6,12.619888944977284
6500,100.0,25.239777889954567
6750,100.0,37.85966683493186
7000,100.0,50.479555779909134
7250,100.0,63.099444724886425
7500,100.0,75.71933366986372
7750,100.0,88.33922261484098
8000,100.0,1.0606060606060608
8250,99.6,12.626262626262626
8500,100.0,25.252525252525253
8750,100.0,37.878787878787875
9000,100.0,50.505050505050505
9250,100.0,63.13131313131313
9500,100.0,75.75757575757575
9750,100.0,88.38383838383838
10000,100.0,1.0606060606060608
10250,99.6,12.626262626262626
10500,100.0,25.252525252525253
10750,100.0,37.878787878787875
11000,100.0,50.505050505050505
11250,100.0,63.13131313131313
11500,100.0,75.75757575757575
11750,100.0,88.38383838383838
12000,100.0,1.0606060606060608
12250,99.6,12.626262626262626
12500,100.0,25.252525252525253
12750,100.0,37.878787878787875
13000,100.0,50.505050505050505
13250,100.0,63.13131313131313
13500,100.0,75.75757575757575
13750,100.0,88.38383838383838
14000,100.0,1.0606060606060608
14250,99.6,12.626262626262626
14500,100.0,25.252525252525253
14750,100.0,37.878787878787875
15000,100.0,50.505050505050505
15250,100.0,63.13131313131313
15500,100.0,75.75757575757575
15750,100.0,88.38383838383838
16000,100.0,1.0606060606060608
16250,99.6,12.626262626262626
16500,100.0,25.252525252525253
16750,100.0,37.878787878787875
17000,100.0,50.505050505050505
17250,100.0,63.13131313131313
17500,100.0,75.75757575757575
17750,100.0,88.38383838383838
18000,100.0,1.0606060606060608
18250,99.6,12.626262626262626
18500,100.0,25.252525252525253
18750,100.0,37.878787878787875
19000,100.0,50.505050505050505
19250,100.0,63.13131313131313
19500,100.0,75.75757575757575
19750,100.0,88.38383838383838
20000,100.0,1.0606060606060608
20250,99.6,12.626262626262626
20500,100.0,25.252525252525253
20750,100.0,37.878787878787875
21000,100.0,50.505050505050505
21250,100.0,63.13131313131313
21500,100.0,75.75757575757575
21750,100.0,88.38383838383838
22000,100.0,1.0606060606060608
22250,99.6,12.626262626262626
22500,100.0,25.252525252525253
22750,100.0,37.878787878787875
23000,100.0,50.505050505050505
23250,100.0,63.13131313131313
23500,100.0,75.75757575757575
23750,100.0,88.38383838383838
24000,100.0,1.0606060606060608
24250,99.6,12.626262626262626
24500,100.0,25.252525252525253
24750,100.0,37.878787878787875
25000,100.0,50.505050505050505
25250,100.0,63.13131313131313
25500,100.0,75.75757575757575
25750,100.0,88.38383838383838
26000,100.0,1.0606060606060608
26250,99.6,12.626262626262626
26500,100.0,25.252525252525253
26750,100.0,37.878787878787875
27000,100.0,50.505050505050505
27250,100.0,63.13131313131313
27500,100.0,75.75757575757575
27750,100.0,88.38383838383838
28000,100.0,1.0606060606060608
28250,99.6,12.626262626262626
28500,100.0,25.252525252525253
28750,100.0,37.878787878787875
29000,100.0,50.505050505050505
29250,100.0,63.13131313131313
29500,100.0,75.75757575757575
29750,100.0,88.38383838383838
30000,100.0,1.0606060606060608
30250,99.6,12.626262626262626
30500,100.0,25.252525252525253
30750,100.0,37.878787878787875
31000,100.0,50.505050505050505
31250,100.0,63.13131313131313
31500,100.0,75.75757575757575
31750,100.0,88.38383838383838
32000,100.0,1.0606060606060608
32250,99.6,12.626262626262626
32500,100.0,25.252525252525253
32750,100.0,37.878787878787875
33000,100.0,50.505050505050505
33250,100.0,63.13131313131313
33500,100.0,75.75757575757575
33750,100.0,88.38383838383838
34000,100.0,1.0606060606060608
34250,99.6,12.626262626262626
34500,100.0,25.252525252525253
34750,100.0,37.878787878787875
35000,100.0,50.505050505050505
35250,100.0,63.13131313131313
35500,100.0,75.75757575757575
35750,100.0,88.38383838383838
36000,100.0,1.0606060606060608
36250,99.6,12.626262626262626
36500,100.0,25.252525252525253
36750,100.0,37.878787878787875
37000,100.0,50.505050505050505
37250,100.0,63.13131313131313
37500,100.0,75.75757575757575
37750,100.0,88.38383838383838
38000,100.0,1.0606060606060608
38250,99.6,12.626262626262626
38500,100.0,25.252525252525253
38750,100.0,37.878787878787875
39000,100.0,50.505050505050505
39250,100.0,63.13131313131313
39500,100.0,75.75757575757575
39750,100.0,88.38383838383838
40000,100.0,1.0606060606060608
40250,99.6,12.626262626262626
40500,100.0,25.252525252525253
40750,100.0,37.878787878787875
41000,100.0,50.505050505050505
41250,100.0,63.13131313131313
41500,100.0,75.75757575757575
41750,100.0,88.38383838383838
42000,100.0,1.0606060606060608
42250,99.6,12.626262626262626
42500,100.0,25.252525252525253
42750,100.0,37.878787878787875
43000,100.0,50.505050505050505
43250,100.0,63.13131313131313
43500,100.0,75.75757575757575
43750,100.0,88.38383838383838
44000,100.0,1.0606060606060608
44250,99.6,12.626262626262626
44500,100.0,25.252525252525253
44750,100.0,37.878787878787875
45000,100.0,50.505050505050505
45250,100.0,63.13131313131313
45500,100.0,75.75757575757575
45750,100.0,88.38383838383838
46000,100.0,1.0606060606060608
46250,99.6,12.626262626262626
46500,100.0,25.252525252525253
46750,100.0,37.878787878787875
47000,100.0,50.505050505050505
47250,100.0,63.13131313131313
47500,100.0,75.75757575757575
47750,100.0,88.38383838383838
48000,100.0,1.0606060606060608
48250,99.6,12.626262626262626
48500,100.0,25.252525252525253
48750,100.0,37.878787878787875
49000,100.0,50.505050505050505
49250,100.0,63.13131313131313
49500,100.0,75.75757575757575
49750,100.0,88.38383838383838
50000,100.0,1.0606060606060608
50250,99.6,12.626262626262626
50500,100.0,25.252525252525253
50750,100.0,37.878787878787875
51000,100.0,50.505050505050505
51250,100.0,63.13131313131313
51500,100.0,75.75757575757575
51750,100.0,88.38383838383838
52000,100.0,1.0606060606060608
