100,95.61739197323128,4.382608026768716
200,91.19440010769023,8.805599892309763
300,86.7675621622661,13.23243783773389
400,82.34072421684199,17.659275783158016
500,77.91388627141785,22.086113728582145
600,73.48704832599373,26.512951674006267
700,69.06021038056961,30.939789619430396
800,64.66029499432703,35.33970500567297
900,60.23730312878598,39.76269687121402
1000,55.79508086382954,44.20491913617045
1100,50.70479413857426,49.29520586142574
1200,45.48566373723582,54.514336262764175
1300,41.556893136670446,58.443106863329554
1400,36.17238130035961,63.82761869964039
1500,30.78594642410723,69.21405357589278
1600,25.399511547854846,74.60048845214516
1700,20.01307667160247,79.98692332839752
1800,14.62664179535009,85.3733582046499
1900,9.24020691909771,90.7597930809023
2000,3.8960789215592007,96.1039210784408
2100,3.848002923020711,96.15199707697928
