250,0.0,20.8
500,0.0,60.4
750,0.0,73.6
1000,0.0,80.2
1250,0.0,84.16
1500,0.0,86.8
1750,0.0,88.68571428571428
2000,0.0,90.10000000000001
2250,0.4,20.481927710843372
2500,0.0,60.320641282565134
2750,0.0,73.56475300400534
3000,0.0,80.18018018018019
3250,0.0,84.14731785428343
3500,0.0,86.79119412941961
3750,0.0,88.67924528301887
4000,0.0,90.09504752376188
4250,0.4,20.481927710843372
4500,0.0,60.320641282565134
4750,0.0,73.56475300400534
5000,0.0,80.18018018018019
5250,0.0,84.14731785428343
5500,0.0,86.79119412941961
5750,0.0,88.67924528301887
6000,0.0,90.09504752376188
6250,0.4,77.7
6500,0.0,65.2
6750,0.0,52.7
7000,0.0,50.0
7250,0.0,62.5
7500,0.0,75.0
7750,0.0,87.5
8000,79.2,100.0
8250,79.60000000000001,99.19678714859438
8500,0.0,99.59919839679358
8750,0.0,99.73297730307075
9000,0.0,99.7997997997998
9250,0.0,99.83987189751802
9500,0.0,99.866577718479
9750,0.0,99.88564894225271
10000,0.0,99.89994997498749
10250,78.8,97.3
10500,0.0,84.8
10750,0.0,72.3
11000,0.0,59.8
11250,0.0,62.5
11500,0.0,75.0
11750,0.0,87.5
12000,0.8,100.0
12250,79.60000000000001,50.0
12500,0.0,50.0
12750,0.0,50.0
13000,0.0,50.0
13250,0.0,50.0
13500,0.0,50.0
13750,0.0,50.0
14000,0.0,50.0
14250,79.60000000000001,50.0
14500,0.0,50.0
14750,0.0,50.0
15000,0.0,100.0
15250,0.0,99.2094861660079
15500,0.0,99.60238568588468
15750,0.0,99.734395750332
16000,0.0,99.9001996007984
16250,78.8,94.71585244267199
16500,0.0,69.79062811565304
16750,0.0,74.77567298105683
17000,0.0,99.70089730807578
17250,0.4,50.0
17500,0.0,100.0
17750,0.0,99.2094861660079
18000,0.0,100.0
18250,79.60000000000001,100.0
18500,0.0,99.3421052631579
18750,0.0,99.63898916967509
19000,0.0,99.75124378109453
19250,0.0,99.81024667931689
19500,0.0,99.84662576687117
19750,0.0,99.87129987129987
20000,0.0,99.88913525498891
20250,78.8,97.00831024930748
20500,0.0,83.15789473684211
20750,0.0,69.30747922437673
21000,0.0,55.45706371191136
21250,0.0,69.25207756232687
21500,0.0,83.10249307479224
21750,0.0,96.95290858725761
22000,0.8,33.33333333333333
22250,79.60000000000001,100.0
22500,0.0,100.0
22750,0.0,100.0
23000,0.0,100.0
23250,0.0,100.0
23500,0.0,100.0
23750,0.0,100.0
24000,0.0,100.0
24250,79.60000000000001,100.0
24500,0.0,66.66666666666666
24750,0.0,99.2094861660079
25000,0.0,99.60238568588468
25250,0.0,99.734395750332
25500,0.0,99.80059820538385
25750,0.0,99.84038308060654
26000,0.0,99.86693280106454
26250,78.8,96.4095744680851
26500,0.0,79.7872340425532
26750,0.0,63.16489361702128
27000,0.0,66.48936170212765
27250,0.0,83.11170212765957
27500,0.0,99.7340425531915
27750,0.8,100.0
28000,0.0,33.33333333333333
28250,79.60000000000001,100.0
28500,0.0,66.66666666666666
28750,0.0,99.2094861660079
29000,0.0,99.60238568588468
29250,0.0,99.734395750332
29500,0.0,99.80059820538385
29750,0.0,99.84038308060654
30000,0.0,100.0
30250,78.8,100.0
30500,0.0,99.33774834437085
30750,0.0,99.63768115942028
31000,0.0,99.75062344139651
31250,0.0,99.80988593155894
31500,0.0,99.84639016897081
31750,0.0,99.87113402061856
32000,0.0,99.88901220865705
32250,78.8,97.00499168053244
32500,0.0,83.13921242373821
32750,0.0,69.27343316694399
33000,0.0,55.46311702717692
33250,0.0,69.32889628397116
33500,0.0,83.19467554076539
33750,0.0,97.06045479755963
34000,0.8,33.33333333333333
34250,79.60000000000001,100.0
34500,0.0,66.66666666666666
34750,0.0,99.2094861660079
35000,0.0,99.60238568588468
35250,0.0,99.734395750332
35500,0.0,99.80059820538385
35750,0.0,99.84038308060654
36000,0.0,100.0
36250,79.60000000000001,100.0
36500,0.0,99.33774834437085
36750,0.0,99.63768115942028
37000,0.0,99.75062344139651
37250,0.0,99.80988593155894
37500,0.0,99.84639016897081
37750,0.0,99.87113402061856
38000,0.0,99.88901220865705
38250,78.8,97.00499168053244
38500,0.0,83.13921242373821
38750,0.0,69.27343316694399
39000,0.0,55.46311702717692
39250,0.0,69.32889628397116
39500,0.0,83.19467554076539
39750,0.0,97.06045479755963
40000,0.8,33.33333333333333
40250,79.60000000000001,100.0
40500,0.0,66.66666666666666
40750,0.0,99.2094861660079
41000,0.0,99.60238568588468
41250,0.0,99.734395750332
41500,0.0,99.80059820538385
41750,0.0,99.84038308060654
42000,0.0,100.0
42250,79.60000000000001,100.0
42500,0.0,99.33774834437085
42750,0.0,99.63768115942028
43000,0.0,99.75062344139651
43250,0.0,99.80988593155894
43500,0.0,99.84639016897081
43750,0.0,99.87113402061856
44000,0.0,99.88901220865705
44250,78.8,97.00499168053244
44500,0.0,83.13921242373821
44750,0.0,69.27343316694399
45000,0.0,55.46311702717692
45250,0.0,69.32889628397116
45500,0.0,83.19467554076539
45750,0.0,97.06045479755963
46000,0.8,33.33333333333333
46250,79.60000000000001,100.0
46500,0.0,100.0
46750,0.0,100.0
47000,0.0,66.66666666666666
47250,0.0,99.2094861660079
47500,0.0,99.60238568588468
47750,0.0,99.19354838709677
48000,0.0,100.0
48250,79.60000000000001,100.0
48500,0.0,66.66666666666666
48750,0.0,99.2094861660079
49000,0.0,99.60238568588468
49250,0.0,99.734395750332
49500,0.0,99.80059820538385
49750,0.0,99.84038308060654
50000,0.0,99.86693280106454
50250,78.8,96.4095744680851
50500,0.0,79.7872340425532
50750,0.0,63.16489361702128
51000,0.0,66.48936170212765
51250,0.0,83.11170212765957
51500,0.0,99.7340425531915
51750,0.8,100.0
52000,0.0,33.33333333333333
