250,0.0,60.8
500,0.0,80.4
750,0.0,86.93333333333332
1000,0.0,90.2
1250,0.0,92.16
1500,0.0,93.46666666666667
1750,0.0,94.39999999999999
2000,0.0,95.1
2250,0.4,1.2048192771084338
2500,0.0,0.6012024048096193
2750,0.0,0.4005340453938585
3000,0.0,0.3003003003003003
3250,0.0,0.24019215372297836
3500,0.0,0.20013342228152103
3750,0.0,0.17152658662092624
4000,0.0,0.1500750375187594
4250,0.4,61.044176706827315
4500,0.0,80.56112224448898
4750,0.0,87.04939919893191
5000,0.0,90.29029029029029
5250,0.0,92.2337870296237
5500,0.0,93.52901934623083
5750,0.0,94.45397369925672
6000,0.0,95.14757378689345
6250,0.4,0.1
6500,0.0,0.1
6750,0.0,0.1
7000,0.0,0.1
7250,0.0,0.1
7500,0.0,0.1
7750,0.0,0.1
8000,39.2,100.0
8250,39.6,99.19678714859438
8500,0.0,99.59919839679358
8750,0.0,99.73297730307075
9000,0.0,99.7997997997998
9250,0.0,99.83987189751802
9500,0.0,99.866577718479
9750,0.0,99.88564894225271
10000,0.0,99.89994997498749
10250,38.800000000000004,9.8
10500,0.0,9.8
10750,0.0,9.8
11000,0.0,9.8
11250,0.0,9.8
11500,0.0,9.8
11750,0.0,9.8
12000,0.8,100.0
12250,39.6,100.0
12500,0.0,100.0
12750,0.0,100.0
13000,0.0,100.0
13250,0.0,100.0
13500,0.0,100.0
13750,0.0,100.0
14000,0.0,100.0
14250,39.6,100.0
14500,0.0,100.0
14750,0.0,100.0
15000,0.0,66.66666666666666
15250,0.0,39.130434782608695
15500,0.0,19.681908548707753
15750,0.0,13.147410358565736
16000,0.0,9.870388833499502
16250,38.800000000000004,24.701195219123505
16500,0.0,49.60159362549801
16750,0.0,74.5019920318725
17000,0.0,99.40239043824701
17250,0.8,99.59677419354838
17500,0.0,99.79919678714859
17750,0.0,99.8663101604278
18000,0.0,99.79959919839679
18250,38.800000000000004,19.81981981981982
18500,0.0,19.81981981981982
18750,0.0,19.81981981981982
19000,0.8,66.66666666666666
19250,0.0,39.130434782608695
19500,0.0,19.681908548707753
19750,0.0,13.147410358565736
20000,0.0,9.870388833499502
20250,38.800000000000004,5.577689243027888
20500,0.0,30.47808764940239
20750,0.0,55.37848605577689
21000,0.0,80.2788844621514
21250,0.8,100.0
21500,0.0,100.0
21750,0.0,100.0
22000,0.0,100.0
22250,39.6,100.0
22500,0.0,100.0
22750,0.0,100.0
23000,0.0,100.0
23250,0.0,100.0
23500,0.0,100.0
23750,0.0,100.0
24000,0.0,66.66666666666666
24250,39.6,99.19354838709677
24500,0.0,99.59839357429718
24750,0.0,99.73262032085562
25000,0.0,99.79959919839679
25250,0.0,99.67948717948718
25500,0.0,99.73297730307075
25750,0.0,99.77116704805492
26000,0.0,99.7997997997998
26250,38.800000000000004,9.804902451225612
26500,0.0,9.804902451225612
26750,0.0,9.804902451225612
27000,0.0,9.804902451225612
27250,0.0,9.904952476238119
27500,0.0,9.904952476238119
27750,0.0,9.904952476238119
28000,0.8,66.66666666666666
28250,39.6,61.29032258064516
28500,0.0,80.72289156626506
28750,0.0,87.16577540106952
29000,0.0,90.38076152304609
29250,0.0,92.1474358974359
29500,0.0,93.45794392523365
29750,0.0,94.39359267734554
30000,0.0,95.09509509509509
30250,38.800000000000004,2.8014007003501753
30500,0.0,0.750375187593797
30750,0.0,3.551775887943972
31000,0.0,1.500750375187594
31250,0.0,4.302151075537769
31500,0.0,2.2511255627813904
31750,0.0,0.2001000500250125
32000,0.8,66.66666666666666
32250,39.6,99.19354838709677
32500,0.0,99.59839357429718
32750,0.0,99.73262032085562
33000,0.0,99.89969909729187
33250,0.0,100.0
33500,0.0,100.0
33750,0.0,100.0
34000,0.0,100.0
34250,39.6,100.0
34500,0.0,100.0
34750,0.0,100.0
35000,0.0,100.0
35250,0.0,100.0
35500,0.0,100.0
35750,0.0,100.0
36000,0.0,66.66666666666666
36250,39.6,61.29032258064516
36500,0.0,80.72289156626506
36750,0.0,87.16577540106952
37000,0.0,90.38076152304609
37250,0.0,92.1474358974359
37500,0.0,93.45794392523365
37750,0.0,94.39359267734554
38000,0.0,95.04504504504504
38250,38.800000000000004,2.8014007003501753
38500,0.0,0.750375187593797
38750,0.0,3.551775887943972
39000,0.0,1.500750375187594
39250,0.0,4.302151075537769
39500,0.0,2.2511255627813904
39750,0.0,0.2001000500250125
40000,0.8,66.66666666666666
40250,39.6,99.19354838709677
40500,0.0,99.59839357429718
40750,0.0,99.73262032085562
41000,0.0,99.79959919839679
41250,0.0,99.67948717948718
41500,0.0,99.73297730307075
41750,0.0,99.77116704805492
42000,0.0,99.74974974974975
42250,38.800000000000004,9.904952476238119
42500,0.0,9.904952476238119
42750,0.0,9.904952476238119
43000,0.0,9.904952476238119
43250,0.0,10.005002501250624
43500,0.0,10.005002501250624
43750,0.0,10.005002501250624
44000,0.8,66.66666666666666
44250,39.6,61.29032258064516
44500,0.0,80.72289156626506
44750,0.0,87.16577540106952
45000,0.0,90.47141424272819
45250,0.0,100.0
45500,0.0,100.0
45750,0.0,100.0
46000,0.0,100.0
46250,39.6,100.0
46500,0.0,100.0
46750,0.0,100.0
47000,0.0,100.0
47250,0.0,100.0
47500,0.0,100.0
47750,0.0,100.0
48000,0.0,66.66666666666666
48250,39.6,99.19354838709677
48500,0.0,99.59839357429718
48750,0.0,99.73262032085562
49000,0.0,99.79959919839679
49250,0.0,99.67948717948718
49500,0.0,99.73297730307075
49750,0.0,99.77116704805492
50000,0.0,99.7997997997998
50250,38.800000000000004,9.804902451225612
50500,0.0,9.804902451225612
50750,0.0,9.804902451225612
51000,0.0,9.804902451225612
51250,0.0,9.904952476238119
51500,0.0,9.904952476238119
51750,0.0,9.904952476238119
52000,0.8,66.66666666666666
