250,0.0,20.8
500,0.0,60.4
750,0.0,73.6
1000,0.0,80.2
1250,0.0,84.16
1500,0.0,86.8
1750,0.0,88.68571428571428
2000,0.0,90.10000000000001
2250,0.4,1.2048192771084338
2500,0.0,0.6012024048096193
2750,0.0,0.4005340453938585
3000,0.0,0.3003003003003003
3250,0.0,0.24019215372297836
3500,0.0,0.20013342228152103
3750,0.0,0.17152658662092624
4000,0.0,0.1500750375187594
4250,0.4,20.883534136546185
4500,0.0,60.52104208416834
4750,0.0,73.69826435246995
5000,0.0,80.28028028028028
5250,0.0,84.22738190552442
5500,0.0,86.85790527018013
5750,0.0,88.73642081189251
6000,0.0,90.14507253626813
6250,0.4,0.1
6500,0.0,0.1
6750,0.0,0.1
7000,0.0,0.1
7250,0.0,0.1
7500,0.0,0.1
7750,0.0,0.1
8000,79.2,100.0
8250,79.60000000000001,99.59839357429718
8500,0.0,99.59919839679358
8750,0.0,99.73297730307075
9000,0.0,99.7997997997998
9250,0.0,99.83987189751802
9500,0.0,99.866577718479
9750,0.0,99.88564894225271
10000,0.0,99.89994997498749
10250,78.8,12.5
10500,0.0,19.8
10750,0.0,19.8
11000,0.0,19.8
11250,0.0,19.8
11500,0.0,19.8
11750,0.0,19.8
12000,0.8,100.0
12250,79.60000000000001,100.0
12500,0.0,100.0
12750,0.0,100.0
13000,0.0,100.0
13250,0.0,100.0
13500,0.0,100.0
13750,0.0,100.0
14000,0.0,100.0
14250,79.60000000000001,100.0
14500,0.0,100.0
14750,0.0,100.0
15000,0.0,66.66666666666666
15250,0.0,78.65612648221344
15500,0.0,39.562624254473164
15750,0.0,26.42762284196547
16000,0.0,19.84047856430708
16250,78.8,24.800796812749006
16500,0.0,49.60159362549801
16750,0.0,74.5019920318725
17000,0.0,99.40239043824701
17250,0.8,99.59677419354838
17500,0.0,99.79919678714859
17750,0.0,99.8663101604278
18000,0.0,99.79959919839679
18250,78.8,25.025025025025027
18500,0.0,39.83983983983984
18750,0.0,39.83983983983984
19000,0.8,66.66666666666666
19250,0.0,78.65612648221344
19500,0.0,39.562624254473164
19750,0.0,26.42762284196547
20000,0.0,19.84047856430708
20250,78.8,5.278884462151394
20500,0.0,10.557768924302788
20750,0.0,35.45816733067729
21000,0.0,60.3585657370518
21250,0.8,100.0
21500,0.0,100.0
21750,0.0,100.0
22000,0.0,100.0
22250,79.60000000000001,100.0
22500,0.0,100.0
22750,0.0,100.0
23000,0.0,100.0
23250,0.0,100.0
23500,0.0,100.0
23750,0.0,100.0
24000,0.0,66.66666666666666
24250,79.60000000000001,99.59677419354838
24500,0.0,99.59839357429718
24750,0.0,99.73262032085562
25000,0.0,99.79959919839679
25250,0.0,99.67948717948718
25500,0.0,99.73297730307075
25750,0.0,99.77116704805492
26000,0.0,99.7997997997998
26250,78.8,12.506253126563283
26500,0.0,19.809904952476238
26750,0.0,19.809904952476238
27000,0.0,19.809904952476238
27250,0.0,19.909954977488745
27500,0.0,19.909954977488745
27750,0.0,19.909954977488745
28000,0.8,66.66666666666666
28250,79.60000000000001,80.24193548387096
28500,0.0,60.6425702811245
28750,0.0,73.79679144385027
29000,0.0,80.36072144288578
29250,0.0,84.13461538461539
29500,0.0,86.78237650200266
29750,0.0,88.67276887871853
30000,0.0,90.09009009009009
30250,78.8,2.6513256628314155
30500,0.0,5.302651325662831
30750,0.0,7.953976988494247
31000,0.0,0.750375187593797
31250,0.0,3.401700850425213
31500,0.0,6.053026513256628
31750,0.0,8.704352176088044
32000,0.8,66.66666666666666
32250,79.60000000000001,99.59677419354838
32500,0.0,99.59839357429718
32750,0.0,99.73262032085562
33000,0.0,99.89969909729187
33250,0.0,100.0
33500,0.0,100.0
33750,0.0,100.0
34000,0.0,100.0
34250,79.60000000000001,100.0
34500,0.0,100.0
34750,0.0,100.0
35000,0.0,100.0
35250,0.0,100.0
35500,0.0,100.0
35750,0.0,100.0
36000,0.0,66.66666666666666
36250,79.60000000000001,80.24193548387096
36500,0.0,60.6425702811245
36750,0.0,73.79679144385027
37000,0.0,80.36072144288578
37250,0.0,84.13461538461539
37500,0.0,86.78237650200266
37750,0.0,88.67276887871853
38000,0.0,90.04004004004004
38250,78.8,2.6513256628314155
38500,0.0,5.302651325662831
38750,0.0,7.953976988494247
39000,0.0,0.750375187593797
39250,0.0,3.401700850425213
39500,0.0,6.053026513256628
39750,0.0,8.704352176088044
40000,0.8,66.66666666666666
40250,79.60000000000001,99.59677419354838
40500,0.0,99.59839357429718
40750,0.0,99.73262032085562
41000,0.0,99.79959919839679
41250,0.0,99.67948717948718
41500,0.0,99.73297730307075
41750,0.0,99.77116704805492
42000,0.0,99.74974974974975
42250,78.8,12.506253126563283
42500,0.0,19.909954977488745
42750,0.0,19.909954977488745
43000,0.0,19.909954977488745
43250,0.0,20.01000500250125
43500,0.0,20.01000500250125
43750,0.0,20.01000500250125
44000,0.8,66.66666666666666
44250,79.60000000000001,80.24193548387096
44500,0.0,60.6425702811245
44750,0.0,73.79679144385027
45000,0.0,80.44132397191575
45250,0.0,100.0
45500,0.0,100.0
45750,0.0,100.0
46000,0.0,100.0
46250,79.60000000000001,100.0
46500,0.0,100.0
46750,0.0,100.0
47000,0.0,100.0
47250,0.0,100.0
47500,0.0,100.0
47750,0.0,100.0
48000,0.0,66.66666666666666
48250,79.60000000000001,99.59677419354838
48500,0.0,99.59839357429718
48750,0.0,99.73262032085562
49000,0.0,99.79959919839679
49250,0.0,99.67948717948718
49500,0.0,99.73297730307075
49750,0.0,99.77116704805492
50000,0.0,99.7997997997998
50250,78.8,12.506253126563283
50500,0.0,19.809904952476238
50750,0.0,19.809904952476238
51000,0.0,19.809904952476238
51250,0.0,19.909954977488745
51500,0.0,19.909954977488745
51750,0.0,19.909954977488745
52000,0.8,66.66666666666666
