250,0.0,100.0
500,0.0,100.0
750,0.0,100.0
1000,0.0,100.0
1250,0.0,20.8
1500,0.0,34.0
1750,0.0,43.42857142857143
2000,0.0,50.5
2250,3.5999999999999996,44.00684931506849
2500,0.0,34.68708388814913
2750,0.0,59.904153354632584
3000,0.0,1.001001001001001
3250,0.0,20.736589271417134
3500,0.0,33.95597064709806
3750,0.0,43.39622641509434
4000,0.0,50.47523761880941
4250,3.5999999999999996,43.974871501998855
4500,0.0,34.6435709526982
4750,0.0,59.95203836930456
5000,0.0,1.001001001001001
5250,0.0,20.736589271417134
5500,0.0,33.95597064709806
5750,0.0,43.39622641509434
6000,0.0,50.5005005005005
6250,3.5999999999999996,38.519259629814904
6500,0.0,26.013006503251624
6750,0.0,37.51875937968984
7000,0.0,50.025012506253134
7250,96.0,62.531265632816414
7500,100.0,75.03751875937968
7750,100.0,87.54377188594297
8000,99.6,0.6
8250,99.6,49.6
8500,100.0,99.6
8750,100.0,49.6
9000,100.0,99.6
9250,0.0,49.6
9500,0.0,99.6
9750,0.0,49.6
10000,0.0,99.6
10250,99.6,99.8
10500,100.0,0.6
10750,100.0,30.0
11000,100.0,30.0
11250,0.0,30.0
11500,0.0,30.0
11750,0.0,30.0
12000,0.0,30.0
12250,99.6,80.0
12500,100.0,72.72727272727273
12750,100.0,98.85057471264368
13000,100.0,99.412915851272
13250,0.0,99.60578186596584
13500,0.0,99.0108803165183
13750,0.0,99.20697858842189
14000,0.0,99.33818663136995
14250,99.6,99.33862433862434
14500,100.0,99.33862433862434
14750,100.0,99.33862433862434
15000,96.0,98.67724867724867
15250,0.0,82.67195767195767
15500,0.0,99.20634920634922
15750,4.0,100.0
16000,0.0,100.0
16250,99.6,100.0
16500,100.0,90.9090909090909
16750,100.0,99.61685823754789
17000,100.0,99.80430528375733
17250,0.0,99.86859395532196
17500,0.0,99.0108803165183
17750,0.0,99.20697858842189
18000,0.0,99.33818663136995
18250,99.6,99.33862433862434
18500,100.0,99.33862433862434
18750,100.0,99.33862433862434
19000,96.0,98.67724867724867
19250,0.0,82.67195767195767
19500,0.0,99.20634920634922
19750,4.0,100.0
20000,0.0,5.263157894736842
20250,99.6,20.0
20500,100.0,20.0
20750,100.0,20.0
21000,100.0,20.0
21250,0.0,20.0
21500,0.0,20.0
21750,0.0,20.0
22000,0.0,20.0
22250,99.6,90.0
22500,100.0,90.0
22750,100.0,90.0
23000,100.0,81.81818181818183
23250,0.0,99.23371647509579
23500,0.0,99.60861056751467
23750,0.0,99.73718791064388
24000,0.0,99.0108803165183
24250,99.6,99.01185770750988
24500,100.0,99.01185770750988
24750,100.0,99.01185770750988
25000,96.0,98.81422924901186
25250,4.0,100.0
25500,0.0,90.9090909090909
25750,0.0,99.61685823754789
26000,0.0,99.80430528375733
26250,99.6,99.8046875
26500,100.0,99.8046875
26750,100.0,10.0
27000,100.0,100.0
27250,0.0,100.0
27500,0.0,100.0
27750,0.0,100.0
28000,0.0,99.0108803165183
28250,99.6,99.01185770750988
28500,100.0,99.01185770750988
28750,100.0,99.01185770750988
29000,96.0,98.81422924901186
29250,4.0,100.0
29500,0.0,100.0
29750,0.0,100.0
30000,0.0,100.0
30250,99.6,100.0
30500,100.0,100.0
30750,100.0,100.0
31000,100.0,90.9090909090909
31250,0.0,80.0
31500,0.0,80.0
31750,0.0,80.0
32000,0.0,80.0
32250,99.6,30.0
32500,100.0,27.27272727272727
32750,100.0,96.93486590038314
33000,96.0,98.43444227005871
33250,0.0,98.94875164257556
33500,0.0,99.0108803165183
33750,0.0,99.20697858842189
34000,0.0,98.74255459960291
34250,99.6,98.67724867724867
34500,100.0,98.67724867724867
34750,100.0,98.67724867724867
35000,96.0,98.01587301587301
35250,0.0,82.67195767195767
35500,0.0,99.20634920634922
35750,4.0,100.0
36000,0.0,100.0
36250,99.6,100.0
36500,100.0,90.9090909090909
36750,100.0,99.61685823754789
37000,100.0,99.80430528375733
37250,0.0,99.86859395532196
37500,0.0,99.0108803165183
37750,0.0,99.20697858842189
38000,0.0,99.33818663136995
38250,99.6,99.33862433862434
38500,100.0,99.33862433862434
38750,100.0,99.33862433862434
39000,96.0,98.67724867724867
39250,0.0,82.67195767195767
39500,0.0,99.20634920634922
39750,4.0,100.0
40000,0.0,5.263157894736842
40250,99.6,20.0
40500,100.0,20.0
40750,100.0,20.0
41000,100.0,20.0
41250,0.0,20.0
41500,0.0,20.0
41750,0.0,20.0
42000,0.0,20.0
42250,99.6,90.0
42500,100.0,90.0
42750,100.0,90.0
43000,100.0,81.81818181818183
43250,0.0,70.0
43500,0.0,63.63636363636363
43750,0.0,98.46743295019157
44000,0.0,99.21722113502935
44250,99.6,99.21875
44500,100.0,99.21875
44750,100.0,40.0
45000,96.0,70.0
45250,0.0,97.77777777777777
45500,0.0,98.84615384615385
45750,0.0,99.22077922077922
46000,0.0,99.01960784313727
46250,99.6,99.0205680705191
46500,100.0,99.0205680705191
46750,100.0,99.0205680705191
47000,96.0,98.0411361410382
47250,4.0,10.0
47500,0.0,100.0
47750,0.0,100.0
48000,0.0,100.0
48250,99.6,100.0
48500,100.0,100.0
48750,100.0,20.0
49000,100.0,18.181818181818183
49250,0.0,100.0
49500,0.0,100.0
49750,0.0,100.0
50000,0.0,100.0
50250,99.6,100.0
50500,100.0,90.9090909090909
50750,100.0,99.61685823754789
51000,96.0,99.80430528375733
51250,0.0,99.86859395532196
51500,0.0,99.0108803165183
51750,0.0,79.61934972244251
52000,0.0,66.44606221045665
