250,0.0
500,0.0
750,0.0
1000,0.0
1250,0.0
1500,0.0
1750,0.0
2000,0.0
2250,2.8000000000000003
2500,0.0
2750,0.0
3000,0.0
3250,0.0
3500,0.0
3750,0.0
4000,0.0
4250,94.0
4500,92.4
4750,96.0
5000,20.4
5250,0.0
5500,0.0
5750,0.0
6000,0.0
6250,93.60000000000001
6500,92.4
6750,94.8
7000,20.0
7250,0.0
7500,0.0
7750,0.0
8000,0.0
8250,94.0
8500,94.0
8750,94.39999999999999
9000,19.2
9250,0.0
9500,0.0
9750,0.0
10000,0.0
10250,96.0
10500,93.2
10750,96.39999999999999
11000,19.6
11250,0.0
11500,0.0
11750,0.0
12000,0.0
12250,94.8
12500,95.19999999999999
12750,94.39999999999999
13000,19.6
13250,0.0
13500,0.0
13750,0.0
14000,0.0
14250,94.8
14500,96.39999999999999
14750,94.8
15000,19.2
15250,0.0
15500,0.0
15750,0.0
16000,0.0
16250,95.6
16500,94.8
16750,95.19999999999999
17000,19.2
17250,0.0
17500,0.0
17750,0.0
18000,0.0
18250,94.8
18500,95.19999999999999
18750,96.8
19000,18.8
19250,0.0
19500,0.0
19750,0.0
20000,0.0
20250,96.0
20500,95.19999999999999
20750,94.8
21000,20.0
21250,0.0
21500,0.0
21750,0.0
22000,0.0
22250,95.6
22500,90.4
22750,93.2
23000,21.2
23250,0.0
23500,0.0
23750,0.0
24000,0.0
24250,94.8
24500,96.8
24750,94.8
25000,20.0
25250,0.0
25500,0.0
25750,0.0
26000,0.0
26250,96.0
26500,94.8
26750,95.6
27000,19.6
27250,0.0
27500,0.0
27750,0.0
28000,0.0
28250,94.8
28500,95.19999999999999
28750,94.0
29000,20.4
29250,0.0
29500,0.0
29750,0.0
30000,0.0
30250,96.0
30500,93.60000000000001
30750,95.6
31000,20.0
31250,0.0
31500,0.0
31750,0.0
32000,0.0
32250,95.6
32500,94.8
32750,95.6
33000,18.4
33250,0.0
33500,0.0
33750,0.0
34000,0.0
34250,96.0
34500,95.6
34750,94.8
35000,20.4
35250,0.0
35500,0.0
35750,0.0
36000,0.0
36250,93.2
36500,96.0
36750,94.0
37000,20.8
37250,0.0
37500,0.0
37750,0.0
38000,0.0
38250,94.39999999999999
38500,94.39999999999999
38750,95.6
39000,18.4
39250,0.0
39500,0.0
39750,0.0
40000,0.0
40250,94.0
40500,95.19999999999999
40750,96.8
41000,19.6
41250,0.0
41500,0.0
41750,0.0
42000,0.0
42250,94.39999999999999
42500,95.19999999999999
42750,95.6
43000,19.6
43250,0.0
43500,0.0
43750,0.0
44000,0.0
44250,94.0
44500,93.2
44750,92.0
45000,19.6
45250,0.0
45500,0.0
45750,0.0
46000,0.0
46250,8.0
46500,4.0
46750,92.4
47000,91.60000000000001
47250,95.19999999999999
47500,17.599999999999998
47750,0.0
48000,0.0
48250,8.799999999999999
48500,5.2
48750,21.2
49000,96.39999999999999
49250,91.60000000000001
49500,84.39999999999999
49750,0.0
50000,0.0
50250,6.4
50500,4.3999999999999995
50750,84.8
51000,92.0
51250,96.39999999999999
51500,25.2
51750,0.0
52000,0.0
