250,0.0,100.0
500,0.0,100.0
750,0.0,100.0
1000,0.0,100.0
1250,0.0,12.879999999999999
1500,0.0,27.400000000000002
1750,0.0,37.77142857142857
2000,0.0,45.550000000000004
2250,4.0,38.41324200913242
2500,0.0,33.288948069241016
2750,0.0,59.904153354632584
3000,35.199999999999996,91.74311926605505
3250,40.400000000000006,12.810248198558845
3500,0.0,27.351567711807874
3750,0.0,37.735849056603776
4000,0.0,45.52276138069035
4250,4.0,38.37806967447173
4500,0.0,33.311125916055964
4750,0.0,59.95203836930456
5000,35.6,91.74311926605505
5250,40.400000000000006,12.035541195476576
5500,0.0,26.814516129032256
5750,0.0,37.34177215189873
6000,0.0,45.44994944388271
6250,4.0,33.400707427993936
6500,0.0,25.265285497726126
6750,0.0,37.89792824658919
7000,40.0,50.53057099545225
7250,100.0,63.16321374431531
7500,100.0,75.79585649317838
7750,100.0,88.42849924204144
8000,91.60000000000001,2.3469387755102042
8250,99.6,23.26530612244898
8500,100.0,48.775510204081634
8750,100.0,27.495621716287218
9000,100.0,71.2784588441331
9250,40.0,15.061295971978982
9500,0.0,58.844133099824866
9750,0.0,2.626970227670753
10000,0.0,46.409807355516634
10250,99.6,46.58493870402802
10500,100.0,41.33099824868651
10750,100.0,58.306188925081436
11000,100.0,39.73941368078176
11250,40.0,21.172638436482085
11500,0.0,2.6058631921824107
11750,0.0,84.03908794788273
12000,0.0,65.47231270358306
12250,99.6,16.233766233766232
12500,100.0,63.63636363636363
12750,100.0,36.36363636363637
13000,100.0,100.0
13250,40.0,100.0
13500,0.0,100.0
13750,0.0,100.0
14000,0.0,100.0
14250,99.6,100.0
14500,100.0,100.0
14750,100.0,100.0
15000,100.0,100.0
15250,40.0,63.63636363636363
15500,0.0,36.36363636363637
15750,0.0,9.090909090909092
16000,0.0,75.0
16250,99.6,18.181818181818183
16500,100.0,83.33333333333334
16750,100.0,99.23664122137404
17000,100.0,99.609375
17250,40.0,0.13123359580052493
17500,0.0,0.09881422924901186
17750,0.0,0.07923930269413629
18000,0.0,0.06613756613756613
18250,99.6,16.523463317911435
18500,100.0,33.04692663582287
18750,100.0,49.5703899537343
19000,100.0,66.09385327164574
19250,35.6,82.61731658955716
19500,0.0,99.1407799074686
19750,4.3999999999999995,72.72727272727273
20000,0.0,41.66666666666667
20250,99.6,99.19354838709677
20500,100.0,99.59839357429718
20750,100.0,99.73262032085562
21000,100.0,99.79959919839679
21250,40.0,99.11858974358975
21500,0.0,99.26568758344459
21750,0.0,99.37070938215103
22000,0.0,99.44944944944945
22250,99.6,99.44972486243121
22500,100.0,99.44972486243121
22750,100.0,99.44972486243121
23000,100.0,99.44972486243121
23250,35.6,91.39569784892446
23500,0.0,78.88944472236118
23750,0.0,87.54377188594297
24000,4.3999999999999995,27.27272727272727
24250,99.6,54.54545454545454
24500,100.0,27.27272727272727
24750,100.0,100.0
25000,100.0,72.72727272727273
25250,40.0,45.45454545454545
25500,0.0,18.181818181818183
25750,0.0,90.9090909090909
26000,0.0,63.63636363636363
26250,99.6,18.181818181818183
26500,100.0,90.9090909090909
26750,100.0,63.63636363636363
27000,100.0,33.33333333333333
27250,40.0,81.81818181818183
27500,0.0,50.0
27750,0.0,97.70992366412213
28000,0.0,98.828125
28250,99.6,98.83040935672514
28500,100.0,98.83040935672514
28750,100.0,98.79032258064517
29000,100.0,99.3975903614458
29250,40.0,99.59893048128342
29500,0.0,99.6993987975952
29750,0.0,99.11858974358975
30000,0.0,99.26568758344459
30250,99.6,99.26617745163442
30500,100.0,99.26617745163442
30750,100.0,99.26617745163442
31000,100.0,99.26617745163442
31250,35.6,88.5256837891928
31500,4.3999999999999995,27.27272727272727
31750,0.0,100.0
32000,0.0,72.72727272727273
32250,99.6,9.090909090909092
32500,100.0,81.81818181818183
32750,100.0,54.54545454545454
33000,100.0,25.0
33250,40.0,96.56488549618321
33500,0.0,98.2421875
33750,0.0,98.81889763779527
34000,0.0,99.20870425321465
34250,99.6,99.30761622156281
34500,100.0,99.30761622156281
34750,100.0,99.30761622156281
35000,100.0,99.30761622156281
35250,40.0,54.54545454545454
35500,0.0,27.27272727272727
35750,0.0,100.0
36000,0.0,72.72727272727273
36250,99.6,9.090909090909092
36500,100.0,81.81818181818183
36750,100.0,54.54545454545454
37000,100.0,25.0
37250,39.2,96.56488549618321
37500,0.0,98.2421875
37750,0.0,98.81889763779527
38000,0.0,99.1106719367589
38250,99.6,99.11154985192498
38500,100.0,99.11154985192498
38750,100.0,99.11154985192498
39000,100.0,99.11154985192498
39250,40.0,54.54545454545454
39500,0.0,27.27272727272727
39750,0.0,100.0
40000,0.0,72.72727272727273
40250,99.6,9.090909090909092
40500,100.0,75.0
40750,100.0,98.85496183206108
41000,100.0,99.4140625
41250,40.0,99.60629921259843
41500,0.0,99.70355731225297
41750,0.0,99.1283676703645
42000,0.0,99.27248677248677
42250,99.6,99.2729676140119
42500,100.0,99.2729676140119
42750,100.0,99.2729676140119
43000,100.0,99.2729676140119
43250,35.6,88.63185723727693
43500,0.0,99.1407799074686
43750,4.3999999999999995,72.72727272727273
44000,0.0,45.45454545454545
44250,99.6,36.36363636363637
44500,100.0,9.090909090909092
44750,100.0,81.81818181818183
45000,100.0,54.54545454545454
45250,40.0,27.27272727272727
45500,0.0,100.0
45750,0.0,72.72727272727273
46000,0.0,45.45454545454545
46250,99.6,36.36363636363637
46500,100.0,9.090909090909092
46750,100.0,81.81818181818183
47000,100.0,50.0
47250,40.0,97.70992366412213
47500,0.0,98.828125
47750,0.0,99.21259842519686
48000,0.0,99.40711462450594
48250,99.6,99.40769990128332
48500,100.0,99.40769990128332
48750,100.0,99.40769990128332
49000,100.0,99.40769990128332
49250,40.0,27.27272727272727
49500,0.0,91.66666666666666
49750,0.0,99.61832061068702
50000,0.0,99.8046875
50250,99.6,99.80506822612085
50500,100.0,99.80506822612085
50750,100.0,81.81818181818183
51000,100.0,50.0
51250,40.0,97.70992366412213
51500,0.0,98.828125
51750,0.0,99.21259842519686
52000,0.0,99.40711462450594
