250,0.0,0.0
500,0.0,0.0
750,0.0,0.0
1000,0.0,0.0
1250,0.0,0.0
1500,0.0,7.6
1750,0.0,20.8
2000,0.0,30.7
2250,5.2,14.269406392694064
2500,0.0,33.288948069241016
2750,54.0,54.073540014419606
3000,100.0,72.09805335255948
3250,100.0,90.12256669069934
3500,60.4,1.9346230820547032
3750,0.0,1.6580903373356204
4000,0.0,1.4507253626813406
4250,5.2,13.53512278697887
4500,0.0,32.445036642238506
4750,54.400000000000006,53.13626532083634
5000,100.0,71.16077865897621
5250,100.0,89.18529199711608
5500,60.4,6.8686868686868685
5750,0.0,20.288184438040346
6000,0.0,30.52738336713996
6250,5.2,12.895797351755899
6500,0.0,31.87626092804304
6750,60.0,52.19899062725306
7000,100.0,70.22350396539294
7250,100.0,88.2480173035328
7500,60.4,6.421356421356421
7750,0.0,24.458874458874458
8000,0.0,42.4963924963925
8250,99.6,18.02451333813987
8500,100.0,36.04902667627974
8750,100.0,54.073540014419606
9000,100.0,72.09805335255948
9250,100.0,90.12256669069934
9500,60.0,8.297258297258297
9750,0.0,26.334776334776333
10000,0.0,44.37229437229438
10250,99.6,18.037518037518037
10500,100.0,36.075036075036074
10750,100.0,54.112554112554115
11000,100.0,72.15007215007215
11250,100.0,90.18759018759019
11500,60.0,8.303249097472925
11750,0.0,26.353790613718413
12000,0.0,44.4043321299639
12250,99.6,18.050541516245488
12500,100.0,36.101083032490976
12750,100.0,54.151624548736464
13000,100.0,72.20216606498195
13250,100.0,90.25270758122743
13500,60.0,8.38150289017341
13750,0.0,26.445086705202314
14000,0.0,44.50867052023121
14250,99.6,18.063583815028903
14500,100.0,36.127167630057805
14750,100.0,54.190751445086704
15000,100.0,72.25433526011561
15250,100.0,90.3179190751445
15500,60.0,8.459869848156181
15750,0.0,26.53651482284888
16000,0.0,44.61315979754158
16250,99.6,18.076644974692694
16500,100.0,36.15328994938539
16750,100.0,54.229934924078094
17000,100.0,72.30657989877078
17250,100.0,90.38322487346349
17500,60.0,8.5383502170767
17750,0.0,26.62807525325615
18000,0.0,44.7178002894356
18250,99.6,18.08972503617945
18500,100.0,36.1794500723589
18750,100.0,54.26917510853835
19000,100.0,72.3589001447178
19250,100.0,90.44862518089725
19500,60.0,8.616944243301955
19750,0.0,26.71976828385228
20000,0.0,44.822592324402606
20250,99.6,18.102824040550324
20500,100.0,36.20564808110065
20750,100.0,54.30847212165097
21000,100.0,72.4112961622013
21250,100.0,90.51412020275163
21500,60.0,8.695652173913043
21750,0.0,26.811594202898554
22000,0.0,44.927536231884055
22250,99.6,18.115942028985508
22500,100.0,36.231884057971016
22750,100.0,54.347826086956516
23000,100.0,72.46376811594203
23250,100.0,90.57971014492753
23500,60.0,8.774474256707759
23750,0.0,26.903553299492383
24000,0.0,45.03263234227701
24250,99.6,18.12907904278463
24500,100.0,36.25815808556926
24750,100.0,54.38723712835388
25000,100.0,72.51631617113851
25250,100.0,90.64539521392312
25500,60.0,8.853410740203193
25750,0.0,26.995645863570395
26000,0.0,45.13788098693759
26250,99.6,18.142235123367197
26500,100.0,36.284470246734394
26750,100.0,54.426705370101594
27000,100.0,72.56894049346879
27250,100.0,90.71117561683599
27500,60.0,8.932461873638346
27750,0.0,27.0878721859114
28000,0.0,45.24328249818446
28250,99.6,18.155410312273055
28500,100.0,36.31082062454611
28750,100.0,54.46623093681917
29000,100.0,72.62164124909222
29250,100.0,90.77705156136528
29500,60.0,9.011627906976743
29750,0.0,27.180232558139533
30000,0.0,45.348837209302324
30250,99.6,18.168604651162788
30500,100.0,36.337209302325576
30750,100.0,54.50581395348837
31000,100.0,72.67441860465115
31250,100.0,90.84302325581395
31500,60.0,9.090909090909092
31750,0.0,27.27272727272727
32000,0.0,45.45454545454545
32250,99.6,18.181818181818183
32500,100.0,36.36363636363637
32750,100.0,54.54545454545454
33000,100.0,72.72727272727273
33250,100.0,90.9090909090909
33500,60.0,9.170305676855897
33750,0.0,27.365356622998544
34000,0.0,45.56040756914119
34250,99.6,18.19505094614265
34500,100.0,36.3901018922853
34750,100.0,54.58515283842795
35000,100.0,72.7802037845706
35250,100.0,90.97525473071325
35500,60.0,9.249817916970137
35750,0.0,27.458120903131828
36000,0.0,45.66642388929352
36250,99.6,18.20830298616169
36500,100.0,36.41660597232338
36750,100.0,54.62490895848507
37000,100.0,72.83321194464676
37250,100.0,91.04151493080846
37500,60.0,9.329446064139942
37750,0.0,27.55102040816326
38000,0.0,45.77259475218659
38250,99.6,18.221574344023324
38500,100.0,36.44314868804665
38750,100.0,54.66472303206997
39000,100.0,72.8862973760933
39250,100.0,91.10787172011662
39500,60.0,9.409190371991247
39750,0.0,27.644055433989788
40000,0.0,45.87892049598833
40250,99.6,18.234865061998544
40500,100.0,36.46973012399709
40750,100.0,54.70459518599562
41000,100.0,72.93946024799418
41250,100.0,91.17432530999271
41500,60.0,9.48905109489051
41750,0.0,27.73722627737226
42000,0.0,45.98540145985402
42250,99.6,18.248175182481752
42500,100.0,36.496350364963504
42750,100.0,54.74452554744526
43000,100.0,72.99270072992701
43250,100.0,91.24087591240875
43500,60.0,9.569028487947406
43750,0.0,27.830533235938642
44000,0.0,46.09203798392987
44250,99.6,18.261504747991232
44500,100.0,36.523009495982464
44750,100.0,54.7845142439737
45000,100.0,73.04601899196493
45250,100.0,91.30752373995618
45500,60.0,9.649122807017543
45750,0.0,27.923976608187136
46000,0.0,46.198830409356724
46250,99.6,18.27485380116959
46500,100.0,36.54970760233918
46750,100.0,54.824561403508774
47000,100.0,73.09941520467837
47250,100.0,91.37426900584795
47500,60.0,9.729334308705194
47750,0.0,28.017556693489393
48000,0.0,46.30577907827359
48250,99.6,18.2882223847842
48500,100.0,36.5764447695684
48750,100.0,54.864667154352595
49000,100.0,73.1528895391368
49250,100.0,91.441111923921
49500,60.0,9.809663250366032
49750,0.0,28.111273792093705
50000,0.0,46.412884333821374
50250,99.6,18.301610541727673
50500,100.0,36.603221083455345
50750,100.0,54.904831625183014
51000,100.0,73.20644216691069
51250,100.0,91.50805270863836
51500,60.0,9.89010989010989
51750,0.0,28.205128205128204
52000,0.0,46.52014652014652
