250,0.0
500,0.0
750,0.0
1000,0.0
1250,0.0
1500,0.0
1750,0.0
2000,0.0
2250,0.4
2500,0.0
2750,0.0
3000,0.0
3250,0.0
3500,0.0
3750,0.0
4000,0.0
4250,4.8
4500,5.6000000000000005
4750,5.6000000000000005
5000,4.3999999999999995
5250,0.0
5500,0.0
5750,0.0
6000,0.0
6250,5.2
6500,5.6000000000000005
6750,6.4
7000,3.2
7250,0.8
7500,0.0
7750,0.0
8000,0.0
8250,5.6000000000000005
8500,5.2
8750,4.8
9000,2.4
9250,0.0
9500,0.0
9750,0.0
10000,0.0
10250,6.0
10500,5.2
10750,2.0
11000,3.5999999999999996
11250,0.0
11500,0.0
11750,0.0
12000,0.0
12250,5.6000000000000005
12500,2.8000000000000003
12750,3.5999999999999996
13000,4.3999999999999995
13250,3.2
13500,0.0
13750,0.0
14000,0.0
14250,5.6000000000000005
14500,5.2
14750,4.8
15000,6.0
15250,3.5999999999999996
15500,0.0
15750,0.0
16000,0.0
16250,3.2
16500,4.0
16750,6.4
17000,6.4
17250,0.8
17500,0.0
17750,0.0
18000,0.0
18250,8.4
18500,4.0
18750,3.5999999999999996
19000,3.2
19250,2.8000000000000003
19500,0.0
19750,0.0
20000,0.0
20250,31.6
20500,2.4
20750,0.0
21000,0.0
21250,0.0
21500,0.0
21750,0.0
22000,0.0
22250,7.6
22500,2.4
22750,0.0
23000,0.0
23250,0.0
23500,0.0
23750,0.0
24000,0.0
24250,38.4
24500,0.0
24750,0.0
25000,0.0
25250,0.0
25500,0.0
25750,0.0
26000,0.0
26250,38.0
26500,0.0
26750,0.0
27000,0.0
27250,0.0
27500,0.0
27750,0.0
28000,0.0
28250,39.2
28500,0.0
28750,0.0
29000,0.0
29250,0.0
29500,0.0
29750,0.0
30000,0.0
30250,37.6
30500,0.0
30750,0.0
31000,0.0
31250,0.0
31500,0.0
31750,0.0
32000,0.0
32250,36.4
32500,0.0
32750,0.0
33000,0.0
33250,0.0
33500,0.0
33750,0.0
34000,0.0
34250,38.800000000000004
34500,0.0
34750,0.0
35000,0.0
35250,0.0
35500,0.0
35750,0.0
36000,0.0
36250,36.8
36500,0.0
36750,0.0
37000,0.0
37250,0.0
37500,0.0
37750,0.0
38000,0.0
38250,36.8
38500,0.0
38750,0.0
39000,0.0
39250,0.0
39500,0.0
39750,0.0
40000,0.0
40250,38.800000000000004
40500,0.0
40750,0.0
41000,0.0
41250,0.0
41500,0.0
41750,0.0
42000,0.0
42250,37.2
42500,0.0
42750,0.0
43000,0.0
43250,0.0
43500,0.0
43750,0.0
44000,0.0
44250,37.2
44500,0.0
44750,0.0
45000,0.0
45250,0.0
45500,0.0
45750,0.0
46000,0.0
46250,36.4
46500,0.0
46750,0.0
47000,0.0
47250,0.0
47500,0.0
47750,0.0
48000,0.0
48250,3.5999999999999996
48500,5.2
48750,7.199999999999999
49000,4.0
49250,0.0
49500,0.0
49750,0.0
50000,0.0
50250,3.2
50500,4.8
50750,6.4
51000,4.3999999999999995
51250,0.0
51500,0.0
51750,0.0
52000,0.0
