250,0.0,100.0
500,0.0,20.8
750,0.0,47.199999999999996
1000,0.0,60.4
1250,0.0,68.32000000000001
1500,0.0,73.6
1750,0.0,77.37142857142857
2000,0.0,80.2
2250,1.2,77.56849315068493
2500,0.0,20.64128256513026
2750,0.0,47.12950600801068
3000,0.0,60.36036036036037
3250,0.0,68.29463570856686
3500,0.0,73.58238825883923
3750,0.0,77.35849056603774
4000,0.0,80.19009504752376
4250,1.2,77.55568246716163
4500,0.0,20.64128256513026
4750,0.0,47.12950600801068
5000,0.0,60.36036036036037
5250,0.0,68.29463570856686
5500,0.0,73.58238825883923
5750,0.0,77.35849056603774
6000,0.0,80.19009504752376
6250,1.2,67.9
6500,0.0,55.400000000000006
6750,0.0,42.9
7000,0.0,50.0
7250,0.0,62.5
7500,0.0,75.0
7750,58.4,87.5
8000,100.0,50.0
8250,99.6,25.0
8500,60.0,100.0
8750,0.0,100.0
9000,0.0,99.34102141680395
9250,0.0,99.53325554259042
9500,0.0,99.63866305329721
9750,0.0,99.70523212969786
10000,0.0,99.75108898568762
10250,99.6,99.75124378109453
10500,58.4,93.28358208955224
10750,0.0,77.7363184079602
11000,0.0,62.189054726368155
11250,0.0,77.7363184079602
11500,0.0,93.28358208955224
11750,1.6,100.0
12000,0.0,50.0
12250,99.6,25.0
12500,60.0,60.0
12750,0.0,99.2156862745098
13000,0.0,99.20792079207921
13250,0.0,99.47019867549669
13500,0.0,99.60199004975124
13750,0.0,99.6812749003984
14000,0.0,99.93342210386152
14250,99.6,99.93346640053227
14500,58.4,93.01397205588823
14750,0.0,76.38057218895543
15000,0.0,66.53359946773121
15250,0.0,83.166999334664
15500,0.0,99.8003992015968
15750,0.4,25.0
16000,0.0,75.0
16250,99.6,75.0
16500,60.0,25.0
16750,0.0,75.0
17000,0.0,25.0
17250,0.0,75.0
17500,0.0,25.0
17750,0.0,75.0
18000,0.0,25.0
18250,99.6,75.0
18500,60.0,25.0
18750,0.0,75.0
19000,0.0,100.0
19250,0.0,100.0
19500,0.0,99.20792079207921
19750,0.0,99.47019867549669
20000,0.0,99.40298507462687
20250,99.6,99.3041749502982
20500,58.4,88.96620278330019
20750,0.0,74.55268389662028
21000,0.0,99.40357852882704
21250,1.6,50.0
21500,0.0,80.0
21750,0.0,100.0
22000,0.0,40.0
22250,99.6,99.19354838709677
22500,58.4,99.19678714859438
22750,0.0,99.46524064171123
23000,0.0,99.59919839679358
23250,0.0,99.67948717948718
23500,0.0,99.73297730307075
23750,0.0,99.77116704805492
24000,0.0,99.7997997997998
24250,99.6,99.79989994997499
24500,58.4,94.59729864932466
24750,0.0,82.09104552276139
25000,0.0,69.5847923961981
25250,0.0,62.531265632816414
25500,0.0,75.03751875937968
25750,0.0,87.54377188594297
26000,1.6,75.0
26250,99.6,100.0
26500,60.0,50.0
26750,0.0,100.0
27000,0.0,50.0
27250,0.0,100.0
27500,0.0,50.0
27750,0.0,100.0
28000,0.0,50.0
28250,99.6,25.0
28500,60.0,75.0
28750,0.0,25.0
29000,0.0,75.0
29250,0.0,25.0
29500,0.0,60.0
29750,0.0,75.0
30000,0.0,100.0
30250,99.6,100.0
30500,58.4,99.19678714859438
30750,0.0,99.46524064171123
31000,0.0,99.59919839679358
31250,0.0,99.67948717948718
31500,0.0,99.73297730307075
31750,0.0,99.77116704805492
32000,0.0,99.7997997997998
32250,99.6,99.79989994997499
32500,58.4,94.59729864932466
32750,0.0,82.09104552276139
33000,0.0,69.5847923961981
33250,0.0,62.531265632816414
33500,0.0,75.03751875937968
33750,0.0,87.54377188594297
34000,1.6,20.0
34250,99.6,50.0
34500,60.0,80.0
34750,0.0,99.6078431372549
35000,0.0,40.0
35250,0.0,98.82352941176471
35500,0.0,99.20792079207921
35750,0.0,75.0
36000,0.0,25.0
36250,99.6,75.0
36500,60.0,100.0
36750,0.0,100.0
37000,0.0,99.20792079207921
37250,0.0,99.47019867549669
37500,0.0,99.60199004975124
37750,0.0,99.6812749003984
38000,0.0,99.73421926910298
38250,99.6,99.734395750332
38500,58.4,92.82868525896414
38750,0.0,76.22841965471447
39000,0.0,66.40106241699867
39250,0.0,83.00132802124834
39500,0.0,99.60159362549801
39750,1.6,50.0
40000,0.0,100.0
40250,99.6,50.0
40500,60.0,1.9417475728155338
40750,0.0,71.38810198300283
41000,0.0,99.50248756218906
41250,0.0,99.64830011723329
41500,0.0,99.72801450589301
41750,0.0,99.77827050997783
42000,0.0,50.0
42250,99.6,25.0
42500,58.4,99.07407407407408
42750,0.0,99.72067039106145
43000,0.0,99.3421052631579
43250,0.0,99.53379953379954
43500,0.0,99.63898916967509
43750,0.0,99.70544918998527
44000,0.0,99.56467661691542
44250,99.6,99.502796768179
44500,58.4,93.0391547545059
44750,0.0,77.50155376009944
45000,0.0,62.15040397762586
45250,0.0,77.68800497203232
45500,0.0,93.22560596643879
45750,1.6,75.0
46000,0.0,25.0
46250,99.6,75.0
46500,60.0,97.22222222222221
46750,0.0,99.16201117318437
47000,0.0,99.3421052631579
47250,0.0,99.53379953379954
47500,0.0,99.63898916967509
47750,0.0,99.70544918998527
48000,0.0,99.75124378109453
48250,99.6,99.7513983840895
48500,58.4,93.2877563704164
48750,0.0,77.75015537600994
49000,0.0,62.21255438160348
49250,0.0,77.68800497203232
49500,0.0,93.22560596643879
49750,1.6,75.0
50000,0.0,25.0
50250,99.6,75.0
50500,60.0,25.0
50750,0.0,75.0
51000,0.0,25.0
51250,0.0,75.0
51500,0.0,25.0
51750,0.0,75.0
52000,0.0,25.0
