250,0.0,100.0
500,0.0,100.0
750,0.0,100.0
1000,0.0,10.9
1250,0.0,28.720000000000002
1500,0.0,40.6
1750,0.0,49.08571428571429
2000,0.0,55.45
2250,3.2,49.60045662100457
2500,0.0,41.211717709720375
2750,0.0,59.904153354632584
3000,0.0,10.81081081081081
3250,0.0,28.662930344275424
3500,0.0,40.56037358238826
3750,0.0,49.056603773584904
4000,0.0,55.42771385692846
4250,3.2,49.571673329525986
4500,0.0,41.17255163224517
4750,0.0,59.95203836930456
5000,0.0,10.81081081081081
5250,0.0,28.662930344275424
5500,0.0,40.56037358238826
5750,0.0,49.056603773584904
6000,0.0,55.42771385692846
6250,3.2,43.4
6500,0.0,30.9
6750,0.0,37.5
7000,0.0,50.0
7250,56.39999999999999,62.5
7500,100.0,75.0
7750,100.0,87.5
8000,100.0,22.22222222222222
8250,99.6,66.66666666666666
8500,100.0,44.44444444444444
8750,100.0,22.22222222222222
9000,60.0,90.0
9250,0.0,99.61538461538461
9500,0.0,99.80392156862746
9750,0.0,99.86842105263159
10000,0.0,99.20713577799802
10250,99.6,99.20792079207921
10500,100.0,99.20792079207921
10750,100.0,99.20792079207921
11000,56.39999999999999,99.00990099009901
11250,3.2,66.66666666666666
11500,0.0,44.44444444444444
11750,0.0,22.22222222222222
12000,0.0,100.0
12250,99.6,77.77777777777779
12500,100.0,50.0
12750,100.0,98.07692307692307
13000,60.0,99.01960784313727
13250,0.0,99.3421052631579
13500,0.0,99.10891089108911
13750,0.0,99.28571428571429
14000,0.0,99.40397350993378
14250,99.6,99.40436796823295
14500,100.0,99.40436796823295
14750,100.0,99.40436796823295
15000,56.39999999999999,92.19060225016545
15250,0.0,82.72667107875579
15500,0.0,99.27200529450695
15750,3.5999999999999996,77.77777777777779
16000,0.0,5.88235294117647
16250,99.6,100.0
16500,100.0,77.77777777777779
16750,100.0,55.55555555555556
17000,60.0,33.33333333333333
17250,0.0,11.11111111111111
17500,0.0,88.88888888888889
17750,0.0,66.66666666666666
18000,0.0,44.44444444444444
18250,99.6,44.44444444444444
18500,100.0,20.0
18750,100.0,96.92307692307692
19000,60.0,98.4313725490196
19250,0.0,98.94736842105263
19500,0.0,99.10891089108911
19750,0.0,99.28571428571429
20000,0.0,99.40397350993378
20250,99.6,99.40436796823295
20500,100.0,99.40436796823295
20750,100.0,99.40436796823295
21000,56.39999999999999,92.19060225016545
21250,0.0,82.72667107875579
21500,0.0,99.27200529450695
21750,3.5999999999999996,77.77777777777779
22000,0.0,55.55555555555556
22250,99.6,33.33333333333333
22500,100.0,100.0
22750,100.0,100.0
23000,60.0,100.0
23250,0.0,100.0
23500,0.0,99.10891089108911
23750,0.0,99.28571428571429
24000,0.0,99.40397350993378
24250,99.6,99.40436796823295
24500,100.0,99.40436796823295
24750,100.0,99.40436796823295
25000,56.39999999999999,92.19060225016545
25250,0.0,82.72667107875579
25500,0.0,99.27200529450695
25750,3.5999999999999996,77.77777777777779
26000,0.0,55.55555555555556
26250,99.6,33.33333333333333
26500,100.0,11.11111111111111
26750,100.0,88.88888888888889
27000,60.0,66.66666666666666
27250,0.0,44.44444444444444
27500,0.0,22.22222222222222
27750,0.0,100.0
28000,0.0,77.77777777777779
28250,99.6,11.11111111111111
28500,100.0,88.88888888888889
28750,100.0,66.66666666666666
29000,60.0,40.0
29250,0.0,97.6923076923077
29500,0.0,98.82352941176471
29750,0.0,99.21052631578947
30000,0.0,99.10891089108911
30250,99.6,99.10979228486647
30500,100.0,99.10979228486647
30750,100.0,99.10979228486647
31000,56.39999999999999,98.91196834817013
31250,3.5999999999999996,77.77777777777779
31500,0.0,55.55555555555556
31750,0.0,33.33333333333333
32000,0.0,100.0
32250,99.6,100.0
32500,100.0,100.0
32750,100.0,100.0
33000,60.0,99.09819639278558
33250,0.0,99.27884615384616
33500,0.0,99.39919893190921
33750,0.0,99.48512585812357
34000,0.0,99.54954954954955
34250,99.6,99.54977488744372
34500,100.0,99.54977488744372
34750,100.0,99.54977488744372
35000,56.39999999999999,94.09704852426214
35250,0.0,81.59079539769884
35500,0.0,75.03751875937968
35750,0.0,87.54377188594297
36000,3.5999999999999996,10.0
36250,99.6,77.77777777777779
36500,100.0,55.55555555555556
36750,100.0,33.33333333333333
37000,60.0,11.11111111111111
37250,0.0,88.88888888888889
37500,0.0,66.66666666666666
37750,0.0,44.44444444444444
38000,0.0,22.22222222222222
38250,99.6,66.66666666666666
38500,100.0,44.44444444444444
38750,100.0,22.22222222222222
39000,60.0,100.0
39250,0.0,77.77777777777779
39500,0.0,55.55555555555556
39750,0.0,33.33333333333333
40000,0.0,100.0
40250,99.6,100.0
40500,100.0,100.0
40750,100.0,100.0
41000,60.0,99.09819639278558
41250,0.0,99.27884615384616
41500,0.0,99.39919893190921
41750,0.0,99.48512585812357
42000,0.0,99.54954954954955
42250,99.6,99.54977488744372
42500,100.0,99.54977488744372
42750,100.0,99.54977488744372
43000,56.39999999999999,94.09704852426214
43250,0.0,81.59079539769884
43500,0.0,75.03751875937968
43750,0.0,87.54377188594297
44000,3.5999999999999996,10.0
44250,99.6,77.77777777777779
44500,100.0,55.55555555555556
44750,100.0,33.33333333333333
45000,60.0,11.11111111111111
45250,0.0,88.88888888888889
45500,0.0,66.66666666666666
45750,0.0,44.44444444444444
46000,0.0,22.22222222222222
46250,99.6,66.66666666666666
46500,100.0,44.44444444444444
46750,100.0,22.22222222222222
47000,60.0,99.08256880733946
47250,0.0,55.55555555555556
47500,0.0,30.0
47750,0.0,97.3076923076923
48000,0.0,98.62745098039215
48250,99.6,98.63013698630137
48500,100.0,98.63013698630137
48750,100.0,55.55555555555556
49000,56.8,94.87179487179486
49250,0.0,98.36512261580381
49500,0.0,99.02755267423015
49750,0.0,99.30795847750865
50000,0.0,99.19427036705461
50250,99.6,99.19499105545617
50500,100.0,99.19499105545617
50750,100.0,99.19499105545617
51000,56.39999999999999,89.44543828264759
51250,3.5999999999999996,88.88888888888889
51500,0.0,66.66666666666666
51750,0.0,44.44444444444444
52000,0.0,22.22222222222222
