250,0.0
500,0.0
750,0.0
1000,0.0
1250,0.0
1500,0.0
1750,0.0
2000,0.0
2250,4.8
2500,0.0
2750,14.399999999999999
3000,100.0
3250,100.0
3500,20.4
3750,0.0
4000,0.0
4250,93.2
4500,94.0
4750,97.6
5000,100.0
5250,100.0
5500,20.8
5750,0.0
6000,0.0
6250,88.0
6500,5.6000000000000005
6750,18.4
7000,100.0
7250,100.0
7500,28.000000000000004
7750,0.0
8000,0.0
8250,92.80000000000001
8500,95.19999999999999
8750,97.2
9000,100.0
9250,100.0
9500,19.6
9750,0.0
10000,0.0
10250,94.8
10500,16.400000000000002
10750,20.8
11000,100.0
11250,100.0
11500,30.4
11750,0.0
12000,0.0
12250,94.8
12500,94.39999999999999
12750,94.39999999999999
13000,100.0
13250,100.0
13500,31.6
13750,0.0
14000,0.0
14250,27.200000000000003
14500,4.8
14750,35.199999999999996
15000,100.0
15250,100.0
15500,30.0
15750,0.0
16000,0.0
16250,94.0
16500,96.0
16750,98.0
17000,100.0
17250,100.0
17500,20.4
17750,0.0
18000,0.0
18250,10.8
18500,5.2
18750,22.8
19000,100.0
19250,100.0
19500,98.8
19750,30.8
20000,0.0
20250,92.80000000000001
20500,95.6
20750,100.0
21000,100.0
21250,100.0
21500,21.2
21750,0.0
22000,0.0
22250,10.0
22500,6.4
22750,21.6
23000,100.0
23250,100.0
23500,100.0
23750,30.0
24000,0.0
24250,81.2
24500,96.0
24750,100.0
25000,100.0
25250,100.0
25500,40.400000000000006
25750,0.0
26000,0.0
26250,92.4
26500,94.0
26750,53.2
27000,100.0
27250,100.0
27500,24.4
27750,0.0
28000,0.0
28250,8.4
28500,8.0
28750,44.800000000000004
29000,100.0
29250,100.0
29500,97.6
29750,99.6
30000,49.2
30250,77.60000000000001
30500,99.6
30750,97.6
31000,100.0
31250,100.0
31500,20.8
31750,0.0
32000,0.0
32250,6.800000000000001
32500,7.6
32750,19.2
33000,100.0
33250,100.0
33500,100.0
33750,100.0
34000,73.2
34250,99.2
34500,100.0
34750,100.0
35000,100.0
35250,100.0
35500,16.400000000000002
35750,0.0
36000,0.0
36250,86.4
36500,4.0
36750,54.0
37000,100.0
37250,100.0
37500,100.0
37750,24.4
38000,0.0
38250,80.4
38500,28.799999999999997
38750,100.0
39000,100.0
39250,100.0
39500,35.6
39750,0.0
40000,0.0
40250,96.39999999999999
40500,95.19999999999999
40750,96.39999999999999
41000,100.0
41250,100.0
41500,20.0
41750,0.0
42000,0.0
42250,12.0
42500,4.3999999999999995
42750,47.599999999999994
43000,100.0
43250,100.0
43500,98.0
43750,100.0
44000,19.6
44250,96.8
44500,100.0
44750,98.0
45000,100.0
45250,100.0
45500,19.6
45750,0.0
46000,0.0
46250,95.19999999999999
46500,27.6
46750,20.4
47000,100.0
47250,100.0
47500,98.0
47750,32.0
48000,0.0
48250,8.4
48500,42.0
48750,100.0
49000,100.0
49250,100.0
49500,24.0
49750,31.6
50000,0.0
50250,94.0
50500,94.8
50750,97.6
51000,100.0
51250,100.0
51500,20.4
51750,0.0
52000,0.0
