250,0.0
500,0.0
750,0.0
1000,0.0
1250,0.0
1500,0.0
1750,0.0
2000,0.0
2250,2.4
2500,0.0
2750,0.0
3000,0.0
3250,0.0
3500,0.0
3750,0.0
4000,0.0
4250,95.6
4500,95.19999999999999
4750,78.8
5000,0.0
5250,0.0
5500,0.0
5750,0.0
6000,0.0
6250,94.39999999999999
6500,97.6
6750,76.4
7000,0.0
7250,0.0
7500,0.0
7750,0.0
8000,0.0
8250,95.19999999999999
8500,96.8
8750,76.8
9000,0.0
9250,0.0
9500,0.0
9750,0.0
10000,0.0
10250,97.2
10500,93.60000000000001
10750,77.2
11000,0.0
11250,0.0
11500,0.0
11750,0.0
12000,0.0
12250,94.39999999999999
12500,94.8
12750,76.8
13000,0.0
13250,0.0
13500,0.0
13750,0.0
14000,0.0
14250,94.8
14500,96.0
14750,76.8
15000,0.0
15250,0.0
15500,0.0
15750,0.0
16000,0.0
16250,96.0
16500,95.19999999999999
16750,75.6
17000,0.0
17250,0.0
17500,0.0
17750,0.0
18000,0.0
18250,93.60000000000001
18500,95.6
18750,76.8
19000,0.0
19250,0.0
19500,0.0
19750,0.0
20000,0.0
20250,95.6
20500,94.8
20750,76.4
21000,0.0
21250,0.0
21500,0.0
21750,0.0
22000,0.0
22250,95.19999999999999
22500,94.39999999999999
22750,75.6
23000,0.0
23250,0.0
23500,0.0
23750,0.0
24000,0.0
24250,94.0
24500,95.6
24750,78.8
25000,0.0
25250,0.0
25500,0.0
25750,0.0
26000,0.0
26250,93.2
26500,92.80000000000001
26750,76.8
27000,0.0
27250,0.0
27500,0.0
27750,0.0
28000,0.0
28250,95.6
28500,97.6
28750,78.0
29000,0.0
29250,0.0
29500,0.0
29750,0.0
30000,0.0
30250,93.2
30500,96.0
30750,77.2
31000,0.0
31250,0.0
31500,0.0
31750,0.0
32000,0.0
32250,96.0
32500,92.0
32750,78.4
33000,0.0
33250,0.0
33500,0.0
33750,0.0
34000,0.0
34250,94.0
34500,94.0
34750,74.8
35000,0.0
35250,0.0
35500,0.0
35750,0.0
36000,0.0
36250,94.8
36500,94.0
36750,76.0
37000,0.0
37250,0.0
37500,0.0
37750,0.0
38000,0.0
38250,96.0
38500,92.4
38750,77.60000000000001
39000,0.0
39250,0.0
39500,0.0
39750,0.0
40000,0.0
40250,94.39999999999999
40500,95.6
40750,78.0
41000,0.0
41250,0.0
41500,0.0
41750,0.0
42000,0.0
42250,96.8
42500,95.6
42750,75.6
43000,0.0
43250,0.0
43500,0.0
43750,0.0
44000,0.0
44250,96.0
44500,96.8
44750,76.4
45000,0.0
45250,0.0
45500,0.0
45750,0.0
46000,0.0
46250,94.0
46500,95.19999999999999
46750,83.6
47000,0.0
47250,0.0
47500,0.0
47750,0.0
48000,0.0
48250,6.800000000000001
48500,4.3999999999999995
48750,76.4
49000,38.4
49250,3.5999999999999996
49500,84.0
49750,43.6
50000,0.0
50250,6.4
50500,46.800000000000004
50750,85.6
51000,10.8
51250,42.0
51500,72.8
51750,0.0
52000,0.0
