100,95.61739197323128,4.382608026768716
200,91.19440010769023,8.805599892309763
300,86.7675621622661,13.23243783773389
400,82.34264725678352,17.657352743216475
500,77.9158093113594,22.084190688640604
600,72.75052402838406,27.249475971615933
700,67.56023922616873,32.439760773831274
800,62.36803138401184,37.63196861598816
900,57.17582354185497,42.82417645814503
1000,51.9893848195227,48.0106151804773
1100,47.1702467260245,52.8297532739755
1200,42.36264687217554,57.63735312782446
1300,37.55504701832657,62.44495298167343
1400,32.747447164477606,67.2525528355224
1500,27.93984731062864,72.06015268937136
1600,23.132247456779677,76.86775254322032
1700,18.324647602930714,81.67535239706929
1800,13.517047749081748,86.48295225091826
1900,8.709447895232785,91.29055210476722
2000,3.9095402011499782,96.09045979885002
2100,3.848002923020711,96.15199707697928
