250,0.0,0.0
500,0.0,0.0
750,0.0,34.0
1000,0.0,50.5
1250,0.0,60.4
1500,0.0,67.0
1750,0.0,71.71428571428572
2000,0.0,75.25
2250,1.6,14.269406392694064
2500,0.0,1.002004008016032
2750,0.0,0.801068090787717
3000,0.0,0.6006006006006006
3250,0.0,0.4803843074459567
3500,0.0,0.40026684456304207
3750,0.0,0.34305317324185247
4000,0.0,0.3001500750375188
4250,1.6,14.049114791547687
4500,0.0,99.39879759519037
4750,0.0,99.59946595460613
5000,0.0,99.69969969969969
5250,0.0,99.75980784627703
5500,0.0,99.79986657771848
5750,0.0,99.82847341337907
6000,0.0,99.84992496248124
6250,1.6,0.1
6500,0.0,0.2
6750,0.0,0.1
7000,0.0,0.2
7250,0.0,0.1
7500,0.0,0.2
7750,98.0,12.5
8000,100.0,40.0
8250,99.6,98.79518072289156
8500,100.0,99.39879759519037
8750,0.0,99.59946595460613
9000,0.0,99.1991991991992
9250,0.0,99.35948759007206
9500,0.0,99.46631087391594
9750,0.0,99.54259576901087
10000,0.0,99.59979989994997
10250,99.6,12.5
10500,98.0,25.0
10750,0.0,37.5
11000,0.0,49.5
11250,0.0,49.5
11500,0.0,49.5
11750,0.0,49.5
12000,2.0,40.0
12250,99.6,40.0
12500,100.0,80.0
12750,0.0,40.0
13000,0.0,80.0
13250,0.0,40.0
13500,0.0,80.0
13750,0.0,40.0
14000,0.0,80.0
14250,99.6,40.0
14500,100.0,80.0
14750,0.0,40.0
15000,0.0,66.66666666666666
15250,0.0,99.21875
15500,0.0,98.02371541501977
15750,0.0,65.60846560846561
16000,0.0,49.30417495029821
16250,99.6,24.826216484607748
16500,98.0,49.652432969215496
16750,0.0,74.37934458788482
17000,0.0,99.10625620655412
17250,2.0,98.79032258064517
17500,0.0,99.3975903614458
17750,0.0,99.59893048128342
18000,0.0,99.19839679358718
18250,99.6,25.025025025025027
18500,98.0,50.050050050050054
18750,0.0,75.07507507507508
19000,2.0,50.0
19250,0.0,98.828125
19500,0.0,98.02371541501977
19750,0.0,65.60846560846561
20000,0.0,49.30417495029821
20250,99.6,24.826216484607748
20500,98.0,0.5958291956305859
20750,0.0,25.42204568023833
21000,0.0,1.1916583912611718
21250,2.0,100.0
21500,0.0,60.0
21750,0.0,100.0
22000,0.0,60.0
22250,99.6,40.0
22500,100.0,80.0
22750,0.0,40.0
23000,0.0,80.0
23250,0.0,40.0
23500,0.0,80.0
23750,0.0,40.0
24000,0.0,66.66666666666666
24250,99.6,98.79032258064517
24500,100.0,99.3975903614458
24750,0.0,99.59893048128342
25000,0.0,99.19839679358718
25250,0.0,99.35897435897436
25500,0.0,99.26568758344459
25750,0.0,99.25629290617849
26000,0.0,99.34934934934935
26250,99.6,12.506253126563283
26500,98.0,25.012506253126567
26750,0.0,37.51875937968984
27000,0.0,49.5247623811906
27250,0.0,49.5247623811906
27500,0.0,49.77488744372186
27750,0.0,49.77488744372186
28000,2.0,50.0
28250,99.6,98.79032258064517
28500,100.0,99.3975903614458
28750,0.0,66.31016042780749
29000,0.0,50.60120240480962
29250,0.0,60.49679487179487
29500,0.0,66.88918558077437
29750,0.0,71.51029748283753
30000,0.0,75.07507507507508
30250,99.6,12.506253126563283
30500,98.0,0.3001500750375188
30750,0.0,12.8064032016008
31000,0.0,0.6003001500750376
31250,0.0,13.10655327663832
31500,0.0,0.9004502251125562
31750,0.0,13.406703351675839
32000,2.0,50.0
32250,99.6,98.79032258064517
32500,100.0,99.3975903614458
32750,0.0,99.59893048128342
33000,0.0,99.29789368104312
33250,0.0,60.0
33500,0.0,100.0
33750,0.0,60.0
34000,0.0,100.0
34250,99.6,100.0
34500,100.0,60.0
34750,0.0,100.0
35000,0.0,60.0
35250,0.0,100.0
35500,0.0,60.0
35750,0.0,100.0
36000,0.0,50.0
36250,99.6,98.79032258064517
36500,100.0,99.3975903614458
36750,0.0,66.31016042780749
37000,0.0,50.60120240480962
37250,0.0,60.49679487179487
37500,0.0,66.88918558077437
37750,0.0,71.51029748283753
38000,0.0,74.87487487487488
38250,99.6,12.506253126563283
38500,98.0,0.3001500750375188
38750,0.0,12.8064032016008
39000,0.0,0.6003001500750376
39250,0.0,13.10655327663832
39500,0.0,0.9004502251125562
39750,0.0,13.406703351675839
40000,2.0,50.0
40250,99.6,98.79032258064517
40500,100.0,99.3975903614458
40750,0.0,99.59893048128342
41000,0.0,99.19839679358718
41250,0.0,99.35897435897436
41500,0.0,99.26568758344459
41750,0.0,99.25629290617849
42000,0.0,99.14914914914915
42250,99.6,12.506253126563283
42500,98.0,25.012506253126567
42750,0.0,37.51875937968984
43000,0.0,49.77488744372186
43250,0.0,49.77488744372186
43500,0.0,50.025012506253134
43750,0.0,50.025012506253134
44000,2.0,50.0
44250,99.6,98.79032258064517
44500,100.0,99.3975903614458
44750,0.0,66.31016042780749
45000,0.0,50.65195586760281
45250,0.0,60.0
45500,0.0,100.0
45750,0.0,60.0
46000,0.0,100.0
46250,99.6,100.0
46500,100.0,60.0
46750,0.0,100.0
47000,0.0,60.0
47250,0.0,100.0
47500,0.0,60.0
47750,0.0,100.0
48000,0.0,50.0
48250,99.6,98.79032258064517
48500,100.0,99.3975903614458
48750,0.0,99.59893048128342
49000,0.0,99.19839679358718
49250,0.0,99.35897435897436
49500,0.0,99.26568758344459
49750,0.0,99.25629290617849
50000,0.0,99.34934934934935
50250,99.6,12.506253126563283
50500,98.0,25.012506253126567
50750,0.0,37.51875937968984
51000,0.0,49.5247623811906
51250,0.0,49.5247623811906
51500,0.0,49.77488744372186
51750,0.0,49.77488744372186
52000,2.0,50.0
