250,0.0
500,0.0
750,0.0
1000,0.0
1250,0.0
1500,0.0
1750,0.0
2000,0.0
2250,4.0
2500,0.0
2750,0.0
3000,35.199999999999996
3250,40.400000000000006
3500,0.0
3750,0.0
4000,0.0
4250,95.19999999999999
4500,94.8
4750,96.39999999999999
5000,98.0
5250,40.0
5500,0.0
5750,0.0
6000,0.0
6250,93.60000000000001
6500,93.2
6750,94.0
7000,98.0
7250,40.8
7500,0.0
7750,0.0
8000,0.0
8250,92.80000000000001
8500,95.19999999999999
8750,95.19999999999999
9000,98.4
9250,40.8
9500,0.0
9750,0.0
10000,0.0
10250,94.39999999999999
10500,94.39999999999999
10750,94.0
11000,94.8
11250,40.8
11500,0.0
11750,0.0
12000,0.0
12250,94.0
12500,95.6
12750,94.39999999999999
13000,98.0
13250,40.400000000000006
13500,0.0
13750,0.0
14000,0.0
14250,92.80000000000001
14500,95.6
14750,96.0
15000,96.8
15250,41.199999999999996
15500,0.0
15750,0.0
16000,0.0
16250,96.8
16500,93.60000000000001
16750,96.0
17000,97.2
17250,40.400000000000006
17500,0.0
17750,0.0
18000,0.0
18250,92.0
18500,94.0
18750,92.0
19000,96.39999999999999
19250,41.199999999999996
19500,0.0
19750,0.0
20000,0.0
20250,95.19999999999999
20500,94.39999999999999
20750,95.19999999999999
21000,96.39999999999999
21250,40.400000000000006
21500,0.0
21750,0.0
22000,0.0
22250,94.8
22500,94.8
22750,98.4
23000,97.2
23250,47.599999999999994
23500,0.0
23750,0.0
24000,0.0
24250,94.39999999999999
24500,95.19999999999999
24750,96.39999999999999
25000,97.6
25250,40.8
25500,0.0
25750,0.0
26000,0.0
26250,93.2
26500,95.19999999999999
26750,93.2
27000,96.39999999999999
27250,40.8
27500,0.0
27750,0.0
28000,0.0
28250,95.19999999999999
28500,72.39999999999999
28750,5.2
29000,80.80000000000001
29250,46.800000000000004
29500,0.0
29750,0.0
30000,0.0
30250,92.0
30500,93.2
30750,96.0
31000,96.8
31250,53.6
31500,0.0
31750,0.0
32000,0.0
32250,94.39999999999999
32500,96.0
32750,96.0
33000,96.39999999999999
33250,41.199999999999996
33500,0.0
33750,0.0
34000,0.0
34250,93.2
34500,94.0
34750,77.2
35000,41.199999999999996
35250,44.4
35500,0.0
35750,0.0
36000,0.0
36250,94.0
36500,93.60000000000001
36750,96.8
37000,97.6
37250,40.400000000000006
37500,0.0
37750,0.0
38000,0.0
38250,94.39999999999999
38500,94.39999999999999
38750,95.6
39000,46.0
39250,41.6
39500,0.0
39750,0.0
40000,0.0
40250,96.0
40500,96.0
40750,97.6
41000,97.2
41250,40.0
41500,0.0
41750,0.0
42000,0.0
42250,96.39999999999999
42500,94.0
42750,70.39999999999999
43000,38.800000000000004
43250,48.0
43500,0.0
43750,0.0
44000,0.0
44250,96.39999999999999
44500,94.8
44750,93.60000000000001
45000,96.39999999999999
45250,40.400000000000006
45500,0.0
45750,0.0
46000,0.0
46250,94.0
46500,92.80000000000001
46750,24.8
47000,54.400000000000006
47250,44.4
47500,0.0
47750,0.0
48000,0.0
48250,97.2
48500,96.39999999999999
48750,96.0
49000,97.2
49250,41.199999999999996
49500,0.0
49750,0.0
50000,0.0
50250,94.8
50500,93.60000000000001
50750,96.0
51000,98.4
51250,40.400000000000006
51500,0.0
51750,0.0
52000,0.0
