250,0.0
500,0.0
750,0.0
1000,0.0
1250,0.0
1500,0.0
1750,0.0
2000,0.0
2250,5.6000000000000005
2500,0.0
2750,93.60000000000001
3000,100.0
3250,100.0
3500,100.0
3750,0.4
4000,0.0
4250,72.0
4500,93.60000000000001
4750,99.6
5000,100.0
5250,100.0
5500,100.0
5750,0.8
6000,0.0
6250,93.60000000000001
6500,96.8
6750,99.2
7000,100.0
7250,100.0
7500,100.0
7750,0.8
8000,0.0
8250,94.0
8500,94.39999999999999
8750,99.2
9000,100.0
9250,100.0
9500,100.0
9750,4.3999999999999995
10000,0.0
10250,96.39999999999999
10500,95.19999999999999
10750,100.0
11000,100.0
11250,100.0
11500,99.2
11750,0.0
12000,0.0
12250,42.0
12500,96.0
12750,100.0
13000,100.0
13250,100.0
13500,100.0
13750,57.99999999999999
14000,0.0
14250,93.2
14500,97.2
14750,100.0
15000,100.0
15250,100.0
15500,100.0
15750,0.4
16000,0.0
16250,96.39999999999999
16500,95.6
16750,100.0
17000,100.0
17250,100.0
17500,100.0
17750,0.0
18000,0.0
18250,97.6
18500,95.19999999999999
18750,99.6
19000,100.0
19250,100.0
19500,100.0
19750,0.0
20000,0.0
20250,94.0
20500,96.39999999999999
20750,100.0
21000,100.0
21250,100.0
21500,99.6
21750,0.0
22000,0.0
22250,94.0
22500,93.60000000000001
22750,99.2
23000,100.0
23250,100.0
23500,100.0
23750,0.8
24000,0.0
24250,96.8
24500,96.39999999999999
24750,100.0
25000,100.0
25250,100.0
25500,100.0
25750,0.0
26000,0.0
26250,9.6
26500,5.2
26750,94.39999999999999
27000,100.0
27250,100.0
27500,100.0
27750,69.6
28000,0.0
28250,95.6
28500,98.0
28750,100.0
29000,100.0
29250,100.0
29500,99.6
29750,0.0
30000,0.0
30250,72.8
30500,92.80000000000001
30750,99.6
31000,100.0
31250,100.0
31500,100.0
31750,31.6
32000,0.0
32250,94.8
32500,95.19999999999999
32750,100.0
33000,100.0
33250,100.0
33500,99.6
33750,0.0
34000,0.0
34250,96.0
34500,91.60000000000001
34750,99.6
35000,100.0
35250,100.0
35500,100.0
35750,0.4
36000,0.0
36250,91.2
36500,93.60000000000001
36750,100.0
37000,100.0
37250,100.0
37500,99.6
37750,0.0
38000,0.0
38250,95.6
38500,95.19999999999999
38750,99.2
39000,100.0
39250,100.0
39500,100.0
39750,0.0
40000,0.0
40250,93.2
40500,5.2
40750,96.0
41000,100.0
41250,100.0
41500,99.2
41750,6.4
42000,0.0
42250,91.2
42500,92.80000000000001
42750,100.0
43000,100.0
43250,100.0
43500,99.2
43750,0.0
44000,0.0
44250,11.600000000000001
44500,4.0
44750,94.39999999999999
45000,100.0
45250,100.0
45500,100.0
45750,58.8
46000,0.0
46250,94.8
46500,97.2
46750,100.0
47000,100.0
47250,100.0
47500,99.6
47750,0.0
48000,0.0
48250,8.799999999999999
48500,6.0
48750,93.60000000000001
49000,100.0
49250,100.0
49500,100.0
49750,100.0
50000,78.0
50250,98.8
50500,100.0
50750,100.0
51000,100.0
51250,100.0
51500,94.0
51750,0.0
52000,0.0
