250,0.0,100.0
500,0.0,100.0
750,0.0,100.0
1000,0.0,100.0
1250,0.0,100.0
1500,0.0,14.2
1750,0.0,26.457142857142856
2000,0.0,35.65
2250,4.8,27.22602739726027
2500,0.0,33.288948069241016
2750,14.399999999999999,58.22981366459628
3000,100.0,77.63975155279503
3250,100.0,97.04968944099379
3500,20.4,14.142761841227486
3750,0.0,26.41509433962264
4000,0.0,35.617808904452225
4250,4.8,27.184466019417474
4500,0.0,33.311125916055964
4750,14.799999999999999,58.22981366459628
5000,100.0,77.63975155279503
5250,100.0,97.04968944099379
5500,20.4,16.61490683229814
5750,0.0,16.319895968790636
6000,0.0,28.209459459459456
6250,4.8,14.912774338773213
6500,0.0,32.59452411994785
6750,99.2,48.9556135770235
7000,100.0,65.27415143603133
7250,100.0,81.59268929503916
7500,100.0,97.911227154047
7750,22.8,17.254901960784313
8000,0.0,36.86274509803922
8250,99.6,36.94117647058823
8500,100.0,2.431372549019608
8750,100.0,22.03921568627451
9000,100.0,41.647058823529406
9250,100.0,61.254901960784316
9500,20.0,27.915632754342433
9750,0.0,58.93300248138957
10000,0.0,89.95037220843672
10250,99.6,90.07444168734492
10500,100.0,90.07444168734492
10750,100.0,3.225806451612903
11000,100.0,36.58536585365854
11250,100.0,41.46341463414634
11500,20.0,46.34146341463415
11750,0.0,51.21951219512195
12000,0.0,56.09756097560976
12250,99.6,54.054054054054056
12500,100.0,29.72972972972973
12750,100.0,5.405405405405405
13000,100.0,81.08108108108108
13250,100.0,56.75675675675676
13500,19.6,32.432432432432435
13750,0.0,8.108108108108109
14000,0.0,83.78378378378379
14250,99.6,92.3076923076923
14500,100.0,15.384615384615385
14750,100.0,38.46153846153847
15000,100.0,61.53846153846154
15250,100.0,84.61538461538461
15500,20.0,100.0
15750,0.0,100.0
16000,0.0,100.0
16250,99.6,100.0
16500,100.0,100.0
16750,100.0,15.384615384615385
17000,100.0,35.714285714285715
17250,100.0,96.5909090909091
17500,20.0,98.24902723735408
17750,0.0,98.82198952879581
18000,0.0,99.11242603550295
18250,99.6,99.11330049261083
18500,100.0,99.11330049261083
18750,100.0,99.11330049261083
19000,100.0,99.11330049261083
19250,100.0,92.3076923076923
19500,20.0,3.8461538461538463
19750,0.0,0.36231884057971014
20000,0.0,0.19011406844106463
20250,99.6,47.43833017077799
20500,100.0,94.87666034155598
20750,100.0,92.3076923076923
21000,100.0,14.285714285714285
21250,100.0,95.45454545454545
21500,20.0,97.66536964980544
21750,0.0,98.42931937172776
22000,0.0,98.81656804733728
22250,99.6,98.81773399014779
22500,100.0,98.81773399014779
22750,100.0,98.81773399014779
23000,100.0,98.81773399014779
23250,100.0,23.076923076923077
23500,20.0,46.15384615384615
23750,0.0,69.23076923076923
24000,0.0,92.3076923076923
24250,99.6,38.46153846153847
24500,100.0,57.14285714285714
24750,100.0,97.72727272727273
25000,100.0,98.83268482490273
25250,100.0,99.21465968586386
25500,20.0,99.40828402366864
25750,0.0,99.5253164556962
26000,0.0,99.14134742404227
26250,99.6,99.14191419141915
26500,100.0,99.14191419141915
26750,100.0,99.14191419141915
27000,100.0,99.14191419141915
27250,100.0,99.14191419141915
27500,14.799999999999999,99.00990099009901
27750,5.2,23.076923076923077
28000,0.0,46.15384615384615
28250,99.6,84.61538461538461
28500,100.0,7.6923076923076925
28750,100.0,30.76923076923077
29000,100.0,53.84615384615385
29250,100.0,76.92307692307693
29500,20.0,100.0
29750,0.0,23.076923076923077
30000,0.0,46.15384615384615
30250,99.6,84.61538461538461
30500,100.0,7.6923076923076925
30750,100.0,30.76923076923077
31000,100.0,50.0
31250,100.0,97.34848484848484
31500,20.0,98.63813229571986
31750,0.0,99.08376963350786
32000,0.0,99.30966469428007
32250,99.6,99.3103448275862
32500,100.0,99.3103448275862
32750,100.0,99.3103448275862
33000,100.0,99.3103448275862
33250,100.0,76.92307692307693
33500,20.0,92.85714285714286
33750,0.0,99.62121212121212
34000,0.0,99.80544747081711
34250,99.6,99.80582524271846
34500,100.0,99.80582524271846
34750,100.0,30.76923076923077
35000,100.0,50.0
35250,100.0,97.34848484848484
35500,20.0,98.63813229571986
35750,0.0,99.08376963350786
36000,0.0,99.30966469428007
36250,99.6,99.3103448275862
36500,100.0,99.3103448275862
36750,100.0,99.3103448275862
37000,100.0,99.3103448275862
37250,100.0,76.92307692307693
37500,20.0,100.0
37750,0.0,23.076923076923077
38000,0.0,46.15384615384615
38250,99.6,84.61538461538461
38500,100.0,7.6923076923076925
38750,100.0,30.76923076923077
39000,100.0,53.84615384615385
39250,100.0,76.92307692307693
39500,20.0,97.65258215962442
39750,0.0,98.92008639308855
40000,0.0,99.29873772791024
40250,99.6,99.29971988795518
40500,100.0,99.29971988795518
40750,100.0,30.76923076923077
41000,100.0,53.84615384615385
41250,100.0,76.92307692307693
41500,20.0,100.0
41750,0.0,23.076923076923077
42000,0.0,42.857142857142854
42250,99.6,98.79032258064517
42500,100.0,99.3975903614458
42750,100.0,99.59893048128342
43000,100.0,99.6993987975952
43250,100.0,99.75961538461539
43500,20.0,99.13217623497998
43750,0.0,99.25629290617849
44000,0.0,99.34934934934935
44250,99.6,99.34967483741872
44500,100.0,99.34967483741872
44750,100.0,99.34967483741872
45000,100.0,99.34967483741872
45250,100.0,99.34967483741872
45500,14.799999999999999,88.69434717358679
45750,0.0,87.54377188594297
46000,5.2,23.076923076923077
46250,99.6,7.6923076923076925
46500,100.0,30.76923076923077
46750,100.0,53.84615384615385
47000,100.0,76.92307692307693
47250,100.0,100.0
47500,20.0,23.076923076923077
47750,0.0,46.15384615384615
48000,0.0,69.23076923076923
48250,99.6,61.53846153846154
48500,100.0,84.61538461538461
48750,100.0,7.6923076923076925
49000,100.0,30.76923076923077
49250,100.0,53.84615384615385
49500,20.0,76.92307692307693
49750,0.0,100.0
50000,0.0,21.428571428571427
50250,99.6,100.0
50500,100.0,100.0
50750,100.0,100.0
51000,100.0,100.0
51250,100.0,100.0
51500,20.0,99.13217623497998
51750,0.0,99.25629290617849
52000,0.0,99.34934934934935
