250,0.0,0.0
500,0.0,0.0
750,0.0,0.0
1000,0.0,10.9
1250,0.0,28.720000000000002
1500,0.0,40.6
1750,0.0,49.08571428571429
2000,0.0,55.45
2250,3.2,14.269406392694064
2500,0.0,33.288948069241016
2750,0.0,59.904153354632584
3000,0.0,1.001001001001001
3250,0.0,0.8006405124099278
3500,0.0,0.66711140760507
3750,0.0,0.5717552887364208
4000,0.0,0.5002501250625313
4250,3.2,13.820673900628213
4500,0.0,32.778147901399066
4750,0.0,59.31254996003198
5000,0.0,99.2992992992993
5250,0.0,99.43955164131305
5500,0.0,99.53302201467645
5750,0.0,99.59977129788452
6000,0.0,99.64982491245622
6250,3.2,0.1
6500,0.0,0.2
6750,0.0,0.3
7000,0.0,0.4
7250,56.39999999999999,7.3
7500,100.0,19.8
7750,100.0,32.300000000000004
8000,100.0,22.22222222222222
8250,99.6,97.18875502008032
8500,100.0,98.59719438877755
8750,100.0,99.06542056074767
9000,60.0,99.2992992992993
9250,0.0,99.43955164131305
9500,0.0,99.53302201467645
9750,0.0,99.59977129788452
10000,0.0,99.59819186338524
10250,99.6,12.550200803212853
10500,100.0,25.100401606425706
10750,100.0,37.65060240963856
11000,56.39999999999999,50.20080321285141
11250,0.0,62.75100401606426
11500,0.0,75.30120481927712
11750,0.0,87.85140562248996
12000,0.4,11.11111111111111
12250,99.6,100.0
12500,100.0,33.33333333333333
12750,100.0,55.55555555555556
13000,56.8,77.77777777777779
13250,0.0,100.0
13500,0.0,33.33333333333333
13750,0.0,55.55555555555556
14000,0.0,77.77777777777779
14250,99.6,22.22222222222222
14500,100.0,44.44444444444444
14750,100.0,66.66666666666666
15000,60.0,88.88888888888889
15250,0.0,22.22222222222222
15500,0.0,44.44444444444444
15750,0.0,66.66666666666666
16000,0.0,88.88888888888889
16250,99.6,22.22222222222222
16500,100.0,44.44444444444444
16750,100.0,66.66666666666666
17000,60.0,88.88888888888889
17250,0.0,22.22222222222222
17500,0.0,44.44444444444444
17750,0.0,66.66666666666666
18000,0.0,80.0
18250,99.6,97.17741935483872
18500,100.0,98.59437751004016
18750,100.0,99.06417112299465
19000,60.0,99.29859719438878
19250,0.0,99.43910256410257
19500,0.0,99.53271028037383
19750,0.0,99.59954233409611
20000,0.0,88.68868868868869
20250,99.6,12.506253126563283
20500,100.0,25.012506253126567
20750,100.0,37.51875937968984
21000,56.39999999999999,5.502751375687844
21250,0.0,18.009004502251123
21500,0.0,30.515257628814407
21750,0.0,43.02151075537769
22000,3.5999999999999996,30.0
22250,99.6,97.17741935483872
22500,100.0,98.59437751004016
22750,100.0,99.06417112299465
23000,60.0,89.37875751503006
23250,0.0,71.47435897435898
23500,0.0,59.546061415220294
23750,0.0,51.029748283752866
24000,0.0,45.0950950950951
24250,99.6,12.506253126563283
24500,100.0,25.012506253126567
24750,100.0,37.51875937968984
25000,56.39999999999999,49.57478739369685
25250,0.0,62.08104052026013
25500,0.0,74.58729364682341
25750,0.0,87.09354677338669
26000,3.5999999999999996,30.0
26250,99.6,97.17741935483872
26500,100.0,98.59437751004016
26750,100.0,99.06417112299465
27000,60.0,99.29859719438878
27250,0.0,99.43910256410257
27500,0.0,99.53271028037383
27750,0.0,99.59954233409611
28000,0.0,88.68868868868869
28250,99.6,12.506253126563283
28500,100.0,25.012506253126567
28750,100.0,37.51875937968984
29000,56.39999999999999,5.502751375687844
29250,0.0,18.009004502251123
29500,0.0,30.515257628814407
29750,0.0,43.02151075537769
30000,3.5999999999999996,33.33333333333333
30250,99.6,22.22222222222222
30500,100.0,44.44444444444444
30750,100.0,66.66666666666666
31000,60.0,88.88888888888889
31250,0.0,22.22222222222222
31500,0.0,44.44444444444444
31750,0.0,66.66666666666666
32000,0.0,88.88888888888889
32250,99.6,22.22222222222222
32500,100.0,44.44444444444444
32750,100.0,66.66666666666666
33000,60.0,88.88888888888889
33250,0.0,22.22222222222222
33500,0.0,44.44444444444444
33750,0.0,66.66666666666666
34000,0.0,88.88888888888889
34250,99.6,22.22222222222222
34500,100.0,44.44444444444444
34750,100.0,66.66666666666666
35000,60.0,88.88888888888889
35250,0.0,22.22222222222222
35500,0.0,44.44444444444444
35750,0.0,66.66666666666666
36000,0.0,80.0
36250,99.6,97.17741935483872
36500,100.0,98.59437751004016
36750,100.0,99.06417112299465
37000,60.0,89.37875751503006
37250,0.0,71.47435897435898
37500,0.0,59.546061415220294
37750,0.0,51.029748283752866
38000,0.0,55.55555555555556
38250,99.6,12.506253126563283
38500,100.0,25.012506253126567
38750,100.0,37.51875937968984
39000,56.39999999999999,5.502751375687844
39250,0.0,18.009004502251123
39500,0.0,30.515257628814407
39750,0.0,43.02151075537769
40000,3.5999999999999996,30.0
40250,99.6,97.17741935483872
40500,100.0,98.59437751004016
40750,100.0,99.06417112299465
41000,60.0,99.29859719438878
41250,0.0,99.43910256410257
41500,0.0,99.53271028037383
41750,0.0,99.59954233409611
42000,0.0,99.14914914914915
42250,99.6,12.506253126563283
42500,100.0,25.012506253126567
42750,100.0,37.51875937968984
43000,56.39999999999999,49.57478739369685
43250,0.0,62.08104052026013
43500,0.0,74.58729364682341
43750,0.0,87.09354677338669
44000,3.5999999999999996,30.0
44250,99.6,97.17741935483872
44500,100.0,98.59437751004016
44750,100.0,99.06417112299465
45000,60.0,89.37875751503006
45250,0.0,71.47435897435898
45500,0.0,59.546061415220294
45750,0.0,51.029748283752866
46000,0.0,55.55555555555556
46250,99.6,12.506253126563283
46500,100.0,25.012506253126567
46750,100.0,37.51875937968984
47000,56.39999999999999,5.502751375687844
47250,0.0,18.009004502251123
47500,0.0,30.515257628814407
47750,0.0,43.02151075537769
48000,3.5999999999999996,33.33333333333333
48250,99.6,22.22222222222222
48500,100.0,44.44444444444444
48750,100.0,66.66666666666666
49000,60.0,88.88888888888889
49250,0.0,22.22222222222222
49500,0.0,44.44444444444444
49750,0.0,66.66666666666666
50000,0.0,88.88888888888889
50250,99.6,22.22222222222222
50500,100.0,44.44444444444444
50750,100.0,66.66666666666666
51000,60.0,88.88888888888889
51250,0.0,22.22222222222222
51500,0.0,44.44444444444444
51750,0.0,66.66666666666666
52000,0.0,88.88888888888889
