250,0.0
500,0.0
750,0.0
1000,0.0
1250,0.0
1500,0.0
1750,0.0
2000,0.0
2250,5.2
2500,0.0
2750,54.0
3000,100.0
3250,100.0
3500,60.4
3750,0.0
4000,0.0
4250,96.0
4500,96.0
4750,96.8
5000,100.0
5250,100.0
5500,60.8
5750,0.0
6000,0.0
6250,61.199999999999996
6500,96.0
6750,96.8
7000,100.0
7250,100.0
7500,60.8
7750,0.0
8000,0.0
8250,66.8
8500,90.0
8750,97.2
9000,100.0
9250,100.0
9500,100.0
9750,4.3999999999999995
10000,0.0
10250,97.6
10500,94.8
10750,100.0
11000,100.0
11250,100.0
11500,60.0
11750,0.0
12000,0.0
12250,81.2
12500,3.5999999999999996
12750,78.0
13000,100.0
13250,100.0
13500,70.39999999999999
13750,0.0
14000,0.0
14250,74.4
14500,96.8
14750,96.8
15000,100.0
15250,100.0
15500,90.8
15750,0.0
16000,0.0
16250,93.60000000000001
16500,96.8
16750,98.8
17000,100.0
17250,100.0
17500,60.0
17750,0.0
18000,0.0
18250,30.0
18500,93.60000000000001
18750,98.0
19000,100.0
19250,100.0
19500,100.0
19750,32.800000000000004
20000,0.0
20250,92.80000000000001
20500,97.2
20750,100.0
21000,100.0
21250,100.0
21500,60.4
21750,0.0
22000,0.0
22250,94.8
22500,97.2
22750,98.8
23000,100.0
23250,100.0
23500,60.4
23750,0.0
24000,0.0
24250,92.80000000000001
24500,95.19999999999999
24750,88.8
25000,100.0
25250,100.0
25500,60.0
25750,0.0
26000,0.0
26250,95.6
26500,95.6
26750,96.0
27000,100.0
27250,100.0
27500,60.0
27750,0.0
28000,0.0
28250,10.8
28500,4.3999999999999995
28750,57.199999999999996
29000,100.0
29250,100.0
29500,96.8
29750,0.0
30000,0.0
30250,94.0
30500,96.8
30750,99.6
31000,100.0
31250,100.0
31500,60.0
31750,0.0
32000,0.0
32250,9.6
32500,3.5999999999999996
32750,57.99999999999999
33000,100.0
33250,100.0
33500,100.0
33750,100.0
34000,76.8
34250,98.8
34500,100.0
34750,100.0
35000,100.0
35250,100.0
35500,55.60000000000001
35750,0.0
36000,0.0
36250,51.6
36500,97.2
36750,99.2
37000,100.0
37250,100.0
37500,100.0
37750,9.6
38000,0.0
38250,91.60000000000001
38500,94.39999999999999
38750,100.0
39000,100.0
39250,100.0
39500,60.8
39750,0.0
40000,0.0
40250,96.0
40500,95.6
40750,97.6
41000,100.0
41250,100.0
41500,60.8
41750,0.0
42000,0.0
42250,25.2
42500,8.0
42750,60.0
43000,100.0
43250,100.0
43500,69.19999999999999
43750,0.0
44000,0.0
44250,92.80000000000001
44500,95.19999999999999
44750,98.4
45000,100.0
45250,100.0
45500,60.0
45750,0.0
46000,0.0
46250,12.0
46500,4.0
46750,57.199999999999996
47000,100.0
47250,100.0
47500,100.0
47750,99.6
48000,76.0
48250,98.8
48500,100.0
48750,100.0
49000,100.0
49250,100.0
49500,55.2
49750,0.0
50000,0.0
50250,8.799999999999999
50500,5.2
50750,56.39999999999999
51000,100.0
51250,100.0
51500,100.0
51750,100.0
52000,77.2
