250,0.0,100.0
500,0.0,100.0
750,0.0,100.0
1000,0.0,100.0
1250,0.0,4.96
1500,0.0,20.8
1750,0.0,32.114285714285714
2000,0.0,40.6
2250,4.3999999999999995,32.81963470319635
2500,0.0,33.288948069241016
2750,0.0,59.904153354632584
3000,74.8,84.10428931875525
3250,80.4,4.88390712570056
3500,0.0,20.74716477651768
3750,0.0,32.075471698113205
4000,0.0,40.57028514257128
4250,4.3999999999999995,32.7812678469446
4500,0.0,33.311125916055964
4750,0.0,59.95203836930456
5000,75.2,84.10428931875525
5250,80.4,3.9611964430072755
5500,0.0,20.107599193006052
5750,0.0,31.606217616580313
6000,0.0,40.43522267206478
6250,4.3999999999999995,28.426909458775924
6500,0.0,25.290844714213456
6750,0.0,37.93626707132019
7000,80.0,50.58168942842691
7250,100.0,63.22711178553364
7500,100.0,75.87253414264038
7750,100.0,88.5179564997471
8000,90.8,2.1240441801189465
8250,99.6,19.20135938827528
8500,100.0,40.44180118946474
8750,100.0,61.6822429906542
9000,100.0,82.92268479184366
9250,80.0,4.163126593033136
9500,0.0,25.403568394222596
9750,0.0,46.644010195412065
10000,0.0,67.88445199660153
10250,99.6,67.96941376380629
10500,100.0,67.96941376380629
10750,100.0,67.96941376380629
11000,100.0,17.162276975361088
11250,80.0,15.897435897435896
11500,0.0,80.0
11750,0.0,44.1025641025641
12000,0.0,8.205128205128204
12250,99.6,56.15384615384615
12500,100.0,30.64066852367688
12750,100.0,0.2785515320334262
13000,100.0,69.91643454038997
13250,80.0,39.55431754874652
13500,0.0,9.192200557103064
13750,0.0,78.8300835654596
14000,0.0,48.467966573816156
14250,99.6,21.448467966573816
14500,100.0,75.80645161290323
14750,100.0,10.21505376344086
15000,100.0,44.623655913978496
15250,80.0,79.03225806451613
15500,0.0,13.440860215053762
15750,0.0,47.8494623655914
16000,0.0,82.25806451612904
16250,99.6,33.33333333333333
16500,100.0,16.666666666666664
16750,100.0,100.0
17000,100.0,76.92307692307693
17250,80.0,98.85931558935361
17500,0.0,99.41520467836257
17750,0.0,99.60681520314549
18000,0.0,99.70384995064165
18250,99.6,99.70414201183432
18500,100.0,99.70414201183432
18750,100.0,99.70414201183432
19000,100.0,99.70414201183432
19250,80.0,8.333333333333332
19500,0.0,84.61538461538461
19750,0.0,99.23954372623575
20000,0.0,99.61013645224172
20250,99.6,99.61089494163424
20500,100.0,99.61089494163424
20750,100.0,100.0
21000,100.0,76.92307692307693
21250,80.0,98.85931558935361
21500,0.0,99.41520467836257
21750,0.0,99.60681520314549
22000,0.0,99.70384995064165
22250,99.6,99.8025666337611
22500,100.0,99.8025666337611
22750,100.0,99.8025666337611
23000,100.0,99.8025666337611
23250,80.0,8.333333333333332
23500,0.0,91.66666666666666
23750,0.0,75.0
24000,0.0,58.333333333333336
24250,99.6,33.33333333333333
24500,100.0,16.666666666666664
24750,100.0,100.0
25000,100.0,76.92307692307693
25250,79.60000000000001,98.85931558935361
25500,0.0,99.41520467836257
25750,0.0,99.60681520314549
26000,0.0,99.70384995064165
26250,99.6,99.8025666337611
26500,100.0,99.8025666337611
26750,100.0,99.8025666337611
27000,100.0,99.8025666337611
27250,80.0,8.333333333333332
27500,0.0,91.66666666666666
27750,0.0,75.0
28000,0.0,58.333333333333336
28250,99.6,33.33333333333333
28500,100.0,15.384615384615385
28750,100.0,95.81749049429658
29000,100.0,97.85575048732943
29250,79.60000000000001,98.55832241153341
29500,0.0,98.91411648568608
29750,0.0,99.04988123515439
30000,0.0,99.20687376074025
30250,99.6,99.20739762219286
30500,100.0,99.20739762219286
30750,100.0,99.20739762219286
31000,100.0,99.20739762219286
31250,75.2,95.112285336856
31500,0.0,99.07529722589167
31750,4.8,83.33333333333334
32000,0.0,66.66666666666666
32250,99.6,25.0
32500,100.0,8.333333333333332
32750,100.0,91.66666666666666
33000,100.0,75.0
33250,80.0,58.333333333333336
33500,0.0,41.66666666666667
33750,0.0,25.0
34000,0.0,8.333333333333332
34250,99.6,83.33333333333334
34500,100.0,66.66666666666666
34750,100.0,50.0
35000,100.0,30.76923076923077
35250,80.0,96.57794676806084
35500,0.0,98.24561403508771
35750,0.0,98.82044560943643
36000,0.0,99.11154985192498
36250,99.6,99.11242603550295
36500,100.0,99.11242603550295
36750,100.0,99.11242603550295
37000,100.0,99.11242603550295
37250,80.0,58.333333333333336
37500,0.0,38.46153846153847
37750,0.0,96.95817490494296
38000,0.0,98.44054580896686
38250,99.6,98.44357976653697
38500,100.0,98.44357976653697
38750,100.0,50.0
39000,100.0,30.76923076923077
39250,80.0,96.57794676806084
39500,0.0,98.24561403508771
39750,0.0,98.82044560943643
40000,0.0,99.11154985192498
40250,99.6,99.11242603550295
40500,100.0,99.11242603550295
40750,100.0,99.11242603550295
41000,100.0,99.11242603550295
41250,80.0,58.333333333333336
41500,0.0,41.66666666666667
41750,0.0,25.0
42000,0.0,8.333333333333332
42250,99.6,91.66666666666666
42500,100.0,75.0
42750,100.0,58.333333333333336
43000,100.0,41.66666666666667
43250,80.0,83.60655737704919
43500,0.0,96.78456591639872
43750,0.0,95.96774193548387
44000,0.0,98.18913480885311
44250,99.6,98.19277108433735
44500,100.0,8.333333333333332
44750,100.0,91.66666666666666
45000,100.0,75.0
45250,80.0,58.333333333333336
45500,0.0,38.46153846153847
45750,0.0,96.95817490494296
46000,0.0,98.44054580896686
46250,99.6,98.44357976653697
46500,100.0,98.44357976653697
46750,100.0,50.0
47000,100.0,30.76923076923077
47250,80.0,96.57794676806084
47500,0.0,98.24561403508771
47750,0.0,98.82044560943643
48000,0.0,99.11154985192498
48250,99.6,99.11242603550295
48500,100.0,99.11242603550295
48750,100.0,99.11242603550295
49000,100.0,99.11242603550295
49250,80.0,58.333333333333336
49500,0.0,41.66666666666667
49750,0.0,25.0
50000,0.0,8.333333333333332
50250,99.6,91.66666666666666
50500,100.0,69.23076923076923
50750,100.0,98.47908745247148
51000,100.0,23.076923076923077
51250,80.0,96.1977186311787
51500,0.0,98.05068226120858
51750,0.0,98.68938401048493
52000,0.0,99.01283316880553
