100,95.66931405165285,4.330685948347147
200,91.24632218611181,8.753677813888194
300,86.86756023922617,13.132439760773831
400,82.48879829234053,17.511201707659467
500,78.11003634545489,21.889963654545106
600,73.73127439856925,26.26872560143074
700,69.35251245168362,30.647487548316377
800,64.97375050479799,35.026249495202016
900,60.594988557912345,39.40501144208765
1000,56.21622661102671,43.78377338897329
1100,50.66441029980193,49.33558970019807
1200,45.47604853752812,54.52395146247188
1300,40.28768677525432,59.712313224745685
1400,35.09932501298052,64.90067498701949
1500,29.91096325070672,70.08903674929329
1600,24.722601488432915,75.27739851156709
1700,19.53423972615911,80.46576027384089
1800,14.34587796388531,85.65412203611469
1900,9.157516201611507,90.8424837983885
2000,3.8960789215592007,96.1039210784408
2100,3.848002923020711,96.15199707697928
