250,0.0,100.0
500,0.0,100.0
750,0.0,7.6
1000,0.0,30.7
1250,0.0,44.56
1500,0.0,53.800000000000004
1750,0.0,60.4
2000,0.0,65.35
2250,2.4,60.78767123287672
2500,0.0,54.260985352862846
2750,0.0,7.476635514018691
3000,0.0,30.630630630630627
3250,0.0,44.515612489991994
3500,0.0,53.76917945296864
3750,0.0,60.37735849056604
4000,0.0,65.33266633316657
4250,2.4,60.76527698458024
4500,0.0,54.23051299133911
4750,0.0,7.476635514018691
5000,0.0,30.630630630630627
5250,0.0,44.515612489991994
5500,0.0,53.76917945296864
5750,0.0,60.37735849056604
6000,0.0,65.33266633316657
6250,2.4,53.2
6500,0.0,40.699999999999996
6750,0.0,37.5
7000,0.0,50.0
7250,0.0,62.5
7500,77.2,75.0
7750,100.0,87.5
8000,100.0,28.57142857142857
8250,99.6,57.14285714285714
8500,100.0,28.57142857142857
8750,80.0,100.0
9000,0.0,100.0
9250,0.0,100.0
9500,0.0,99.1389913899139
9750,0.0,99.3414863593603
10000,0.0,99.46686976389947
10250,99.6,99.46727549467276
10500,100.0,99.46727549467276
10750,77.2,95.12937595129375
11000,0.0,76.10350076103501
11250,0.0,95.12937595129375
11500,2.8000000000000003,85.71428571428571
11750,0.0,57.14285714285714
12000,0.0,28.57142857142857
12250,99.6,57.14285714285714
12500,100.0,28.57142857142857
12750,80.0,100.0
13000,0.0,100.0
13250,0.0,100.0
13500,0.0,99.1389913899139
13750,0.0,99.3414863593603
14000,0.0,99.46686976389947
14250,99.6,99.46727549467276
14500,100.0,99.46727549467276
14750,77.2,95.12937595129375
15000,0.0,76.10350076103501
15250,0.0,95.12937595129375
15500,2.8000000000000003,85.71428571428571
15750,0.0,57.14285714285714
16000,0.0,28.57142857142857
16250,99.6,57.14285714285714
16500,100.0,28.57142857142857
16750,80.0,98.24561403508771
17000,0.0,99.6742671009772
17250,0.0,99.82046678635548
17500,0.0,99.13258983890955
17750,0.0,99.33774834437085
18000,0.0,99.46442234123948
18250,99.6,99.46483180428135
18500,100.0,99.46483180428135
18750,77.2,95.10703363914374
19000,0.0,76.45259938837921
19250,0.0,95.565749235474
19500,2.8000000000000003,71.42857142857143
19750,0.0,42.857142857142854
20000,0.0,14.285714285714285
20250,99.6,71.42857142857143
20500,100.0,42.857142857142854
20750,80.0,14.285714285714285
21000,0.0,75.0
21250,0.0,99.2248062015504
21500,0.0,14.285714285714285
21750,0.0,85.71428571428571
22000,0.0,57.14285714285714
22250,99.6,28.57142857142857
22500,100.0,87.5
22750,77.2,99.6124031007752
23000,0.0,99.80314960629921
23250,0.0,99.07651715039579
23500,0.0,99.30555555555556
23750,0.0,99.4435612082671
24000,0.0,99.53580901856765
24250,99.6,99.53611663353215
24500,100.0,99.53611663353215
24750,77.2,95.75878064943672
25000,0.0,79.19151756129888
25250,0.0,82.8363154406892
25500,0.0,99.40357852882704
25750,2.8000000000000003,71.42857142857143
26000,0.0,42.857142857142854
26250,99.6,42.857142857142854
26500,100.0,100.0
26750,80.0,100.0
27000,0.0,100.0
27250,0.0,99.07651715039579
27500,0.0,99.30555555555556
27750,0.0,99.4435612082671
28000,0.0,99.53580901856765
28250,99.6,99.53611663353215
28500,100.0,99.53611663353215
28750,77.2,95.75878064943672
29000,0.0,79.19151756129888
29250,0.0,82.8363154406892
29500,0.0,99.40357852882704
29750,2.8000000000000003,71.42857142857143
30000,0.0,42.857142857142854
30250,99.6,42.857142857142854
30500,100.0,14.285714285714285
30750,80.0,85.71428571428571
31000,0.0,57.14285714285714
31250,0.0,28.57142857142857
31500,0.0,100.0
31750,0.0,71.42857142857143
32000,0.0,42.857142857142854
32250,99.6,42.857142857142854
32500,100.0,14.285714285714285
32750,80.0,85.71428571428571
33000,0.0,50.0
33250,0.0,98.44961240310077
33500,0.0,99.21259842519686
33750,0.0,99.07651715039579
34000,0.0,99.30555555555556
34250,99.6,99.30624380574827
34500,100.0,99.30624380574827
34750,77.2,93.65708622398414
35000,0.0,99.10802775024777
35250,2.8000000000000003,71.42857142857143
35500,0.0,42.857142857142854
35750,0.0,14.285714285714285
36000,0.0,75.0
36250,99.6,98.79032258064517
36500,100.0,99.3975903614458
36750,80.0,99.06417112299465
37000,0.0,99.29859719438878
37250,0.0,99.43910256410257
37500,0.0,99.53271028037383
37750,0.0,99.59954233409611
38000,0.0,99.64964964964965
38250,99.6,99.64982491245622
38500,100.0,99.64982491245622
38750,77.2,96.7983991995998
39000,0.0,84.29214607303652
39250,0.0,71.78589294647324
39500,0.0,75.03751875937968
39750,0.0,87.54377188594297
40000,2.8000000000000003,42.857142857142854
40250,99.6,42.857142857142854
40500,100.0,14.285714285714285
40750,80.0,85.71428571428571
41000,0.0,57.14285714285714
41250,0.0,28.57142857142857
41500,0.0,100.0
41750,0.0,71.42857142857143
42000,0.0,42.857142857142854
42250,99.6,42.857142857142854
42500,100.0,14.285714285714285
42750,80.0,85.71428571428571
43000,0.0,57.14285714285714
43250,0.0,28.57142857142857
43500,0.0,100.0
43750,0.0,71.42857142857143
44000,0.0,37.5
44250,99.6,100.0
44500,100.0,100.0
44750,80.0,99.06417112299465
45000,0.0,99.29859719438878
45250,0.0,99.43910256410257
45500,0.0,99.53271028037383
45750,0.0,99.59954233409611
46000,0.0,99.64964964964965
46250,99.6,99.64982491245622
46500,100.0,99.64982491245622
46750,77.2,96.7983991995998
47000,0.0,84.29214607303652
47250,0.0,71.78589294647324
47500,0.0,75.03751875937968
47750,0.0,87.54377188594297
48000,2.8000000000000003,42.857142857142854
48250,99.6,42.857142857142854
48500,100.0,14.285714285714285
48750,80.0,85.71428571428571
49000,0.0,50.0
49250,0.0,98.44961240310077
49500,0.0,85.71428571428571
49750,0.0,57.14285714285714
50000,0.0,28.57142857142857
50250,99.6,57.14285714285714
50500,100.0,28.57142857142857
50750,80.0,98.24561403508771
51000,0.0,99.6742671009772
51250,0.0,99.82046678635548
51500,0.0,37.5
51750,0.0,98.06201550387597
52000,0.0,99.01574803149606
