250,0.0,0.0
500,0.0,0.0
750,0.0,0.0
1000,0.0,0.0
1250,0.0,0.0
1500,0.0,0.0
1750,0.0,3.8285714285714283
2000,0.0,15.85
2250,6.4,14.269406392694064
2500,72.8,29.69121140142518
2750,100.0,44.53681710213777
3000,100.0,59.38242280285036
3250,100.0,74.22802850356295
3500,100.0,89.07363420427554
3750,80.4,2.0011435105774726
4000,0.0,1.7508754377188593
4250,6.4,13.363792118789263
4500,73.2,28.741092636579573
4750,100.0,43.58669833729216
5000,100.0,58.432304038004744
5250,100.0,73.27790973871734
5500,100.0,88.12351543942994
5750,80.4,3.0023094688221708
6000,0.0,15.361139369277721
6250,6.4,12.572087658592848
6500,80.0,27.790973871733964
6750,100.0,42.63657957244655
7000,100.0,57.482185273159146
7250,100.0,72.32779097387173
7500,100.0,87.17339667458432
7750,80.4,2.13903743315508
8000,0.0,16.99346405228758
8250,99.6,14.854426619132502
8500,100.0,29.708853238265004
8750,100.0,44.563279857397504
9000,100.0,59.41770647653001
9250,100.0,74.27213309566251
9500,100.0,89.12655971479501
9750,80.0,4.040404040404041
10000,0.0,18.89483065953654
10250,99.6,14.854426619132502
10500,100.0,29.708853238265004
10750,100.0,44.563279857397504
11000,100.0,59.41770647653001
11250,100.0,74.27213309566251
11500,100.0,89.12655971479501
11750,80.0,4.040404040404041
12000,0.0,18.89483065953654
12250,99.6,14.854426619132502
12500,100.0,29.708853238265004
12750,100.0,44.563279857397504
13000,100.0,59.41770647653001
13250,100.0,74.27213309566251
13500,100.0,89.12655971479501
13750,80.0,4.0428061831153395
14000,0.0,18.90606420927467
14250,99.6,14.863258026159334
14500,100.0,29.72651605231867
14750,100.0,44.589774078478
15000,100.0,59.45303210463734
15250,100.0,74.31629013079667
15500,100.0,89.179548156956
15750,80.0,4.104699583581202
16000,0.0,18.9767995240928
16250,99.6,14.8720999405116
16500,100.0,29.7441998810232
16750,100.0,44.6162998215348
17000,100.0,59.4883997620464
17250,100.0,74.360499702558
17500,100.0,89.2325996430696
17750,80.0,4.166666666666666
18000,0.0,19.047619047619047
18250,99.6,14.880952380952381
18500,100.0,29.761904761904763
18750,100.0,44.642857142857146
19000,100.0,59.523809523809526
19250,100.0,74.40476190476191
19500,100.0,89.28571428571429
19750,80.0,4.228707564026206
20000,0.0,19.118522930315667
20250,99.6,14.889815366289458
20500,100.0,29.779630732578916
20750,100.0,44.66944609886838
21000,100.0,59.55926146515783
21250,100.0,74.44907683144729
21500,100.0,89.33889219773675
21750,80.0,4.290822407628129
22000,0.0,19.189511323003575
22250,99.6,14.898688915375446
22500,100.0,29.797377830750893
22750,100.0,44.69606674612634
23000,100.0,59.594755661501786
23250,100.0,74.49344457687724
23500,100.0,89.39213349225268
23750,80.0,4.353011329755516
24000,0.0,19.260584376863445
24250,99.6,14.907573047107931
24500,100.0,29.815146094215862
24750,100.0,44.72271914132379
25000,100.0,59.630292188431724
25250,100.0,74.53786523553966
25500,100.0,89.44543828264759
25750,80.0,4.41527446300716
26000,0.0,19.331742243436754
26250,99.6,14.916467780429594
26500,100.0,29.832935560859188
26750,100.0,44.74940334128878
27000,100.0,59.665871121718375
27250,100.0,74.58233890214797
27500,100.0,89.49880668257757
27750,80.0,4.477611940298507
28000,0.0,19.402985074626866
28250,99.6,14.925373134328357
28500,100.0,29.850746268656714
28750,100.0,44.776119402985074
29000,100.0,59.70149253731343
29250,100.0,74.6268656716418
29500,100.0,89.55223880597015
29750,80.0,4.540023894862605
30000,0.0,19.47431302270012
30250,99.6,14.934289127837516
30500,100.0,29.868578255675033
30750,100.0,44.80286738351255
31000,100.0,59.737156511350065
31250,100.0,74.67144563918757
31500,100.0,89.6057347670251
31750,80.0,4.602510460251046
32000,0.0,19.54572624028691
32250,99.6,14.943215780035866
32500,100.0,29.88643156007173
32750,100.0,44.82964734010759
33000,100.0,59.77286312014346
33250,100.0,74.71607890017931
33500,100.0,89.65929468021518
33750,80.0,4.6650717703349285
34000,0.0,19.617224880382775
34250,99.6,14.952153110047847
34500,100.0,29.904306220095695
34750,100.0,44.85645933014354
35000,100.0,59.80861244019139
35250,100.0,74.76076555023924
35500,100.0,89.71291866028707
35750,80.0,4.727707959305805
36000,0.0,19.68880909634949
36250,99.6,14.961101137043686
36500,100.0,29.922202274087372
36750,100.0,44.88330341113106
37000,100.0,59.844404548174744
37250,100.0,74.80550568521844
37500,100.0,89.76660682226212
37750,80.0,4.790419161676647
38000,0.0,19.760479041916167
38250,99.6,14.97005988023952
38500,100.0,29.94011976047904
38750,100.0,44.91017964071856
39000,100.0,59.88023952095808
39250,100.0,74.8502994011976
39500,100.0,89.82035928143712
39750,80.0,4.853205512282805
40000,0.0,19.832234871180347
40250,99.6,14.979029358897545
40500,100.0,29.95805871779509
40750,100.0,44.93708807669263
41000,100.0,59.91611743559018
41250,100.0,74.89514679448772
41500,100.0,89.87417615338526
41750,80.0,4.916067146282973
42000,0.0,19.904076738609113
42250,99.6,14.98800959232614
42500,100.0,29.97601918465228
42750,100.0,44.96402877697842
43000,100.0,59.95203836930456
43250,100.0,74.9400479616307
43500,100.0,89.92805755395683
43750,80.0,4.979004199160168
44000,0.0,19.976004799040194
44250,99.6,14.997000599880023
44500,100.0,29.994001199760046
44750,100.0,44.991001799640074
45000,100.0,59.98800239952009
45250,100.0,74.98500299940012
45500,100.0,89.98200359928015
45750,80.0,5.042016806722689
46000,0.0,20.048019207683073
46250,99.6,15.006002400960384
46500,100.0,30.012004801920767
46750,100.0,45.01800720288116
47000,100.0,60.024009603841534
47250,100.0,75.03001200480192
47500,100.0,90.03601440576232
47750,80.0,5.105105105105105
48000,0.0,20.12012012012012
48250,99.6,15.015015015015015
48500,100.0,30.03003003003003
48750,100.0,45.04504504504504
49000,100.0,60.06006006006006
49250,100.0,75.07507507507508
49500,100.0,90.09009009009009
49750,80.0,5.168269230769231
50000,0.0,20.192307692307693
50250,99.6,15.024038461538462
50500,100.0,30.048076923076923
50750,100.0,45.07211538461539
51000,100.0,60.09615384615385
51250,100.0,75.1201923076923
51500,100.0,90.14423076923077
51750,80.0,5.231509320505111
52000,0.0,20.26458208057727
