100,95.61739197323128,4.382608026768716,18.352
200,91.19440010769023,8.805599892309763,25.562
300,86.7675621622661,13.23243783773389,22.57
400,82.34072421684199,17.659275783158016,27.588
500,77.91388627141785,22.086113728582145,27.951999999999998
600,73.48704832599373,26.512951674006267,31.976
700,69.06021038056961,30.939789619430396,34.976
800,64.63337243514547,35.366627564854525,34.794000000000004
900,60.20653448972135,39.79346551027865,36.58
1000,55.783542624180306,44.216457375819694,35.978
1100,50.75671621699583,49.24328378300417,40.660000000000004
1200,45.51066325647584,54.48933674352416,45.166000000000004
1300,41.14920866906406,58.85079133093595,45.348
1400,36.149304821061136,63.850695178938864,30.12
1500,30.760946904867215,69.23905309513279,25.116
1600,24.636064691063634,75.36393530893636,20.086000000000002
1700,19.455395088555992,80.54460491144401,14.52
1800,14.25164900674987,85.74835099325013,9.725999999999999
1900,9.05751812465145,90.94248187534855,4.932
2000,3.8960789215592007,96.1039210784408,0.064
2100,3.848002923020711,96.15199707697928,0.0
