250,0.0,0.0
500,0.0,20.8
750,0.0,47.199999999999996
1000,0.0,60.4
1250,0.0,68.32000000000001
1500,0.0,73.6
1750,0.0,77.37142857142857
2000,0.0,80.2
2250,1.2,14.269406392694064
2500,0.0,1.002004008016032
2750,0.0,0.6675567423230975
3000,0.0,0.5005005005005005
3250,0.0,0.4003202562049639
3500,0.0,0.333555703802535
3750,0.0,0.2858776443682104
4000,0.0,0.25012506253126565
4250,1.2,14.106225014277557
4500,0.0,99.59919839679358
4750,0.0,99.73297730307075
5000,0.0,99.7997997997998
5250,0.0,99.83987189751802
5500,0.0,99.866577718479
5750,0.0,99.88564894225271
6000,0.0,99.89994997498749
6250,1.2,0.2
6500,0.0,0.1
6750,0.0,0.15
7000,0.0,0.2
7250,0.0,0.1
7500,0.0,0.15
7750,58.4,7.3999999999999995
8000,100.0,50.0
8250,99.6,99.19678714859438
8500,60.0,99.59919839679358
8750,0.0,99.73297730307075
9000,0.0,99.3993993993994
9250,0.0,99.51961569255404
9500,0.0,99.59973315543695
9750,0.0,99.65694682675816
10000,0.0,99.69984992496248
10250,99.6,12.5
10500,58.4,25.0
10750,0.0,37.5
11000,0.0,39.6
11250,0.0,39.6
11500,0.0,39.6
11750,0.0,39.6
12000,1.6,50.0
12250,99.6,100.0
12500,60.0,50.0
12750,0.0,75.0
13000,0.0,100.0
13250,0.0,50.0
13500,0.0,75.0
13750,0.0,100.0
14000,0.0,50.0
14250,99.6,100.0
14500,60.0,50.0
14750,0.0,75.0
15000,0.0,80.0
15250,0.0,99.6078431372549
15500,0.0,78.61386138613862
15750,0.0,52.58278145695364
16000,0.0,39.50248756218905
16250,99.6,24.85089463220676
16500,58.4,49.60238568588469
16750,0.0,74.45328031809146
17000,0.0,99.20477137176938
17250,1.6,99.19354838709677
17500,0.0,99.59839357429718
17750,0.0,99.73262032085562
18000,0.0,99.39879759519037
18250,99.6,25.025025025025027
18500,58.4,50.050050050050054
18750,0.0,75.07507507507508
19000,1.6,60.0
19250,0.0,99.2156862745098
19500,0.0,78.61386138613862
19750,0.0,52.58278145695364
20000,0.0,39.50248756218905
20250,99.6,24.85089463220676
20500,58.4,10.43737574552684
20750,0.0,35.288270377733596
21000,0.0,20.87475149105368
21250,1.6,75.0
21500,0.0,100.0
21750,0.0,50.0
22000,0.0,75.0
22250,99.6,100.0
22500,60.0,50.0
22750,0.0,75.0
23000,0.0,100.0
23250,0.0,50.0
23500,0.0,75.0
23750,0.0,100.0
24000,0.0,40.0
24250,99.6,99.19354838709677
24500,60.0,99.59839357429718
24750,0.0,99.73262032085562
25000,0.0,99.39879759519037
25250,0.0,99.51923076923077
25500,0.0,99.3324432576769
25750,0.0,99.4279176201373
26000,0.0,99.4994994994995
26250,99.6,12.506253126563283
26500,58.4,25.012506253126567
26750,0.0,37.51875937968984
27000,0.0,39.619809904952476
27250,0.0,39.619809904952476
27500,0.0,39.81990995497749
27750,0.0,39.81990995497749
28000,1.6,60.0
28250,99.6,99.19354838709677
28500,60.0,79.71887550200803
28750,0.0,53.07486631016043
29000,0.0,60.52104208416834
29250,0.0,68.42948717948718
29500,0.0,73.43124165554073
29750,0.0,77.23112128146454
30000,0.0,80.08008008008008
30250,99.6,12.506253126563283
30500,58.4,5.252626313156578
30750,0.0,17.75887943971986
31000,0.0,10.505252626313156
31250,0.0,3.251625812906453
31500,0.0,15.757878939469736
31750,0.0,8.504252126063031
32000,1.6,60.0
32250,99.6,99.19354838709677
32500,60.0,99.59839357429718
32750,0.0,99.73262032085562
33000,0.0,99.49849548645938
33250,0.0,50.0
33500,0.0,75.0
33750,0.0,100.0
34000,0.0,50.0
34250,99.6,100.0
34500,60.0,50.0
34750,0.0,75.0
35000,0.0,100.0
35250,0.0,50.0
35500,0.0,75.0
35750,0.0,100.0
36000,0.0,40.0
36250,99.6,99.19354838709677
36500,60.0,79.71887550200803
36750,0.0,53.07486631016043
37000,0.0,60.52104208416834
37250,0.0,68.42948717948718
37500,0.0,73.43124165554073
37750,0.0,77.23112128146454
38000,0.0,79.92992992992993
38250,99.6,12.506253126563283
38500,58.4,5.252626313156578
38750,0.0,17.75887943971986
39000,0.0,10.505252626313156
39250,0.0,3.251625812906453
39500,0.0,15.757878939469736
39750,0.0,8.504252126063031
40000,1.6,60.0
40250,99.6,99.19354838709677
40500,60.0,99.59839357429718
40750,0.0,99.73262032085562
41000,0.0,99.39879759519037
41250,0.0,99.51923076923077
41500,0.0,99.3324432576769
41750,0.0,99.4279176201373
42000,0.0,99.34934934934935
42250,99.6,12.506253126563283
42500,58.4,25.012506253126567
42750,0.0,37.51875937968984
43000,0.0,39.81990995497749
43250,0.0,39.81990995497749
43500,0.0,40.0200100050025
43750,0.0,40.0200100050025
44000,1.6,60.0
44250,99.6,99.19354838709677
44500,60.0,79.71887550200803
44750,0.0,53.07486631016043
45000,0.0,60.58174523570712
45250,0.0,50.0
45500,0.0,75.0
45750,0.0,100.0
46000,0.0,50.0
46250,99.6,100.0
46500,60.0,50.0
46750,0.0,75.0
47000,0.0,100.0
47250,0.0,50.0
47500,0.0,75.0
47750,0.0,100.0
48000,0.0,40.0
48250,99.6,99.19354838709677
48500,60.0,99.59839357429718
48750,0.0,99.73262032085562
49000,0.0,99.39879759519037
49250,0.0,99.51923076923077
49500,0.0,99.3324432576769
49750,0.0,99.4279176201373
50000,0.0,99.4994994994995
50250,99.6,12.506253126563283
50500,58.4,25.012506253126567
50750,0.0,37.51875937968984
51000,0.0,39.619809904952476
51250,0.0,39.619809904952476
51500,0.0,39.81990995497749
51750,0.0,39.81990995497749
52000,1.6,60.0
