250,0.0,0.0
500,0.0,0.0
750,0.0,0.0
1000,0.0,20.8
1250,0.0,36.64
1500,0.0,47.199999999999996
1750,0.0,54.74285714285714
2000,0.0,60.4
2250,2.8000000000000003,14.269406392694064
2500,0.0,33.288948069241016
2750,0.0,59.904153354632584
3000,0.0,0.9009009009009009
3250,0.0,0.7205764611689351
3500,0.0,0.600400266844563
3750,0.0,0.5145797598627788
4000,0.0,0.4502251125562781
4250,2.8000000000000003,13.877784123358081
4500,0.0,32.84477015323118
4750,0.0,59.392486011191046
5000,0.0,99.3993993993994
5250,0.0,99.51961569255404
5500,0.0,99.59973315543695
5750,0.0,99.65694682675816
6000,0.0,99.69984992496248
6250,2.8000000000000003,0.25
6500,0.0,0.15
6750,0.0,0.4
7000,0.0,0.3
7250,16.8,2.3
7500,100.0,14.799999999999999
7750,100.0,27.3
8000,100.0,25.0
8250,99.6,97.59036144578313
8500,100.0,98.79759519038076
8750,100.0,99.19893190921229
9000,20.0,99.3993993993994
9250,0.0,99.51961569255404
9500,0.0,99.59973315543695
9750,0.0,99.199542595769
10000,0.0,99.64859437751004
10250,99.6,12.543903662819869
10500,100.0,25.087807325639737
10750,100.0,37.63171098845961
11000,16.8,50.175614651279474
11250,0.0,62.719518314099346
11500,0.0,75.26342197691922
11750,0.0,79.12694430506774
12000,0.4,12.5
12250,99.6,50.0
12500,100.0,25.0
12750,100.0,87.5
13000,17.2,62.5
13250,0.0,37.5
13500,0.0,100.0
13750,0.0,75.0
14000,0.0,50.0
14250,99.6,62.5
14500,100.0,37.5
14750,100.0,100.0
15000,20.0,75.0
15250,0.0,50.0
15500,0.0,25.0
15750,0.0,87.5
16000,0.0,62.5
16250,99.6,62.5
16500,100.0,37.5
16750,100.0,100.0
17000,20.0,75.0
17250,0.0,50.0
17500,0.0,25.0
17750,0.0,87.5
18000,0.0,55.55555555555556
18250,99.6,97.58064516129032
18500,100.0,98.79518072289156
18750,100.0,99.19786096256684
19000,20.0,99.39879759519037
19250,0.0,99.51923076923077
19500,0.0,99.59946595460613
19750,0.0,90.10297482837528
20000,0.0,78.82882882882883
20250,99.6,12.506253126563283
20500,100.0,25.012506253126567
20750,100.0,37.51875937968984
21000,16.8,10.455227613806903
21250,0.0,22.961480740370185
21500,0.0,35.467733866933465
21750,0.0,8.404202101050526
22000,3.2,33.33333333333333
22250,99.6,97.58064516129032
22500,100.0,98.79518072289156
22750,100.0,99.19786096256684
23000,20.0,79.45891783567134
23250,0.0,63.541666666666664
23500,0.0,52.93724966622163
23750,0.0,45.82379862700229
24000,0.0,40.090090090090094
24250,99.6,12.506253126563283
24500,100.0,25.012506253126567
24750,100.0,37.51875937968984
25000,16.8,49.6248124062031
25250,0.0,62.131065532766385
25500,0.0,74.63731865932967
25750,0.0,87.14357178589295
26000,3.2,33.33333333333333
26250,99.6,97.58064516129032
26500,100.0,98.79518072289156
26750,100.0,99.19786096256684
27000,20.0,99.39879759519037
27250,0.0,99.51923076923077
27500,0.0,99.59946595460613
27750,0.0,90.10297482837528
28000,0.0,78.82882882882883
28250,99.6,12.506253126563283
28500,100.0,25.012506253126567
28750,100.0,37.51875937968984
29000,16.8,10.455227613806903
29250,0.0,22.961480740370185
29500,0.0,35.467733866933465
29750,0.0,8.404202101050526
30000,3.2,37.5
30250,99.6,62.5
30500,100.0,37.5
30750,100.0,100.0
31000,20.0,75.0
31250,0.0,50.0
31500,0.0,25.0
31750,0.0,87.5
32000,0.0,62.5
32250,99.6,62.5
32500,100.0,37.5
32750,100.0,100.0
33000,20.0,75.0
33250,0.0,50.0
33500,0.0,25.0
33750,0.0,87.5
34000,0.0,62.5
34250,99.6,62.5
34500,100.0,37.5
34750,100.0,100.0
35000,20.0,75.0
35250,0.0,50.0
35500,0.0,25.0
35750,0.0,87.5
36000,0.0,55.55555555555556
36250,99.6,97.58064516129032
36500,100.0,98.79518072289156
36750,100.0,99.19786096256684
37000,20.0,79.45891783567134
37250,0.0,63.541666666666664
37500,0.0,52.93724966622163
37750,0.0,54.86270022883295
38000,0.0,60.51051051051051
38250,99.6,12.506253126563283
38500,100.0,25.012506253126567
38750,100.0,37.51875937968984
39000,16.8,10.455227613806903
39250,0.0,22.961480740370185
39500,0.0,35.467733866933465
39750,0.0,8.404202101050526
40000,3.2,33.33333333333333
40250,99.6,97.58064516129032
40500,100.0,98.79518072289156
40750,100.0,99.19786096256684
41000,20.0,99.39879759519037
41250,0.0,99.51923076923077
41500,0.0,99.59946595460613
41750,0.0,99.14187643020595
42000,0.0,99.24924924924925
42250,99.6,12.506253126563283
42500,100.0,25.012506253126567
42750,100.0,37.51875937968984
43000,16.8,49.6248124062031
43250,0.0,62.131065532766385
43500,0.0,74.63731865932967
43750,0.0,78.83941970985492
44000,3.2,33.33333333333333
44250,99.6,97.58064516129032
44500,100.0,98.79518072289156
44750,100.0,99.19786096256684
45000,20.0,79.45891783567134
45250,0.0,63.541666666666664
45500,0.0,52.93724966622163
45750,0.0,54.86270022883295
46000,0.0,60.51051051051051
46250,99.6,12.506253126563283
46500,100.0,25.012506253126567
46750,100.0,37.51875937968984
47000,16.8,10.455227613806903
47250,0.0,22.961480740370185
47500,0.0,35.467733866933465
47750,0.0,8.404202101050526
48000,3.2,37.5
48250,99.6,62.5
48500,100.0,37.5
48750,100.0,100.0
49000,20.0,75.0
49250,0.0,50.0
49500,0.0,25.0
49750,0.0,87.5
50000,0.0,62.5
50250,99.6,62.5
50500,100.0,37.5
50750,100.0,100.0
51000,20.0,75.0
51250,0.0,50.0
51500,0.0,25.0
51750,0.0,87.5
52000,0.0,62.5
