250,0.0
500,0.0
750,0.0
1000,0.0
1250,0.0
1500,0.0
1750,0.0
2000,0.0
2250,0.8
2500,0.0
2750,0.0
3000,0.0
3250,0.0
3500,0.0
3750,0.0
4000,0.0
4250,6.0
4500,5.2
4750,3.5999999999999996
5000,4.8
5250,0.0
5500,0.0
5750,18.8
6000,47.599999999999994
6250,52.0
6500,22.8
6750,5.2
7000,5.6000000000000005
7250,10.4
7500,0.4
7750,0.0
8000,0.0
8250,6.4
8500,6.800000000000001
8750,6.0
9000,14.399999999999999
9250,9.2
9500,10.0
9750,28.4
10000,6.4
10250,9.2
10500,34.8
10750,13.600000000000001
11000,12.8
11250,17.599999999999998
11500,7.199999999999999
11750,0.0
12000,0.0
12250,4.8
12500,6.0
12750,13.600000000000001
13000,21.2
13250,16.400000000000002
13500,18.0
13750,6.4
14000,0.0
14250,5.2
14500,11.200000000000001
14750,22.400000000000002
15000,24.0
15250,23.599999999999998
15500,10.0
15750,0.0
16000,0.0
16250,4.8
16500,3.2
16750,14.399999999999999
17000,29.2
17250,26.0
17500,18.8
17750,0.0
18000,0.0
18250,5.2
18500,2.8000000000000003
18750,24.8
19000,30.0
19250,31.6
19500,4.3999999999999995
19750,0.0
20000,0.0
20250,7.199999999999999
20500,5.6000000000000005
20750,9.6
21000,36.4
21250,33.2
21500,6.800000000000001
21750,0.0
22000,0.0
22250,5.6000000000000005
22500,3.5999999999999996
22750,11.600000000000001
23000,36.4
23250,39.6
23500,2.8000000000000003
23750,0.0
24000,0.0
24250,4.8
24500,5.2
24750,5.6000000000000005
25000,44.0
25250,34.8
25500,0.0
25750,0.0
26000,0.0
26250,9.2
26500,4.0
26750,6.4
27000,36.8
27250,44.800000000000004
27500,0.0
27750,0.0
28000,0.0
28250,92.0
28500,19.2
28750,0.0
29000,0.0
29250,0.0
29500,0.0
29750,0.0
30000,0.0
30250,96.39999999999999
30500,17.599999999999998
30750,0.0
31000,0.0
31250,0.0
31500,0.0
31750,0.0
32000,0.0
32250,93.60000000000001
32500,20.0
32750,0.0
33000,0.0
33250,0.0
33500,0.0
33750,0.0
34000,0.0
34250,92.4
34500,19.2
34750,0.0
35000,0.0
35250,0.0
35500,0.0
35750,0.0
36000,0.0
36250,94.39999999999999
36500,19.6
36750,0.0
37000,0.0
37250,0.0
37500,0.0
37750,0.0
38000,0.0
38250,95.6
38500,19.2
38750,0.0
39000,0.0
39250,0.0
39500,0.0
39750,0.0
40000,0.0
40250,94.8
40500,19.2
40750,0.0
41000,0.0
41250,0.0
41500,0.0
41750,0.0
42000,0.0
42250,6.4
42500,7.6
42750,3.2
43000,2.8000000000000003
43250,6.0
43500,4.0
43750,61.6
44000,0.4
44250,6.4
44500,63.2
44750,8.799999999999999
45000,11.200000000000001
45250,7.199999999999999
45500,2.8000000000000003
45750,0.0
46000,0.0
46250,4.3999999999999995
46500,5.6000000000000005
46750,4.8
47000,12.0
47250,14.799999999999999
47500,13.200000000000001
47750,35.6
48000,0.0
48250,7.6
48500,40.0
48750,16.8
49000,18.8
49250,13.600000000000001
49500,0.0
49750,0.0
50000,0.0
50250,6.0
50500,3.5999999999999996
50750,4.8
51000,20.8
51250,22.8
51500,21.6
51750,8.799999999999999
52000,0.0
