100,95.63469933270514,4.36530066729486
200,91.20016922751486,8.799830772485144
300,86.78871560162304,13.211284398376954
400,82.36956981596508,17.630430184034925
500,77.94657795042403,22.053422049575968
600,73.49666352570144,26.50333647429857
700,69.07367166016039,30.92632833983962
800,64.63337243514547,35.366627564854525
900,60.2238418491952,39.77615815080479
1000,55.83931078248495,44.16068921751505
1100,50.64710294032807,49.35289705967193
1200,45.45681813811273,54.54318186188727
1300,40.68767908309456,59.31232091690545
1400,35.04932597450049,64.95067402549951
1500,29.85327205246053,70.14672794753946
1600,24.636064691063634,75.36393530893636
1700,19.44385684890675,80.55614315109325
1800,14.25357204669141,85.7464279533086
1900,9.063287244476067,90.93671275552393
2000,3.8960789215592007,96.1039210784408
2100,3.848002923020711,96.15199707697928
