250,0.0,0.0
500,0.0,0.0
750,0.0,0.0
1000,0.0,0.0
1250,0.0,12.879999999999999
1500,0.0,27.400000000000002
1750,0.0,37.77142857142857
2000,0.0,45.550000000000004
2250,4.0,14.269406392694064
2500,0.0,33.288948069241016
2750,0.0,59.904153354632584
3000,35.199999999999996,91.74311926605505
3250,40.400000000000006,1.8414731785428344
3500,0.0,1.534356237491661
3750,0.0,1.315037164093768
4000,0.0,1.150575287643822
4250,4.0,13.706453455168473
4500,0.0,32.64490339773484
4750,0.0,59.15267785771383
5000,35.6,90.82568807339449
5250,40.400000000000006,12.277867528271406
5500,0.0,27.016129032258064
5750,0.0,37.51438434982739
6000,0.0,45.57857503789793
6250,4.0,0.15151515151515152
6500,0.0,0.30303030303030304
6750,0.0,0.45454545454545453
7000,40.0,5.404040404040404
7250,100.0,18.03030303030303
7500,100.0,30.656565656565654
7750,100.0,43.282828282828284
8000,92.0,9.523809523809524
8250,99.6,81.81818181818183
8500,100.0,81.81818181818183
8750,100.0,81.81818181818183
9000,100.0,81.81818181818183
9250,40.0,81.81818181818183
9500,0.0,81.81818181818183
9750,0.0,81.81818181818183
10000,0.0,81.81818181818183
10250,99.6,90.9090909090909
10500,100.0,90.9090909090909
10750,100.0,90.9090909090909
11000,100.0,90.9090909090909
11250,40.0,90.9090909090909
11500,0.0,90.9090909090909
11750,0.0,90.9090909090909
12000,0.0,83.33333333333334
12250,99.6,96.37096774193549
12500,100.0,98.19277108433735
12750,100.0,98.79679144385027
13000,100.0,99.09819639278558
13250,40.0,87.98076923076923
13500,0.0,73.29773030707611
13750,0.0,62.81464530892449
14000,0.0,55.005005005005
14250,99.6,12.506253126563283
14500,100.0,25.012506253126567
14750,100.0,37.51875937968984
15000,100.0,50.025012506253134
15250,35.6,8.104052026013006
15500,0.0,20.610305152576288
15750,0.0,33.11655827913957
16000,4.3999999999999995,25.0
16250,99.6,96.37096774193549
16500,100.0,98.19277108433735
16750,100.0,98.79679144385027
17000,100.0,99.09819639278558
17250,40.0,98.5576923076923
17500,0.0,98.79839786381842
17750,0.0,98.97025171624713
18000,0.0,99.04904904904906
18250,99.6,12.506253126563283
18500,100.0,25.012506253126567
18750,100.0,37.51875937968984
19000,100.0,50.025012506253134
19250,35.6,62.531265632816414
19500,0.0,75.03751875937968
19750,0.0,87.54377188594297
20000,4.3999999999999995,25.0
20250,99.6,96.37096774193549
20500,100.0,98.19277108433735
20750,100.0,98.79679144385027
21000,100.0,99.19759277833501
21250,40.0,27.27272727272727
21500,0.0,27.27272727272727
21750,0.0,27.27272727272727
22000,0.0,27.27272727272727
22250,99.6,90.9090909090909
22500,100.0,90.9090909090909
22750,100.0,90.9090909090909
23000,100.0,90.9090909090909
23250,35.6,90.9090909090909
23500,0.0,90.9090909090909
23750,0.0,90.9090909090909
24000,0.0,83.33333333333334
24250,99.6,96.37096774193549
24500,100.0,98.19277108433735
24750,100.0,98.79679144385027
25000,100.0,99.09819639278558
25250,40.0,98.5576923076923
25500,0.0,98.79839786381842
25750,0.0,98.97025171624713
26000,0.0,99.04904904904906
26250,99.6,12.506253126563283
26500,100.0,25.012506253126567
26750,100.0,37.51875937968984
27000,100.0,50.025012506253134
27250,35.6,62.531265632816414
27500,0.0,75.03751875937968
27750,0.0,87.54377188594297
28000,4.3999999999999995,25.0
28250,99.6,96.37096774193549
28500,100.0,98.19277108433735
28750,100.0,98.79679144385027
29000,100.0,99.09819639278558
29250,40.0,87.98076923076923
29500,0.0,73.29773030707611
29750,0.0,62.81464530892449
30000,0.0,55.005005005005
30250,99.6,12.506253126563283
30500,100.0,25.012506253126567
30750,100.0,37.51875937968984
31000,100.0,50.025012506253134
31250,35.6,8.104052026013006
31500,0.0,20.610305152576288
31750,0.0,33.11655827913957
32000,4.3999999999999995,25.0
32250,99.6,96.37096774193549
32500,100.0,98.19277108433735
32750,100.0,98.79679144385027
33000,100.0,99.19759277833501
33250,40.0,27.27272727272727
33500,0.0,27.27272727272727
33750,0.0,27.27272727272727
34000,0.0,27.27272727272727
34250,99.6,90.9090909090909
34500,100.0,90.9090909090909
34750,100.0,90.9090909090909
35000,100.0,90.9090909090909
35250,35.6,90.9090909090909
35500,0.0,90.9090909090909
35750,0.0,90.9090909090909
36000,0.0,83.33333333333334
36250,99.6,96.37096774193549
36500,100.0,98.19277108433735
36750,100.0,98.79679144385027
37000,100.0,99.09819639278558
37250,40.0,87.98076923076923
37500,0.0,73.29773030707611
37750,0.0,62.81464530892449
38000,0.0,55.005005005005
38250,99.6,12.506253126563283
38500,100.0,25.012506253126567
38750,100.0,37.51875937968984
39000,100.0,50.025012506253134
39250,35.6,8.104052026013006
39500,0.0,20.610305152576288
39750,0.0,33.11655827913957
40000,4.3999999999999995,25.0
40250,99.6,96.37096774193549
40500,100.0,98.19277108433735
40750,100.0,98.79679144385027
41000,100.0,99.09819639278558
41250,40.0,98.5576923076923
41500,0.0,98.79839786381842
41750,0.0,98.97025171624713
42000,0.0,99.04904904904906
42250,99.6,12.506253126563283
42500,100.0,25.012506253126567
42750,100.0,37.51875937968984
43000,100.0,50.025012506253134
43250,35.6,62.531265632816414
43500,0.0,75.03751875937968
43750,0.0,87.54377188594297
44000,4.3999999999999995,25.0
44250,99.6,96.37096774193549
44500,100.0,98.19277108433735
44750,100.0,98.79679144385027
45000,100.0,99.19759277833501
45250,40.0,27.27272727272727
45500,0.0,27.27272727272727
45750,0.0,27.27272727272727
46000,0.0,27.27272727272727
46250,99.6,90.9090909090909
46500,100.0,90.9090909090909
46750,100.0,90.9090909090909
47000,100.0,90.9090909090909
47250,35.6,90.9090909090909
47500,0.0,90.9090909090909
47750,0.0,90.9090909090909
48000,0.0,83.33333333333334
48250,99.6,96.37096774193549
48500,100.0,98.19277108433735
48750,100.0,98.79679144385027
49000,100.0,99.09819639278558
49250,40.0,98.5576923076923
49500,0.0,98.79839786381842
49750,0.0,98.97025171624713
50000,0.0,99.04904904904906
50250,99.6,12.506253126563283
50500,100.0,25.012506253126567
50750,100.0,37.51875937968984
51000,100.0,50.025012506253134
51250,35.6,62.531265632816414
51500,0.0,75.03751875937968
51750,0.0,87.54377188594297
52000,4.3999999999999995,25.0
