250,0.0
500,0.0
750,0.0
1000,0.0
1250,0.0
1500,0.0
1750,0.0
2000,0.0
2250,3.5999999999999996
2500,0.0
2750,0.0
3000,0.0
3250,0.0
3500,0.0
3750,0.0
4000,0.0
4250,92.80000000000001
4500,92.80000000000001
4750,96.0
5000,94.0
5250,0.0
5500,0.0
5750,0.0
6000,0.0
6250,94.8
6500,94.8
6750,94.0
7000,95.6
7250,0.8
7500,0.0
7750,0.0
8000,0.0
8250,94.0
8500,94.8
8750,94.0
9000,95.6
9250,2.0
9500,0.0
9750,0.0
10000,0.0
10250,92.80000000000001
10500,94.39999999999999
10750,95.19999999999999
11000,95.6
11250,1.6
11500,0.0
11750,0.0
12000,0.0
12250,92.4
12500,96.0
12750,92.4
13000,92.4
13250,1.2
13500,0.0
13750,0.0
14000,0.0
14250,95.6
14500,94.39999999999999
14750,95.6
15000,91.60000000000001
15250,1.2
15500,0.0
15750,0.0
16000,0.0
16250,93.2
16500,96.0
16750,94.8
17000,95.6
17250,2.0
17500,0.0
17750,0.0
18000,0.0
18250,96.39999999999999
18500,94.8
18750,94.0
19000,94.0
19250,1.2
19500,0.0
19750,0.0
20000,0.0
20250,95.19999999999999
20500,96.0
20750,94.0
21000,96.8
21250,0.4
21500,0.0
21750,0.0
22000,0.0
22250,95.19999999999999
22500,94.8
22750,94.0
23000,93.2
23250,0.4
23500,0.0
23750,0.0
24000,0.0
24250,96.8
24500,95.6
24750,96.0
25000,94.8
25250,0.8
25500,0.0
25750,0.0
26000,0.0
26250,94.8
26500,94.39999999999999
26750,95.19999999999999
27000,95.19999999999999
27250,1.2
27500,0.0
27750,0.0
28000,0.0
28250,96.0
28500,94.8
28750,93.60000000000001
29000,92.4
29250,0.4
29500,0.0
29750,0.0
30000,0.0
30250,96.0
30500,93.2
30750,93.60000000000001
31000,95.6
31250,0.8
31500,0.0
31750,0.0
32000,0.0
32250,94.39999999999999
32500,92.80000000000001
32750,75.2
33000,94.39999999999999
33250,1.6
33500,0.0
33750,0.0
34000,0.0
34250,93.60000000000001
34500,98.0
34750,95.6
35000,96.0
35250,1.2
35500,0.0
35750,0.0
36000,0.0
36250,93.2
36500,93.60000000000001
36750,96.39999999999999
37000,98.4
37250,4.0
37500,0.0
37750,0.0
38000,0.0
38250,96.39999999999999
38500,96.0
38750,95.6
39000,85.2
39250,2.8000000000000003
39500,0.0
39750,0.0
40000,0.0
40250,96.39999999999999
40500,92.80000000000001
40750,92.80000000000001
41000,92.0
41250,0.8
41500,0.0
41750,0.0
42000,0.0
42250,96.39999999999999
42500,94.39999999999999
42750,96.8
43000,94.39999999999999
43250,0.8
43500,0.0
43750,0.0
44000,0.0
44250,7.6
44500,46.0
44750,97.6
45000,97.6
45250,99.6
45500,44.4
45750,0.0
46000,0.0
46250,9.6
46500,5.2
46750,46.0
47000,100.0
47250,97.6
47500,97.6
47750,30.8
48000,0.0
48250,6.0
48500,33.2
48750,97.6
49000,98.0
49250,99.6
49500,45.2
49750,0.0
50000,0.0
50250,38.4
50500,47.599999999999994
50750,55.60000000000001
51000,100.0
51250,74.0
51500,0.0
51750,0.0
52000,0.0
