250,0.0,100.0
500,0.0,40.6
750,0.0,60.4
1000,0.0,70.3
1250,0.0,76.24
1500,0.0,80.2
1750,0.0,83.02857142857142
2000,0.0,85.15
2250,0.8,83.162100456621
2500,0.0,40.480961923847694
2750,0.0,60.34712950600801
3000,0.0,70.27027027027027
3250,0.0,76.22097678142514
3500,0.0,80.18679119412941
3750,0.0,83.01886792452831
4000,0.0,85.14257128564282
4250,0.8,83.15248429468875
4500,0.0,40.480961923847694
4750,0.0,60.34712950600801
5000,0.0,70.27027027027027
5250,0.0,76.22097678142514
5500,0.0,80.18679119412941
5750,0.0,83.01886792452831
6000,0.0,85.14257128564282
6250,0.8,72.8
6500,0.0,60.3
6750,0.0,47.8
7000,0.0,50.0
7250,0.0,62.5
7500,0.0,75.0
7750,18.8,87.5
8000,100.0,66.66666666666666
8250,99.6,100.0
8500,20.0,99.39879759519037
8750,0.0,99.59946595460613
9000,0.0,99.69969969969969
9250,0.0,99.75980784627703
9500,0.0,99.79986657771848
9750,0.0,99.82847341337907
10000,0.0,99.84992496248124
10250,99.6,99.85000000000001
10500,18.8,89.7
10750,0.0,77.2
11000,0.0,64.7
11250,0.0,62.5
11500,0.0,75.0
11750,0.0,87.5
12000,1.2,66.66666666666666
12250,99.6,66.66666666666666
12500,20.0,100.0
12750,0.0,33.33333333333333
13000,0.0,66.66666666666666
13250,0.0,100.0
13500,0.0,33.33333333333333
13750,0.0,66.66666666666666
14000,0.0,100.0
14250,99.6,33.33333333333333
14500,20.0,66.66666666666666
14750,0.0,100.0
15000,0.0,100.0
15250,0.0,100.0
15500,0.0,99.40476190476191
15750,0.0,100.0
16000,0.0,25.0
16250,99.6,99.59677419354838
16500,19.2,99.3975903614458
16750,0.0,99.59893048128342
17000,0.0,99.6993987975952
17250,0.0,99.75961538461539
17500,0.0,99.79973297730307
17750,0.0,99.8283752860412
18000,0.0,99.74974974974975
18250,99.6,99.69984992496248
18500,18.8,89.54477238619309
18750,0.0,77.03851925962981
19000,0.0,64.53226613306653
19250,0.0,62.531265632816414
19500,0.0,75.03751875937968
19750,0.0,87.54377188594297
20000,1.2,100.0
20250,99.6,33.33333333333333
20500,20.0,50.0
20750,0.0,99.21259842519686
21000,0.0,99.40476190476191
21250,0.0,99.60212201591511
21500,0.0,99.7011952191235
21750,0.0,66.66666666666666
22000,0.0,100.0
22250,99.6,33.33333333333333
22500,18.8,100.0
22750,0.0,99.33774834437085
23000,0.0,99.57325746799431
23250,0.0,99.68520461699894
23500,0.0,99.75062344139651
23750,0.0,99.79353062629043
24000,0.0,99.70640046975925
24250,99.6,99.64788732394366
24500,18.8,87.73474178403757
24750,0.0,73.06338028169014
25000,0.0,58.68544600938967
25250,0.0,73.35680751173709
25500,0.0,88.02816901408451
25750,1.2,100.0
26000,0.0,20.0
26250,99.6,100.0
26500,20.0,100.0
26750,0.0,100.0
27000,0.0,99.40476190476191
27250,0.0,99.60212201591511
27500,0.0,99.7011952191235
27750,0.0,66.66666666666666
28000,0.0,100.0
28250,99.6,33.33333333333333
28500,20.0,100.0
28750,0.0,99.33774834437085
29000,0.0,99.57325746799431
29250,0.0,99.68520461699894
29500,0.0,99.75062344139651
29750,0.0,99.79353062629043
30000,0.0,99.82384028185555
30250,99.6,99.82394366197182
30500,18.8,87.91079812206573
30750,0.0,73.23943661971832
31000,0.0,58.68544600938967
31250,0.0,73.35680751173709
31500,0.0,88.02816901408451
31750,1.2,100.0
32000,0.0,20.0
32250,99.6,100.0
32500,20.0,99.50738916256158
32750,0.0,99.33774834437085
33000,0.0,99.57325746799431
33250,0.0,99.68520461699894
33500,0.0,99.75062344139651
33750,0.0,66.66666666666666
34000,0.0,100.0
34250,99.6,33.33333333333333
34500,18.8,100.0
34750,0.0,99.3421052631579
35000,0.0,99.57507082152975
35250,0.0,99.68619246861925
35500,0.0,99.75124378109453
35750,0.0,99.79395604395604
36000,0.0,99.82415005861665
36250,99.6,99.82425307557118
36500,18.8,87.9320445225542
36750,0.0,73.28646748681898
37000,0.0,58.64089045108377
37250,0.0,73.22788517867605
37500,0.0,87.87346221441125
37750,1.2,100.0
38000,0.0,20.0
38250,99.6,100.0
38500,20.0,99.50738916256158
38750,0.0,99.33774834437085
39000,0.0,99.57325746799431
39250,0.0,99.68520461699894
39500,0.0,99.75062344139651
39750,0.0,66.66666666666666
40000,0.0,100.0
40250,99.6,33.33333333333333
40500,20.0,100.0
40750,0.0,99.33774834437085
41000,0.0,99.57325746799431
41250,0.0,99.68520461699894
41500,0.0,99.75062344139651
41750,0.0,99.79353062629043
42000,0.0,99.82384028185555
42250,99.6,99.82394366197182
42500,18.8,87.91079812206573
42750,0.0,73.23943661971832
43000,0.0,58.68544600938967
43250,0.0,73.35680751173709
43500,0.0,88.02816901408451
43750,1.2,100.0
44000,0.0,20.0
44250,99.6,100.0
44500,20.0,99.50738916256158
44750,0.0,99.33774834437085
45000,0.0,99.57325746799431
45250,0.0,99.68520461699894
45500,0.0,99.75062344139651
45750,0.0,66.66666666666666
46000,0.0,100.0
46250,99.6,33.33333333333333
46500,18.8,100.0
46750,0.0,99.3421052631579
47000,0.0,99.57507082152975
47250,0.0,99.68619246861925
47500,0.0,99.75124378109453
47750,0.0,99.79395604395604
48000,0.0,99.82415005861665
48250,99.6,99.82425307557118
48500,18.8,87.9320445225542
48750,0.0,73.28646748681898
49000,0.0,58.64089045108377
49250,0.0,73.22788517867605
49500,0.0,87.87346221441125
49750,1.2,100.0
50000,0.0,20.0
50250,99.6,100.0
50500,20.0,99.50738916256158
50750,0.0,99.33774834437085
51000,0.0,99.57325746799431
51250,0.0,99.68520461699894
51500,0.0,99.75062344139651
51750,0.0,66.66666666666666
52000,0.0,100.0
