250,0.0,100.0
500,0.0,100.0
750,0.0,100.0
1000,0.0,100.0
1250,0.0,100.0
1500,0.0,100.0
1750,0.0,100.0
2000,0.0,100.0
2250,99.2,12.619888944977284
2500,100.0,25.239777889954567
2750,100.0,37.85966683493186
3000,100.0,50.479555779909134
3250,100.0,63.099444724886425
3500,100.0,75.71933366986372
3750,100.0,88.33922261484098
4000,100.0,1.0606060606060608
4250,100.0,11.616161616161616
4500,100.0,24.242424242424242
4750,100.0,36.868686868686865
5000,100.0,49.494949494949495
5250,100.0,62.121212121212125
5500,100.0,74.74747474747475
5750,100.0,87.37373737373737
6000,100.0,100.0
6250,99.6,12.626262626262626
6500,100.0,25.252525252525253
6750,100.0,37.878787878787875
7000,100.0,50.505050505050505
7250,100.0,63.13131313131313
7500,100.0,75.75757575757575
7750,100.0,88.38383838383838
8000,100.0,1.0101010101010102
8250,99.6,11.666666666666666
8500,100.0,24.292929292929294
8750,100.0,36.91919191919192
9000,100.0,49.54545454545455
9250,100.0,62.17171717171717
9500,100.0,74.79797979797979
9750,100.0,87.42424242424242
10000,100.0,0.050505050505050504
10250,99.6,12.626262626262626
10500,100.0,25.252525252525253
10750,100.0,37.878787878787875
11000,100.0,50.505050505050505
11250,100.0,63.13131313131313
11500,100.0,75.75757575757575
11750,100.0,88.38383838383838
12000,100.0,1.0101010101010102
12250,99.6,11.666666666666666
12500,100.0,24.292929292929294
12750,100.0,36.91919191919192
13000,100.0,49.54545454545455
13250,100.0,62.17171717171717
13500,100.0,74.79797979797979
13750,100.0,87.42424242424242
14000,100.0,0.050505050505050504
14250,99.6,12.626262626262626
14500,100.0,25.252525252525253
14750,100.0,37.878787878787875
15000,100.0,50.505050505050505
15250,100.0,63.13131313131313
15500,100.0,75.75757575757575
15750,100.0,88.38383838383838
16000,100.0,1.0101010101010102
16250,99.6,11.666666666666666
16500,100.0,24.292929292929294
16750,100.0,36.91919191919192
17000,100.0,49.54545454545455
17250,100.0,62.17171717171717
17500,100.0,74.79797979797979
17750,100.0,87.42424242424242
18000,100.0,0.050505050505050504
18250,99.6,12.626262626262626
18500,100.0,25.252525252525253
18750,100.0,37.878787878787875
19000,100.0,50.505050505050505
19250,100.0,63.13131313131313
19500,100.0,75.75757575757575
19750,100.0,88.38383838383838
20000,100.0,1.0101010101010102
20250,99.6,11.666666666666666
20500,100.0,24.292929292929294
20750,100.0,36.91919191919192
21000,100.0,49.54545454545455
21250,100.0,62.17171717171717
21500,100.0,74.79797979797979
21750,100.0,87.42424242424242
22000,100.0,0.050505050505050504
22250,99.6,12.626262626262626
22500,100.0,25.252525252525253
22750,100.0,37.878787878787875
23000,100.0,50.505050505050505
23250,100.0,63.13131313131313
23500,100.0,75.75757575757575
23750,100.0,88.38383838383838
24000,100.0,1.0101010101010102
24250,99.6,11.666666666666666
24500,100.0,24.292929292929294
24750,100.0,36.91919191919192
25000,100.0,49.54545454545455
25250,100.0,62.17171717171717
25500,100.0,74.79797979797979
25750,100.0,87.42424242424242
26000,100.0,0.050505050505050504
26250,99.6,12.626262626262626
26500,100.0,25.252525252525253
26750,100.0,37.878787878787875
27000,100.0,50.505050505050505
27250,100.0,63.13131313131313
27500,100.0,75.75757575757575
27750,100.0,88.38383838383838
28000,100.0,1.0101010101010102
28250,99.6,11.666666666666666
28500,100.0,24.292929292929294
28750,100.0,36.91919191919192
29000,100.0,49.54545454545455
29250,100.0,62.17171717171717
29500,100.0,74.79797979797979
29750,100.0,87.42424242424242
30000,100.0,0.050505050505050504
30250,99.6,12.626262626262626
30500,100.0,25.252525252525253
30750,100.0,37.878787878787875
31000,100.0,50.505050505050505
31250,100.0,63.13131313131313
31500,100.0,75.75757575757575
31750,100.0,88.38383838383838
32000,100.0,1.0101010101010102
32250,99.6,11.666666666666666
32500,100.0,24.292929292929294
32750,100.0,36.91919191919192
33000,100.0,49.54545454545455
33250,100.0,62.17171717171717
33500,100.0,74.79797979797979
33750,100.0,87.42424242424242
34000,100.0,0.050505050505050504
34250,99.6,12.626262626262626
34500,100.0,25.252525252525253
34750,100.0,37.878787878787875
35000,100.0,50.505050505050505
35250,100.0,63.13131313131313
35500,100.0,75.75757575757575
35750,100.0,88.38383838383838
36000,100.0,1.0101010101010102
36250,99.6,11.666666666666666
36500,100.0,24.292929292929294
36750,100.0,36.91919191919192
37000,100.0,49.54545454545455
37250,100.0,62.17171717171717
37500,100.0,74.79797979797979
37750,100.0,87.42424242424242
38000,100.0,0.050505050505050504
38250,99.6,12.626262626262626
38500,100.0,25.252525252525253
38750,100.0,37.878787878787875
39000,100.0,50.505050505050505
39250,100.0,63.13131313131313
39500,100.0,75.75757575757575
39750,100.0,88.38383838383838
40000,100.0,1.0101010101010102
40250,99.6,11.666666666666666
40500,100.0,24.292929292929294
40750,100.0,36.91919191919192
41000,100.0,49.54545454545455
41250,100.0,62.17171717171717
41500,100.0,74.79797979797979
41750,100.0,87.42424242424242
42000,100.0,0.050505050505050504
42250,99.6,12.626262626262626
42500,100.0,25.252525252525253
42750,100.0,37.878787878787875
43000,100.0,50.505050505050505
43250,100.0,63.13131313131313
43500,100.0,75.75757575757575
43750,100.0,88.38383838383838
44000,100.0,1.0101010101010102
44250,99.6,11.666666666666666
44500,100.0,24.292929292929294
44750,100.0,36.91919191919192
45000,100.0,49.54545454545455
45250,100.0,62.17171717171717
45500,100.0,74.79797979797979
45750,100.0,87.42424242424242
46000,100.0,0.050505050505050504
46250,99.6,12.626262626262626
46500,100.0,25.252525252525253
46750,100.0,37.878787878787875
47000,100.0,50.505050505050505
47250,100.0,63.13131313131313
47500,100.0,75.75757575757575
47750,100.0,88.38383838383838
48000,100.0,1.0101010101010102
48250,99.6,11.666666666666666
48500,100.0,24.292929292929294
48750,100.0,36.91919191919192
49000,100.0,49.54545454545455
49250,100.0,62.17171717171717
49500,100.0,74.79797979797979
49750,100.0,87.42424242424242
50000,100.0,0.050505050505050504
50250,99.6,12.626262626262626
50500,100.0,25.252525252525253
50750,100.0,37.878787878787875
51000,100.0,50.505050505050505
51250,100.0,63.13131313131313
51500,100.0,75.75757575757575
51750,100.0,88.38383838383838
52000,100.0,1.0101010101010102
