250,0.0,0.0
500,0.0,0.0
750,0.0,0.0
1000,0.0,0.0
1250,0.0,0.0
1500,0.0,0.0
1750,0.0,9.485714285714286
2000,0.0,20.8
2250,6.0,14.269406392694064
2500,33.2,31.545741324921135
2750,100.0,47.3186119873817
3000,100.0,63.09148264984227
3250,100.0,78.86435331230284
3500,100.0,94.6372239747634
3750,40.400000000000006,1.8867924528301887
4000,0.0,1.6508254127063533
4250,6.0,13.420902341519131
4500,33.6,30.5993690851735
4750,100.0,46.37223974763407
5000,100.0,62.14511041009464
5250,100.0,77.91798107255521
5500,100.0,93.69085173501577
5750,40.400000000000006,8.770917484131564
6000,0.0,20.426829268292682
6250,6.0,12.680115273775217
6500,40.0,29.652996845425868
6750,100.0,45.42586750788644
7000,100.0,61.198738170347
7250,100.0,76.97160883280758
7500,100.0,92.74447949526814
7750,40.400000000000006,8.6489898989899
8000,0.0,24.431818181818183
8250,99.6,15.782828282828282
8500,100.0,31.565656565656564
8750,100.0,47.34848484848485
9000,100.0,63.13131313131313
9250,100.0,78.91414141414141
9500,100.0,94.6969696969697
9750,40.0,10.542929292929292
10000,0.0,26.325757575757574
10250,99.6,15.782828282828282
10500,100.0,31.565656565656564
10750,100.0,47.34848484848485
11000,100.0,63.13131313131313
11250,100.0,78.91414141414141
11500,100.0,94.6969696969697
11750,40.0,10.542929292929292
12000,0.0,26.325757575757574
12250,99.6,15.782828282828282
12500,100.0,31.565656565656564
12750,100.0,47.34848484848485
13000,100.0,63.13131313131313
13250,100.0,78.91414141414141
13500,100.0,94.6969696969697
13750,40.0,10.549589387239418
14000,0.0,26.34238787113076
14250,99.6,15.792798483891346
14500,100.0,31.585596967782692
14750,100.0,47.37839545167404
15000,100.0,63.171193935565384
15250,100.0,78.96399241945673
15500,100.0,94.75679090334808
15750,40.0,10.619469026548673
16000,0.0,26.422250316055624
16250,99.6,15.802781289506953
16500,100.0,31.605562579013906
16750,100.0,47.40834386852086
17000,100.0,63.21112515802781
17250,100.0,79.01390644753477
17500,100.0,94.81668773704172
17750,40.0,10.68943706514864
18000,0.0,26.5022137887413
18250,99.6,15.812776723592664
18500,100.0,31.62555344718533
18750,100.0,47.43833017077799
19000,100.0,63.25110689437066
19250,100.0,79.06388361796331
19500,100.0,94.87666034155598
19750,40.0,10.759493670886076
20000,0.0,26.582278481012654
20250,99.6,15.822784810126583
20500,100.0,31.645569620253166
20750,100.0,47.46835443037975
21000,100.0,63.29113924050633
21250,100.0,79.11392405063292
21500,100.0,94.9367088607595
21750,40.0,10.829639012032931
22000,0.0,26.662444585180495
22250,99.6,15.832805573147562
22500,100.0,31.665611146295124
22750,100.0,47.49841671944269
23000,100.0,63.33122229259025
23250,100.0,79.16402786573781
23500,100.0,94.99683343888537
23750,40.0,10.899873257287707
24000,0.0,26.74271229404309
24250,99.6,15.842839036755388
24500,100.0,31.685678073510775
24750,100.0,47.52851711026616
25000,100.0,63.37135614702155
25250,100.0,79.21419518377694
25500,100.0,95.05703422053232
25750,40.0,10.970196575776791
26000,0.0,26.82308180088776
26250,99.6,15.852885225110972
26500,100.0,31.705770450221944
26750,100.0,47.558655675332915
27000,100.0,63.41154090044389
27250,100.0,79.26442612555485
27500,100.0,95.11731135066583
27750,40.0,11.040609137055837
28000,0.0,26.903553299492383
28250,99.6,15.862944162436548
28500,100.0,31.725888324873097
28750,100.0,47.588832487309645
29000,100.0,63.45177664974619
29250,100.0,79.31472081218274
29500,100.0,95.17766497461929
29750,40.0,11.11111111111111
30000,0.0,26.984126984126984
30250,99.6,15.873015873015872
30500,100.0,31.746031746031743
30750,100.0,47.61904761904761
31000,100.0,63.49206349206349
31250,100.0,79.36507936507937
31500,100.0,95.23809523809523
31750,40.0,11.181702668360865
32000,0.0,27.064803049555273
32250,99.6,15.88310038119441
32500,100.0,31.76620076238882
32750,100.0,47.64930114358323
33000,100.0,63.53240152477764
33250,100.0,79.41550190597204
33500,100.0,95.29860228716646
33750,40.0,11.252383979656706
34000,0.0,27.145581691036234
34250,99.6,15.89319771137953
34500,100.0,31.78639542275906
34750,100.0,47.679593134138585
35000,100.0,63.57279084551812
35250,100.0,79.46598855689764
35500,100.0,95.35918626827717
35750,40.0,11.323155216284988
36000,0.0,27.2264631043257
36250,99.6,15.903307888040713
36500,100.0,31.806615776081426
36750,100.0,47.70992366412214
37000,100.0,63.61323155216285
37250,100.0,79.51653944020356
37500,100.0,95.41984732824427
37750,40.0,11.394016549968173
38000,0.0,27.307447485677912
38250,99.6,15.913430935709737
38500,100.0,31.826861871419474
38750,100.0,47.740292807129215
39000,100.0,63.65372374283895
39250,100.0,79.56715467854869
39500,100.0,95.48058561425843
39750,40.0,11.464968152866243
40000,0.0,27.388535031847134
40250,99.6,15.92356687898089
40500,100.0,31.84713375796178
40750,100.0,47.77070063694268
41000,100.0,63.69426751592356
41250,100.0,79.61783439490446
41500,100.0,95.54140127388536
41750,40.0,11.536010197578076
42000,0.0,27.46972594008923
42250,99.6,15.933715742511154
42500,100.0,31.86743148502231
42750,100.0,47.801147227533455
43000,100.0,63.73486297004462
43250,100.0,79.66857871255577
43500,100.0,95.60229445506691
43750,40.0,11.607142857142858
44000,0.0,27.55102040816326
44250,99.6,15.943877551020408
44500,100.0,31.887755102040817
44750,100.0,47.83163265306122
45000,100.0,63.775510204081634
45250,100.0,79.71938775510205
45500,100.0,95.66326530612244
45750,40.0,11.67836630504148
46000,0.0,27.63241863433312
46250,99.6,15.95405232929164
46500,100.0,31.90810465858328
46750,100.0,47.86215698787492
47000,100.0,63.81620931716656
47250,100.0,79.7702616464582
47500,100.0,95.72431397574984
47750,40.0,11.749680715197956
48000,0.0,27.713920817369093
48250,99.6,15.964240102171138
48500,100.0,31.928480204342275
48750,100.0,47.89272030651341
49000,100.0,63.85696040868455
49250,100.0,79.82120051085569
49500,100.0,95.78544061302682
49750,40.0,11.821086261980831
50000,0.0,27.79552715654952
50250,99.6,15.974440894568689
50500,100.0,31.948881789137378
50750,100.0,47.92332268370607
51000,100.0,63.897763578274756
51250,100.0,79.87220447284345
51500,100.0,95.84664536741214
51750,40.0,11.892583120204604
52000,0.0,27.877237851662407
