250,0.0
500,0.0
750,0.0
1000,0.0
1250,0.0
1500,0.0
1750,0.0
2000,0.0
2250,3.2
2500,0.0
2750,0.0
3000,0.0
3250,0.0
3500,0.0
3750,0.0
4000,0.0
4250,92.4
4500,92.80000000000001
4750,96.0
5000,56.8
5250,0.0
5500,0.0
5750,0.0
6000,0.0
6250,94.0
6500,95.6
6750,96.0
7000,55.60000000000001
7250,0.0
7500,0.0
7750,0.0
8000,0.0
8250,93.2
8500,95.6
8750,94.8
9000,56.00000000000001
9250,0.0
9500,0.0
9750,0.0
10000,0.0
10250,93.60000000000001
10500,94.8
10750,96.8
11000,59.199999999999996
11250,0.0
11500,0.0
11750,0.0
12000,0.0
12250,95.6
12500,95.6
12750,98.0
13000,56.39999999999999
13250,0.0
13500,0.0
13750,0.0
14000,0.0
14250,94.0
14500,97.6
14750,94.8
15000,57.599999999999994
15250,0.0
15500,0.0
15750,0.0
16000,0.0
16250,94.8
16500,93.60000000000001
16750,96.39999999999999
17000,59.199999999999996
17250,0.0
17500,0.0
17750,0.0
18000,0.0
18250,96.8
18500,94.39999999999999
18750,94.39999999999999
19000,58.4
19250,0.0
19500,0.0
19750,0.0
20000,0.0
20250,93.2
20500,95.6
20750,96.0
21000,58.4
21250,0.0
21500,0.0
21750,0.0
22000,0.0
22250,93.2
22500,94.8
22750,92.4
23000,58.4
23250,0.0
23500,0.0
23750,0.0
24000,0.0
24250,94.0
24500,92.80000000000001
24750,95.19999999999999
25000,57.599999999999994
25250,0.0
25500,0.0
25750,0.0
26000,0.0
26250,97.2
26500,96.8
26750,94.8
27000,58.4
27250,0.0
27500,0.0
27750,0.0
28000,0.0
28250,96.0
28500,93.2
28750,94.39999999999999
29000,57.199999999999996
29250,0.0
29500,0.0
29750,0.0
30000,0.0
30250,95.19999999999999
30500,95.19999999999999
30750,95.6
31000,58.8
31250,0.0
31500,0.0
31750,0.0
32000,0.0
32250,95.6
32500,94.8
32750,93.60000000000001
33000,59.199999999999996
33250,0.0
33500,0.0
33750,0.0
34000,0.0
34250,96.0
34500,95.6
34750,95.6
35000,58.4
35250,0.0
35500,0.0
35750,0.0
36000,0.0
36250,93.60000000000001
36500,95.6
36750,94.0
37000,59.199999999999996
37250,0.0
37500,0.0
37750,0.0
38000,0.0
38250,94.39999999999999
38500,94.0
38750,95.19999999999999
39000,56.00000000000001
39250,0.0
39500,0.0
39750,0.0
40000,0.0
40250,94.39999999999999
40500,96.39999999999999
40750,97.6
41000,57.599999999999994
41250,0.0
41500,0.0
41750,0.0
42000,0.0
42250,94.0
42500,93.60000000000001
42750,95.19999999999999
43000,58.4
43250,0.0
43500,0.0
43750,0.0
44000,0.0
44250,95.6
44500,96.8
44750,93.60000000000001
45000,20.4
45250,0.0
45500,0.0
45750,0.0
46000,0.0
46250,94.39999999999999
46500,94.39999999999999
46750,96.39999999999999
47000,59.599999999999994
47250,0.0
47500,0.0
47750,0.0
48000,0.0
48250,96.39999999999999
48500,94.39999999999999
48750,96.0
49000,56.39999999999999
49250,0.0
49500,0.0
49750,0.0
50000,0.0
50250,8.4
50500,67.60000000000001
50750,95.19999999999999
51000,94.39999999999999
51250,86.0
51500,0.0
51750,0.0
52000,0.0
