250,0.0
500,0.0
750,0.0
1000,0.0
1250,0.0
1500,0.0
1750,0.0
2000,0.0
2250,6.0
2500,33.2
2750,100.0
3000,100.0
3250,100.0
3500,100.0
3750,40.400000000000006
4000,0.0
4250,76.0
4500,96.8
4750,100.0
5000,100.0
5250,100.0
5500,100.0
5750,42.0
6000,0.0
6250,55.2
6500,97.6
6750,100.0
7000,100.0
7250,100.0
7500,100.0
7750,42.8
8000,0.0
8250,95.6
8500,95.6
8750,100.0
9000,100.0
9250,100.0
9500,100.0
9750,40.0
10000,0.0
10250,95.6
10500,96.39999999999999
10750,100.0
11000,100.0
11250,100.0
11500,100.0
11750,40.0
12000,0.0
12250,95.19999999999999
12500,95.19999999999999
12750,100.0
13000,100.0
13250,100.0
13500,100.0
13750,40.400000000000006
14000,0.0
14250,96.39999999999999
14500,96.39999999999999
14750,100.0
15000,100.0
15250,100.0
15500,100.0
15750,39.6
16000,0.0
16250,96.0
16500,98.0
16750,100.0
17000,100.0
17250,100.0
17500,100.0
17750,40.0
18000,0.0
18250,95.6
18500,96.0
18750,100.0
19000,100.0
19250,100.0
19500,100.0
19750,40.0
20000,0.0
20250,12.0
20500,36.8
20750,100.0
21000,100.0
21250,100.0
21500,100.0
21750,99.6
22000,84.39999999999999
22250,99.6
22500,100.0
22750,100.0
23000,100.0
23250,100.0
23500,100.0
23750,35.199999999999996
24000,0.0
24250,94.0
24500,95.19999999999999
24750,100.0
25000,100.0
25250,100.0
25500,100.0
25750,50.0
26000,0.0
26250,95.19999999999999
26500,98.8
26750,100.0
27000,100.0
27250,100.0
27500,100.0
27750,40.0
28000,0.0
28250,96.39999999999999
28500,96.8
28750,100.0
29000,100.0
29250,100.0
29500,100.0
29750,40.0
30000,0.0
30250,9.2
30500,35.199999999999996
30750,100.0
31000,100.0
31250,100.0
31500,100.0
31750,99.6
32000,86.8
32250,99.6
32500,100.0
32750,100.0
33000,100.0
33250,100.0
33500,100.0
33750,35.199999999999996
34000,0.0
34250,91.60000000000001
34500,97.2
34750,100.0
35000,100.0
35250,100.0
35500,100.0
35750,40.0
36000,0.0
36250,10.8
36500,40.0
36750,100.0
37000,100.0
37250,100.0
37500,100.0
37750,72.8
38000,0.0
38250,92.0
38500,98.0
38750,100.0
39000,100.0
39250,100.0
39500,100.0
39750,40.0
40000,0.0
40250,9.2
40500,38.0
40750,100.0
41000,100.0
41250,100.0
41500,100.0
41750,100.0
42000,84.8
42250,99.6
42500,100.0
42750,100.0
43000,100.0
43250,100.0
43500,100.0
43750,34.4
44000,0.0
44250,95.6
44500,97.6
44750,100.0
45000,100.0
45250,100.0
45500,100.0
45750,40.0
46000,0.0
46250,12.8
46500,37.2
46750,100.0
47000,100.0
47250,100.0
47500,100.0
47750,100.0
48000,79.2
48250,98.4
48500,100.0
48750,100.0
49000,100.0
49250,100.0
49500,100.0
49750,34.8
50000,0.0
50250,94.8
50500,94.8
50750,100.0
51000,100.0
51250,100.0
51500,100.0
51750,40.8
52000,0.0
