250,0.0,100.0
500,0.0,100.0
750,0.0,100.0
1000,0.0,100.0
1250,0.0,100.0
1500,0.0,100.0
1750,0.0,3.8285714285714283
2000,0.0,15.85
2250,6.4,14.269406392694064
2500,72.8,29.69121140142518
2750,100.0,44.53681710213777
3000,100.0,59.38242280285036
3250,100.0,74.22802850356295
3500,100.0,89.07363420427554
3750,80.4,2.8290993071593533
4000,0.0,15.085771947527748
4250,6.4,14.417531718569782
4500,80.0,29.69121140142518
4750,100.0,44.53681710213777
5000,100.0,59.38242280285036
5250,100.0,74.22802850356295
5500,100.0,89.07363420427554
5750,80.4,4.040404040404041
6000,0.0,18.89483065953654
6250,99.6,18.94299287410926
6500,100.0,10.866983372921615
6750,100.0,25.712589073634206
7000,100.0,40.558194774346795
7250,100.0,55.403800475059384
7500,100.0,70.24940617577197
7750,80.0,4.978038067349927
8000,0.0,23.2796486090776
8250,99.6,23.352855051244507
8500,100.0,13.396778916544655
8750,100.0,31.69838945827233
9000,100.0,50.0
9250,100.0,68.30161054172767
9500,100.0,12.774070543374643
9750,80.0,36.60629170638703
10000,0.0,60.43851286939943
10250,99.6,60.53384175405148
10500,100.0,60.53384175405148
10750,100.0,11.1534795042898
11000,100.0,34.9857006673022
11250,100.0,48.31730769230769
11500,100.0,8.413461538461538
11750,79.60000000000001,68.50961538461539
12000,0.0,28.60576923076923
12250,99.6,31.73076923076923
12500,100.0,28.187919463087248
12750,100.0,12.080536912751679
13000,100.0,95.9731543624161
13250,100.0,79.86577181208054
13500,100.0,63.758389261744966
13750,79.60000000000001,47.651006711409394
14000,0.0,31.543624161073826
14250,99.6,52.68456375838926
14500,100.0,98.53658536585365
14750,100.0,20.48780487804878
15000,100.0,42.4390243902439
15250,100.0,64.39024390243902
15500,100.0,86.34146341463415
15750,80.0,8.292682926829269
16000,0.0,30.24390243902439
16250,99.6,31.25
16500,100.0,4.861111111111112
16750,100.0,78.47222222222221
17000,100.0,51.724137931034484
17250,100.0,82.27848101265823
17500,100.0,89.14728682170544
17750,80.0,92.17877094972067
18000,0.0,93.88646288209607
18250,99.6,93.89179755671903
18500,100.0,93.89179755671903
18750,100.0,93.89179755671903
19000,100.0,93.89179755671903
19250,100.0,49.29577464788733
19500,100.0,1.4084507042253522
19750,80.0,53.52112676056338
20000,0.0,5.555555555555555
20250,99.6,98.8
20500,100.0,99.4
20750,100.0,99.6
21000,100.0,99.7
21250,100.0,99.76
21500,100.0,99.8
21750,80.0,99.94285714285715
22000,0.0,99.95
22250,99.6,99.95002498750625
22500,100.0,99.95002498750625
22750,100.0,99.95002498750625
23000,100.0,99.95002498750625
23250,100.0,99.95002498750625
23500,100.0,99.95002498750625
23750,52.400000000000006,90.60469765117442
24000,27.200000000000003,18.84057971014493
24250,100.0,17.543859649122805
24500,100.0,56.14035087719298
24750,100.0,94.73684210526315
25000,100.0,33.33333333333333
25250,100.0,71.9298245614035
25500,100.0,10.526315789473683
25750,80.0,49.122807017543856
26000,0.0,87.71929824561403
26250,99.6,82.35294117647058
26500,100.0,52.94117647058824
26750,100.0,23.52941176470588
27000,100.0,94.11764705882352
27250,100.0,64.70588235294117
27500,100.0,35.294117647058826
27750,80.0,5.88235294117647
28000,0.0,72.22222222222221
28250,99.6,95.19999999999999
28500,100.0,97.6
28750,100.0,98.4
29000,100.0,98.8
29250,100.0,99.03999999999999
29500,100.0,99.2
29750,80.0,99.94285714285715
30000,0.0,99.95
30250,99.6,99.95002498750625
30500,100.0,99.95002498750625
30750,100.0,99.95002498750625
31000,100.0,99.95002498750625
31250,100.0,99.95002498750625
31500,100.0,99.95002498750625
31750,73.2,95.80209895052474
32000,6.4,99.95002498750625
32250,100.0,64.70588235294117
32500,100.0,35.294117647058826
32750,100.0,5.88235294117647
33000,100.0,76.47058823529412
33250,100.0,47.05882352941176
33500,100.0,17.647058823529413
33750,80.0,88.23529411764706
34000,0.0,58.82352941176471
34250,99.6,17.647058823529413
34500,100.0,88.23529411764706
34750,100.0,58.82352941176471
35000,100.0,27.77777777777778
35250,100.0,95.1492537313433
35500,100.0,97.49034749034749
35750,80.0,98.30729166666666
36000,0.0,98.72298624754421
36250,99.6,98.72423945044162
36500,100.0,98.72423945044162
36750,100.0,98.72423945044162
37000,100.0,98.72423945044162
37250,100.0,47.05882352941176
37500,100.0,16.666666666666664
37750,80.0,94.40298507462687
38000,0.0,97.1042471042471
38250,99.6,97.10982658959537
38500,100.0,97.10982658959537
38750,100.0,58.82352941176471
39000,100.0,27.77777777777778
39250,100.0,95.1492537313433
39500,100.0,97.49034749034749
39750,80.0,98.30729166666666
40000,0.0,98.72298624754421
40250,99.6,98.72423945044162
40500,100.0,98.72423945044162
40750,100.0,98.72423945044162
41000,100.0,98.72423945044162
41250,100.0,47.05882352941176
41500,100.0,17.647058823529413
41750,80.0,88.23529411764706
42000,0.0,58.82352941176471
42250,99.6,17.647058823529413
42500,100.0,88.23529411764706
42750,100.0,58.82352941176471
43000,100.0,27.77777777777778
43250,100.0,95.1492537313433
43500,100.0,97.49034749034749
43750,80.0,98.30729166666666
44000,0.0,98.72298624754421
44250,99.6,98.82121807465619
44500,100.0,98.82121807465619
44750,100.0,98.82121807465619
45000,100.0,98.82121807465619
45250,100.0,47.05882352941176
45500,100.0,17.647058823529413
45750,80.0,88.23529411764706
46000,0.0,58.82352941176471
46250,99.6,17.647058823529413
46500,100.0,88.23529411764706
46750,100.0,58.82352941176471
47000,100.0,27.77777777777778
47250,100.0,95.1492537313433
47500,100.0,97.49034749034749
47750,79.60000000000001,98.30729166666666
48000,0.0,98.72298624754421
48250,99.6,98.72423945044162
48500,100.0,98.72423945044162
48750,100.0,98.72423945044162
49000,100.0,98.72423945044162
49250,100.0,47.05882352941176
49500,100.0,17.647058823529413
49750,80.0,88.23529411764706
50000,0.0,58.82352941176471
50250,99.6,17.647058823529413
50500,100.0,83.33333333333334
50750,100.0,98.88059701492537
51000,100.0,99.42084942084942
51250,100.0,99.609375
51500,100.0,99.70530451866405
51750,80.0,99.76340694006309
52000,0.0,99.80237154150198
