250,0.0
500,0.0
750,0.0
1000,0.0
1250,0.0
1500,0.0
1750,0.0
2000,0.0
2250,1.2
2500,0.0
2750,0.0
3000,0.0
3250,0.0
3500,0.0
3750,0.0
4000,0.0
4250,8.799999999999999
4500,6.0
4750,3.5999999999999996
5000,5.6000000000000005
5250,0.0
5500,0.0
5750,58.4
6000,48.0
6250,52.400000000000006
6500,61.199999999999996
6750,4.8
7000,5.2
7250,9.2
7500,5.2
7750,0.0
8000,0.0
8250,7.199999999999999
8500,4.8
8750,9.2
9000,13.600000000000001
9250,8.799999999999999
9500,10.8
9750,64.0
10000,11.600000000000001
10250,19.6
10500,66.4
10750,14.799999999999999
11000,10.8
11250,19.2
11500,5.6000000000000005
11750,0.0
12000,0.0
12250,6.800000000000001
12500,6.4
12750,11.200000000000001
13000,24.4
13250,14.799999999999999
13500,18.0
13750,54.800000000000004
14000,0.0
14250,5.2
14500,57.199999999999996
14750,20.0
15000,19.2
15250,26.8
15500,8.4
15750,0.0
16000,0.0
16250,6.0
16500,6.4
16750,13.600000000000001
17000,31.2
17250,24.8
17500,24.0
17750,30.4
18000,0.0
18250,5.2
18500,32.800000000000004
18750,29.2
19000,29.2
19250,34.0
19500,11.200000000000001
19750,0.0
20000,0.0
20250,5.2
20500,4.3999999999999995
20750,12.8
21000,37.2
21250,32.4
21500,32.4
21750,8.4
22000,0.0
22250,7.199999999999999
22500,16.0
22750,35.6
23000,35.6
23250,40.8
23500,3.2
23750,0.0
24000,0.0
24250,23.200000000000003
24500,3.2
24750,0.0
25000,0.0
25250,0.0
25500,0.0
25750,0.0
26000,0.0
26250,96.0
26500,55.2
26750,0.0
27000,0.0
27250,0.0
27500,0.0
27750,0.0
28000,0.0
28250,95.6
28500,57.599999999999994
28750,0.0
29000,0.0
29250,0.0
29500,0.0
29750,0.0
30000,0.0
30250,96.0
30500,56.39999999999999
30750,0.0
31000,0.0
31250,0.0
31500,0.0
31750,0.0
32000,0.0
32250,95.19999999999999
32500,57.599999999999994
32750,0.0
33000,0.0
33250,0.0
33500,0.0
33750,0.0
34000,0.0
34250,94.0
34500,58.8
34750,0.0
35000,0.0
35250,0.0
35500,0.0
35750,0.0
36000,0.0
36250,95.19999999999999
36500,58.4
36750,0.0
37000,0.0
37250,0.0
37500,0.0
37750,0.0
38000,0.0
38250,96.39999999999999
38500,57.599999999999994
38750,0.0
39000,0.0
39250,0.0
39500,0.0
39750,0.0
40000,0.0
40250,95.6
40500,58.4
40750,0.0
41000,0.0
41250,0.0
41500,0.0
41750,0.0
42000,0.0
42250,93.2
42500,57.99999999999999
42750,0.0
43000,0.0
43250,0.0
43500,0.0
43750,0.0
44000,0.0
44250,93.60000000000001
44500,55.60000000000001
44750,0.0
45000,0.0
45250,0.0
45500,0.0
45750,0.0
46000,0.0
46250,94.39999999999999
46500,57.599999999999994
46750,0.0
47000,0.0
47250,0.0
47500,0.0
47750,0.0
48000,0.0
48250,94.8
48500,58.4
48750,0.0
49000,0.0
49250,0.0
49500,0.0
49750,0.0
50000,0.0
50250,94.0
50500,56.8
50750,0.0
51000,0.0
51250,0.0
51500,0.0
51750,0.0
52000,0.0
