250,0.0,100.0
500,0.0,100.0
750,0.0,100.0
1000,0.0,100.0
1250,0.0,100.0
1500,0.0,100.0
1750,0.0,100.0
2000,0.0,5.949999999999999
2250,59.199999999999996,13.283740701381507
2500,100.0,26.567481402763015
2750,100.0,39.851222104144526
3000,100.0,53.13496280552603
3250,100.0,66.41870350690755
3500,100.0,79.70244420828905
3750,100.0,92.98618490967057
4000,60.4,5.0
4250,67.2,13.007284079084286
4500,100.0,26.014568158168572
4750,100.0,39.021852237252865
5000,100.0,52.029136316337144
5250,100.0,65.03642039542143
5500,100.0,78.04370447450573
5750,100.0,91.05098855359
6000,76.4,3.2429558745348217
6250,99.6,10.095642933049948
6500,100.0,23.379383634431456
6750,100.0,36.66312433581297
7000,100.0,49.94686503719448
7250,100.0,63.23060573857598
7500,100.0,76.51434643995749
7750,100.0,89.798087141339
8000,60.0,6.589785831960461
8250,99.6,7.193849533223504
8500,100.0,20.922570016474467
8750,100.0,34.65129049972543
9000,100.0,48.38001098297639
9250,100.0,62.108731466227354
9500,100.0,75.83745194947831
9750,100.0,89.56617243272927
10000,60.0,10.517038777908343
10250,99.6,4.230317273795535
10500,100.0,18.91891891891892
10750,100.0,33.607520564042304
11000,100.0,48.29612220916569
11250,100.0,62.98472385428907
11500,100.0,77.67332549941246
11750,100.0,3.149606299212598
12000,59.599999999999994,19.553805774278217
12250,99.6,19.619422572178475
12500,100.0,13.32020997375328
12750,100.0,29.7244094488189
13000,100.0,46.128608923884514
13250,100.0,62.53280839895014
13500,100.0,78.93700787401575
13750,100.0,18.418907905460472
14000,59.599999999999994,38.79380603096985
14250,99.6,38.87530562347188
14500,100.0,2.037489812550937
14750,100.0,22.41238793806031
15000,100.0,42.78728606356968
15250,100.0,3.0585106382978724
15500,100.0,36.3031914893617
15750,100.0,69.54787234042553
16000,59.599999999999994,2.7925531914893615
16250,99.6,30.585106382978722
16500,100.0,63.829787234042556
16750,100.0,97.07446808510637
17000,100.0,33.87978142076503
17250,100.0,68.0327868852459
17500,100.0,2.185792349726776
17750,100.0,36.33879781420765
18000,59.599999999999994,70.49180327868852
18250,99.6,70.62841530054644
18500,100.0,70.62841530054644
18750,100.0,8.294930875576037
19000,100.0,23.502304147465438
19250,100.0,38.70967741935484
19500,100.0,53.91705069124424
19750,100.0,69.12442396313364
20000,60.0,84.33179723502305
20250,99.6,94.28571428571428
20500,100.0,8.571428571428571
20750,100.0,22.857142857142858
21000,100.0,37.142857142857146
21250,100.0,51.42857142857142
21500,100.0,65.71428571428571
21750,100.0,80.0
22000,59.599999999999994,94.28571428571428
22250,99.6,47.368421052631575
22500,100.0,63.1578947368421
22750,100.0,78.94736842105263
23000,100.0,94.73684210526315
23250,100.0,10.526315789473683
23500,100.0,25.0
23750,100.0,94.44444444444444
24000,59.599999999999994,72.97297297297297
24250,99.6,89.60000000000001
24500,100.0,94.8
24750,100.0,96.53333333333333
25000,100.0,97.39999999999999
25250,100.0,97.92
25500,100.0,98.26666666666667
25750,100.0,98.5142857142857
26000,60.0,99.95
26250,99.6,99.95002498750625
26500,100.0,99.95002498750625
26750,100.0,99.95002498750625
27000,100.0,99.95002498750625
27250,100.0,99.95002498750625
27500,100.0,99.95002498750625
27750,100.0,99.95002498750625
28000,59.599999999999994,73.91304347826086
28250,100.0,80.0
28500,100.0,90.0
28750,100.0,93.33333333333333
29000,100.0,95.0
29250,100.0,96.0
29500,100.0,96.66666666666667
29750,100.0,97.14285714285714
30000,60.0,26.31578947368421
30250,99.6,89.88095238095238
30500,100.0,95.93301435406698
30750,100.0,97.45508982035929
31000,100.0,98.14814814814815
31250,100.0,98.5445205479452
31500,100.0,98.80112834978844
31750,100.0,98.98081534772182
32000,52.400000000000006,99.00938477580813
32250,99.6,99.00990099009901
32500,100.0,99.00990099009901
32750,100.0,99.00990099009901
33000,100.0,99.00990099009901
33250,100.0,99.00990099009901
33500,100.0,99.00990099009901
33750,100.0,99.00990099009901
34000,60.0,89.47368421052632
34250,99.6,31.57894736842105
34500,100.0,47.368421052631575
34750,100.0,63.1578947368421
35000,100.0,78.94736842105263
35250,100.0,94.73684210526315
35500,100.0,10.526315789473683
35750,100.0,26.31578947368421
36000,60.0,42.10526315789473
36250,99.6,78.94736842105263
36500,100.0,90.0
36750,100.0,99.25925925925925
37000,100.0,99.61538461538461
37250,100.0,99.74025974025975
37500,100.0,99.80392156862746
37750,100.0,99.84251968503936
38000,60.0,99.86842105263159
38250,99.6,99.9342105263158
38500,100.0,99.9342105263158
38750,100.0,99.9342105263158
39000,100.0,99.9342105263158
39250,100.0,99.9342105263158
39500,100.0,99.9342105263158
39750,100.0,26.31578947368421
40000,60.0,42.10526315789473
40250,99.6,99.40476190476191
40500,100.0,99.76076555023924
40750,100.0,99.8502994011976
41000,100.0,99.89106753812636
41250,100.0,99.91438356164383
41500,100.0,99.92947813822285
41750,100.0,99.9400479616307
42000,59.599999999999994,55.55555555555556
42250,99.6,92.4
42500,100.0,96.2
42750,100.0,97.46666666666667
43000,100.0,98.1
43250,100.0,98.48
43500,100.0,98.73333333333333
43750,100.0,98.91428571428571
44000,52.400000000000006,99.9
44250,99.6,99.95
44500,100.0,99.95
44750,100.0,99.95
45000,100.0,99.95
45250,100.0,99.95
45500,100.0,99.95
45750,100.0,99.95
46000,59.599999999999994,68.42105263157895
46250,99.6,52.63157894736842
46500,100.0,68.42105263157895
46750,100.0,84.21052631578947
47000,100.0,100.0
47250,100.0,15.789473684210526
47500,100.0,31.57894736842105
47750,100.0,47.368421052631575
48000,59.599999999999994,63.1578947368421
48250,99.6,57.89473684210527
48500,100.0,70.0
48750,100.0,97.77777777777777
49000,100.0,98.84615384615385
49250,100.0,99.22077922077922
49500,100.0,99.41176470588235
49750,100.0,99.5275590551181
50000,60.0,99.60526315789474
50250,99.6,99.67105263157895
50500,100.0,99.67105263157895
50750,100.0,99.67105263157895
51000,100.0,99.67105263157895
51250,100.0,99.67105263157895
51500,100.0,99.67105263157895
51750,100.0,47.368421052631575
52000,60.0,63.1578947368421
