250,0.0,100.0
500,0.0,100.0
750,0.0,100.0
1000,0.0,20.8
1250,0.0,36.64
1500,0.0,47.199999999999996
1750,0.0,54.74285714285714
2000,0.0,60.4
2250,2.8000000000000003,55.19406392694064
2500,0.0,47.73635153129161
2750,0.0,59.904153354632584
3000,0.0,20.72072072072072
3250,0.0,36.58927141713371
3500,0.0,47.164776517678455
3750,0.0,54.71698113207547
4000,0.0,60.380190095047524
4250,2.8000000000000003,55.16847515705311
4500,0.0,47.701532311792135
4750,0.0,59.95203836930456
5000,0.0,20.72072072072072
5250,0.0,36.58927141713371
5500,0.0,47.164776517678455
5750,0.0,54.71698113207547
6000,0.0,60.380190095047524
6250,2.8000000000000003,48.3
6500,0.0,35.8
6750,0.0,37.5
7000,0.0,50.0
7250,16.8,62.5
7500,100.0,75.0
7750,100.0,87.5
8000,100.0,25.0
8250,99.6,12.5
8500,100.0,37.5
8750,100.0,62.5
9000,20.0,99.51923076923077
9250,0.0,99.78165938864629
9500,0.0,99.85875706214689
9750,0.0,99.16492693110646
10000,0.0,99.33774834437085
10250,99.6,99.33829611248967
10500,100.0,99.33829611248967
10750,100.0,99.33829611248967
11000,16.8,82.7129859387924
11250,3.2,37.5
11500,0.0,62.5
11750,0.0,87.5
12000,0.0,12.5
12250,99.6,37.5
12500,100.0,55.55555555555556
12750,100.0,98.45559845559846
13000,20.0,99.40944881889764
13250,0.0,99.6042216358839
13500,0.0,99.30555555555556
13750,0.0,99.4435612082671
14000,0.0,99.53580901856765
14250,99.6,99.53611663353215
14500,100.0,99.53611663353215
14750,100.0,99.53611663353215
15000,16.8,85.75215374420145
15250,0.4,82.8363154406892
15500,0.0,99.40357852882704
15750,2.8000000000000003,37.5
16000,0.0,62.5
16250,99.6,75.0
16500,100.0,100.0
16750,100.0,25.0
17000,20.0,50.0
17250,0.0,75.0
17500,0.0,100.0
17750,0.0,25.0
18000,0.0,50.0
18250,99.6,87.5
18500,100.0,12.5
18750,100.0,37.5
19000,20.0,98.61111111111111
19250,0.0,99.35622317596567
19500,0.0,99.58100558659217
19750,0.0,99.17184265010351
20000,0.0,99.3421052631579
20250,99.6,99.34264585045193
20500,100.0,99.34264585045193
20750,100.0,99.34264585045193
21000,16.8,82.25143796220213
21250,3.2,37.5
21500,0.0,62.5
21750,0.0,87.5
22000,0.0,100.0
22250,99.6,100.0
22500,100.0,100.0
22750,100.0,100.0
23000,20.0,99.19839679358718
23250,0.0,99.35897435897436
23500,0.0,99.46595460614152
23750,0.0,99.54233409610984
24000,0.0,99.5995995995996
24250,99.6,99.59979989994997
24500,100.0,99.59979989994997
24750,100.0,99.59979989994997
25000,16.8,89.19459729864933
25250,0.0,76.68834417208605
25500,0.0,75.03751875937968
25750,0.0,87.54377188594297
26000,3.2,11.11111111111111
26250,99.6,25.0
26500,100.0,50.0
26750,100.0,75.0
27000,20.0,100.0
27250,0.0,25.0
27500,0.0,50.0
27750,0.0,75.0
28000,0.0,100.0
28250,99.6,25.0
28500,100.0,50.0
28750,100.0,75.0
29000,20.0,100.0
29250,0.0,25.0
29500,0.0,50.0
29750,0.0,75.0
30000,0.0,88.88888888888889
30250,99.6,97.98387096774194
30500,100.0,98.99598393574297
30750,100.0,99.33155080213903
31000,20.0,99.19839679358718
31250,0.0,99.35897435897436
31500,0.0,99.46595460614152
31750,0.0,99.54233409610984
32000,0.0,99.5995995995996
32250,99.6,99.59979989994997
32500,100.0,99.59979989994997
32750,100.0,99.59979989994997
33000,16.8,89.19459729864933
33250,0.0,76.68834417208605
33500,0.0,75.03751875937968
33750,0.0,87.54377188594297
34000,3.2,37.5
34250,99.6,100.0
34500,100.0,25.0
34750,100.0,50.0
35000,20.0,75.0
35250,0.0,100.0
35500,0.0,25.0
35750,0.0,50.0
36000,0.0,75.0
36250,99.6,62.5
36500,100.0,87.5
36750,100.0,12.5
37000,20.0,97.59615384615384
37250,0.0,98.90829694323145
37500,0.0,99.29378531073446
37750,0.0,99.16492693110646
38000,0.0,99.33774834437085
38250,99.6,99.33829611248967
38500,100.0,99.33829611248967
38750,100.0,99.33829611248967
39000,16.8,82.7129859387924
39250,3.2,37.5
39500,0.0,62.5
39750,0.0,87.5
40000,0.0,12.5
40250,99.6,37.5
40500,100.0,55.55555555555556
40750,100.0,98.45559845559846
41000,20.0,99.21414538310412
41250,0.0,99.4729907773386
41500,0.0,99.20713577799802
41750,0.0,99.3645750595711
42000,0.0,99.4698475811796
42250,99.6,99.47019867549669
42500,100.0,99.47019867549669
42750,100.0,99.47019867549669
43000,16.8,85.6953642384106
43250,0.0,82.78145695364239
43500,0.0,99.33774834437085
43750,3.2,25.0
44000,0.0,50.0
44250,99.6,87.5
44500,100.0,12.5
44750,100.0,37.5
45000,20.0,98.5576923076923
45250,0.0,75.0
45500,0.0,100.0
45750,0.0,25.0
46000,0.0,50.0
46250,99.6,87.5
46500,100.0,12.5
46750,100.0,37.5
47000,20.0,98.61111111111111
47250,0.0,99.35622317596567
47500,0.0,99.58100558659217
47750,0.0,99.17184265010351
48000,0.0,99.3421052631579
48250,99.6,99.34264585045193
48500,100.0,99.34264585045193
48750,100.0,99.34264585045193
49000,16.8,82.25143796220213
49250,3.2,37.5
49500,0.0,62.5
49750,0.0,87.5
50000,0.0,12.5
50250,99.6,37.5
50500,100.0,55.55555555555556
50750,100.0,98.45559845559846
51000,20.0,99.21414538310412
51250,0.0,99.4729907773386
51500,0.0,99.20713577799802
51750,0.0,99.3645750595711
52000,0.0,99.4698475811796
