100,96.64044922213034,3.3595507778696563
200,92.55975846618334,7.440241533816658
300,88.46945251052864,11.530547489471356
400,83.82146497182747,16.178535028172536
500,80.2138420414992,19.786157958500798
600,74.98894252033614,25.01105747966385
700,69.21213053595123,30.787869464048768
800,64.83721466894868,35.162785331051325
900,60.56614295878925,39.43385704121074
1000,56.48160612295917,43.51839387704083
1100,52.86436799292321,47.13563200707679
1200,50.9740197303898,49.025980269610194
1300,45.529893655891236,54.47010634410877
1400,37.44543374165881,62.55456625834118
1500,31.616699678852328,68.38330032114767
1600,25.501432664756447,74.49856733524355
1700,19.930385954116268,80.06961404588372
1800,14.738178111959385,85.26182188804061
1900,9.257514278571566,90.74248572142844
2000,3.903771081325359,96.09622891867464
2100,3.848002923020711,96.15199707697928
