250,0.0,0.0
500,0.0,0.0
750,0.0,0.0
1000,0.0,0.0
1250,0.0,0.0
1500,0.0,0.0
1750,0.0,15.142857142857144
2000,0.0,25.75
2250,5.6000000000000005,14.269406392694064
2500,0.0,33.288948069241016
2750,93.60000000000001,50.47106325706595
3000,100.0,67.29475100942126
3250,100.0,84.11843876177659
3500,100.0,1.0673782521681119
3750,0.4,1.7724413950829045
4000,0.0,1.5507753876938468
4250,5.6000000000000005,13.478012564249001
4500,0.0,32.3784143904064
4750,94.0,49.52893674293405
5000,100.0,66.35262449528938
5250,100.0,83.17631224764467
5500,100.0,0.13468013468013468
5750,0.4,14.53287197231834
6000,0.0,25.482233502538072
6250,5.6000000000000005,12.788018433179724
6500,0.0,31.76312247644684
6750,100.0,48.58681022880215
7000,100.0,65.41049798115746
7250,100.0,82.23418573351279
7500,100.0,99.12457912457913
7750,0.4,16.026936026936024
8000,0.0,32.861952861952865
8250,99.6,16.823687752355315
8500,100.0,33.64737550471063
8750,100.0,50.47106325706595
9000,100.0,67.29475100942126
9250,100.0,84.11843876177659
9500,100.0,1.0774410774410774
9750,0.0,17.912457912457914
10000,0.0,34.74747474747475
10250,99.6,16.835016835016837
10500,100.0,33.670033670033675
10750,100.0,50.505050505050505
11000,100.0,67.34006734006735
11250,100.0,84.17508417508418
11500,100.0,1.0774410774410774
11750,0.0,17.912457912457914
12000,0.0,34.74747474747475
12250,99.6,16.835016835016837
12500,100.0,33.670033670033675
12750,100.0,50.505050505050505
13000,100.0,67.34006734006735
13250,100.0,84.17508417508418
13500,100.0,1.078167115902965
13750,0.0,17.92452830188679
14000,0.0,34.77088948787062
14250,99.6,16.846361185983827
14500,100.0,33.692722371967655
14750,100.0,50.53908355795148
15000,100.0,67.38544474393531
15250,100.0,84.23180592991913
15500,100.0,1.1463250168577208
15750,0.0,18.004045853000676
16000,0.0,34.86176668914362
16250,99.6,16.857720836142953
16500,100.0,33.715441672285905
16750,100.0,50.57316250842886
17000,100.0,67.43088334457181
17250,100.0,84.28860418071477
17500,100.0,1.214574898785425
17750,0.0,18.083670715249664
18000,0.0,34.952766531713905
18250,99.6,16.869095816464238
18500,100.0,33.738191632928476
18750,100.0,50.607287449392715
19000,100.0,67.47638326585695
19250,100.0,84.34547908232119
19500,100.0,1.2829169480081026
19750,0.0,18.163403106009454
20000,0.0,35.0438892640108
20250,99.6,16.88048615800135
20500,100.0,33.7609723160027
20750,100.0,50.641458474004054
21000,100.0,67.5219446320054
21250,100.0,84.40243079000676
21500,100.0,1.3513513513513513
21750,0.0,18.243243243243242
22000,0.0,35.13513513513514
22250,99.6,16.89189189189189
22500,100.0,33.78378378378378
22750,100.0,50.67567567567568
23000,100.0,67.56756756756756
23250,100.0,84.45945945945947
23500,100.0,1.4198782961460445
23750,0.0,18.32319134550372
24000,0.0,35.226504394861394
24250,99.6,16.903313049357674
24500,100.0,33.80662609871535
24750,100.0,50.709939148073026
25000,100.0,67.6132521974307
25250,100.0,84.51656524678836
25500,100.0,1.4884979702300407
25750,0.0,18.403247631935045
26000,0.0,35.317997293640055
26250,99.6,16.914749661705006
26500,100.0,33.82949932341001
26750,100.0,50.74424898511503
27000,100.0,67.65899864682002
27250,100.0,84.57374830852503
27500,100.0,1.5572105619498984
27750,0.0,18.48341232227488
28000,0.0,35.409614082599866
28250,99.6,16.926201760324982
28500,100.0,33.852403520649965
28750,100.0,50.77860528097495
29000,100.0,67.70480704129993
29250,100.0,84.63100880162492
29500,100.0,1.6260162601626018
29750,0.0,18.56368563685637
30000,0.0,35.50135501355013
30250,99.6,16.93766937669377
30500,100.0,33.87533875338754
30750,100.0,50.81300813008131
31000,100.0,67.75067750677508
31250,100.0,84.68834688346884
31500,100.0,1.694915254237288
31750,0.0,18.64406779661017
32000,0.0,35.59322033898305
32250,99.6,16.94915254237288
32500,100.0,33.89830508474576
32750,100.0,50.847457627118644
33000,100.0,67.79661016949152
33250,100.0,84.7457627118644
33500,100.0,1.7639077340569878
33750,0.0,18.724559023066487
34000,0.0,35.68521031207598
34250,99.6,16.960651289009498
34500,100.0,33.921302578018995
34750,100.0,50.88195386702849
35000,100.0,67.84260515603799
35250,100.0,84.8032564450475
35500,100.0,1.8329938900203666
35750,0.0,18.805159538357096
36000,0.0,35.77732518669382
36250,99.6,16.97216564833673
36500,100.0,33.94433129667346
36750,100.0,50.91649694501018
37000,100.0,67.88866259334692
37250,100.0,84.86082824168363
37500,100.0,1.9021739130434785
37750,0.0,18.88586956521739
38000,0.0,35.869565217391305
38250,99.6,16.983695652173914
38500,100.0,33.96739130434783
38750,100.0,50.95108695652174
39000,100.0,67.93478260869566
39250,100.0,84.91847826086956
39500,100.0,1.9714479945615229
39750,0.0,18.966689326988444
40000,0.0,35.961930659415366
40250,99.6,16.995241332426918
40500,100.0,33.990482664853836
40750,100.0,50.985723997280765
41000,100.0,67.98096532970767
41250,100.0,84.9762066621346
41500,100.0,2.0408163265306123
41750,0.0,19.047619047619047
42000,0.0,36.054421768707485
42250,99.6,17.006802721088434
42500,100.0,34.01360544217687
42750,100.0,51.02040816326531
43000,100.0,68.02721088435374
43250,100.0,85.03401360544217
43500,100.0,2.110279101429544
43750,0.0,19.128658951667802
44000,0.0,36.14703880190606
44250,99.6,17.018379850238258
44500,100.0,34.036759700476516
44750,100.0,51.05513955071477
45000,100.0,68.07351940095303
45250,100.0,85.09189925119128
45500,100.0,2.17983651226158
45750,0.0,19.20980926430518
46000,0.0,36.23978201634878
46250,99.6,17.029972752043594
46500,100.0,34.05994550408719
46750,100.0,51.089918256130794
47000,100.0,68.11989100817438
47250,100.0,85.14986376021798
47500,100.0,2.2494887525562373
47750,0.0,19.29107021131561
48000,0.0,36.33265167007498
48250,99.6,17.04158145875937
48500,100.0,34.08316291751874
48750,100.0,51.124744376278116
49000,100.0,68.16632583503748
49250,100.0,85.20790729379686
49500,100.0,2.3192360163710775
49750,0.0,19.37244201909959
50000,0.0,36.4256480218281
50250,99.6,17.053206002728512
50500,100.0,34.106412005457024
50750,100.0,51.15961800818554
51000,100.0,68.21282401091405
51250,100.0,85.26603001364256
51500,100.0,2.3890784982935154
51750,0.0,19.453924914675767
52000,0.0,36.51877133105802
