200,88.68947739597772,11.310522604022276
400,78.25441988278496,21.74558011721505
600,70.13934486029036,29.860655139709635
800,61.54884365652586,38.45115634347414
1000,54.479463048077626,45.520536951922374
1200,49.891782787383576,50.108217212616424
1400,41.87884535881909,58.12115464118091
1600,33.4865397242285,66.51346027577151
1800,26.02441574864425,73.97558425135576
2000,15.403321903650202,84.59667809634979
2200,14.108363123464896,85.8916368765351
2400,13.477298703825296,86.5227012961747
2600,13.442036915444664,86.55796308455534
2800,13.378808881106977,86.62119111889302
3000,13.31922861798108,86.68077138201892
3200,13.3119330755575,86.6880669244425
3400,12.815836190754116,87.18416380924589
3600,12.699107511976848,87.30089248802315
3800,12.184771771114516,87.81522822888549
4000,12.282045670095572,87.71795432990443
