20,75.8041339670609,24.195866032939094
35,95.91024649054935,4.089753509450646
50,49.87288603957113,50.12711396042887
80,27.379241737592576,72.62075826240742
100,22.007295235989833,77.99270476401017
200,16.524814855753288,83.47518514424671
300,14.91102022769979,85.0889797723002
400,14.424671161711064,85.57532883828894
500,14.192550016580082,85.80744998341991
600,14.08201613794628,85.91798386205372
700,13.750414502044878,86.24958549795512
800,13.617773847684314,86.3822261523157
900,13.529346744777273,86.47065325522273
