30,97.06532959740451,2.9346704025954873
60,95.28093201592685,4.7190679840731455
100,92.90665093644004,7.0933490635599465
200,86.99306886889839,13.006931131101606
300,81.19746350095855,18.802536499041437
400,75.40185813301873,24.598141866981273
500,69.56201150272821,30.43798849727179
600,63.722164872437695,36.277835127562305
700,57.867571154696954,42.13242884530305
800,52.10145996165757,47.89854003834243
900,59.298038637369125,40.701961362630875
1000,54.97714201445214,45.02285798554785
1100,66.80430614953546,33.19569385046454
1200,63.88438283439021,36.11561716560979
1300,61.06768913139655,38.93231086860345
1400,20.778646217372067,79.22135378262793
