60,89.64085762593668,10.359142374063328
80,86.60798284221815,13.392017157781858
100,83.81063282478405,16.189367175215953
120,81.20538680666574,18.794613193334254
140,78.74092933599121,21.25907066400879
160,76.54357537121467,23.456424628785335
180,74.47056269366648,25.529437306333513
200,72.61136439891843,27.388635601081575
250,68.65612726232064,31.343872737679355
300,65.61141045124702,34.38858954875297
350,63.333793856619366,36.666206143380634
400,61.5081479727107,38.49185202728929
450,60.025920882099456,39.974079117900544
