100,95.62508413299744,4.374915867002557
200,91.19632314763177,8.803676852368223
300,86.76948520220765,13.23051479779235
400,82.35418549643276,17.64581450356724
500,77.9158093113594,22.084190688640604
600,73.49474048575989,26.50525951424011
700,68.34291648237534,31.657083517624663
800,61.60843060710371,38.391569392896294
900,56.779677313897814,43.22032268610219
1000,51.97207746004885,48.027922539951156
1100,51.8143881848426,48.1856118151574
1200,47.01255745081826,52.98744254918175
1300,42.74725486048345,57.25274513951655
1400,36.94352031691698,63.05647968308302
1500,30.814792023230325,69.18520797676968
1600,24.662987250245187,75.33701274975482
1700,19.47077940808831,80.5292205919117
1800,14.278571565931426,85.72142843406859
1900,9.086363723774543,90.91363627622546
2000,3.8960789215592007,96.1039210784408
2100,3.848002923020711,96.15199707697928
