250,21.2
500,41.6
750,46.800000000000004
1000,48.4
1250,51.2
1500,51.2
1750,51.2
2000,52.400000000000006
2250,52.0
2500,52.400000000000006
2750,50.8
3000,50.4
3250,50.0
3500,50.8
3750,50.4
4000,50.8
4250,51.2
4500,50.0
4750,51.2
5000,50.4
5250,51.2
5500,51.6
5750,50.8
6000,51.2
6250,50.0
6500,50.8
6750,50.0
7000,51.2
7250,50.8
7500,50.4
7750,50.4
8000,52.0
8250,51.2
8500,50.8
8750,50.0
9000,50.4
9250,51.2
9500,50.0
9750,50.0
10000,51.2
10250,50.8
10500,50.4
10750,50.4
11000,50.8
11250,51.2
11500,51.2
11750,52.400000000000006
12000,50.0
12250,51.2
12500,50.8
12750,50.8
13000,51.6
13250,51.2
13500,51.6
13750,50.4
14000,52.400000000000006
14250,51.6
14500,52.0
14750,50.8
15000,50.8
15250,51.2
15500,51.2
15750,51.2
16000,51.6
16250,50.4
16500,51.2
16750,50.0
17000,50.4
17250,51.2
17500,50.4
17750,50.4
18000,50.8
18250,51.2
18500,51.6
18750,50.8
19000,50.4
19250,51.6
19500,52.0
19750,50.8
20000,51.2
20250,51.2
20500,50.4
20750,50.8
21000,50.8
21250,51.6
21500,51.2
21750,50.8
22000,50.8
22250,51.6
22500,50.8
22750,50.4
23000,51.2
23250,51.2
23500,50.8
23750,51.6
24000,50.8
24250,51.6
24500,50.8
24750,50.4
25000,51.6
25250,52.0
25500,50.0
25750,50.8
26000,51.2
26250,50.8
26500,50.0
26750,51.2
27000,51.6
27250,53.2
27500,50.4
27750,50.8
28000,51.6
28250,50.8
28500,50.4
28750,50.8
29000,50.8
29250,50.0
29500,50.4
29750,52.0
30000,50.8
30250,51.2
30500,52.400000000000006
30750,51.2
31000,50.8
31250,50.0
31500,51.6
31750,52.0
32000,51.2
32250,50.4
32500,51.2
32750,51.6
33000,51.6
33250,51.6
33500,51.6
33750,51.2
34000,50.8
34250,50.8
34500,51.6
34750,51.6
35000,51.6
35250,50.8
35500,51.6
35750,50.8
36000,50.8
36250,52.400000000000006
36500,50.8
36750,51.2
37000,51.2
37250,51.6
37500,51.6
37750,52.0
38000,51.2
38250,50.8
38500,50.4
38750,50.4
39000,50.8
39250,51.6
39500,51.6
39750,50.4
40000,50.0
40250,50.0
40500,51.6
40750,50.4
41000,50.4
41250,51.6
41500,52.0
41750,51.6
42000,52.400000000000006
42250,50.4
42500,51.2
42750,51.6
43000,51.2
43250,52.400000000000006
43500,52.400000000000006
43750,52.0
44000,50.8
44250,50.8
44500,50.4
44750,50.4
45000,51.2
45250,51.2
45500,51.6
45750,50.8
46000,50.4
46250,51.6
46500,50.4
46750,51.2
47000,50.4
47250,50.4
47500,50.0
47750,51.6
48000,50.8
48250,50.0
48500,50.4
48750,50.8
49000,50.4
49250,50.4
49500,52.0
49750,50.8
50000,50.4
50250,50.8
50500,50.4
50750,51.2
51000,52.0
51250,50.0
51500,50.0
51750,52.0
52000,50.8
52250,51.6
52500,50.8
52750,51.6
53000,52.0
53250,51.2
53500,52.0
53750,51.2
54000,51.2
54250,50.0
54500,51.2
54750,50.8
55000,51.2
55250,50.8
55500,51.6
55750,50.4
56000,50.8
56250,50.0
56500,51.6
56750,51.6
57000,52.800000000000004
57250,51.6
57500,50.8
57750,50.8
58000,50.4
58250,51.6
58500,52.400000000000006
58750,51.2
59000,51.2
59250,52.0
59500,52.0
59750,51.2
60000,51.2
60250,51.2
60500,50.4
60750,52.400000000000006
61000,52.400000000000006
61250,51.2
61500,50.4
61750,51.2
62000,52.0
62250,52.0
62500,52.0
62750,52.0
63000,50.4
63250,52.0
63500,51.6
63750,50.4
64000,50.4
64250,50.4
64500,50.4
64750,50.0
65000,51.2
65250,50.8
65500,50.8
65750,50.8
66000,50.8
66250,50.4
66500,51.2
66750,51.6
67000,51.2
67250,50.4
67500,52.400000000000006
67750,51.2
68000,50.8
68250,50.4
68500,51.6
68750,51.6
69000,50.8
69250,51.6
69500,50.8
69750,51.6
70000,50.8
70250,53.2
70500,50.4
70750,52.400000000000006
71000,50.4
71250,50.8
71500,51.2
71750,51.2
72000,50.8
72250,50.8
72500,50.8
72750,51.2
73000,51.2
73250,50.0
73500,52.800000000000004
73750,50.4
74000,52.0
74250,51.2
74500,51.6
74750,50.4
75000,50.8
75250,51.2
75500,50.8
75750,50.4
76000,50.4
76250,50.0
76500,50.4
76750,50.0
77000,50.8
77250,50.4
77500,51.2
77750,52.0
78000,50.0
78250,50.8
78500,51.2
78750,51.2
79000,51.2
79250,50.8
79500,50.0
79750,51.2
80000,51.6
80250,51.2
80500,50.8
80750,50.8
81000,51.2
81250,51.2
81500,51.2
81750,52.800000000000004
82000,50.4
82250,50.4
82500,51.2
82750,50.4
83000,52.400000000000006
83250,50.8
83500,50.4
83750,50.4
84000,51.2
84250,50.4
84500,52.400000000000006
84750,51.2
85000,50.8
85250,51.2
85500,50.8
85750,50.4
86000,52.400000000000006
86250,52.0
86500,50.8
86750,50.8
87000,51.2
87250,50.4
87500,51.2
87750,50.0
88000,50.8
88250,50.4
88500,51.2
88750,50.4
89000,50.4
89250,50.8
89500,50.4
89750,50.8
90000,50.0
90250,51.2
90500,50.8
90750,50.8
91000,50.8
91250,52.0
91500,50.8
91750,50.8
92000,51.6
92250,51.2
92500,50.8
92750,50.8
93000,50.8
93250,51.6
93500,50.0
93750,51.2
94000,51.2
94250,51.2
94500,50.8
94750,50.4
95000,51.2
95250,50.0
95500,50.4
95750,51.6
96000,50.0
96250,51.6
96500,50.0
96750,51.6
97000,51.2
97250,51.6
97500,51.2
97750,51.2
98000,51.2
98250,51.2
98500,52.400000000000006
98750,51.2
99000,50.0
99250,50.8
99500,51.2
99750,50.8
