250,21.2
500,41.6
750,49.6
1000,50.0
1250,52.800000000000004
1500,51.2
1750,52.400000000000006
2000,53.2
2250,52.800000000000004
2500,52.400000000000006
2750,50.8
3000,51.2
3250,50.0
3500,50.8
3750,50.8
4000,51.2
4250,51.6
4500,51.2
4750,52.0
5000,51.2
5250,51.6
5500,52.0
5750,50.8
6000,51.6
6250,50.4
6500,50.8
6750,50.4
7000,51.2
7250,50.8
7500,51.2
7750,51.6
8000,52.800000000000004
8250,51.6
8500,50.8
8750,50.4
9000,50.4
9250,51.2
9500,50.0
9750,50.0
10000,51.2
10250,51.6
10500,50.4
10750,51.2
11000,50.8
11250,51.6
11500,52.0
11750,54.0
12000,50.4
12250,51.2
12500,51.2
12750,51.2
13000,51.6
13250,52.0
13500,52.400000000000006
13750,51.2
14000,53.2
14250,52.800000000000004
14500,52.800000000000004
14750,52.0
15000,50.8
15250,52.400000000000006
15500,51.6
15750,52.0
16000,52.0
16250,50.4
16500,51.6
16750,50.0
17000,51.2
17250,51.6
17500,51.6
17750,50.4
18000,50.8
18250,51.6
18500,52.0
18750,50.8
19000,50.8
19250,52.400000000000006
19500,52.400000000000006
19750,51.2
20000,51.6
20250,51.6
20500,50.4
20750,50.8
21000,50.8
21250,51.6
21500,51.6
21750,51.6
22000,50.8
22250,52.0
22500,51.2
22750,50.8
23000,51.2
23250,51.2
23500,51.6
23750,53.2
24000,51.6
24250,51.6
24500,51.2
24750,50.8
25000,52.0
25250,53.2
25500,50.0
25750,50.8
26000,51.2
26250,50.8
26500,50.4
26750,52.0
27000,52.400000000000006
27250,53.2
27500,50.8
27750,51.6
28000,52.0
28250,51.2
28500,50.8
28750,51.6
29000,50.8
29250,50.8
29500,51.6
29750,52.0
30000,51.2
30250,52.0
30500,52.800000000000004
30750,52.400000000000006
31000,51.6
31250,50.0
31500,52.0
31750,52.400000000000006
32000,51.6
32250,51.6
32500,52.400000000000006
32750,52.0
33000,52.400000000000006
33250,52.400000000000006
33500,52.0
33750,51.6
34000,50.8
34250,51.6
34500,52.0
34750,52.0
35000,51.6
35250,50.8
35500,51.6
35750,50.8
36000,51.6
36250,53.6
36500,50.8
36750,51.6
37000,51.6
37250,52.0
37500,52.0
37750,52.800000000000004
38000,52.400000000000006
38250,51.2
38500,51.2
38750,51.2
39000,51.2
39250,53.2
39500,51.6
39750,50.8
40000,51.2
40250,50.4
40500,52.800000000000004
40750,50.8
41000,50.4
41250,52.800000000000004
41500,52.400000000000006
41750,54.0
42000,52.800000000000004
42250,51.2
42500,51.6
42750,52.0
43000,52.400000000000006
43250,52.800000000000004
43500,52.800000000000004
43750,52.400000000000006
44000,50.8
44250,51.2
44500,51.2
44750,52.0
45000,51.2
45250,51.2
45500,52.0
45750,50.8
46000,51.6
46250,52.800000000000004
46500,50.8
46750,51.6
47000,50.8
47250,51.2
47500,50.8
47750,51.6
48000,51.6
48250,50.4
48500,50.4
48750,51.6
49000,51.2
49250,50.4
49500,52.800000000000004
49750,51.6
50000,50.4
50250,51.6
50500,50.8
50750,51.6
51000,52.800000000000004
51250,50.0
51500,50.8
51750,53.6
52000,51.2
52250,52.0
52500,51.2
52750,52.0
53000,53.6
53250,52.0
53500,52.400000000000006
53750,52.0
54000,51.6
54250,50.8
54500,51.6
54750,51.2
55000,52.400000000000006
55250,51.2
55500,52.0
55750,50.4
56000,52.0
56250,51.2
56500,51.6
56750,52.400000000000006
57000,52.800000000000004
57250,52.400000000000006
57500,50.8
57750,51.6
58000,51.2
58250,53.2
58500,52.400000000000006
58750,52.0
59000,52.0
59250,52.400000000000006
59500,52.0
59750,51.2
60000,51.2
60250,52.0
60500,50.8
60750,52.800000000000004
61000,53.2
61250,51.6
61500,50.8
61750,52.0
62000,52.0
62250,52.800000000000004
62500,52.400000000000006
62750,53.2
63000,51.2
63250,53.2
63500,52.400000000000006
63750,51.2
64000,50.4
64250,50.8
64500,51.2
64750,50.0
65000,51.2
65250,51.6
65500,51.2
65750,51.6
66000,50.8
66250,51.2
66500,51.2
66750,52.0
67000,51.6
67250,51.2
67500,52.800000000000004
67750,51.2
68000,50.8
68250,50.4
68500,51.6
68750,52.0
69000,50.8
69250,51.6
69500,50.8
69750,52.400000000000006
70000,51.2
70250,54.0
70500,51.2
70750,53.2
71000,50.8
71250,50.8
71500,52.800000000000004
71750,51.2
72000,52.400000000000006
72250,51.6
72500,51.2
72750,52.400000000000006
73000,52.0
73250,50.0
73500,54.0
73750,50.8
74000,52.0
74250,51.6
74500,51.6
74750,50.4
75000,51.6
75250,51.2
75500,50.8
75750,50.8
76000,50.8
76250,50.4
76500,51.6
76750,50.8
77000,51.2
77250,50.4
77500,51.6
77750,52.800000000000004
78000,50.8
78250,51.6
78500,51.2
78750,52.800000000000004
79000,51.6
79250,51.2
79500,50.0
79750,51.6
80000,51.6
80250,51.6
80500,51.2
80750,50.8
81000,52.0
81250,51.2
81500,51.6
81750,53.2
82000,50.4
82250,50.4
82500,51.2
82750,50.4
83000,52.800000000000004
83250,51.6
83500,51.6
83750,50.8
84000,52.400000000000006
84250,50.8
84500,52.800000000000004
84750,52.800000000000004
85000,51.6
85250,51.2
85500,50.8
85750,51.6
86000,53.6
86250,52.0
86500,51.2
86750,51.2
87000,51.2
87250,51.2
87500,51.6
87750,51.2
88000,51.6
88250,51.2
88500,52.0
88750,50.4
89000,51.2
89250,51.6
89500,50.8
89750,51.2
90000,50.4
90250,52.0
90500,51.2
90750,51.6
91000,51.2
91250,52.800000000000004
91500,52.0
91750,51.2
92000,52.400000000000006
92250,52.0
92500,50.8
92750,51.6
93000,51.2
93250,52.800000000000004
93500,50.0
93750,51.2
94000,51.6
94250,51.6
94500,50.8
94750,50.4
95000,51.6
95250,50.8
95500,50.8
95750,51.6
96000,50.8
96250,52.0
96500,50.4
96750,51.6
97000,52.0
97250,51.6
97500,52.0
97750,52.0
98000,52.400000000000006
98250,51.2
98500,52.400000000000006
98750,52.400000000000006
99000,50.4
99250,51.6
99500,51.2
99750,51.6
