250,17.599999999999998
500,29.2
750,42.0
1000,45.6
1250,48.8
1500,50.0
1750,48.0
2000,50.0
2250,48.4
2500,48.4
2750,49.2
3000,48.4
3250,48.4
3500,50.4
3750,50.0
4000,49.2
4250,47.599999999999994
4500,47.599999999999994
4750,47.199999999999996
5000,48.8
5250,49.6
5500,50.0
5750,48.8
6000,48.0
6250,49.6
6500,49.2
6750,49.2
7000,49.6
7250,49.2
7500,50.4
7750,49.6
8000,48.4
8250,50.0
8500,48.8
8750,49.2
9000,50.0
9250,50.0
9500,49.2
9750,48.8
10000,48.4
10250,48.4
10500,49.6
10750,49.6
11000,50.0
11250,49.2
11500,49.2
11750,46.400000000000006
12000,49.2
12250,50.4
12500,49.6
12750,50.0
13000,48.0
13250,49.2
13500,48.8
13750,47.599999999999994
14000,50.0
14250,49.6
14500,48.4
14750,50.0
15000,48.8
15250,49.2
15500,48.0
15750,49.2
16000,48.8
16250,48.8
16500,48.8
16750,48.8
17000,47.599999999999994
17250,47.599999999999994
17500,48.4
17750,49.6
18000,48.8
18250,49.6
18500,48.4
18750,49.2
19000,50.0
19250,48.8
19500,47.199999999999996
19750,48.4
20000,48.8
20250,50.0
20500,50.0
20750,49.2
21000,49.6
21250,50.0
21500,50.0
21750,49.2
22000,48.0
22250,46.800000000000004
22500,46.400000000000006
22750,49.2
23000,49.2
23250,49.2
23500,49.2
23750,48.8
24000,49.6
24250,50.4
24500,48.4
24750,48.4
25000,48.4
25250,48.8
25500,49.6
25750,49.6
26000,49.2
26250,47.599999999999994
26500,49.6
26750,49.2
27000,48.4
27250,48.8
27500,50.4
27750,49.6
28000,48.8
28250,47.599999999999994
28500,48.0
28750,48.8
29000,48.4
29250,48.4
29500,49.2
29750,48.8
30000,48.8
30250,50.4
30500,50.4
30750,49.2
31000,49.6
31250,49.6
31500,50.8
31750,48.0
32000,48.0
32250,48.4
32500,48.0
32750,48.0
33000,50.0
33250,49.2
33500,49.6
33750,48.4
34000,49.2
34250,49.2
34500,47.599999999999994
34750,49.2
35000,49.6
35250,49.2
35500,48.8
35750,48.8
36000,48.8
36250,49.2
36500,48.8
36750,49.6
37000,49.2
37250,50.0
37500,50.0
37750,50.0
38000,50.4
38250,49.2
38500,48.8
38750,48.4
39000,49.2
39250,49.6
39500,49.2
39750,48.8
40000,49.2
40250,50.0
40500,50.0
40750,50.0
41000,48.8
41250,48.8
41500,48.4
41750,47.199999999999996
42000,48.8
42250,48.4
42500,48.8
42750,48.4
43000,49.6
43250,50.0
43500,49.6
43750,50.4
44000,49.2
44250,49.2
44500,49.2
44750,48.4
45000,50.0
45250,49.6
45500,49.2
45750,48.0
46000,48.4
46250,47.599999999999994
46500,47.199999999999996
46750,48.0
47000,47.599999999999994
47250,48.4
47500,48.4
47750,48.4
48000,49.2
48250,48.4
48500,48.0
48750,49.6
49000,48.8
49250,47.599999999999994
49500,49.2
49750,49.2
50000,48.8
50250,49.2
50500,49.2
50750,49.2
51000,49.2
51250,47.599999999999994
51500,49.2
51750,50.4
52000,48.8
52250,48.4
52500,48.0
52750,46.800000000000004
53000,48.4
53250,48.4
53500,50.0
53750,49.2
54000,47.599999999999994
54250,48.8
54500,48.4
54750,48.4
55000,49.6
55250,48.0
55500,49.6
55750,50.0
56000,48.8
56250,50.0
56500,49.2
56750,49.2
57000,49.2
57250,49.6
57500,49.6
57750,49.6
58000,48.8
58250,49.2
58500,49.6
58750,49.2
59000,48.0
59250,48.4
59500,48.4
59750,48.0
60000,49.6
60250,48.8
60500,49.6
60750,48.0
61000,48.4
61250,48.0
61500,48.0
61750,49.2
62000,48.4
62250,49.2
62500,49.2
62750,49.2
63000,50.0
63250,49.6
63500,49.2
63750,48.0
64000,49.2
64250,50.0
64500,48.8
64750,49.6
65000,48.4
65250,49.6
65500,47.599999999999994
65750,47.199999999999996
66000,49.6
66250,48.8
66500,50.8
66750,48.8
67000,50.0
67250,48.8
67500,48.8
67750,49.2
68000,50.0
68250,49.2
68500,50.4
68750,50.0
69000,50.0
69250,50.0
69500,48.4
69750,49.6
70000,49.6
70250,50.0
70500,46.800000000000004
70750,48.0
71000,49.6
71250,48.4
71500,48.4
71750,49.2
72000,49.2
72250,48.4
72500,48.8
72750,50.0
73000,48.8
73250,50.0
73500,49.2
73750,48.4
74000,49.2
74250,49.2
74500,49.2
74750,50.0
75000,48.4
75250,49.6
75500,49.6
75750,48.4
76000,50.4
76250,48.4
76500,50.0
76750,50.0
77000,50.0
77250,48.4
77500,48.8
77750,49.6
78000,49.2
78250,48.8
78500,49.6
78750,49.6
79000,48.8
79250,49.6
79500,50.0
79750,49.2
80000,50.0
80250,49.2
80500,49.2
80750,48.8
81000,48.4
81250,50.0
81500,49.6
81750,50.8
82000,49.6
82250,48.8
82500,50.8
82750,50.0
83000,50.0
83250,49.6
83500,49.6
83750,49.2
84000,50.0
84250,50.0
84500,50.8
84750,48.0
85000,48.4
85250,48.8
85500,49.6
85750,48.8
86000,48.4
86250,49.6
86500,49.2
86750,48.8
87000,47.199999999999996
87250,48.4
87500,49.2
87750,48.4
88000,48.8
88250,48.4
88500,48.8
88750,48.0
89000,47.599999999999994
89250,49.6
89500,48.8
89750,49.6
90000,50.0
90250,50.0
90500,49.2
90750,48.8
91000,49.6
91250,48.0
91500,48.0
91750,47.599999999999994
92000,49.6
92250,46.800000000000004
92500,50.0
92750,49.2
93000,48.8
93250,49.2
93500,49.2
93750,48.8
94000,49.6
94250,50.0
94500,50.4
94750,48.4
95000,49.2
95250,49.2
95500,49.6
95750,50.0
96000,49.2
96250,50.4
96500,49.2
96750,49.6
97000,47.599999999999994
97250,48.8
97500,49.6
97750,50.0
98000,49.6
98250,49.6
98500,50.4
98750,48.4
99000,48.8
99250,48.0
99500,49.2
99750,49.2
