250,14.000000000000002
500,27.6
750,37.6
1000,34.4
1250,36.8
1500,37.6
1750,34.4
2000,40.0
2250,36.8
2500,34.4
2750,34.8
3000,39.6
3250,35.6
3500,36.8
3750,36.0
4000,38.0
4250,36.4
4500,36.0
4750,36.0
5000,38.4
5250,37.6
5500,34.8
5750,38.800000000000004
6000,38.0
6250,37.6
6500,36.8
6750,32.0
7000,38.4
7250,36.8
7500,35.199999999999996
7750,35.6
8000,38.0
8250,37.2
8500,40.0
8750,37.6
9000,40.400000000000006
9250,39.2
9500,40.0
9750,37.2
10000,36.0
10250,37.2
10500,36.0
10750,38.800000000000004
11000,38.0
11250,35.199999999999996
11500,35.199999999999996
11750,32.800000000000004
12000,36.0
12250,38.4
12500,38.0
12750,38.4
13000,34.8
13250,41.6
13500,40.8
13750,36.0
14000,38.800000000000004
14250,38.0
14500,37.2
14750,36.4
15000,36.4
15250,37.2
15500,34.4
15750,40.0
16000,40.8
16250,39.2
16500,38.800000000000004
16750,37.6
17000,39.2
17250,39.2
17500,37.2
17750,38.0
18000,33.6
18250,40.8
18500,36.0
18750,39.6
19000,38.0
19250,39.2
19500,35.199999999999996
19750,36.4
20000,35.6
20250,38.800000000000004
20500,37.2
20750,36.8
21000,40.0
21250,39.6
21500,38.800000000000004
21750,36.4
22000,38.800000000000004
22250,35.6
22500,34.8
22750,40.0
23000,36.8
23250,41.199999999999996
23500,37.6
23750,34.4
24000,37.2
24250,40.0
24500,36.8
24750,34.8
25000,36.4
25250,34.8
25500,43.2
25750,38.4
26000,41.199999999999996
26250,38.800000000000004
26500,40.0
26750,39.2
27000,35.199999999999996
27250,37.2
27500,38.0
27750,34.4
28000,35.199999999999996
28250,34.0
28500,38.800000000000004
28750,39.6
29000,37.6
29250,37.6
29500,38.4
29750,40.400000000000006
30000,36.0
30250,38.4
30500,40.8
30750,42.0
31000,38.0
31250,36.0
31500,42.0
31750,39.6
32000,36.8
32250,39.6
32500,37.2
32750,39.6
33000,36.4
33250,33.6
33500,37.6
33750,36.0
34000,40.400000000000006
34250,41.6
34500,38.0
34750,38.0
35000,39.2
35250,38.800000000000004
35500,37.2
35750,35.6
36000,38.4
36250,35.6
36500,36.4
36750,37.2
37000,40.8
37250,39.2
37500,37.6
37750,36.8
38000,36.0
38250,34.8
38500,39.2
38750,37.6
39000,34.4
39250,33.6
39500,36.4
39750,36.4
40000,40.0
40250,39.6
40500,38.0
40750,36.0
41000,39.6
41250,39.6
41500,38.0
41750,38.4
42000,40.0
42250,37.2
42500,38.4
42750,38.800000000000004
43000,35.199999999999996
43250,34.0
43500,38.800000000000004
43750,38.800000000000004
44000,35.199999999999996
44250,38.0
44500,39.6
44750,37.2
45000,38.4
45250,37.6
45500,36.0
45750,35.6
46000,36.4
46250,35.6
46500,33.2
46750,38.4
47000,35.199999999999996
47250,37.6
47500,34.8
47750,38.0
48000,38.800000000000004
48250,35.6
48500,35.6
48750,32.800000000000004
49000,33.2
49250,36.0
49500,35.6
49750,37.2
50000,40.0
50250,35.6
50500,36.4
50750,40.400000000000006
51000,36.4
51250,36.0
51500,37.2
51750,38.800000000000004
52000,34.4
52250,39.2
52500,37.6
52750,39.6
53000,34.8
53250,33.2
53500,35.199999999999996
53750,34.8
54000,36.0
54250,38.4
54500,35.199999999999996
54750,36.0
55000,36.0
55250,34.4
55500,38.4
55750,38.4
56000,36.4
56250,39.6
56500,37.2
56750,40.400000000000006
57000,38.4
57250,38.0
57500,38.4
57750,33.6
58000,38.4
58250,37.6
58500,39.2
58750,37.6
59000,34.4
59250,36.0
59500,38.4
59750,36.4
60000,40.8
60250,36.8
60500,38.4
60750,36.4
61000,38.4
61250,37.6
61500,36.4
61750,34.8
62000,36.4
62250,39.6
62500,38.800000000000004
62750,35.6
63000,36.4
63250,37.6
63500,36.4
63750,39.2
64000,32.800000000000004
64250,38.0
64500,35.6
64750,41.199999999999996
65000,34.8
65250,40.8
65500,38.800000000000004
65750,36.0
66000,35.199999999999996
66250,40.8
66500,38.4
66750,35.6
67000,32.800000000000004
67250,32.800000000000004
67500,38.0
67750,36.0
68000,36.8
68250,40.400000000000006
68500,33.6
68750,34.4
69000,36.0
69250,40.400000000000006
69500,38.0
69750,37.2
70000,36.4
70250,33.2
70500,36.4
70750,36.8
71000,40.0
71250,33.6
71500,37.6
71750,40.0
72000,39.6
72250,37.6
72500,34.4
72750,37.6
73000,38.0
73250,35.199999999999996
73500,32.4
73750,34.0
74000,38.800000000000004
74250,37.6
74500,36.4
74750,40.0
75000,34.8
75250,40.8
75500,37.6
75750,37.2
76000,36.4
76250,37.6
76500,36.0
76750,39.6
77000,36.8
77250,33.6
77500,39.2
77750,37.2
78000,38.4
78250,38.4
78500,39.6
78750,40.400000000000006
79000,38.0
79250,38.4
79500,40.0
79750,37.6
80000,37.6
80250,38.0
80500,37.2
80750,38.0
81000,40.0
81250,36.4
81500,40.0
81750,37.6
82000,39.2
82250,38.4
82500,36.4
82750,37.2
83000,35.199999999999996
83250,36.0
83500,39.2
83750,39.2
84000,38.0
84250,34.4
84500,38.0
84750,34.4
85000,35.6
85250,34.4
85500,35.199999999999996
85750,38.4
86000,39.2
86250,41.6
86500,36.4
86750,38.4
87000,35.199999999999996
87250,41.199999999999996
87500,33.2
87750,36.0
88000,36.4
88250,38.0
88500,37.6
88750,38.4
89000,38.800000000000004
89250,38.800000000000004
89500,36.0
89750,39.6
90000,37.6
90250,39.6
90500,38.4
90750,39.6
91000,41.6
91250,35.6
91500,36.8
91750,39.6
92000,40.0
92250,32.4
92500,38.0
92750,37.2
93000,34.8
93250,36.8
93500,40.0
93750,36.0
94000,38.800000000000004
94250,38.4
94500,38.0
94750,40.8
95000,36.0
95250,36.0
95500,36.0
95750,41.6
96000,34.0
96250,37.6
96500,36.0
96750,39.2
97000,35.6
97250,36.0
97500,37.6
97750,37.2
98000,38.4
98250,40.8
98500,37.6
98750,35.6
99000,39.6
99250,36.4
99500,38.0
99750,38.4
