250,11.600000000000001
500,25.2
750,28.4
1000,26.400000000000002
1250,27.200000000000003
1500,29.599999999999998
1750,22.8
2000,30.8
2250,26.400000000000002
2500,25.2
2750,26.0
3000,30.0
3250,28.799999999999997
3500,29.599999999999998
3750,27.6
4000,28.4
4250,31.2
4500,28.799999999999997
4750,26.8
5000,32.0
5250,28.4
5500,27.200000000000003
5750,29.2
6000,28.4
6250,26.8
6500,26.8
6750,23.200000000000003
7000,28.000000000000004
7250,27.6
7500,24.4
7750,26.400000000000002
8000,32.4
8250,30.4
8500,31.6
8750,26.400000000000002
9000,32.0
9250,27.6
9500,28.000000000000004
9750,29.599999999999998
10000,25.6
10250,30.8
10500,27.6
10750,29.599999999999998
11000,28.799999999999997
11250,26.8
11500,27.6
11750,26.0
12000,26.400000000000002
12250,31.6
12500,27.6
12750,29.599999999999998
13000,25.6
13250,27.6
13500,29.2
13750,25.2
14000,28.799999999999997
14250,30.0
14500,26.8
14750,27.200000000000003
15000,28.000000000000004
15250,29.599999999999998
15500,26.8
15750,29.2
16000,28.000000000000004
16250,28.799999999999997
16500,30.0
16750,30.0
17000,28.000000000000004
17250,28.799999999999997
17500,30.0
17750,28.4
18000,24.8
18250,29.2
18500,26.0
18750,32.0
19000,30.4
19250,32.0
19500,29.2
19750,29.599999999999998
20000,26.8
20250,26.0
20500,26.400000000000002
20750,26.8
21000,30.8
21250,32.0
21500,28.4
21750,28.4
22000,30.4
22250,28.4
22500,26.8
22750,31.2
23000,29.2
23250,32.800000000000004
23500,28.4
23750,27.200000000000003
24000,28.799999999999997
24250,30.0
24500,28.4
24750,26.400000000000002
25000,25.6
25250,26.0
25500,30.4
25750,32.4
26000,27.200000000000003
26250,30.0
26500,31.2
26750,30.4
27000,29.599999999999998
27250,31.2
27500,30.0
27750,26.400000000000002
28000,29.2
28250,26.8
28500,30.4
28750,28.799999999999997
29000,27.6
29250,30.8
29500,26.8
29750,27.6
30000,26.8
30250,29.599999999999998
30500,28.4
30750,32.0
31000,29.2
31250,28.4
31500,32.0
31750,30.4
32000,30.8
32250,29.2
32500,29.599999999999998
32750,29.599999999999998
33000,29.2
33250,24.4
33500,28.4
33750,26.8
34000,30.0
34250,30.0
34500,27.6
34750,29.599999999999998
35000,31.2
35250,32.800000000000004
35500,27.200000000000003
35750,27.6
36000,27.200000000000003
36250,26.8
36500,27.6
36750,29.599999999999998
37000,27.6
37250,29.599999999999998
37500,30.0
37750,28.000000000000004
38000,26.8
38250,30.4
38500,29.599999999999998
38750,30.0
39000,24.8
39250,26.8
39500,28.799999999999997
39750,27.200000000000003
40000,28.4
40250,30.4
40500,25.2
40750,25.2
41000,29.599999999999998
41250,30.4
41500,27.6
41750,28.000000000000004
42000,29.2
42250,31.2
42500,30.8
42750,30.0
43000,26.8
43250,24.4
43500,29.599999999999998
43750,30.4
44000,26.0
44250,30.4
44500,30.0
44750,28.4
45000,27.6
45250,27.6
45500,26.0
45750,26.8
46000,28.4
46250,24.8
46500,23.200000000000003
46750,30.0
47000,24.8
47250,30.0
47500,26.400000000000002
47750,28.4
48000,30.4
48250,26.400000000000002
48500,26.8
48750,24.8
49000,25.6
49250,28.799999999999997
49500,25.6
49750,30.0
50000,31.2
50250,27.200000000000003
50500,29.599999999999998
50750,30.4
51000,24.0
51250,26.8
51500,30.8
51750,29.2
52000,26.8
52250,32.0
52500,26.400000000000002
52750,29.599999999999998
53000,25.2
53250,27.200000000000003
53500,26.400000000000002
53750,27.6
54000,27.6
54250,30.4
54500,27.200000000000003
54750,30.8
55000,30.4
55250,25.6
55500,29.599999999999998
55750,30.4
56000,26.8
56250,31.2
56500,30.4
56750,30.4
57000,27.200000000000003
57250,29.599999999999998
57500,27.6
57750,26.0
58000,29.2
58250,26.0
58500,33.2
58750,28.4
59000,25.2
59250,28.799999999999997
59500,30.0
59750,26.400000000000002
60000,30.4
60250,27.6
60500,29.2
60750,25.6
61000,29.2
61250,29.599999999999998
61500,29.2
61750,28.4
62000,25.6
62250,30.8
62500,31.2
62750,28.4
63000,28.4
63250,26.8
63500,30.4
63750,31.2
64000,23.200000000000003
64250,28.000000000000004
64500,28.000000000000004
64750,32.4
65000,28.000000000000004
65250,34.4
65500,27.6
65750,29.2
66000,24.8
66250,32.0
66500,28.4
66750,27.200000000000003
67000,26.0
67250,25.2
67500,28.000000000000004
67750,28.000000000000004
68000,23.599999999999998
68250,29.599999999999998
68500,25.6
68750,26.8
69000,27.200000000000003
69250,31.6
69500,31.6
69750,24.4
70000,24.4
70250,26.0
70500,29.599999999999998
70750,25.6
71000,30.4
71250,26.0
71500,26.400000000000002
71750,33.6
72000,32.0
72250,26.400000000000002
72500,25.2
72750,30.8
73000,28.799999999999997
73250,28.799999999999997
73500,26.400000000000002
73750,25.6
74000,29.599999999999998
74250,29.599999999999998
74500,25.6
74750,32.4
75000,22.400000000000002
75250,29.599999999999998
75500,29.2
75750,28.4
76000,29.2
76250,30.0
76500,26.400000000000002
76750,27.200000000000003
77000,27.200000000000003
77250,26.8
77500,29.2
77750,30.4
78000,28.4
78250,27.6
78500,30.4
78750,32.800000000000004
79000,26.8
79250,30.4
79500,30.8
79750,28.000000000000004
80000,26.400000000000002
80250,25.2
80500,28.799999999999997
80750,30.4
81000,28.4
81250,24.8
81500,31.6
81750,28.000000000000004
82000,27.6
82250,26.400000000000002
82500,28.799999999999997
82750,26.400000000000002
83000,24.8
83250,24.8
83500,31.2
83750,30.8
84000,28.799999999999997
84250,28.000000000000004
84500,28.799999999999997
84750,28.799999999999997
85000,27.6
85250,28.4
85500,27.6
85750,30.8
86000,30.0
86250,34.4
86500,27.6
86750,30.4
87000,24.4
87250,31.2
87500,25.2
87750,29.599999999999998
88000,30.0
88250,28.799999999999997
88500,27.6
88750,28.4
89000,25.2
89250,31.2
89500,26.400000000000002
89750,29.599999999999998
90000,29.2
90250,30.4
90500,29.599999999999998
90750,28.4
91000,32.800000000000004
91250,25.2
91500,28.799999999999997
91750,30.8
92000,32.0
92250,23.599999999999998
92500,25.6
92750,30.0
93000,27.6
93250,29.2
93500,32.800000000000004
93750,28.4
94000,30.4
94250,25.2
94500,26.400000000000002
94750,31.2
95000,28.4
95250,26.0
95500,29.2
95750,30.8
96000,22.400000000000002
96250,27.6
96500,26.0
96750,28.799999999999997
97000,26.0
97250,26.8
97500,26.8
97750,29.2
98000,29.2
98250,31.2
98500,26.8
98750,26.0
99000,30.8
99250,29.599999999999998
99500,29.2
99750,30.8
