250,16.400000000000002
500,28.000000000000004
750,41.6
1000,44.4
1250,44.0
1500,47.599999999999994
1750,45.2
2000,46.400000000000006
2250,45.6
2500,43.6
2750,43.2
3000,44.800000000000004
3250,45.2
3500,43.6
3750,44.800000000000004
4000,46.400000000000006
4250,43.6
4500,42.8
4750,43.2
5000,45.6
5250,45.2
5500,45.6
5750,47.199999999999996
6000,45.2
6250,47.599999999999994
6500,46.0
6750,43.2
7000,46.0
7250,44.800000000000004
7500,44.4
7750,43.6
8000,44.800000000000004
8250,47.199999999999996
8500,46.400000000000006
8750,45.2
9000,47.599999999999994
9250,47.599999999999994
9500,47.199999999999996
9750,44.0
10000,44.0
10250,45.2
10500,44.800000000000004
10750,46.400000000000006
11000,46.400000000000006
11250,45.6
11500,41.6
11750,42.4
12000,46.400000000000006
12250,48.4
12500,47.199999999999996
12750,47.199999999999996
13000,43.2
13250,46.800000000000004
13500,44.800000000000004
13750,43.2
14000,45.2
14250,45.2
14500,44.4
14750,44.4
15000,44.0
15250,43.6
15500,43.6
15750,44.4
16000,45.6
16250,45.6
16500,45.6
16750,46.0
17000,45.2
17250,46.400000000000006
17500,46.400000000000006
17750,48.4
18000,44.800000000000004
18250,46.0
18500,42.8
18750,45.2
19000,45.2
19250,46.800000000000004
19500,42.4
19750,43.2
20000,46.400000000000006
20250,47.599999999999994
20500,46.0
20750,44.4
21000,45.6
21250,46.0
21500,46.400000000000006
21750,45.2
22000,43.2
22250,42.8
22500,41.6
22750,47.199999999999996
23000,45.2
23250,46.0
23500,45.6
23750,44.4
24000,43.2
24250,44.800000000000004
24500,45.2
24750,43.6
25000,46.400000000000006
25250,39.6
25500,44.800000000000004
25750,46.0
26000,47.199999999999996
26250,44.4
26500,46.0
26750,47.199999999999996
27000,44.800000000000004
27250,45.6
27500,46.0
27750,42.8
28000,41.199999999999996
28250,42.0
28500,45.6
28750,45.2
29000,47.199999999999996
29250,46.0
29500,45.6
29750,45.2
30000,45.2
30250,46.0
30500,48.8
30750,48.4
31000,46.0
31250,46.0
31500,47.599999999999994
31750,45.6
32000,43.6
32250,43.6
32500,43.6
32750,44.800000000000004
33000,46.0
33250,42.0
33500,44.800000000000004
33750,45.2
34000,46.400000000000006
34250,46.0
34500,45.2
34750,44.4
35000,45.2
35250,45.6
35500,45.6
35750,44.4
36000,46.400000000000006
36250,44.0
36500,45.2
36750,47.599999999999994
37000,43.6
37250,46.800000000000004
37500,45.6
37750,44.4
38000,45.6
38250,43.6
38500,44.800000000000004
38750,42.4
39000,42.4
39250,42.8
39500,45.2
39750,45.2
40000,46.400000000000006
40250,47.199999999999996
40500,46.400000000000006
40750,45.2
41000,44.800000000000004
41250,44.0
41500,47.599999999999994
41750,45.2
42000,46.400000000000006
42250,46.400000000000006
42500,44.800000000000004
42750,45.2
43000,42.4
43250,44.800000000000004
43500,46.0
43750,47.599999999999994
44000,42.0
44250,43.2
44500,46.400000000000006
44750,46.0
45000,46.0
45250,45.6
45500,46.400000000000006
45750,45.2
46000,44.4
46250,40.0
46500,41.6
46750,44.800000000000004
47000,44.4
47250,42.8
47500,42.4
47750,46.400000000000006
48000,44.0
48250,43.6
48500,43.6
48750,41.199999999999996
49000,42.0
49250,44.800000000000004
49500,42.8
49750,46.800000000000004
50000,47.599999999999994
50250,46.0
50500,46.800000000000004
50750,47.599999999999994
51000,44.800000000000004
51250,42.4
51500,44.4
51750,46.800000000000004
52000,43.6
52250,45.2
52500,44.800000000000004
52750,44.0
53000,45.6
53250,41.199999999999996
53500,42.4
53750,44.800000000000004
54000,42.8
54250,46.0
54500,44.4
54750,45.6
55000,44.800000000000004
55250,43.6
55500,46.400000000000006
55750,46.400000000000006
56000,46.0
56250,45.6
56500,45.6
56750,47.199999999999996
57000,46.0
57250,44.800000000000004
57500,45.6
57750,46.400000000000006
58000,46.400000000000006
58250,46.400000000000006
58500,44.800000000000004
58750,46.0
59000,42.4
59250,45.2
59500,44.800000000000004
59750,45.2
60000,46.0
60250,45.2
60500,44.800000000000004
60750,44.4
61000,43.2
61250,44.0
61500,44.4
61750,42.0
62000,41.6
62250,44.0
62500,46.400000000000006
62750,44.800000000000004
63000,44.800000000000004
63250,45.2
63500,42.8
63750,43.6
64000,42.0
64250,45.6
64500,45.6
64750,45.2
65000,43.2
65250,46.800000000000004
65500,44.4
65750,41.6
66000,40.400000000000006
66250,46.0
66500,48.0
66750,45.6
67000,44.800000000000004
67250,43.2
67500,46.0
67750,46.0
68000,44.4
68250,45.2
68500,48.0
68750,44.0
69000,45.2
69250,46.800000000000004
69500,44.800000000000004
69750,44.0
70000,43.2
70250,41.6
70500,44.0
70750,42.8
71000,46.800000000000004
71250,44.0
71500,42.4
71750,45.6
72000,46.0
72250,46.0
72500,44.0
72750,46.800000000000004
73000,43.6
73250,44.0
73500,44.0
73750,45.6
74000,48.0
74250,44.4
74500,45.6
74750,45.6
75000,44.800000000000004
75250,47.199999999999996
75500,45.2
75750,42.8
76000,44.0
76250,46.400000000000006
76500,45.6
76750,45.6
77000,43.6
77250,46.0
77500,44.4
77750,44.800000000000004
78000,45.2
78250,46.800000000000004
78500,47.599999999999994
78750,45.6
79000,46.800000000000004
79250,45.6
79500,47.199999999999996
79750,45.2
80000,46.800000000000004
80250,47.599999999999994
80500,46.0
80750,46.400000000000006
81000,46.0
81250,43.2
81500,44.800000000000004
81750,46.0
82000,46.400000000000006
82250,44.800000000000004
82500,45.6
82750,44.4
83000,44.0
83250,44.800000000000004
83500,46.400000000000006
83750,46.800000000000004
84000,44.0
84250,44.800000000000004
84500,48.4
84750,44.4
85000,42.0
85250,41.6
85500,44.800000000000004
85750,45.2
86000,43.2
86250,48.4
86500,44.0
86750,43.6
87000,40.400000000000006
87250,45.6
87500,41.199999999999996
87750,43.2
88000,43.2
88250,45.2
88500,43.2
88750,44.0
89000,44.4
89250,46.800000000000004
89500,47.599999999999994
89750,45.6
90000,44.800000000000004
90250,46.800000000000004
90500,46.0
90750,47.199999999999996
91000,48.0
91250,46.400000000000006
91500,44.0
91750,44.4
92000,46.400000000000006
92250,40.8
92500,45.2
92750,45.2
93000,44.0
93250,43.6
93500,44.4
93750,46.400000000000006
94000,46.800000000000004
94250,48.0
94500,46.400000000000006
94750,45.2
95000,45.6
95250,44.800000000000004
95500,44.800000000000004
95750,48.0
96000,44.0
96250,44.800000000000004
96500,44.0
96750,45.6
97000,43.6
97250,44.0
97500,43.6
97750,46.0
98000,44.4
98250,46.0
98500,47.599999999999994
98750,43.2
99000,45.2
99250,44.800000000000004
99500,45.6
99750,47.199999999999996
