250,21.2
500,41.6
750,48.8
1000,49.6
1250,52.0
1500,51.2
1750,51.6
2000,52.800000000000004
2250,52.800000000000004
2500,52.400000000000006
2750,50.8
3000,50.8
3250,50.0
3500,50.8
3750,50.8
4000,50.8
4250,51.6
4500,50.4
4750,52.0
5000,50.4
5250,51.2
5500,51.6
5750,50.8
6000,51.6
6250,50.4
6500,50.8
6750,50.0
7000,51.2
7250,50.8
7500,50.4
7750,50.4
8000,52.400000000000006
8250,51.6
8500,50.8
8750,50.0
9000,50.4
9250,51.2
9500,50.0
9750,50.0
10000,51.2
10250,51.2
10500,50.4
10750,51.2
11000,50.8
11250,51.2
11500,51.6
11750,53.6
12000,50.0
12250,51.2
12500,50.8
12750,51.2
13000,51.6
13250,51.2
13500,51.6
13750,50.8
14000,52.400000000000006
14250,52.400000000000006
14500,52.400000000000006
14750,51.6
15000,50.8
15250,52.400000000000006
15500,51.6
15750,51.2
16000,52.0
16250,50.4
16500,51.6
16750,50.0
17000,50.8
17250,51.6
17500,51.2
17750,50.4
18000,50.8
18250,51.6
18500,51.6
18750,50.8
19000,50.4
19250,52.0
19500,52.0
19750,50.8
20000,51.6
20250,51.2
20500,50.4
20750,50.8
21000,50.8
21250,51.6
21500,51.6
21750,51.2
22000,50.8
22250,51.6
22500,50.8
22750,50.8
23000,51.2
23250,51.2
23500,50.8
23750,52.400000000000006
24000,51.2
24250,51.6
24500,51.2
24750,50.8
25000,52.0
25250,52.800000000000004
25500,50.0
25750,50.8
26000,51.2
26250,50.8
26500,50.4
26750,52.0
27000,52.400000000000006
27250,53.2
27500,50.8
27750,50.8
28000,51.6
28250,51.2
28500,50.4
28750,51.2
29000,50.8
29250,50.4
29500,50.8
29750,52.0
30000,50.8
30250,51.6
30500,52.800000000000004
30750,52.0
31000,50.8
31250,50.0
31500,51.6
31750,52.400000000000006
32000,51.6
32250,51.2
32500,52.0
32750,52.0
33000,51.6
33250,52.0
33500,51.6
33750,51.6
34000,50.8
34250,51.2
34500,52.0
34750,52.0
35000,51.6
35250,50.8
35500,51.6
35750,50.8
36000,51.2
36250,52.800000000000004
36500,50.8
36750,51.2
37000,51.2
37250,51.6
37500,52.0
37750,52.400000000000006
38000,52.0
38250,51.2
38500,50.4
38750,50.8
39000,50.8
39250,51.6
39500,51.6
39750,50.8
40000,50.8
40250,50.0
40500,52.0
40750,50.4
41000,50.4
41250,52.400000000000006
41500,52.400000000000006
41750,53.6
42000,52.400000000000006
42250,50.8
42500,51.2
42750,52.0
43000,51.6
43250,52.400000000000006
43500,52.400000000000006
43750,52.400000000000006
44000,50.8
44250,51.2
44500,50.8
44750,51.2
45000,51.2
45250,51.2
45500,52.0
45750,50.8
46000,51.2
46250,51.6
46500,50.8
46750,51.6
47000,50.8
47250,50.8
47500,50.4
47750,51.6
48000,50.8
48250,50.0
48500,50.4
48750,51.2
49000,50.8
49250,50.4
49500,52.400000000000006
49750,50.8
50000,50.4
50250,51.2
50500,50.8
50750,51.2
51000,52.400000000000006
51250,50.0
51500,50.4
51750,52.800000000000004
52000,51.2
52250,52.0
52500,50.8
52750,52.0
53000,53.6
53250,51.2
53500,52.0
53750,51.6
54000,51.6
54250,50.0
54500,51.6
54750,51.2
55000,52.0
55250,51.2
55500,51.6
55750,50.4
56000,51.2
56250,50.8
56500,51.6
56750,51.6
57000,52.800000000000004
57250,51.6
57500,50.8
57750,50.8
58000,50.8
58250,53.2
58500,52.400000000000006
58750,52.0
59000,51.6
59250,52.0
59500,52.0
59750,51.2
60000,51.2
60250,52.0
60500,50.8
60750,52.400000000000006
61000,53.2
61250,51.2
61500,50.4
61750,51.2
62000,52.0
62250,52.0
62500,52.400000000000006
62750,53.2
63000,50.4
63250,52.0
63500,52.400000000000006
63750,50.8
64000,50.4
64250,50.8
64500,50.4
64750,50.0
65000,51.2
65250,51.6
65500,51.2
65750,50.8
66000,50.8
66250,50.8
66500,51.2
66750,52.0
67000,51.6
67250,50.4
67500,52.800000000000004
67750,51.2
68000,50.8
68250,50.4
68500,51.6
68750,52.0
69000,50.8
69250,51.6
69500,50.8
69750,52.400000000000006
70000,50.8
70250,53.6
70500,51.2
70750,52.800000000000004
71000,50.8
71250,50.8
71500,51.6
71750,51.2
72000,52.400000000000006
72250,50.8
72500,50.8
72750,51.6
73000,52.0
73250,50.0
73500,52.800000000000004
73750,50.8
74000,52.0
74250,51.6
74500,51.6
74750,50.4
75000,51.2
75250,51.2
75500,50.8
75750,50.8
76000,50.4
76250,50.0
76500,51.2
76750,50.4
77000,51.2
77250,50.4
77500,51.6
77750,52.0
78000,50.8
78250,51.6
78500,51.2
78750,52.0
79000,51.2
79250,51.2
79500,50.0
79750,51.2
80000,51.6
80250,51.6
80500,51.2
80750,50.8
81000,51.6
81250,51.2
81500,51.2
81750,52.800000000000004
82000,50.4
82250,50.4
82500,51.2
82750,50.4
83000,52.400000000000006
83250,51.2
83500,51.2
83750,50.8
84000,52.0
84250,50.8
84500,52.800000000000004
84750,52.400000000000006
85000,51.2
85250,51.2
85500,50.8
85750,50.8
86000,52.800000000000004
86250,52.0
86500,50.8
86750,51.2
87000,51.2
87250,50.4
87500,51.2
87750,50.8
88000,51.2
88250,50.8
88500,51.2
88750,50.4
89000,50.4
89250,51.6
89500,50.8
89750,50.8
90000,50.4
90250,52.0
90500,50.8
90750,51.2
91000,51.2
91250,52.800000000000004
91500,51.2
91750,51.2
92000,52.0
92250,51.6
92500,50.8
92750,51.2
93000,50.8
93250,52.400000000000006
93500,50.0
93750,51.2
94000,51.6
94250,51.6
94500,50.8
94750,50.4
95000,51.6
95250,50.4
95500,50.8
95750,51.6
96000,50.0
96250,52.0
96500,50.4
96750,51.6
97000,52.0
97250,51.6
97500,51.6
97750,51.6
98000,51.6
98250,51.2
98500,52.400000000000006
98750,51.2
99000,50.0
99250,50.8
99500,51.2
99750,51.2
