250,21.2
500,41.6
750,50.0
1000,50.4
1250,52.800000000000004
1500,51.6
1750,53.2
2000,54.0
2250,52.800000000000004
2500,52.400000000000006
2750,51.2
3000,52.0
3250,50.0
3500,51.2
3750,51.2
4000,51.2
4250,52.0
4500,51.6
4750,52.0
5000,51.2
5250,51.6
5500,52.0
5750,50.8
6000,52.0
6250,50.8
6500,51.2
6750,50.4
7000,51.2
7250,50.8
7500,51.2
7750,51.6
8000,52.800000000000004
8250,51.6
8500,50.8
8750,50.8
9000,50.4
9250,51.6
9500,50.4
9750,50.4
10000,51.2
10250,51.6
10500,50.8
10750,51.2
11000,50.8
11250,52.400000000000006
11500,52.400000000000006
11750,54.400000000000006
12000,50.4
12250,51.2
12500,51.6
12750,51.2
13000,52.0
13250,52.400000000000006
13500,52.800000000000004
13750,51.6
14000,53.2
14250,53.6
14500,53.2
14750,52.400000000000006
15000,50.8
15250,52.800000000000004
15500,52.0
15750,52.0
16000,52.400000000000006
16250,51.2
16500,51.6
16750,50.0
17000,51.6
17250,52.0
17500,52.800000000000004
17750,50.4
18000,50.8
18250,51.6
18500,52.800000000000004
18750,50.8
19000,50.8
19250,52.400000000000006
19500,52.400000000000006
19750,51.2
20000,51.6
20250,51.6
20500,50.4
20750,50.8
21000,50.8
21250,52.0
21500,51.6
21750,52.0
22000,51.2
22250,52.0
22500,52.0
22750,50.8
23000,52.400000000000006
23250,52.0
23500,52.0
23750,53.2
24000,52.0
24250,52.800000000000004
24500,51.6
24750,50.8
25000,52.400000000000006
25250,53.6
25500,50.0
25750,51.2
26000,51.6
26250,51.2
26500,50.8
26750,52.400000000000006
27000,52.400000000000006
27250,53.6
27500,51.2
27750,51.6
28000,52.400000000000006
28250,51.6
28500,50.8
28750,51.6
29000,50.8
29250,52.0
29500,51.6
29750,52.0
30000,51.6
30250,52.400000000000006
30500,52.800000000000004
30750,52.400000000000006
31000,51.6
31250,50.8
31500,52.800000000000004
31750,52.400000000000006
32000,52.0
32250,52.0
32500,52.800000000000004
32750,52.0
33000,52.400000000000006
33250,52.400000000000006
33500,52.0
33750,51.6
34000,50.8
34250,51.6
34500,52.400000000000006
34750,52.400000000000006
35000,51.6
35250,50.8
35500,52.0
35750,51.6
36000,51.6
36250,54.0
36500,50.8
36750,51.6
37000,52.400000000000006
37250,52.0
37500,52.0
37750,53.2
38000,52.800000000000004
38250,51.6
38500,51.2
38750,51.2
39000,51.2
39250,53.6
39500,52.400000000000006
39750,51.6
40000,51.2
40250,50.4
40500,52.800000000000004
40750,51.6
41000,51.2
41250,52.800000000000004
41500,52.800000000000004
41750,54.400000000000006
42000,52.800000000000004
42250,51.6
42500,51.6
42750,52.0
43000,53.2
43250,53.2
43500,53.2
43750,52.400000000000006
44000,50.8
44250,51.2
44500,51.2
44750,52.400000000000006
45000,51.6
45250,51.6
45500,52.0
45750,50.8
46000,51.6
46250,52.800000000000004
46500,52.0
46750,52.0
47000,51.6
47250,51.2
47500,50.8
47750,52.0
48000,51.6
48250,50.8
48500,50.8
48750,52.0
49000,51.2
49250,50.8
49500,52.800000000000004
49750,51.6
50000,50.8
50250,52.400000000000006
50500,50.8
50750,51.6
51000,52.800000000000004
51250,50.0
51500,50.8
51750,54.0
52000,52.400000000000006
52250,52.0
52500,51.2
52750,52.800000000000004
53000,53.6
53250,52.400000000000006
53500,52.800000000000004
53750,52.0
54000,51.6
54250,51.6
54500,51.6
54750,51.6
55000,53.2
55250,51.2
55500,52.800000000000004
55750,50.4
56000,52.800000000000004
56250,51.2
56500,52.400000000000006
56750,52.400000000000006
57000,53.2
57250,53.2
57500,50.8
57750,52.0
58000,51.2
58250,53.2
58500,53.2
58750,52.800000000000004
59000,52.400000000000006
59250,53.2
59500,52.0
59750,51.2
60000,51.6
60250,52.0
60500,50.8
60750,53.2
61000,53.2
61250,51.6
61500,50.8
61750,52.0
62000,52.400000000000006
62250,52.800000000000004
62500,52.400000000000006
62750,53.2
63000,51.6
63250,53.6
63500,52.400000000000006
63750,51.6
64000,50.8
64250,51.2
64500,51.6
64750,50.4
65000,51.2
65250,52.0
65500,51.6
65750,52.0
66000,51.2
66250,51.2
66500,51.2
66750,53.2
67000,52.0
67250,51.2
67500,52.800000000000004
67750,52.0
68000,51.2
68250,50.8
68500,52.0
68750,52.0
69000,51.2
69250,51.6
69500,52.0
69750,52.400000000000006
70000,51.2
70250,54.0
70500,51.6
70750,53.2
71000,50.8
71250,51.2
71500,52.800000000000004
71750,52.0
72000,52.400000000000006
72250,52.0
72500,51.6
72750,53.2
73000,52.800000000000004
73250,50.0
73500,54.0
73750,50.8
74000,52.800000000000004
74250,52.0
74500,51.6
74750,50.4
75000,51.6
75250,52.0
75500,51.2
75750,51.6
76000,50.8
76250,50.8
76500,52.800000000000004
76750,50.8
77000,52.0
77250,51.2
77500,51.6
77750,52.800000000000004
78000,50.8
78250,51.6
78500,51.6
78750,53.2
79000,52.400000000000006
79250,51.6
79500,50.4
79750,52.800000000000004
80000,52.0
80250,51.6
80500,51.2
80750,51.6
81000,52.400000000000006
81250,51.6
81500,51.6
81750,53.2
82000,50.4
82250,50.4
82500,51.6
82750,50.4
83000,52.800000000000004
83250,51.6
83500,51.6
83750,51.2
84000,52.400000000000006
84250,51.6
84500,52.800000000000004
84750,52.800000000000004
85000,51.6
85250,51.6
85500,50.8
85750,51.6
86000,53.6
86250,52.800000000000004
86500,51.2
86750,51.2
87000,51.2
87250,51.2
87500,52.400000000000006
87750,51.2
88000,52.400000000000006
88250,51.2
88500,52.0
88750,50.8
89000,51.6
89250,51.6
89500,51.2
89750,51.2
90000,50.4
90250,52.0
90500,51.2
90750,52.0
91000,51.6
91250,53.2
91500,52.0
91750,51.6
92000,53.2
92250,52.400000000000006
92500,51.2
92750,52.0
93000,52.0
93250,53.2
93500,50.0
93750,51.6
94000,51.6
94250,52.400000000000006
94500,50.8
94750,50.4
95000,52.400000000000006
95250,51.2
95500,51.6
95750,51.6
96000,50.8
96250,52.0
96500,50.8
96750,52.0
97000,52.0
97250,52.0
97500,52.400000000000006
97750,52.400000000000006
98000,52.400000000000006
98250,51.2
98500,52.400000000000006
98750,52.800000000000004
99000,50.4
99250,51.6
99500,51.2
99750,52.0
