250,20.8
500,33.6
750,44.0
1000,47.599999999999994
1250,49.2
1500,50.0
1750,49.2
2000,50.4
2250,50.4
2500,50.4
2750,50.0
3000,49.2
3250,50.0
3500,50.4
3750,50.4
4000,50.4
4250,50.4
4500,50.0
4750,50.8
5000,50.0
5250,50.8
5500,50.8
5750,50.0
6000,50.4
6250,50.0
6500,50.0
6750,50.0
7000,50.8
7250,50.4
7500,50.4
7750,50.4
8000,50.8
8250,50.4
8500,50.0
8750,50.0
9000,50.0
9250,50.4
9500,50.0
9750,50.0
10000,50.0
10250,50.4
10500,50.4
10750,50.0
11000,50.4
11250,50.4
11500,50.4
11750,50.4
12000,50.0
12250,50.8
12500,50.4
12750,50.0
13000,50.4
13250,50.4
13500,50.4
13750,50.0
14000,50.4
14250,50.8
14500,49.6
14750,50.8
15000,50.4
15250,50.0
15500,50.0
15750,50.4
16000,50.0
16250,50.4
16500,50.4
16750,50.0
17000,50.4
17250,50.4
17500,50.0
17750,50.4
18000,50.4
18250,50.4
18500,50.4
18750,50.4
19000,50.0
19250,50.4
19500,50.4
19750,50.0
20000,50.8
20250,50.4
20500,50.4
20750,50.4
21000,50.4
21250,50.8
21500,50.8
21750,50.4
22000,50.0
22250,49.6
22500,49.2
22750,50.0
23000,50.4
23250,50.8
23500,50.0
23750,50.0
24000,50.0
24250,50.8
24500,50.0
24750,50.4
25000,50.4
25250,50.8
25500,49.6
25750,50.0
26000,50.0
26250,50.0
26500,50.0
26750,50.4
27000,50.8
27250,50.4
27500,50.4
27750,50.0
28000,50.4
28250,50.0
28500,50.4
28750,50.0
29000,50.4
29250,50.0
29500,50.0
29750,51.2
30000,50.0
30250,50.4
30500,51.2
30750,50.0
31000,50.0
31250,50.0
31500,50.8
31750,50.4
32000,50.0
32250,50.0
32500,50.4
32750,50.0
33000,50.4
33250,50.4
33500,50.0
33750,50.0
34000,50.0
34250,50.4
34500,50.8
34750,50.8
35000,50.4
35250,50.0
35500,49.2
35750,50.4
36000,50.0
36250,50.4
36500,50.0
36750,50.8
37000,50.4
37250,50.8
37500,50.4
37750,50.4
38000,50.4
38250,50.0
38500,50.0
38750,50.4
39000,50.4
39250,50.0
39500,50.8
39750,50.4
40000,50.0
40250,50.0
40500,50.0
40750,50.0
41000,50.4
41250,50.4
41500,50.8
41750,49.6
42000,50.8
42250,50.0
42500,50.0
42750,50.0
43000,51.2
43250,50.4
43500,50.4
43750,51.2
44000,50.0
44250,50.0
44500,50.0
44750,50.0
45000,51.2
45250,50.4
45500,50.4
45750,50.4
46000,49.6
46250,51.2
46500,50.0
46750,50.0
47000,50.4
47250,50.4
47500,50.0
47750,50.0
48000,50.0
48250,50.0
48500,50.4
48750,50.8
49000,50.4
49250,50.4
49500,50.4
49750,50.0
50000,50.0
50250,50.4
50500,50.0
50750,50.0
51000,50.4
51250,50.0
51500,50.0
51750,50.4
52000,50.0
52250,50.4
52500,50.4
52750,50.8
53000,50.0
53250,50.0
53500,51.6
53750,50.0
54000,50.0
54250,50.0
54500,50.8
54750,50.0
55000,50.0
55250,50.0
55500,50.0
55750,50.0
56000,50.4
56250,50.0
56500,50.4
56750,50.0
57000,50.8
57250,50.4
57500,50.4
57750,50.0
58000,50.0
58250,50.8
58500,50.8
58750,50.0
59000,50.0
59250,50.0
59500,50.8
59750,50.8
60000,50.4
60250,50.0
60500,50.0
60750,51.6
61000,50.4
61250,50.4
61500,50.0
61750,50.8
62000,50.4
62250,51.2
62500,50.4
62750,50.0
63000,50.0
63250,50.4
63500,50.4
63750,50.0
64000,50.0
64250,50.0
64500,50.4
64750,50.0
65000,50.4
65250,50.0
65500,50.0
65750,50.0
66000,50.4
66250,50.0
66500,50.8
66750,50.4
67000,50.8
67250,50.0
67500,50.4
67750,50.4
68000,50.8
68250,50.4
68500,50.4
68750,50.4
69000,50.4
69250,50.0
69500,50.4
69750,50.8
70000,50.0
70250,51.6
70500,50.4
70750,50.0
71000,50.0
71250,50.4
71500,50.4
71750,50.4
72000,50.4
72250,49.6
72500,50.0
72750,50.4
73000,50.0
73250,50.0
73500,50.4
73750,50.0
74000,51.2
74250,50.0
74500,50.0
74750,50.0
75000,50.4
75250,50.4
75500,50.8
75750,50.4
76000,50.4
76250,50.0
76500,50.4
76750,50.0
77000,50.4
77250,50.0
77500,50.0
77750,51.2
78000,50.0
78250,49.6
78500,50.0
78750,50.0
79000,50.0
79250,50.4
79500,50.0
79750,50.0
80000,50.4
80250,50.8
80500,50.0
80750,50.4
81000,50.4
81250,50.8
81500,50.4
81750,51.6
82000,50.0
82250,50.0
82500,51.2
82750,50.0
83000,50.0
83250,50.0
83500,50.0
83750,50.0
84000,50.4
84250,50.0
84500,50.8
84750,50.0
85000,50.8
85250,50.4
85500,50.0
85750,50.0
86000,51.2
86250,50.4
86500,50.4
86750,50.4
87000,50.8
87250,50.4
87500,50.0
87750,50.0
88000,50.4
88250,50.0
88500,50.4
88750,50.0
89000,50.0
89250,50.0
89500,50.0
89750,50.0
90000,50.0
90250,50.4
90500,50.0
90750,50.4
91000,50.8
91250,50.0
91500,50.0
91750,50.0
92000,51.2
92250,50.4
92500,50.4
92750,50.0
93000,50.4
93250,50.4
93500,50.0
93750,50.8
94000,50.4
94250,50.0
94500,50.4
94750,50.0
95000,50.4
95250,50.0
95500,50.4
95750,50.0
96000,50.0
96250,50.4
96500,49.2
96750,50.4
97000,50.4
97250,50.8
97500,50.0
97750,50.8
98000,50.0
98250,50.4
98500,51.6
98750,50.4
99000,50.0
99250,50.0
99500,50.0
99750,50.0
