250,14.799999999999999
500,18.4
750,19.6
1000,20.4
1250,18.0
1500,16.0
1750,14.399999999999999
2000,16.8
2250,20.0
2500,16.8
2750,21.6
3000,20.0
3250,18.8
3500,17.2
3750,20.4
4000,16.8
4250,19.6
4500,21.2
4750,16.400000000000002
5000,18.0
5250,18.8
5500,19.6
5750,17.2
6000,15.2
6250,19.6
6500,18.0
6750,16.400000000000002
7000,16.8
7250,17.2
7500,16.0
7750,18.4
8000,18.4
8250,19.6
8500,17.2
8750,22.0
9000,22.0
9250,18.0
9500,19.6
9750,20.0
10000,16.0
10250,19.2
10500,16.8
10750,18.4
11000,19.6
11250,15.6
11500,16.0
11750,16.8
12000,19.6
12250,19.6
12500,21.6
12750,18.4
13000,16.8
13250,16.400000000000002
13500,19.6
13750,20.4
14000,19.2
14250,17.2
14500,15.2
14750,17.599999999999998
15000,18.8
15250,14.000000000000002
15500,18.0
15750,20.8
16000,19.2
16250,16.8
16500,16.8
16750,15.2
17000,17.599999999999998
17250,18.4
17500,19.2
17750,19.2
18000,17.2
18250,18.0
18500,17.2
18750,23.599999999999998
19000,16.400000000000002
19250,21.2
19500,17.599999999999998
19750,14.799999999999999
20000,16.0
20250,16.400000000000002
20500,20.8
20750,15.6
21000,17.2
21250,18.4
21500,18.0
21750,16.400000000000002
22000,23.200000000000003
22250,18.4
22500,15.6
22750,18.8
23000,21.2
23250,17.599999999999998
23500,19.2
23750,17.599999999999998
24000,20.0
24250,15.6
24500,17.599999999999998
24750,16.8
25000,18.4
25250,15.6
25500,21.6
25750,18.0
26000,18.4
26250,22.8
26500,20.0
26750,18.0
27000,18.8
27250,20.8
27500,20.4
27750,21.6
28000,18.4
28250,17.2
28500,19.6
28750,17.599999999999998
29000,18.4
29250,20.4
29500,14.799999999999999
29750,19.2
30000,14.799999999999999
30250,16.8
30500,16.0
30750,21.6
31000,16.0
31250,18.8
31500,19.6
31750,22.400000000000002
32000,17.599999999999998
32250,15.6
32500,15.6
32750,16.0
33000,22.0
33250,17.599999999999998
33500,20.0
33750,20.8
34000,16.400000000000002
34250,14.799999999999999
34500,16.400000000000002
34750,20.4
35000,18.8
35250,22.400000000000002
35500,16.400000000000002
35750,16.400000000000002
36000,17.2
36250,14.799999999999999
36500,15.6
36750,15.2
37000,20.4
37250,18.0
37500,18.8
37750,17.599999999999998
38000,18.8
38250,21.2
38500,16.400000000000002
38750,14.799999999999999
39000,16.400000000000002
39250,16.0
39500,18.8
39750,17.2
40000,18.8
40250,19.6
40500,19.2
40750,16.0
41000,20.0
41250,18.8
41500,17.599999999999998
41750,17.599999999999998
42000,18.8
42250,15.6
42500,16.400000000000002
42750,20.0
43000,18.4
43250,15.2
43500,17.2
43750,16.8
44000,17.599999999999998
44250,19.6
44500,18.0
44750,19.6
45000,14.000000000000002
45250,20.8
45500,15.2
45750,16.0
46000,16.8
46250,19.2
46500,20.0
46750,18.4
47000,18.4
47250,18.4
47500,18.8
47750,19.2
48000,19.6
48250,16.8
48500,16.8
48750,18.8
49000,16.0
49250,21.6
49500,17.2
49750,17.599999999999998
50000,18.4
50250,17.599999999999998
50500,20.0
50750,17.2
51000,17.2
51250,17.2
51500,18.4
51750,21.2
52000,18.0
52250,22.400000000000002
52500,18.4
52750,16.400000000000002
53000,18.4
53250,18.8
53500,15.6
53750,18.0
54000,16.0
54250,15.6
54500,18.8
54750,16.400000000000002
55000,19.6
55250,16.0
55500,20.0
55750,16.0
56000,15.2
56250,18.4
56500,18.8
56750,20.4
57000,21.6
57250,16.0
57500,18.0
57750,17.2
58000,18.8
58250,16.0
58500,19.2
58750,20.8
59000,20.4
59250,15.2
59500,19.6
59750,17.599999999999998
60000,22.400000000000002
60250,18.0
60500,17.599999999999998
60750,19.6
61000,18.4
61250,16.0
61500,19.6
61750,14.799999999999999
62000,14.000000000000002
62250,21.6
62500,22.8
62750,20.0
63000,17.599999999999998
63250,18.0
63500,15.2
63750,16.8
64000,15.6
64250,17.2
64500,14.399999999999999
64750,17.2
65000,21.6
65250,24.4
65500,19.6
65750,14.399999999999999
66000,19.2
66250,22.0
66500,16.0
66750,20.8
67000,18.8
67250,18.0
67500,20.8
67750,19.2
68000,15.2
68250,20.4
68500,17.2
68750,20.0
69000,17.599999999999998
69250,19.6
69500,15.6
69750,15.2
70000,18.0
70250,16.400000000000002
70500,20.0
70750,18.0
71000,16.8
71250,21.2
71500,17.599999999999998
71750,20.8
72000,18.4
72250,17.599999999999998
72500,16.0
72750,17.599999999999998
73000,18.4
73250,20.8
73500,19.2
73750,16.8
74000,18.4
74250,22.8
74500,17.599999999999998
74750,20.0
75000,17.2
75250,16.0
75500,16.0
75750,18.8
76000,14.799999999999999
76250,19.6
76500,17.599999999999998
76750,16.8
77000,17.599999999999998
77250,21.6
77500,16.400000000000002
77750,21.2
78000,16.8
78250,18.8
78500,18.0
78750,19.2
79000,16.8
79250,18.0
79500,15.2
79750,16.0
80000,17.2
80250,16.400000000000002
80500,18.4
80750,14.000000000000002
81000,19.2
81250,17.599999999999998
81500,20.4
81750,17.2
82000,14.799999999999999
82250,18.4
82500,21.6
82750,17.2
83000,18.4
83250,16.400000000000002
83500,16.0
83750,20.4
84000,18.0
84250,18.4
84500,18.4
84750,20.4
85000,20.0
85250,17.599999999999998
85500,18.0
85750,18.4
86000,18.0
86250,21.6
86500,19.2
86750,22.400000000000002
87000,14.799999999999999
87250,18.4
87500,16.0
87750,16.8
88000,19.6
88250,19.2
88500,16.8
88750,17.599999999999998
89000,16.400000000000002
89250,20.4
89500,20.0
89750,18.8
90000,14.799999999999999
90250,18.4
90500,18.0
90750,16.8
91000,19.6
91250,19.2
91500,20.0
91750,16.8
92000,19.6
92250,20.8
92500,20.8
92750,15.6
93000,20.0
93250,22.0
93500,18.0
93750,18.0
94000,15.6
94250,17.599999999999998
94500,18.0
94750,16.8
95000,14.799999999999999
95250,18.8
95500,22.400000000000002
95750,20.4
96000,15.6
96250,20.8
96500,14.799999999999999
96750,17.599999999999998
97000,16.8
97250,15.2
97500,19.2
97750,17.599999999999998
98000,18.4
98250,19.2
98500,15.6
98750,18.4
99000,16.8
99250,16.8
99500,18.0
99750,15.2
