250,21.2
500,40.8
750,46.800000000000004
1000,45.2
1250,46.800000000000004
1500,44.800000000000004
1750,46.0
2000,46.0
2250,48.0
2500,45.6
2750,45.6
3000,46.800000000000004
3250,45.6
3500,43.6
3750,44.0
4000,48.4
4250,47.599999999999994
4500,42.8
4750,45.2
5000,44.800000000000004
5250,43.6
5500,44.0
5750,46.400000000000006
6000,44.4
6250,44.0
6500,45.6
6750,43.2
7000,45.6
7250,45.6
7500,47.199999999999996
7750,44.800000000000004
8000,45.2
8250,45.2
8500,44.800000000000004
8750,44.0
9000,44.4
9250,44.0
9500,47.599999999999994
9750,44.0
10000,44.4
10250,46.0
10500,44.0
10750,44.4
11000,46.0
11250,43.6
11500,47.199999999999996
11750,43.2
12000,44.800000000000004
12250,44.4
12500,44.800000000000004
12750,45.2
13000,45.2
13250,47.199999999999996
13500,46.400000000000006
13750,44.4
14000,46.400000000000006
14250,42.4
14500,45.6
14750,48.4
15000,46.0
15250,46.0
15500,43.2
15750,45.6
16000,44.4
16250,47.199999999999996
16500,46.800000000000004
16750,45.6
17000,45.6
17250,45.6
17500,42.4
17750,43.2
18000,45.2
18250,46.0
18500,45.2
18750,46.400000000000006
19000,44.4
19250,48.0
19500,42.0
19750,42.0
20000,46.800000000000004
20250,47.199999999999996
20500,44.800000000000004
20750,45.2
21000,46.0
21250,45.6
21500,45.6
21750,48.0
22000,46.400000000000006
22250,44.4
22500,42.8
22750,44.800000000000004
23000,44.800000000000004
23250,44.800000000000004
23500,42.0
23750,44.800000000000004
24000,45.6
24250,45.6
24500,46.0
24750,44.4
25000,46.0
25250,45.6
25500,46.400000000000006
25750,44.0
26000,44.4
26250,46.0
26500,45.2
26750,44.800000000000004
27000,44.800000000000004
27250,44.0
27500,45.2
27750,44.800000000000004
28000,44.0
28250,44.0
28500,45.2
28750,44.4
29000,45.6
29250,45.2
29500,45.2
29750,47.199999999999996
30000,42.0
30250,46.400000000000006
30500,46.0
30750,45.2
31000,44.0
31250,43.2
31500,46.800000000000004
31750,44.4
32000,45.2
32250,45.6
32500,44.0
32750,44.800000000000004
33000,45.6
33250,42.4
33500,44.800000000000004
33750,44.800000000000004
34000,45.2
34250,46.400000000000006
34500,44.800000000000004
34750,46.0
35000,46.800000000000004
35250,44.4
35500,44.4
35750,47.199999999999996
36000,43.6
36250,44.4
36500,45.2
36750,45.6
37000,45.6
37250,44.800000000000004
37500,42.8
37750,46.800000000000004
38000,44.800000000000004
38250,43.6
38500,44.800000000000004
38750,45.2
39000,44.800000000000004
39250,46.800000000000004
39500,42.0
39750,44.0
40000,44.800000000000004
40250,42.8
40500,43.6
40750,44.800000000000004
41000,47.599999999999994
41250,46.400000000000006
41500,46.800000000000004
41750,43.2
42000,45.6
42250,46.400000000000006
42500,44.0
42750,45.6
43000,44.4
43250,48.0
43500,46.400000000000006
43750,47.599999999999994
44000,44.4
44250,44.800000000000004
44500,46.800000000000004
44750,44.0
45000,45.2
45250,45.6
45500,43.6
45750,47.199999999999996
46000,49.2
46250,46.0
46500,46.400000000000006
46750,47.199999999999996
47000,47.599999999999994
47250,47.199999999999996
47500,42.4
47750,44.4
48000,46.0
48250,44.4
48500,48.4
48750,48.4
49000,46.800000000000004
49250,47.199999999999996
49500,44.4
49750,43.6
50000,46.800000000000004
50250,44.800000000000004
50500,44.0
50750,46.400000000000006
51000,44.4
51250,44.4
51500,44.4
51750,44.800000000000004
52000,45.6
52250,47.199999999999996
52500,46.400000000000006
52750,44.800000000000004
53000,45.6
53250,45.2
53500,46.0
53750,45.6
54000,46.800000000000004
54250,46.0
54500,44.0
54750,44.800000000000004
55000,44.4
55250,44.0
55500,45.2
55750,46.400000000000006
56000,45.6
56250,46.0
56500,44.800000000000004
56750,46.0
57000,44.4
57250,44.0
57500,45.6
57750,44.4
58000,45.2
58250,45.6
58500,46.800000000000004
58750,47.599999999999994
59000,44.4
59250,46.0
59500,44.4
59750,44.800000000000004
60000,46.400000000000006
60250,42.4
60500,47.599999999999994
60750,45.6
61000,44.4
61250,45.6
61500,45.6
61750,44.4
62000,44.800000000000004
62250,45.2
62500,44.4
62750,42.4
63000,43.2
63250,47.599999999999994
63500,46.0
63750,46.800000000000004
64000,43.6
64250,44.0
64500,43.2
64750,46.400000000000006
65000,44.4
65250,46.400000000000006
65500,44.4
65750,44.0
66000,44.4
66250,46.0
66500,43.2
66750,43.6
67000,45.6
67250,44.0
67500,44.800000000000004
67750,44.0
68000,45.6
68250,44.800000000000004
68500,44.4
68750,47.199999999999996
69000,44.800000000000004
69250,46.400000000000006
69500,45.2
69750,46.400000000000006
70000,44.800000000000004
70250,46.800000000000004
70500,43.2
70750,46.0
71000,44.0
71250,46.400000000000006
71500,45.6
71750,44.0
72000,45.6
72250,43.2
72500,44.800000000000004
72750,45.2
73000,44.0
73250,46.400000000000006
73500,44.800000000000004
73750,45.6
74000,46.0
74250,43.6
74500,45.2
74750,46.0
75000,42.4
75250,44.4
75500,46.0
75750,44.4
76000,43.6
76250,45.6
76500,44.4
76750,46.800000000000004
77000,46.800000000000004
77250,44.4
77500,44.0
77750,46.400000000000006
78000,46.800000000000004
78250,44.4
78500,45.6
78750,45.2
79000,43.2
79250,44.0
79500,46.0
79750,44.4
80000,45.6
80250,45.6
80500,44.4
80750,45.2
81000,44.800000000000004
81250,44.4
81500,48.0
81750,44.0
82000,45.2
82250,44.0
82500,46.0
82750,43.6
83000,47.199999999999996
83250,44.4
83500,44.800000000000004
83750,47.199999999999996
84000,44.4
84250,42.8
84500,47.599999999999994
84750,46.400000000000006
85000,46.800000000000004
85250,44.4
85500,44.0
85750,44.4
86000,43.2
86250,45.6
86500,44.800000000000004
86750,45.2
87000,43.2
87250,48.0
87500,44.4
87750,45.6
88000,46.0
88250,46.800000000000004
88500,47.599999999999994
88750,46.0
89000,45.2
89250,44.800000000000004
89500,44.4
89750,44.800000000000004
90000,44.0
90250,46.800000000000004
90500,44.4
90750,45.6
91000,46.0
91250,45.6
91500,44.800000000000004
91750,46.800000000000004
92000,46.0
92250,42.4
92500,45.6
92750,44.0
93000,46.0
93250,44.4
93500,45.6
93750,43.6
94000,46.400000000000006
94250,45.2
94500,45.2
94750,46.0
95000,44.800000000000004
95250,46.800000000000004
95500,46.0
95750,45.2
96000,44.800000000000004
96250,46.0
96500,45.2
96750,44.800000000000004
97000,44.4
97250,46.0
97500,46.400000000000006
97750,44.4
98000,42.8
98250,46.0
98500,48.4
98750,45.6
99000,45.2
99250,44.0
99500,45.2
99750,46.0
