250,20.0
500,30.8
750,32.800000000000004
1000,34.4
1250,30.0
1500,32.4
1750,30.0
2000,30.8
2250,35.6
2500,31.2
2750,34.4
3000,31.6
3250,32.800000000000004
3500,32.0
3750,32.4
4000,32.4
4250,34.8
4500,32.0
4750,27.200000000000003
5000,32.0
5250,30.8
5500,30.0
5750,32.4
6000,32.4
6250,32.800000000000004
6500,32.800000000000004
6750,28.799999999999997
7000,30.4
7250,30.8
7500,30.8
7750,31.6
8000,34.4
8250,34.4
8500,32.0
8750,32.4
9000,32.4
9250,28.4
9500,32.4
9750,33.2
10000,28.000000000000004
10250,33.2
10500,32.4
10750,30.0
11000,32.800000000000004
11250,29.2
11500,32.800000000000004
11750,30.0
12000,32.0
12250,32.0
12500,32.800000000000004
12750,30.8
13000,32.0
13250,29.2
13500,32.4
13750,31.2
14000,32.800000000000004
14250,32.0
14500,28.4
14750,33.2
15000,32.0
15250,33.6
15500,29.2
15750,32.800000000000004
16000,32.800000000000004
16250,31.6
16500,33.6
16750,32.0
17000,30.8
17250,32.0
17500,33.6
17750,30.4
18000,28.799999999999997
18250,34.8
18500,31.2
18750,32.0
19000,32.4
19250,35.6
19500,31.2
19750,28.000000000000004
20000,32.4
20250,31.2
20500,29.599999999999998
20750,31.6
21000,31.2
21250,33.6
21500,32.0
21750,33.2
22000,36.8
22250,33.2
22500,31.6
22750,31.6
23000,32.800000000000004
23250,32.0
23500,33.6
23750,31.2
24000,35.6
24250,27.6
24500,32.4
24750,30.4
25000,29.2
25250,31.6
25500,34.0
25750,33.2
26000,28.799999999999997
26250,34.8
26500,31.2
26750,29.599999999999998
27000,33.2
27250,31.2
27500,32.800000000000004
27750,34.4
28000,31.2
28250,32.800000000000004
28500,34.4
28750,30.0
29000,32.800000000000004
29250,33.2
29500,31.6
29750,34.8
30000,27.200000000000003
30250,32.800000000000004
30500,30.4
30750,34.0
31000,30.0
31250,31.2
31500,34.0
31750,33.6
32000,32.4
32250,32.0
32500,29.599999999999998
32750,34.8
33000,32.0
33250,29.599999999999998
33500,32.0
33750,31.2
34000,29.599999999999998
34250,32.800000000000004
34500,32.0
34750,33.2
35000,33.2
35250,34.0
35500,29.599999999999998
35750,33.6
36000,28.799999999999997
36250,29.2
36500,30.4
36750,31.2
37000,31.6
37250,30.0
37500,33.2
37750,33.2
38000,30.0
38250,33.6
38500,31.6
38750,32.800000000000004
39000,28.799999999999997
39250,32.4
39500,31.2
39750,30.4
40000,34.4
40250,32.4
40500,30.8
40750,28.4
41000,32.0
41250,30.4
41500,32.0
41750,30.4
42000,30.8
42250,32.800000000000004
42500,33.2
42750,34.8
43000,27.6
43250,31.2
43500,31.6
43750,33.6
44000,33.2
44250,30.8
44500,32.4
44750,31.6
45000,30.0
45250,32.4
45500,30.0
45750,30.8
46000,33.6
46250,32.0
46500,30.4
46750,31.2
47000,30.0
47250,33.2
47500,32.0
47750,31.6
48000,31.6
48250,27.200000000000003
48500,33.2
48750,30.8
49000,31.6
49250,33.6
49500,31.2
49750,32.800000000000004
50000,33.6
50250,32.800000000000004
50500,32.800000000000004
50750,31.6
51000,30.4
51250,32.0
51500,30.8
51750,30.4
52000,31.6
52250,34.8
52500,28.799999999999997
52750,31.6
53000,30.0
53250,30.8
53500,30.8
53750,31.2
54000,31.2
54250,32.4
54500,30.8
54750,31.6
55000,32.0
55250,28.4
55500,32.4
55750,32.4
56000,29.2
56250,31.6
56500,32.800000000000004
56750,33.6
57000,32.4
57250,32.0
57500,33.2
57750,32.0
58000,33.2
58250,31.2
58500,32.4
58750,33.2
59000,34.4
59250,31.6
59500,33.2
59750,32.0
60000,34.8
60250,27.6
60500,34.0
60750,31.2
61000,32.4
61250,34.0
61500,31.2
61750,28.799999999999997
62000,30.4
62250,31.2
62500,33.2
62750,31.6
63000,29.2
63250,31.2
63500,33.2
63750,33.2
64000,29.599999999999998
64250,32.0
64500,32.800000000000004
64750,32.0
65000,30.0
65250,34.8
65500,33.6
65750,31.6
66000,30.8
66250,34.4
66500,30.8
66750,33.2
67000,30.4
67250,30.0
67500,31.6
67750,32.4
68000,30.0
68250,33.6
68500,27.200000000000003
68750,32.4
69000,31.2
69250,34.0
69500,30.4
69750,29.2
70000,30.8
70250,33.2
70500,32.0
70750,30.0
71000,29.599999999999998
71250,33.6
71500,33.2
71750,30.4
72000,31.2
72250,33.6
72500,26.8
72750,32.0
73000,30.4
73250,36.0
73500,30.8
73750,32.0
74000,32.0
74250,32.800000000000004
74500,29.599999999999998
74750,35.199999999999996
75000,30.0
75250,32.800000000000004
75500,33.2
75750,31.2
76000,30.4
76250,30.8
76500,31.2
76750,31.2
77000,34.0
77250,34.0
77500,31.2
77750,30.8
78000,31.2
78250,33.2
78500,32.0
78750,34.0
79000,29.599999999999998
79250,28.000000000000004
79500,28.000000000000004
79750,29.599999999999998
80000,32.4
80250,32.800000000000004
80500,32.0
80750,30.4
81000,32.4
81250,31.2
81500,35.199999999999996
81750,30.4
82000,29.2
82250,30.0
82500,30.4
82750,28.4
83000,30.8
83250,27.6
83500,29.2
83750,33.2
84000,31.6
84250,30.8
84500,31.2
84750,33.2
85000,34.8
85250,32.0
85500,30.0
85750,32.0
86000,32.800000000000004
86250,35.199999999999996
86500,32.0
86750,35.6
87000,27.200000000000003
87250,34.4
87500,30.4
87750,31.2
88000,33.2
88250,34.4
88500,30.8
88750,32.800000000000004
89000,29.599999999999998
89250,31.2
89500,31.6
89750,29.2
90000,30.8
90250,32.800000000000004
90500,29.599999999999998
90750,31.2
91000,34.0
91250,32.800000000000004
91500,31.6
91750,34.0
92000,33.6
92250,30.0
92500,32.800000000000004
92750,31.6
93000,31.6
93250,31.2
93500,32.800000000000004
93750,31.6
94000,32.0
94250,31.6
94500,32.800000000000004
94750,33.6
95000,30.0
95250,30.8
95500,30.8
95750,32.0
96000,28.799999999999997
96250,34.0
96500,30.4
96750,32.0
97000,32.0
97250,29.599999999999998
97500,32.800000000000004
97750,30.8
98000,32.800000000000004
98250,31.6
98500,32.4
98750,31.2
99000,30.0
99250,32.4
99500,32.0
99750,34.0
