250,16.400000000000002
500,20.8
750,22.8
1000,23.599999999999998
1250,21.2
1500,22.400000000000002
1750,17.599999999999998
2000,19.2
2250,24.0
2500,21.6
2750,26.400000000000002
3000,24.8
3250,21.6
3500,22.400000000000002
3750,24.4
4000,22.400000000000002
4250,23.599999999999998
4500,24.8
4750,20.4
5000,22.0
5250,21.2
5500,21.6
5750,20.8
6000,21.2
6250,22.8
6500,22.0
6750,20.4
7000,18.8
7250,20.4
7500,19.6
7750,22.8
8000,23.200000000000003
8250,24.0
8500,19.6
8750,25.2
9000,24.4
9250,20.8
9500,24.0
9750,22.400000000000002
10000,20.0
10250,23.200000000000003
10500,20.4
10750,20.8
11000,24.4
11250,21.2
11500,22.0
11750,19.6
12000,23.599999999999998
12250,23.200000000000003
12500,23.200000000000003
12750,22.400000000000002
13000,20.8
13250,22.8
13500,23.200000000000003
13750,23.200000000000003
14000,22.8
14250,20.4
14500,17.599999999999998
14750,22.0
15000,22.0
15250,21.2
15500,22.0
15750,25.6
16000,22.0
16250,22.400000000000002
16500,22.0
16750,20.0
17000,21.6
17250,22.8
17500,23.200000000000003
17750,20.4
18000,20.4
18250,22.400000000000002
18500,20.8
18750,26.0
19000,20.8
19250,25.6
19500,20.8
19750,20.0
20000,21.2
20250,22.0
20500,22.8
20750,20.4
21000,20.8
21250,22.400000000000002
21500,21.2
21750,22.0
22000,26.400000000000002
22250,20.8
22500,18.8
22750,20.8
23000,25.2
23250,22.0
23500,22.400000000000002
23750,20.8
24000,22.8
24250,20.0
24500,20.8
24750,20.8
25000,21.6
25250,21.6
25500,24.4
25750,22.400000000000002
26000,20.0
26250,27.6
26500,24.4
26750,21.2
27000,22.400000000000002
27250,22.8
27500,23.599999999999998
27750,24.8
28000,21.6
28250,20.8
28500,23.200000000000003
28750,20.0
29000,22.0
29250,23.200000000000003
29500,18.4
29750,24.0
30000,18.8
30250,21.2
30500,19.6
30750,25.6
31000,21.2
31250,21.6
31500,24.0
31750,24.4
32000,22.8
32250,19.2
32500,21.2
32750,21.6
33000,26.400000000000002
33250,21.6
33500,24.8
33750,24.4
34000,20.4
34250,20.4
34500,20.4
34750,23.599999999999998
35000,21.2
35250,26.0
35500,18.0
35750,21.2
36000,19.2
36250,20.8
36500,20.8
36750,20.8
37000,23.599999999999998
37250,21.6
37500,23.200000000000003
37750,21.6
38000,22.400000000000002
38250,24.4
38500,20.0
38750,19.6
39000,18.8
39250,22.0
39500,22.8
39750,20.4
40000,22.0
40250,22.0
40500,21.6
40750,19.6
41000,22.0
41250,24.0
41500,22.400000000000002
41750,23.200000000000003
42000,20.0
42250,21.6
42500,21.2
42750,25.6
43000,21.6
43250,18.4
43500,20.8
43750,19.6
44000,20.8
44250,24.4
44500,21.6
44750,21.6
45000,19.2
45250,23.599999999999998
45500,18.8
45750,20.4
46000,21.6
46250,22.8
46500,24.4
46750,22.8
47000,21.6
47250,23.200000000000003
47500,22.400000000000002
47750,22.8
48000,22.0
48250,19.2
48500,23.200000000000003
48750,22.0
49000,22.400000000000002
49250,26.0
49500,22.0
49750,21.6
50000,22.0
50250,20.4
50500,23.599999999999998
50750,20.8
51000,21.6
51250,22.0
51500,22.8
51750,24.0
52000,23.200000000000003
52250,25.6
52500,20.4
52750,19.6
53000,20.8
53250,22.0
53500,21.6
53750,22.8
54000,21.2
54250,19.6
54500,23.200000000000003
54750,20.8
55000,22.8
55250,20.8
55500,22.0
55750,21.6
56000,19.2
56250,21.2
56500,22.0
56750,23.200000000000003
57000,25.2
57250,21.2
57500,22.400000000000002
57750,20.4
58000,23.599999999999998
58250,20.4
58500,22.0
58750,24.0
59000,24.8
59250,20.0
59500,23.599999999999998
59750,21.6
60000,27.200000000000003
60250,20.0
60500,21.2
60750,22.400000000000002
61000,20.8
61250,20.4
61500,21.2
61750,20.0
62000,20.0
62250,24.4
62500,24.8
62750,21.6
63000,21.6
63250,20.4
63500,18.8
63750,21.2
64000,20.8
64250,22.400000000000002
64500,20.8
64750,21.6
65000,24.4
65250,27.200000000000003
65500,22.8
65750,19.6
66000,22.8
66250,24.0
66500,18.0
66750,23.599999999999998
67000,20.8
67250,23.200000000000003
67500,22.8
67750,22.400000000000002
68000,20.4
68250,24.0
68500,20.0
68750,24.0
69000,21.2
69250,25.2
69500,22.0
69750,20.0
70000,21.2
70250,20.8
70500,22.8
70750,21.6
71000,20.8
71250,24.0
71500,25.6
71750,22.400000000000002
72000,22.8
72250,22.400000000000002
72500,19.2
72750,22.0
73000,23.200000000000003
73250,24.4
73500,22.400000000000002
73750,19.2
74000,21.6
74250,27.6
74500,20.8
74750,22.400000000000002
75000,21.6
75250,19.2
75500,20.8
75750,21.6
76000,20.0
76250,22.400000000000002
76500,20.8
76750,19.2
77000,22.8
77250,25.2
77500,20.0
77750,22.8
78000,21.6
78250,24.0
78500,22.400000000000002
78750,23.599999999999998
79000,18.8
79250,20.0
79500,18.4
79750,20.0
80000,20.4
80250,22.0
80500,22.400000000000002
80750,18.8
81000,21.2
81250,21.6
81500,24.8
81750,20.4
82000,18.4
82250,22.400000000000002
82500,23.200000000000003
82750,19.6
83000,19.6
83250,20.8
83500,22.0
83750,22.8
84000,20.8
84250,22.400000000000002
84500,22.400000000000002
84750,25.2
85000,22.8
85250,19.6
85500,22.8
85750,23.200000000000003
86000,22.400000000000002
86250,26.0
86500,22.8
86750,26.400000000000002
87000,18.4
87250,23.200000000000003
87500,20.8
87750,20.8
88000,23.599999999999998
88250,24.4
88500,20.4
88750,22.0
89000,20.0
89250,24.0
89500,22.8
89750,22.8
90000,19.6
90250,21.6
90500,22.8
90750,22.8
91000,22.8
91250,23.200000000000003
91500,24.8
91750,24.8
92000,23.599999999999998
92250,23.200000000000003
92500,25.2
92750,20.0
93000,23.200000000000003
93250,25.6
93500,22.8
93750,23.200000000000003
94000,21.6
94250,22.0
94500,20.4
94750,18.0
95000,18.8
95250,22.400000000000002
95500,24.4
95750,23.200000000000003
96000,18.0
96250,24.4
96500,20.4
96750,21.2
97000,22.8
97250,19.2
97500,22.0
97750,20.4
98000,22.400000000000002
98250,20.0
98500,20.8
98750,21.2
99000,20.0
99250,20.4
99500,22.8
99750,19.2
