250,21.2
500,34.8
750,37.2
1000,37.6
1250,35.199999999999996
1500,37.2
1750,35.199999999999996
2000,40.0
2250,38.4
2500,38.0
2750,38.800000000000004
3000,36.8
3250,35.6
3500,36.0
3750,35.199999999999996
4000,38.4
4250,41.199999999999996
4500,36.8
4750,33.6
5000,36.4
5250,34.4
5500,37.2
5750,37.2
6000,37.2
6250,36.0
6500,36.4
6750,33.6
7000,34.4
7250,35.6
7500,34.4
7750,36.0
8000,40.400000000000006
8250,38.4
8500,36.4
8750,36.0
9000,37.2
9250,32.800000000000004
9500,36.4
9750,37.2
10000,34.8
10250,36.8
10500,35.6
10750,35.6
11000,37.6
11250,35.6
11500,37.2
11750,34.8
12000,37.2
12250,36.8
12500,36.8
12750,37.2
13000,37.6
13250,37.2
13500,39.2
13750,34.4
14000,38.0
14250,36.4
14500,36.0
14750,37.6
15000,35.6
15250,38.4
15500,34.8
15750,37.2
16000,38.0
16250,36.8
16500,39.6
16750,38.800000000000004
17000,37.2
17250,38.0
17500,37.2
17750,35.199999999999996
18000,36.8
18250,40.0
18500,37.6
18750,38.4
19000,36.8
19250,39.6
19500,35.6
19750,35.6
20000,37.2
20250,36.4
20500,35.6
20750,38.0
21000,38.0
21250,37.6
21500,36.4
21750,39.2
22000,41.199999999999996
22250,36.8
22500,36.8
22750,37.6
23000,39.2
23250,36.4
23500,35.6
23750,36.0
24000,40.0
24250,36.4
24500,38.4
24750,35.199999999999996
25000,35.199999999999996
25250,36.8
25500,38.800000000000004
25750,36.0
26000,35.6
26250,38.0
26500,36.8
26750,38.4
27000,37.6
27250,36.8
27500,38.0
27750,36.8
28000,36.8
28250,38.0
28500,39.2
28750,36.4
29000,36.0
29250,38.4
29500,37.2
29750,37.6
30000,34.0
30250,37.2
30500,36.8
30750,39.6
31000,35.199999999999996
31250,36.4
31500,38.4
31750,38.4
32000,38.0
32250,36.8
32500,34.8
32750,38.4
33000,36.8
33250,34.0
33500,36.0
33750,36.4
34000,37.2
34250,37.2
34500,38.4
34750,38.0
35000,36.4
35250,36.4
35500,34.8
35750,37.6
36000,36.8
36250,35.199999999999996
36500,35.199999999999996
36750,36.4
37000,37.2
37250,34.4
37500,38.4
37750,37.2
38000,36.8
38250,38.800000000000004
38500,37.6
38750,36.0
39000,36.0
39250,39.2
39500,36.0
39750,33.2
40000,37.6
40250,37.6
40500,36.4
40750,34.8
41000,37.2
41250,36.8
41500,37.6
41750,35.199999999999996
42000,38.800000000000004
42250,38.800000000000004
42500,37.2
42750,38.800000000000004
43000,33.6
43250,36.8
43500,36.0
43750,39.6
44000,35.6
44250,36.4
44500,37.6
44750,36.8
45000,37.2
45250,36.8
45500,35.199999999999996
45750,37.2
46000,40.400000000000006
46250,38.4
46500,34.8
46750,36.4
47000,34.4
47250,38.0
47500,36.4
47750,37.6
48000,38.4
48250,31.6
48500,37.2
48750,36.8
49000,35.6
49250,37.2
49500,35.199999999999996
49750,38.0
50000,38.4
50250,36.0
50500,38.0
50750,36.4
51000,34.8
51250,36.4
51500,35.6
51750,37.2
52000,36.4
52250,40.8
52500,36.4
52750,35.199999999999996
53000,38.0
53250,36.0
53500,37.6
53750,36.4
54000,35.6
54250,38.0
54500,36.0
54750,35.6
55000,36.8
55250,36.0
55500,36.8
55750,36.8
56000,37.6
56250,37.6
56500,38.4
56750,39.6
57000,35.6
57250,36.8
57500,38.0
57750,34.8
58000,37.2
58250,35.6
58500,39.2
58750,37.2
59000,38.0
59250,37.2
59500,38.4
59750,34.8
60000,38.4
60250,33.2
60500,39.6
60750,36.8
61000,36.0
61250,38.4
61500,36.8
61750,35.199999999999996
62000,37.2
62250,37.2
62500,38.4
62750,35.6
63000,35.199999999999996
63250,38.0
63500,40.0
63750,40.0
64000,33.6
64250,37.2
64500,36.4
64750,38.4
65000,34.4
65250,39.2
65500,37.2
65750,36.8
66000,36.8
66250,38.4
66500,36.8
66750,38.0
67000,36.4
67250,36.4
67500,36.8
67750,36.4
68000,36.4
68250,36.8
68500,34.0
68750,36.4
69000,35.6
69250,39.2
69500,37.6
69750,36.4
70000,37.6
70250,37.6
70500,34.4
70750,34.8
71000,33.6
71250,39.2
71500,36.0
71750,35.199999999999996
72000,37.2
72250,37.2
72500,36.0
72750,35.6
73000,35.6
73250,40.400000000000006
73500,34.4
73750,36.8
74000,36.8
74250,36.0
74500,34.4
74750,40.0
75000,33.2
75250,37.6
75500,39.2
75750,37.2
76000,36.0
76250,37.2
76500,36.0
76750,38.0
77000,38.0
77250,37.6
77500,35.199999999999996
77750,35.6
78000,36.8
78250,36.8
78500,36.8
78750,39.2
79000,36.8
79250,36.0
79500,34.8
79750,34.8
80000,36.4
80250,38.0
80500,35.6
80750,36.0
81000,36.0
81250,36.4
81500,38.4
81750,35.199999999999996
82000,37.2
82250,37.2
82500,37.6
82750,33.2
83000,34.8
83250,34.0
83500,35.199999999999996
83750,38.800000000000004
84000,36.8
84250,32.4
84500,40.400000000000006
84750,38.0
85000,38.0
85250,39.2
85500,34.4
85750,37.2
86000,36.4
86250,38.4
86500,39.6
86750,39.2
87000,32.800000000000004
87250,40.0
87500,34.0
87750,37.6
88000,37.2
88250,39.6
88500,36.0
88750,36.4
89000,35.199999999999996
89250,38.0
89500,35.6
89750,34.4
90000,34.8
90250,38.0
90500,34.0
90750,36.4
91000,39.2
91250,36.0
91500,37.2
91750,37.2
92000,38.800000000000004
92250,34.0
92500,36.0
92750,36.0
93000,36.8
93250,36.8
93500,38.800000000000004
93750,35.199999999999996
94000,37.6
94250,35.6
94500,36.4
94750,40.8
95000,35.6
95250,36.4
95500,34.8
95750,38.0
96000,33.6
96250,37.2
96500,36.0
96750,36.8
97000,35.6
97250,37.6
97500,36.4
97750,36.4
98000,35.6
98250,38.0
98500,38.800000000000004
98750,38.800000000000004
99000,35.6
99250,39.2
99500,36.4
99750,40.0
