250,21.2
500,41.6
750,49.6
1000,47.599999999999994
1250,48.4
1500,47.599999999999994
1750,47.199999999999996
2000,48.8
2250,49.6
2500,47.199999999999996
2750,47.599999999999994
3000,48.0
3250,47.599999999999994
3500,45.6
3750,47.599999999999994
4000,50.4
4250,48.8
4500,45.2
4750,47.199999999999996
5000,48.0
5250,46.800000000000004
5500,48.4
5750,48.8
6000,46.800000000000004
6250,48.0
6500,49.2
6750,45.2
7000,47.199999999999996
7250,48.8
7500,50.4
7750,48.8
8000,47.599999999999994
8250,48.0
8500,47.199999999999996
8750,46.0
9000,46.800000000000004
9250,46.0
9500,49.2
9750,46.0
10000,47.599999999999994
10250,48.0
10500,46.400000000000006
10750,47.199999999999996
11000,47.199999999999996
11250,48.0
11500,48.8
11750,48.0
12000,47.199999999999996
12250,47.199999999999996
12500,46.400000000000006
12750,47.599999999999994
13000,47.599999999999994
13250,48.4
13500,46.400000000000006
13750,48.4
14000,48.0
14250,45.6
14500,48.8
14750,49.6
15000,47.599999999999994
15250,48.8
15500,46.400000000000006
15750,47.199999999999996
16000,48.0
16250,49.6
16500,48.0
16750,47.599999999999994
17000,46.800000000000004
17250,47.199999999999996
17500,44.4
17750,44.800000000000004
18000,48.0
18250,47.199999999999996
18500,47.599999999999994
18750,48.0
19000,48.4
19250,49.6
19500,46.0
19750,43.2
20000,48.8
20250,50.0
20500,47.599999999999994
20750,46.400000000000006
21000,47.199999999999996
21250,46.800000000000004
21500,48.0
21750,50.8
22000,48.8
22250,48.0
22500,46.800000000000004
22750,47.199999999999996
23000,48.8
23250,47.599999999999994
23500,45.2
23750,48.4
24000,47.199999999999996
24250,47.199999999999996
24500,48.0
24750,46.800000000000004
25000,48.8
25250,48.4
25500,47.599999999999994
25750,46.800000000000004
26000,46.400000000000006
26250,47.599999999999994
26500,47.199999999999996
26750,46.400000000000006
27000,46.0
27250,46.400000000000006
27500,46.800000000000004
27750,48.0
28000,46.800000000000004
28250,46.400000000000006
28500,45.6
28750,46.800000000000004
29000,47.199999999999996
29250,46.800000000000004
29500,48.0
29750,48.0
30000,44.0
30250,48.4
30500,49.6
30750,47.199999999999996
31000,46.800000000000004
31250,47.199999999999996
31500,49.6
31750,48.4
32000,47.199999999999996
32250,47.199999999999996
32500,46.400000000000006
32750,48.0
33000,47.599999999999994
33250,46.800000000000004
33500,47.599999999999994
33750,48.0
34000,47.599999999999994
34250,47.199999999999996
34500,46.400000000000006
34750,47.199999999999996
35000,47.599999999999994
35250,47.199999999999996
35500,47.199999999999996
35750,49.2
36000,47.599999999999994
36250,48.4
36500,47.599999999999994
36750,48.0
37000,47.199999999999996
37250,46.800000000000004
37500,45.6
37750,47.599999999999994
38000,47.199999999999996
38250,47.599999999999994
38500,47.199999999999996
38750,48.0
39000,47.599999999999994
39250,49.2
39500,45.6
39750,48.4
40000,46.800000000000004
40250,46.800000000000004
40500,45.6
40750,47.199999999999996
41000,48.8
41250,48.8
41500,49.6
41750,45.2
42000,48.0
42250,50.0
42500,45.6
42750,47.599999999999994
43000,46.800000000000004
43250,50.8
43500,48.0
43750,50.4
44000,46.0
44250,47.199999999999996
44500,48.4
44750,46.400000000000006
45000,48.0
45250,47.599999999999994
45500,46.800000000000004
45750,49.6
46000,51.2
46250,46.400000000000006
46500,48.4
46750,48.8
47000,49.2
47250,48.8
47500,46.800000000000004
47750,47.199999999999996
48000,48.4
48250,47.199999999999996
48500,49.2
48750,51.2
49000,49.2
49250,49.6
49500,46.800000000000004
49750,46.400000000000006
50000,48.8
50250,46.400000000000006
50500,46.800000000000004
50750,49.2
51000,45.6
51250,48.4
51500,47.199999999999996
51750,48.8
52000,48.4
52250,49.2
52500,47.599999999999994
52750,46.800000000000004
53000,47.199999999999996
53250,47.599999999999994
53500,48.0
53750,48.8
54000,48.4
54250,48.4
54500,46.800000000000004
54750,48.0
55000,48.8
55250,47.199999999999996
55500,47.599999999999994
55750,47.599999999999994
56000,47.599999999999994
56250,48.0
56500,47.599999999999994
56750,48.0
57000,46.400000000000006
57250,47.199999999999996
57500,46.800000000000004
57750,47.599999999999994
58000,47.599999999999994
58250,48.0
58500,49.2
58750,49.6
59000,47.199999999999996
59250,48.0
59500,46.800000000000004
59750,46.0
60000,48.8
60250,46.0
60500,48.0
60750,48.4
61000,47.599999999999994
61250,48.4
61500,48.8
61750,48.0
62000,48.4
62250,48.4
62500,45.6
62750,46.0
63000,46.800000000000004
63250,50.8
63500,48.0
63750,48.4
64000,46.400000000000006
64250,47.599999999999994
64500,46.400000000000006
64750,48.4
65000,46.400000000000006
65250,48.0
65500,46.800000000000004
65750,46.400000000000006
66000,46.0
66250,47.199999999999996
66500,46.800000000000004
66750,46.400000000000006
67000,48.4
67250,46.400000000000006
67500,48.0
67750,48.0
68000,48.0
68250,46.400000000000006
68500,48.8
68750,49.2
69000,48.4
69250,48.4
69500,47.199999999999996
69750,47.599999999999994
70000,47.599999999999994
70250,48.8
70500,46.0
70750,48.0
71000,46.800000000000004
71250,48.4
71500,47.599999999999994
71750,46.800000000000004
72000,48.0
72250,45.2
72500,47.199999999999996
72750,47.599999999999994
73000,48.0
73250,47.599999999999994
73500,47.199999999999996
73750,49.2
74000,48.4
74250,47.599999999999994
74500,48.4
74750,47.599999999999994
75000,45.6
75250,46.400000000000006
75500,48.4
75750,47.199999999999996
76000,46.800000000000004
76250,48.0
76500,48.4
76750,49.2
77000,47.599999999999994
77250,48.0
77500,47.599999999999994
77750,48.0
78000,48.4
78250,47.199999999999996
78500,48.4
78750,46.0
79000,46.800000000000004
79250,45.2
79500,48.8
79750,46.800000000000004
80000,48.0
80250,47.599999999999994
80500,47.199999999999996
80750,47.599999999999994
81000,46.800000000000004
81250,46.0
81500,48.4
81750,45.2
82000,46.800000000000004
82250,46.800000000000004
82500,50.0
82750,46.0
83000,48.4
83250,46.800000000000004
83500,47.199999999999996
83750,48.4
84000,45.2
84250,46.400000000000006
84500,49.2
84750,48.8
85000,49.2
85250,47.199999999999996
85500,48.0
85750,45.6
86000,46.0
86250,46.800000000000004
86500,47.599999999999994
86750,47.199999999999996
87000,44.800000000000004
87250,49.2
87500,46.800000000000004
87750,48.0
88000,48.0
88250,48.0
88500,49.2
88750,47.599999999999994
89000,46.400000000000006
89250,46.800000000000004
89500,46.400000000000006
89750,46.0
90000,46.400000000000006
90250,48.0
90500,49.6
90750,47.199999999999996
91000,48.4
91250,48.0
91500,47.599999999999994
91750,48.4
92000,49.2
92250,43.6
92500,48.8
92750,48.0
93000,48.4
93250,48.4
93500,47.199999999999996
93750,44.4
94000,48.4
94250,48.4
94500,47.199999999999996
94750,48.0
95000,47.199999999999996
95250,48.0
95500,48.0
95750,48.4
96000,46.800000000000004
96250,48.8
96500,48.4
96750,47.199999999999996
97000,47.599999999999994
97250,48.0
97500,48.8
97750,46.400000000000006
98000,45.2
98250,49.2
98500,50.8
98750,47.199999999999996
99000,46.800000000000004
99250,47.199999999999996
99500,46.800000000000004
99750,48.0
