250,21.2
500,41.6
750,50.0
1000,49.6
1250,51.2
1500,50.4
1750,50.4
2000,52.400000000000006
2250,50.4
2500,50.0
2750,50.8
3000,50.4
3250,50.4
3500,51.2
3750,49.6
4000,51.2
4250,52.0
4500,48.0
4750,50.0
5000,49.6
5250,49.2
5500,50.8
5750,50.4
6000,48.4
6250,50.8
6500,51.6
6750,49.6
7000,50.0
7250,51.6
7500,52.400000000000006
7750,50.4
8000,49.2
8250,50.8
8500,50.0
8750,48.4
9000,49.6
9250,48.8
9500,50.4
9750,48.8
10000,50.8
10250,49.2
10500,49.6
10750,49.2
11000,49.6
11250,52.0
11500,51.6
11750,50.4
12000,50.0
12250,49.6
12500,50.0
12750,51.2
13000,50.4
13250,50.4
13500,48.4
13750,49.6
14000,50.8
14250,48.4
14500,51.6
14750,52.0
15000,50.0
15250,53.2
15500,50.0
15750,50.4
16000,50.4
16250,52.0
16500,50.0
16750,49.6
17000,48.8
17250,49.2
17500,49.2
17750,50.0
18000,51.2
18250,49.6
18500,50.8
18750,50.0
19000,52.0
19250,51.6
19500,48.8
19750,48.4
20000,50.8
20250,52.0
20500,49.6
20750,49.2
21000,50.4
21250,49.6
21500,51.2
21750,52.400000000000006
22000,51.2
22250,50.0
22500,48.8
22750,50.0
23000,50.4
23250,49.6
23500,48.4
23750,50.4
24000,49.6
24250,51.6
24500,50.8
24750,51.6
25000,51.2
25250,51.6
25500,50.4
25750,50.0
26000,48.8
26250,50.0
26500,49.6
26750,49.6
27000,49.6
27250,49.6
27500,50.8
27750,51.6
28000,52.0
28250,50.8
28500,51.2
28750,48.8
29000,51.6
29250,49.2
29500,50.8
29750,49.6
30000,49.2
30250,50.8
30500,50.0
30750,49.6
31000,48.8
31250,50.0
31500,50.8
31750,50.0
32000,50.0
32250,51.6
32500,48.8
32750,52.0
33000,52.0
33250,51.2
33500,50.4
33750,51.2
34000,50.4
34250,50.0
34500,50.0
34750,49.2
35000,52.400000000000006
35250,49.6
35500,50.0
35750,49.6
36000,50.8
36250,48.8
36500,50.0
36750,51.6
37000,49.6
37250,50.0
37500,50.0
37750,50.8
38000,50.4
38250,50.4
38500,50.4
38750,50.4
39000,50.4
39250,51.2
39500,49.2
39750,51.2
40000,48.8
40250,49.6
40500,48.8
40750,53.2
41000,50.0
41250,50.8
41500,50.4
41750,49.2
42000,50.4
42250,51.6
42500,50.0
42750,49.6
43000,50.8
43250,51.2
43500,50.4
43750,51.6
44000,49.6
44250,50.8
44500,52.800000000000004
44750,48.8
45000,49.6
45250,50.4
45500,51.2
45750,51.2
46000,52.800000000000004
46250,50.0
46500,52.800000000000004
46750,50.4
47000,50.8
47250,52.0
47500,49.6
47750,49.6
48000,51.2
48250,48.8
48500,50.4
48750,52.800000000000004
49000,52.0
49250,51.6
49500,49.6
49750,49.6
50000,50.8
50250,49.6
50500,50.0
50750,50.8
51000,48.8
51250,49.2
51500,50.4
51750,50.8
52000,52.0
52250,52.0
52500,49.2
52750,48.8
53000,50.4
53250,52.0
53500,52.800000000000004
53750,51.6
54000,52.0
54250,50.0
54500,50.0
54750,49.6
55000,52.0
55250,50.8
55500,49.2
55750,52.0
56000,51.2
56250,51.2
56500,48.8
56750,49.2
57000,49.6
57250,49.6
57500,49.2
57750,49.6
58000,50.0
58250,51.2
58500,52.400000000000006
58750,50.0
59000,49.6
59250,51.2
59500,49.2
59750,49.6
60000,52.400000000000006
60250,49.6
60500,50.0
60750,51.6
61000,51.2
61250,50.0
61500,50.4
61750,52.400000000000006
62000,50.8
62250,50.0
62500,49.2
62750,50.0
63000,48.8
63250,52.800000000000004
63500,50.8
63750,51.2
64000,49.6
64250,50.8
64500,49.6
64750,52.400000000000006
65000,50.4
65250,52.400000000000006
65500,50.4
65750,49.2
66000,50.8
66250,48.8
66500,49.6
66750,50.8
67000,51.2
67250,50.4
67500,50.0
67750,50.0
68000,51.2
68250,48.4
68500,51.2
68750,49.6
69000,50.0
69250,51.6
69500,50.4
69750,51.2
70000,50.8
70250,53.6
70500,48.4
70750,51.2
71000,50.8
71250,51.6
71500,51.6
71750,50.8
72000,50.8
72250,50.4
72500,49.6
72750,50.8
73000,51.6
73250,52.0
73500,51.2
73750,50.4
74000,50.8
74250,49.2
74500,51.6
74750,49.2
75000,48.0
75250,50.0
75500,54.0
75750,49.2
76000,50.8
76250,50.4
76500,50.4
76750,50.4
77000,50.8
77250,49.6
77500,50.4
77750,49.6
78000,50.4
78250,50.4
78500,50.0
78750,48.0
79000,49.6
79250,48.4
79500,51.6
79750,48.8
80000,49.6
80250,51.2
80500,50.8
80750,49.6
81000,50.0
81250,50.8
81500,50.8
81750,50.0
82000,50.0
82250,49.2
82500,51.6
82750,48.4
83000,50.8
83250,50.4
83500,50.4
83750,50.8
84000,48.4
84250,51.2
84500,51.6
84750,50.8
85000,52.0
85250,50.8
85500,51.2
85750,48.4
86000,49.6
86250,49.2
86500,52.0
86750,50.8
87000,48.0
87250,50.8
87500,50.8
87750,50.4
88000,52.0
88250,50.8
88500,51.2
88750,48.4
89000,48.4
89250,50.0
89500,50.0
89750,48.4
90000,50.4
90250,51.2
90500,51.2
90750,50.4
91000,50.4
91250,49.6
91500,49.6
91750,50.0
92000,51.6
92250,48.4
92500,51.6
92750,50.4
93000,50.8
93250,50.8
93500,49.6
93750,48.0
94000,49.6
94250,51.6
94500,49.6
94750,49.2
95000,51.2
95250,49.6
95500,50.0
95750,50.4
96000,49.2
96250,51.2
96500,50.8
96750,50.4
97000,50.4
97250,50.0
97500,51.2
97750,50.0
98000,48.0
98250,51.6
98500,53.6
98750,49.6
99000,50.8
99250,48.8
99500,49.6
99750,50.4
