250,18.0
500,29.2
750,31.6
1000,29.599999999999998
1250,25.6
1500,29.2
1750,26.400000000000002
2000,28.000000000000004
2250,32.0
2500,28.799999999999997
2750,32.0
3000,29.599999999999998
3250,30.8
3500,29.2
3750,29.599999999999998
4000,28.799999999999997
4250,32.800000000000004
4500,29.2
4750,24.4
5000,28.4
5250,27.6
5500,26.8
5750,28.000000000000004
6000,29.599999999999998
6250,30.4
6500,30.4
6750,27.6
7000,28.000000000000004
7250,28.000000000000004
7500,26.400000000000002
7750,30.8
8000,30.8
8250,32.0
8500,28.799999999999997
8750,30.0
9000,30.4
9250,26.0
9500,28.799999999999997
9750,30.0
10000,25.6
10250,30.4
10500,29.2
10750,28.000000000000004
11000,31.6
11250,26.400000000000002
11500,29.599999999999998
11750,28.000000000000004
12000,29.2
12250,30.0
12500,31.6
12750,29.2
13000,29.2
13250,26.0
13500,29.599999999999998
13750,29.599999999999998
14000,29.599999999999998
14250,29.2
14500,24.4
14750,30.0
15000,28.4
15250,29.599999999999998
15500,26.8
15750,30.4
16000,29.599999999999998
16250,28.4
16500,29.599999999999998
16750,26.8
17000,28.799999999999997
17250,29.599999999999998
17500,30.8
17750,26.400000000000002
18000,26.0
18250,29.599999999999998
18500,26.8
18750,31.2
19000,27.200000000000003
19250,33.2
19500,27.200000000000003
19750,25.6
20000,29.599999999999998
20250,29.2
20500,27.6
20750,29.2
21000,25.2
21250,31.2
21500,28.799999999999997
21750,30.8
22000,32.4
22250,30.0
22500,28.4
22750,28.799999999999997
23000,32.4
23250,29.2
23500,30.4
23750,27.6
24000,30.0
24250,24.0
24500,28.4
24750,26.400000000000002
25000,25.6
25250,28.000000000000004
25500,32.4
25750,31.2
26000,24.8
26250,31.6
26500,27.6
26750,27.6
27000,30.4
27250,28.000000000000004
27500,28.000000000000004
27750,31.6
28000,28.000000000000004
28250,28.799999999999997
28500,32.4
28750,26.0
29000,29.2
29250,29.599999999999998
29500,26.400000000000002
29750,30.8
30000,25.6
30250,28.000000000000004
30500,27.6
30750,30.0
31000,26.400000000000002
31250,27.200000000000003
31500,31.6
31750,30.4
32000,29.2
32250,28.4
32500,26.8
32750,31.6
33000,30.8
33250,28.000000000000004
33500,29.599999999999998
33750,28.000000000000004
34000,27.6
34250,30.4
34500,26.400000000000002
34750,29.599999999999998
35000,28.4
35250,32.800000000000004
35500,26.8
35750,28.4
36000,25.6
36250,27.6
36500,26.8
36750,26.8
37000,28.000000000000004
37250,26.8
37500,30.0
37750,29.2
38000,28.4
38250,30.8
38500,27.200000000000003
38750,29.599999999999998
39000,27.200000000000003
39250,29.2
39500,29.2
39750,27.6
40000,31.2
40250,27.6
40500,28.799999999999997
40750,25.6
41000,30.0
41250,27.6
41500,29.599999999999998
41750,28.000000000000004
42000,26.8
42250,30.0
42500,29.599999999999998
42750,32.800000000000004
43000,26.0
43250,27.200000000000003
43500,26.400000000000002
43750,28.799999999999997
44000,30.8
44250,29.2
44500,28.4
44750,29.2
45000,26.0
45250,28.799999999999997
45500,28.000000000000004
45750,27.200000000000003
46000,29.599999999999998
46250,30.0
46500,28.799999999999997
46750,28.4
47000,28.4
47250,30.4
47500,28.4
47750,27.6
48000,27.6
48250,25.2
48500,32.800000000000004
48750,27.200000000000003
49000,28.799999999999997
49250,32.0
49500,28.4
49750,30.4
50000,29.2
50250,30.0
50500,30.0
50750,28.799999999999997
51000,26.400000000000002
51250,29.599999999999998
51500,28.000000000000004
51750,28.4
52000,28.000000000000004
52250,32.0
52500,24.8
52750,28.4
53000,27.6
53250,27.200000000000003
53500,26.400000000000002
53750,28.799999999999997
54000,28.4
54250,28.799999999999997
54500,27.200000000000003
54750,29.2
55000,29.2
55250,26.0
55500,28.000000000000004
55750,28.4
56000,27.200000000000003
56250,30.8
56500,31.2
56750,30.8
57000,30.0
57250,28.4
57500,30.4
57750,28.4
58000,30.0
58250,30.0
58500,28.799999999999997
58750,30.8
59000,31.6
59250,27.200000000000003
59500,29.2
59750,28.799999999999997
60000,33.2
60250,24.8
60500,31.2
60750,28.4
61000,29.2
61250,29.2
61500,27.6
61750,26.400000000000002
62000,27.200000000000003
62250,29.2
62500,31.2
62750,27.200000000000003
63000,27.6
63250,29.2
63500,24.8
63750,30.4
64000,26.400000000000002
64250,28.4
64500,29.2
64750,28.4
65000,28.799999999999997
65250,33.6
65500,29.599999999999998
65750,27.6
66000,28.4
66250,31.6
66500,28.000000000000004
66750,29.599999999999998
67000,28.4
67250,29.599999999999998
67500,28.000000000000004
67750,30.4
68000,27.6
68250,30.8
68500,24.8
68750,30.4
69000,27.200000000000003
69250,32.4
69500,29.2
69750,27.200000000000003
70000,28.4
70250,28.4
70500,30.0
70750,28.000000000000004
71000,28.000000000000004
71250,30.0
71500,28.799999999999997
71750,26.0
72000,29.599999999999998
72250,28.4
72500,24.4
72750,29.2
73000,28.4
73250,32.800000000000004
73500,28.4
73750,27.6
74000,29.2
74250,32.0
74500,27.6
74750,29.599999999999998
75000,27.6
75250,28.000000000000004
75500,29.599999999999998
75750,30.0
76000,27.200000000000003
76250,28.799999999999997
76500,27.200000000000003
76750,28.799999999999997
77000,30.8
77250,30.4
77500,28.4
77750,29.2
78000,28.4
78250,30.4
78500,30.0
78750,32.4
79000,26.0
79250,25.2
79500,25.2
79750,26.8
80000,30.0
80250,31.2
80500,28.799999999999997
80750,26.8
81000,28.000000000000004
81250,28.4
81500,32.0
81750,27.200000000000003
82000,26.0
82250,26.8
82500,28.000000000000004
82750,26.400000000000002
83000,28.4
83250,26.400000000000002
83500,27.6
83750,29.2
84000,30.4
84250,28.799999999999997
84500,28.4
84750,30.0
85000,31.2
85250,28.000000000000004
85500,26.8
85750,29.599999999999998
86000,29.2
86250,32.800000000000004
86500,29.599999999999998
86750,33.2
87000,25.6
87250,31.2
87500,28.000000000000004
87750,28.4
88000,29.599999999999998
88250,29.599999999999998
88500,27.6
88750,31.2
89000,27.200000000000003
89250,30.0
89500,29.2
89750,27.200000000000003
90000,28.000000000000004
90250,31.2
90500,27.6
90750,29.2
91000,31.2
91250,30.0
91500,28.799999999999997
91750,30.8
92000,30.4
92250,27.6
92500,32.4
92750,27.200000000000003
93000,29.599999999999998
93250,29.599999999999998
93500,30.8
93750,29.2
94000,28.000000000000004
94250,28.799999999999997
94500,29.2
94750,28.4
95000,26.400000000000002
95250,27.6
95500,29.599999999999998
95750,30.4
96000,26.8
96250,30.4
96500,28.4
96750,28.799999999999997
97000,27.6
97250,26.8
97500,29.599999999999998
97750,28.799999999999997
98000,28.000000000000004
98250,28.000000000000004
98500,28.4
98750,27.6
99000,28.000000000000004
99250,29.2
99500,28.000000000000004
99750,28.799999999999997
