250,16.400000000000002
500,24.4
750,25.6
1000,27.200000000000003
1250,23.200000000000003
1500,28.000000000000004
1750,21.6
2000,23.200000000000003
2250,27.200000000000003
2500,25.6
2750,28.799999999999997
3000,27.6
3250,26.400000000000002
3500,25.6
3750,26.400000000000002
4000,26.400000000000002
4250,30.8
4500,26.8
4750,21.2
5000,25.2
5250,25.6
5500,24.0
5750,24.8
6000,25.2
6250,24.8
6500,28.000000000000004
6750,24.8
7000,23.599999999999998
7250,24.8
7500,23.200000000000003
7750,27.200000000000003
8000,26.0
8250,27.6
8500,24.4
8750,27.200000000000003
9000,26.8
9250,24.8
9500,28.4
9750,24.4
10000,22.8
10250,27.6
10500,24.4
10750,24.4
11000,29.599999999999998
11250,24.0
11500,25.6
11750,24.4
12000,24.8
12250,26.400000000000002
12500,28.4
12750,26.8
13000,26.0
13250,24.8
13500,26.8
13750,26.8
14000,27.200000000000003
14250,24.4
14500,21.2
14750,26.8
15000,25.6
15250,26.8
15500,24.8
15750,28.000000000000004
16000,28.000000000000004
16250,24.8
16500,26.400000000000002
16750,23.200000000000003
17000,26.400000000000002
17250,26.8
17500,28.000000000000004
17750,23.200000000000003
18000,23.599999999999998
18250,25.6
18500,24.4
18750,29.599999999999998
19000,23.599999999999998
19250,27.6
19500,23.599999999999998
19750,22.8
20000,24.4
20250,24.8
20500,24.4
20750,24.0
21000,22.8
21250,28.000000000000004
21500,25.2
21750,26.400000000000002
22000,30.4
22250,24.4
22500,22.0
22750,23.599999999999998
23000,30.4
23250,26.0
23500,25.6
23750,25.6
24000,27.200000000000003
24250,22.0
24500,24.0
24750,24.0
25000,24.0
25250,26.0
25500,27.200000000000003
25750,27.200000000000003
26000,21.6
26250,29.599999999999998
26500,25.6
26750,24.8
27000,26.400000000000002
27250,25.2
27500,26.0
27750,27.200000000000003
28000,24.8
28250,24.4
28500,27.200000000000003
28750,24.4
29000,24.8
29250,27.6
29500,23.200000000000003
29750,26.8
30000,22.400000000000002
30250,24.0
30500,23.200000000000003
30750,26.8
31000,24.0
31250,25.2
31500,27.6
31750,27.200000000000003
32000,24.8
32250,23.200000000000003
32500,24.0
32750,25.6
33000,28.000000000000004
33250,23.599999999999998
33500,27.200000000000003
33750,27.6
34000,25.6
34250,26.0
34500,24.0
34750,25.2
35000,26.400000000000002
35250,29.2
35500,21.2
35750,25.2
36000,22.400000000000002
36250,25.2
36500,24.0
36750,22.8
37000,26.400000000000002
37250,23.599999999999998
37500,25.6
37750,24.8
38000,26.400000000000002
38250,28.4
38500,24.8
38750,24.8
39000,22.400000000000002
39250,26.400000000000002
39500,25.6
39750,24.0
40000,27.200000000000003
40250,24.4
40500,22.8
40750,22.8
41000,25.6
41250,26.0
41500,26.0
41750,25.6
42000,22.400000000000002
42250,24.4
42500,26.8
42750,28.799999999999997
43000,23.599999999999998
43250,21.2
43500,24.4
43750,25.2
44000,25.6
44250,27.6
44500,25.6
44750,27.200000000000003
45000,23.200000000000003
45250,24.8
45500,23.200000000000003
45750,23.599999999999998
46000,25.2
46250,26.0
46500,26.8
46750,26.400000000000002
47000,26.8
47250,27.6
47500,24.4
47750,24.8
48000,25.2
48250,21.6
48500,28.000000000000004
48750,24.4
49000,25.2
49250,30.0
49500,24.8
49750,26.8
50000,26.0
50250,25.2
50500,26.8
50750,24.0
51000,24.0
51250,27.200000000000003
51500,25.6
51750,26.400000000000002
52000,24.4
52250,28.799999999999997
52500,22.0
52750,26.400000000000002
53000,25.6
53250,26.0
53500,24.4
53750,26.0
54000,25.6
54250,24.0
54500,25.2
54750,25.6
55000,26.0
55250,24.8
55500,24.8
55750,24.8
56000,23.599999999999998
56250,24.4
56500,26.0
56750,28.000000000000004
57000,28.000000000000004
57250,25.6
57500,25.6
57750,23.200000000000003
58000,26.400000000000002
58250,26.400000000000002
58500,26.0
58750,28.000000000000004
59000,28.4
59250,24.8
59500,26.0
59750,25.6
60000,29.2
60250,22.400000000000002
60500,28.4
60750,27.6
61000,24.8
61250,26.0
61500,23.599999999999998
61750,23.200000000000003
62000,24.4
62250,26.8
62500,27.200000000000003
62750,26.0
63000,23.599999999999998
63250,26.0
63500,21.2
63750,24.0
64000,23.599999999999998
64250,24.0
64500,24.4
64750,24.8
65000,26.0
65250,30.8
65500,25.6
65750,24.4
66000,26.8
66250,28.4
66500,22.8
66750,28.000000000000004
67000,24.8
67250,26.0
67500,26.8
67750,26.0
68000,25.6
68250,27.6
68500,22.0
68750,28.000000000000004
69000,24.4
69250,29.599999999999998
69500,27.200000000000003
69750,24.0
70000,26.400000000000002
70250,24.8
70500,26.400000000000002
70750,24.4
71000,24.8
71250,26.8
71500,27.200000000000003
71750,24.8
72000,26.400000000000002
72250,26.0
72500,22.400000000000002
72750,25.2
73000,26.0
73250,29.2
73500,25.6
73750,23.599999999999998
74000,26.400000000000002
74250,31.2
74500,24.4
74750,24.8
75000,23.599999999999998
75250,25.2
75500,26.0
75750,26.0
76000,24.0
76250,26.8
76500,24.4
76750,23.599999999999998
77000,27.200000000000003
77250,26.0
77500,24.8
77750,26.400000000000002
78000,22.8
78250,26.400000000000002
78500,26.8
78750,28.799999999999997
79000,20.8
79250,23.599999999999998
79500,21.2
79750,23.599999999999998
80000,25.2
80250,27.6
80500,25.6
80750,23.599999999999998
81000,24.0
81250,25.6
81500,30.4
81750,22.8
82000,23.200000000000003
82250,25.6
82500,26.8
82750,21.6
83000,25.6
83250,24.0
83500,25.6
83750,26.400000000000002
84000,25.6
84250,25.2
84500,24.8
84750,28.000000000000004
85000,28.000000000000004
85250,25.6
85500,24.4
85750,28.000000000000004
86000,25.2
86250,27.6
86500,26.0
86750,28.4
87000,21.2
87250,27.200000000000003
87500,24.4
87750,24.4
88000,26.8
88250,26.400000000000002
88500,24.0
88750,27.200000000000003
89000,22.8
89250,26.400000000000002
89500,26.0
89750,25.2
90000,26.0
90250,27.6
90500,26.0
90750,24.8
91000,26.400000000000002
91250,26.0
91500,27.200000000000003
91750,27.6
92000,27.6
92250,25.6
92500,28.4
92750,22.0
93000,25.6
93250,28.4
93500,28.000000000000004
93750,26.400000000000002
94000,25.2
94250,25.2
94500,24.0
94750,23.200000000000003
95000,21.6
95250,26.0
95500,27.6
95750,26.400000000000002
96000,21.6
96250,28.799999999999997
96500,25.2
96750,25.6
97000,26.400000000000002
97250,22.0
97500,26.400000000000002
97750,22.8
98000,25.6
98250,24.0
98500,25.2
98750,25.2
99000,25.6
99250,25.2
99500,25.2
99750,26.400000000000002
