250,21.2
500,41.6
750,50.0
1000,48.8
1250,50.0
1500,48.0
1750,50.0
2000,50.4
2250,50.4
2500,49.6
2750,50.0
3000,48.4
3250,49.2
3500,48.4
3750,49.2
4000,51.2
4250,51.6
4500,47.599999999999994
4750,48.8
5000,48.8
5250,48.8
5500,50.4
5750,49.6
6000,47.599999999999994
6250,48.4
6500,50.8
6750,48.8
7000,49.6
7250,50.0
7500,51.6
7750,49.6
8000,48.4
8250,49.6
8500,49.2
8750,46.800000000000004
9000,48.8
9250,47.199999999999996
9500,50.0
9750,46.400000000000006
10000,50.0
10250,49.2
10500,48.4
10750,48.8
11000,48.4
11250,50.8
11500,50.8
11750,49.6
12000,49.6
12250,49.6
12500,48.4
12750,49.6
13000,49.6
13250,50.4
13500,47.199999999999996
13750,49.6
14000,49.2
14250,47.199999999999996
14500,51.2
14750,50.8
15000,48.4
15250,50.4
15500,49.6
15750,49.6
16000,50.0
16250,50.8
16500,48.8
16750,48.8
17000,47.599999999999994
17250,48.8
17500,47.199999999999996
17750,48.4
18000,50.4
18250,49.2
18500,49.6
18750,48.8
19000,50.8
19250,50.0
19500,47.599999999999994
19750,46.0
20000,50.0
20250,51.6
20500,49.2
20750,48.0
21000,48.0
21250,48.0
21500,49.6
21750,51.6
22000,50.0
22250,49.2
22500,48.0
22750,48.4
23000,49.6
23250,49.2
23500,47.199999999999996
23750,49.6
24000,48.4
24250,49.6
24500,50.0
24750,50.8
25000,50.8
25250,49.6
25500,49.2
25750,48.0
26000,47.599999999999994
26250,49.6
26500,48.4
26750,47.599999999999994
27000,48.8
27250,48.0
27500,49.2
27750,49.6
28000,50.8
28250,49.6
28500,49.6
28750,47.599999999999994
29000,49.6
29250,48.4
29500,50.0
29750,48.8
30000,46.800000000000004
30250,50.4
30500,49.6
30750,48.8
31000,48.8
31250,48.4
31500,50.0
31750,49.2
32000,48.8
32250,49.6
32500,47.199999999999996
32750,50.4
33000,50.8
33250,50.0
33500,49.6
33750,50.0
34000,49.2
34250,48.4
34500,49.6
34750,48.4
35000,49.6
35250,48.4
35500,49.2
35750,49.2
36000,49.2
36250,48.8
36500,49.2
36750,50.4
37000,48.0
37250,48.8
37500,48.8
37750,49.2
38000,48.8
38250,49.6
38500,50.0
38750,49.2
39000,49.2
39250,50.8
39500,47.599999999999994
39750,49.2
40000,48.4
40250,48.4
40500,47.599999999999994
40750,51.2
41000,49.2
41250,49.6
41500,50.4
41750,47.599999999999994
42000,48.8
42250,50.4
42500,47.599999999999994
42750,48.4
43000,48.8
43250,50.8
43500,50.0
43750,51.2
44000,47.599999999999994
44250,48.8
44500,51.2
44750,48.0
45000,49.6
45250,48.4
45500,50.0
45750,50.4
46000,51.6
46250,49.2
46500,50.0
46750,49.6
47000,49.2
47250,50.4
47500,47.199999999999996
47750,49.2
48000,50.8
48250,48.4
48500,50.0
48750,51.6
49000,50.8
49250,50.4
49500,48.4
49750,49.2
50000,50.0
50250,48.4
50500,48.8
50750,50.8
51000,47.599999999999994
51250,49.2
51500,50.0
51750,50.4
52000,50.0
52250,50.0
52500,48.8
52750,47.599999999999994
53000,49.2
53250,49.6
53500,52.0
53750,50.0
54000,50.8
54250,49.6
54500,48.4
54750,48.4
55000,50.0
55250,49.2
55500,48.4
55750,50.0
56000,50.0
56250,49.6
56500,48.8
56750,49.2
57000,49.2
57250,48.4
57500,49.2
57750,49.2
58000,48.8
58250,50.0
58500,50.8
58750,50.0
59000,48.0
59250,50.4
59500,48.8
59750,49.2
60000,50.0
60250,48.0
60500,49.2
60750,50.4
61000,49.2
61250,49.6
61500,50.4
61750,50.4
62000,50.0
62250,48.8
62500,47.199999999999996
62750,48.8
63000,47.599999999999994
63250,51.6
63500,49.6
63750,49.6
64000,48.4
64250,49.2
64500,48.4
64750,50.8
65000,48.0
65250,50.0
65500,48.0
65750,48.0
66000,48.8
66250,48.8
66500,48.8
66750,48.8
67000,50.0
67250,49.2
67500,49.6
67750,48.8
68000,49.2
68250,47.599999999999994
68500,50.4
68750,49.6
69000,49.6
69250,50.8
69500,49.6
69750,49.6
70000,49.6
70250,50.8
70500,48.0
70750,50.4
71000,49.6
71250,50.4
71500,50.4
71750,48.0
72000,50.0
72250,48.4
72500,48.0
72750,49.6
73000,50.0
73250,50.4
73500,49.2
73750,50.0
74000,49.6
74250,48.4
74500,50.4
74750,48.4
75000,46.400000000000006
75250,48.8
75500,52.800000000000004
75750,48.0
76000,49.6
76250,49.6
76500,49.6
76750,49.6
77000,48.4
77250,49.2
77500,49.2
77750,49.2
78000,48.8
78250,48.8
78500,49.6
78750,47.199999999999996
79000,48.0
79250,48.0
79500,50.4
79750,48.8
80000,49.2
80250,49.2
80500,48.4
80750,49.2
81000,48.8
81250,49.2
81500,49.6
81750,47.199999999999996
82000,48.4
82250,48.8
82500,50.8
82750,47.199999999999996
83000,49.6
83250,49.2
83500,48.8
83750,49.6
84000,46.800000000000004
84250,49.6
84500,50.4
84750,48.8
85000,50.4
85250,49.2
85500,50.8
85750,47.599999999999994
86000,46.800000000000004
86250,48.8
86500,49.6
86750,50.8
87000,46.400000000000006
87250,49.6
87500,48.4
87750,50.4
88000,50.0
88250,50.8
88500,49.6
88750,48.4
89000,47.599999999999994
89250,49.6
89500,48.8
89750,48.0
90000,48.0
90250,50.8
90500,50.4
90750,48.8
91000,50.4
91250,48.8
91500,48.4
91750,49.2
92000,51.2
92250,46.400000000000006
92500,50.4
92750,50.0
93000,49.6
93250,50.0
93500,48.4
93750,46.800000000000004
94000,49.6
94250,50.4
94500,48.4
94750,48.4
95000,49.2
95250,48.4
95500,48.8
95750,50.4
96000,47.599999999999994
96250,49.2
96500,50.0
96750,49.6
97000,49.2
97250,48.8
97500,49.6
97750,49.2
98000,46.400000000000006
98250,50.4
98500,52.800000000000004
98750,49.2
99000,49.2
99250,48.8
99500,48.4
99750,48.8
