500,23.400000000000002,5.063291139240507
1000,43.8,3.364485981308411
1500,49.4,6.666666666666667
2000,49.0,4.8964218455743875
2500,48.4,9.72762645914397
3000,48.8,5.37037037037037
3500,49.8,2.109704641350211
4000,49.8,3.2989690721649487
4500,48.6,5.668016194331984
5000,49.0,4.158790170132325
5500,50.0,2.2598870056497176
6000,49.2,1.153846153846154
6500,49.6,8.064516129032258
7000,49.4,4.25531914893617
7500,50.2,1.9920318725099602
8000,49.4,4.444444444444445
8500,50.0,1.524390243902439
9000,49.8,1.3888888888888888
9500,49.6,2.578268876611418
10000,49.0,5.992509363295881
10500,49.8,3.896103896103896
11000,50.0,1.361573373676248
11500,49.6,4.615384615384616
12000,49.0,1.855287569573284
12500,50.2,2.1341463414634148
13000,49.4,1.2448132780082988
13500,49.4,3.6968576709796674
14000,49.6,5.343511450381679
14500,49.0,4.184100418410042
15000,49.8,3.8461538461538463
15500,49.4,2.371541501976284
16000,49.4,1.763668430335097
16500,49.2,5.183585313174946
17000,49.0,3.2064128256513023
17500,49.2,3.582089552238806
18000,49.8,6.517311608961303
18500,49.6,9.850107066381156
19000,49.8,2.729044834307992
19500,48.8,5.298013245033113
20000,49.4,4.895104895104895
20500,50.0,1.5037593984962405
21000,49.8,3.25497287522604
21500,50.0,1.7241379310344827
22000,49.0,3.3175355450236967
22500,48.199999999999996,3.7422037422037424
23000,49.6,3.6036036036036037
23500,49.4,5.189620758483033
24000,49.8,3.597122302158273
24500,49.6,4.305283757338552
25000,49.2,6.852248394004283
25500,50.0,1.7825311942959003
26000,49.6,4.060913705583756
26500,49.4,2.807017543859649
27000,49.6,2.671118530884808
27500,50.0,1.1235955056179776
28000,49.4,2.4663677130044843
28500,48.8,4.968944099378882
29000,49.2,5.189620758483033
29500,49.6,0.9803921568627451
30000,49.2,6.082289803220036
30500,50.4,2.1671826625387
31000,49.8,2.8213166144200628
31500,50.2,1.8281535648994516
32000,48.8,3.125
32500,48.8,3.2
33000,50.0,2.312138728323699
33500,49.4,4.08997955010225
34000,49.4,3.3962264150943398
34500,49.2,7.171314741035857
35000,49.8,3.50109409190372
35500,49.6,4.545454545454546
36000,49.8,1.6778523489932886
36500,49.8,5.679513184584178
37000,49.6,1.436265709156194
37500,50.0,1.86219739292365
38000,50.4,2.2222222222222223
38500,49.2,1.2096774193548387
39000,49.2,1.8140589569160999
39500,49.6,1.444043321299639
40000,49.6,2.1806853582554515
40500,50.0,3.1645569620253164
41000,49.8,1.6032064128256511
41500,49.4,1.094890510948905
42000,49.2,3.2846715328467155
42500,49.0,1.841620626151013
43000,49.8,6.405693950177936
43500,49.6,1.9880715705765408
44000,50.0,2.3300970873786406
44500,49.6,5.189620758483033
45000,49.4,3.2414910858995136
45500,49.6,3.214285714285714
46000,49.0,10.757946210268948
46500,48.4,5.93607305936073
47000,48.8,8.56610800744879
47500,49.4,1.8214936247723135
48000,49.2,4.246284501061571
48500,49.4,2.547770700636943
49000,49.8,3.463203463203463
49500,49.0,3.6764705882352944
50000,49.2,1.3961605584642234
50500,49.6,4.322200392927308
51000,49.6,3.3962264150943398
51500,49.6,2.3166023166023164
52000,49.6,3.023758099352052
52500,49.0,4.731182795698925
53000,49.0,3.5294117647058822
53500,50.2,4.782608695652174
54000,49.4,1.8691588785046727
54500,49.2,3.9145907473309607
55000,49.6,2.34375
55500,49.6,4.308797127468582
56000,49.6,4.961832061068702
56500,49.6,3.7453183520599254
57000,49.8,1.658374792703151
57500,49.8,2.5174825174825175
58000,49.4,0.48465266558966075
58500,49.6,7.894736842105263
59000,49.6,2.9350104821802936
59500,49.0,2.181818181818182
60000,49.8,3.4602076124567476
60500,50.0,3.9453717754172986
61000,49.6,1.125703564727955
61500,49.6,3.185840707964602
62000,49.8,5.084745762711865
62500,49.6,3.6850921273031827
63000,49.8,1.729106628242075
63500,49.6,2.5878003696857674
64000,49.4,4.0968342644320295
64500,50.2,1.848998459167951
65000,49.6,3.7037037037037033
65500,49.2,2.4242424242424243
66000,49.2,1.7094017094017095
66500,50.0,0.9569377990430622
67000,50.0,4.156479217603912
67500,50.2,2.7777777777777777
68000,50.2,4.53074433656958
68500,50.0,1.7241379310344827
69000,50.0,3.6585365853658534
69500,49.8,2.097902097902098
70000,50.2,1.718213058419244
70500,50.4,1.8382352941176472
71000,50.0,0.3062787136294028
71500,50.0,2.734375
72000,50.4,3.571428571428571
72500,49.6,2.5500910746812386
73000,50.2,5.0
73500,49.8,2.127659574468085
74000,50.2,5.396825396825397
74500,49.8,1.8604651162790697
75000,49.6,2.9850746268656714
75500,50.0,5.0
76000,50.2,2.3494860499265786
76500,50.0,2.5
77000,50.0,1.8779342723004695
77500,50.0,1.297016861219196
78000,49.8,1.4970059880239521
78500,49.8,1.2903225806451613
79000,50.0,4.483188044831881
79500,50.0,4.3312101910828025
80000,50.0,0.8287292817679558
80500,49.6,4.368174726989079
81000,49.8,1.8662519440124419
81500,50.4,1.5625
82000,50.8,1.809954751131222
82500,50.4,3.691275167785235
83000,50.0,2.384500745156483
83500,50.0,4.87062404870624
84000,50.0,2.4464831804281344
84500,50.2,3.0303030303030303
85000,49.8,0.8941877794336811
85500,50.0,4.991087344028521
86000,49.6,3.0927835051546393
86500,49.8,2.4432809773123907
87000,49.2,3.0874785591766725
87500,50.0,4.553415061295972
88000,50.0,2.430555555555556
88500,50.2,1.118881118881119
89000,50.0,1.8276762402088773
89500,50.0,2.0227560050568902
90000,50.0,2.7906976744186047
90500,50.0,2.027883396704689
91000,50.0,3.3482142857142856
91500,50.2,3.7572254335260116
92000,50.4,3.225806451612903
92500,50.0,2.2222222222222223
93000,50.0,1.006711409395973
93500,50.0,2.2838499184339316
94000,50.0,2.8169014084507045
94500,50.4,4.6060606060606055
95000,49.8,2.1479713603818613
95500,50.0,1.804123711340206
96000,50.0,2.7700831024930745
96500,50.0,5.555555555555555
97000,49.8,4.721753794266442
97500,50.2,1.8111254851228977
98000,50.0,0.6147540983606558
98500,50.4,2.8291621327529923
99000,50.0,3.612903225806452
99500,50.0,2.435723951285521
