500,31.4,4.664723032069971
1000,47.599999999999994,3.1413612565445024
1500,51.2,4.767879548306149
2000,51.800000000000004,2.642276422764228
2500,52.2,4.191114836546522
3000,50.6,2.008608321377331
3500,50.4,0.7604562737642585
4000,50.6,0.9075439591605219
4500,50.6,1.727328809376928
5000,50.8,1.4129736673089275
5500,51.4,0.7936507936507936
6000,51.0,0.42523033309709424
6500,50.4,3.3587786259541987
7000,50.6,1.4114326040931546
7500,50.6,0.684931506849315
8000,51.2,1.7094017094017095
8500,51.0,0.6868131868131868
9000,50.2,0.6968641114982579
9500,50.6,0.9421265141318977
10000,50.6,2.5
10500,50.6,1.6415868673050615
11000,50.6,0.7973421926910298
11500,51.2,1.4925373134328357
12000,51.2,0.5232177894048398
12500,51.0,0.8744534665833853
13000,51.2,0.5277044854881267
13500,51.4,1.200800533689126
14000,51.4,1.9539427773900906
14500,51.800000000000004,1.544943820224719
15000,50.8,1.566951566951567
15500,51.2,0.8633093525179856
16000,51.4,0.4891684136967156
16500,50.8,1.7253774263120056
17000,50.2,1.0884353741496597
17500,50.8,1.40485312899106
18000,50.6,1.8360655737704918
18500,51.4,2.920634920634921
19000,50.6,0.9061488673139159
19500,51.800000000000004,1.4916096954630205
20000,51.0,1.7845761631612493
20500,50.8,0.5105296745373326
21000,50.8,1.1642949547218628
21500,51.4,0.6635700066357001
22000,50.8,0.8463541666666666
22500,51.2,0.9586578789694428
23000,50.8,1.309757694826457
23500,51.0,1.8555334658714382
24000,51.2,1.310615989515072
24500,51.2,1.602136181575434
25000,51.0,2.48790601243953
25500,51.0,0.8385744234800839
26000,51.0,1.5789473684210527
26500,50.4,0.7687379884689303
27000,51.4,0.8663366336633664
27500,51.800000000000004,0.5018820577164366
28000,51.2,0.5671077504725899
28500,50.6,1.4705882352941175
29000,50.8,1.8170019467878002
29500,50.2,0.6493506493506493
30000,51.4,1.969796454366382
30500,51.800000000000004,1.0382868267358858
31000,51.0,1.160541586073501
31500,50.8,0.7667731629392971
32000,51.6,1.0289389067524115
32500,50.8,0.9339559706470981
33000,51.6,0.8135593220338984
33500,51.6,1.3201320132013201
34000,51.0,0.9834050399508296
34500,51.0,2.3676012461059193
35000,51.4,0.9962640099626401
35500,50.8,1.735895846249225
36000,50.6,0.569620253164557
36500,51.2,1.8276762402088773
37000,50.6,0.6854009595613434
37500,51.6,0.53085600530856
38000,52.0,0.9210526315789472
38500,50.8,0.5121638924455826
39000,50.8,0.6418485237483954
39500,51.0,0.5082592121982211
40000,50.6,0.5428226779252111
40500,50.6,1.6129032258064515
41000,50.4,0.4455760661998727
41500,51.4,0.44814340588988477
42000,52.2,1.2953367875647668
42500,50.8,0.7339449541284404
43000,51.2,2.1686746987951806
43500,51.800000000000004,0.6242197253433208
44000,51.6,0.9461856889414548
44500,50.8,1.4647887323943662
45000,50.8,1.0615711252653928
45500,51.2,0.9508716323296356
46000,50.6,2.1483375959079285
46500,51.2,1.4893617021276597
47000,51.0,2.5737265415549597
47500,50.8,0.35282258064516125
48000,51.2,1.0970927043335161
48500,50.0,0.7100591715976331
49000,50.8,1.0676156583629894
49500,51.0,1.1947431302270013
50000,50.6,0.4629629629629629
50500,50.4,1.380897583429229
51000,51.4,1.0644589000591367
51500,50.2,0.6604292790313704
52000,51.6,0.7287870900572618
52500,51.0,1.1218765935747066
53000,51.6,0.7881773399014778
53500,51.4,1.1011011011011012
54000,50.8,0.3334921391138637
54500,50.6,1.0436432637571158
55000,51.2,0.5573618207152811
55500,51.0,1.0013654984069187
56000,50.4,1.4911463187325256
56500,51.0,0.9537434430138292
57000,51.6,0.5628517823639775
57500,50.8,0.837598883201489
58000,51.0,0.2776492364645997
58500,51.2,1.7458777885548011
59000,51.2,0.9760858955588092
59500,51.0,0.7031642390758412
60000,51.0,1.0230179028132993
60500,51.0,1.314459049544995
61000,51.2,0.40506329113924056
61500,50.8,0.7458710708577517
62000,50.6,1.2924071082390953
62500,51.2,1.0683760683760684
63000,52.0,0.6309148264984227
63500,51.4,0.7972097658196312
64000,50.6,1.0204081632653061
64500,51.0,0.6381039197812215
65000,50.2,0.8115419296663661
65500,51.2,0.5314437555358724
66000,51.0,0.3063457330415755
66500,50.6,0.20938023450586263
67000,51.800000000000004,1.5055467511885896
67500,51.4,0.7061592781482934
68000,50.4,1.1159824631327222
68500,51.0,0.4140786749482402
69000,51.4,1.0723860589812333
69500,50.2,0.58167716917111
70000,51.4,0.47125353440150797
70500,52.0,0.5657708628005658
71000,50.8,0.09289363678588017
71500,50.8,0.6717850287907869
72000,51.4,0.8383791336748951
72500,51.6,0.4466279589102278
73000,52.0,1.0558732952045755
73500,50.8,0.41649312786339027
74000,51.2,1.2877263581488934
74500,50.8,0.482315112540193
75000,50.4,0.6160954948016942
75500,51.4,0.9822440498677748
76000,51.2,0.6015037593984963
76500,50.4,0.597237775289287
77000,50.6,0.6017299736743137
77500,51.0,0.3703703703703704
78000,52.0,0.5070626584570808
78500,51.0,0.11078286558345643
79000,51.4,1.2186379928315414
79500,50.8,1.1976047904191618
80000,50.8,0.22480329711502436
80500,50.6,1.0823347506764593
81000,51.4,0.5794701986754967
81500,50.6,0.32336297493936944
82000,51.0,0.5076142131979695
82500,50.8,0.9255363904080774
83000,51.2,0.7355946056395587
83500,50.6,1.0833333333333335
84000,50.4,0.5008347245409015
84500,50.8,0.731409995936611
85000,51.800000000000004,0.2347417840375587
85500,51.0,0.977076287110109
86000,51.6,0.5090909090909091
86500,51.2,0.5792903692976104
87000,50.2,0.5113221329437546
87500,51.2,0.8424008424008425
88000,51.4,0.48493245583650846
88500,50.4,0.2757669769045157
89000,50.4,0.48746518105849584
89500,50.8,0.41265474552957354
90000,50.6,0.9072580645161291
90500,50.6,0.53085600530856
91000,50.2,1.0445682451253482
91500,51.6,0.9403254972875227
92000,51.0,0.735023888276369
92500,51.2,0.5751258087706687
93000,50.8,0.3048780487804878
93500,51.2,0.51698670605613
94000,50.8,0.7007708479327259
94500,51.4,1.2048192771084338
95000,50.2,0.6637902422834384
95500,51.0,0.46885465505693236
96000,50.6,0.7154471544715447
96500,51.4,1.3333333333333335
97000,50.8,0.8480104370515329
97500,51.0,0.4529278550630864
98000,50.8,0.19430051813471502
98500,50.8,0.8322663252240717
99000,51.2,0.8695652173913043
99500,50.8,0.5577936163619461
