500,28.999999999999996,4.804804804804805
1000,46.400000000000006,3.2200357781753133
1500,49.6,4.903225806451613
2000,51.0,2.7083333333333335
2500,51.0,4.284490145672665
3000,50.2,2.4669603524229076
3500,50.4,1.1988011988011988
4000,50.4,1.4705882352941175
4500,50.2,2.7777777777777777
5000,50.4,2.167487684729064
5500,51.0,1.1059907834101383
6000,50.6,0.56657223796034
6500,50.0,4.382470119521913
7000,50.4,1.8604651162790697
7500,50.4,0.9541984732824428
8000,51.0,2.081362346263009
8500,50.4,0.9017132551848512
9000,50.2,0.9478672985781991
9500,50.2,1.302325581395349
10000,50.0,3.098106712564544
10500,50.6,2.1145374449339207
11000,50.4,1.0938924339106655
11500,50.8,2.0522388059701493
12000,50.2,0.9057971014492754
12500,50.6,1.192504258943782
13000,50.4,0.5581395348837209
13500,50.6,1.7809439002671414
14000,50.6,2.9350104821802936
14500,51.2,2.0429009193054135
15000,50.6,1.9298245614035088
15500,50.2,1.1173184357541899
16000,50.6,0.904977375565611
16500,50.4,2.5267249757045676
17000,50.2,1.5732546705998034
17500,50.4,1.8932874354561102
18000,50.4,3.022670025188917
18500,50.6,3.653693407466243
19000,50.2,1.2488849241748439
19500,51.2,2.4528301886792456
20000,50.4,2.4117140396210166
20500,50.4,0.8688097306689836
21000,50.4,1.5254237288135595
21500,51.0,0.8090614886731391
22000,50.4,1.160541586073501
22500,50.8,1.6333938294010888
23000,50.6,1.9011406844106464
23500,50.4,2.4505183788878417
24000,50.6,1.784121320249777
24500,50.4,2.2132796780684103
25000,50.6,3.71900826446281
25500,50.8,1.098901098901099
26000,50.4,2.1699819168173597
26500,50.0,1.399825021872266
27000,50.6,1.1254019292604502
27500,50.8,0.495458298926507
28000,50.6,1.0166358595194085
28500,50.4,2.214022140221402
29000,50.2,2.3963133640553
29500,50.2,0.5136986301369862
30000,51.0,2.842809364548495
30500,51.0,1.3366750208855471
31000,50.4,1.6651248843663276
31500,50.6,0.8944543828264758
32000,50.6,1.4479638009049773
32500,50.2,1.48975791433892
33000,50.4,1.2567324955116697
33500,50.8,2.0408163265306123
34000,50.2,1.5397775876817792
34500,50.8,3.119584055459272
35000,51.2,1.4298480786416443
35500,50.0,2.3701002734731085
36000,50.4,1.001001001001001
36500,51.2,2.5594149908592323
37000,51.0,0.7194244604316548
37500,51.0,0.8438818565400843
38000,50.6,0.8880994671403196
38500,50.0,0.5305039787798408
39000,50.4,0.7272727272727273
39500,50.4,0.7226738934056007
40000,50.2,1.1466011466011465
40500,50.0,1.6051364365971106
41000,50.2,0.7136485280999109
41500,50.8,0.5037783375314862
42000,51.0,1.8001800180018002
42500,50.0,1.2727272727272727
43000,50.8,3.180212014134275
43500,50.8,0.877963125548727
44000,50.6,1.2334801762114538
44500,50.2,2.083333333333333
45000,50.6,1.7211703958691909
45500,50.6,1.5785319652722969
46000,50.4,3.2134659525631215
46500,50.4,2.1068472535741156
47000,50.6,3.599374021909233
47500,50.2,0.7047216349541932
48000,50.4,1.6299918500407498
48500,50.0,0.9478672985781991
49000,50.2,1.2326656394453006
49500,50.6,1.6353229762878168
50000,50.2,0.6467259498787389
50500,50.0,1.875
51000,50.8,1.4814814814814816
51500,50.0,0.9685230024213075
52000,50.4,1.0844306738962044
52500,50.6,1.9047619047619049
53000,51.2,1.4184397163120568
53500,51.0,2.0016680567139282
54000,50.4,0.6802721088435374
54500,50.4,1.6142050040355123
55000,50.4,0.9803921568627451
55500,50.4,1.9308125502815767
56000,50.6,2.341137123745819
56500,50.6,1.5873015873015872
57000,51.4,0.9056603773584906
57500,50.2,1.2048192771084338
58000,50.6,0.1949317738791423
58500,51.0,2.710027100271003
59000,50.4,0.9150326797385622
59500,50.6,0.8733624454148471
60000,50.8,1.6296296296296295
60500,50.6,1.8718502519798417
61000,50.6,0.42016806722689076
61500,50.8,1.0455563853622107
62000,50.4,1.805869074492099
62500,51.0,1.7054263565891472
63000,50.6,0.8941877794336811
63500,50.6,1.1544011544011543
64000,50.2,1.5172413793103448
64500,50.2,0.8042895442359249
65000,50.4,1.2554927809165097
65500,50.4,0.7848266841072596
66000,50.4,0.5706134094151213
66500,50.2,0.4524886877828055
67000,50.8,2.1831412977562157
67500,51.2,1.115933044017359
68000,50.4,1.7391304347826086
68500,50.4,0.6230529595015576
69000,50.8,1.2933568489124045
69500,50.0,0.7580543272267846
70000,50.6,0.7112375533428165
70500,51.4,0.7017543859649122
71000,50.6,0.12779552715654952
71500,50.6,0.9240924092409241
72000,50.6,1.2626262626262625
72500,50.6,0.8766437069505322
73000,51.0,1.5424164524421593
73500,50.4,0.6305170239596469
74000,50.4,2.278820375335121
74500,50.2,0.7672634271099744
75000,50.4,1.186552406064601
75500,50.8,1.6249153689911984
76000,50.4,1.0430247718383312
76500,50.2,1.2853470437017995
77000,50.0,1.0062893081761006
77500,50.2,0.670690811535882
78000,50.8,0.8141112618724559
78500,50.6,0.6476683937823834
79000,51.0,1.9664545980335453
79500,50.2,1.8162393162393164
80000,50.4,0.3189792663476874
80500,50.6,1.5029522275899088
81000,50.6,0.6648199445983379
81500,50.6,0.42895442359249336
82000,51.0,0.690846286701209
82500,50.6,1.340645947592931
83000,50.8,0.9900990099009901
83500,50.2,2.038216560509554
84000,50.0,0.8985879332477535
84500,50.6,1.1090573012939002
85000,50.8,0.356718192627824
85500,50.6,1.5312131919905771
86000,51.2,1.0863005431502715
86500,51.0,0.8991650610147719
87000,50.4,1.1063306699446833
87500,50.4,1.6850291639662993
88000,50.2,0.9943181818181818
88500,50.2,0.5606166783461808
89000,50.0,0.8934269304403318
89500,50.4,0.955794504181601
90000,50.4,1.3566986998304127
90500,50.8,0.9200690051753881
91000,50.0,1.5521064301552108
91500,51.0,1.3756613756613756
92000,51.0,1.023541453428864
92500,50.4,0.7235142118863048
93000,50.6,0.3157894736842105
93500,50.4,0.7860752386299831
94000,50.6,1.0438413361169103
94500,50.8,1.9328585961342828
95000,50.0,0.9579563597658328
95500,50.4,0.776914539400666
96000,50.4,1.1185682326621924
96500,50.4,2.3307436182019976
97000,50.2,1.4942528735632183
97500,50.8,0.8
98000,50.4,0.33651149747616377
98500,50.6,1.6374269005847955
99000,50.6,1.6203703703703702
99500,50.4,0.8705114254624592
