500,18.4,7.511737089201878
1000,27.400000000000002,9.72972972972973
1500,28.4,16.9811320754717
2000,26.8,12.380952380952381
2500,25.8,22.429906542056074
3000,28.000000000000004,14.07035175879397
3500,30.2,7.042253521126761
4000,28.599999999999998,11.510791366906476
4500,31.8,19.310344827586206
5000,26.6,16.176470588235293
5500,27.6,6.293706293706294
6000,29.4,4.026845637583892
6500,31.0,29.1970802919708
7000,28.4,14.388489208633093
7500,27.0,7.2992700729927
8000,29.799999999999997,14.5985401459854
8500,32.6,7.042253521126761
9000,31.8,6.451612903225806
9500,28.999999999999996,10.294117647058822
10000,28.4,20.97902097902098
10500,30.4,17.142857142857142
11000,30.4,5.128205128205128
11500,28.599999999999998,16.551724137931036
12000,28.999999999999996,6.756756756756757
12500,31.4,9.395973154362416
13000,29.599999999999998,2.9629629629629632
13500,28.799999999999997,12.32876712328767
14000,30.2,18.705035971223023
14500,27.200000000000003,16.417910447761194
15000,28.999999999999996,13.88888888888889
15500,28.4,8.275862068965518
16000,31.0,6.535947712418301
16500,29.599999999999998,16.0
17000,27.800000000000004,9.929078014184398
17500,32.0,16.43835616438356
18000,26.8,23.88059701492537
18500,28.000000000000004,36.36363636363637
19000,30.599999999999998,10.071942446043165
19500,31.6,18.3206106870229
20000,26.6,19.25925925925926
20500,28.4,7.2992700729927
21000,27.6,13.043478260869565
21500,30.0,5.839416058394161
22000,32.4,9.45945945945946
22500,28.999999999999996,15.151515151515152
23000,31.4,15.686274509803921
23500,31.4,16.783216783216783
24000,30.4,13.513513513513514
24500,25.4,15.068493150684931
25000,26.8,20.54794520547945
25500,30.8,6.7114093959731544
26000,29.2,21.21212121212121
26500,31.4,11.510791366906476
27000,28.799999999999997,9.859154929577464
27500,30.4,4.225352112676056
28000,30.2,7.638888888888889
28500,31.6,16.0
29000,28.000000000000004,22.388059701492537
29500,29.799999999999997,5.88235294117647
30000,28.999999999999996,27.06766917293233
30500,27.400000000000002,8.823529411764707
31000,29.799999999999997,14.285714285714285
31500,30.599999999999998,5.673758865248227
32000,31.2,11.03448275862069
32500,27.400000000000002,11.347517730496454
33000,32.0,8.0
33500,29.4,12.5
34000,29.2,11.851851851851853
34500,28.4,23.88059701492537
35000,29.2,8.571428571428571
35500,29.799999999999997,16.666666666666664
36000,27.6,5.797101449275362
36500,27.200000000000003,21.374045801526716
37000,28.199999999999996,5.161290322580645
37500,29.799999999999997,5.88235294117647
38000,29.4,8.51063829787234
38500,29.2,5.755395683453238
39000,28.000000000000004,4.316546762589928
39500,29.799999999999997,3.896103896103896
40000,29.799999999999997,9.032258064516128
40500,28.4,12.987012987012985
41000,28.799999999999997,5.755395683453238
41500,29.2,2.7777777777777777
42000,27.400000000000002,13.23529411764706
42500,31.0,5.839416058394161
43000,29.4,27.480916030534353
43500,26.8,6.535947712418301
44000,29.2,8.108108108108109
44500,29.599999999999998,19.047619047619047
45000,28.4,15.151515151515152
45500,28.199999999999996,15.267175572519085
46000,26.8,32.35294117647059
46500,30.0,18.439716312056735
47000,28.4,32.35294117647059
47500,30.4,5.517241379310345
48000,29.599999999999998,13.698630136986301
48500,28.000000000000004,8.333333333333332
49000,27.400000000000002,11.267605633802818
49500,31.0,14.285714285714285
50000,29.599999999999998,4.225352112676056
50500,31.2,17.105263157894736
51000,28.4,10.95890410958904
51500,30.4,7.518796992481203
52000,28.4,9.79020979020979
52500,29.2,16.541353383458645
53000,28.000000000000004,13.698630136986301
53500,27.6,13.23529411764706
54000,28.199999999999996,5.333333333333334
54500,28.599999999999998,14.76510067114094
55000,29.599999999999998,8.450704225352112
55500,27.800000000000004,15.789473684210526
56000,27.6,23.357664233576642
56500,30.599999999999998,14.084507042253522
57000,31.8,8.275862068965518
57500,29.599999999999998,12.676056338028168
58000,30.2,1.9736842105263157
58500,30.599999999999998,24.489795918367346
59000,32.4,11.11111111111111
59500,29.2,8.0
60000,31.8,14.193548387096774
60500,28.199999999999996,17.218543046357617
61000,29.799999999999997,4.166666666666666
61500,28.999999999999996,12.080536912751679
62000,26.8,18.181818181818183
62500,31.0,13.836477987421384
63000,27.6,8.633093525179856
63500,26.8,8.955223880597014
64000,27.200000000000003,14.184397163120568
64500,29.599999999999998,8.955223880597014
65000,29.4,12.162162162162163
65500,32.4,8.108108108108109
66000,28.199999999999996,5.839416058394161
66500,30.2,4.316546762589928
67000,29.799999999999997,20.833333333333336
67500,29.4,13.422818791946309
68000,29.2,20.8955223880597
68500,28.000000000000004,7.8125
69000,29.2,16.901408450704224
69500,30.599999999999998,6.8493150684931505
70000,27.400000000000002,6.756756756756757
70500,29.799999999999997,6.7114093959731544
71000,28.599999999999998,1.4184397163120568
71500,30.2,8.275862068965518
72000,28.599999999999998,14.492753623188406
72500,26.6,9.022556390977442
73000,29.599999999999998,20.8955223880597
73500,30.2,6.8493150684931505
74000,28.999999999999996,20.833333333333336
74500,30.2,8.823529411764707
75000,30.0,11.678832116788321
75500,28.4,19.84732824427481
76000,28.599999999999998,11.594202898550725
76500,29.599999999999998,14.285714285714285
77000,29.799999999999997,10.32258064516129
77500,30.0,6.756756756756757
78000,29.599999999999998,7.4074074074074066
78500,30.4,7.246376811594203
79000,29.4,25.37313432835821
79500,24.8,24.285714285714285
80000,28.4,4.0
80500,31.0,19.444444444444446
81000,26.6,8.633093525179856
81500,30.8,6.451612903225806
82000,27.400000000000002,8.695652173913043
82500,28.199999999999996,15.602836879432624
83000,27.800000000000004,9.271523178807946
83500,27.200000000000003,20.74074074074074
84000,29.799999999999997,9.271523178807946
84500,28.599999999999998,12.949640287769784
85000,31.0,4.10958904109589
85500,28.799999999999997,17.02127659574468
86000,30.599999999999998,12.5
86500,31.8,7.894736842105263
87000,29.599999999999998,12.949640287769784
87500,30.0,19.310344827586206
88000,28.4,8.51063829787234
88500,30.0,5.839416058394161
89000,28.599999999999998,9.395973154362416
89500,31.0,11.11111111111111
90000,28.4,17.741935483870968
90500,29.2,11.11111111111111
91000,31.2,20.28985507246377
91500,30.2,18.571428571428573
92000,32.4,12.587412587412588
92500,30.0,8.053691275167784
93000,28.599999999999998,3.870967741935484
93500,31.8,11.267605633802818
94000,28.799999999999997,13.071895424836603
94500,29.2,27.906976744186046
95000,27.6,12.5
95500,28.599999999999998,9.210526315789473
96000,29.2,16.417910447761194
96500,30.4,30.76923076923077
97000,28.599999999999998,18.84057971014493
97500,28.799999999999997,9.859154929577464
98000,29.2,3.870967741935484
98500,28.000000000000004,15.827338129496402
99000,28.199999999999996,22.388059701492537
99500,28.999999999999996,13.533834586466165
