500,31.4,0.0
1000,49.2,3.098106712564544
1500,51.6,4.708798017348203
2000,52.2,2.610441767068273
2500,52.6,4.142502071251036
3000,50.8,1.98722498225692
3500,50.4,0.7532956685499058
4000,50.8,0.8993816750983699
4500,51.0,1.4477766287487073
5000,51.2,1.251303441084463
5500,51.4,0.6857142857142857
6000,51.2,0.37453183520599254
6500,50.6,2.9609690444145356
7000,50.6,1.3360053440213762
7500,50.6,0.6265664160401002
8000,51.4,1.4962593516209477
8500,51.2,0.6293266205160478
9000,50.2,0.6053268765133172
9500,50.6,0.8464328899637243
10000,50.6,2.0444978953698136
10500,50.8,1.4925373134328357
11000,51.0,0.7467330429371499
11500,51.4,1.3439218081857056
12000,51.800000000000004,0.46975924838520255
12500,51.0,0.8027522935779817
13000,51.4,0.48250904704463204
13500,51.4,1.1036174126302882
14000,51.6,1.701093560145808
14500,52.400000000000006,1.375
15000,51.2,1.3530135301353015
15500,52.0,0.7905138339920948
16000,51.6,0.4513217279174726
16500,51.0,1.5957446808510638
17000,50.4,1.014584654407102
17500,51.4,1.3095238095238095
18000,50.6,1.7502917152858808
18500,51.6,2.6345933562428407
19000,50.6,0.8172796263864566
19500,52.0,1.3415315818893236
20000,51.2,1.6304347826086956
20500,50.8,0.4524886877828055
21000,50.8,0.89736399326977
21500,51.6,0.5817335660267597
22000,51.0,0.7701421800947867
22500,51.2,0.8923591745677636
23000,51.0,1.2658227848101267
23500,51.0,1.6519174041297935
24000,51.800000000000004,1.1514104778353482
24500,51.4,1.4076246334310851
25000,51.4,1.9127316198445903
25500,51.4,0.7100591715976331
26000,51.0,1.430274135876043
26500,50.6,0.6932409012131715
27000,52.2,0.7954545454545454
27500,52.0,0.45558086560364464
28000,51.2,0.51933064050779
28500,50.8,1.36986301369863
29000,51.0,1.5350877192982455
29500,50.6,0.5824111822947
30000,51.4,1.9013666072489603
30500,52.2,0.8293838862559242
31000,51.4,1.0416666666666665
31500,50.8,0.6924408540103866
32000,52.0,0.7945516458569807
32500,51.6,0.8215962441314555
33000,51.800000000000004,0.7029876977152899
33500,51.800000000000004,1.1961722488038278
34000,51.2,0.9184845005740528
34500,51.4,2.108768035516093
35000,51.6,0.9096077316657191
35500,50.8,1.5546918378678511
36000,51.0,0.5013927576601671
36500,51.4,1.5712682379349048
37000,50.8,0.6814310051107325
37500,51.800000000000004,0.44469149527515284
38000,52.2,0.8373205741626795
38500,51.2,0.4576659038901602
39000,51.0,0.5652911249293386
39500,51.800000000000004,0.4759071980963712
40000,51.2,0.49586776859504134
40500,51.4,1.4714204867006226
41000,50.6,0.41371158392434987
41500,52.0,0.39303761931499154
42000,52.400000000000006,1.145475372279496
42500,51.0,0.6715165081141579
43000,51.6,1.9543973941368076
43500,52.0,0.5390835579514826
44000,51.6,0.8556149732620321
44500,51.2,1.3312852022529442
45000,51.2,0.9775171065493646
45500,51.2,0.8653846153846154
46000,50.8,1.932367149758454
46500,51.4,1.3339685564554549
47000,51.4,2.4801587301587302
47500,51.0,0.3248259860788863
48000,51.4,0.978952520802741
48500,50.2,0.6191950464396285
49000,52.0,0.9503695881731784
49500,51.6,1.1049723756906076
50000,50.6,0.4273504273504274
50500,50.6,1.2745618693574083
51000,51.4,0.9584664536741214
51500,50.2,0.6263048016701461
52000,52.0,0.6947890818858561
52500,51.2,1.056168987037926
53000,51.800000000000004,0.7349563619660082
53500,52.0,0.8241758241758242
54000,51.4,0.30973451327433627
54500,50.8,0.9446114212108201
55000,51.2,0.5054759898904801
55500,51.0,0.897226753670473
56000,50.6,1.2743926722421346
56500,51.0,0.7145692735212386
57000,52.2,0.4922067268252666
57500,51.4,0.7371007371007371
58000,51.0,0.2540220152413209
58500,51.6,1.5463917525773196
59000,51.2,0.8741258741258742
59500,51.2,0.6258381761287439
60000,51.4,0.8861320336730172
60500,51.4,1.1304347826086958
61000,51.4,0.32935364347468093
61500,50.8,0.6587072869493619
62000,50.8,0.9913258983890955
62500,51.0,0.8183306055646482
63000,52.0,0.4728132387706856
63500,51.2,0.6146753745678064
64000,51.0,0.8264462809917356
64500,51.2,0.5083514887436456
65000,50.6,0.6360424028268552
65500,51.2,0.42995342171264783
66000,51.0,0.2511661284535343
66500,51.0,0.17812611328820804
67000,52.400000000000006,1.1809656130600903
67500,51.800000000000004,0.7385524372230428
68000,50.4,1.0362694300518136
68500,51.4,0.38197097020626436
69000,51.6,0.9419152276295133
69500,50.6,0.5078290308929327
70000,51.4,0.4244482173174873
70500,52.0,0.5033557046979865
71000,51.2,0.07990411506192568
71500,51.0,0.5725971370143149
72000,51.800000000000004,0.7604562737642585
72500,51.800000000000004,0.39745627980922094
73000,52.2,1.0077519379844961
73500,50.8,0.3738317757009346
74000,51.800000000000004,1.2327773749093547
74500,50.8,0.43227665706051877
75000,51.0,0.5590496156533892
75500,52.2,0.8388675288360714
76000,51.6,0.5483207676490748
76500,50.8,0.5486968449931412
77000,51.2,0.5462615227039945
77500,51.4,0.3471017007983339
78000,52.6,0.47011417058428473
78500,51.0,0.10016694490818029
79000,51.4,1.1078527207559465
79500,51.4,1.0786802030456852
80000,51.6,0.19913707268503153
80500,50.8,0.9671848013816925
81000,51.6,0.4961020552799433
81500,51.4,0.36140224069389226
82000,51.0,0.423728813559322
82500,51.2,0.7692307692307693
83000,51.0,0.6091370558375634
83500,50.8,0.9566108643662453
84000,50.8,0.3994673768308922
84500,51.0,0.5802707930367506
85000,52.400000000000006,0.18581604211830288
85500,51.0,0.7862110674327185
86000,51.800000000000004,0.4298434141848327
86500,51.2,0.48602673147023084
87000,51.2,0.43437790878063914
87500,51.0,0.720937218383899
88000,52.400000000000006,0.41297935103244837
88500,50.6,0.23350846468184472
89000,51.2,0.4032258064516129
89500,51.0,0.3422703936109527
90000,50.8,0.7897045919859609
90500,50.8,0.5048911328494794
91000,50.4,0.9624639076034648
91500,51.6,0.8580858085808581
92000,51.4,0.6795786612300373
92500,51.2,0.535475234270415
93000,51.0,0.27100271002710025
93500,51.6,0.46465316959840686
94000,50.8,0.6408202499198975
94500,51.4,1.1660018410555384
95000,50.6,0.6067961165048543
95500,51.6,0.4161712247324614
96000,50.8,0.5812263876780006
96500,51.6,1.1884550084889642
97000,50.8,0.7458405048766494
97500,51.0,0.395703787450537
98000,50.8,0.17123287671232876
98500,51.2,0.7230255839822024
99000,51.800000000000004,0.8156606851549755
99500,51.0,0.5497526113249038
