250,17.599999999999998,0.0
500,29.2,0.0
750,42.0,0.0
1000,45.6,0.0
1250,48.8,0.0
1500,50.0,0.0
1750,48.0,0.0
2000,50.0,0.0
2250,48.4,0.0
2500,48.4,0.0
2750,49.2,0.0
3000,48.4,0.0
3250,48.4,0.0
3500,50.4,0.0
3750,50.0,0.0
4000,49.2,0.0
4250,47.599999999999994,0.0
4500,47.599999999999994,0.0
4750,47.199999999999996,0.0
5000,48.8,0.0
5250,49.6,0.0
5500,50.0,0.0
5750,48.8,0.0
6000,48.0,0.0
6250,49.6,0.0
6500,49.2,0.0
6750,49.2,0.0
7000,49.6,0.0
7250,49.2,0.0
7500,50.4,0.0
7750,49.6,0.0
8000,48.4,0.0
8250,50.0,0.0
8500,48.8,0.0
8750,49.2,0.0
9000,50.0,0.0
9250,50.0,0.0
9500,49.2,0.0
9750,48.8,0.0
10000,48.4,0.0
10250,48.4,0.0
10500,49.6,0.0
10750,49.6,0.0
11000,50.0,0.0
11250,49.2,0.0
11500,49.2,0.0
11750,46.400000000000006,0.0
12000,49.2,0.0
12250,50.4,0.0
12500,49.6,0.0
12750,50.0,0.0
13000,48.0,0.0
13250,49.2,0.0
13500,48.8,0.0
13750,47.599999999999994,0.0
14000,50.0,0.0
14250,49.6,0.0
14500,48.4,0.0
14750,50.0,0.0
15000,48.8,0.0
15250,49.2,0.0
15500,48.0,0.0
15750,49.2,0.0
16000,48.8,0.0
16250,48.8,0.0
16500,48.8,0.0
16750,48.8,0.0
17000,47.599999999999994,0.0
17250,47.599999999999994,0.0
17500,48.4,0.0
17750,49.6,0.0
18000,48.8,0.0
18250,49.6,0.0
18500,48.4,0.0
18750,49.2,0.0
19000,50.0,0.0
19250,48.8,0.0
19500,47.199999999999996,0.0
19750,48.4,0.0
20000,48.8,0.0
20250,50.0,0.0
20500,50.0,0.0
20750,49.2,0.0
21000,49.6,0.0
21250,50.0,0.0
21500,50.0,0.0
21750,49.2,0.0
22000,48.0,0.0
22250,46.800000000000004,0.0
22500,46.400000000000006,0.0
22750,49.2,0.0
23000,49.2,0.0
23250,49.2,0.0
23500,49.2,0.0
23750,48.8,0.0
24000,49.6,0.0
24250,50.4,0.0
24500,48.4,0.0
24750,48.4,0.0
25000,48.4,0.0
25250,48.8,0.0
25500,49.6,0.0
25750,49.6,0.0
26000,49.2,0.0
26250,47.599999999999994,0.0
26500,49.6,0.0
26750,49.2,0.0
27000,48.4,0.0
27250,48.8,0.0
27500,50.4,0.0
27750,49.6,0.0
28000,48.8,0.0
28250,47.599999999999994,0.0
28500,48.0,0.0
28750,48.8,0.0
29000,48.4,0.0
29250,48.4,0.0
29500,49.2,0.0
29750,48.8,0.0
30000,48.8,0.0
30250,50.4,0.0
30500,50.4,0.0
30750,49.2,0.0
31000,49.6,0.0
31250,49.6,0.0
31500,50.8,0.0
31750,48.0,0.0
32000,48.0,0.0
32250,48.4,0.0
32500,48.0,0.0
32750,48.0,0.0
33000,50.0,0.0
33250,49.2,0.0
33500,49.6,0.0
33750,48.4,0.0
34000,49.2,0.0
34250,49.2,0.0
34500,47.599999999999994,0.0
34750,49.2,0.0
35000,49.6,0.0
35250,49.2,0.0
35500,48.8,0.0
35750,48.8,0.0
36000,48.8,0.0
36250,49.2,0.0
36500,48.8,0.0
36750,49.6,0.0
37000,49.2,0.0
37250,50.0,0.0
37500,50.0,0.0
37750,50.0,0.0
38000,50.4,0.0
38250,49.2,0.0
38500,48.8,0.0
38750,48.4,0.0
39000,49.2,0.0
39250,49.6,0.0
39500,49.2,0.0
39750,48.8,0.0
40000,49.2,0.0
40250,50.0,0.0
40500,50.0,0.0
40750,50.0,0.0
41000,48.8,0.0
41250,48.8,0.0
41500,48.4,0.0
41750,47.199999999999996,0.0
42000,48.8,0.0
42250,48.4,0.0
42500,48.8,0.0
42750,48.4,0.0
43000,49.6,0.0
43250,50.0,0.0
43500,49.6,0.0
43750,50.4,0.0
44000,49.2,0.0
44250,49.2,0.0
44500,49.2,0.0
44750,48.4,0.0
45000,50.0,0.0
45250,49.6,0.0
45500,49.2,0.0
45750,48.0,0.0
46000,48.4,0.0
46250,47.599999999999994,0.0
46500,47.199999999999996,0.0
46750,48.0,0.0
47000,47.599999999999994,0.0
47250,48.4,0.0
47500,48.4,0.0
47750,48.4,0.0
48000,49.2,0.0
48250,48.4,0.0
48500,48.0,0.0
48750,49.6,0.0
49000,48.8,0.0
49250,47.599999999999994,0.0
49500,49.2,0.0
49750,49.2,0.0
50000,48.8,0.0
50250,49.2,0.0
50500,49.2,0.0
50750,49.2,0.0
51000,49.2,0.0
51250,47.599999999999994,0.0
51500,49.2,0.0
51750,50.4,0.0
52000,48.8,0.0
52250,48.4,0.0
52500,48.0,0.0
52750,46.800000000000004,0.0
53000,48.4,0.0
53250,48.4,0.0
53500,50.0,0.0
53750,49.2,0.0
54000,47.599999999999994,0.0
54250,48.8,0.0
54500,48.4,0.0
54750,48.4,0.0
55000,49.6,0.0
55250,48.0,0.0
55500,49.6,0.0
55750,50.0,0.0
56000,48.8,0.0
56250,50.0,0.0
56500,49.2,0.0
56750,49.2,0.0
57000,49.2,0.0
57250,49.6,0.0
57500,49.6,0.0
57750,49.6,0.0
58000,48.8,0.0
58250,49.2,0.0
58500,49.6,0.0
58750,49.2,0.0
59000,48.0,0.0
59250,48.4,0.0
59500,48.4,0.0
59750,48.0,0.0
60000,49.6,0.0
60250,48.8,0.0
60500,49.6,0.0
60750,48.0,0.0
61000,48.4,0.0
61250,48.0,0.0
61500,48.0,0.0
61750,49.2,0.0
62000,48.4,0.0
62250,49.2,0.0
62500,49.2,0.0
62750,49.2,0.0
63000,50.0,0.0
63250,49.6,0.0
63500,49.2,0.0
63750,48.0,0.0
64000,49.2,0.0
64250,50.0,0.0
64500,48.8,0.0
64750,49.6,0.0
65000,48.4,0.0
65250,49.6,0.0
65500,47.599999999999994,0.0
65750,47.199999999999996,0.0
66000,49.6,0.0
66250,48.8,0.0
66500,50.8,0.0
66750,48.8,0.0
67000,50.0,0.0
67250,48.8,0.0
67500,48.8,0.0
67750,49.2,0.0
68000,50.0,0.0
68250,49.2,0.0
68500,50.4,0.0
68750,50.0,0.0
69000,50.0,0.0
69250,50.0,0.0
69500,48.4,0.0
69750,49.6,0.0
70000,49.6,0.0
70250,50.0,0.0
70500,46.800000000000004,0.0
70750,48.0,0.0
71000,49.6,0.0
71250,48.4,0.0
71500,48.4,0.0
71750,49.2,0.0
72000,49.2,0.0
72250,48.4,0.0
72500,48.8,0.0
72750,50.0,0.0
73000,48.8,0.0
73250,50.0,0.0
73500,49.2,0.0
73750,48.4,0.0
74000,49.2,0.0
74250,49.2,0.0
74500,49.2,0.0
74750,50.0,0.0
75000,48.4,0.0
75250,49.6,0.0
75500,49.6,0.0
75750,48.4,0.0
76000,50.4,0.0
76250,48.4,0.0
76500,50.0,0.0
76750,50.0,0.0
77000,50.0,0.0
77250,48.4,0.0
77500,48.8,0.0
77750,49.6,0.0
78000,49.2,0.0
78250,48.8,0.0
78500,49.6,0.0
78750,49.6,0.0
79000,48.8,0.0
79250,49.6,0.0
79500,50.0,0.0
79750,49.2,0.0
80000,50.0,0.0
80250,49.2,0.0
80500,49.2,0.0
80750,48.8,0.0
81000,48.4,0.0
81250,50.0,0.0
81500,49.6,0.0
81750,50.8,0.0
82000,49.6,0.0
82250,48.8,0.0
82500,50.8,0.0
82750,50.0,0.0
83000,50.0,0.0
83250,49.6,0.0
83500,49.6,0.0
83750,49.2,0.0
84000,50.0,0.0
84250,50.0,0.0
84500,50.8,0.0
84750,48.0,0.0
85000,48.4,0.0
85250,48.8,0.0
85500,49.6,0.0
85750,48.8,0.0
86000,48.4,0.0
86250,49.6,0.0
86500,49.2,0.0
86750,48.8,0.0
87000,47.199999999999996,0.0
87250,48.4,0.0
87500,49.2,0.0
87750,48.4,0.0
88000,48.8,0.0
88250,48.4,0.0
88500,48.8,0.0
88750,48.0,0.0
89000,47.599999999999994,0.0
89250,49.6,0.0
89500,48.8,0.0
89750,49.6,0.0
90000,50.0,0.0
90250,50.0,0.0
90500,49.2,0.0
90750,48.8,0.0
91000,49.6,0.0
91250,48.0,0.0
91500,48.0,0.0
91750,47.599999999999994,0.0
92000,49.6,0.0
92250,46.800000000000004,0.0
92500,50.0,0.0
92750,49.2,0.0
93000,48.8,0.0
93250,49.2,0.0
93500,49.2,0.0
93750,48.8,0.0
94000,49.6,0.0
94250,50.0,0.0
94500,50.4,0.0
94750,48.4,0.0
95000,49.2,0.0
95250,49.2,0.0
95500,49.6,0.0
95750,50.0,0.0
96000,49.2,0.0
96250,50.4,0.0
96500,49.2,0.0
96750,49.6,0.0
97000,47.599999999999994,0.0
97250,48.8,0.0
97500,49.6,0.0
97750,50.0,0.0
98000,49.6,0.0
98250,49.6,0.0
98500,50.4,0.0
98750,48.4,0.0
99000,48.8,0.0
99250,48.0,0.0
99500,49.2,0.0
99750,49.2,0.0
