250,21.2,100.0
500,41.6,100.0
750,50.0,9.401709401709402
1000,50.4,37.37201365187713
1250,52.800000000000004,50.43103448275862
1500,51.6,58.54858548585485
1750,53.2,64.25438596491229
2000,54.0,68.6818632309217
2250,52.800000000000004,72.262118491921
2500,52.400000000000006,75.08196721311475
2750,51.2,77.41691842900302
3000,52.0,79.25457102672293
3250,50.0,80.57932850559578
3500,51.2,82.20286247666459
3750,51.2,83.24545987111892
4000,51.2,84.04907975460122
4250,52.0,84.97047772410092
4500,51.6,85.8094262295082
4750,52.0,86.29191321499013
5000,51.2,87.0754716981132
5250,51.6,87.74398547435315
5500,52.0,88.33113166006164
5750,50.8,88.9794168096055
6000,52.0,93.43696027633851
6250,50.8,99.90435198469632
6500,51.2,99.94949494949495
6750,50.4,99.8952331063384
7000,51.2,99.94663820704376
7250,50.8,99.94565217391305
7500,51.2,99.94511525795828
7750,51.6,99.94410285075462
8000,52.800000000000004,99.89094874591058
8250,51.6,99.94481236203092
8500,50.8,99.94544462629568
8750,50.8,99.9457111834962
9000,50.4,99.94459833795014
9250,51.6,99.8393144081414
9500,50.4,99.94767137624281
9750,50.4,99.8989898989899
10000,51.2,99.94962216624685
10250,51.6,99.94954591321897
10500,50.8,99.95022399203583
10750,51.2,99.9507631708518
11000,50.8,99.94974874371859
11250,52.400000000000006,99.94900560938297
11500,52.400000000000006,99.79508196721312
11750,54.400000000000006,99.84559958826557
12000,50.4,99.85126425384234
12250,51.2,99.95095635115253
12500,51.6,99.95143273433705
12750,51.2,99.90258158792011
13000,52.0,99.84740590030519
13250,52.400000000000006,99.9484270242393
13500,52.800000000000004,99.9484270242393
13750,51.6,99.89395546129374
14000,53.2,99.94807892004154
14250,53.6,99.895178197065
14500,53.2,99.94606256742179
14750,52.400000000000006,99.94663820704376
15000,50.8,99.94675186368477
15250,52.800000000000004,99.94689325544344
15500,52.0,99.94756161510226
15750,52.0,99.94725738396625
16000,52.400000000000006,99.88974641675854
16250,51.2,99.94232987312573
16500,51.6,99.82925441092772
16750,50.0,99.94475138121547
17000,51.6,99.89136338946226
17250,52.0,99.94663820704376
17500,52.800000000000004,99.89304812834224
17750,50.4,99.94734070563455
18000,50.8,99.94767137624281
18250,51.6,99.94871794871794
18500,52.800000000000004,99.9496475327291
18750,50.8,99.95019920318725
19000,50.8,99.94861253854059
19250,52.400000000000006,99.94977398292315
19500,52.400000000000006,99.95114802149487
19750,51.2,99.95187680461981
20000,51.6,99.95233555767398
20250,51.6,99.95327102803738
20500,50.4,99.95283018867924
20750,50.8,99.85928705440901
21000,50.8,99.95366079703429
21250,52.0,99.95391705069125
21500,51.6,99.95249406175772
21750,52.0,99.95208433157643
22000,51.2,99.95037220843672
22250,52.0,99.9507631708518
22500,52.0,99.95185363505055
22750,50.8,99.95229007633588
23000,52.400000000000006,99.95102840352595
23250,52.0,99.95235826584089
23500,52.0,99.9056158565361
23750,52.800000000000004,99.90783410138249
24000,52.800000000000004,99.95471014492753
24250,53.2,99.86313868613139
24500,51.6,99.86065954482119
24750,50.8,99.9540018399264
25000,52.400000000000006,99.95344506517691
25250,52.800000000000004,99.90800367985281
25500,50.4,99.91111111111111
25750,51.2,99.57173447537473
26000,52.0,99.91438356164383
26250,51.6,99.95693367786392
26500,51.2,99.9578947368421
26750,52.0,99.14529914529915
27000,51.2,99.0916271721959
27250,53.6,99.03809157368218
27500,51.2,98.76497005988024
27750,50.8,99.04306220095694
28000,51.2,98.31238779174147
28250,51.6,97.92180345191969
28500,50.8,97.75474956822107
28750,52.0,98.50543478260869
29000,51.6,99.29718875502009
29250,52.800000000000004,99.66666666666667
29500,52.0,99.7346600331675
29750,52.400000000000006,99.47403024326101
30000,52.400000000000006,99.8051948051948
30250,51.2,98.41671944268523
30500,52.0,97.81403940886699
30750,51.2,96.87218045112782
31000,50.4,97.05969705969706
31250,51.6,96.50043744531933
31500,54.0,95.95671981776765
31750,53.2,95.81460674157304
32000,52.0,95.74468085106383
32250,51.6,95.0366151342555
32500,52.0,94.77911646586345
32750,51.6,95.05055880787653
33000,52.800000000000004,94.68840389166448
33250,53.2,95.48200682952455
33500,52.0,95.18479958355024
33750,51.6,95.05693581780538
34000,52.800000000000004,94.73818646232439
34250,52.0,94.87829614604463
34500,53.2,95.1889168765743
34750,51.6,94.71321695760598
35000,51.2,94.21651013346515
35250,52.0,93.35775335775335
35500,51.6,93.8382854359474
35750,52.800000000000004,93.87557492132656
36000,52.400000000000006,93.09603440038222
36250,52.800000000000004,92.77079876748044
36500,51.6,93.55755566082425
36750,51.6,93.46957951609114
37000,52.800000000000004,93.39887640449437
37250,50.8,92.78946152068409
37500,51.6,92.84234752589184
37750,51.2,91.74977334542159
38000,52.400000000000006,92.67566948958572
38250,52.0,93.37142857142857
38500,52.400000000000006,92.6763110307414
38750,51.2,93.44780840488025
39000,51.2,93.93187457703587
39250,51.2,94.49728260869566
39500,51.6,95.33666969972703
39750,51.6,94.8116399729303
40000,51.6,97.22413397568249
40250,51.2,96.60710246550555
40500,52.400000000000006,96.39070606812543
40750,51.2,95.96072305288999
41000,51.2,96.3409192324855
41250,51.2,95.2318171830367
41500,52.0,94.96402877697841
41750,52.400000000000006,94.47322970639033
42000,52.0,95.30128344572547
42250,51.6,96.06557377049181
42500,52.0,95.66348655680834
42750,50.8,95.20034283265481
43000,52.0,94.72904318374259
43250,52.0,94.30313222619297
43500,50.8,94.75237091675449
43750,54.0,94.51538622566464
44000,52.400000000000006,94.43286071726439
44250,50.8,94.17716291554822
44500,51.6,94.13338822560725
44750,51.6,93.32790886899919
45000,51.2,95.59006211180125
45250,52.400000000000006,95.11138613861387
45500,50.8,94.52868852459017
45750,51.6,94.96004917025199
46000,51.6,94.52949581547254
46250,50.8,94.79591836734694
46500,52.0,94.64140179299103
46750,51.2,93.97005261027924
47000,51.2,93.06554756195044
47250,52.400000000000006,92.64034913707597
47500,50.8,93.00713153724247
47750,52.0,93.28031809145129
48000,53.2,93.40615690168819
48250,52.400000000000006,93.94726328405912
48500,52.0,94.39983942191891
48750,52.800000000000004,93.66912203862233
49000,52.800000000000004,93.80601473809999
49250,53.2,94.48455675892498
49500,51.2,93.75623379214043
49750,53.2,93.60142630744849
50000,52.800000000000004,93.41612458111571
50250,51.2,92.5140968306436
50500,52.0,92.21406491499228
50750,51.2,91.21634523582203
51000,51.6,91.07006854531608
51250,51.6,91.40072616090197
51500,52.0,91.40625
51750,51.6,91.49866869532141
52000,52.800000000000004,91.26969064338584
52250,52.0,91.21711148968389
52500,52.0,91.83750949126804
52750,50.8,90.80999812065401
53000,51.6,91.01165851823994
53250,52.800000000000004,91.66350890488822
53500,52.800000000000004,92.80230326295586
53750,51.2,92.85714285714286
54000,54.0,93.59738511824649
54250,51.2,93.69852518674583
54500,51.2,92.99047619047619
54750,51.6,92.58979206049149
55000,51.6,94.98742016644087
55250,52.0,94.23592493297586
55500,50.8,93.81305920426422
55750,52.0,94.38502673796792
56000,52.0,95.00863889422155
56250,51.2,95.57096090891585
56500,51.6,95.68221070811744
56750,51.6,95.37960122699386
57000,52.0,96.70693686671864
57250,52.0,96.04574529947665
57500,52.400000000000006,95.05083445233072
57750,53.2,95.06786465303001
58000,51.2,95.10703363914374
58250,52.800000000000004,94.57349581111959
58500,52.400000000000006,94.8305571510626
58750,51.2,93.99125308994105
59000,54.0,96.34454598483376
59250,52.0,95.39143848823757
59500,51.6,95.48959136468774
59750,51.2,95.87049243892982
60000,52.0,95.17029055224168
60250,50.8,95.998445998446
60500,52.400000000000006,95.57777350509518
60750,52.400000000000006,95.46147978642257
61000,51.6,95.06454062262718
61250,52.400000000000006,94.66616228484963
61500,51.2,95.70963416969929
61750,52.0,94.91815759421394
62000,51.6,94.19962335216573
62250,51.2,93.17673378076063
62500,51.6,93.99472891566265
62750,51.2,92.92250233426704
63000,50.8,92.85449146250929
63250,52.800000000000004,92.17856484043534
63500,52.0,91.79572271386431
63750,52.400000000000006,91.52790484903934
64000,52.0,92.6172019195275
64250,52.0,91.67883211678833
64500,50.8,92.73029966703663
64750,51.6,92.39852398523986
65000,50.4,92.73774145616642
65250,50.4,92.2251018141429
65500,53.2,94.4307634021595
65750,52.0,93.98453705449745
66000,52.0,93.9262880782249
66250,51.6,93.69755733731121
66500,50.8,92.88216854139775
66750,52.400000000000006,93.14359637774902
67000,51.6,93.62763206501661
67250,50.8,96.77234530175707
67500,52.800000000000004,96.62792912935797
67750,52.400000000000006,95.43560606060606
68000,51.2,95.77786230505896
68250,50.8,95.314566408464
68500,52.400000000000006,95.2865761689291
68750,53.2,94.31350542461654
69000,52.400000000000006,93.39622641509435
69250,52.800000000000004,92.82963506326793
69500,51.2,93.41472438031818
69750,52.400000000000006,93.41472438031818
70000,52.0,92.6762114537445
70250,52.400000000000006,92.2360248447205
70500,50.8,91.44974692697035
70750,52.0,90.74937253495877
71000,50.8,90.00711237553342
71250,53.2,90.7427341227126
71500,52.400000000000006,92.13933977749407
71750,50.8,91.49900308138481
72000,52.800000000000004,92.74697025339698
72250,51.2,93.65167499537293
72500,52.400000000000006,94.5230998509687
72750,51.2,93.9377085650723
73000,50.8,93.18600368324125
73250,52.800000000000004,92.31189652031335
73500,54.0,91.54165913609253
73750,51.2,91.96071298654056
74000,51.6,94.33258762117822
74250,52.800000000000004,94.78619654913729
74500,52.400000000000006,94.94550920706502
74750,51.2,93.98440401039733
75000,51.6,93.6933604586647
75250,51.2,93.80547337278107
75500,53.2,93.62763206501661
75750,50.8,93.59660453958296
76000,51.6,95.779712339137
76250,51.6,96.38989169675091
76500,52.0,95.36237326323696
76750,50.8,94.28571428571428
77000,51.6,93.87114639099133
77250,52.400000000000006,96.08399545970488
77500,50.4,94.71712251779692
77750,51.6,95.26146875589957
78000,51.2,95.75837909486839
78250,52.0,95.0281425891182
78500,51.6,94.76341873948009
78750,51.2,94.46927374301676
79000,50.8,97.13740458015268
79250,51.2,97.55351681957187
79500,50.8,96.72037914691943
79750,50.8,95.71750563486101
80000,50.4,94.99159035694262
80250,51.6,94.97290226125958
80500,52.0,94.38766028619216
80750,50.8,93.4047663033438
81000,51.2,92.45524296675191
81250,50.8,91.69531391351548
81500,52.0,91.80801154817755
81750,52.0,92.96005836221048
82000,50.8,93.35043048177322
82250,51.6,92.62948207171314
82500,52.0,92.52353367125271
82750,50.4,93.3733843073002
83000,50.8,94.80207177210507
83250,51.2,96.54330264888222
83500,51.2,95.62057398434588
83750,52.400000000000006,96.57637321294206
84000,52.0,96.54270229863577
84250,50.8,95.50997782705099
84500,52.800000000000004,94.42107188586061
84750,52.800000000000004,93.7887067395264
85000,52.0,94.48818897637796
85250,52.0,96.82688696958319
85500,52.0,98.52941176470588
85750,51.6,97.4910394265233
86000,51.6,96.5981308411215
86250,50.8,95.59014267185474
86500,52.0,96.63047547734931
86750,52.0,96.19757688723206
87000,50.4,95.0589970501475
87250,52.400000000000006,94.76487876561353
87500,50.4,96.54011595287076
87750,52.0,95.35357275083302
88000,52.800000000000004,96.07403252944475
88250,51.2,96.14881286221724
88500,52.400000000000006,95.31828275351592
88750,52.400000000000006,94.83550817864364
89000,50.0,94.57875457875457
89250,52.0,93.78633720930233
89500,50.8,93.93663510560816
89750,50.8,94.72720615159282
90000,51.2,96.3933816694553
90250,52.0,96.92106736331405
90500,52.400000000000006,95.8656330749354
90750,50.4,94.76181784997262
91000,50.8,95.80187810716258
91250,51.6,94.79147696230194
91500,51.6,93.69142033165105
91750,51.6,93.82782891174878
92000,52.800000000000004,96.32516703786192
92250,50.4,95.65537555228278
92500,52.800000000000004,97.28667664670658
92750,51.2,97.96533534287867
93000,52.800000000000004,96.7525195968645
93250,52.0,97.47645951035781
93500,51.6,96.74644727000748
93750,52.400000000000006,97.80925401322001
94000,50.8,97.38574384051157
94250,52.0,96.57036346691518
94500,52.800000000000004,95.49483013293944
94750,51.2,97.73371104815864
95000,51.2,96.48466716529543
95250,52.0,98.73949579831933
95500,51.2,97.41020793950851
95750,51.2,98.29925472960062
96000,52.0,97.41363035680574
96250,53.6,97.5051975051975
96500,51.6,97.06380575945794
96750,51.2,97.79551501330292
97000,52.0,98.34096109839817
97250,52.400000000000006,97.66170092400527
97500,51.6,97.82977920362332
97750,51.2,96.60067239447142
98000,50.8,95.76036866359448
98250,53.2,96.79403541472507
98500,52.800000000000004,97.97998867283368
98750,52.800000000000004,98.57333079703253
99000,50.4,97.61681366109964
99250,50.8,98.61663824142505
99500,52.0,97.76525821596243
99750,51.6,97.76357827476039
