500,30.599999999999998,4.69208211143695
1000,47.199999999999996,3.163444639718805
1500,50.4,4.816223067173637
2000,51.2,2.672147995889003
2500,51.2,4.233700254022015
3000,50.6,2.0260492040520983
3500,50.4,0.7662835249042145
4000,50.6,1.1502516175413373
4500,50.4,2.129277566539924
5000,50.6,1.7241379310344827
5500,51.2,0.9237875288683602
6000,50.8,0.46547711404189296
6500,50.2,3.5341365461847385
7000,50.6,1.5360983102918586
7500,50.6,0.7575757575757576
8000,51.2,1.726844583987441
8500,50.8,0.757002271006813
9000,50.2,0.7739938080495357
9500,50.2,1.1137629276054097
10000,50.0,2.8169014084507045
10500,50.6,1.7830609212481425
11000,50.6,0.8902077151335311
11500,51.2,1.6936104695919936
12000,51.0,0.744047619047619
12500,50.6,1.03397341211226
13000,50.8,0.4611837048424289
13500,50.6,1.591089896579157
14000,50.8,2.206461780929866
14500,51.6,1.7211703958691909
15000,50.6,1.7756255044390639
15500,50.8,0.7936507936507936
16000,50.8,0.7898894154818324
16500,50.4,2.083333333333333
17000,50.2,1.2364760432766615
17500,50.6,1.6320474777448073
18000,50.4,2.5203854707190514
18500,51.0,3.1767955801104977
19000,50.6,1.0014306151645207
19500,51.4,1.8651362984218076
20000,50.4,1.9787985865724382
20500,50.6,0.5865102639296188
21000,50.6,1.3186813186813187
21500,51.4,0.7293946024799417
22000,50.4,0.8727272727272728
22500,50.8,1.2921751615218953
23000,50.6,1.5337423312883436
23500,50.8,2.0
24000,50.8,1.4684287812041115
24500,51.0,1.6793893129770994
25000,50.8,3.043110735418428
25500,51.0,0.9302325581395349
26000,50.8,1.7817371937639197
26500,50.4,1.2345679012345678
27000,50.8,0.99644128113879
27500,51.4,0.4120879120879121
28000,50.6,0.7751937984496124
28500,50.6,1.760821716801174
29000,50.6,1.8664752333094041
29500,50.2,0.44510385756676557
30000,51.2,2.3005032350826746
30500,51.6,1.1721611721611722
31000,50.6,1.3177159590043925
31500,50.8,0.757002271006813
32000,51.0,1.193139448173005
32500,50.4,1.28
33000,50.6,1.08359133126935
33500,51.2,1.5907447577729574
34000,50.8,1.248266296809986
34500,51.0,2.7548209366391188
35000,51.4,1.095890410958904
35500,50.6,1.7735334242837655
36000,50.6,0.7153075822603719
36500,51.0,2.1705426356589146
37000,50.6,0.6354249404289118
37500,51.4,0.6006006006006006
38000,51.4,0.7331378299120235
38500,50.2,0.440852314474651
39000,50.6,0.5722460658082975
39500,50.6,0.601956358164033
40000,50.2,0.9950248756218906
40500,50.2,1.536312849162011
41000,50.2,0.6130268199233717
41500,51.4,0.4405286343612335
42000,51.0,1.4174344436569808
42500,50.8,0.9333333333333335
43000,50.8,2.586206896551724
43500,51.4,0.7052186177715092
44000,51.0,0.9180327868852459
44500,50.6,1.5990159901599015
45000,50.4,1.214329083181542
45500,51.2,1.1607661056297156
46000,50.6,2.5
46500,50.8,1.6990291262135921
47000,50.8,2.8624766645924082
47500,50.6,0.578368999421631
48000,50.8,1.2944983818770228
48500,50.0,0.5405405405405406
49000,50.4,1.0731052984574112
49500,50.8,1.3289036544850499
50000,50.6,0.5148005148005148
50500,50.2,1.6337644656228727
51000,51.0,1.1944260119442602
51500,50.0,0.9026434558349452
52000,50.8,0.9817671809256662
52500,50.8,1.4617940199335548
53000,51.4,1.1772400261608895
53500,51.0,1.602136181575434
54000,50.6,0.5344021376085505
54500,50.2,1.4637391882900865
55000,50.6,0.7462686567164178
55500,50.8,1.3785180930499714
56000,50.6,1.7486338797814207
56500,50.6,1.1037527593818985
57000,51.2,0.526592943654555
57500,50.8,0.9178990311065782
58000,51.0,0.15511892450879006
58500,51.2,2.0856201975850714
59000,50.8,0.7878446820483961
59500,50.6,0.7290400972053462
60000,50.8,1.3333333333333335
60500,51.0,1.5805471124620063
61000,51.0,0.35842293906810035
61500,50.8,0.9378663540445485
62000,50.4,1.431980906921241
62500,51.0,1.3301088270858523
63000,51.6,0.6857142857142857
63500,51.0,0.9259259259259258
64000,50.4,1.1859838274932615
64500,50.6,0.7345225603357817
65000,50.2,0.9950248756218906
65500,51.0,0.6160164271047228
66000,50.8,0.3894839337877313
66500,50.2,0.32317636195752536
67000,51.6,1.6666666666666667
67500,51.2,0.8108108108108109
68000,50.4,1.2903225806451613
68500,50.8,0.4975124378109453
69000,50.8,1.2454592631032693
69500,50.0,0.7522837184309511
70000,51.0,0.5714285714285714
70500,51.6,0.5777007510109763
71000,50.6,0.10746910263299302
71500,50.8,0.7583965330444203
72000,51.2,1.0718113612004287
72500,51.2,0.7462686567164178
73000,51.4,1.4301430143014302
73500,50.6,0.5387931034482759
74000,50.6,1.8191546281433921
74500,50.2,0.6600660066006601
75000,50.4,0.9734991887506761
75500,51.0,1.21580547112462
76000,50.4,0.8080808080808081
76500,50.8,0.7722007722007722
77000,50.8,0.7466168922071862
77500,50.4,0.45351473922902497
78000,51.2,0.5529953917050692
78500,50.8,0.44603033006244425
79000,51.0,1.5570934256055362
79500,50.6,1.4178482068390326
80000,50.8,0.25850926324859974
80500,50.6,1.2184508268059182
81000,51.4,0.5555555555555556
81500,50.6,0.36496350364963503
82000,51.0,0.5719733079122974
82500,50.6,1.0270774976657329
83000,50.8,0.6514657980456027
83500,50.6,1.376597836774828
84000,50.4,0.7850834151128557
84500,51.0,0.8840864440078585
85000,51.0,0.287494010541447
85500,50.6,1.2470023980815348
86000,51.800000000000004,0.7823960880195598
86500,51.4,0.6968641114982579
87000,50.4,0.9036144578313252
87500,50.8,1.26953125
88000,51.0,0.6484483557202408
88500,50.4,0.3451251078515962
89000,50.2,0.59447983014862
89500,50.6,0.6782534972445952
90000,50.4,0.9868421052631579
90500,51.0,0.689952565761104
91000,50.4,1.170079398244881
91500,51.6,1.045016077170418
92000,51.0,0.777302759424796
92500,51.0,0.6242684354272338
93000,50.8,0.2426202992317024
93500,50.6,0.619743249225321
94000,50.8,0.8714596949891068
94500,51.0,1.639344262295082
95000,50.2,0.7975188303057155
95500,50.8,0.6493506493506493
96000,50.4,0.9285051067780872
96500,50.8,1.875
97000,50.4,1.0558732952045755
97500,51.0,0.6073752711496746
98000,50.4,0.24762690879075525
98500,50.6,1.103665746945211
99000,50.6,1.0630220197418374
99500,51.0,0.5871559633027523
