250,19.2,40.10416666666667
500,30.4,70.3125
750,42.8,78.78787878787878
1000,46.400000000000006,84.65804066543437
1250,48.8,87.98751950078002
1500,50.0,89.81481481481481
1750,49.2,99.85714285714286
2000,50.4,99.83108108108108
2250,49.6,99.8360655737705
2500,50.0,99.84375
2750,50.0,99.71056439942113
3000,49.2,99.86772486772487
3250,50.0,99.8719590268886
3500,50.4,99.86595174262735
3750,50.0,99.8768472906404
4000,50.4,99.85632183908046
4250,50.4,99.84152139461173
4500,49.2,99.84447900466563
4750,50.0,99.81718464351006
5000,50.0,99.8389694041868
5250,50.4,99.8533724340176
5500,50.4,99.73045822102425
5750,50.0,99.83948635634029
6000,50.0,99.86013986013987
6250,50.0,99.84939759036145
6500,49.6,99.82876712328768
6750,50.0,99.84709480122325
7000,50.8,99.8663101604278
7250,50.4,99.85401459854015
7500,50.4,99.84567901234568
7750,50.4,99.83922829581994
8000,50.0,99.85163204747775
8250,50.4,99.71509971509973
8500,50.0,99.72826086956522
8750,50.0,99.87878787878788
9000,50.0,99.8812351543943
9250,50.4,99.88479262672811
9500,50.0,99.87745098039215
9750,49.6,99.86842105263159
10000,50.0,99.85611510791367
10250,50.0,99.86577181208054
10500,50.0,99.87096774193547
10750,50.0,99.87639060568603
11000,50.0,99.88304093567251
11250,50.4,99.87063389391979
11500,50.4,99.68253968253968
11750,49.6,99.84709480122325
12000,50.0,99.85528219971056
12250,50.8,99.86928104575163
12500,50.0,99.75308641975309
12750,50.0,99.76415094339622
13000,50.0,99.86842105263159
13250,49.6,99.83792544570503
13500,50.0,99.85855728429985
13750,49.6,99.84848484848486
14000,50.4,99.55223880597015
14250,50.4,99.74193548387098
14500,50.0,99.86357435197817
14750,50.0,99.85754985754986
15000,50.4,99.87012987012987
15250,49.6,99.86111111111111
15500,50.0,99.85185185185185
15750,50.0,99.85185185185185
16000,50.0,99.8639455782313
16250,49.6,99.84375
16500,50.4,99.85590778097982
16750,50.0,99.73226238286479
17000,49.6,99.86263736263736
17250,50.4,99.87146529562982
17500,50.0,99.87452948557089
17750,50.0,99.88023952095809
18000,50.0,99.69879518072288
18250,50.4,99.86962190352021
18500,50.0,99.85652797704448
18750,50.0,99.85795454545455
19000,50.0,99.85250737463127
19250,50.4,99.85358711566617
19500,50.0,99.84496124031008
19750,49.6,99.86648865153538
20000,50.8,99.86486486486487
20250,50.4,99.87212276214834
20500,50.4,99.87468671679198
20750,50.0,99.8780487804878
21000,50.0,99.85734664764621
21250,50.4,99.86130374479889
21500,50.8,99.84825493171472
21750,50.4,99.83633387888707
22000,49.6,99.83108108108108
22250,49.6,99.83766233766234
22500,49.6,99.84591679506933
22750,49.6,99.84962406015038
23000,50.4,99.86282578875172
23250,50.4,99.73718791064388
23500,50.0,99.86301369863013
23750,50.0,99.85401459854015
24000,50.0,99.84962406015038
24250,50.4,99.8489425981873
24500,50.0,99.85443959243085
24750,50.0,99.84472049689441
25000,49.6,99.84423676012462
25250,50.8,99.84101748807632
25500,50.0,99.85250737463127
25750,50.0,99.86052998605301
26000,50.0,99.86842105263159
26250,50.0,99.85835694050992
26500,50.0,99.73718791064388
26750,50.0,99.87029831387808
27000,50.8,99.8805256869773
27250,50.4,99.87452948557089
27500,50.4,99.87730061349693
27750,50.0,99.8502994011976
28000,49.2,99.66887417218543
28250,49.6,99.83416252072969
28500,50.4,99.830220713073
28750,50.0,99.85569985569985
29000,50.4,99.86449864498645
29250,50.0,99.87277353689568
29500,50.0,99.8768472906404
29750,51.2,99.87437185929649
30000,50.0,99.86225895316805
30250,50.4,99.86301369863013
30500,50.8,99.8766954377312
30750,50.0,99.87228607918263
31000,50.0,99.87730061349693
31250,50.0,99.86338797814209
31500,50.8,99.87046632124353
31750,50.4,99.85693848354794
32000,50.0,99.86577181208054
32250,49.6,99.68102073365232
32500,50.0,99.83108108108108
32750,50.0,99.69604863221885
33000,50.4,99.85528219971056
33250,50.4,99.85422740524781
33500,50.0,99.8661311914324
33750,50.0,99.87745098039215
34000,50.0,99.88207547169812
34250,50.0,99.87654320987654
34500,50.0,99.86187845303867
34750,50.8,99.86842105263159
35000,50.4,99.84472049689441
35250,50.0,99.85207100591717
35500,49.6,99.85714285714286
35750,50.4,99.8639455782313
36000,49.6,99.72527472527473
36250,50.0,99.73856209150327
36500,50.0,99.49109414758269
36750,50.4,99.8768472906404
37000,50.0,99.86522911051213
37250,50.0,99.8805256869773
37500,50.4,99.87163029525033
37750,50.0,99.76415094339622
38000,50.4,99.78563772775992
38250,50.0,99.80276134122288
38500,50.0,99.89440337909187
38750,50.4,99.79757085020243
39000,50.4,99.8911860718172
39250,50.0,99.58592132505176
39500,50.4,99.89212513484358
39750,50.4,99.6662958843159
40000,50.0,99.67462039045553
40250,50.0,99.89440337909187
40500,50.0,99.79736575481256
40750,50.0,99.78070175438597
41000,50.4,99.88066825775657
41250,50.4,99.63592233009709
41500,51.2,99.86772486772487
41750,50.4,99.7560975609756
42000,51.2,99.7560975609756
42250,50.0,99.78165938864629
42500,50.0,99.21798631476051
42750,50.0,99.81801637852593
43000,50.8,99.90825688073394
43250,50.4,99.81464318813717
43500,50.8,99.906191369606
43750,50.8,99.9
44000,50.0,99.61868446139181
44250,50.4,99.7250229147571
44500,50.0,99.90512333965845
44750,50.0,99.90234375
45000,50.0,99.90328820116055
45250,50.4,99.80430528375733
45500,50.4,99.16279069767442
45750,50.0,99.74226804123711
46000,50.4,99.64125560538116
46250,50.4,98.60769860769861
46500,50.0,99.83646770237122
46750,50.8,99.61627014581734
47000,50.0,98.7279151943463
47250,50.0,99.20749279538906
47500,50.0,99.79480164158687
47750,51.2,99.73821989528795
48000,50.0,99.7946611909651
48250,50.0,99.72991222147198
48500,50.0,99.79729729729729
48750,50.0,99.66261808367072
49000,50.0,99.93293091884641
49250,50.0,99.90990990990991
49500,50.0,99.89594172736732
49750,50.0,99.90108803165182
50000,50.0,99.46284691136974
50250,50.0,98.36867862969005
50500,50.4,99.84227129337539
50750,50.0,98.83973894126179
51000,50.8,99.84984984984985
51250,50.0,98.89196675900277
51500,50.0,99.92779783393502
51750,50.4,99.7855611150822
52000,50.0,99.31129476584022
52250,50.0,99.46702198534311
52500,50.0,98.74686716791979
52750,50.4,97.64844209288654
53000,51.2,96.84035476718404
53250,50.8,97.28434504792332
53500,50.0,98.95452169367486
53750,50.0,99.78925184404636
54000,50.0,99.94331065759637
54250,50.0,99.77985690698954
54500,50.0,99.71542401821286
54750,50.0,99.0845449649973
55000,50.0,98.93854748603353
55250,50.0,99.66685174902833
55500,50.4,99.82964224872232
55750,50.0,99.59630911188005
56000,50.4,98.6398258977149
56250,50.0,99.63325183374083
56500,50.0,98.9080459770115
56750,50.8,98.21525148729042
57000,50.4,97.3913043478261
57250,50.8,98.16922315685305
57500,50.4,97.41176470588235
57750,50.4,98.62385321100918
58000,50.0,97.36263736263736
58250,50.0,98.90924956369983
58500,50.0,99.91019308486754
58750,50.8,98.86826618379358
59000,50.0,98.22048611111111
59250,50.0,99.61156668105309
59500,50.4,98.50931677018635
59750,50.8,99.75216852540272
60000,50.4,99.54185755935026
60250,50.4,99.7789566755084
60500,50.0,98.95652173913044
60750,50.0,99.44277753964852
61000,50.4,99.74304068522484
61250,50.0,99.32289462547608
61500,50.0,99.95456610631531
61750,50.0,99.01315789473685
62000,50.0,99.60552268244575
62250,50.0,98.44997651479568
62500,50.4,99.11417322834646
62750,50.0,99.42418426103646
63000,50.4,98.67640346873574
63250,50.0,97.19544259421559
63500,50.0,98.70633893919793
63750,50.4,97.72539288668321
64000,50.0,99.685110211426
64250,50.4,99.24678777137792
64500,50.4,98.00085070182901
64750,50.0,97.1882640586797
65000,50.4,99.43204868154159
65250,50.4,99.76114649681529
65500,50.4,98.65746068277714
65750,50.0,97.25519287833828
66000,50.0,98.82654932159882
66250,50.0,98.2636428065202
66500,50.4,98.78430010420286
66750,50.4,98.44226210633255
67000,50.0,99.52005485087419
67250,50.0,99.29873772791024
67500,50.4,99.78624866405416
67750,50.4,98.33910034602076
68000,50.4,97.28187919463087
68250,50.4,96.1839530332681
68500,50.4,99.49596774193549
68750,50.8,98.26797385620914
69000,50.4,97.2054620514449
69250,50.0,96.49612403100775
69500,50.8,95.5246446930753
69750,50.8,95.39101992268809
70000,50.0,98.99482180932074
70250,50.8,99.06103286384976
70500,50.0,99.87179487179488
70750,50.4,99.70712658639765
71000,50.0,98.64096080910241
71250,50.4,97.44536780547861
71500,50.0,99.11082883455065
71750,50.0,97.73923815422731
72000,50.4,99.83438224577674
72250,50.8,99.77265345891523
72500,50.4,99.36628643852978
72750,50.8,98.08464627741736
73000,50.0,99.18113331149688
73250,50.4,98.2523037813791
73500,50.4,99.05243209096652
73750,50.0,97.78461538461538
74000,50.8,98.65730851388464
74250,50.4,99.37126689720213
74500,50.8,98.15950920245399
74750,50.0,99.0276511698572
75000,50.0,98.13884785819793
75250,50.0,97.14861751152074
75500,50.0,95.77226606538896
75750,50.0,98.06873047429707
76000,50.4,97.56438969764838
76250,50.0,99.08913467794405
76500,50.0,97.94433902593296
76750,50.4,99.76263140047473
77000,50.8,99.60672148730782
77250,50.4,98.47645429362882
77500,50.0,99.06508450197771
77750,50.4,97.66061452513966
78000,50.0,96.78945589726258
78250,50.4,95.78947368421052
78500,50.0,94.84635083226632
78750,50.0,99.63576158940397
79000,50.0,98.45559845559846
79250,50.4,97.59600374648767
79500,50.4,96.59781287970839
79750,50.0,95.47069271758437
80000,50.0,96.42329293526456
80250,50.4,97.06400469759248
80500,50.4,96.09868043602984
80750,50.0,99.26621661285589
81000,50.0,98.02065404475043
81250,50.0,98.90489913544668
81500,50.0,99.56797235023042
81750,50.0,98.93952421897392
82000,50.4,99.88489208633094
82250,50.0,99.01933314653965
82500,50.8,97.61054655314474
82750,50.0,99.11966987620357
83000,50.0,97.9536887452881
83250,50.0,97.02788006312467
83500,50.4,99.91129509166173
83750,50.0,98.73052510098096
84000,50.4,99.22436081585751
84250,50.0,99.48527309122105
84500,50.8,98.35057310595471
84750,51.2,97.15380405035577
85000,50.0,96.20422346966052
85250,50.0,98.83654937570942
85500,50.0,97.97391063003053
85750,50.0,99.4661421747682
86000,50.0,99.4059994059994
86250,50.4,98.05458768873403
86500,50.0,99.94075829383885
86750,50.4,98.64004629629629
87000,50.0,97.45475113122171
87250,50.0,96.46506489919912
87500,50.0,96.39344262295081
87750,50.0,99.01795735129069
88000,50.0,98.45474613686534
88250,50.0,99.64039556487863
88500,50.4,98.39134249780638
88750,50.4,97.40444951511694
89000,50.0,97.17324377274
89250,50.0,96.02957283680176
89500,50.0,96.48692810457517
89750,50.0,98.52297592997812
90000,50.8,99.66786603930252
90250,50.0,98.56679286100595
90500,50.0,97.2700768619136
90750,50.4,96.18280965982862
91000,50.4,95.00891265597147
91250,51.2,94.05445915563327
91500,50.0,99.86449864498645
91750,50.4,98.72712808273667
92000,50.0,99.97203579418344
92250,50.0,98.79748565181744
92500,50.8,97.69683985002679
92750,50.0,96.53906659674882
93000,50.0,95.34225424601132
93250,50.4,94.11170078342178
93500,50.4,93.02902505581741
93750,50.0,99.94636631804774
94000,50.0,98.73949579831933
94250,50.8,99.15411049431668
94500,50.8,99.30032292787944
94750,50.0,98.31711806468577
95000,50.4,99.59415584415584
95250,50.8,98.54458851548029
95500,50.0,97.30080456786919
95750,50.0,99.6591877307583
96000,50.0,98.52981969486824
96250,50.4,99.22157353350013
96500,50.0,98.07012775210654
96750,50.0,99.2024202420242
97000,50.4,98.06191117092867
97250,50.0,99.3546652325894
97500,50.0,98.31756046267087
97750,50.0,99.94124559341951
98000,50.0,98.99885583524028
98250,50.0,97.73489932885906
98500,50.0,98.18688981868898
98750,50.0,96.99863574351978
99000,50.0,99.93806131929391
99250,50.0,99.06344410876133
99500,50.8,98.05768098881695
99750,50.0,99.06089063920024
