500,22.2,5.161290322580645
1000,43.0,4.511278195488721
1500,45.800000000000004,8.775981524249422
2000,45.800000000000004,6.54911838790932
2500,44.6,13.550135501355012
3000,44.0,7.880434782608696
3500,45.4,3.225806451612903
4000,45.4,4.571428571428571
4500,45.4,8.211143695014663
5000,46.0,6.395348837209303
5500,46.2,3.6036036036036037
6000,47.4,1.6666666666666667
6500,47.599999999999994,10.666666666666668
7000,44.2,5.5096418732782375
7500,46.2,3.5211267605633805
8000,45.6,6.303724928366762
8500,48.6,2.4213075060532687
9000,47.199999999999996,2.481389578163772
9500,48.0,3.6175710594315245
10000,45.0,9.785932721712538
10500,47.0,6.997084548104956
11000,47.8,2.295918367346939
11500,45.4,8.362369337979095
12000,44.4,2.7777777777777777
12500,48.199999999999996,3.684210526315789
13000,45.800000000000004,1.929260450160772
13500,47.0,4.819277108433735
14000,46.6,7.887323943661972
14500,45.0,7.0287539936102235
15000,46.2,6.918238993710692
15500,45.0,3.7151702786377707
16000,47.199999999999996,2.6881720430107525
16500,47.0,7.121661721068249
17000,46.6,4.395604395604396
17500,46.400000000000006,6.575342465753424
18000,46.800000000000004,10.666666666666668
18500,46.400000000000006,14.860681114551083
19000,45.800000000000004,4.117647058823529
19500,45.6,7.643312101910828
20000,45.4,8.074534161490684
20500,46.6,3.048780487804878
21000,46.2,4.6875
21500,47.599999999999994,2.6881720430107525
22000,46.2,4.878048780487805
22500,44.2,5.357142857142857
23000,47.0,7.28476821192053
23500,45.0,7.536231884057972
24000,46.400000000000006,5.6657223796034
24500,46.2,6.962025316455696
25000,45.800000000000004,9.333333333333334
25500,46.0,2.5773195876288657
26000,47.199999999999996,6.190476190476191
26500,46.6,4.060913705583756
27000,46.0,4.651162790697675
27500,46.6,1.6
28000,45.6,3.5483870967741935
28500,44.4,7.017543859649122
29000,47.199999999999996,7.734806629834254
29500,46.400000000000006,1.7094017094017095
30000,45.800000000000004,11.214953271028037
30500,48.6,3.5443037974683547
31000,48.0,4.864864864864865
31500,47.4,2.824858757062147
32000,45.800000000000004,5.278592375366569
32500,44.2,5.734767025089606
33000,45.6,3.508771929824561
33500,43.6,6.289308176100629
34000,46.800000000000004,5.294117647058823
34500,46.2,10.619469026548673
35000,46.2,4.69208211143695
35500,46.6,6.951871657754011
36000,46.6,2.941176470588235
36500,46.0,8.75
37000,47.0,2.21606648199446
37500,44.800000000000004,2.949852507374631
38000,47.0,3.4383954154727796
38500,45.800000000000004,2.027027027027027
39000,45.4,2.0761245674740483
39500,45.2,2.359882005899705
40000,47.599999999999994,3.4912718204488775
40500,46.800000000000004,6.646525679758309
41000,46.6,2.5396825396825395
41500,48.199999999999996,1.5665796344647518
42000,47.0,5.0
42500,46.0,2.967359050445104
43000,45.0,11.960132890365449
43500,46.800000000000004,3.115264797507788
44000,46.0,4.2105263157894735
44500,46.2,7.71513353115727
45000,47.199999999999996,5.524861878453039
45500,46.400000000000006,5.113636363636364
46000,46.0,14.53287197231834
46500,44.6,8.333333333333332
47000,46.400000000000006,13.73134328358209
47500,45.4,2.923976608187134
48000,46.2,6.430868167202572
48500,46.6,3.6363636363636362
49000,43.4,5.405405405405405
49500,45.800000000000004,5.247813411078718
50000,46.800000000000004,2.3880597014925375
50500,46.0,7.046070460704606
51000,47.0,5.6939501779359425
51500,46.2,3.2520325203252036
52000,46.0,4.3343653250774
52500,46.800000000000004,5.774278215223097
53000,46.2,5.487804878048781
53500,44.4,7.308970099667775
54000,44.2,2.6143790849673203
54500,47.599999999999994,5.9459459459459465
55000,45.800000000000004,3.6585365853658534
55500,46.2,6.015037593984962
56000,46.800000000000004,9.615384615384617
56500,47.599999999999994,4.395604395604396
57000,48.0,2.6595744680851063
57500,47.8,4.411764705882353
58000,46.6,0.9230769230769231
58500,47.599999999999994,11.009174311926607
59000,46.6,4.747774480712167
59500,45.0,4.129793510324483
60000,46.800000000000004,5.449591280653951
60500,46.2,6.951871657754011
61000,46.2,1.6901408450704223
61500,45.800000000000004,5.806451612903226
62000,43.4,7.570977917981073
62500,46.6,5.670103092783505
63000,46.2,3.488372093023256
63500,47.4,4.25531914893617
64000,46.0,5.978260869565218
64500,47.8,3.418803418803419
65000,46.800000000000004,4.5
65500,48.199999999999996,3.4782608695652173
66000,44.6,2.3391812865497075
66500,48.4,1.3215859030837005
67000,48.199999999999996,7.352941176470589
67500,47.199999999999996,4.825737265415549
68000,46.6,7.035175879396985
68500,48.199999999999996,3.1088082901554404
69000,47.4,7.100591715976331
69500,46.0,3.296703296703297
70000,46.2,3.0211480362537766
70500,46.0,2.976190476190476
71000,48.0,0.5076142131979695
71500,47.0,3.6458333333333335
72000,48.199999999999996,4.524886877828054
72500,48.0,4.142011834319527
73000,46.400000000000006,7.103825136612022
73500,47.8,3.2171581769436997
74000,49.2,9.090909090909092
74500,47.8,2.9925187032418954
75000,47.599999999999994,4.481792717086835
75500,48.0,7.7994428969359335
76000,46.6,4.624277456647398
76500,48.6,5.05050505050505
77000,48.8,3.5955056179775284
77500,47.4,2.8901734104046244
78000,47.4,2.6881720430107525
78500,48.4,2.05761316872428
79000,48.4,8.395061728395062
79500,48.0,9.550561797752808
80000,47.599999999999994,1.5113350125944585
80500,48.8,6.407322654462242
81000,46.6,3.260869565217391
81500,47.199999999999996,2.4096385542168677
82000,48.4,2.9925187032418954
82500,49.0,5.641025641025641
83000,47.4,4.046242774566474
83500,46.6,9.116809116809117
84000,47.4,3.8567493112947657
84500,48.199999999999996,3.896103896103896
85000,47.8,1.477832512315271
85500,48.0,5.473684210526316
86000,46.800000000000004,4.736842105263158
86500,48.199999999999996,3.2710280373831773
87000,47.8,4.433497536945813
87500,46.800000000000004,7.446808510638298
88000,48.0,3.753351206434316
88500,48.8,1.6494845360824744
89000,48.6,3.3816425120772946
89500,49.0,3.532008830022075
90000,47.599999999999994,6.722689075630252
90500,48.6,4.0
91000,49.6,5.008944543828265
91500,49.0,6.878306878306878
92000,49.2,3.4220532319391634
92500,48.0,3.203661327231121
93000,49.2,1.5957446808510638
93500,48.6,3.004291845493562
94000,48.0,4.716981132075472
94500,49.6,8.837209302325581
95000,49.0,3.950617283950617
95500,47.8,3.4739454094292808
96000,48.6,4.716981132075472
96500,48.4,10.407239819004525
97000,49.0,7.035175879396985
97500,49.4,3.3816425120772946
98000,47.8,1.5345268542199488
98500,49.2,4.809619238476954
99000,49.4,5.7034220532319395
99500,48.8,4.672897196261682
