500,20.8,5.245901639344262
1000,36.0,7.03125
1500,37.2,12.76595744680851
2000,37.2,8.783783783783784
2500,35.6,17.6678445229682
3000,37.2,10.545454545454545
3500,37.2,4.784688995215311
4000,37.4,7.804878048780488
4500,40.0,13.397129186602871
5000,37.6,9.649122807017543
5500,37.8,4.285714285714286
6000,38.800000000000004,2.643171806167401
6500,38.800000000000004,18.95734597156398
7000,34.8,9.523809523809524
7500,35.4,4.830917874396135
8000,39.6,9.090909090909092
8500,39.4,4.975124378109453
9000,39.6,4.016064257028113
9500,38.800000000000004,7.4866310160427805
10000,38.2,15.238095238095239
10500,38.800000000000004,11.374407582938389
11000,39.4,4.545454545454546
11500,37.8,11.822660098522167
12000,36.8,4.6082949308755765
12500,39.0,5.761316872427984
13000,39.6,1.8604651162790697
13500,41.199999999999996,8.144796380090497
14000,40.0,12.669683257918551
14500,37.2,11.0
15000,37.6,9.216589861751153
15500,37.8,5.454545454545454
16000,40.2,4.291845493562231
16500,40.2,10.714285714285714
17000,39.800000000000004,6.008583690987124
17500,40.2,9.486166007905137
18000,37.2,16.0
18500,39.4,22.22222222222222
19000,39.0,6.0344827586206895
19500,40.8,10.909090909090908
20000,36.8,12.682926829268293
20500,38.4,4.672897196261682
21000,39.800000000000004,8.035714285714286
21500,40.0,4.5662100456621
22000,41.6,6.0606060606060606
22500,38.4,8.653846153846153
23000,40.0,10.256410256410255
23500,39.4,11.76470588235294
24000,40.2,8.620689655172415
24500,39.0,9.777777777777779
25000,37.0,13.526570048309178
25500,40.8,4.184100418410042
26000,40.6,13.397129186602871
26500,42.0,6.530612244897959
27000,40.2,6.278026905829597
27500,40.400000000000006,2.4
28000,39.2,4.932735426008969
28500,40.2,10.300429184549357
29000,38.2,13.274336283185843
29500,39.800000000000004,3.4482758620689653
30000,38.6,19.148936170212767
30500,38.6,5.333333333333334
31000,40.400000000000006,8.968609865470851
31500,40.0,3.149606299212598
32000,39.800000000000004,6.722689075630252
32500,38.4,7.6923076923076925
33000,40.2,4.838709677419355
33500,36.6,9.00900900900901
34000,40.2,8.0
34500,39.6,14.883720930232558
35000,41.199999999999996,5.714285714285714
35500,39.6,12.5
36000,39.2,4.694835680751173
36500,36.8,13.461538461538462
37000,39.2,3.4334763948497855
37500,39.800000000000004,4.484304932735426
38000,40.2,5.084745762711865
38500,39.800000000000004,2.8846153846153846
39000,37.4,2.9702970297029703
39500,39.4,2.7522935779816518
40000,39.4,5.957446808510639
40500,38.0,8.547008547008547
41000,38.800000000000004,3.4782608695652173
41500,40.0,1.680672268907563
42000,39.0,8.372093023255815
42500,40.2,4.385964912280701
43000,38.800000000000004,17.82178217821782
43500,37.0,4.62962962962963
44000,39.0,5.454545454545454
44500,40.0,12.448132780082988
45000,39.6,9.345794392523365
45500,37.8,9.75609756097561
46000,38.6,18.502202643171806
46500,39.2,12.206572769953052
47000,38.6,20.353982300884958
47500,40.2,4.464285714285714
48000,39.0,8.695652173913043
48500,36.6,5.217391304347826
49000,36.199999999999996,7.339449541284404
49500,38.4,7.6923076923076925
50000,39.6,3.619909502262444
50500,40.0,10.78838174273859
51000,39.6,7.441860465116279
51500,37.8,5.47945205479452
52000,38.4,6.25
52500,40.6,9.95475113122172
53000,38.6,8.333333333333332
53500,38.800000000000004,9.569377990430622
54000,37.2,3.65296803652968
54500,39.2,8.771929824561402
55000,38.800000000000004,5.194805194805195
55500,38.2,10.714285714285714
56000,38.2,15.458937198067632
56500,40.6,8.29875518672199
57000,40.400000000000006,4.098360655737705
57500,40.400000000000006,8.071748878923767
58000,39.2,1.345291479820628
58500,40.400000000000006,15.062761506276152
59000,40.400000000000006,6.425702811244979
59500,39.6,5.982905982905983
60000,39.2,7.936507936507936
60500,40.2,11.711711711711711
61000,39.2,2.575107296137339
61500,38.800000000000004,7.82608695652174
62000,37.0,11.214953271028037
62500,41.4,8.627450980392156
63000,39.800000000000004,6.698564593301436
63500,40.0,6.363636363636363
64000,38.2,9.1324200913242
64500,40.0,6.363636363636363
65000,40.2,7.468879668049793
65500,40.400000000000006,5.240174672489083
66000,37.8,3.827751196172249
66500,39.800000000000004,2.7522935779816518
67000,38.6,12.987012987012985
67500,39.800000000000004,9.1324200913242
68000,38.4,12.612612612612612
68500,36.199999999999996,5.05050505050505
69000,37.2,11.162790697674419
69500,40.6,5.194805194805195
70000,37.8,4.716981132075472
70500,38.2,4.444444444444445
71000,37.8,0.8888888888888888
71500,39.4,5.5045871559633035
72000,39.800000000000004,8.438818565400844
72500,37.4,5.714285714285714
73000,38.6,11.87214611872146
73500,38.4,4.62962962962963
74000,39.0,13.559322033898304
74500,38.6,5.454545454545454
75000,39.2,7.30593607305936
75500,39.4,12.62135922330097
76000,38.2,7.804878048780488
76500,39.0,9.649122807017543
77000,40.400000000000006,6.866952789699571
77500,38.4,4.761904761904762
78000,37.8,4.219409282700422
78500,39.6,4.048582995951417
79000,40.8,16.19047619047619
79500,38.4,15.96244131455399
80000,37.8,2.690582959641256
80500,39.800000000000004,13.270142180094787
81000,38.2,5.405405405405405
81500,39.0,4.032258064516129
82000,38.4,5.529953917050691
82500,37.8,8.849557522123893
83000,36.0,5.785123966942149
83500,37.8,13.82488479262673
84000,39.800000000000004,5.932203389830509
84500,39.0,8.61244019138756
85000,39.2,2.7027027027027026
85500,39.4,10.526315789473683
86000,40.6,8.0
86500,41.8,4.838709677419355
87000,39.0,8.823529411764707
87500,38.4,12.389380530973451
88000,40.0,6.25
88500,40.8,3.7735849056603774
89000,37.4,6.278026905829597
89500,39.6,7.239819004524888
90000,37.6,10.2803738317757
90500,38.800000000000004,7.111111111111111
91000,40.400000000000006,11.914893617021278
91500,38.800000000000004,12.037037037037036
92000,42.199999999999996,7.28744939271255
92500,37.6,5.194805194805195
93000,39.0,2.6200873362445414
93500,41.8,6.1946902654867255
94000,37.4,8.88888888888889
94500,39.4,16.289592760180994
95000,39.4,8.040201005025125
95500,38.2,6.0606060606060606
96000,39.2,9.691629955947137
96500,39.4,19.913419913419915
97000,39.2,12.206572769953052
97500,39.800000000000004,5.737704918032787
98000,39.0,2.564102564102564
98500,40.0,9.523809523809524
99000,39.0,13.574660633484163
99500,39.6,7.929515418502203
