250,14.000000000000002,0.0
500,27.6,0.0
750,37.6,0.0
1000,34.4,0.0
1250,36.8,0.0
1500,37.6,0.0
1750,34.4,0.0
2000,40.0,0.0
2250,36.8,0.0
2500,34.4,0.0
2750,34.8,0.0
3000,39.6,0.0
3250,35.6,0.0
3500,36.8,0.0
3750,36.0,0.0
4000,38.0,0.0
4250,36.4,0.0
4500,36.0,0.0
4750,36.0,0.0
5000,38.4,0.0
5250,37.6,0.0
5500,34.8,0.0
5750,38.800000000000004,0.0
6000,38.0,0.0
6250,37.6,0.0
6500,36.8,0.0
6750,32.0,0.0
7000,38.4,0.0
7250,36.8,0.0
7500,35.199999999999996,0.0
7750,35.6,0.0
8000,38.0,0.0
8250,37.2,0.0
8500,40.0,0.0
8750,37.6,0.0
9000,40.400000000000006,0.0
9250,39.2,0.0
9500,40.0,0.0
9750,37.2,0.0
10000,36.0,0.0
10250,37.2,0.0
10500,36.0,0.0
10750,38.800000000000004,0.0
11000,38.0,0.0
11250,35.199999999999996,0.0
11500,35.199999999999996,0.0
11750,32.800000000000004,0.0
12000,36.0,0.0
12250,38.4,0.0
12500,38.0,0.0
12750,38.4,0.0
13000,34.8,0.0
13250,41.6,0.0
13500,40.8,0.0
13750,36.0,0.0
14000,38.800000000000004,0.0
14250,38.0,0.0
14500,37.2,0.0
14750,36.4,0.0
15000,36.4,0.0
15250,37.2,0.0
15500,34.4,0.0
15750,40.0,0.0
16000,40.8,0.0
16250,39.2,0.0
16500,38.800000000000004,0.0
16750,37.6,0.0
17000,39.2,0.0
17250,39.2,0.0
17500,37.2,0.0
17750,38.0,0.0
18000,33.6,0.0
18250,40.8,0.0
18500,36.0,0.0
18750,39.6,0.0
19000,38.0,0.0
19250,39.2,0.0
19500,35.199999999999996,0.0
19750,36.4,0.0
20000,35.6,0.0
20250,38.800000000000004,0.0
20500,37.2,0.0
20750,36.8,0.0
21000,40.0,0.0
21250,39.6,0.0
21500,38.800000000000004,0.0
21750,36.4,0.0
22000,38.800000000000004,0.0
22250,35.6,0.0
22500,34.8,0.0
22750,40.0,0.0
23000,36.8,0.0
23250,41.199999999999996,0.0
23500,37.6,0.0
23750,34.4,0.0
24000,37.2,0.0
24250,40.0,0.0
24500,36.8,0.0
24750,34.8,0.0
25000,36.4,0.0
25250,34.8,0.0
25500,43.2,0.0
25750,38.4,0.0
26000,41.199999999999996,0.0
26250,38.800000000000004,0.0
26500,40.0,0.0
26750,39.2,0.0
27000,35.199999999999996,0.0
27250,37.2,0.0
27500,38.0,0.0
27750,34.4,0.0
28000,35.199999999999996,0.0
28250,34.0,0.0
28500,38.800000000000004,0.0
28750,39.6,0.0
29000,37.6,0.0
29250,37.6,0.0
29500,38.4,0.0
29750,40.400000000000006,0.0
30000,36.0,0.0
30250,38.4,0.0
30500,40.8,0.0
30750,42.0,0.0
31000,38.0,0.0
31250,36.0,0.0
31500,42.0,0.0
31750,39.6,0.0
32000,36.8,0.0
32250,39.6,0.0
32500,37.2,0.0
32750,39.6,0.0
33000,36.4,0.0
33250,33.6,0.0
33500,37.6,0.0
33750,36.0,0.0
34000,40.400000000000006,0.0
34250,41.6,0.0
34500,38.0,0.0
34750,38.0,0.0
35000,39.2,0.0
35250,38.800000000000004,0.0
35500,37.2,0.0
35750,35.6,0.0
36000,38.4,0.0
36250,35.6,0.0
36500,36.4,0.0
36750,37.2,0.0
37000,40.8,0.0
37250,39.2,0.0
37500,37.6,0.0
37750,36.8,0.0
38000,36.0,0.0
38250,34.8,0.0
38500,39.2,0.0
38750,37.6,0.0
39000,34.4,0.0
39250,33.6,0.0
39500,36.4,0.0
39750,36.4,0.0
40000,40.0,0.0
40250,39.6,0.0
40500,38.0,0.0
40750,36.0,0.0
41000,39.6,0.0
41250,39.6,0.0
41500,38.0,0.0
41750,38.4,0.0
42000,40.0,0.0
42250,37.2,0.0
42500,38.4,0.0
42750,38.800000000000004,0.0
43000,35.199999999999996,0.0
43250,34.0,0.0
43500,38.800000000000004,0.0
43750,38.800000000000004,0.0
44000,35.199999999999996,0.0
44250,38.0,0.0
44500,39.6,0.0
44750,37.2,0.0
45000,38.4,0.0
45250,37.6,0.0
45500,36.0,0.0
45750,35.6,0.0
46000,36.4,0.0
46250,35.6,0.0
46500,33.2,0.0
46750,38.4,0.0
47000,35.199999999999996,0.0
47250,37.6,0.0
47500,34.8,0.0
47750,38.0,0.0
48000,38.800000000000004,0.0
48250,35.6,0.0
48500,35.6,0.0
48750,32.800000000000004,0.0
49000,33.2,0.0
49250,36.0,0.0
49500,35.6,0.0
49750,37.2,0.0
50000,40.0,0.0
50250,35.6,0.0
50500,36.4,0.0
50750,40.400000000000006,0.0
51000,36.4,0.0
51250,36.0,0.0
51500,37.2,0.0
51750,38.800000000000004,0.0
52000,34.4,0.0
52250,39.2,0.0
52500,37.6,0.0
52750,39.6,0.0
53000,34.8,0.0
53250,33.2,0.0
53500,35.199999999999996,0.0
53750,34.8,0.0
54000,36.0,0.0
54250,38.4,0.0
54500,35.199999999999996,0.0
54750,36.0,0.0
55000,36.0,0.0
55250,34.4,0.0
55500,38.4,0.0
55750,38.4,0.0
56000,36.4,0.0
56250,39.6,0.0
56500,37.2,0.0
56750,40.400000000000006,0.0
57000,38.4,0.0
57250,38.0,0.0
57500,38.4,0.0
57750,33.6,0.0
58000,38.4,0.0
58250,37.6,0.0
58500,39.2,0.0
58750,37.6,0.0
59000,34.4,0.0
59250,36.0,0.0
59500,38.4,0.0
59750,36.4,0.0
60000,40.8,0.0
60250,36.8,0.0
60500,38.4,0.0
60750,36.4,0.0
61000,38.4,0.0
61250,37.6,0.0
61500,36.4,0.0
61750,34.8,0.0
62000,36.4,0.0
62250,39.6,0.0
62500,38.800000000000004,0.0
62750,35.6,0.0
63000,36.4,0.0
63250,37.6,0.0
63500,36.4,0.0
63750,39.2,0.0
64000,32.800000000000004,0.0
64250,38.0,0.0
64500,35.6,0.0
64750,41.199999999999996,0.0
65000,34.8,0.0
65250,40.8,0.0
65500,38.800000000000004,0.0
65750,36.0,0.0
66000,35.199999999999996,0.0
66250,40.8,0.0
66500,38.4,0.0
66750,35.6,0.0
67000,32.800000000000004,0.0
67250,32.800000000000004,0.0
67500,38.0,0.0
67750,36.0,0.0
68000,36.8,0.0
68250,40.400000000000006,0.0
68500,33.6,0.0
68750,34.4,0.0
69000,36.0,0.0
69250,40.400000000000006,0.0
69500,38.0,0.0
69750,37.2,0.0
70000,36.4,0.0
70250,33.2,0.0
70500,36.4,0.0
70750,36.8,0.0
71000,40.0,0.0
71250,33.6,0.0
71500,37.6,0.0
71750,40.0,0.0
72000,39.6,0.0
72250,37.6,0.0
72500,34.4,0.0
72750,37.6,0.0
73000,38.0,0.0
73250,35.199999999999996,0.0
73500,32.4,0.0
73750,34.0,0.0
74000,38.800000000000004,0.0
74250,37.6,0.0
74500,36.4,0.0
74750,40.0,0.0
75000,34.8,0.0
75250,40.8,0.0
75500,37.6,0.0
75750,37.2,0.0
76000,36.4,0.0
76250,37.6,0.0
76500,36.0,0.0
76750,39.6,0.0
77000,36.8,0.0
77250,33.6,0.0
77500,39.2,0.0
77750,37.2,0.0
78000,38.4,0.0
78250,38.4,0.0
78500,39.6,0.0
78750,40.400000000000006,0.0
79000,38.0,0.0
79250,38.4,0.0
79500,40.0,0.0
79750,37.6,0.0
80000,37.6,0.0
80250,38.0,0.0
80500,37.2,0.0
80750,38.0,0.0
81000,40.0,0.0
81250,36.4,0.0
81500,40.0,0.0
81750,37.6,0.0
82000,39.2,0.0
82250,38.4,0.0
82500,36.4,0.0
82750,37.2,0.0
83000,35.199999999999996,0.0
83250,36.0,0.0
83500,39.2,0.0
83750,39.2,0.0
84000,38.0,0.0
84250,34.4,0.0
84500,38.0,0.0
84750,34.4,0.0
85000,35.6,0.0
85250,34.4,0.0
85500,35.199999999999996,0.0
85750,38.4,0.0
86000,39.2,0.0
86250,41.6,0.0
86500,36.4,0.0
86750,38.4,0.0
87000,35.199999999999996,0.0
87250,41.199999999999996,0.0
87500,33.2,0.0
87750,36.0,0.0
88000,36.4,0.0
88250,38.0,0.0
88500,37.6,0.0
88750,38.4,0.0
89000,38.800000000000004,0.0
89250,38.800000000000004,0.0
89500,36.0,0.0
89750,39.6,0.0
90000,37.6,0.0
90250,39.6,0.0
90500,38.4,0.0
90750,39.6,0.0
91000,41.6,0.0
91250,35.6,0.0
91500,36.8,0.0
91750,39.6,0.0
92000,40.0,0.0
92250,32.4,0.0
92500,38.0,0.0
92750,37.2,0.0
93000,34.8,0.0
93250,36.8,0.0
93500,40.0,0.0
93750,36.0,0.0
94000,38.800000000000004,0.0
94250,38.4,0.0
94500,38.0,0.0
94750,40.8,0.0
95000,36.0,0.0
95250,36.0,0.0
95500,36.0,0.0
95750,41.6,0.0
96000,34.0,0.0
96250,37.6,0.0
96500,36.0,0.0
96750,39.2,0.0
97000,35.6,0.0
97250,36.0,0.0
97500,37.6,0.0
97750,37.2,0.0
98000,38.4,0.0
98250,40.8,0.0
98500,37.6,0.0
98750,35.6,0.0
99000,39.6,0.0
99250,36.4,0.0
99500,38.0,0.0
99750,38.4,0.0
