250,20.8,0.0
500,33.6,0.0
750,44.0,0.0
1000,47.599999999999994,0.0
1250,49.2,0.0
1500,50.0,0.0
1750,49.2,0.0
2000,50.4,0.0
2250,50.4,0.0
2500,50.4,0.0
2750,50.0,0.0
3000,49.2,0.0
3250,50.0,0.0
3500,50.4,0.0
3750,50.4,0.0
4000,50.4,0.0
4250,50.4,0.0
4500,50.0,0.0
4750,50.8,0.0
5000,50.0,0.0
5250,50.8,0.0
5500,50.8,0.0
5750,50.0,0.0
6000,50.4,0.0
6250,50.0,0.0
6500,50.0,0.0
6750,50.0,0.0
7000,50.8,0.0
7250,50.4,0.0
7500,50.4,0.0
7750,50.4,0.0
8000,50.8,0.0
8250,50.4,0.0
8500,50.0,0.0
8750,50.0,0.0
9000,50.0,0.0
9250,50.4,0.0
9500,50.0,0.0
9750,50.0,0.0
10000,50.0,0.0
10250,50.4,0.0
10500,50.4,0.0
10750,50.0,0.0
11000,50.4,0.0
11250,50.4,0.0
11500,50.4,0.0
11750,50.4,0.0
12000,50.0,0.0
12250,50.8,0.0
12500,50.4,0.0
12750,50.0,0.0
13000,50.4,0.0
13250,50.4,0.0
13500,50.4,0.0
13750,50.0,0.0
14000,50.4,0.0
14250,50.8,0.0
14500,49.6,0.0
14750,50.8,0.0
15000,50.4,0.0
15250,50.0,0.0
15500,50.0,0.0
15750,50.4,0.0
16000,50.0,0.0
16250,50.4,0.0
16500,50.4,0.0
16750,50.0,0.0
17000,50.4,0.0
17250,50.4,0.0
17500,50.0,0.0
17750,50.4,0.0
18000,50.4,0.0
18250,50.4,0.0
18500,50.4,0.0
18750,50.4,0.0
19000,50.0,0.0
19250,50.4,0.0
19500,50.4,0.0
19750,50.0,0.0
20000,50.8,0.0
20250,50.4,0.0
20500,50.4,0.0
20750,50.4,0.0
21000,50.4,0.0
21250,50.8,0.0
21500,50.8,0.0
21750,50.4,0.0
22000,50.0,0.0
22250,49.6,0.0
22500,49.2,0.0
22750,50.0,0.0
23000,50.4,0.0
23250,50.8,0.0
23500,50.0,0.0
23750,50.0,0.0
24000,50.0,0.0
24250,50.8,0.0
24500,50.0,0.0
24750,50.4,0.0
25000,50.4,0.0
25250,50.8,0.0
25500,49.6,0.0
25750,50.0,0.0
26000,50.0,0.0
26250,50.0,0.0
26500,50.0,0.0
26750,50.4,0.0
27000,50.8,0.0
27250,50.4,0.0
27500,50.4,0.0
27750,50.0,0.0
28000,50.4,0.0
28250,50.0,0.0
28500,50.4,0.0
28750,50.0,0.0
29000,50.4,0.0
29250,50.0,0.0
29500,50.0,0.0
29750,51.2,0.0
30000,50.0,0.0
30250,50.4,0.0
30500,51.2,0.0
30750,50.0,0.0
31000,50.0,0.0
31250,50.0,0.0
31500,50.8,0.0
31750,50.4,0.0
32000,50.0,0.0
32250,50.0,0.0
32500,50.4,0.0
32750,50.0,0.0
33000,50.4,0.0
33250,50.4,0.0
33500,50.0,0.0
33750,50.0,0.0
34000,50.0,0.0
34250,50.4,0.0
34500,50.8,0.0
34750,50.8,0.0
35000,50.4,0.0
35250,50.0,0.0
35500,49.2,0.0
35750,50.4,0.0
36000,50.0,0.0
36250,50.4,0.0
36500,50.0,0.0
36750,50.8,0.0
37000,50.4,0.0
37250,50.8,0.0
37500,50.4,0.0
37750,50.4,0.0
38000,50.4,0.0
38250,50.0,0.0
38500,50.0,0.0
38750,50.4,0.0
39000,50.4,0.0
39250,50.0,0.0
39500,50.8,0.0
39750,50.4,0.0
40000,50.0,0.0
40250,50.0,0.0
40500,50.0,0.0
40750,50.0,0.0
41000,50.4,0.0
41250,50.4,0.0
41500,50.8,0.0
41750,49.6,0.0
42000,50.8,0.0
42250,50.0,0.0
42500,50.0,0.0
42750,50.0,0.0
43000,51.2,0.0
43250,50.4,0.0
43500,50.4,0.0
43750,51.2,0.0
44000,50.0,0.0
44250,50.0,0.0
44500,50.0,0.0
44750,50.0,0.0
45000,51.2,0.0
45250,50.4,0.0
45500,50.4,0.0
45750,50.4,0.0
46000,49.6,0.0
46250,51.2,0.0
46500,50.0,0.0
46750,50.0,0.0
47000,50.4,0.0
47250,50.4,0.0
47500,50.0,0.0
47750,50.0,0.0
48000,50.0,0.0
48250,50.0,0.0
48500,50.4,0.0
48750,50.8,0.0
49000,50.4,0.0
49250,50.4,0.0
49500,50.4,0.0
49750,50.0,0.0
50000,50.0,0.0
50250,50.4,0.0
50500,50.0,0.0
50750,50.0,0.0
51000,50.4,0.0
51250,50.0,0.0
51500,50.0,0.0
51750,50.4,0.0
52000,50.0,0.0
52250,50.4,0.0
52500,50.4,0.0
52750,50.8,0.0
53000,50.0,0.0
53250,50.0,0.0
53500,51.6,0.0
53750,50.0,0.0
54000,50.0,0.0
54250,50.0,0.0
54500,50.8,0.0
54750,50.0,0.0
55000,50.0,0.0
55250,50.0,0.0
55500,50.0,0.0
55750,50.0,0.0
56000,50.4,0.0
56250,50.0,0.0
56500,50.4,0.0
56750,50.0,0.0
57000,50.8,0.0
57250,50.4,0.0
57500,50.4,0.0
57750,50.0,0.0
58000,50.0,0.0
58250,50.8,0.0
58500,50.8,0.0
58750,50.0,0.0
59000,50.0,0.0
59250,50.0,0.0
59500,50.8,0.0
59750,50.8,0.0
60000,50.4,0.0
60250,50.0,0.0
60500,50.0,0.0
60750,51.6,0.0
61000,50.4,0.0
61250,50.4,0.0
61500,50.0,0.0
61750,50.8,0.0
62000,50.4,0.0
62250,51.2,0.0
62500,50.4,0.0
62750,50.0,0.0
63000,50.0,0.0
63250,50.4,0.0
63500,50.4,0.0
63750,50.0,0.0
64000,50.0,0.0
64250,50.0,0.0
64500,50.4,0.0
64750,50.0,0.0
65000,50.4,0.0
65250,50.0,0.0
65500,50.0,0.0
65750,50.0,0.0
66000,50.4,0.0
66250,50.0,0.0
66500,50.8,0.0
66750,50.4,0.0
67000,50.8,0.0
67250,50.0,0.0
67500,50.4,0.0
67750,50.4,0.0
68000,50.8,0.0
68250,50.4,0.0
68500,50.4,0.0
68750,50.4,0.0
69000,50.4,0.0
69250,50.0,0.0
69500,50.4,0.0
69750,50.8,0.0
70000,50.0,0.0
70250,51.6,0.0
70500,50.4,0.0
70750,50.0,0.0
71000,50.0,0.0
71250,50.4,0.0
71500,50.4,0.0
71750,50.4,0.0
72000,50.4,0.0
72250,49.6,0.0
72500,50.0,0.0
72750,50.4,0.0
73000,50.0,0.0
73250,50.0,0.0
73500,50.4,0.0
73750,50.0,0.0
74000,51.2,0.0
74250,50.0,0.0
74500,50.0,0.0
74750,50.0,0.0
75000,50.4,0.0
75250,50.4,0.0
75500,50.8,0.0
75750,50.4,0.0
76000,50.4,0.0
76250,50.0,0.0
76500,50.4,0.0
76750,50.0,0.0
77000,50.4,0.0
77250,50.0,0.0
77500,50.0,0.0
77750,51.2,0.0
78000,50.0,0.0
78250,49.6,0.0
78500,50.0,0.0
78750,50.0,0.0
79000,50.0,0.0
79250,50.4,0.0
79500,50.0,0.0
79750,50.0,0.0
80000,50.4,0.0
80250,50.8,0.0
80500,50.0,0.0
80750,50.4,0.0
81000,50.4,0.0
81250,50.8,0.0
81500,50.4,0.0
81750,51.6,0.0
82000,50.0,0.0
82250,50.0,0.0
82500,51.2,0.0
82750,50.0,0.0
83000,50.0,0.0
83250,50.0,0.0
83500,50.0,0.0
83750,50.0,0.0
84000,50.4,0.0
84250,50.0,0.0
84500,50.8,0.0
84750,50.0,0.0
85000,50.8,0.0
85250,50.4,0.0
85500,50.0,0.0
85750,50.0,0.0
86000,51.2,0.0
86250,50.4,0.0
86500,50.4,0.0
86750,50.4,0.0
87000,50.8,0.0
87250,50.4,0.0
87500,50.0,0.0
87750,50.0,0.0
88000,50.4,0.0
88250,50.0,0.0
88500,50.4,0.0
88750,50.0,0.0
89000,50.0,0.0
89250,50.0,0.0
89500,50.0,0.0
89750,50.0,0.0
90000,50.0,0.0
90250,50.4,0.0
90500,50.0,0.0
90750,50.4,0.0
91000,50.8,0.0
91250,50.0,0.0
91500,50.0,0.0
91750,50.0,0.0
92000,51.2,0.0
92250,50.4,0.0
92500,50.4,0.0
92750,50.0,0.0
93000,50.4,0.0
93250,50.4,0.0
93500,50.0,0.0
93750,50.8,0.0
94000,50.4,0.0
94250,50.0,0.0
94500,50.4,0.0
94750,50.0,0.0
95000,50.4,0.0
95250,50.0,0.0
95500,50.4,0.0
95750,50.0,0.0
96000,50.0,0.0
96250,50.4,0.0
96500,49.2,0.0
96750,50.4,0.0
97000,50.4,0.0
97250,50.8,0.0
97500,50.0,0.0
97750,50.8,0.0
98000,50.0,0.0
98250,50.4,0.0
98500,51.6,0.0
98750,50.4,0.0
99000,50.0,0.0
99250,50.0,0.0
99500,50.0,0.0
99750,50.0,0.0
