250,21.2,0.0
500,41.6,0.0
750,48.8,0.0
1000,49.6,0.0
1250,52.0,0.0
1500,51.2,0.0
1750,51.6,0.0
2000,52.800000000000004,0.0
2250,52.800000000000004,0.0
2500,52.400000000000006,0.0
2750,50.8,0.0
3000,50.8,0.0
3250,50.0,0.0
3500,50.8,0.0
3750,50.8,0.0
4000,50.8,0.0
4250,51.6,0.0
4500,50.4,0.0
4750,52.0,0.0
5000,50.4,0.0
5250,51.2,0.0
5500,51.6,0.0
5750,50.8,0.0
6000,51.6,0.0
6250,50.4,0.0
6500,50.8,0.0
6750,50.0,0.0
7000,51.2,0.0
7250,50.8,0.0
7500,50.4,0.0
7750,50.4,0.0
8000,52.400000000000006,0.0
8250,51.6,0.0
8500,50.8,0.0
8750,50.0,0.0
9000,50.4,0.0
9250,51.2,0.0
9500,50.0,0.0
9750,50.0,0.0
10000,51.2,0.0
10250,51.2,0.0
10500,50.4,0.0
10750,51.2,0.0
11000,50.8,0.0
11250,51.2,0.0
11500,51.6,0.0
11750,53.6,0.0
12000,50.0,0.0
12250,51.2,0.0
12500,50.8,0.0
12750,51.2,0.0
13000,51.6,0.0
13250,51.2,0.0
13500,51.6,0.0
13750,50.8,0.0
14000,52.400000000000006,0.0
14250,52.400000000000006,0.0
14500,52.400000000000006,0.0
14750,51.6,0.0
15000,50.8,0.0
15250,52.400000000000006,0.0
15500,51.6,0.0
15750,51.2,0.0
16000,52.0,0.0
16250,50.4,0.0
16500,51.6,0.0
16750,50.0,0.0
17000,50.8,0.0
17250,51.6,0.0
17500,51.2,0.0
17750,50.4,0.0
18000,50.8,0.0
18250,51.6,0.0
18500,51.6,0.0
18750,50.8,0.0
19000,50.4,0.0
19250,52.0,0.0
19500,52.0,0.0
19750,50.8,0.0
20000,51.6,0.0
20250,51.2,0.0
20500,50.4,0.0
20750,50.8,0.0
21000,50.8,0.0
21250,51.6,0.0
21500,51.6,0.0
21750,51.2,0.0
22000,50.8,0.0
22250,51.6,0.0
22500,50.8,0.0
22750,50.8,0.0
23000,51.2,0.0
23250,51.2,0.0
23500,50.8,0.0
23750,52.400000000000006,0.0
24000,51.2,0.0
24250,51.6,0.0
24500,51.2,0.0
24750,50.8,0.0
25000,52.0,0.0
25250,52.800000000000004,0.0
25500,50.0,0.0
25750,50.8,0.0
26000,51.2,0.0
26250,50.8,0.0
26500,50.4,0.0
26750,52.0,0.0
27000,52.400000000000006,0.0
27250,53.2,0.0
27500,50.8,0.0
27750,50.8,0.0
28000,51.6,0.0
28250,51.2,0.0
28500,50.4,0.0
28750,51.2,0.0
29000,50.8,0.0
29250,50.4,0.0
29500,50.8,0.0
29750,52.0,0.0
30000,50.8,0.0
30250,51.6,0.0
30500,52.800000000000004,0.0
30750,52.0,0.0
31000,50.8,0.0
31250,50.0,0.0
31500,51.6,0.0
31750,52.400000000000006,0.0
32000,51.6,0.0
32250,51.2,0.0
32500,52.0,0.0
32750,52.0,0.0
33000,51.6,0.0
33250,52.0,0.0
33500,51.6,0.0
33750,51.6,0.0
34000,50.8,0.0
34250,51.2,0.0
34500,52.0,0.0
34750,52.0,0.0
35000,51.6,0.0
35250,50.8,0.0
35500,51.6,0.0
35750,50.8,0.0
36000,51.2,0.0
36250,52.800000000000004,0.0
36500,50.8,0.0
36750,51.2,0.0
37000,51.2,0.0
37250,51.6,0.0
37500,52.0,0.0
37750,52.400000000000006,0.0
38000,52.0,0.0
38250,51.2,0.0
38500,50.4,0.0
38750,50.8,0.0
39000,50.8,0.0
39250,51.6,0.0
39500,51.6,0.0
39750,50.8,0.0
40000,50.8,0.0
40250,50.0,0.0
40500,52.0,0.0
40750,50.4,0.0
41000,50.4,0.0
41250,52.400000000000006,0.0
41500,52.400000000000006,0.0
41750,53.6,0.0
42000,52.400000000000006,0.0
42250,50.8,0.0
42500,51.2,0.0
42750,52.0,0.0
43000,51.6,0.0
43250,52.400000000000006,0.0
43500,52.400000000000006,0.0
43750,52.400000000000006,0.0
44000,50.8,0.0
44250,51.2,0.0
44500,50.8,0.0
44750,51.2,0.0
45000,51.2,0.0
45250,51.2,0.0
45500,52.0,0.0
45750,50.8,0.0
46000,51.2,0.0
46250,51.6,0.0
46500,50.8,0.0
46750,51.6,0.0
47000,50.8,0.0
47250,50.8,0.0
47500,50.4,0.0
47750,51.6,0.0
48000,50.8,0.0
48250,50.0,0.0
48500,50.4,0.0
48750,51.2,0.0
49000,50.8,0.0
49250,50.4,0.0
49500,52.400000000000006,0.0
49750,50.8,0.0
50000,50.4,0.0
50250,51.2,0.0
50500,50.8,0.0
50750,51.2,0.0
51000,52.400000000000006,0.0
51250,50.0,0.0
51500,50.4,0.0
51750,52.800000000000004,0.0
52000,51.2,0.0
52250,52.0,0.0
52500,50.8,0.0
52750,52.0,0.0
53000,53.6,0.0
53250,51.2,0.0
53500,52.0,0.0
53750,51.6,0.0
54000,51.6,0.0
54250,50.0,0.0
54500,51.6,0.0
54750,51.2,0.0
55000,52.0,0.0
55250,51.2,0.0
55500,51.6,0.0
55750,50.4,0.0
56000,51.2,0.0
56250,50.8,0.0
56500,51.6,0.0
56750,51.6,0.0
57000,52.800000000000004,0.0
57250,51.6,0.0
57500,50.8,0.0
57750,50.8,0.0
58000,50.8,0.0
58250,53.2,0.0
58500,52.400000000000006,0.0
58750,52.0,0.0
59000,51.6,0.0
59250,52.0,0.0
59500,52.0,0.0
59750,51.2,0.0
60000,51.2,0.0
60250,52.0,0.0
60500,50.8,0.0
60750,52.400000000000006,0.0
61000,53.2,0.0
61250,51.2,0.0
61500,50.4,0.0
61750,51.2,0.0
62000,52.0,0.0
62250,52.0,0.0
62500,52.400000000000006,0.0
62750,53.2,0.0
63000,50.4,0.0
63250,52.0,0.0
63500,52.400000000000006,0.0
63750,50.8,0.0
64000,50.4,0.0
64250,50.8,0.0
64500,50.4,0.0
64750,50.0,0.0
65000,51.2,0.0
65250,51.6,0.0
65500,51.2,0.0
65750,50.8,0.0
66000,50.8,0.0
66250,50.8,0.0
66500,51.2,0.0
66750,52.0,0.0
67000,51.6,0.0
67250,50.4,0.0
67500,52.800000000000004,0.0
67750,51.2,0.0
68000,50.8,0.0
68250,50.4,0.0
68500,51.6,0.0
68750,52.0,0.0
69000,50.8,0.0
69250,51.6,0.0
69500,50.8,0.0
69750,52.400000000000006,0.0
70000,50.8,0.0
70250,53.6,0.0
70500,51.2,0.0
70750,52.800000000000004,0.0
71000,50.8,0.0
71250,50.8,0.0
71500,51.6,0.0
71750,51.2,0.0
72000,52.400000000000006,0.0
72250,50.8,0.0
72500,50.8,0.0
72750,51.6,0.0
73000,52.0,0.0
73250,50.0,0.0
73500,52.800000000000004,0.0
73750,50.8,0.0
74000,52.0,0.0
74250,51.6,0.0
74500,51.6,0.0
74750,50.4,0.0
75000,51.2,0.0
75250,51.2,0.0
75500,50.8,0.0
75750,50.8,0.0
76000,50.4,0.0
76250,50.0,0.0
76500,51.2,0.0
76750,50.4,0.0
77000,51.2,0.0
77250,50.4,0.0
77500,51.6,0.0
77750,52.0,0.0
78000,50.8,0.0
78250,51.6,0.0
78500,51.2,0.0
78750,52.0,0.0
79000,51.2,0.0
79250,51.2,0.0
79500,50.0,0.0
79750,51.2,0.0
80000,51.6,0.0
80250,51.6,0.0
80500,51.2,0.0
80750,50.8,0.0
81000,51.6,0.0
81250,51.2,0.0
81500,51.2,0.0
81750,52.800000000000004,0.0
82000,50.4,0.0
82250,50.4,0.0
82500,51.2,0.0
82750,50.4,0.0
83000,52.400000000000006,0.0
83250,51.2,0.0
83500,51.2,0.0
83750,50.8,0.0
84000,52.0,0.0
84250,50.8,0.0
84500,52.800000000000004,0.0
84750,52.400000000000006,0.0
85000,51.2,0.0
85250,51.2,0.0
85500,50.8,0.0
85750,50.8,0.0
86000,52.800000000000004,0.0
86250,52.0,0.0
86500,50.8,0.0
86750,51.2,0.0
87000,51.2,0.0
87250,50.4,0.0
87500,51.2,0.0
87750,50.8,0.0
88000,51.2,0.0
88250,50.8,0.0
88500,51.2,0.0
88750,50.4,0.0
89000,50.4,0.0
89250,51.6,0.0
89500,50.8,0.0
89750,50.8,0.0
90000,50.4,0.0
90250,52.0,0.0
90500,50.8,0.0
90750,51.2,0.0
91000,51.2,0.0
91250,52.800000000000004,0.0
91500,51.2,0.0
91750,51.2,0.0
92000,52.0,0.0
92250,51.6,0.0
92500,50.8,0.0
92750,51.2,0.0
93000,50.8,0.0
93250,52.400000000000006,0.0
93500,50.0,0.0
93750,51.2,0.0
94000,51.6,0.0
94250,51.6,0.0
94500,50.8,0.0
94750,50.4,0.0
95000,51.6,0.0
95250,50.4,0.0
95500,50.8,0.0
95750,51.6,0.0
96000,50.0,0.0
96250,52.0,0.0
96500,50.4,0.0
96750,51.6,0.0
97000,52.0,0.0
97250,51.6,0.0
97500,51.6,0.0
97750,51.6,0.0
98000,51.6,0.0
98250,51.2,0.0
98500,52.400000000000006,0.0
98750,51.2,0.0
99000,50.0,0.0
99250,50.8,0.0
99500,51.2,0.0
99750,51.2,0.0
