500,31.4,0.0
1000,49.8,3.0821917808219177
1500,52.0,4.679802955665025
2000,52.800000000000004,2.589641434262948
2500,52.6,4.11522633744856
3000,51.0,1.977401129943503
3500,50.4,0.75
4000,51.0,0.8953553441522105
4500,51.4,1.440329218106996
5000,51.6,1.231060606060606
5500,51.800000000000004,0.5727923627684964
6000,51.2,0.3097573567372225
6500,50.6,2.6410564225690276
7000,50.8,1.2012012012012012
7500,51.0,0.5995203836930456
8000,52.2,1.410105757931845
8500,51.2,0.5827505827505828
9000,50.4,0.5724098454493417
9500,50.6,0.7575757575757576
10000,50.6,1.8269747447608813
10500,51.0,1.3008130081300813
11000,51.0,0.6798866855524079
11500,51.800000000000004,1.2290502793296088
12000,52.2,0.5307855626326964
12500,51.2,0.7329842931937173
13000,51.4,0.43668122270742354
13500,52.2,0.9631728045325779
14000,52.2,1.5739179314221474
14500,52.800000000000004,1.282798833819242
15000,51.4,1.2585812356979404
15500,52.0,0.5163511187607573
16000,52.0,0.30469226081657524
16500,51.0,1.1002444987775062
17000,50.6,1.06320141760189
17500,51.6,1.2492901760363428
18000,50.6,1.6657412548584118
18500,51.800000000000004,2.696871628910464
19000,50.8,0.87527352297593
19500,52.400000000000006,1.3800424628450108
20000,51.4,1.417004048582996
20500,51.0,0.501002004008016
21000,50.8,0.8217770929635336
21500,51.6,0.46656298600311047
22000,51.2,0.593311758360302
22500,51.6,0.8175779253960144
23000,51.0,1.1434511434511436
23500,51.4,1.6366612111292964
24000,52.400000000000006,1.070663811563169
24500,51.4,1.3079019073569482
25000,51.4,1.8275271273557967
25500,51.6,0.6070640176600441
26000,51.0,1.5069967707212055
26500,50.6,0.6578947368421052
27000,52.2,0.7427055702917772
27500,52.0,0.4123711340206186
28000,51.800000000000004,0.267379679144385
28500,51.0,1.265155508697944
29000,51.2,1.7471736896197325
29500,51.2,0.5350454788657035
30000,51.6,1.5764582238570677
30500,52.400000000000006,0.8629989212513484
31000,52.0,0.9549071618037135
31500,51.0,0.6458557588805167
32000,52.0,0.7318348144276007
32500,52.0,0.9713977334052887
33000,52.2,0.755939524838013
33500,52.2,1.1995637949836424
34000,51.2,0.847457627118644
34500,51.800000000000004,1.8662519440124419
35000,51.800000000000004,0.9384775808133473
35500,50.8,1.3555787278415017
36000,51.2,0.36784025223331585
36500,52.0,1.4425553838227718
37000,51.4,0.7265179034769071
37500,51.800000000000004,0.6106870229007634
38000,52.400000000000006,0.7522837184309511
38500,51.4,0.42194092827004215
39000,51.2,0.6122448979591837
39500,52.2,0.49726504226752855
40000,51.4,0.33589251439539347
40500,51.4,1.1315417256011315
41000,51.4,0.23148148148148145
41500,52.0,0.22644927536231885
42000,52.6,1.0
42500,51.0,0.6208425720620843
43000,51.6,1.5384615384615385
43500,52.6,0.4448398576512456
44000,52.0,0.7901668129938543
44500,51.2,1.5044247787610618
45000,51.6,0.990990990990991
45500,51.800000000000004,0.7978723404255319
46000,51.2,1.8650088809946712
46500,52.0,1.466544454628781
47000,51.800000000000004,2.2603978300180834
47500,51.2,0.22351363433169422
48000,51.6,0.8050089445438283
48500,50.2,0.5161290322580645
49000,52.6,0.8343763037129746
49500,51.800000000000004,0.900163666121113
50000,50.6,0.3228410008071025
50500,51.2,1.0180109631949883
51000,51.800000000000004,0.7864726700747149
51500,50.2,0.38774718883288095
52000,52.6,0.5997001499250375
52500,51.800000000000004,0.9544787077826725
53000,51.6,0.6481814908174289
53500,52.0,0.6769462203836029
54000,51.4,0.10968921389396709
54500,51.4,0.8339651250947688
55000,52.0,0.4511278195488722
55500,51.4,0.8103130755064457
56000,50.6,1.2317167051578137
56500,51.0,0.7056056448451588
57000,52.400000000000006,0.46153846153846156
57500,51.4,0.7014809041309431
58000,51.4,0.228310502283105
58500,52.0,1.4382740711146624
59000,51.6,0.7883326763894364
59500,51.800000000000004,0.561122244488978
60000,51.6,0.7867820613690008
60500,51.4,0.9262832883056734
61000,51.6,0.29563932002956395
61500,51.2,0.5936920222634509
62000,51.0,0.8115086683880488
62500,51.2,0.8151167098925528
63000,52.2,0.5805515239477503
63500,51.4,0.577825929938606
64000,51.2,0.8468595624558928
64500,51.2,0.4139358399448086
65000,51.0,0.6
65500,51.4,0.4055424129773572
66000,51.2,0.16750418760469013
66500,51.0,0.09740259740259741
67000,52.6,1.1979823455233292
67500,52.6,0.7892140743176587
68000,50.6,1.006711409395973
68500,51.6,0.30853616729516625
69000,51.800000000000004,0.9943181818181818
69500,50.8,0.41870202372644805
70000,51.2,0.3417634996582365
70500,52.0,0.4036326942482341
71000,51.6,0.066203243958954
71500,50.4,0.39126181936746
72000,51.6,0.6371455877668047
72500,52.0,0.2802865151043289
73000,52.0,0.6806930693069307
73500,52.2,0.3692307692307692
74000,52.0,1.0369014943580361
74500,51.0,0.36809815950920244
75000,51.6,0.4728132387706856
75500,52.2,0.6491590439657716
76000,52.0,0.467699503069278
76500,50.6,0.47225501770956313
77000,51.6,0.46920821114369504
77500,52.0,0.3052503052503053
78000,52.800000000000004,0.4342431761786601
78500,51.2,0.31655587211142766
79000,51.6,0.9377930603313536
79500,51.6,1.0529575720037163
80000,52.400000000000006,0.1886199308393587
80500,51.0,0.8769182586908864
81000,51.6,0.44472681067344344
81500,51.6,0.375
82000,51.4,0.3730183400683867
82500,51.2,0.7485963817841547
83000,51.2,0.4891470498318557
83500,51.0,0.851581508515815
84000,51.0,0.3546099290780142
84500,51.4,0.5132591958939264
85000,52.400000000000006,0.1664355062413315
85500,51.0,0.6650041562759768
86000,51.800000000000004,0.388457269700333
86500,51.800000000000004,0.4375170905113481
87000,51.6,0.3889969435954432
87500,51.4,0.5988023952095809
88000,52.800000000000004,0.32939884710403516
88500,51.0,0.2157497303128371
89000,51.4,0.4775802600159193
89500,51.800000000000004,0.3189792663476874
90000,51.0,0.6357615894039735
90500,50.8,0.4443210219383505
91000,51.0,0.8515469770082317
91500,51.6,0.7544979686593152
92000,52.0,0.48382219534321136
92500,51.6,0.4984423676012461
93000,51.2,0.2559181062060141
93500,51.800000000000004,0.37220843672456577
94000,51.0,0.594883997620464
94500,51.4,1.0935251798561152
95000,51.0,0.5589714924538848
95500,51.800000000000004,0.3898635477582846
96000,51.2,0.6035665294924555
96500,51.800000000000004,1.177730192719486
97000,51.2,0.7425086184036065
97500,51.2,0.3194888178913738
98000,51.0,0.15806111696522657
98500,51.2,0.624512099921936
99000,52.2,0.712468193384224
99500,51.4,0.4071246819338422
