250,14.000000000000002,67.3913043478261
500,27.6,84.91803278688525
750,37.6,99.6268656716418
1000,34.4,99.21875
1250,36.8,99.60317460317461
1500,37.6,99.64539007092199
1750,34.4,99.59514170040485
2000,40.0,99.66216216216216
2250,36.8,99.58333333333333
2500,34.4,99.64664310954063
2750,34.8,99.6
3000,39.6,98.9090909090909
3250,37.6,99.56709956709958
3500,36.8,99.52153110047847
3750,35.6,99.55947136563876
4000,39.2,99.51690821256038
4250,41.199999999999996,99.56896551724138
4500,39.2,99.52153110047847
4750,35.6,99.52606635071089
5000,39.2,99.56140350877193
5250,36.4,99.49238578680203
5500,39.2,99.52380952380952
5750,39.2,99.51219512195122
6000,38.0,99.55947136563876
6250,38.800000000000004,99.59349593495935
6500,38.800000000000004,99.52606635071089
6750,33.6,99.53488372093024
7000,36.4,99.52380952380952
7250,36.0,99.49238578680203
7500,35.6,99.53488372093024
7750,37.6,99.48186528497409
8000,41.6,99.54545454545455
8250,40.400000000000006,99.59677419354838
8500,38.4,99.50248756218906
8750,38.0,99.56521739130434
9000,40.8,99.59839357429718
9250,37.2,99.57264957264957
9500,40.400000000000006,99.46524064171123
9750,38.800000000000004,99.55357142857143
10000,37.6,99.52380952380952
10250,40.0,99.55156950672645
10500,37.6,99.52606635071089
10750,38.800000000000004,99.53917050691244
11000,40.0,99.54545454545455
11250,38.0,99.52830188679245
11500,37.6,99.50738916256158
11750,34.8,99.53917050691244
12000,38.800000000000004,99.07834101382488
12250,38.4,99.58333333333333
12500,38.800000000000004,99.57081545064378
12750,38.800000000000004,99.53703703703704
13000,37.6,99.49238578680203
13250,40.8,99.53917050691244
13500,40.400000000000006,99.5475113122172
13750,39.2,99.5475113122172
14000,39.6,99.54337899543378
14250,36.4,99.52380952380952
14500,37.2,99.49238578680203
14750,37.2,99.54128440366972
15000,37.2,99.53917050691244
15250,39.2,99.52153110047847
15500,36.4,99.54545454545455
15750,39.2,99.57446808510639
16000,38.800000000000004,99.5575221238938
16250,38.0,99.54128440366972
16500,39.6,99.54954954954955
16750,40.8,99.55947136563876
17000,38.800000000000004,99.14163090128756
17250,39.6,99.5475113122172
17500,40.0,99.59016393442623
17750,37.6,99.5575221238938
18000,36.8,99.4949494949495
18250,39.6,99.57264957264957
18500,38.4,99.07834101382488
18750,40.400000000000006,99.57446808510639
19000,38.4,99.56896551724138
19250,42.8,99.62264150943396
19500,38.800000000000004,99.54545454545455
19750,36.8,99.52380952380952
20000,36.8,99.51219512195122
20250,39.6,99.54545454545455
20500,37.2,99.53271028037383
20750,37.6,99.56521739130434
21000,42.0,99.10714285714286
21250,40.400000000000006,99.56896551724138
21500,39.6,99.54337899543378
21750,41.199999999999996,99.16666666666667
22000,42.0,99.56709956709958
22250,38.800000000000004,99.581589958159
22500,38.0,99.51923076923077
22750,40.0,99.51923076923077
23000,40.0,99.57264957264957
23250,42.0,99.15254237288136
23500,36.8,99.5475113122172
23750,39.2,99.53051643192488
24000,41.199999999999996,99.56896551724138
24250,38.800000000000004,99.53917050691244
24500,39.2,99.55555555555556
24750,38.800000000000004,99.52830188679245
25000,35.199999999999996,99.51690821256038
25250,38.800000000000004,99.53703703703704
25500,42.8,99.581589958159
25750,41.199999999999996,99.59514170040485
26000,40.0,99.52153110047847
26250,40.8,99.59839357429718
26500,43.2,99.59183673469387
26750,40.8,99.56521739130434
27000,39.6,99.55156950672645
27250,39.2,99.56709956709958
27500,41.6,99.2
27750,37.6,99.56331877729258
28000,40.8,99.55156950672645
28250,39.6,99.56709956709958
28500,40.8,99.57081545064378
28750,38.0,99.55555555555556
29000,38.4,99.5575221238938
29250,40.8,99.58847736625515
29500,38.800000000000004,99.56896551724138
29750,40.8,99.57805907172997
30000,36.4,99.46808510638297
30250,39.2,99.5475113122172
30500,38.0,99.55555555555556
30750,41.6,99.57805907172997
31000,39.2,99.55156950672645
31250,38.800000000000004,99.56331877729258
31500,41.199999999999996,99.21259842519686
31750,38.800000000000004,99.54954954954955
32000,40.8,99.57983193277312
32250,40.400000000000006,99.54128440366972
32500,36.4,99.51923076923077
32750,40.0,99.53051643192488
33000,40.400000000000006,99.59677419354838
33250,34.8,99.53917050691244
33500,38.4,99.54954954954955
33750,40.400000000000006,99.13793103448276
34000,40.0,99.55555555555556
34250,40.8,99.57081545064378
34500,38.4,99.53488372093024
34750,40.8,99.57446808510639
35000,41.6,99.59183673469387
35250,40.400000000000006,99.59016393442623
35500,38.800000000000004,99.51923076923077
35750,40.0,99.5575221238938
36000,38.4,99.53051643192488
36250,36.0,99.51923076923077
36500,37.6,99.51923076923077
36750,38.800000000000004,99.55156950672645
37000,39.6,99.57081545064378
37250,39.2,99.56331877729258
37500,40.400000000000006,99.55156950672645
37750,40.400000000000006,99.56709956709958
38000,40.0,99.57627118644068
38250,40.8,99.57627118644068
38500,38.800000000000004,99.51923076923077
38750,38.4,99.52606635071089
39000,36.4,99.5049504950495
39250,40.8,99.58847736625515
39500,38.0,99.54128440366972
39750,38.800000000000004,99.53703703703704
40000,40.0,99.57446808510639
40250,39.2,99.52380952380952
40500,36.8,99.57264957264957
40750,37.2,99.51690821256038
41000,40.400000000000006,99.56521739130434
41250,40.0,99.57081545064378
41500,40.0,99.57983193277312
41750,37.6,99.54337899543378
42000,40.400000000000006,99.53488372093024
42250,40.400000000000006,99.57983193277312
42500,40.0,99.56140350877193
42750,39.6,99.54954954954955
43000,38.0,99.5049504950495
43250,36.4,99.51219512195122
43500,37.6,99.53703703703704
43750,40.8,99.54337899543378
44000,37.2,99.54545454545455
44250,39.6,99.56521739130434
44500,40.400000000000006,99.5850622406639
44750,41.6,99.60159362549801
45000,37.6,99.53271028037383
45250,38.0,99.56521739130434
45500,37.6,99.51219512195122
45750,37.2,99.51456310679612
46000,40.0,99.55947136563876
46250,41.199999999999996,99.56521739130434
46500,37.2,99.53051643192488
46750,39.2,99.52830188679245
47000,38.0,99.5575221238938
47250,40.400000000000006,99.59514170040485
47500,40.0,99.55357142857143
47750,38.800000000000004,99.54337899543378
48000,39.2,99.56521739130434
48250,36.0,99.47916666666666
48500,37.2,99.1304347826087
48750,37.6,99.56896551724138
49000,34.8,98.62385321100918
49250,39.2,99.59349593495935
49500,37.6,99.57264957264957
49750,40.0,99.55947136563876
50000,39.2,99.09502262443439
50250,38.800000000000004,99.54545454545455
50500,41.199999999999996,99.5850622406639
50750,41.199999999999996,99.12663755458514
51000,38.0,99.53488372093024
51250,38.0,99.53703703703704
51500,37.6,99.54337899543378
51750,38.800000000000004,99.55555555555556
52000,38.0,99.10714285714286
52250,41.199999999999996,99.6078431372549
52500,40.0,99.5475113122172
52750,37.6,99.50980392156863
53000,39.6,99.53703703703704
53250,38.0,99.55156950672645
53500,39.6,98.56459330143541
53750,36.8,99.54337899543378
54000,37.6,99.54337899543378
54250,41.199999999999996,99.55555555555556
54500,37.2,99.56140350877193
54750,38.800000000000004,99.55555555555556
55000,38.800000000000004,99.56709956709958
55250,37.6,99.52830188679245
55500,38.800000000000004,99.55357142857143
55750,38.800000000000004,99.55156950672645
56000,37.6,99.51690821256038
56250,40.400000000000006,99.581589958159
56500,40.8,99.5850622406639
56750,41.199999999999996,98.80952380952381
57000,39.6,99.59016393442623
57250,39.2,99.55947136563876
57500,41.6,99.55156950672645
57750,38.0,99.51690821256038
58000,40.400000000000006,99.55156950672645
58250,39.2,99.51923076923077
58500,41.6,99.581589958159
58750,41.199999999999996,99.1869918699187
59000,39.6,99.59839357429718
59250,38.4,99.56896551724138
59500,40.8,99.57264957264957
59750,38.0,99.54545454545455
60000,40.400000000000006,99.60317460317461
60250,38.4,99.53917050691244
60500,42.0,99.54954954954955
60750,39.6,99.55357142857143
61000,38.800000000000004,99.57081545064378
61250,38.0,99.51923076923077
61500,39.6,99.56521739130434
61750,36.8,99.53917050691244
62000,37.2,99.53271028037383
62250,41.199999999999996,99.53703703703704
62500,41.6,99.6078431372549
62750,40.400000000000006,99.52830188679245
63000,39.2,99.52153110047847
63250,40.400000000000006,99.54954954954955
63500,39.6,99.54545454545455
63750,40.8,99.56140350877193
64000,35.6,99.54337899543378
64250,41.199999999999996,99.55357142857143
64500,38.800000000000004,99.54545454545455
64750,40.400000000000006,99.57081545064378
65000,40.0,99.5850622406639
65250,42.8,98.9090909090909
65500,38.0,99.56331877729258
65750,38.4,99.55357142857143
66000,37.2,99.52153110047847
66250,40.400000000000006,99.59016393442623
66500,39.2,99.54128440366972
66750,38.800000000000004,99.11894273127754
67000,38.4,99.56709956709958
67250,39.6,99.56896551724138
67500,40.0,99.54337899543378
67750,38.4,99.52380952380952
68000,38.4,99.54954954954955
68250,37.6,99.57446808510639
68500,34.8,99.4949494949495
68750,37.2,99.54337899543378
69000,37.2,99.53488372093024
69250,41.199999999999996,99.5575221238938
69500,40.0,99.56709956709958
69750,36.8,99.5049504950495
70000,38.800000000000004,99.52830188679245
70250,38.800000000000004,98.5981308411215
70500,37.6,99.55555555555556
70750,38.0,99.5850622406639
71000,37.6,99.55555555555556
71250,38.800000000000004,99.55156950672645
71500,40.0,99.54128440366972
71750,39.6,99.53488372093024
72000,40.0,99.57805907172997
72250,38.4,99.5475113122172
72500,36.4,99.52380952380952
72750,38.0,99.57264957264957
73000,39.2,99.54337899543378
73250,41.6,99.57446808510639
73500,35.199999999999996,99.53703703703704
73750,38.0,99.53917050691244
74000,40.0,99.15254237288136
74250,38.0,99.57805907172997
74500,39.2,99.54545454545455
74750,42.4,99.59016393442623
75000,36.0,99.54337899543378
75250,39.6,99.54954954954955
75500,39.2,99.51456310679612
75750,40.0,99.56140350877193
76000,36.4,99.51219512195122
76250,40.0,99.57081545064378
76500,38.0,99.56140350877193
76750,40.400000000000006,99.58847736625515
77000,40.400000000000006,99.14163090128756
77250,39.2,99.56896551724138
77500,37.6,99.52380952380952
77750,37.2,99.53488372093024
78000,38.4,99.57805907172997
78250,38.4,99.58847736625515
78500,40.8,99.59514170040485
78750,42.4,99.59677419354838
79000,39.2,99.52380952380952
79250,39.6,99.51219512195122
79500,37.2,99.53051643192488
79750,36.4,99.51456310679612
80000,39.2,99.55156950672645
80250,40.8,99.58333333333333
80500,38.800000000000004,99.52606635071089
80750,38.0,99.5475113122172
81000,38.4,99.54954954954955
81250,37.2,99.52830188679245
81500,40.8,99.59677419354838
81750,39.6,99.53917050691244
82000,37.2,99.53917050691244
82250,37.6,99.53488372093024
82500,38.0,99.5575221238938
82750,35.199999999999996,99.51219512195122
83000,36.8,99.58677685950413
83250,37.2,99.5475113122172
83500,38.4,99.53917050691244
83750,39.6,99.5475113122172
84000,40.0,99.57627118644068
84250,38.0,99.55947136563876
84500,40.0,99.04306220095694
84750,38.0,99.54954954954955
85000,40.400000000000006,99.54954954954955
85250,40.400000000000006,99.57446808510639
85500,38.4,99.56140350877193
85750,41.6,99.56140350877193
86000,39.6,99.55555555555556
86250,42.4,99.61832061068702
86500,41.199999999999996,99.59677419354838
86750,42.8,99.60159362549801
87000,35.199999999999996,99.50980392156863
87250,40.8,99.59349593495935
87500,36.0,99.5575221238938
87750,40.0,99.51456310679612
88000,40.0,99.55357142857143
88250,44.0,99.6
88500,37.6,99.52830188679245
88750,38.0,99.56140350877193
89000,36.8,99.55156950672645
89250,40.8,99.59183673469387
89500,38.4,99.5475113122172
89750,36.4,99.51690821256038
90000,38.800000000000004,99.53271028037383
90250,40.0,99.5475113122172
90500,37.6,99.55555555555556
90750,39.2,99.56709956709958
91000,41.6,99.57446808510639
91250,38.4,99.52380952380952
91500,39.2,99.53703703703704
91750,42.4,99.6
92000,42.0,99.59514170040485
92250,36.8,99.56709956709958
92500,38.4,99.56709956709958
92750,39.2,99.53488372093024
93000,38.800000000000004,99.56331877729258
93250,40.0,99.58333333333333
93500,43.6,99.5575221238938
93750,36.8,99.53917050691244
94000,38.0,99.55555555555556
94250,39.6,99.54337899543378
94500,39.2,99.5475113122172
94750,40.0,99.5475113122172
95000,38.800000000000004,99.49748743718592
95250,37.2,99.54954954954955
95500,39.2,99.13419913419914
95750,42.4,99.59349593495935
96000,36.0,99.55947136563876
96250,38.800000000000004,99.57081545064378
96500,40.0,99.56709956709958
96750,40.0,99.55156950672645
97000,38.4,99.53051643192488
97250,40.0,99.53051643192488
97500,39.6,99.59016393442623
97750,39.6,99.53917050691244
98000,38.4,99.57264957264957
98250,39.2,99.54545454545455
98500,40.8,99.56709956709958
98750,38.800000000000004,99.54954954954955
99000,39.2,99.5475113122172
99250,39.6,99.56331877729258
99500,39.6,99.55947136563876
99750,40.8,99.56896551724138
