250,11.600000000000001,0.0
500,25.2,0.0
750,28.4,0.0
1000,26.400000000000002,0.0
1250,27.200000000000003,0.0
1500,29.599999999999998,0.0
1750,22.8,0.0
2000,30.8,0.0
2250,26.400000000000002,0.0
2500,25.2,0.0
2750,26.0,0.0
3000,30.0,0.0
3250,28.799999999999997,0.0
3500,29.599999999999998,0.0
3750,27.6,0.0
4000,28.4,0.0
4250,31.2,0.0
4500,28.799999999999997,0.0
4750,26.8,0.0
5000,32.0,0.0
5250,28.4,0.0
5500,27.200000000000003,0.0
5750,29.2,0.0
6000,28.4,0.0
6250,26.8,0.0
6500,26.8,0.0
6750,23.200000000000003,0.0
7000,28.000000000000004,0.0
7250,27.6,0.0
7500,24.4,0.0
7750,26.400000000000002,0.0
8000,32.4,0.0
8250,30.4,0.0
8500,31.6,0.0
8750,26.400000000000002,0.0
9000,32.0,0.0
9250,27.6,0.0
9500,28.000000000000004,0.0
9750,29.599999999999998,0.0
10000,25.6,0.0
10250,30.8,0.0
10500,27.6,0.0
10750,29.599999999999998,0.0
11000,28.799999999999997,0.0
11250,26.8,0.0
11500,27.6,0.0
11750,26.0,0.0
12000,26.400000000000002,0.0
12250,31.6,0.0
12500,27.6,0.0
12750,29.599999999999998,0.0
13000,25.6,0.0
13250,27.6,0.0
13500,29.2,0.0
13750,25.2,0.0
14000,28.799999999999997,0.0
14250,30.0,0.0
14500,26.8,0.0
14750,27.200000000000003,0.0
15000,28.000000000000004,0.0
15250,29.599999999999998,0.0
15500,26.8,0.0
15750,29.2,0.0
16000,28.000000000000004,0.0
16250,28.799999999999997,0.0
16500,30.0,0.0
16750,30.0,0.0
17000,28.000000000000004,0.0
17250,28.799999999999997,0.0
17500,30.0,0.0
17750,28.4,0.0
18000,24.8,0.0
18250,29.2,0.0
18500,26.0,0.0
18750,32.0,0.0
19000,30.4,0.0
19250,32.0,0.0
19500,29.2,0.0
19750,29.599999999999998,0.0
20000,26.8,0.0
20250,26.0,0.0
20500,26.400000000000002,0.0
20750,26.8,0.0
21000,30.8,0.0
21250,32.0,0.0
21500,28.4,0.0
21750,28.4,0.0
22000,30.4,0.0
22250,28.4,0.0
22500,26.8,0.0
22750,31.2,0.0
23000,29.2,0.0
23250,32.800000000000004,0.0
23500,28.4,0.0
23750,27.200000000000003,0.0
24000,28.799999999999997,0.0
24250,30.0,0.0
24500,28.4,0.0
24750,26.400000000000002,0.0
25000,25.6,0.0
25250,26.0,0.0
25500,30.4,0.0
25750,32.4,0.0
26000,27.200000000000003,0.0
26250,30.0,0.0
26500,31.2,0.0
26750,30.4,0.0
27000,29.599999999999998,0.0
27250,31.2,0.0
27500,30.0,0.0
27750,26.400000000000002,0.0
28000,29.2,0.0
28250,26.8,0.0
28500,30.4,0.0
28750,28.799999999999997,0.0
29000,27.6,0.0
29250,30.8,0.0
29500,26.8,0.0
29750,27.6,0.0
30000,26.8,0.0
30250,29.599999999999998,0.0
30500,28.4,0.0
30750,32.0,0.0
31000,29.2,0.0
31250,28.4,0.0
31500,32.0,0.0
31750,30.4,0.0
32000,30.8,0.0
32250,29.2,0.0
32500,29.599999999999998,0.0
32750,29.599999999999998,0.0
33000,29.2,0.0
33250,24.4,0.0
33500,28.4,0.0
33750,26.8,0.0
34000,30.0,0.0
34250,30.0,0.0
34500,27.6,0.0
34750,29.599999999999998,0.0
35000,31.2,0.0
35250,32.800000000000004,0.0
35500,27.200000000000003,0.0
35750,27.6,0.0
36000,27.200000000000003,0.0
36250,26.8,0.0
36500,27.6,0.0
36750,29.599999999999998,0.0
37000,27.6,0.0
37250,29.599999999999998,0.0
37500,30.0,0.0
37750,28.000000000000004,0.0
38000,26.8,0.0
38250,30.4,0.0
38500,29.599999999999998,0.0
38750,30.0,0.0
39000,24.8,0.0
39250,26.8,0.0
39500,28.799999999999997,0.0
39750,27.200000000000003,0.0
40000,28.4,0.0
40250,30.4,0.0
40500,25.2,0.0
40750,25.2,0.0
41000,29.599999999999998,0.0
41250,30.4,0.0
41500,27.6,0.0
41750,28.000000000000004,0.0
42000,29.2,0.0
42250,31.2,0.0
42500,30.8,0.0
42750,30.0,0.0
43000,26.8,0.0
43250,24.4,0.0
43500,29.599999999999998,0.0
43750,30.4,0.0
44000,26.0,0.0
44250,30.4,0.0
44500,30.0,0.0
44750,28.4,0.0
45000,27.6,0.0
45250,27.6,0.0
45500,26.0,0.0
45750,26.8,0.0
46000,28.4,0.0
46250,24.8,0.0
46500,23.200000000000003,0.0
46750,30.0,0.0
47000,24.8,0.0
47250,30.0,0.0
47500,26.400000000000002,0.0
47750,28.4,0.0
48000,30.4,0.0
48250,26.400000000000002,0.0
48500,26.8,0.0
48750,24.8,0.0
49000,25.6,0.0
49250,28.799999999999997,0.0
49500,25.6,0.0
49750,30.0,0.0
50000,31.2,0.0
50250,27.200000000000003,0.0
50500,29.599999999999998,0.0
50750,30.4,0.0
51000,24.0,0.0
51250,26.8,0.0
51500,30.8,0.0
51750,29.2,0.0
52000,26.8,0.0
52250,32.0,0.0
52500,26.400000000000002,0.0
52750,29.599999999999998,0.0
53000,25.2,0.0
53250,27.200000000000003,0.0
53500,26.400000000000002,0.0
53750,27.6,0.0
54000,27.6,0.0
54250,30.4,0.0
54500,27.200000000000003,0.0
54750,30.8,0.0
55000,30.4,0.0
55250,25.6,0.0
55500,29.599999999999998,0.0
55750,30.4,0.0
56000,26.8,0.0
56250,31.2,0.0
56500,30.4,0.0
56750,30.4,0.0
57000,27.200000000000003,0.0
57250,29.599999999999998,0.0
57500,27.6,0.0
57750,26.0,0.0
58000,29.2,0.0
58250,26.0,0.0
58500,33.2,0.0
58750,28.4,0.0
59000,25.2,0.0
59250,28.799999999999997,0.0
59500,30.0,0.0
59750,26.400000000000002,0.0
60000,30.4,0.0
60250,27.6,0.0
60500,29.2,0.0
60750,25.6,0.0
61000,29.2,0.0
61250,29.599999999999998,0.0
61500,29.2,0.0
61750,28.4,0.0
62000,25.6,0.0
62250,30.8,0.0
62500,31.2,0.0
62750,28.4,0.0
63000,28.4,0.0
63250,26.8,0.0
63500,30.4,0.0
63750,31.2,0.0
64000,23.200000000000003,0.0
64250,28.000000000000004,0.0
64500,28.000000000000004,0.0
64750,32.4,0.0
65000,28.000000000000004,0.0
65250,34.4,0.0
65500,27.6,0.0
65750,29.2,0.0
66000,24.8,0.0
66250,32.0,0.0
66500,28.4,0.0
66750,27.200000000000003,0.0
67000,26.0,0.0
67250,25.2,0.0
67500,28.000000000000004,0.0
67750,28.000000000000004,0.0
68000,23.599999999999998,0.0
68250,29.599999999999998,0.0
68500,25.6,0.0
68750,26.8,0.0
69000,27.200000000000003,0.0
69250,31.6,0.0
69500,31.6,0.0
69750,24.4,0.0
70000,24.4,0.0
70250,26.0,0.0
70500,29.599999999999998,0.0
70750,25.6,0.0
71000,30.4,0.0
71250,26.0,0.0
71500,26.400000000000002,0.0
71750,33.6,0.0
72000,32.0,0.0
72250,26.400000000000002,0.0
72500,25.2,0.0
72750,30.8,0.0
73000,28.799999999999997,0.0
73250,28.799999999999997,0.0
73500,26.400000000000002,0.0
73750,25.6,0.0
74000,29.599999999999998,0.0
74250,29.599999999999998,0.0
74500,25.6,0.0
74750,32.4,0.0
75000,22.400000000000002,0.0
75250,29.599999999999998,0.0
75500,29.2,0.0
75750,28.4,0.0
76000,29.2,0.0
76250,30.0,0.0
76500,26.400000000000002,0.0
76750,27.200000000000003,0.0
77000,27.200000000000003,0.0
77250,26.8,0.0
77500,29.2,0.0
77750,30.4,0.0
78000,28.4,0.0
78250,27.6,0.0
78500,30.4,0.0
78750,32.800000000000004,0.0
79000,26.8,0.0
79250,30.4,0.0
79500,30.8,0.0
79750,28.000000000000004,0.0
80000,26.400000000000002,0.0
80250,25.2,0.0
80500,28.799999999999997,0.0
80750,30.4,0.0
81000,28.4,0.0
81250,24.8,0.0
81500,31.6,0.0
81750,28.000000000000004,0.0
82000,27.6,0.0
82250,26.400000000000002,0.0
82500,28.799999999999997,0.0
82750,26.400000000000002,0.0
83000,24.8,0.0
83250,24.8,0.0
83500,31.2,0.0
83750,30.8,0.0
84000,28.799999999999997,0.0
84250,28.000000000000004,0.0
84500,28.799999999999997,0.0
84750,28.799999999999997,0.0
85000,27.6,0.0
85250,28.4,0.0
85500,27.6,0.0
85750,30.8,0.0
86000,30.0,0.0
86250,34.4,0.0
86500,27.6,0.0
86750,30.4,0.0
87000,24.4,0.0
87250,31.2,0.0
87500,25.2,0.0
87750,29.599999999999998,0.0
88000,30.0,0.0
88250,28.799999999999997,0.0
88500,27.6,0.0
88750,28.4,0.0
89000,25.2,0.0
89250,31.2,0.0
89500,26.400000000000002,0.0
89750,29.599999999999998,0.0
90000,29.2,0.0
90250,30.4,0.0
90500,29.599999999999998,0.0
90750,28.4,0.0
91000,32.800000000000004,0.0
91250,25.2,0.0
91500,28.799999999999997,0.0
91750,30.8,0.0
92000,32.0,0.0
92250,23.599999999999998,0.0
92500,25.6,0.0
92750,30.0,0.0
93000,27.6,0.0
93250,29.2,0.0
93500,32.800000000000004,0.0
93750,28.4,0.0
94000,30.4,0.0
94250,25.2,0.0
94500,26.400000000000002,0.0
94750,31.2,0.0
95000,28.4,0.0
95250,26.0,0.0
95500,29.2,0.0
95750,30.8,0.0
96000,22.400000000000002,0.0
96250,27.6,0.0
96500,26.0,0.0
96750,28.799999999999997,0.0
97000,26.0,0.0
97250,26.8,0.0
97500,26.8,0.0
97750,29.2,0.0
98000,29.2,0.0
98250,31.2,0.0
98500,26.8,0.0
98750,26.0,0.0
99000,30.8,0.0
99250,29.599999999999998,0.0
99500,29.2,0.0
99750,30.8,0.0
