250,21.2,100.0
500,40.0,40.469208211143695
750,46.0,61.18421052631579
1000,48.4,71.00175746924428
1250,50.8,76.70623145400593
1500,50.0,80.8618504435995
1750,50.4,83.42792281498296
2000,52.0,85.61151079136691
2250,51.2,87.72093023255813
2500,51.2,89.07705334462321
2750,50.8,89.96889580093313
3000,50.4,90.88277858176555
3250,50.0,91.4131169709263
3500,50.8,91.89016602809707
3750,50.4,97.84126984126983
4000,50.8,99.92810927390366
4250,50.8,99.84276729559748
4500,50.0,99.84790874524715
4750,51.2,99.9215070643642
5000,50.0,99.92163009404389
5250,51.2,99.84375
5500,51.2,99.92301770592763
5750,50.8,99.91735537190083
6000,50.8,99.92242048099301
6250,50.0,99.91889699918897
6500,50.4,99.91967871485944
6750,50.0,99.84650805832693
7000,51.2,99.9231950844854
7250,50.8,99.92537313432835
7500,50.4,99.92424242424242
7750,50.4,99.91961414790997
8000,52.0,99.84301412872841
8250,51.2,99.92406985573272
8500,50.4,99.92429977289932
8750,50.0,99.92193598750976
9000,50.4,99.92260061919505
9250,50.4,99.92277992277992
9500,50.0,99.92044550517105
9750,50.0,99.84825493171472
10000,50.0,99.92175273865415
10250,50.8,99.77341389728097
10500,50.4,99.85141158989599
10750,50.4,99.92764109985528
11000,50.8,99.92581602373886
11250,51.2,99.92537313432835
11500,51.2,99.84603541185527
11750,52.0,99.9213217938631
12000,50.0,99.92559523809523
12250,50.8,99.92927864214994
12500,50.4,99.77843426883308
12750,50.8,99.9245283018868
13000,50.8,99.92313604919293
13250,50.8,99.91876523151909
13500,50.4,99.84089101034208
13750,50.4,99.9213217938631
14000,51.2,99.92119779353821
14250,51.6,99.92175273865415
14500,51.6,99.74182444061962
14750,50.8,99.8303647158609
15000,50.4,99.83857949959645
15250,51.2,99.91928974979822
15500,50.4,99.92063492063492
15750,50.8,99.91666666666667
16000,50.8,99.92101105845181
16250,50.4,99.91749174917491
16500,50.4,99.9198717948718
16750,50.0,99.92156862745098
17000,50.4,99.9227202472952
17250,50.8,99.92673992673993
17500,50.4,99.85163204747775
17750,50.4,99.85315712187959
18000,50.4,99.9258710155671
18250,50.8,99.93122420907841
18500,51.2,99.93093922651933
18750,50.8,99.93164730006835
19000,50.4,99.92846924177397
19250,51.2,99.85704074338814
19500,51.6,99.92826398852223
19750,50.0,99.7943797121316
20000,50.8,99.92932862190813
20250,50.8,99.92816091954023
20500,50.4,99.9266862170088
20750,50.4,99.9273783587509
21000,50.8,99.92673992673993
21250,51.6,99.92912827781714
21500,51.2,99.85412107950401
21750,50.4,99.9275887038378
22000,50.4,99.92727272727274
22250,51.2,99.92927864214994
22500,50.4,99.92821249102656
22750,50.0,99.7827661115134
23000,51.2,99.92331288343557
23250,51.2,99.9236641221374
23500,50.4,99.92307692307692
23750,51.2,99.92254066615027
24000,50.4,99.92657856093979
24250,51.6,99.92548435171386
24500,50.4,99.9236641221374
24750,50.4,99.77957384276267
25000,51.2,99.54785229841748
25250,51.6,99.85063480209111
25500,50.0,99.92790194664744
25750,50.4,99.39516129032258
26000,50.4,99.86850756081526
26250,50.8,99.93446920052425
26500,50.0,99.87468671679198
26750,50.8,99.87113402061856
27000,50.8,99.93920972644376
27250,52.400000000000006,99.93730407523512
27500,50.4,99.93975903614458
27750,50.4,99.88095238095238
28000,51.2,99.94192799070848
28250,50.8,99.94124559341951
28500,50.4,99.93968636911941
28750,50.8,99.60159362549801
29000,50.8,99.50873362445415
29250,50.0,99.94556341861731
29500,50.8,99.83416252072969
29750,52.0,99.73516949152543
30000,50.4,99.94813278008299
30250,50.4,99.89304812834224
30500,52.0,99.89572471324296
30750,51.2,99.9493927125506
31000,50.0,99.9496728736789
31250,50.0,99.2588932806324
31500,51.2,99.95173745173746
31750,50.8,99.90243902439025
32000,50.8,99.90453460620526
32250,50.4,99.8069498069498
32500,50.0,99.951992318771
32750,50.8,99.08003679852806
33000,50.8,98.67080194949047
33250,52.0,99.64850615114236
33500,50.8,99.52606635071089
33750,50.4,99.8699609882965
34000,50.4,99.95659722222221
34250,51.2,99.32260795935647
34500,51.2,99.95706311721769
34750,50.4,99.61190168175938
35000,50.8,99.8713550600343
35250,50.4,99.41225860621327
35500,50.4,98.98497766950874
35750,50.8,99.48227797690163
36000,51.2,99.4408945686901
36250,52.400000000000006,99.80142970611597
36500,50.0,99.88161010260458
36750,50.8,99.96073812328228
37000,51.6,99.88239905919247
37250,50.8,99.23896499238964
37500,51.2,99.96217851739789
37750,50.8,99.7369409996242
38000,51.6,99.88571428571429
38250,50.4,99.08324165749909
38500,50.8,98.70363701836514
38750,50.8,99.43522767384398
39000,50.8,98.35897435897436
39250,50.0,99.43839943839944
39500,50.4,99.43701618578466
39750,50.8,99.96504718629849
40000,50.4,99.2874109263658
40250,50.4,98.97588371324744
40500,51.6,99.4025887819449
40750,50.0,99.93342210386152
41000,50.8,99.63394342762064
41250,50.0,99.70336189848385
41500,51.6,99.22779922779922
41750,50.8,99.87059204141055
42000,51.6,99.4469746258946
42250,50.4,99.20076726342711
42500,50.4,99.7158193874329
42750,50.4,98.80404783808648
43000,51.2,99.90497307570479
43250,50.8,99.03726708074534
43500,50.8,97.60678582247803
43750,51.2,97.63685312593479
44000,50.8,96.97147897677154
44250,50.4,96.24426605504587
44500,50.4,96.38111393836584
44750,50.8,95.27363184079603
45000,50.4,95.03930604499864
45250,50.8,94.74389916867793
45500,50.0,95.37185660781167
45750,50.4,94.95930690469939
46000,50.4,95.5467720685112
46250,50.0,95.65103484411843
46500,50.4,95.84205020920503
46750,50.4,95.61949196474858
47000,50.0,94.67787114845937
47250,50.8,94.95819609830251
47500,50.4,96.06656580937972
47750,50.4,95.76271186440678
48000,51.2,95.93153063755892
48250,51.2,94.95592556317337
48500,50.0,98.01457652676552
48750,50.4,99.94888832098134
49000,51.2,99.97384937238493
49250,51.2,99.07096774193548
49500,50.4,98.67380770211682
49750,51.2,98.11982953121084
50000,50.8,97.60197775030902
50250,50.8,97.85661492978565
50500,50.8,96.73518742442565
50750,51.2,96.70752223023311
51000,50.8,96.88473520249221
51250,50.4,96.23846699787083
51500,50.8,95.8177570093458
51750,51.2,94.7646383467279
52000,50.8,96.14132961413297
52250,52.0,96.45340751043115
52500,50.8,95.42141230068337
52750,50.8,97.04933148916551
53000,50.0,96.18874773139746
53250,50.8,97.14351005484461
53500,50.8,96.94899817850637
53750,51.2,96.07799193186912
54000,50.8,97.99954535121618
54250,50.4,98.01219787666592
54500,50.8,97.01226309921962
54750,50.4,96.66372072470172
55000,50.8,96.33771929824562
55250,50.8,96.5909090909091
55500,50.4,96.92139737991266
55750,50.4,96.06705351386202
56000,50.8,95.78095035158746
56250,50.8,95.84745762711864
56500,50.0,96.38171815488785
56750,51.6,99.25990422289944
57000,50.4,99.04118544345172
57250,51.2,97.63440860215053
57500,51.6,96.56415694591729
57750,52.0,97.19804712375291
58000,50.4,96.63086965676985
58250,51.2,96.62731871838112
58500,50.0,95.2529668956902
58750,50.8,98.24034334763948
59000,51.2,97.53610875106202
59250,50.8,97.06317346291993
59500,51.2,95.91751718392003
59750,50.4,96.61693633116201
60000,50.4,98.18801961202303
60250,51.2,97.73449078975227
60500,51.2,97.54614093959731
60750,50.8,99.09167722855936
61000,50.8,97.95918367346938
61250,50.8,96.75097676331482
61500,50.8,99.47145877378436
61750,50.4,98.26686155773649
62000,50.4,98.58185610010428
62250,50.8,99.5578947368421
62500,51.2,98.60271115745569
62750,50.4,98.55889724310777
63000,50.0,97.61660160262996
63250,50.4,96.40827922077922
63500,51.2,96.36474411047928
63750,50.4,95.37537537537537
64000,51.6,97.05941999594403
64250,50.4,97.04154002026343
64500,50.0,97.95375485983222
64750,50.4,97.3764490543014
65000,50.0,98.64029666254636
65250,50.0,99.57859249894648
65500,51.6,98.54227405247813
65750,50.4,98.5630987088713
66000,50.4,98.09838776353865
66250,50.4,99.66624947851481
66500,50.4,98.62366474938374
66750,50.4,98.52459016393442
67000,50.8,97.64065335753176
67250,51.2,98.99897854954035
67500,52.400000000000006,99.36605316973414
67750,51.6,98.27235772357723
68000,50.4,98.17629179331307
68250,50.4,97.19663596315579
68500,51.6,98.08891571112453
68750,52.0,96.81655391961799
69000,50.4,98.18913480885311
69250,51.2,98.90864995957963
69500,50.4,97.56048790241951
69750,52.0,97.4660814046289
70000,51.2,97.54491017964072
70250,50.4,97.83870322193316
70500,50.4,96.84231300572331
70750,50.8,98.89380530973452
71000,50.8,98.30067972810875
71250,51.2,97.03557312252964
71500,50.8,95.83984375
71750,50.4,94.6138996138996
72000,51.2,94.47758322108909
72250,50.8,96.83070866141732
72500,52.0,95.91995337089567
72750,50.8,94.69842489435267
73000,50.0,95.63021946008934
73250,52.0,96.72997846093597
73500,52.0,96.59424544920728
73750,50.0,96.81541183408689
74000,50.8,97.0275590551181
74250,52.0,95.94778881745569
74500,51.6,96.19437939110071
74750,50.8,95.14357294276354
75000,50.4,97.76503164556962
75250,50.4,96.66080843585237
75500,50.8,96.7129720211309
75750,50.0,96.52615144418422
76000,50.4,96.2543893874366
76250,50.4,97.1540726202159
76500,50.4,96.08527131782945
76750,50.0,95.02297090352221
77000,50.8,94.30631998481685
77250,52.0,99.6185504918691
77500,50.0,99.5167136528393
77750,51.2,99.81643891495004
78000,51.2,99.38625204582652
78250,51.2,99.16411824668705
78500,51.2,99.28687856560717
78750,50.0,98.09045226130654
79000,50.4,97.68832204065365
79250,50.8,97.60063454293079
79500,50.4,98.5
79750,50.8,97.99324458573415
80000,50.4,99.2419586150379
80250,50.4,99.38373048479868
80500,50.8,98.39365595770639
80750,50.8,97.67676767676767
81000,50.8,97.01641970364437
81250,50.4,95.9691760521636
81500,50.8,98.98559545546765
81750,50.8,98.13102893890675
82000,50.0,98.1533520674428
82250,50.8,97.19090009891197
82500,50.8,98.39807769323188
82750,50.0,97.56868946432101
83000,50.0,97.81746031746032
83250,50.8,96.8108002347877
83500,50.8,97.11255156157925
83750,50.4,96.98098412076064
84000,50.4,96.13750482811896
84250,50.4,97.87944237188297
84500,51.2,96.62135922330097
84750,51.6,98.68839427662957
85000,51.2,97.60690466849745
85250,50.0,96.62267080745342
85500,50.4,99.0661633220743
85750,50.8,97.92116101196314
86000,50.8,96.86168151879116
86250,50.0,95.94542659492697
86500,50.8,95.65383878996745
86750,51.2,94.52444107616522
87000,50.4,97.04222611402997
87250,50.4,96.0354118552733
87500,50.0,95.2880579931324
87750,51.6,94.43287256201477
88000,50.4,94.27921954915703
88250,50.0,96.38507635801275
88500,51.2,96.0
88750,50.8,95.04179331306992
89000,50.0,95.5958055290753
89250,50.4,95.84847905108093
89500,50.4,94.76172465960666
89750,50.0,94.1936692264469
90000,51.6,96.58938493964361
90250,50.0,96.98829848455783
90500,50.4,98.82516925527678
90750,50.8,97.71967760959308
91000,50.4,96.64338377958866
91250,52.0,95.72059105737863
91500,50.0,95.53554320751103
91750,51.2,97.48096074985354
92000,50.8,97.20975609756097
92250,50.8,98.5224586288416
92500,51.2,99.5223880597015
92750,50.0,98.36903124385931
93000,51.2,97.78648383937316
93250,51.2,97.51856193825714
93500,51.2,97.1606378840918
93750,50.4,97.92522998629869
94000,50.4,97.83076021106118
94250,51.2,96.89129175516508
94500,50.8,97.62090483619345
94750,50.4,97.94801641586868
95000,50.8,96.65441887449236
95250,50.8,95.66462948815891
95500,50.4,96.50376666022792
95750,50.8,98.48245959795034
96000,50.0,97.47278382581649
96250,51.2,99.45299837925445
96500,51.6,98.27965593118624
96750,50.0,96.93433544303798
97000,51.2,95.8609918000781
97250,51.6,96.40414305256986
97500,50.4,95.36858355847163
97750,50.0,94.95668912415785
98000,50.0,99.6576032225579
98250,51.2,98.48876516206005
98500,51.2,97.65147029800671
98750,50.4,98.64325618515562
99000,50.8,99.93973483326637
99250,50.4,98.75024796667327
99500,51.6,98.69358669833728
99750,51.2,97.4960876369327
