250,21.2,100.0
500,41.6,100.0
750,48.8,39.56989247311828
1000,49.6,55.76592082616179
1250,52.0,64.4412191582003
1500,51.2,70.1363073110285
1750,51.6,73.94678492239468
2000,52.800000000000004,76.90763052208835
2250,52.800000000000004,79.65485921889191
2500,52.400000000000006,81.77299088649545
2750,50.8,83.3079268292683
3000,50.8,84.88289567068843
3250,50.0,85.85657370517929
3500,50.8,86.94287507846829
3750,50.8,87.78040141676506
4000,50.8,88.36424957841484
4250,51.6,89.01515151515152
4500,50.4,89.76215098241985
4750,52.0,90.14925373134328
5000,50.4,99.42648592283628
5250,51.2,99.9444135630906
5500,51.6,99.94285714285715
5750,50.8,99.93861264579496
6000,51.6,99.87515605493134
6250,50.4,99.9345977763244
6500,50.8,99.93270524899059
6750,50.0,99.93084370677732
7000,51.2,99.86639946559787
7250,50.8,99.74025974025975
7500,50.4,99.87468671679198
7750,50.4,99.93589743589743
8000,52.400000000000006,99.93765586034912
8250,51.6,99.87357774968395
8500,50.8,99.87413467589678
8750,50.0,99.93898718730934
9000,50.4,99.87893462469734
9250,51.2,99.9409681227863
9500,50.0,99.87908101571948
9750,50.0,99.94068801897983
10000,51.2,99.93986770895971
10250,51.2,99.93979530403372
10500,50.4,99.93781094527363
10750,51.2,99.9375
11000,50.8,99.9377722464219
11250,51.2,99.93815708101423
11500,51.6,99.93891264508247
11750,53.6,99.9390243902439
12000,50.0,99.8825601879037
12250,51.2,99.82476635514018
12500,50.8,99.71330275229357
12750,51.2,99.94212962962963
13000,51.6,99.87937273823884
13250,51.2,99.93838570548367
13500,51.6,99.93868792152054
13750,50.8,99.81818181818181
14000,52.400000000000006,99.93924665856622
14250,52.400000000000006,99.93714644877436
14500,52.400000000000006,99.875
14750,51.6,99.93738259236068
15000,50.8,99.93849938499385
15250,52.400000000000006,99.933818663137
15500,51.6,99.93412384716733
15750,51.2,99.86639946559787
16000,52.0,99.80657640232108
16250,50.4,99.93403693931398
16500,51.6,99.86702127659575
16750,50.0,99.93527508090615
17000,50.8,99.93658845909955
17250,51.6,99.81696156192801
17500,51.2,99.88095238095238
17750,50.4,99.88310929281123
18000,50.8,99.94165694282381
18250,51.6,99.88564894225271
18500,51.6,99.94272623138602
18750,50.8,99.94334277620396
19000,50.4,99.94162288382954
19250,52.0,99.82698961937716
19500,52.0,99.94410285075462
19750,50.8,99.945085118067
20000,51.6,99.89130434782608
20250,51.2,99.94538503549973
20500,50.4,99.94343891402715
20750,50.8,99.94246260069045
21000,50.8,99.94391475042063
21250,51.6,99.77641140301844
21500,51.6,99.94182664339732
21750,51.2,99.88221436984688
22000,50.8,99.94075829383885
22250,51.6,99.9418942475305
22500,50.8,99.94422755158952
22750,50.8,99.94469026548673
23000,51.2,99.94246260069045
23250,51.2,99.88499137435308
23500,51.2,99.88545246277205
23750,52.400000000000006,99.94404029099049
24000,51.6,99.94646680942184
24250,51.6,99.7327632282202
24500,51.2,99.89241527703066
24750,50.8,99.89577905158937
25000,52.0,99.9476165531692
25250,52.800000000000004,99.89484752891693
25500,50.0,99.94929006085192
25750,50.8,99.7545409916544
26000,50.8,99.85549132947978
26250,51.2,99.95169082125604
26500,50.8,99.85842378480415
26750,51.2,99.86187845303867
27000,51.2,99.9553770638108
27250,52.400000000000006,99.25503943908852
27500,50.8,99.53231292517006
27750,50.4,99.623745819398
28000,50.8,99.63054187192118
28250,51.6,99.43932719263115
28500,50.8,99.8422090729783
28750,51.2,99.54145968666413
29000,50.8,99.96210685865859
29250,51.2,99.96223564954683
29500,51.6,99.8869204673954
29750,52.0,99.70381340244354
30000,52.0,99.96260284218398
30250,50.8,99.84877126654065
30500,52.0,99.92500937382826
30750,51.2,98.94927536231884
31000,50.0,98.07152875175316
31250,50.8,97.58421231711466
31500,53.2,97.34923790589795
31750,52.0,97.80399868895444
32000,50.8,97.73452456924059
32250,50.8,97.12230215827337
32500,51.2,96.36641221374046
32750,50.8,96.84943956376856
33000,52.0,96.02962962962962
33250,52.400000000000006,97.53709198813057
33500,52.0,99.33993399339934
33750,50.8,99.88045427375971
34000,52.400000000000006,99.35370152761458
34250,50.8,99.41792782305005
34500,52.0,99.16953035509736
34750,51.2,99.26178307779671
35000,51.2,99.91399082568807
35250,51.2,99.36507936507937
35500,50.8,99.37250427837992
35750,50.8,99.82959386537915
36000,52.800000000000004,99.94293865905848
36250,52.400000000000006,98.93258426966293
36500,50.8,98.78116343490305
36750,51.2,99.1206375377851
37000,52.400000000000006,98.96429544835105
37250,50.8,97.99572421165152
37500,51.6,98.11370882040382
37750,50.8,97.8432403997896
38000,52.400000000000006,98.65043662344536
38250,51.2,97.67080745341616
38500,52.0,97.01073071027082
38750,51.6,97.90816326530613
39000,51.2,97.21035436039206
39250,50.8,97.38693467336684
39500,52.0,96.8998015873016
39750,52.400000000000006,96.4180569185476
40000,50.8,96.10075078711553
40250,50.8,95.21883920076118
40500,52.400000000000006,95.87112171837708
40750,50.4,96.20042745191166
41000,50.8,96.15656684744164
41250,50.8,95.25912154310946
41500,51.2,95.73184875898863
41750,51.6,98.31553973902729
42000,51.6,98.88307984790875
42250,51.2,97.56838905775076
42500,50.8,96.78983833718245
42750,50.4,97.11141678129297
43000,51.6,97.06884798909338
43250,52.0,96.12020632428796
43500,50.4,97.7050670302204
43750,52.0,98.31396673501936
44000,52.0,97.1729863136639
44250,50.4,97.19688542825361
44500,50.4,96.99646643109541
44750,51.2,95.80525972614649
45000,50.8,96.56297585381772
45250,52.0,96.64707163074243
45500,51.2,95.45064377682402
45750,50.8,95.05517826825127
46000,51.2,94.29113124078366
46250,50.8,94.15461973601509
46500,50.8,93.8204592901879
46750,51.2,95.07607776838546
47000,50.0,93.91793376379921
47250,52.0,93.57172385283175
47500,50.0,95.45930110901863
47750,51.2,94.86166007905138
48000,52.0,94.32052870714581
48250,50.8,93.91197038255862
48500,51.2,96.01175482787573
48750,50.8,95.17370501352195
49000,52.800000000000004,94.92333195192705
49250,51.2,94.72813727517057
49500,51.2,94.06205054448326
49750,52.800000000000004,94.7390053431977
50000,52.800000000000004,95.00821692686935
50250,50.8,94.02713099817777
50500,51.2,93.14685314685315
50750,51.2,92.46588886691714
51000,51.2,92.31224127735068
51250,50.4,92.6394934705184
51500,51.2,93.68022328548645
51750,50.4,95.31123686337915
52000,50.8,94.90638212200524
52250,51.6,94.52438049560352
52500,51.2,94.21816014305583
52750,50.4,94.18073485600794
53000,50.4,93.71180760890991
53250,51.6,94.7746310331073
53500,52.0,94.26473506648144
53750,50.8,93.76965408805032
54000,51.6,95.97194388777555
54250,50.4,95.62624254473161
54500,52.0,94.45318646734854
54750,50.8,94.95168605797673
55000,51.6,96.29038691663342
55250,51.6,96.3397652675552
55500,50.4,96.34848184163525
55750,50.8,97.14741671653701
56000,52.0,97.46304434678386
56250,50.4,99.16869424168694
56500,50.0,98.35770078109353
56750,50.8,97.10604558969277
57000,51.2,96.8093539437178
57250,51.2,95.85543115301512
57500,52.0,95.68881050362532
57750,52.0,96.26645706425624
58000,50.8,95.127159774801
58250,52.400000000000006,95.47140347452664
58500,51.6,97.36737136019147
58750,52.0,96.21376454348255
59000,52.400000000000006,96.98592107872298
59250,51.2,97.66187050359713
59500,51.6,96.70156033971953
59750,51.6,97.13717693836979
60000,50.8,96.37366968860859
60250,51.2,97.35165272799682
60500,51.6,96.48744113029827
60750,52.0,97.65239692246992
61000,51.6,97.13837710701686
61250,51.6,96.7741935483871
61500,51.2,97.45812807881774
61750,50.4,96.10212434223348
62000,50.4,95.44840887174541
62250,51.2,94.45824574813683
62500,50.8,94.9576597382602
62750,51.2,93.69283536585365
63000,50.8,93.63877319197273
63250,51.2,94.34466946885746
63500,51.2,93.41555977229602
63750,51.6,92.56554307116104
64000,51.6,92.94955934745921
64250,52.0,92.43666169895678
64500,50.4,92.28187919463086
64750,50.8,92.06408345752608
65000,52.0,91.90245718540581
65250,50.4,91.26249537208442
65500,52.800000000000004,92.24154047485511
65750,50.4,92.30913173652695
66000,51.6,92.1901211556384
66250,51.2,92.90515309932785
66500,50.8,92.0945696342815
66750,52.0,92.97428251956765
67000,50.8,94.61089127567364
67250,50.8,96.83763979946008
67500,52.400000000000006,95.9511077158136
67750,52.0,95.288956704177
68000,50.8,96.52308286652502
68250,50.4,95.717017208413
68500,52.400000000000006,95.48743335872048
68750,52.400000000000006,94.48536355051937
69000,52.400000000000006,93.55982826208698
69250,51.6,94.06811377245509
69500,50.8,94.92712473973121
69750,52.0,93.84125795582179
70000,51.2,93.92803598200899
70250,51.2,93.90929535232384
70500,50.4,95.71346923223471
70750,51.2,95.17593643586834
71000,50.4,94.21023046655425
71250,52.400000000000006,93.08619091751622
71500,51.6,93.77918923967869
71750,50.4,93.35071707953064
72000,52.0,95.05681818181819
72250,51.2,95.28140989198408
72500,52.400000000000006,96.18393436367106
72750,50.8,95.17867271695972
73000,50.4,94.5615355664283
73250,52.0,94.34032983508246
73500,52.0,94.19475655430712
73750,51.2,94.57933370976849
74000,52.400000000000006,95.05006612507086
74250,53.2,94.68726450640543
74500,52.0,98.06791569086651
74750,51.2,97.03218346502216
75000,51.2,95.98171776804418
75250,51.2,95.1734539969834
75500,52.800000000000004,97.5246567395088
75750,50.4,98.15175097276264
76000,51.2,97.57658006979449
76250,50.4,96.96212266871756
76500,52.0,97.84967067028283
76750,50.0,96.67049368541906
77000,50.8,95.77571509755636
77250,52.400000000000006,97.36030828516378
77500,50.4,95.95574208317436
77750,51.2,98.22091886608015
78000,50.8,97.16325742956387
78250,51.6,96.31257164692396
78500,51.6,95.42273501040287
78750,50.8,96.85522531160115
79000,50.8,97.36842105263158
79250,50.8,97.58064516129032
79500,50.8,97.0217640320733
79750,50.4,96.981852913085
80000,50.4,95.69160997732426
80250,52.0,95.58490566037736
80500,51.2,94.50980392156862
80750,50.4,94.17149262096021
81000,50.8,93.20280753601773
81250,50.8,93.12569111684482
81500,50.8,92.96058661778184
81750,51.2,94.12309974045236
82000,50.8,93.29290701947814
82250,51.2,93.11163895486936
82500,50.8,94.04805914972275
82750,50.4,94.99721034033848
83000,50.4,95.79421704844161
83250,50.8,96.38281838733987
83500,51.2,97.25975261655566
83750,52.0,96.32629992464204
84000,50.4,96.31017044390336
84250,50.8,95.24250277674935
84500,52.800000000000004,94.19094740700018
84750,52.0,94.59110208602549
85000,51.6,95.1630837657524
85250,51.6,96.82959048877147
85500,51.2,98.31514455293893
85750,51.6,97.25794251134644
86000,51.2,96.2928290582288
86250,50.8,97.21643628100739
86500,51.2,96.1624859603145
86750,51.6,96.19778984828619
87000,50.4,95.03519822156355
87250,51.6,94.26891991182954
87500,50.4,97.56885090218424
87750,51.6,96.33458646616542
88000,51.2,95.80209895052474
88250,50.8,96.20086514952041
88500,51.2,95.14869888475836
88750,52.400000000000006,95.30001857700168
89000,50.0,95.50018594272964
89250,51.2,96.17762788083193
89500,50.4,95.15949554896143
89750,50.4,96.11505416511021
90000,50.8,98.19047619047619
90250,50.0,97.14124506300546
90500,51.6,96.03868328063976
90750,50.4,96.21903520208605
91000,50.8,95.90589107076694
91250,51.6,94.83327226090142
91500,50.0,93.72620126926564
91750,50.8,96.97766097240473
92000,51.6,96.31982066131141
92250,50.8,97.3421300659755
92500,52.0,98.38156892612339
92750,50.8,99.36562860438293
93000,52.0,98.33969465648855
93250,51.6,97.1487915407855
93500,51.2,96.02389397050588
93750,52.0,97.94559634772683
94000,50.4,97.02167766258248
94250,51.6,96.00969606563491
94500,52.0,95.76966082743198
94750,51.2,99.0562403697997
95000,51.2,97.76930409914203
95250,51.6,97.20173945925505
95500,50.4,95.90041183077498
95750,50.8,95.69771791994015
96000,51.6,96.90390787238059
96250,52.800000000000004,96.95709695709695
96500,50.8,96.55561829474873
96750,50.4,95.98574376289626
97000,51.6,96.97428139183056
97250,52.400000000000006,96.91381257056831
97500,51.2,96.3018304071722
97750,50.8,95.13773340728416
98000,50.0,97.36296854398192
98250,52.800000000000004,99.22254616132167
98500,52.400000000000006,99.25299783762533
98750,52.0,99.6443390634262
99000,50.4,98.73491630984819
99250,50.8,97.55816189194387
99500,51.6,97.82483156881618
99750,52.0,96.65017129805862
