500,28.199999999999996,4.86322188449848
1000,46.2,3.2490974729241873
1500,49.6,4.935064935064935
2000,50.8,2.7196652719665275
2500,50.8,4.775549188156638
3000,50.0,2.9106029106029108
3500,50.4,1.0718113612004287
4000,50.4,1.5904572564612325
4500,50.2,3.121516164994426
5000,50.4,2.5
5500,50.8,1.3544018058690745
6000,50.2,0.6179196704428425
6500,50.0,4.805491990846682
7000,50.4,2.0682523267838677
7500,50.4,0.999000999000999
8000,51.0,2.2750775594622543
8500,50.2,0.9460737937559129
9000,50.0,1.0298661174047374
9500,50.2,1.394422310756972
10000,50.0,3.213610586011342
10500,50.6,2.3880597014925375
11000,50.4,1.1695906432748537
11500,50.6,2.4282560706401766
12000,50.2,1.0030090270812437
12500,50.6,1.2345679012345678
13000,50.4,0.6066734074823054
13500,50.4,1.9083969465648856
14000,50.4,3.236994219653179
14500,50.6,2.1482277121374866
15000,50.6,1.9695613249776187
15500,50.2,1.2012012012012012
16000,50.4,0.9652509652509652
16500,50.4,2.810304449648712
17000,50.2,1.6614745586708204
17500,50.2,2.2641509433962264
18000,50.4,3.418803418803419
18500,50.4,3.9249146757679183
19000,50.2,1.4799154334038054
19500,50.4,2.8199566160520604
20000,50.4,2.6465028355387523
20500,50.4,0.9460737937559129
21000,50.4,1.6028495102404272
21500,51.0,0.9259259259259258
22000,50.2,1.4035087719298245
22500,50.0,1.9459459459459458
23000,50.4,2.11864406779661
23500,50.4,2.587064676616915
24000,50.2,1.863932898415657
24500,50.4,2.4746906636670416
25000,50.6,3.9215686274509802
25500,50.8,1.2474012474012475
26000,50.2,2.441505595116989
26500,50.0,1.5384615384615385
27000,50.6,1.4311270125223614
27500,50.4,0.5623242736644799
28000,50.6,1.1375387797311272
28500,50.4,2.666666666666667
29000,50.2,2.6476578411405294
29500,50.2,0.5836575875486382
30000,50.8,3.1598513011152414
30500,50.8,1.463860933211345
31000,50.4,1.82370820668693
31500,50.6,0.9852216748768473
32000,50.4,1.5701668302257115
32500,50.2,1.671891327063741
33000,50.2,1.4583333333333333
33500,50.4,2.0325203252032518
34000,50.0,1.761252446183953
34500,50.8,3.3210332103321036
35000,51.0,1.634320735444331
35500,50.0,3.0127462340672073
36000,50.2,1.1587485515643106
36500,51.0,3.004291845493562
37000,51.0,0.8492569002123143
37500,50.8,1.092896174863388
38000,50.6,1.0718113612004287
38500,50.0,0.6335797254487857
39000,50.4,0.857449088960343
39500,50.4,0.8088978766430739
40000,50.2,1.2727272727272727
40500,50.0,1.824817518248175
41000,50.2,0.7936507936507936
41500,50.8,0.5934718100890208
42000,50.8,1.8927444794952681
42500,50.0,1.3986013986013985
43000,50.8,3.3962264150943398
43500,50.6,0.992063492063492
44000,50.6,1.302325581395349
44500,50.2,2.3099133782483157
45000,50.6,1.7937219730941705
45500,50.6,1.8779342723004695
46000,50.6,4.174950298210735
46500,50.4,2.882483370288248
47000,50.2,4.8936170212765955
47500,50.2,0.9910802775024776
48000,50.2,1.7839444995044598
48500,50.0,1.090909090909091
49000,50.2,1.3937282229965158
49500,50.6,1.8281535648994516
50000,50.0,0.709849157054126
50500,50.0,2.0236087689713322
51000,50.8,1.675977653631285
51500,50.0,1.0517090271691498
52000,50.2,1.276207839562443
52500,50.6,2.152641878669276
53000,50.8,1.6201620162016201
53500,51.0,2.3323615160349855
54000,50.2,0.7590132827324478
54500,50.4,1.7452006980802792
55000,50.0,1.1594202898550725
55500,50.2,2.2079116835326587
56000,50.4,2.664129400570885
56500,50.6,1.7873100983020553
57000,50.8,0.8244023083264632
57500,50.0,1.3835511145272867
58000,50.2,0.4796163069544364
58500,51.0,3.8539553752535496
59000,50.4,1.583710407239819
59500,50.6,1.3071895424836601
60000,50.4,2.1359223300970873
60500,50.2,2.249134948096886
61000,50.8,0.4834810636583401
61500,50.6,1.2944983818770228
62000,50.4,2.1486123545210387
62500,51.0,1.9677996422182469
63000,50.4,0.9569377990430622
63500,50.4,1.3071895424836601
64000,50.2,1.6405667412378822
64500,50.0,0.8528784648187633
65000,50.4,1.394700139470014
65500,50.4,0.964630225080386
66000,50.4,0.6711409395973155
66500,50.2,0.5823627287853578
67000,50.6,2.7169811320754715
67500,50.6,1.4814814814814816
68000,50.6,2.19435736677116
68500,50.4,0.9090909090909091
69000,50.4,2.129547471162378
69500,50.0,1.054481546572935
70000,50.6,0.8403361344537815
70500,51.0,0.7710100231303008
71000,50.4,0.1404494382022472
71500,50.6,0.9735744089012517
72000,50.6,1.3468013468013467
72500,50.6,0.9655172413793104
73000,50.8,1.885424220449601
73500,50.4,0.7843137254901961
74000,50.4,2.4655547498187094
74500,50.0,0.933852140077821
75000,50.0,1.3412816691505216
75500,50.8,1.7686072218128224
76000,50.4,1.2307692307692308
76500,50.2,1.455604075691412
77000,50.0,1.1721611721611722
77500,50.2,0.7855459544383346
78000,50.6,0.9188361408882083
78500,50.6,0.691085003455425
79000,51.0,2.368421052631579
79500,50.2,2.364394993045897
80000,50.4,0.43731778425655976
80500,50.6,1.9858156028368796
81000,50.4,0.9803921568627451
81500,50.6,0.723589001447178
82000,51.0,0.8409250175192713
82500,50.4,1.4976174268209665
83000,50.8,1.0973936899862824
83500,50.0,2.185792349726776
84000,50.2,1.0610079575596816
84500,50.4,1.2702893436838392
85000,50.4,0.41841004184100417
85500,50.6,1.8118466898954706
86000,50.8,1.2738853503184715
86500,51.0,0.9668508287292817
87000,50.2,1.3148283418553688
87500,50.2,1.9490254872563717
88000,50.0,1.1354420113544201
88500,50.2,0.622568093385214
89000,50.0,0.9608785175017158
89500,50.4,1.03359173126615
90000,50.4,1.5364916773367476
90500,50.6,1.0362694300518136
91000,50.0,1.6560509554140128
91500,50.6,1.742627345844504
92000,51.0,1.4214641080312722
92500,50.2,1.0606060606060608
93000,50.2,0.5163511187607573
93500,50.4,1.1336032388663968
94000,50.6,1.4803849000740192
94500,50.6,2.3285899094437257
95000,50.2,1.1450381679389312
95500,50.0,0.8604794099569761
96000,50.8,1.2055455093429777
96500,50.4,2.527283170591614
97000,50.2,1.6960208741030658
97500,50.6,0.9569377990430622
98000,50.4,0.3986710963455149
98500,50.6,1.8181818181818181
99000,50.4,1.7960230917254651
99500,50.4,0.960960960960961
