60,71.65599999999999,28.344,10.942583360166998
80,62.71099999999999,37.289,7.396098200108815
100,55.111,44.889,3.9972907251751595
120,51.108,48.892,2.5460521202296222
140,50.131,49.869,2.7570202418360887
160,49.858000000000004,50.141999999999996,3.1867289947924182
180,49.719,50.281,3.6008927282619556
200,49.599,50.400999999999996,3.951766025249553
250,49.326,50.674,4.692375167941728
300,49.073,50.927,5.291968776718002
350,48.811,51.18899999999999,5.784967966156271
400,48.562,51.437999999999995,6.20024205816058
450,48.294,51.705999999999996,6.561108581961116
