250,21.2,100.0
500,41.6,100.0
750,49.6,25.910064239828696
1000,50.0,46.917808219178085
1250,52.800000000000004,57.78097982708934
1500,51.2,64.5320197044335
1750,52.400000000000006,69.41694169416942
2000,53.2,73.10756972111554
2250,52.800000000000004,76.19477006311993
2500,52.400000000000006,78.60082304526749
2750,50.8,80.45454545454545
3000,51.2,82.27401129943502
3250,50.0,83.34434897554527
3500,50.8,84.6875
3750,50.8,85.65549676660787
4000,51.2,86.4017907106883
4250,51.6,87.23060344827587
4500,51.2,88.01440329218107
4750,52.0,88.46534653465346
5000,51.2,89.10984848484848
5250,51.6,89.65831435079727
5500,52.0,97.27923627684964
5750,50.8,99.94722955145119
6000,51.6,99.89674754775426
6250,50.4,99.94334277620396
6500,50.8,99.87995198079231
6750,50.4,99.93924665856622
7000,51.2,99.93993993993993
7250,50.8,99.9390243902439
7500,51.2,99.9400479616307
7750,51.6,99.88228369629194
8000,52.800000000000004,99.94124559341951
8250,51.6,99.94162288382954
8500,50.8,99.94172494172494
8750,50.4,99.94279176201373
9000,50.4,99.77103606182027
9250,51.2,99.9444135630906
9500,50.0,99.89177489177489
9750,50.0,99.94666666666666
10000,51.2,99.8387963460505
10250,51.6,99.89270386266095
10500,50.4,99.94579945799458
10750,51.2,99.83461962513782
11000,50.8,99.94334277620396
11250,51.6,99.94359842075579
11500,52.0,99.88826815642457
11750,54.0,99.94465965688988
12000,50.4,99.94692144373673
12250,51.2,99.94753410283316
12500,51.2,99.94764397905759
12750,51.2,99.83940042826552
13000,51.6,99.94541484716157
13250,52.0,99.94229659549913
13500,52.400000000000006,99.8300283286119
13750,51.2,99.94262765347102
14000,53.2,99.94378864530636
14250,52.800000000000004,99.94292237442922
14500,52.800000000000004,99.88338192419826
14750,52.0,99.94219653179191
15000,50.8,99.94279176201373
15250,52.400000000000006,99.94242947610823
15500,51.6,99.94262765347102
15750,52.0,99.93946731234867
16000,52.0,99.87812309567336
16250,50.4,99.93849938499385
16500,51.6,99.87775061124694
16750,50.0,99.94131455399061
17000,51.2,99.94093325457767
17250,51.6,99.94196169471851
17500,51.6,99.88642816581488
17750,50.4,99.94425863991081
18000,50.8,99.94447529150472
18250,51.6,99.94562262098967
18500,52.0,99.94606256742179
18750,50.8,99.94600431965442
19000,50.8,99.945295404814
19250,52.400000000000006,99.89235737351991
19500,52.400000000000006,99.94692144373673
19750,51.2,99.7948717948718
20000,51.6,99.89878542510121
20250,51.6,99.94954591321897
20500,50.4,99.9498997995992
20750,50.8,99.94756161510226
21000,50.8,99.94863893168979
21250,51.6,99.94997498749375
21500,51.6,99.94815966822188
21750,51.6,99.94717379820392
22000,50.8,99.94606256742179
22250,52.0,99.9472851871376
22500,51.2,99.94890137966274
22750,50.8,99.949083503055
23000,51.2,99.94802494802495
23250,51.2,99.94821336095288
23500,51.6,99.94544462629568
23750,52.800000000000004,99.94638069705094
24000,51.6,99.94797086368366
24250,52.400000000000006,99.84631147540983
24500,51.6,99.79242345614946
24750,50.8,99.846547314578
25000,52.400000000000006,99.9493927125506
25250,52.800000000000004,99.84810126582279
25500,50.0,99.95051954477981
25750,50.8,99.7127812350407
26000,50.8,99.90605918271488
26250,51.6,99.95381062355658
26500,50.8,99.9089667728721
26750,52.0,99.3421052631579
27000,52.0,99.15361828184511
27250,52.400000000000006,99.01315789473685
27500,50.8,99.71842316975061
27750,50.8,99.68329374505146
28000,51.2,99.45119560956488
28250,52.0,99.69207082371054
28500,50.8,99.62192816635161
28750,51.6,99.77753058954394
29000,51.2,99.45887445887446
29250,52.0,99.39523301316258
29500,52.0,99.78880675818374
29750,52.400000000000006,99.6875
30000,52.0,99.96567112941985
30250,50.8,98.59578736208626
30500,52.0,98.05258033106135
30750,51.2,97.27503168567807
31000,50.0,96.80719156850589
31250,51.6,97.91090629800307
31500,53.6,97.30619574977551
31750,52.0,98.88755261575466
32000,50.8,98.52941176470588
32250,51.2,97.1790443293034
32500,52.0,96.53130287648054
32750,50.8,97.0513900589722
33000,52.0,96.25447535114293
33250,53.2,96.76180021953897
33500,52.0,96.8860966948921
33750,51.2,97.00843078596682
34000,52.400000000000006,96.31705364291433
34250,51.6,96.66136724960255
34500,53.2,96.62303664921465
34750,51.6,97.96887364811396
35000,51.2,98.0521189786786
35250,51.2,97.92705326685909
35500,51.2,97.51809720785936
35750,51.6,97.48589020010262
36000,52.800000000000004,96.71634251073503
36250,52.400000000000006,95.91022443890274
36500,50.8,95.71005917159763
36750,52.0,96.33004926108374
37000,52.400000000000006,97.03557312252964
37250,50.8,95.90203685741999
37500,51.6,95.78313253012048
37750,52.0,94.68059843267632
38000,52.400000000000006,94.10516387644424
38250,52.400000000000006,95.4470002371354
38500,52.400000000000006,95.8096590909091
38750,50.8,95.41734860883797
39000,52.0,95.58344955834495
39250,50.8,96.94189602446484
39500,51.6,97.87334593572778
39750,51.6,96.96332632562485
40000,51.6,97.8514712751051
40250,51.2,96.8355881678514
40500,52.0,96.97663765460376
40750,50.8,96.61978221415607
41000,50.8,96.72390420244012
41250,50.8,96.00267976775346
41500,51.6,96.45168489176524
41750,51.6,97.94675090252709
42000,52.0,98.81791316208229
42250,51.6,97.62704275800314
42500,50.8,97.58982370006694
42750,50.8,96.53508771929825
43000,51.6,96.70665212649946
43250,52.0,95.54838709677419
43500,50.4,94.80961497553712
43750,52.400000000000006,94.5877378435518
44000,52.0,93.9844896248166
44250,50.4,94.41772945849884
44500,51.2,94.41899208663057
44750,51.2,94.26501035196686
45000,50.8,95.30047826991058
45250,52.400000000000006,95.0778816199377
45500,50.8,94.49143800288839
45750,51.2,95.16528925619835
46000,51.6,94.13207932938049
46250,50.8,95.08129244700557
46500,51.2,94.24372320881812
46750,50.8,93.71451743714518
47000,51.2,92.9430633520449
47250,52.400000000000006,92.43931555909272
47500,50.4,93.83657900020076
47750,51.2,93.75877985149509
48000,53.2,93.56900339524665
48250,51.6,93.58641358641358
48500,51.2,94.37840016119281
48750,52.400000000000006,94.0598033313265
49000,52.400000000000006,95.40276647681041
49250,52.800000000000004,95.22939504669102
49500,51.2,94.66558900788038
49750,53.2,94.65326633165829
50000,52.400000000000006,95.60817648249342
50250,51.2,94.6717222111355
50500,52.0,93.88680733583121
50750,51.2,93.3085501858736
51000,51.6,92.84742468415938
51250,51.2,92.0601271921372
51500,52.0,94.4794952681388
51750,51.2,94.2156862745098
52000,52.0,93.43719571567672
52250,52.0,93.41875364006988
52500,51.6,93.18664350511484
52750,50.8,92.53645433614736
53000,51.2,92.65157329240215
53250,52.800000000000004,93.18795831725203
53500,52.0,93.03626543209876
53750,51.6,94.12565648706477
54000,53.2,94.38616938616939
54250,50.4,94.04394757131843
54500,51.2,93.17007843887507
54750,51.6,94.33925811437403
55000,51.6,96.09267622226587
55250,52.0,95.3222049689441
55500,50.8,96.66208521500099
55750,51.6,95.95959595959596
56000,51.6,97.49704375246354
56250,50.8,98.23727470786294
56500,51.2,99.18375472825005
56750,50.8,98.1631443808019
57000,51.6,97.53937007874016
57250,51.6,96.45224171539961
57500,52.0,96.73509286412512
57750,52.800000000000004,96.46395958810959
58000,51.2,96.22166246851386
58250,52.400000000000006,95.17771373679155
58500,51.6,95.45893719806763
58750,51.2,95.15724483889639
59000,52.800000000000004,96.13066303713785
59250,51.6,95.40185471406491
59500,50.8,95.62693498452013
59750,51.2,96.047507788162
60000,51.2,95.19397799652577
60250,51.2,96.76089517078917
60500,52.0,96.66536661466458
60750,52.400000000000006,96.2198649951784
61000,51.6,95.39724980901451
61250,52.400000000000006,95.7781615812704
61500,51.2,96.104897801774
61750,50.8,94.83021747424647
62000,51.6,93.98907103825137
62250,51.2,93.00111982082868
62500,50.8,93.83251603168615
62750,51.6,92.90262172284645
63000,50.8,92.88242966275386
63250,52.0,92.68701153703014
63500,52.0,92.0608421443146
63750,52.0,91.50146842878121
64000,51.6,93.86030792339467
64250,52.400000000000006,92.92873051224944
64500,50.8,92.9142644597359
64750,51.6,92.26928056223414
65000,50.8,91.8450184501845
65250,50.4,91.55915960191669
65500,52.800000000000004,92.69202087994034
65750,50.4,93.15838800374883
66000,52.0,92.86113699906804
66250,50.8,93.43650941637144
66500,50.8,92.64244882906141
66750,52.0,92.88486416558862
67000,51.6,94.1001302810348
67250,50.8,97.2671285604311
67500,52.400000000000006,96.378883171336
67750,52.0,95.36826119969628
68000,51.2,96.04206500956023
68250,50.8,95.73820395738204
68500,52.0,95.3814120764717
68750,53.2,94.33395872420263
69000,52.400000000000006,93.39517625231912
69250,52.800000000000004,92.98342541436465
69500,51.2,94.18582912693961
69750,52.400000000000006,93.48673223232511
70000,51.2,93.032711143966
70250,52.0,92.19923091008972
70500,50.4,91.61524500907441
70750,51.6,92.63061411549037
71000,51.2,92.61498992120212
71250,52.800000000000004,92.57425742574257
71500,51.6,92.34291994870856
71750,50.4,91.39433551198258
72000,52.0,93.3852140077821
72250,51.2,95.21116138763198
72500,52.400000000000006,95.0619601952685
72750,50.8,94.06401190919242
73000,50.4,94.10667661320403
73250,52.800000000000004,93.48992047346033
73500,52.0,92.53895508707608
73750,51.6,94.45485200449608
74000,52.0,95.65959059893859
74250,52.800000000000004,95.22190745986781
74500,52.0,96.11058150619638
74750,51.6,95.14124293785311
75000,51.6,94.59307764265668
75250,51.2,94.10780669144981
75500,52.800000000000004,94.22503725782414
75750,50.8,95.97951830077754
76000,51.6,97.20885466794995
76250,51.2,97.30820995962316
76500,52.0,97.9702300405954
76750,50.4,96.79205652090891
77000,51.2,95.97125023642897
77250,52.400000000000006,97.40634005763688
77500,50.4,96.00532623169109
77750,51.2,96.81014604150653
78000,50.8,96.68709306779012
78250,51.6,95.92107759438436
78500,51.6,95.52407932011332
78750,51.2,94.70929145634697
79000,50.8,97.28281668580176
79250,51.2,97.88786482334869
79500,50.8,98.49304482225656
79750,50.4,98.2635539262975
80000,50.4,96.94656488549617
80250,51.6,95.84827325910548
80500,51.6,95.12652296157451
80750,50.8,94.39566598169252
81000,51.2,93.42445511636498
81250,50.8,93.36527828971619
81500,51.2,93.19890009165903
81750,52.0,94.40118650352242
82000,50.8,93.56854097758178
82250,51.6,93.40398319020646
82500,50.8,94.10029498525073
82750,50.4,95.27617630649061
83000,50.8,96.09463011641006
83250,50.8,96.68425018839487
83500,51.2,97.52616555661275
83750,52.400000000000006,96.60889223813113
84000,52.0,96.55624181171626
84250,50.8,95.50499445061044
84500,52.400000000000006,94.39663065372642
84750,52.400000000000006,93.93274853801171
85000,51.6,95.44106745737584
85250,51.6,97.07491979618797
85500,51.6,98.58318973769865
85750,51.6,97.52269288956127
86000,51.2,96.55495225613181
86250,50.8,97.48153758757812
86500,52.0,96.44327967053538
86750,52.0,96.0111835973905
87000,50.4,94.87463126843659
87250,51.6,94.54445260837619
87500,50.4,96.33439311763605
87750,52.0,95.14994446501296
88000,52.0,95.54603056280283
88250,51.2,95.49599851107389
88500,52.0,94.90022172949001
88750,52.0,94.57820253629848
89000,50.0,94.32234432234432
89250,51.6,93.53197674418605
89500,50.4,93.88797664659734
89750,50.8,94.57577423492761
90000,51.2,97.65772572723839
90250,50.4,97.40455143878127
90500,51.6,96.29905151571508
90750,50.4,95.21883045237219
91000,50.8,95.79102824441573
91250,51.6,94.74164688698193
91500,50.8,93.6573906758222
91750,51.6,96.80612626073963
92000,52.0,96.09810479375696
92250,50.4,95.34241531664213
92500,52.400000000000006,97.71870286576168
92750,51.2,99.67320261437908
93000,52.800000000000004,98.42025123715264
93250,52.0,97.48867069486404
93500,51.2,96.35990293074482
93750,52.400000000000006,97.58262511803588
94000,50.8,97.16005266127516
94250,52.0,96.3466915191053
94500,52.0,95.25480059084195
94750,51.2,99.46070878274269
95000,51.2,98.16968541468066
95250,52.0,98.52941176470588
95500,50.8,97.2022684310019
95750,50.8,98.069940760558
96000,52.0,98.3948022167017
96250,52.800000000000004,97.27839727839728
96500,51.2,96.83794466403161
96750,50.8,96.28587507034328
97000,51.6,97.2768532526475
97250,52.400000000000006,97.21490402709823
97500,51.2,96.54463952185282
97750,50.8,95.34109816971714
98000,50.4,97.44216663532067
98250,52.800000000000004,98.835655659477
98500,52.400000000000006,98.04813340913398
98750,52.0,99.04464807954767
99000,50.4,99.22284826112299
99250,50.8,98.06142034548945
99500,51.6,96.98406676783004
99750,51.6,95.81613508442777
