250,21.2,15.228426395939088
500,35.199999999999996,61.39817629179332
750,44.4,74.0909090909091
1000,48.0,80.86642599277978
1250,49.2,84.7328244274809
1500,50.0,87.01298701298701
1750,50.0,88.64426419466976
2000,51.6,90.1673640167364
2250,50.8,91.48533585619678
2500,50.8,99.90448901623687
2750,50.0,99.89417989417989
3000,50.0,99.8960498960499
3250,50.0,99.88876529477196
3500,50.8,99.89281886387997
3750,50.4,99.90186457311088
4000,50.4,99.90059642147118
4250,50.4,99.89484752891693
4500,50.0,99.88851727982163
4750,50.8,99.88221436984688
5000,50.0,99.6590909090909
5250,50.8,99.89023051591658
5500,50.8,99.88713318284425
5750,50.0,99.88938053097345
6000,50.4,99.79402677651905
6250,50.0,99.8936170212766
6500,50.0,99.88558352402745
6750,50.0,99.89200863930886
7000,50.8,99.79317476732162
7250,50.4,99.9020568070519
7500,50.4,99.80019980019979
7750,50.4,99.89023051591658
8000,51.6,99.8965873836608
8250,50.4,99.8998998998999
8500,50.0,99.90539262062441
8750,50.0,99.90243902439025
9000,50.0,99.79402677651905
9250,50.4,99.59473150962512
9500,50.0,99.800796812749
9750,50.0,99.90925589836661
10000,50.0,99.9054820415879
10250,50.8,99.90512333965845
10500,50.4,99.90049751243781
10750,50.4,99.89795918367346
11000,50.4,99.90253411306043
11250,50.8,99.90089197224975
11500,50.4,99.8896247240618
11750,50.4,99.89224137931035
12000,50.0,99.79939819458376
12250,50.8,99.81532779316713
12500,50.4,99.91181657848325
12750,50.4,99.90412272291466
13000,50.4,99.89888776541962
13250,50.4,99.90215264187867
13500,50.4,99.90458015267176
13750,50.0,99.88938053097345
14000,50.8,99.76878612716763
14250,51.2,99.88950276243094
14500,50.0,99.89258861439313
14750,50.8,99.70208540218471
15000,50.4,99.82094897045658
15250,50.0,99.90147783251231
15500,50.4,99.8998998998999
15750,50.4,99.89816700610999
16000,50.4,99.9034749034749
16250,50.4,99.88304093567251
16500,50.4,99.88290398126463
16750,50.0,99.88864142538975
17000,50.4,99.89615784008308
17250,50.4,99.90029910269193
17500,50.0,99.90566037735849
17750,50.4,99.90817263544535
18000,50.4,99.90503323836657
18250,50.4,99.90925589836661
18500,50.4,99.9146757679181
18750,50.4,99.90867579908675
19000,50.0,99.89429175475686
19250,50.4,99.88974641675854
19500,50.4,99.89154013015184
19750,50.0,99.9020568070519
20000,50.8,99.9054820415879
20250,50.4,99.90356798457087
20500,50.4,99.90539262062441
20750,50.4,99.906191369606
21000,50.4,99.91095280498664
21250,50.8,99.91334488734836
21500,51.2,99.9074074074074
21750,50.4,99.8898678414097
22000,50.0,99.76608187134502
22250,49.6,99.88518943742825
22500,50.4,99.89189189189189
22750,50.0,99.89327641408752
23000,50.8,99.89406779661016
23250,50.8,99.89583333333333
23500,50.0,99.80099502487563
23750,50.4,99.8995983935743
24000,50.0,99.90680335507922
24250,50.8,99.89701338825952
24500,50.0,99.8875140607424
24750,50.4,99.88465974625143
25000,50.8,99.89106753812636
25250,51.6,99.88545246277205
25500,50.0,99.8960498960499
25750,50.4,99.8992950654582
26000,50.0,99.89827060020346
26250,50.0,99.89939637826963
26500,50.0,99.8076923076923
26750,50.4,99.9074074074074
27000,50.8,99.91055456171736
27250,50.4,99.81768459434822
27500,50.4,99.90627928772258
27750,50.8,99.81060606060606
28000,50.4,99.81132075471699
28250,50.4,99.73935708079931
28500,50.4,99.91007194244604
28750,50.0,99.91142604074402
29000,50.4,99.83122362869197
29250,50.0,99.58018471872376
29500,50.4,99.75247524752476
29750,51.6,99.76869699306091
30000,50.0,99.92163009404389
30250,50.8,99.8330550918197
30500,50.8,99.833748960931
30750,50.4,99.8360655737705
31000,50.4,99.915611814346
31250,50.0,99.91438356164383
31500,50.8,99.91055456171736
31750,50.4,99.82758620689656
32000,50.4,99.9147485080989
32250,50.0,99.50657894736842
32500,50.4,99.84338292873923
32750,50.4,99.48224852071006
33000,50.4,99.92852037169406
33250,50.4,99.85885673959068
33500,51.2,99.78902953586498
33750,50.8,99.93112947658402
34000,50.8,99.8051948051948
34250,50.0,99.93438320209974
34500,50.8,99.93342210386152
34750,50.4,99.79367262723521
35000,51.2,99.5221843003413
35250,50.0,99.9261447562777
35500,50.8,99.77645305514157
35750,50.4,99.69442322383499
36000,50.4,99.62825278810409
36250,51.6,99.92447129909365
36500,50.0,99.92325402916347
36750,50.4,99.42652329749104
37000,50.8,99.0358126721763
37250,50.4,99.86622073578594
37500,51.2,99.93464052287581
37750,50.4,99.68553459119497
38000,50.4,99.8063266623628
38250,50.0,99.69530773918342
38500,50.4,99.69879518072288
38750,50.4,99.65616045845273
39000,50.8,99.54337899543378
39250,51.2,99.07246376811594
39500,50.4,99.59816303099885
39750,50.8,99.94327850255247
40000,50.4,99.45770065075922
40250,50.0,99.17055469155002
40500,50.4,99.53727506426735
40750,50.4,99.47521865889213
41000,50.4,99.93913572732805
41250,50.0,99.68494013862635
41500,50.4,99.87253027405991
41750,50.4,98.67947178871549
42000,50.8,99.35747663551402
42250,50.0,99.8221695317131
42500,50.8,98.94091415830546
42750,50.0,97.94736842105263
43000,51.2,99.94750656167979
43250,50.8,99.43093636833937
43500,50.8,99.84748347737671
43750,50.8,99.36023622047244
44000,50.0,99.61013645224172
44250,50.8,99.42446043165467
44500,50.8,99.07706506691278
44750,50.0,99.10434393193015
45000,50.4,99.73118279569893
45250,50.8,99.42477876106194
45500,50.0,99.95636998254798
45750,50.0,99.1518235793045
46000,50.0,99.33444259567388
46250,50.4,99.37990905332782
46500,50.8,99.87613542526837
46750,50.4,98.64703541583765
47000,50.0,98.75534811357448
47250,50.4,99.61568024596464
47500,50.4,99.3932499051953
47750,50.0,99.85057900635039
48000,50.0,99.78013924514474
48250,50.4,99.03605855051767
48500,50.0,99.21791681478848
48750,50.4,98.71125043538837
49000,50.0,99.96342355523043
49250,50.0,99.6716526815031
49500,50.0,99.57203994293866
49750,50.4,99.894142554693
50000,50.4,98.76923076923076
50250,50.0,99.08100748808714
50500,50.4,99.89488437281008
50750,50.0,98.64038069340585
51000,51.2,99.92962702322308
51250,50.8,98.77216916780355
51500,50.8,99.82894286691754
51750,50.8,99.59623149394348
52000,50.4,99.86357435197817
52250,50.8,99.48682860075266
52500,50.0,99.58056623558197
52750,50.4,98.20217096336499
53000,50.0,97.62062128222075
53250,51.2,97.20688535238715
53500,50.4,96.08778625954199
53750,50.4,95.78783151326053
54000,50.8,97.20757058641017
54250,50.4,96.96417729204614
54500,50.8,95.730803439075
54750,50.0,97.42145820983995
55000,50.8,96.29736765982065
55250,50.0,97.261458633612
55500,50.4,99.8794091046126
55750,50.0,99.54696466324373
56000,50.8,98.49955869373345
56250,50.8,99.0104772991851
56500,50.0,99.62416883492338
56750,50.8,99.00584795321637
57000,50.4,98.39449541284404
57250,50.8,99.34172867773326
57500,50.4,99.79727772951057
57750,50.8,99.82693971733487
58000,50.4,99.22658264107706
58250,50.4,98.36435420191766
58500,50.0,99.2663656884876
58750,50.4,99.43820224719101
59000,50.0,98.94678492239468
59250,50.8,98.47036328871893
59500,50.0,99.94462901439645
59750,51.2,99.58949096880131
60000,50.0,98.79518072289156
60250,50.4,99.22707889125799
60500,50.8,98.25475384214639
60750,50.8,98.0744544287548
61000,50.4,97.22852103804485
61250,50.0,99.71279373368147
61500,50.0,99.12190082644628
61750,50.0,98.46977811782709
62000,50.4,97.69481332999248
62250,50.0,96.47869982762867
62500,51.2,97.3359644795264
62750,50.0,99.64349376114082
63000,50.4,98.998998998999
63250,50.4,98.12577065351418
63500,50.4,97.41652449427248
63750,50.4,96.75792507204612
64000,51.2,95.82842328541126
64250,50.8,99.53748782862706
64500,50.0,98.32415609288964
64750,50.0,97.03319990581588
65000,50.0,97.11741270213264
65250,50.0,96.45258520751217
65500,50.8,97.78141055581504
65750,50.4,97.85897137537816
66000,50.4,97.19990819371127
66250,50.4,99.62555581558624
66500,50.8,98.64430147058823
66750,50.4,97.60397830018083
67000,50.4,96.82856509203815
67250,50.4,97.2068277543782
67500,50.8,99.30274403958614
67750,50.8,99.4526795895097
68000,50.0,99.50011361054307
68250,50.8,98.45741113346747
68500,50.4,99.86288848263254
68750,50.0,98.91402714932127
69000,50.4,97.88748054258394
69250,50.0,97.46807573756054
69500,50.4,96.78547999125301
69750,50.8,99.7525309336333
70000,50.4,98.49324174606691
70250,50.4,98.4965730709706
70500,50.4,97.49945640356599
70750,50.4,98.51431068385406
71000,50.4,97.3531310522918
71250,51.6,98.65041358293426
71500,50.0,98.7964989059081
71750,50.0,97.40876700496653
72000,50.8,98.02987659666594
72250,51.2,98.33441488211119
72500,50.8,98.49559424027508
72750,50.4,97.802432259441
73000,50.0,96.56914333824457
73250,50.8,97.11457455770851
73500,51.2,99.3201754385965
73750,50.0,98.01081081081081
74000,50.4,99.88925802879291
74250,50.8,99.71053217546203
74500,50.4,99.60044395116537
74750,50.0,98.40437158469946
75000,51.2,99.47171472595201
75250,50.0,98.37556855100715
75500,50.0,98.89009793253535
75750,50.0,98.80771732061565
76000,50.4,98.92638036809815
76250,50.4,97.94993526111351
76500,50.4,97.54010695187165
76750,50.0,98.88353765323993
77000,50.8,99.00221729490022
77250,50.4,99.070796460177
77500,50.0,97.59667904741097
77750,50.8,97.34551784160139
78000,50.0,97.7613562269072
78250,50.0,96.74866310160428
78500,50.0,95.78237030788696
78750,50.0,99.7130242825607
79000,50.4,98.67592793574994
79250,50.8,97.86598378147674
79500,50.4,96.69682305912055
79750,50.0,95.51867219917013
80000,50.4,95.54773244978256
80250,50.0,96.9208211143695
80500,50.4,95.88673005374122
80750,50.0,94.62826797385621
81000,50.0,93.57243602659682
81250,50.4,92.68389662027833
81500,50.0,99.87012987012987
81750,50.0,98.8454137267479
82000,50.0,97.68225874420565
82250,50.4,97.51358127872963
82500,50.4,96.24587458745874
82750,50.4,97.52855659397716
83000,50.0,96.86791675252421
83250,50.4,95.8984771573604
83500,51.2,94.7642928786359
83750,50.0,99.11968140850973
84000,50.4,98.2271696557411
84250,50.0,97.07198047986986
84500,51.2,99.12826899128268
84750,51.6,98.6151302190988
85000,51.6,97.9738027015964
85250,50.4,96.7878787878788
85500,50.4,98.0616200775352
85750,50.4,96.96054750402577
86000,50.4,95.84658187599364
86250,50.0,97.74893530723992
86500,50.4,96.57657657657658
86750,51.2,96.21136590229312
87000,50.4,95.2249408050513
87250,50.4,97.32232736057983
87500,50.4,96.8812475009996
87750,50.8,95.74425969912906
88000,50.0,99.28175661809973
88250,50.8,99.76694915254237
88500,50.4,98.62097785206853
88750,50.4,97.57001647446458
89000,50.0,96.54962451796226
89250,50.0,99.04882688649334
89500,50.8,99.0899001109878
89750,50.0,98.07986035348026
90000,51.2,97.07841031149302
90250,50.0,99.86642920747997
90500,50.4,98.59587538394032
90750,50.4,97.42869490060502
91000,50.4,98.32645077157139
91250,51.6,98.56801909307876
91500,50.0,97.34702610183996
91750,50.4,98.86882749619316
92000,50.4,98.78287328841556
92250,50.4,99.91214583790907
92500,50.8,99.12543153049482
92750,50.4,97.96241793072221
93000,50.4,96.60638535387363
93250,50.4,95.37953795379538
93500,50.4,98.91355692017005
93750,50.0,98.91917293233082
94000,50.0,99.50866304628912
94250,51.2,98.65618661257606
94500,50.8,97.58886403181705
94750,50.0,97.39877300613496
95000,50.8,99.79497693490518
95250,50.8,99.39301972685888
95500,50.4,98.06114839671886
95750,50.4,96.90168333739936
96000,50.8,95.93301435406698
96250,50.4,95.84026622296173
96500,50.4,97.69452449567724
96750,50.0,96.38468809073724
97000,50.4,95.73028464769015
97250,50.4,98.64414843006661
97500,50.0,97.61904761904762
97750,50.0,96.34398712347667
98000,50.0,98.23379037880548
98250,50.0,99.04339710685954
98500,50.4,97.72518382352942
98750,50.4,96.51504865354153
99000,50.0,95.73712255772647
99250,50.0,97.21723518850987
99500,50.8,96.44198895027625
99750,50.4,95.96136962247586
