250,16.400000000000002
500,28.000000000000004
750,41.6
1000,44.4
1250,44.0
1500,47.599999999999994
1750,45.2
2000,46.400000000000006
2250,45.6
2500,43.6
2750,43.2
3000,44.800000000000004
3250,45.2
3500,43.6
3750,44.800000000000004
4000,46.400000000000006
4250,43.6
4500,42.8
4750,42.0
5000,39.2
5250,40.400000000000006
5500,43.6
5750,36.0
6000,42.8
6250,38.0
6500,41.199999999999996
6750,42.0
7000,38.4
7250,39.6
7500,41.199999999999996
7750,39.6
8000,41.199999999999996
8250,43.6
8500,40.0
8750,40.400000000000006
9000,40.400000000000006
9250,40.0
9500,38.4
9750,41.6
10000,39.2
10250,38.800000000000004
10500,41.199999999999996
10750,38.800000000000004
11000,40.8
11250,37.6
11500,41.199999999999996
11750,41.199999999999996
12000,37.2
12250,38.0
12500,40.8
12750,39.2
13000,38.4
13250,40.8
13500,42.4
13750,40.8
14000,38.800000000000004
14250,40.0
14500,39.2
14750,43.6
15000,42.0
15250,38.4
15500,40.400000000000006
15750,39.6
16000,41.6
16250,38.0
16500,38.800000000000004
16750,41.199999999999996
17000,38.800000000000004
17250,40.8
17500,38.4
17750,40.8
18000,41.199999999999996
18250,40.8
18500,38.4
18750,41.6
19000,39.6
19250,42.4
19500,37.6
19750,38.800000000000004
20000,40.8
20250,37.6
20500,39.2
20750,41.6
21000,39.6
21250,38.4
21500,40.0
21750,40.400000000000006
22000,39.2
22250,41.199999999999996
22500,38.4
22750,38.4
23000,41.6
23250,36.8
23500,41.6
23750,37.2
24000,40.0
24250,36.0
24500,42.4
24750,37.2
25000,36.8
25250,39.2
25500,42.8
25750,40.0
26000,41.199999999999996
26250,38.800000000000004
26500,38.800000000000004
26750,40.8
27000,38.4
27250,40.400000000000006
27500,42.8
27750,40.400000000000006
28000,40.400000000000006
28250,40.8
28500,41.6
28750,37.2
29000,36.0
29250,43.6
29500,41.6
29750,38.800000000000004
30000,38.4
30250,39.6
30500,40.8
30750,38.4
31000,38.800000000000004
31250,40.8
31500,41.199999999999996
31750,43.6
32000,40.8
32250,39.2
32500,40.8
32750,38.0
33000,42.8
33250,42.8
33500,41.199999999999996
33750,43.6
34000,39.6
34250,41.199999999999996
34500,41.6
34750,36.8
35000,36.8
35250,39.2
35500,42.4
35750,40.0
36000,42.8
36250,38.4
36500,40.0
36750,40.400000000000006
37000,39.2
37250,40.0
37500,41.199999999999996
37750,41.199999999999996
38000,41.199999999999996
38250,41.199999999999996
38500,42.0
38750,38.800000000000004
39000,38.800000000000004
39250,36.4
39500,42.0
39750,41.199999999999996
40000,36.8
40250,39.6
40500,40.8
40750,39.2
41000,41.199999999999996
41250,38.4
41500,39.2
41750,43.6
42000,42.0
42250,40.400000000000006
42500,40.0
42750,41.6
43000,42.4
43250,39.2
43500,40.8
43750,40.0
44000,41.6
44250,39.6
44500,40.400000000000006
44750,42.0
45000,38.800000000000004
45250,42.0
45500,41.6
45750,42.0
46000,40.8
46250,40.400000000000006
46500,42.0
46750,38.0
47000,39.2
47250,39.2
47500,41.6
47750,37.2
48000,39.6
48250,37.2
48500,42.4
48750,37.6
49000,39.2
49250,43.6
49500,42.4
49750,40.400000000000006
50000,42.0
50250,40.0
50500,38.800000000000004
50750,36.4
51000,41.6
51250,39.2
51500,40.0
51750,40.0
52000,41.6
52250,39.6
52500,39.6
52750,38.4
53000,40.400000000000006
53250,38.800000000000004
53500,35.6
53750,40.0
54000,38.4
54250,39.6
54500,36.4
54750,42.0
55000,40.8
55250,41.199999999999996
55500,39.2
55750,40.0
56000,41.199999999999996
56250,39.6
56500,40.8
56750,42.0
57000,42.8
57250,38.800000000000004
57500,40.0
57750,40.0
58000,36.8
58250,39.6
58500,38.4
58750,35.6
59000,38.800000000000004
59250,37.6
59500,41.6
59750,37.6
60000,40.8
60250,40.0
60500,39.6
60750,40.0
61000,39.6
61250,40.0
61500,40.400000000000006
61750,40.0
62000,38.800000000000004
62250,38.800000000000004
62500,36.4
62750,40.8
63000,42.0
63250,40.400000000000006
63500,39.2
63750,40.0
64000,38.0
64250,38.0
64500,40.0
64750,36.4
65000,42.8
65250,41.199999999999996
65500,39.6
65750,38.800000000000004
66000,38.800000000000004
66250,40.0
66500,40.400000000000006
66750,38.800000000000004
67000,39.2
67250,40.8
67500,42.0
67750,38.800000000000004
68000,38.0
68250,38.800000000000004
68500,42.0
68750,40.400000000000006
69000,44.0
69250,41.6
69500,41.6
69750,40.8
70000,37.6
70250,40.0
70500,42.0
70750,40.400000000000006
71000,39.2
71250,40.400000000000006
71500,40.0
71750,38.800000000000004
72000,36.8
72250,40.0
72500,39.6
72750,38.800000000000004
73000,40.0
73250,40.400000000000006
73500,41.6
73750,39.2
74000,39.6
74250,41.6
74500,42.8
74750,40.400000000000006
75000,40.0
75250,40.400000000000006
75500,42.0
75750,38.0
76000,38.800000000000004
76250,41.199999999999996
76500,39.6
76750,41.199999999999996
77000,38.0
77250,39.2
77500,39.2
77750,39.2
78000,39.6
78250,39.6
78500,38.800000000000004
78750,40.0
79000,42.4
79250,43.6
79500,38.0
79750,40.400000000000006
80000,36.8
80250,36.4
80500,40.0
80750,40.400000000000006
81000,41.199999999999996
81250,38.800000000000004
81500,38.800000000000004
81750,38.4
82000,40.0
82250,37.2
82500,41.6
82750,39.6
83000,41.6
83250,38.800000000000004
83500,37.2
83750,37.2
84000,40.8
84250,41.199999999999996
84500,38.0
84750,40.400000000000006
85000,40.8
85250,41.6
85500,42.4
85750,42.4
86000,38.800000000000004
86250,41.199999999999996
86500,42.0
86750,43.6
87000,39.2
87250,39.6
87500,39.6
87750,37.2
88000,38.800000000000004
88250,40.8
88500,40.400000000000006
88750,37.2
89000,39.2
89250,39.2
89500,42.4
89750,36.4
90000,38.800000000000004
90250,41.199999999999996
90500,41.6
90750,38.0
91000,39.2
91250,40.0
91500,41.199999999999996
91750,40.400000000000006
92000,38.0
92250,41.6
92500,40.8
92750,39.2
93000,41.6
93250,40.0
93500,39.6
93750,41.6
94000,41.6
94250,43.2
94500,40.8
94750,39.2
95000,42.0
95250,41.199999999999996
95500,42.0
95750,41.199999999999996
96000,39.2
96250,37.6
96500,36.4
96750,39.2
97000,41.199999999999996
97250,42.0
97500,38.4
97750,38.4
98000,39.6
98250,39.6
98500,39.2
98750,38.4
99000,42.0
99250,41.199999999999996
99500,40.400000000000006
99750,43.6
