500,24.8,5.0
1000,44.6,3.3271719038817005
1500,49.4,5.026455026455026
2000,49.8,4.391891891891892
2500,49.8,7.8125
3000,49.6,3.7037037037037033
3500,50.2,1.3404825737265416
4000,50.2,2.2988505747126435
4500,49.8,4.354587869362364
5000,50.0,3.542673107890499
5500,50.4,1.6172506738544474
6000,50.0,0.8391608391608392
6500,49.8,6.164383561643835
7000,50.4,2.6737967914438503
7500,50.4,1.5432098765432098
8000,50.2,3.2640949554896146
8500,50.2,1.358695652173913
9000,50.0,1.187648456057007
9500,50.2,1.715686274509804
10000,49.8,4.892086330935252
10500,50.0,3.096774193548387
11000,50.0,1.0526315789473684
11500,50.4,3.492063492063492
12000,49.8,1.447178002894356
12500,50.4,1.728395061728395
13000,50.0,0.7894736842105263
13500,49.8,2.828854314002829
14000,50.0,4.179104477611941
14500,50.2,2.728512960436562
15000,50.2,2.857142857142857
15500,49.8,1.7777777777777777
16000,50.0,1.3605442176870748
16500,50.0,3.45821325648415
17000,49.8,2.197802197802198
17500,50.2,3.0112923462986196
18000,50.0,4.819277108433735
18500,50.2,6.599713055954089
19000,50.0,2.0648967551622417
19500,50.2,3.7209302325581395
20000,50.2,3.783783783783784
20500,50.4,1.2531328320802004
21000,50.0,2.282453637660485
21500,50.6,1.5174506828528074
22000,50.0,2.364864864864865
22500,49.6,2.773497688751926
23000,50.0,2.7434842249657065
23500,50.2,3.5616438356164384
24000,50.0,3.007518796992481
24500,50.2,3.2023289665211063
25000,49.8,4.984423676012461
25500,50.4,1.7699115044247788
26000,50.0,3.1578947368421053
26500,50.0,2.102496714848883
27000,50.4,1.911589008363202
27500,50.4,0.7361963190184049
28000,49.6,1.8211920529801324
28500,50.0,4.074702886247878
29000,50.2,3.523035230352303
29500,50.0,0.7389162561576355
30000,50.6,4.683195592286501
30500,50.6,1.972872996300863
31000,50.0,2.208588957055215
31500,50.4,1.2953367875647668
32000,50.2,2.1476510067114094
32500,49.8,2.7027027027027026
33000,50.2,1.7937219730941705
33500,50.0,2.7247956403269753
34000,50.0,2.25
34500,50.0,4.972375690607735
35000,50.6,2.6016260162601625
35500,49.6,4.012345679012346
36000,50.0,1.4641288433382138
36500,50.2,3.9270687237026647
37000,50.2,1.1095700416088765
37500,50.2,1.3679890560875512
38000,50.4,1.3986013986013985
38500,50.0,0.872093023255814
39000,50.4,1.1764705882352942
39500,50.2,1.2269938650306749
40000,50.2,1.8567639257294428
40500,50.0,2.3529411764705883
41000,50.2,1.4059753954305798
41500,50.4,1.0050251256281406
42000,50.4,2.396804260985353
42500,50.0,1.2836970474967908
43000,50.4,4.806408544726302
43500,50.4,1.4492753623188406
44000,50.4,1.646090534979424
44500,49.8,3.532608695652174
45000,50.6,2.594033722438392
45500,50.4,2.307692307692308
46000,50.0,6.730769230769231
46500,50.2,4.333333333333334
47000,50.2,6.433566433566433
47500,50.2,1.2239902080783354
48000,50.0,2.967359050445104
48500,50.0,1.7569546120058566
49000,50.4,2.457757296466974
49500,50.2,2.849002849002849
50000,50.0,1.0217113665389528
50500,50.0,3.0261348005502064
51000,50.0,2.6124818577648767
51500,50.0,1.639344262295082
52000,50.0,2.1439509954058193
52500,49.8,3.4645669291338583
53000,50.2,2.616279069767442
53500,50.8,3.1884057971014492
54000,50.0,1.288244766505636
54500,50.2,2.7954256670902162
55000,50.0,1.4388489208633095
55500,50.0,2.761795166858458
56000,50.2,3.896103896103896
56500,50.2,2.28310502283105
57000,50.4,1.0030090270812437
57500,50.0,1.8018018018018018
58000,50.0,0.37453183520599254
58500,50.4,6.0606060606060606
59000,50.2,2.2257551669316373
59500,50.0,1.7830609212481425
60000,50.2,2.5284450063211126
60500,50.0,3.12124849939976
61000,50.4,0.7604562737642585
61500,49.8,2.0860495436766624
62000,50.2,3.39943342776204
62500,50.2,3.2448377581120944
63000,50.0,1.4906832298136645
63500,50.4,1.8134715025906734
64000,50.0,2.399127589967285
64500,50.2,1.5170670037926675
65000,50.0,2.600780234070221
65500,50.0,1.8181818181818181
66000,50.2,1.0884353741496597
66500,50.4,0.6841505131128849
67000,50.6,3.4907597535934287
67500,50.2,1.7142857142857144
68000,50.6,3.1818181818181817
68500,50.2,1.3377926421404682
69000,50.2,2.813599062133646
69500,50.0,1.3574660633484164
70000,50.4,1.2674271229404308
70500,50.8,1.2254901960784315
71000,50.0,0.24875621890547264
71500,50.4,1.726263871763255
72000,50.4,2.3501762632197414
72500,50.2,1.78343949044586
73000,50.2,3.3121019108280256
73500,50.2,1.3262599469496021
74000,50.4,4.166666666666666
74500,50.0,1.4035087719298245
75000,50.0,2.066590126291619
75500,50.6,3.566121842496285
76000,50.2,2.002503128911139
76500,50.0,2.406738868832732
77000,50.2,1.8120045300113252
77500,50.0,1.1627906976744187
78000,50.2,1.3888888888888888
78500,49.8,1.1389521640091116
79000,50.2,3.5538005923000986
79500,50.2,3.2850241545893724
80000,50.0,0.5366726296958855
80500,50.4,2.931937172774869
81000,50.0,1.3651877133105803
81500,50.4,1.0822510822510822
82000,50.8,1.2875536480686696
82500,50.4,2.6159334126040426
83000,50.2,1.8867924528301887
83500,50.0,4.526166902404526
84000,50.0,1.9300361881785282
84500,50.2,2.25
85000,50.2,0.6818181818181818
85500,50.2,3.594351732991014
86000,50.6,2.0454545454545454
86500,50.4,1.8970189701897018
87000,50.0,2.4161073825503356
87500,50.2,3.626220362622036
88000,50.2,1.6355140186915886
88500,50.2,1.0582010582010581
89000,50.0,1.5283842794759825
89500,50.0,1.7718715393133997
90000,50.0,2.3622047244094486
90500,50.2,1.5151515151515151
91000,50.2,2.7158098933074686
91500,50.8,2.315227070347284
92000,50.6,2.030456852791878
92500,50.2,1.6867469879518073
93000,50.0,0.7017543859649122
93500,50.4,1.7094017094017095
94000,50.2,2.2883295194508007
94500,50.4,4.004214963119073
95000,50.0,1.7733990147783252
95500,50.2,1.4014014014014013
96000,50.0,2.004008016032064
96500,50.2,5.045871559633028
97000,50.2,3.060109289617486
97500,50.2,1.4141414141414141
98000,50.2,0.576923076923077
98500,50.8,3.114571746384872
99000,50.0,2.9258098223615465
99500,50.0,2.208588957055215
