250,14.000000000000002
500,27.6
750,37.6
1000,34.4
1250,36.8
1500,37.6
1750,34.4
2000,40.0
2250,36.8
2500,34.4
2750,34.8
3000,39.6
3250,35.6
3500,36.8
3750,36.0
4000,38.0
4250,36.4
4500,38.800000000000004
4750,34.4
5000,31.6
5250,36.0
5500,35.6
5750,34.8
6000,38.4
6250,32.4
6500,37.6
6750,34.8
7000,36.4
7250,37.6
7500,36.8
7750,36.0
8000,39.6
8250,35.199999999999996
8500,39.6
8750,35.199999999999996
9000,37.2
9250,34.0
9500,34.0
9750,36.0
10000,36.4
10250,34.0
10500,38.800000000000004
10750,35.6
11000,39.6
11250,33.6
11500,38.4
11750,36.8
12000,38.800000000000004
12250,34.8
12500,34.4
12750,36.8
13000,39.6
13250,32.0
13500,32.800000000000004
13750,37.2
14000,31.6
14250,34.4
14500,40.400000000000006
14750,37.2
15000,38.0
15250,35.199999999999996
15500,36.0
15750,36.0
16000,34.4
16250,36.8
16500,36.4
16750,31.6
17000,33.6
17250,35.6
17500,36.8
17750,34.8
18000,38.800000000000004
18250,35.199999999999996
18500,35.6
18750,38.800000000000004
19000,35.6
19250,34.4
19500,32.0
19750,35.199999999999996
20000,33.6
20250,36.8
20500,39.6
20750,39.6
21000,40.0
21250,35.6
21500,36.0
21750,40.400000000000006
22000,36.4
22250,37.6
22500,37.2
22750,37.6
23000,34.4
23250,38.800000000000004
23500,36.0
23750,36.8
24000,35.6
24250,32.0
24500,35.199999999999996
24750,38.4
25000,38.800000000000004
25250,36.4
25500,34.8
25750,35.199999999999996
26000,35.6
26250,36.4
26500,34.4
26750,31.6
27000,37.6
27250,37.6
27500,38.4
27750,36.4
28000,36.8
28250,38.0
28500,38.4
28750,36.4
29000,38.4
29250,36.8
29500,33.2
29750,34.8
30000,33.6
30250,36.8
30500,34.4
30750,37.2
31000,40.8
31250,36.4
31500,41.199999999999996
31750,38.4
32000,38.4
32250,38.4
32500,32.800000000000004
32750,35.199999999999996
33000,32.800000000000004
33250,34.0
33500,39.6
33750,32.800000000000004
34000,37.6
34250,34.8
34500,33.6
34750,35.6
35000,37.6
35250,35.6
35500,35.6
35750,37.2
36000,35.199999999999996
36250,34.8
36500,36.4
36750,36.4
37000,37.6
37250,34.8
37500,34.0
37750,40.400000000000006
38000,36.4
38250,36.8
38500,39.6
38750,37.6
39000,38.4
39250,42.0
39500,36.4
39750,37.2
40000,39.6
40250,36.4
40500,37.6
40750,36.8
41000,33.2
41250,34.8
41500,35.199999999999996
41750,34.4
42000,36.0
42250,34.0
42500,34.8
42750,30.8
43000,36.8
43250,34.4
43500,36.0
43750,34.8
44000,34.4
44250,32.800000000000004
44500,39.2
44750,36.4
45000,38.0
45250,38.4
45500,35.199999999999996
45750,40.0
46000,38.800000000000004
46250,37.2
46500,34.8
46750,38.0
47000,35.6
47250,34.8
47500,40.400000000000006
47750,35.6
48000,34.8
48250,34.8
48500,34.4
48750,35.6
49000,34.8
49250,36.0
49500,34.8
49750,40.400000000000006
50000,34.4
50250,35.199999999999996
50500,39.6
50750,36.8
51000,39.6
51250,36.4
51500,34.0
51750,34.0
52000,35.199999999999996
52250,33.2
52500,37.6
52750,36.4
53000,36.4
53250,37.6
53500,36.4
53750,35.6
54000,36.0
54250,35.199999999999996
54500,34.4
54750,34.4
55000,39.6
55250,33.6
55500,34.0
55750,35.6
56000,36.8
56250,32.4
56500,34.8
56750,32.0
57000,36.8
57250,34.4
57500,39.6
57750,33.6
58000,37.2
58250,36.0
58500,34.4
58750,34.8
59000,38.0
59250,34.8
59500,37.6
59750,38.4
60000,35.199999999999996
60250,39.2
60500,32.800000000000004
60750,38.4
61000,34.4
61250,36.4
61500,35.6
61750,37.2
62000,32.800000000000004
62250,36.4
62500,36.4
62750,34.4
63000,33.6
63250,36.4
63500,31.2
63750,39.6
64000,37.2
64250,40.8
64500,34.8
64750,38.4
65000,34.8
65250,35.199999999999996
65500,35.6
65750,38.4
66000,38.4
66250,36.0
66500,35.6
66750,36.4
67000,34.4
67250,36.0
67500,36.0
67750,35.199999999999996
68000,35.6
68250,40.8
68500,38.4
68750,35.6
69000,36.8
69250,34.0
69500,37.6
69750,38.0
70000,35.199999999999996
70250,38.800000000000004
70500,39.2
70750,36.8
71000,32.0
71250,37.6
71500,39.6
71750,35.199999999999996
72000,36.0
72250,36.8
72500,36.4
72750,35.199999999999996
73000,36.0
73250,38.0
73500,32.800000000000004
73750,33.6
74000,35.199999999999996
74250,39.2
74500,36.4
74750,36.0
75000,39.2
75250,35.6
75500,34.0
75750,38.800000000000004
76000,33.6
76250,36.0
76500,36.0
76750,36.0
77000,35.6
77250,36.0
77500,38.4
77750,38.0
78000,37.6
78250,38.800000000000004
78500,37.2
78750,34.8
79000,36.0
79250,36.0
79500,35.6
79750,38.0
80000,36.0
80250,38.4
80500,33.2
80750,37.2
81000,38.800000000000004
81250,35.6
81500,34.4
81750,33.2
82000,36.8
82250,37.6
82500,38.0
82750,37.2
83000,32.800000000000004
83250,37.2
83500,33.6
83750,37.6
84000,36.0
84250,37.2
84500,34.8
84750,37.6
85000,40.0
85250,38.800000000000004
85500,33.6
85750,36.8
86000,39.2
86250,36.8
86500,37.6
86750,34.0
87000,34.8
87250,36.8
87500,37.2
87750,36.0
88000,37.2
88250,36.4
88500,33.6
88750,35.199999999999996
89000,34.0
89250,31.6
89500,37.6
89750,38.4
90000,38.4
90250,36.0
90500,33.6
90750,38.800000000000004
91000,39.2
91250,34.4
91500,35.199999999999996
91750,38.0
92000,35.6
92250,35.6
92500,36.0
92750,34.8
93000,34.8
93250,35.6
93500,33.2
93750,33.2
94000,36.0
94250,37.2
94500,38.0
94750,36.4
95000,35.6
95250,39.6
95500,36.4
95750,37.2
96000,35.6
96250,37.2
96500,36.4
96750,35.199999999999996
97000,38.4
97250,36.4
97500,37.2
97750,36.8
98000,38.4
98250,34.4
98500,34.8
98750,36.8
99000,32.0
99250,37.6
99500,31.6
99750,34.8
