250,16.400000000000002,0.0
500,28.000000000000004,0.0
750,41.6,0.0
1000,44.4,0.0
1250,44.0,0.0
1500,47.599999999999994,0.0
1750,45.2,0.0
2000,46.400000000000006,0.0
2250,45.6,0.0
2500,43.6,0.0
2750,43.2,0.0
3000,44.800000000000004,0.0
3250,45.2,0.0
3500,43.6,0.0
3750,44.800000000000004,0.0
4000,46.400000000000006,0.0
4250,43.6,0.0
4500,42.8,0.0
4750,43.2,0.0
5000,45.6,0.0
5250,45.2,0.0
5500,45.6,0.0
5750,47.199999999999996,0.0
6000,45.2,0.0
6250,47.599999999999994,0.0
6500,46.0,0.0
6750,43.2,0.0
7000,46.0,0.0
7250,44.800000000000004,0.0
7500,44.4,0.0
7750,43.6,0.0
8000,44.800000000000004,0.0
8250,47.199999999999996,0.0
8500,46.400000000000006,0.0
8750,45.2,0.0
9000,47.599999999999994,0.0
9250,47.599999999999994,0.0
9500,47.199999999999996,0.0
9750,44.0,0.0
10000,44.0,0.0
10250,45.2,0.0
10500,44.800000000000004,0.0
10750,46.400000000000006,0.0
11000,46.400000000000006,0.0
11250,45.6,0.0
11500,41.6,0.0
11750,42.4,0.0
12000,46.400000000000006,0.0
12250,48.4,0.0
12500,47.199999999999996,0.0
12750,47.199999999999996,0.0
13000,43.2,0.0
13250,46.800000000000004,0.0
13500,44.800000000000004,0.0
13750,43.2,0.0
14000,45.2,0.0
14250,45.2,0.0
14500,44.4,0.0
14750,44.4,0.0
15000,44.0,0.0
15250,43.6,0.0
15500,43.6,0.0
15750,44.4,0.0
16000,45.6,0.0
16250,45.6,0.0
16500,45.6,0.0
16750,46.0,0.0
17000,45.2,0.0
17250,46.400000000000006,0.0
17500,46.400000000000006,0.0
17750,48.4,0.0
18000,44.800000000000004,0.0
18250,46.0,0.0
18500,42.8,0.0
18750,45.2,0.0
19000,45.2,0.0
19250,46.800000000000004,0.0
19500,42.4,0.0
19750,43.2,0.0
20000,46.400000000000006,0.0
20250,47.599999999999994,0.0
20500,46.0,0.0
20750,44.4,0.0
21000,45.6,0.0
21250,46.0,0.0
21500,46.400000000000006,0.0
21750,45.2,0.0
22000,43.2,0.0
22250,42.8,0.0
22500,41.6,0.0
22750,47.199999999999996,0.0
23000,45.2,0.0
23250,46.0,0.0
23500,45.6,0.0
23750,44.4,0.0
24000,43.2,0.0
24250,44.800000000000004,0.0
24500,45.2,0.0
24750,43.6,0.0
25000,46.400000000000006,0.0
25250,39.6,0.0
25500,44.800000000000004,0.0
25750,46.0,0.0
26000,47.199999999999996,0.0
26250,44.4,0.0
26500,46.0,0.0
26750,47.199999999999996,0.0
27000,44.800000000000004,0.0
27250,45.6,0.0
27500,46.0,0.0
27750,42.8,0.0
28000,41.199999999999996,0.0
28250,42.0,0.0
28500,45.6,0.0
28750,45.2,0.0
29000,47.199999999999996,0.0
29250,46.0,0.0
29500,45.6,0.0
29750,45.2,0.0
30000,45.2,0.0
30250,46.0,0.0
30500,48.8,0.0
30750,48.4,0.0
31000,46.0,0.0
31250,46.0,0.0
31500,47.599999999999994,0.0
31750,45.6,0.0
32000,43.6,0.0
32250,43.6,0.0
32500,43.6,0.0
32750,44.800000000000004,0.0
33000,46.0,0.0
33250,42.0,0.0
33500,44.800000000000004,0.0
33750,45.2,0.0
34000,46.400000000000006,0.0
34250,46.0,0.0
34500,45.2,0.0
34750,44.4,0.0
35000,45.2,0.0
35250,45.6,0.0
35500,45.6,0.0
35750,44.4,0.0
36000,46.400000000000006,0.0
36250,44.0,0.0
36500,45.2,0.0
36750,47.599999999999994,0.0
37000,43.6,0.0
37250,46.800000000000004,0.0
37500,45.6,0.0
37750,44.4,0.0
38000,45.6,0.0
38250,43.6,0.0
38500,44.800000000000004,0.0
38750,42.4,0.0
39000,42.4,0.0
39250,42.8,0.0
39500,45.2,0.0
39750,45.2,0.0
40000,46.400000000000006,0.0
40250,47.199999999999996,0.0
40500,46.400000000000006,0.0
40750,45.2,0.0
41000,44.800000000000004,0.0
41250,44.0,0.0
41500,47.599999999999994,0.0
41750,45.2,0.0
42000,46.400000000000006,0.0
42250,46.400000000000006,0.0
42500,44.800000000000004,0.0
42750,45.2,0.0
43000,42.4,0.0
43250,44.800000000000004,0.0
43500,46.0,0.0
43750,47.599999999999994,0.0
44000,42.0,0.0
44250,43.2,0.0
44500,46.400000000000006,0.0
44750,46.0,0.0
45000,46.0,0.0
45250,45.6,0.0
45500,46.400000000000006,0.0
45750,45.2,0.0
46000,44.4,0.0
46250,40.0,0.0
46500,41.6,0.0
46750,44.800000000000004,0.0
47000,44.4,0.0
47250,42.8,0.0
47500,42.4,0.0
47750,46.400000000000006,0.0
48000,44.0,0.0
48250,43.6,0.0
48500,43.6,0.0
48750,41.199999999999996,0.0
49000,42.0,0.0
49250,44.800000000000004,0.0
49500,42.8,0.0
49750,46.800000000000004,0.0
50000,47.599999999999994,0.0
50250,46.0,0.0
50500,46.800000000000004,0.0
50750,47.599999999999994,0.0
51000,44.800000000000004,0.0
51250,42.4,0.0
51500,44.4,0.0
51750,46.800000000000004,0.0
52000,43.6,0.0
52250,45.2,0.0
52500,44.800000000000004,0.0
52750,44.0,0.0
53000,45.6,0.0
53250,41.199999999999996,0.0
53500,42.4,0.0
53750,44.800000000000004,0.0
54000,42.8,0.0
54250,46.0,0.0
54500,44.4,0.0
54750,45.6,0.0
55000,44.800000000000004,0.0
55250,43.6,0.0
55500,46.400000000000006,0.0
55750,46.400000000000006,0.0
56000,46.0,0.0
56250,45.6,0.0
56500,45.6,0.0
56750,47.199999999999996,0.0
57000,46.0,0.0
57250,44.800000000000004,0.0
57500,45.6,0.0
57750,46.400000000000006,0.0
58000,46.400000000000006,0.0
58250,46.400000000000006,0.0
58500,44.800000000000004,0.0
58750,46.0,0.0
59000,42.4,0.0
59250,45.2,0.0
59500,44.800000000000004,0.0
59750,45.2,0.0
60000,46.0,0.0
60250,45.2,0.0
60500,44.800000000000004,0.0
60750,44.4,0.0
61000,43.2,0.0
61250,44.0,0.0
61500,44.4,0.0
61750,42.0,0.0
62000,41.6,0.0
62250,44.0,0.0
62500,46.400000000000006,0.0
62750,44.800000000000004,0.0
63000,44.800000000000004,0.0
63250,45.2,0.0
63500,42.8,0.0
63750,43.6,0.0
64000,42.0,0.0
64250,45.6,0.0
64500,45.6,0.0
64750,45.2,0.0
65000,43.2,0.0
65250,46.800000000000004,0.0
65500,44.4,0.0
65750,41.6,0.0
66000,40.400000000000006,0.0
66250,46.0,0.0
66500,48.0,0.0
66750,45.6,0.0
67000,44.800000000000004,0.0
67250,43.2,0.0
67500,46.0,0.0
67750,46.0,0.0
68000,44.4,0.0
68250,45.2,0.0
68500,48.0,0.0
68750,44.0,0.0
69000,45.2,0.0
69250,46.800000000000004,0.0
69500,44.800000000000004,0.0
69750,44.0,0.0
70000,43.2,0.0
70250,41.6,0.0
70500,44.0,0.0
70750,42.8,0.0
71000,46.800000000000004,0.0
71250,44.0,0.0
71500,42.4,0.0
71750,45.6,0.0
72000,46.0,0.0
72250,46.0,0.0
72500,44.0,0.0
72750,46.800000000000004,0.0
73000,43.6,0.0
73250,44.0,0.0
73500,44.0,0.0
73750,45.6,0.0
74000,48.0,0.0
74250,44.4,0.0
74500,45.6,0.0
74750,45.6,0.0
75000,44.800000000000004,0.0
75250,47.199999999999996,0.0
75500,45.2,0.0
75750,42.8,0.0
76000,44.0,0.0
76250,46.400000000000006,0.0
76500,45.6,0.0
76750,45.6,0.0
77000,43.6,0.0
77250,46.0,0.0
77500,44.4,0.0
77750,44.800000000000004,0.0
78000,45.2,0.0
78250,46.800000000000004,0.0
78500,47.599999999999994,0.0
78750,45.6,0.0
79000,46.800000000000004,0.0
79250,45.6,0.0
79500,47.199999999999996,0.0
79750,45.2,0.0
80000,46.800000000000004,0.0
80250,47.599999999999994,0.0
80500,46.0,0.0
80750,46.400000000000006,0.0
81000,46.0,0.0
81250,43.2,0.0
81500,44.800000000000004,0.0
81750,46.0,0.0
82000,46.400000000000006,0.0
82250,44.800000000000004,0.0
82500,45.6,0.0
82750,44.4,0.0
83000,44.0,0.0
83250,44.800000000000004,0.0
83500,46.400000000000006,0.0
83750,46.800000000000004,0.0
84000,44.0,0.0
84250,44.800000000000004,0.0
84500,48.4,0.0
84750,44.4,0.0
85000,42.0,0.0
85250,41.6,0.0
85500,44.800000000000004,0.0
85750,45.2,0.0
86000,43.2,0.0
86250,48.4,0.0
86500,44.0,0.0
86750,43.6,0.0
87000,40.400000000000006,0.0
87250,45.6,0.0
87500,41.199999999999996,0.0
87750,43.2,0.0
88000,43.2,0.0
88250,45.2,0.0
88500,43.2,0.0
88750,44.0,0.0
89000,44.4,0.0
89250,46.800000000000004,0.0
89500,47.599999999999994,0.0
89750,45.6,0.0
90000,44.800000000000004,0.0
90250,46.800000000000004,0.0
90500,46.0,0.0
90750,47.199999999999996,0.0
91000,48.0,0.0
91250,46.400000000000006,0.0
91500,44.0,0.0
91750,44.4,0.0
92000,46.400000000000006,0.0
92250,40.8,0.0
92500,45.2,0.0
92750,45.2,0.0
93000,44.0,0.0
93250,43.6,0.0
93500,44.4,0.0
93750,46.400000000000006,0.0
94000,46.800000000000004,0.0
94250,48.0,0.0
94500,46.400000000000006,0.0
94750,45.2,0.0
95000,45.6,0.0
95250,44.800000000000004,0.0
95500,44.800000000000004,0.0
95750,48.0,0.0
96000,44.0,0.0
96250,44.800000000000004,0.0
96500,44.0,0.0
96750,45.6,0.0
97000,43.6,0.0
97250,44.0,0.0
97500,43.6,0.0
97750,46.0,0.0
98000,44.4,0.0
98250,46.0,0.0
98500,47.599999999999994,0.0
98750,43.2,0.0
99000,45.2,0.0
99250,44.800000000000004,0.0
99500,45.6,0.0
99750,47.199999999999996,0.0
