250,21.2,100.0
500,41.6,20.99125364431487
750,46.800000000000004,51.08695652173913
1000,48.4,63.87434554973822
1250,51.2,70.69219440353461
1500,51.2,75.4077791718946
1750,51.2,78.67564534231201
2000,52.400000000000006,81.19918699186992
2250,52.0,83.71665133394664
2500,52.400000000000006,85.49874266554903
2750,50.8,86.74884437596302
3000,50.4,87.87661406025825
3250,50.0,88.6653252850436
3500,50.8,89.35361216730038
3750,50.4,90.1072705601907
4000,50.8,90.69767441860465
4250,51.2,92.5207756232687
4500,50.0,99.9383096853794
4750,51.2,99.93297587131367
5000,50.4,99.93577392421324
5250,51.2,99.93606138107417
5500,51.6,99.93386243386243
5750,50.8,99.92816091954023
6000,51.2,99.92912827781714
6250,50.0,99.92764109985528
6500,50.8,99.9236641221374
6750,50.0,99.92641648270786
7000,51.2,99.85885673959068
7250,50.8,99.86577181208054
7500,50.4,99.93150684931507
7750,50.4,99.85865724381625
8000,52.0,99.78632478632478
8250,51.2,99.93117687543015
8500,50.8,99.93131868131869
8750,50.0,99.86945169712794
9000,50.4,99.86062717770035
9250,51.2,99.93136582017846
9500,50.0,99.93270524899059
9750,50.0,99.93364299933643
10000,51.2,99.86111111111111
10250,50.8,99.72202918693537
10500,50.4,99.93160054719561
10750,50.4,99.93293091884641
11000,50.8,99.93355481727575
11250,51.2,99.93364299933643
11500,51.2,99.93215739484395
11750,52.400000000000006,99.86282578875172
12000,50.0,99.80379332897319
12250,51.2,99.93686868686868
12500,50.8,99.93753903810119
12750,50.8,99.93485342019544
13000,51.6,99.93403693931398
13250,51.2,99.93211133740665
13500,51.6,99.93328885923948
13750,50.4,99.93021632937894
14000,52.400000000000006,99.93021632937894
14250,51.6,99.92997198879551
14500,52.0,99.92977528089888
14750,50.8,99.92716678805536
15000,50.8,99.85754985754986
15250,51.2,99.85107967237528
15500,51.2,99.78417266187051
15750,51.2,99.92962702322308
16000,51.6,99.86023759608665
16250,50.4,99.78448275862068
16500,51.2,99.85621854780733
16750,50.0,99.93117687543015
17000,50.4,99.93197278911565
17250,51.2,99.9342105263158
17500,50.4,99.93614303959131
17750,50.4,99.812734082397
18000,50.8,99.9344262295082
18250,51.2,99.93650793650794
18500,51.6,99.93650793650794
18750,50.8,99.87389659520807
19000,50.4,99.8705501618123
19250,51.6,99.93564993564993
19500,52.0,99.87569919204475
19750,50.8,99.93800371977682
20000,51.2,99.80879541108987
20250,51.2,99.93610223642172
20500,50.4,99.93618379068283
20750,50.8,99.93328885923948
21000,50.8,99.9353169469599
21250,51.6,99.93589743589743
21500,51.2,99.93364299933643
21750,50.8,99.933598937583
22000,50.8,99.93489583333334
22250,51.6,99.9367088607595
22500,50.8,99.94008388256441
22750,50.4,99.93815708101423
23000,51.2,99.86902423051735
23250,51.2,99.87261146496816
23500,50.8,99.93373094764745
23750,51.6,99.93506493506493
24000,50.8,99.8766954377312
24250,51.6,99.75247524752476
24500,50.8,99.87523393636931
24750,50.4,99.6967859308672
25000,51.6,99.94075829383885
25250,52.0,99.88151658767772
25500,50.0,99.94236311239193
25750,50.4,99.72647702407002
26000,50.8,99.88992845349478
26250,50.8,99.77653631284916
26500,50.0,99.89004947773502
26750,50.8,99.78331527627302
27000,52.0,99.94720168954593
27250,52.800000000000004,99.79623025980642
27500,50.0,99.90118577075098
27750,50.4,99.56855225311601
28000,50.8,99.11873840445269
28250,51.6,99.81916817359856
28500,50.4,99.91031390134529
28750,50.8,99.7815640017475
29000,50.8,99.91341991341992
29250,51.2,99.95706311721769
29500,51.2,99.40953184310418
29750,52.0,99.66442953020133
30000,51.6,99.916142557652
30250,50.8,99.87282746926664
30500,52.0,99.75227085053675
30750,50.8,99.95702621400946
31000,50.0,99.78605049208386
31250,50.4,99.25681255161024
31500,52.400000000000006,98.5323284410948
31750,51.6,99.76507439310885
32000,50.8,99.5847489618724
32250,50.4,99.11732254505333
32500,50.8,98.99280575539568
32750,50.8,98.73639873639874
33000,51.2,99.06509695290858
33250,51.6,99.96568291008923
33500,50.8,99.66032608695652
33750,50.4,99.73045822102425
34000,52.0,99.80086292731497
34250,50.8,99.96663329996663
34500,51.6,99.79892761394102
34750,50.8,99.89939637826963
35000,50.8,99.63382157123834
35250,51.2,99.56695536309127
35500,50.8,99.63612305656633
35750,50.8,99.83119513841999
36000,52.400000000000006,99.63455149501661
36250,52.0,99.67007588254701
36500,50.4,99.73761889143982
36750,50.8,98.69426751592356
37000,51.6,98.52664576802508
37250,51.6,98.18573185731857
37500,51.6,98.1160741415983
37750,50.4,97.33612690811134
38000,52.0,97.23625557206537
38250,51.6,96.51871192341166
38500,50.8,95.9119496855346
38750,50.8,96.05411499436303
39000,50.8,95.2551724137931
39250,50.0,96.30555555555556
39500,51.2,96.21606800109679
39750,51.2,95.57235421166307
40000,50.0,95.43645529318121
40250,51.2,95.6726986624705
40500,52.0,97.39984080658
40750,50.4,98.61738899228929
41000,50.4,99.97253501785224
41250,51.2,98.89903329752954
41500,51.2,99.6505376344086
41750,51.2,99.89227040129276
42000,51.6,99.75416552854412
42250,51.6,98.4471218206158
42500,50.4,97.24842767295597
42750,50.0,97.30848861283644
43000,51.6,96.81690858161447
43250,52.0,96.0582475520964
43500,50.4,96.00897979546022
43750,51.6,96.25031040476782
44000,51.6,95.63511525257479
44250,50.4,97.0978848991638
44500,50.4,97.5556098753361
44750,51.2,96.63461538461539
45000,50.8,96.00755965036618
45250,51.2,98.3108108108108
45500,50.0,98.08153477218225
45750,50.8,97.8909952606635
46000,50.0,96.42857142857143
46250,50.8,97.00584795321637
46500,51.6,96.98668535388929
46750,50.4,96.45587213342598
47000,50.4,95.95959595959596
47250,51.6,95.34619750283768
47500,50.4,95.58757316524088
47750,50.4,95.4494507957857
48000,52.0,95.12791991101224
48250,51.2,94.56953642384106
48500,51.2,96.22093023255815
48750,51.2,97.09916797841241
49000,52.0,96.43652561247215
49250,51.2,98.01174875734297
49500,50.8,96.90492095301715
49750,52.400000000000006,97.66303138215001
50000,52.0,97.24183583406885
50250,50.8,96.13463626492943
50500,50.8,96.57118055555556
50750,50.4,96.41623488773747
51000,50.8,95.88953114964676
51250,50.8,96.8284789644013
51500,50.8,95.85635359116023
51750,50.4,96.52600170502984
52000,51.2,95.83333333333334
52250,51.2,95.6896551724138
52500,50.8,95.62578484721641
52750,50.4,95.27181837117267
53000,50.4,96.44957983193278
53250,51.6,96.05015673981191
53500,51.6,95.53664106290222
53750,51.2,96.3765097875885
54000,51.6,96.62991470771792
54250,50.4,98.0276961812841
54500,50.8,96.88473520249221
54750,50.4,95.86404586404586
55000,50.8,95.75856443719412
55250,50.4,94.79187613110798
55500,50.4,97.06305196138838
55750,50.4,97.95707800247627
56000,51.2,97.88196586469257
56250,50.4,98.33333333333333
56500,50.0,97.4244575136889
56750,50.4,97.22222222222221
57000,50.8,97.45469354510283
57250,50.4,96.15771474552403
57500,51.6,95.73744246547929
57750,51.6,96.79500100786132
58000,50.4,96.67807529695993
58250,52.400000000000006,96.55658477648007
58500,50.8,97.21714401787528
58750,51.2,95.98554797270172
59000,51.2,95.86082783443311
59250,50.4,95.32152100338443
59500,50.8,94.93370275084109
59750,51.2,95.55422647527911
60000,51.2,94.52108789909342
60250,50.8,95.59322033898306
60500,51.6,94.79166666666666
60750,51.6,97.31516730114205
61000,50.4,97.78761061946902
61250,50.4,96.86876745113682
61500,51.6,95.96837944664031
61750,50.4,95.0048971596474
62000,50.4,94.92880826994343
62250,51.2,93.86337321497491
62500,50.8,94.00154798761609
62750,50.4,92.87907869481766
63000,50.4,95.078125
63250,50.8,96.20403321470937
63500,51.2,94.87279843444227
63750,51.2,93.97683397683397
64000,52.400000000000006,94.09047160731473
64250,51.2,93.29012581014105
64500,50.8,94.87179487179486
64750,50.8,95.46077088632362
65000,52.400000000000006,96.71156893819335
65250,51.6,96.80428741564113
65500,52.0,95.72381326010199
65750,50.4,94.68270910149428
66000,50.8,96.4313880126183
66250,51.2,97.48465042582689
66500,51.2,98.44528602750647
66750,51.6,98.38805970149254
67000,51.2,98.12734082397003
67250,50.8,99.08421262193909
67500,52.0,98.53697113483591
67750,51.6,97.88662848113766
68000,50.8,97.83037475345168
68250,50.4,97.41176470588235
68500,52.0,98.55645639707336
68750,52.0,98.78823996821613
69000,52.400000000000006,99.00695134061569
69250,51.6,99.43616592831252
69500,50.0,98.5
69750,51.6,97.44908048249951
70000,51.2,98.73823352693772
70250,50.4,97.83558379666401
70500,50.0,97.53305703572134
70750,50.8,97.09803921568627
71000,50.8,96.41744548286604
71250,51.6,95.24451289949943
71500,52.0,94.15683288922726
71750,50.4,94.24103737604882
72000,51.6,95.28574177410044
72250,51.2,96.68745128604832
72500,52.400000000000006,97.55189972581277
72750,51.2,96.30203291384318
73000,50.4,97.94912246105305
73250,52.0,97.02102803738318
73500,51.6,95.85901386748844
73750,51.6,95.78197226502311
74000,52.0,95.19709146574819
74250,52.400000000000006,94.34427785158475
74500,51.6,96.56177156177156
74750,50.4,95.51122194513717
75000,50.4,94.46445497630332
75250,50.4,93.88407978923598
75500,52.0,94.234404536862
75750,50.0,97.78561630413482
76000,50.8,98.9459029435163
76250,51.2,97.93915603532875
76500,51.6,96.86046511627907
76750,50.0,95.80781010719755
77000,51.6,94.94222390604281
77250,51.6,96.51252408477842
77500,50.0,98.61605377619613
77750,51.6,99.1640127388535
78000,50.8,99.3829617834395
78250,51.2,98.46365964152058
78500,51.6,97.9635794008224
78750,50.4,96.8677494199536
79000,50.8,97.44186046511628
79250,50.8,96.81198386787018
79500,50.8,98.47745461643568
79750,50.8,97.31763797761482
80000,50.4,96.02977667493796
80250,50.8,95.95728451563691
80500,50.8,96.54510556621881
80750,50.8,95.88910133843213
81000,50.8,94.87906273620558
81250,50.8,94.14405986903648
81500,50.4,96.00684540787222
81750,50.8,98.75
82000,50.4,97.5685063681976
82250,50.8,99.42631058358062
82500,50.8,98.3558426306518
82750,50.4,97.37502412661648
83000,50.0,96.4401913875598
83250,50.8,97.32538002693862
83500,51.2,97.73694390715667
83750,51.2,97.71848414539829
84000,50.4,97.26420508896116
84250,50.4,97.08126669210225
84500,52.0,95.9410987351331
84750,51.6,94.69158878504673
85000,52.0,94.61222967934377
85250,51.2,96.88931297709924
85500,50.8,97.48801534036433
85750,50.8,96.36363636363636
86000,51.2,98.11102544333077
86250,50.8,96.9119329012581
86500,51.2,95.83725748728574
86750,52.0,95.29874508334895
87000,50.0,94.12745461281956
87250,50.4,93.33210874357091
87500,50.0,97.0240366272415
87750,51.6,95.8278270719275
88000,50.8,97.27290186287689
88250,50.4,99.00468384074942
88500,51.2,98.73639191290823
88750,50.8,97.65789978882702
89000,50.4,98.62589510354171
89250,50.4,99.3919183993723
89500,50.4,98.17829457364341
89750,50.0,97.151051625239
90000,51.2,97.54742287794596
90250,50.0,97.2560975609756
90500,51.2,96.87085150768063
90750,50.8,99.37094554747395
91000,50.8,98.29258828094683
91250,52.0,97.20145677592487
91500,50.0,96.1100569259962
91750,50.8,97.83867232728676
92000,50.8,96.56357388316151
92250,50.8,96.68128933816517
92500,51.6,96.61081492764662
92750,50.8,97.6163014225298
93000,52.0,99.48768472906404
93250,51.2,98.22681215900234
93500,50.4,97.35623311462756
93750,51.6,97.1373679154659
94000,50.4,98.78835255032246
94250,51.2,97.72156787024522
94500,51.6,98.4204368174727
94750,51.2,97.71892518847864
95000,50.8,96.44087256027555
95250,50.4,95.48118737001323
95500,50.4,94.23436915013103
95750,50.8,93.41372912801485
96000,50.4,93.27669006280016
96250,52.400000000000006,94.30119581464874
96500,51.6,95.03105590062113
96750,50.4,94.13303437967116
97000,51.2,98.67083659108678
97250,52.400000000000006,99.06195036153996
97500,51.2,97.95445773832498
97750,50.4,96.71630393279878
98000,50.0,99.52783789100926
98250,51.2,99.22924901185772
98500,52.0,98.62394338509928
98750,51.2,98.81117495541906
99000,50.8,99.48463825569871
99250,50.4,99.58341598889109
99500,52.0,98.47238542890717
99750,51.6,98.31768388106417
