250,16.400000000000002,57.97872340425532
500,28.000000000000004,80.64516129032258
750,41.6,87.25961538461539
1000,44.4,99.74937343358395
1250,44.0,99.48320413436691
1500,47.599999999999994,99.76905311778292
1750,45.2,99.75369458128078
2000,46.400000000000006,99.74811083123426
2250,45.6,99.68652037617555
2500,43.6,99.7289972899729
2750,43.2,99.14285714285714
3000,44.800000000000004,99.72826086956522
3250,46.800000000000004,99.71671388101983
3500,44.0,99.67741935483872
3750,43.2,99.66666666666667
4000,47.599999999999994,99.71428571428571
4250,46.800000000000004,99.68051118210862
4500,44.0,99.70674486803519
4750,45.2,99.70501474926253
5000,46.800000000000004,99.70930232558139
5250,46.400000000000006,99.672131147541
5500,46.0,99.69969969969969
5750,47.599999999999994,99.71181556195965
6000,47.199999999999996,99.72222222222223
6250,47.199999999999996,99.72972972972973
6500,48.0,99.73333333333333
6750,42.8,99.64912280701755
7000,45.6,99.72451790633609
7250,46.800000000000004,99.68944099378882
7500,45.6,99.64788732394366
7750,44.800000000000004,99.68553459119497
8000,46.400000000000006,99.7134670487106
8250,48.8,99.77064220183486
8500,48.4,99.75786924939467
8750,46.800000000000004,99.70326409495549
9000,47.599999999999994,99.75186104218362
9250,47.599999999999994,99.77777777777777
9500,48.4,99.74160206718346
9750,44.4,99.68847352024922
10000,45.6,99.69418960244649
10250,48.0,99.74025974025975
10500,46.0,99.70845481049562
10750,48.0,99.74093264248705
11000,47.599999999999994,99.74489795918367
11250,46.800000000000004,99.68354430379746
11500,44.0,99.65156794425087
11750,42.0,99.35275080906149
12000,46.800000000000004,99.72222222222223
12250,49.2,99.75786924939467
12500,47.199999999999996,99.73684210526315
12750,46.400000000000006,99.6951219512195
13000,45.2,99.67845659163987
13250,47.599999999999994,99.72222222222223
13500,46.400000000000006,99.75903614457832
13750,47.599999999999994,99.72144846796658
14000,45.6,99.71830985915493
14250,44.0,99.69879518072288
14500,46.0,99.68051118210862
14750,47.199999999999996,99.67105263157895
15000,45.2,99.68553459119497
15250,44.4,99.67320261437908
15500,45.6,99.69040247678018
15750,46.800000000000004,99.72752043596729
16000,47.599999999999994,99.73118279569893
16250,47.199999999999996,99.69135802469135
16500,46.800000000000004,99.70326409495549
16750,46.800000000000004,99.72375690607734
17000,46.400000000000006,99.72527472527473
17250,47.199999999999996,99.47643979057592
17500,45.6,99.45205479452055
17750,46.800000000000004,99.74489795918367
18000,46.800000000000004,99.66666666666667
18250,47.199999999999996,99.38837920489296
18500,45.6,99.69040247678018
18750,46.0,99.68847352024922
19000,45.6,99.70588235294117
19250,48.0,99.71264367816092
19500,43.2,99.68152866242038
19750,43.2,99.68553459119497
20000,47.599999999999994,99.68944099378882
20250,47.599999999999994,99.66555183946488
20500,45.6,99.6951219512195
20750,45.2,99.71264367816092
21000,47.199999999999996,99.73958333333334
21250,47.599999999999994,99.71830985915493
21500,47.599999999999994,99.73118279569893
21750,47.599999999999994,99.69418960244649
22000,44.800000000000004,99.65156794425087
22250,44.4,99.33993399339934
22500,44.0,99.70238095238095
22750,46.800000000000004,99.7229916897507
23000,47.199999999999996,99.66887417218543
23250,45.6,99.43181818181817
23500,44.4,99.71014492753623
23750,46.400000000000006,99.66887417218543
24000,46.400000000000006,99.71671388101983
24250,46.400000000000006,99.72222222222223
24500,46.0,99.68354430379746
24750,45.2,99.69788519637463
25000,46.400000000000006,99.66666666666667
25250,44.800000000000004,99.67741935483872
25500,47.199999999999996,99.74226804123711
25750,46.800000000000004,99.74025974025975
26000,47.599999999999994,99.76190476190476
26250,45.6,99.70930232558139
26500,47.599999999999994,99.74619289340102
26750,46.0,99.72067039106145
27000,46.0,99.70930232558139
27250,45.2,99.70845481049562
27500,48.0,99.73333333333333
27750,46.400000000000006,99.67948717948718
28000,44.800000000000004,99.67741935483872
28250,43.6,99.68152866242038
28500,45.2,99.70760233918129
28750,46.400000000000006,99.72375690607734
29000,48.0,99.72375690607734
29250,45.6,99.72527472527473
29500,47.199999999999996,99.71509971509973
29750,47.599999999999994,99.70326409495549
30000,44.0,99.68847352024922
30250,48.0,99.4186046511628
30500,49.2,99.74683544303798
30750,48.4,99.76580796252928
31000,47.599999999999994,99.72972972972973
31250,46.400000000000006,99.69879518072288
31500,48.4,99.71751412429379
31750,45.2,99.69135802469135
32000,46.400000000000006,99.70674486803519
32250,46.400000000000006,99.71751412429379
32500,42.0,99.6415770609319
32750,45.2,99.70674486803519
33000,46.0,99.70760233918129
33250,42.8,99.36507936507937
33500,44.4,99.68553459119497
33750,46.400000000000006,99.70501474926253
34000,47.199999999999996,99.70588235294117
34250,47.199999999999996,99.7289972899729
34500,45.2,99.70501474926253
34750,47.199999999999996,99.72527472527473
35000,45.2,99.70674486803519
35250,46.400000000000006,99.67532467532467
35500,46.800000000000004,99.73262032085562
35750,46.400000000000006,99.69325153374233
36000,46.800000000000004,99.70588235294117
36250,45.6,99.6923076923077
36500,46.400000000000006,99.6875
36750,48.4,99.7229916897507
37000,45.6,99.7229916897507
37250,44.800000000000004,99.70674486803519
37500,44.800000000000004,99.70501474926253
37750,46.800000000000004,99.72067039106145
38000,47.199999999999996,99.7134670487106
38250,46.800000000000004,99.73190348525469
38500,44.800000000000004,99.66216216216216
38750,45.2,99.67948717948718
39000,45.6,99.65397923875432
39250,45.6,99.68652037617555
39500,44.800000000000004,99.70501474926253
39750,47.599999999999994,99.71671388101983
40000,47.599999999999994,99.75062344139651
40250,48.0,99.73474801061008
40500,45.6,99.69788519637463
40750,46.0,99.7005988023952
41000,47.199999999999996,99.68253968253968
41250,47.199999999999996,99.7005988023952
41500,49.2,99.73890339425587
41750,46.0,99.45205479452055
42000,48.0,99.72222222222223
42250,47.199999999999996,99.6742671009772
42500,44.800000000000004,99.70326409495549
42750,45.6,99.69969969969969
43000,44.4,99.64664310954063
43250,46.800000000000004,99.66101694915255
43500,46.400000000000006,99.68847352024922
43750,48.4,99.70930232558139
44000,43.6,99.64912280701755
44250,46.0,99.71428571428571
44500,46.400000000000006,99.70326409495549
44750,46.800000000000004,99.7289972899729
45000,47.599999999999994,99.72375690607734
45250,45.6,99.69135802469135
45500,46.0,99.67845659163987
45750,46.800000000000004,99.63369963369964
46000,44.800000000000004,99.65156794425087
46250,44.4,99.68051118210862
46500,44.800000000000004,99.65277777777779
46750,45.6,99.68354430379746
47000,47.199999999999996,99.70149253731343
47250,46.0,99.39577039274926
47500,44.800000000000004,99.70760233918129
47750,46.0,99.69325153374233
48000,46.400000000000006,99.67845659163987
48250,45.6,99.67105263157895
48500,47.599999999999994,99.69696969696969
48750,44.0,99.63235294117648
49000,42.8,99.65870307167235
49250,45.2,99.03846153846155
49500,46.0,99.70845481049562
49750,46.0,99.71830985915493
50000,47.599999999999994,99.70149253731343
50250,45.2,99.70414201183432
50500,46.800000000000004,99.7289972899729
50750,49.2,99.77426636568849
51000,44.800000000000004,99.644128113879
51250,45.2,99.69969969969969
51500,47.199999999999996,99.7289972899729
51750,47.199999999999996,99.69040247678018
52000,45.2,99.0909090909091
52250,47.199999999999996,99.71428571428571
52500,46.800000000000004,99.48717948717949
52750,46.400000000000006,99.70930232558139
53000,46.0,99.7005988023952
53250,43.2,99.68652037617555
53500,46.0,99.6875
53750,44.0,99.67105263157895
54000,46.0,99.67845659163987
54250,48.4,99.76076555023924
54500,47.199999999999996,99.72972972972973
54750,46.0,99.71014492753623
55000,46.400000000000006,99.6951219512195
55250,46.0,99.70930232558139
55500,48.4,99.75308641975309
55750,48.8,99.50124688279301
56000,47.199999999999996,99.40828402366864
56250,48.4,99.46236559139786
56500,48.4,99.78021978021978
56750,48.4,99.79123173277662
57000,47.599999999999994,99.73821989528795
57250,47.599999999999994,99.74226804123711
57500,48.0,99.76076555023924
57750,48.0,99.75550122249389
58000,48.0,99.71751412429379
58250,48.8,99.75490196078431
58500,47.599999999999994,99.75728155339806
58750,48.0,99.5
59000,47.599999999999994,99.73474801061008
59250,47.199999999999996,99.43977591036415
59500,47.599999999999994,99.73118279569893
59750,48.0,99.5085995085995
60000,49.2,99.53051643192488
60250,48.0,99.75728155339806
60500,49.2,99.75308641975309
60750,48.0,99.28057553956835
61000,46.0,99.72826086956522
61250,47.599999999999994,99.3975903614458
61500,48.0,99.48320413436691
61750,46.800000000000004,99.71751412429379
62000,47.599999999999994,99.74025974025975
62250,49.2,99.7624703087886
62500,48.8,99.76905311778292
62750,47.599999999999994,99.7624703087886
63000,47.599999999999994,99.44903581267218
63250,49.2,99.52267303102626
63500,49.2,99.7560975609756
63750,48.0,98.6013986013986
64000,47.599999999999994,99.74358974358975
64250,48.8,99.75961538461539
64500,48.8,99.73614775725594
64750,48.0,98.8009592326139
65000,48.0,99.56521739130434
65250,50.0,98.61830742659758
65500,48.4,98.73150105708245
65750,48.0,99.77728285077951
66000,49.6,99.78260869565217
66250,48.8,99.53161592505855
66500,49.2,99.78540772532189
66750,49.6,99.33184855233853
67000,49.6,99.76019184652279
67250,49.2,99.53488372093024
67500,49.2,99.56043956043956
67750,49.2,99.73684210526315
68000,49.2,99.5575221238938
68250,48.4,99.75
68500,49.6,99.55555555555556
68750,48.4,99.7624703087886
69000,49.2,99.71910112359551
69250,49.6,99.12280701754386
69500,48.8,99.7907949790795
69750,48.0,99.4535519125683
70000,48.0,99.72602739726028
70250,48.0,98.76543209876543
70500,48.0,99.74025974025975
70750,48.8,99.51456310679612
71000,49.6,99.59266802443992
71250,48.8,99.75
71500,48.8,99.50980392156863
71750,49.6,99.77220956719817
72000,49.6,99.10394265232975
72250,49.2,99.55456570155901
72500,47.199999999999996,99.73333333333333
72750,47.599999999999994,99.7134670487106
73000,48.8,99.51573849878935
73250,50.0,98.92008639308855
73500,49.2,99.7920997920998
73750,48.4,99.3212669683258
74000,49.6,99.42857142857143
74250,48.8,99.75903614457832
74500,49.2,98.9517819706499
74750,49.6,99.43609022556392
75000,48.4,99.49238578680203
75250,49.2,99.73118279569893
75500,48.4,99.30232558139535
75750,48.8,99.71509971509973
76000,48.8,99.51690821256038
76250,49.2,99.77064220183486
76500,48.8,99.78308026030369
76750,49.2,99.57983193277312
77000,49.2,99.24242424242425
77250,49.2,99.81447124304268
77500,49.6,99.78118161925602
77750,50.0,99.48849104859335
78000,49.2,99.60159362549801
78250,48.8,99.7920997920998
78500,49.6,99.4991652754591
78750,50.0,99.79338842975206
79000,48.8,99.44954128440368
79250,48.4,99.54337899543378
79500,49.6,98.44961240310077
79750,49.2,99.75247524752476
80000,49.6,99.79550102249489
80250,49.6,99.60861056751467
80500,49.2,99.78902953586498
80750,49.2,99.82014388489209
81000,48.0,99.49622166246851
81250,46.800000000000004,99.22077922077922
81500,48.8,99.55555555555556
81750,48.8,99.57446808510639
82000,49.6,99.59349593495935
82250,48.4,99.74358974358975
82500,49.6,99.5475113122172
82750,47.599999999999994,99.75186104218362
83000,48.4,99.74683544303798
83250,48.8,99.75903614457832
83500,48.8,99.47229551451187
83750,48.8,99.78070175438597
84000,48.8,99.74747474747475
84250,49.6,99.53161592505855
84500,50.0,99.04942965779468
84750,48.8,99.54128440366972
85000,49.2,99.53379953379954
85250,48.4,99.56236323851203
85500,50.0,98.9090909090909
85750,49.2,99.54545454545455
86000,47.199999999999996,99.75786924939467
86250,49.6,99.77011494252874
86500,49.2,99.78401727861771
86750,49.6,99.81818181818181
87000,48.8,99.78070175438597
87250,47.599999999999994,99.74160206718346
87500,47.199999999999996,99.75369458128078
87750,48.4,99.47780678851174
88000,49.2,99.52038369304557
88250,49.2,99.58071278825996
88500,48.4,98.49906191369607
88750,49.2,99.44852941176471
89000,48.4,99.79166666666667
89250,48.8,99.79423868312757
89500,49.2,99.57081545064378
89750,48.4,99.52718676122932
90000,49.2,99.46091644204851
90250,49.2,99.77324263038548
90500,49.2,99.59432048681542
90750,49.6,99.61832061068702
91000,50.0,99.46332737030411
91250,49.2,99.41176470588235
91500,49.2,99.56427015250546
91750,49.2,99.78902953586498
92000,49.2,98.70848708487084
92250,48.0,99.52941176470588
92500,49.6,99.33920704845815
92750,49.2,99.35897435897436
93000,49.2,99.79879275653923
93250,49.2,99.76851851851852
93500,49.6,99.42196531791907
93750,47.599999999999994,99.76076555023924
94000,49.6,99.78165938864629
94250,49.6,99.24528301886792
94500,50.0,99.76744186046511
94750,48.8,99.58592132505176
95000,49.2,99.75308641975309
95250,48.8,99.77578475336323
95500,48.0,99.50738916256158
95750,49.6,99.43074003795066
96000,48.4,99.32735426008968
96250,49.6,99.76019184652279
96500,48.4,99.5475113122172
96750,49.6,99.62616822429906
97000,48.4,99.74874371859298
97250,49.2,99.51807228915662
97500,49.6,99.55456570155901
97750,49.2,99.78213507625271
98000,47.599999999999994,99.74424552429667
98250,48.4,99.48586118251927
98500,50.0,98.59719438877755
98750,49.2,99.40828402366864
99000,49.6,99.80988593155894
99250,48.4,99.60707269155206
99500,49.2,99.53271028037383
99750,48.8,99.59100204498978
