100,0.0037306974865867963,0.0
200,0.007576777369665968,0.0
300,0.011345935655083557,0.0
400,0.015115093940501144,0.0
500,0.018884252225918732,0.0
600,0.02265341051133632,0.0
700,0.02642256879675391,0.0
800,0.030191727082171497,0.0
900,0.03396088536758909,0.0
1000,0.037730043653006674,0.0
1100,0.03463394934712794,0.004846060652679756
1200,0.030787869464048767,0.005326820638064653
1300,0.026941789580969596,0.005807580623449549
1400,0.023095709697890425,0.0062883406088344454
1500,0.019249629814811254,0.006769100594219342
1600,0.015403549931732083,0.007249860579604238
1700,0.01155747004865291,0.007730620564989135
1800,0.007711390165573739,0.008211380550374032
1900,0.0038653102824945675,0.008692140535758928
2000,1.923039941539586e-05,0.009153670121728429
2100,0.0,0.0
