100,97.36928135997385,2.6307186400261533
200,92.84629141747274,7.153708582527258
300,88.01369204438376,11.986307955616237
400,83.24839906924866,16.75160093075133
500,83.14070883252245,16.85929116747755
600,77.4542797253899,22.545720274610105
700,78.43887617545816,21.561123824541838
800,85.26182188804061,14.738178111959385
900,84.61568046768332,15.384319532316686
1000,60.02769177515817,39.97230822484183
1100,67.10255572008231,32.89744427991769
1200,57.46427953308591,42.53572046691409
1300,56.48160612295917,43.51839387704083
1400,50.764408376761985,49.235591623238015
1500,39.451164400684604,60.548835599315396
1600,35.38585796426992,64.61414203573008
1700,30.582104190304033,69.41789580969596
1800,22.776485067594855,77.22351493240515
1900,13.295898155804696,86.7041018441953
2000,3.8960789215592007,96.1039210784408
2100,3.848002923020711,96.15199707697928
