250,0.0
500,0.0
750,0.0
1000,0.0
1250,0.0
1500,0.0
1750,0.0
2000,0.0
2250,5.2
2500,0.0
2750,54.0
3000,100.0
3250,100.0
3500,60.4
3750,0.0
4000,0.0
4250,5.2
4500,0.0
4750,54.400000000000006
5000,100.0
5250,100.0
5500,60.4
5750,0.0
6000,0.0
6250,5.2
6500,0.0
6750,54.400000000000006
7000,100.0
7250,100.0
7500,60.4
7750,0.0
8000,0.0
8250,5.2
8500,0.0
8750,54.400000000000006
9000,100.0
9250,100.0
9500,60.4
9750,0.0
10000,0.0
10250,5.2
10500,0.0
10750,54.400000000000006
11000,100.0
11250,100.0
11500,60.4
11750,0.0
12000,0.0
12250,5.2
12500,0.0
12750,54.400000000000006
13000,100.0
13250,100.0
13500,60.4
13750,0.0
14000,0.0
14250,5.2
14500,0.0
14750,54.400000000000006
15000,100.0
15250,100.0
15500,60.4
15750,0.0
16000,0.0
16250,5.2
16500,0.0
16750,54.400000000000006
17000,100.0
17250,100.0
17500,60.4
17750,0.0
18000,0.0
18250,5.2
18500,0.0
18750,54.400000000000006
19000,100.0
19250,100.0
19500,60.4
19750,0.0
20000,0.0
20250,5.2
20500,0.0
20750,54.400000000000006
21000,100.0
21250,100.0
21500,60.4
21750,0.0
22000,0.0
22250,5.2
22500,0.0
22750,54.400000000000006
23000,100.0
23250,100.0
23500,60.4
23750,0.0
24000,0.0
24250,5.2
24500,0.0
24750,54.400000000000006
25000,100.0
25250,100.0
25500,60.4
25750,0.0
26000,0.0
26250,5.2
26500,0.0
26750,54.400000000000006
27000,100.0
27250,100.0
27500,60.4
27750,0.0
28000,0.0
28250,5.2
28500,0.0
28750,54.400000000000006
29000,100.0
29250,100.0
29500,60.4
29750,0.0
30000,0.0
30250,5.2
30500,0.0
30750,54.400000000000006
31000,100.0
31250,100.0
31500,60.4
31750,0.0
32000,0.0
32250,5.2
32500,0.0
32750,54.400000000000006
33000,100.0
33250,100.0
33500,60.4
33750,0.0
34000,0.0
34250,5.2
34500,0.0
34750,54.400000000000006
35000,100.0
35250,100.0
35500,60.4
35750,0.0
36000,0.0
36250,5.2
36500,0.0
36750,54.400000000000006
37000,100.0
37250,100.0
37500,60.4
37750,0.0
38000,0.0
38250,5.2
38500,0.0
38750,54.400000000000006
39000,100.0
39250,100.0
39500,60.4
39750,0.0
40000,0.0
40250,5.2
40500,0.0
40750,54.400000000000006
41000,100.0
41250,100.0
41500,60.4
41750,0.0
42000,0.0
42250,5.2
42500,0.0
42750,54.400000000000006
43000,100.0
43250,100.0
43500,60.4
43750,0.0
44000,0.0
44250,5.2
44500,0.0
44750,54.400000000000006
45000,100.0
45250,100.0
45500,60.4
45750,0.0
46000,0.0
46250,5.2
46500,0.0
46750,54.400000000000006
47000,100.0
47250,100.0
47500,60.4
47750,0.0
48000,0.0
48250,5.2
48500,0.0
48750,54.400000000000006
49000,100.0
49250,100.0
49500,60.4
49750,0.0
50000,0.0
50250,5.2
50500,0.0
50750,54.400000000000006
51000,100.0
51250,100.0
51500,60.4
51750,0.0
52000,0.0
52250,14.399999999999999
52500,44.800000000000004
52750,57.199999999999996
53000,47.199999999999996
53250,96.0
53500,100.0
53750,100.0
54000,100.0
54250,100.0
54500,100.0
54750,85.6
55000,52.800000000000004
55250,85.2
55500,95.6
55750,97.6
56000,96.8
56250,91.60000000000001
56500,90.8
56750,92.80000000000001
57000,91.2
57250,83.6
57500,84.0
57750,45.6
58000,65.2
58250,92.80000000000001
58500,90.8
58750,84.39999999999999
59000,93.2
59250,94.39999999999999
59500,91.60000000000001
59750,92.0
60000,95.6
60250,90.8
60500,84.8
60750,50.4
61000,94.8
61250,72.0
61500,80.0
61750,100.0
62000,94.8
62250,92.0
62500,92.0
62750,77.2
63000,59.599999999999994
63250,85.2
63500,89.60000000000001
63750,91.60000000000001
64000,88.0
64250,83.6
64500,88.4
64750,86.8
65000,84.0
65250,61.6
65500,72.8
65750,53.6
66000,88.8
66250,87.2
66500,92.0
66750,92.80000000000001
67000,96.0
67250,86.8
67500,89.2
67750,90.4
