250,0.0
500,0.0
750,0.0
1000,0.0
1250,0.0
1500,0.0
1750,0.0
2000,0.0
2250,6.0
2500,33.2
2750,100.0
3000,100.0
3250,100.0
3500,100.0
3750,40.400000000000006
4000,0.0
4250,6.0
4500,33.6
4750,100.0
5000,100.0
5250,100.0
5500,100.0
5750,40.400000000000006
6000,0.0
6250,6.0
6500,33.6
6750,100.0
7000,100.0
7250,100.0
7500,100.0
7750,40.400000000000006
8000,0.0
8250,6.0
8500,33.6
8750,100.0
9000,100.0
9250,100.0
9500,100.0
9750,40.400000000000006
10000,0.0
10250,6.0
10500,33.6
10750,100.0
11000,100.0
11250,100.0
11500,100.0
11750,40.400000000000006
12000,0.0
12250,6.0
12500,33.6
12750,100.0
13000,100.0
13250,100.0
13500,100.0
13750,40.400000000000006
14000,0.0
14250,6.0
14500,33.6
14750,100.0
15000,100.0
15250,100.0
15500,100.0
15750,40.400000000000006
16000,0.0
16250,6.0
16500,33.6
16750,100.0
17000,100.0
17250,100.0
17500,100.0
17750,40.400000000000006
18000,0.0
18250,6.0
18500,33.6
18750,100.0
19000,100.0
19250,100.0
19500,100.0
19750,40.400000000000006
20000,0.0
20250,6.0
20500,33.6
20750,100.0
21000,100.0
21250,100.0
21500,100.0
21750,40.400000000000006
22000,0.0
22250,6.0
22500,33.6
22750,100.0
23000,100.0
23250,100.0
23500,100.0
23750,40.400000000000006
24000,0.0
24250,6.0
24500,33.6
24750,100.0
25000,100.0
25250,100.0
25500,100.0
25750,40.400000000000006
26000,0.0
26250,6.0
26500,33.6
26750,100.0
27000,100.0
27250,100.0
27500,100.0
27750,40.400000000000006
28000,0.0
28250,6.0
28500,33.6
28750,100.0
29000,100.0
29250,100.0
29500,100.0
29750,40.400000000000006
30000,0.0
30250,6.0
30500,33.6
30750,100.0
31000,100.0
31250,100.0
31500,100.0
31750,40.400000000000006
32000,0.0
32250,6.0
32500,33.6
32750,100.0
33000,100.0
33250,100.0
33500,100.0
33750,40.400000000000006
34000,0.0
34250,6.0
34500,33.6
34750,100.0
35000,100.0
35250,100.0
35500,100.0
35750,40.400000000000006
36000,0.0
36250,6.0
36500,33.6
36750,100.0
37000,100.0
37250,100.0
37500,100.0
37750,40.400000000000006
38000,0.0
38250,6.0
38500,33.6
38750,100.0
39000,100.0
39250,100.0
39500,100.0
39750,40.400000000000006
40000,0.0
40250,6.0
40500,33.6
40750,100.0
41000,100.0
41250,100.0
41500,100.0
41750,40.400000000000006
42000,0.0
42250,6.0
42500,33.6
42750,100.0
43000,100.0
43250,100.0
43500,100.0
43750,40.400000000000006
44000,0.0
44250,6.0
44500,33.6
44750,100.0
45000,100.0
45250,100.0
45500,100.0
45750,40.400000000000006
46000,0.0
46250,6.0
46500,33.6
46750,100.0
47000,100.0
47250,100.0
47500,100.0
47750,40.400000000000006
48000,0.0
48250,6.0
48500,33.6
48750,100.0
49000,100.0
49250,100.0
49500,100.0
49750,40.400000000000006
50000,0.0
50250,6.0
50500,33.6
50750,100.0
51000,100.0
51250,100.0
51500,100.0
51750,40.400000000000006
52000,0.0
52250,15.2
52500,44.800000000000004
52750,79.60000000000001
53000,100.0
53250,100.0
53500,100.0
53750,100.0
54000,100.0
54250,100.0
54500,100.0
54750,100.0
55000,100.0
55250,100.0
55500,100.0
55750,97.6
56000,97.2
56250,91.60000000000001
56500,93.2
56750,92.80000000000001
57000,91.60000000000001
57250,83.6
57500,88.0
57750,92.0
58000,89.2
58250,92.80000000000001
58500,91.2
58750,84.39999999999999
59000,93.2
59250,94.39999999999999
59500,93.2
59750,92.0
60000,95.6
60250,92.4
60500,89.2
60750,88.4
61000,95.6
61250,74.4
61500,88.0
61750,100.0
62000,94.8
62250,92.80000000000001
62500,92.80000000000001
62750,92.4
63000,87.6
63250,89.2
63500,93.2
63750,92.4
64000,90.4
64250,85.6
64500,93.2
64750,90.8
65000,88.8
65250,88.8
65500,76.8
65750,67.2
66000,94.8
66250,92.80000000000001
66500,93.60000000000001
66750,93.2
67000,96.0
67250,87.6
67500,89.2
67750,90.4
