100,89.61965251477328,10.380347485226721,9.149034038638455
200,88.74872898215416,11.251271017845827,16.911990187059185
400,87.46960609499108,12.530393905008916,32.609628948175406
600,86.19932507110332,13.800674928896683,48.31953388531126
800,84.93051769109476,15.06948230890523,64.06623735050599
1000,83.66760488660312,16.332395113396895,79.8129408157007
1200,67.51646797035028,32.483532029649716,65.03373198405397
1400,51.03081389351449,48.96918610648551,49.12296841459675
1600,34.724944369943564,65.27505563005644,32.79055504446489
1800,19.272314652441093,80.7276853475589,16.775528978840846
2000,3.9154717870879328,96.08452821291206,0.8295001533272003
