250,0.0
500,0.0
750,0.0
1000,0.0
1250,0.0
1500,0.0
1750,0.0
2000,0.0
2250,79.60000000000001
2500,0.0
2750,0.0
3000,0.0
3250,0.0
3500,0.0
3750,0.0
4000,0.0
4250,79.60000000000001
4500,0.0
4750,0.0
5000,0.0
5250,0.0
5500,0.0
5750,0.0
6000,0.0
6250,79.60000000000001
6500,0.0
6750,0.0
7000,0.0
7250,0.0
7500,0.0
7750,0.0
8000,0.0
8250,79.60000000000001
8500,0.0
8750,0.0
9000,0.0
9250,0.0
9500,0.0
9750,0.0
10000,0.0
10250,79.60000000000001
10500,0.0
10750,0.0
11000,0.0
11250,0.0
11500,0.0
11750,0.0
12000,0.0
12250,79.60000000000001
12500,0.0
12750,0.0
13000,0.0
13250,0.0
13500,0.0
13750,0.0
14000,0.0
14250,79.60000000000001
14500,0.0
14750,0.0
15000,0.0
15250,0.0
15500,0.0
15750,0.0
16000,0.0
16250,79.60000000000001
16500,0.0
16750,0.0
17000,0.0
17250,0.0
17500,0.0
17750,0.0
18000,0.0
18250,79.60000000000001
18500,0.0
18750,0.0
19000,0.0
19250,0.0
19500,0.0
19750,0.0
20000,0.0
20250,79.60000000000001
20500,0.0
20750,0.0
21000,0.0
21250,0.0
21500,0.0
21750,0.0
22000,0.0
22250,79.60000000000001
22500,0.0
22750,0.0
23000,0.0
23250,0.0
23500,0.0
23750,0.0
24000,0.0
24250,79.60000000000001
24500,0.0
24750,0.0
25000,0.0
25250,0.0
25500,0.0
25750,0.0
26000,0.0
26250,79.60000000000001
26500,0.0
26750,0.0
27000,0.0
27250,0.0
27500,0.0
27750,0.0
28000,0.0
28250,79.60000000000001
28500,0.0
28750,0.0
29000,0.0
29250,0.0
29500,0.0
29750,0.0
30000,0.0
30250,79.60000000000001
30500,0.0
30750,0.0
31000,0.0
31250,0.0
31500,0.0
31750,0.0
32000,0.0
32250,79.60000000000001
32500,0.0
32750,0.0
33000,0.0
33250,0.0
33500,0.0
33750,0.0
34000,0.0
34250,79.60000000000001
34500,0.0
34750,0.0
35000,0.0
35250,0.0
35500,0.0
35750,0.0
36000,0.0
36250,79.60000000000001
36500,0.0
36750,0.0
37000,0.0
37250,0.0
37500,0.0
37750,0.0
38000,0.0
38250,79.60000000000001
38500,0.0
38750,0.0
39000,0.0
39250,0.0
39500,0.0
39750,0.0
40000,0.0
40250,79.60000000000001
40500,0.0
40750,0.0
41000,0.0
41250,0.0
41500,0.0
41750,0.0
42000,0.0
42250,79.60000000000001
42500,0.0
42750,0.0
43000,0.0
43250,0.0
43500,0.0
43750,0.0
44000,0.0
44250,79.60000000000001
44500,0.0
44750,0.0
45000,0.0
45250,0.0
45500,0.0
45750,0.0
46000,0.0
46250,79.60000000000001
46500,0.0
46750,0.0
47000,0.0
47250,0.0
47500,0.0
47750,0.0
48000,0.0
48250,79.60000000000001
48500,0.0
48750,0.0
49000,0.0
49250,0.0
49500,0.0
49750,0.0
50000,0.0
50250,79.60000000000001
50500,0.0
50750,0.0
51000,0.0
51250,0.0
51500,0.0
51750,0.0
52000,0.0
52250,88.4
52500,34.4
52750,52.800000000000004
53000,41.6
53250,33.2
53500,36.4
53750,37.2
54000,47.199999999999996
54250,48.0
54500,46.800000000000004
54750,48.0
55000,35.199999999999996
55250,42.8
55500,38.4
55750,45.6
56000,55.2
56250,27.200000000000003
56500,45.2
56750,40.0
57000,37.6
57250,23.599999999999998
57500,48.0
57750,44.0
58000,37.2
58250,42.8
58500,45.2
58750,43.2
59000,28.000000000000004
59250,43.2
59500,35.6
59750,41.199999999999996
60000,38.0
60250,38.800000000000004
60500,32.0
60750,4.3999999999999995
61000,42.0
61250,11.600000000000001
61500,0.0
61750,0.0
62000,2.4
62250,17.2
62500,44.800000000000004
62750,45.2
63000,29.2
63250,2.8000000000000003
63500,0.0
63750,18.8
64000,36.4
64250,33.2
64500,26.8
64750,30.0
65000,26.0
65250,14.000000000000002
65500,47.199999999999996
65750,45.6
66000,89.60000000000001
66250,85.2
66500,91.2
66750,92.4
67000,96.0
67250,86.8
67500,89.2
67750,90.4
