250,0.0,0.0
500,0.0,0.0
750,0.0,0.0
1000,0.0,0.0
1250,0.0,20.8
1500,0.0,34.0
1750,0.0,43.42857142857143
2000,0.0,50.5
2250,3.5999999999999996,14.269406392694064
2500,0.0,33.288948069241016
2750,0.0,59.904153354632584
3000,0.0,1.001001001001001
3250,0.0,0.8807045636509208
3500,0.0,0.733822548365577
3750,0.0,0.628930817610063
4000,0.0,0.5502751375687844
4250,3.5999999999999996,13.763563677898343
4500,0.0,32.71152564956695
4750,0.0,59.2326139088729
5000,0.0,99.1991991991992
5250,0.0,99.35948759007206
5500,0.0,99.46631087391594
5750,0.0,99.54259576901087
6000,0.0,50.67805123053741
6250,3.5999999999999996,0.6024096385542169
6500,0.0,0.3514056224899598
6750,0.0,0.1004016064257028
7000,0.0,0.7028112449799196
7250,96.0,12.399598393574298
7500,100.0,24.949799196787147
7750,100.0,37.5
8000,96.8,55.55555555555556
8250,99.6,80.0
8500,100.0,60.0
8750,100.0,40.0
9000,100.0,20.0
9250,0.0,90.0
9500,0.0,70.0
9750,0.0,50.0
10000,0.0,30.0
10250,99.6,70.0
10500,100.0,50.0
10750,100.0,30.0
11000,100.0,100.0
11250,0.0,80.0
11500,0.0,60.0
11750,0.0,40.0
12000,0.0,18.181818181818183
12250,99.6,96.7741935483871
12500,100.0,98.39357429718876
12750,100.0,98.93048128342245
13000,100.0,99.19839679358718
13250,0.0,79.40705128205127
13500,0.0,66.15487316421897
13750,0.0,56.693363844393595
14000,0.0,50.1001001001001
14250,99.6,12.506253126563283
14500,100.0,25.012506253126567
14750,100.0,37.51875937968984
15000,96.0,0.5502751375687844
15250,0.0,13.056528264132067
15500,0.0,25.56278139069535
15750,0.0,38.06903451725863
16000,4.0,27.27272727272727
16250,99.6,96.7741935483871
16500,100.0,98.39357429718876
16750,100.0,98.93048128342245
17000,100.0,99.19839679358718
17250,0.0,99.35897435897436
17500,0.0,99.46595460614152
17750,0.0,99.54233409610984
18000,0.0,98.64864864864865
18250,99.6,12.506253126563283
18500,100.0,25.012506253126567
18750,100.0,37.51875937968984
19000,96.0,50.025012506253134
19250,0.0,62.531265632816414
19500,0.0,75.03751875937968
19750,0.0,87.54377188594297
20000,4.0,27.27272727272727
20250,99.6,96.7741935483871
20500,100.0,98.39357429718876
20750,100.0,98.93048128342245
21000,100.0,99.29789368104312
21250,0.0,80.0
21500,0.0,60.0
21750,0.0,40.0
22000,0.0,20.0
22250,99.6,70.0
22500,100.0,50.0
22750,100.0,30.0
23000,100.0,100.0
23250,0.0,80.0
23500,0.0,60.0
23750,0.0,40.0
24000,0.0,18.181818181818183
24250,99.6,96.7741935483871
24500,100.0,98.39357429718876
24750,100.0,98.93048128342245
25000,100.0,99.19839679358718
25250,0.0,99.35897435897436
25500,0.0,99.46595460614152
25750,0.0,99.54233409610984
26000,0.0,99.09909909909909
26250,99.6,12.506253126563283
26500,100.0,25.012506253126567
26750,100.0,37.51875937968984
27000,96.0,50.025012506253134
27250,0.0,62.531265632816414
27500,0.0,75.03751875937968
27750,0.0,87.54377188594297
28000,4.0,27.27272727272727
28250,99.6,96.7741935483871
28500,100.0,98.39357429718876
28750,100.0,98.93048128342245
29000,100.0,99.19839679358718
29250,0.0,79.40705128205127
29500,0.0,66.15487316421897
29750,0.0,56.693363844393595
30000,0.0,50.550550550550554
30250,99.6,12.506253126563283
30500,100.0,25.012506253126567
30750,100.0,37.51875937968984
31000,96.0,0.5502751375687844
31250,0.0,13.056528264132067
31500,0.0,25.56278139069535
31750,0.0,38.06903451725863
32000,4.0,27.27272727272727
32250,99.6,96.7741935483871
32500,100.0,98.39357429718876
32750,100.0,98.93048128342245
33000,100.0,99.29789368104312
33250,0.0,80.0
33500,0.0,60.0
33750,0.0,40.0
34000,0.0,20.0
34250,99.6,70.0
34500,100.0,50.0
34750,100.0,30.0
35000,100.0,100.0
35250,0.0,80.0
35500,0.0,60.0
35750,0.0,40.0
36000,0.0,18.181818181818183
36250,99.6,96.7741935483871
36500,100.0,98.39357429718876
36750,100.0,98.93048128342245
37000,100.0,99.19839679358718
37250,0.0,79.40705128205127
37500,0.0,66.15487316421897
37750,0.0,56.693363844393595
38000,0.0,50.1001001001001
38250,99.6,12.506253126563283
38500,100.0,25.012506253126567
38750,100.0,37.51875937968984
39000,96.0,0.5502751375687844
39250,0.0,13.056528264132067
39500,0.0,25.56278139069535
39750,0.0,38.06903451725863
40000,4.0,27.27272727272727
40250,99.6,96.7741935483871
40500,100.0,98.39357429718876
40750,100.0,98.93048128342245
41000,100.0,99.19839679358718
41250,0.0,99.35897435897436
41500,0.0,99.46595460614152
41750,0.0,99.54233409610984
42000,0.0,98.64864864864865
42250,99.6,12.506253126563283
42500,100.0,25.012506253126567
42750,100.0,37.51875937968984
43000,96.0,50.025012506253134
43250,0.0,62.531265632816414
43500,0.0,75.03751875937968
43750,0.0,87.54377188594297
44000,4.0,27.27272727272727
44250,99.6,96.7741935483871
44500,100.0,98.39357429718876
44750,100.0,98.93048128342245
45000,100.0,99.29789368104312
45250,0.0,80.0
45500,0.0,60.0
45750,0.0,40.0
46000,0.0,20.0
46250,99.6,70.0
46500,100.0,50.0
46750,100.0,30.0
47000,100.0,100.0
47250,0.0,80.0
47500,0.0,60.0
47750,0.0,40.0
48000,0.0,18.181818181818183
48250,99.6,96.7741935483871
48500,100.0,98.39357429718876
48750,100.0,98.93048128342245
49000,100.0,99.19839679358718
49250,0.0,99.35897435897436
49500,0.0,99.46595460614152
49750,0.0,99.54233409610984
50000,0.0,99.09909909909909
50250,99.6,12.506253126563283
50500,100.0,25.012506253126567
50750,100.0,37.51875937968984
51000,96.0,50.025012506253134
51250,0.0,62.531265632816414
51500,0.0,75.03751875937968
51750,0.0,87.54377188594297
52000,4.0,27.27272727272727
52250,99.6,30.08849557522124
52500,100.0,6.593406593406594
52750,100.0,13.588110403397028
53000,100.0,2.155887230514096
53250,100.0,4.31266846361186
53500,100.0,7.8431372549019605
53750,100.0,6.438631790744467
54000,57.199999999999996,13.043478260869565
54250,57.199999999999996,7.597027250206441
54500,52.0,7.212622088655146
54750,57.99999999999999,21.7966573816156
55000,51.2,9.90990990990991
55250,53.6,8.673790069138906
55500,50.4,9.75
55750,54.0,8.094645080946451
56000,55.60000000000001,61.624302541847484
56250,40.8,9.369259032455602
56500,45.2,5.757575757575758
56750,47.199999999999996,59.69969969969971
57000,43.6,8.69047619047619
57250,27.6,20.0
57500,49.2,90.0
57750,45.6,70.0
58000,38.4,50.0
58250,46.400000000000006,30.0
58500,48.8,60.0
58750,48.8,70.0
59000,41.199999999999996,50.0
59250,44.0,30.0
59500,40.8,100.0
59750,44.4,70.0
60000,50.0,50.0
60250,44.0,81.81818181818183
60500,36.8,41.23711340206185
60750,30.4,29.896907216494846
61000,48.0,89.58333333333334
61250,25.6,52.17391304347826
61500,9.2,92.56756756756756
61750,0.0,95.97069597069597
62000,8.799999999999999,30.0
62250,38.4,88.63636363636364
62500,46.800000000000004,84.21052631578947
62750,46.400000000000006,90.47619047619048
63000,37.2,27.586206896551722
63250,9.6,19.011406844106464
63500,15.6,59.76095617529881
63750,48.0,0.6191950464396285
64000,42.0,13.801756587202007
64250,36.4,33.9622641509434
64500,38.4,59.285714285714285
64750,33.2,87.5776397515528
65000,33.2,27.27272727272727
65250,26.400000000000002,10.144927536231885
65500,72.39999999999999,97.91666666666666
65750,58.8,86.79245283018868
66000,94.8,47.05882352941176
66250,93.2,90.47619047619048
66500,94.8,67.24137931034483
66750,93.60000000000001,33.33333333333333
67000,96.0,54.41176470588235
67250,88.0,10.077519379844961
67500,89.2,50.0
67750,90.4,32.22222222222222
