100,92.29578979943707,7.704210200562931,20.932229377491566
200,83.47161025066683,16.528389749333176,29.570683839313094
400,75.18236343005348,24.817636569946508,31.984053971174486
600,67.80235488291899,32.19764511708101,35.371051824593685
800,60.553500641035086,39.446499358964914,36.36767862618829
1000,53.376854949232964,46.623145050767036,40.794234897270776
1200,45.10087092353262,54.89912907646738,47.873351732597364
1400,37.664863908987755,62.335136091012245,32.52529898804048
1600,23.84061067802355,76.15938932197646,19.61054891137688
1800,12.238612416923326,87.76138758307668,7.687825820300522
2000,3.9154717870879328,96.08452821291206,0.10732904017172647
