250,0.0,0.0
500,0.0,0.0
750,0.0,0.0
1000,0.0,0.0
1250,0.0,0.0
1500,0.0,0.0
1750,0.0,0.0
2000,0.0,0.0
2250,99.2,12.619888944977284
2500,100.0,25.239777889954567
2750,100.0,37.85966683493186
3000,100.0,50.479555779909134
3250,100.0,63.099444724886425
3500,100.0,75.71933366986372
3750,100.0,88.33922261484098
4000,100.0,1.0505252626313157
4250,100.0,12.619888944977284
4500,100.0,25.239777889954567
4750,100.0,37.85966683493186
5000,100.0,50.479555779909134
5250,100.0,63.099444724886425
5500,100.0,75.71933366986372
5750,100.0,88.33922261484098
6000,100.0,1.0606060606060608
6250,99.6,12.619888944977284
6500,100.0,25.239777889954567
6750,100.0,37.85966683493186
7000,100.0,50.479555779909134
7250,100.0,63.099444724886425
7500,100.0,75.71933366986372
7750,100.0,88.33922261484098
8000,100.0,1.0606060606060608
8250,99.6,12.626262626262626
8500,100.0,25.252525252525253
8750,100.0,37.878787878787875
9000,100.0,50.505050505050505
9250,100.0,63.13131313131313
9500,100.0,75.75757575757575
9750,100.0,88.38383838383838
10000,100.0,1.0606060606060608
10250,99.6,12.626262626262626
10500,100.0,25.252525252525253
10750,100.0,37.878787878787875
11000,100.0,50.505050505050505
11250,100.0,63.13131313131313
11500,100.0,75.75757575757575
11750,100.0,88.38383838383838
12000,100.0,1.0606060606060608
12250,99.6,12.626262626262626
12500,100.0,25.252525252525253
12750,100.0,37.878787878787875
13000,100.0,50.505050505050505
13250,100.0,63.13131313131313
13500,100.0,75.75757575757575
13750,100.0,88.38383838383838
14000,100.0,1.0606060606060608
14250,99.6,12.626262626262626
14500,100.0,25.252525252525253
14750,100.0,37.878787878787875
15000,100.0,50.505050505050505
15250,100.0,63.13131313131313
15500,100.0,75.75757575757575
15750,100.0,88.38383838383838
16000,100.0,1.0606060606060608
16250,99.6,12.626262626262626
16500,100.0,25.252525252525253
16750,100.0,37.878787878787875
17000,100.0,50.505050505050505
17250,100.0,63.13131313131313
17500,100.0,75.75757575757575
17750,100.0,88.38383838383838
18000,100.0,1.0606060606060608
18250,99.6,12.626262626262626
18500,100.0,25.252525252525253
18750,100.0,37.878787878787875
19000,100.0,50.505050505050505
19250,100.0,63.13131313131313
19500,100.0,75.75757575757575
19750,100.0,88.38383838383838
20000,100.0,1.0606060606060608
20250,99.6,12.626262626262626
20500,100.0,25.252525252525253
20750,100.0,37.878787878787875
21000,100.0,50.505050505050505
21250,100.0,63.13131313131313
21500,100.0,75.75757575757575
21750,100.0,88.38383838383838
22000,100.0,1.0606060606060608
22250,99.6,12.626262626262626
22500,100.0,25.252525252525253
22750,100.0,37.878787878787875
23000,100.0,50.505050505050505
23250,100.0,63.13131313131313
23500,100.0,75.75757575757575
23750,100.0,88.38383838383838
24000,100.0,1.0606060606060608
24250,99.6,12.626262626262626
24500,100.0,25.252525252525253
24750,100.0,37.878787878787875
25000,100.0,50.505050505050505
25250,100.0,63.13131313131313
25500,100.0,75.75757575757575
25750,100.0,88.38383838383838
26000,100.0,1.0606060606060608
26250,99.6,12.626262626262626
26500,100.0,25.252525252525253
26750,100.0,37.878787878787875
27000,100.0,50.505050505050505
27250,100.0,63.13131313131313
27500,100.0,75.75757575757575
27750,100.0,88.38383838383838
28000,100.0,1.0606060606060608
28250,99.6,12.626262626262626
28500,100.0,25.252525252525253
28750,100.0,37.878787878787875
29000,100.0,50.505050505050505
29250,100.0,63.13131313131313
29500,100.0,75.75757575757575
29750,100.0,88.38383838383838
30000,100.0,1.0606060606060608
30250,99.6,12.626262626262626
30500,100.0,25.252525252525253
30750,100.0,37.878787878787875
31000,100.0,50.505050505050505
31250,100.0,63.13131313131313
31500,100.0,75.75757575757575
31750,100.0,88.38383838383838
32000,100.0,1.0606060606060608
32250,99.6,12.626262626262626
32500,100.0,25.252525252525253
32750,100.0,37.878787878787875
33000,100.0,50.505050505050505
33250,100.0,63.13131313131313
33500,100.0,75.75757575757575
33750,100.0,88.38383838383838
34000,100.0,1.0606060606060608
34250,99.6,12.626262626262626
34500,100.0,25.252525252525253
34750,100.0,37.878787878787875
35000,100.0,50.505050505050505
35250,100.0,63.13131313131313
35500,100.0,75.75757575757575
35750,100.0,88.38383838383838
36000,100.0,1.0606060606060608
36250,99.6,12.626262626262626
36500,100.0,25.252525252525253
36750,100.0,37.878787878787875
37000,100.0,50.505050505050505
37250,100.0,63.13131313131313
37500,100.0,75.75757575757575
37750,100.0,88.38383838383838
38000,100.0,1.0606060606060608
38250,99.6,12.626262626262626
38500,100.0,25.252525252525253
38750,100.0,37.878787878787875
39000,100.0,50.505050505050505
39250,100.0,63.13131313131313
39500,100.0,75.75757575757575
39750,100.0,88.38383838383838
40000,100.0,1.0606060606060608
40250,99.6,12.626262626262626
40500,100.0,25.252525252525253
40750,100.0,37.878787878787875
41000,100.0,50.505050505050505
41250,100.0,63.13131313131313
41500,100.0,75.75757575757575
41750,100.0,88.38383838383838
42000,100.0,1.0606060606060608
42250,99.6,12.626262626262626
42500,100.0,25.252525252525253
42750,100.0,37.878787878787875
43000,100.0,50.505050505050505
43250,100.0,63.13131313131313
43500,100.0,75.75757575757575
43750,100.0,88.38383838383838
44000,100.0,1.0606060606060608
44250,99.6,12.626262626262626
44500,100.0,25.252525252525253
44750,100.0,37.878787878787875
45000,100.0,50.505050505050505
45250,100.0,63.13131313131313
45500,100.0,75.75757575757575
45750,100.0,88.38383838383838
46000,100.0,1.0606060606060608
46250,99.6,12.626262626262626
46500,100.0,25.252525252525253
46750,100.0,37.878787878787875
47000,100.0,50.505050505050505
47250,100.0,63.13131313131313
47500,100.0,75.75757575757575
47750,100.0,88.38383838383838
48000,100.0,1.0606060606060608
48250,99.6,12.626262626262626
48500,100.0,25.252525252525253
48750,100.0,37.878787878787875
49000,100.0,50.505050505050505
49250,100.0,63.13131313131313
49500,100.0,75.75757575757575
49750,100.0,88.38383838383838
50000,100.0,1.0606060606060608
50250,99.6,12.626262626262626
50500,100.0,25.252525252525253
50750,100.0,37.878787878787875
51000,100.0,50.505050505050505
51250,100.0,63.13131313131313
51500,100.0,75.75757575757575
51750,100.0,88.38383838383838
52000,100.0,1.0606060606060608
52250,99.6,3.4343434343434343
52500,100.0,1.2121212121212122
52750,100.0,3.2323232323232323
53000,100.0,0.6565656565656566
53250,100.0,1.6161616161616161
53500,100.0,3.4343434343434343
53750,100.0,3.2323232323232323
54000,100.0,7.2727272727272725
54250,100.0,4.646464646464646
54500,100.0,4.494949494949495
54750,100.0,3.383838383838384
55000,100.0,3.8383838383838382
55250,100.0,5.95959595959596
55500,100.0,2.1212121212121215
55750,100.0,5.858585858585859
56000,100.0,3.0303030303030303
56250,100.0,0.20202020202020202
56500,100.0,1.4646464646464648
56750,100.0,3.4343434343434343
57000,100.0,0.25252525252525254
57250,100.0,2.525252525252525
57500,100.0,0.9090909090909091
57750,100.0,5.454545454545454
58000,100.0,0.45454545454545453
58250,100.0,6.363636363636363
58500,100.0,1.6666666666666667
58750,100.0,1.7171717171717171
59000,100.0,5.454545454545454
59250,100.0,5.202020202020202
59500,100.0,2.5757575757575757
59750,100.0,0.20202020202020202
60000,100.0,3.2828282828282833
60250,100.0,2.6767676767676765
60500,100.0,1.9696969696969695
60750,100.0,3.8383838383838382
61000,99.6,5.202020202020202
61250,74.4,10.196078431372548
61500,90.0,22.17917675544794
61750,100.0,34.285714285714285
62000,94.8,1.8330921369995177
62250,93.60000000000001,8.19357930043124
62500,93.2,11.80952380952381
62750,92.4,10.717658168083096
63000,90.4,0.3740065451145395
63250,89.60000000000001,2.3094688221709005
63500,93.60000000000001,13.75515818431912
63750,92.80000000000001,5.375854214123007
64000,90.8,5.049594229035167
64250,85.6,0.800711743772242
64500,94.39999999999999,7.5596816976127315
64750,92.80000000000001,13.289473684210526
65000,90.0,9.544468546637743
65250,96.39999999999999,0.3025064822817632
65500,80.4,4.062632247143462
65750,71.2,2.0273065784029787
66000,95.6,5.72959604286892
66250,96.8,6.203779786359902
66500,95.6,2.414075286415712
66750,93.60000000000001,1.9105691056910568
67000,96.39999999999999,2.1466180639935195
67250,88.0,3.9647577092511015
67500,89.2,3.8461538461538463
67750,90.4,4.045561665357424
