250,0.0,0.0
500,0.0,0.0
750,0.0,20.8
1000,0.0,40.6
1250,0.0,52.480000000000004
1500,0.0,60.4
1750,0.0,66.05714285714286
2000,0.0,70.3
2250,2.0,14.269406392694064
2500,0.0,33.288948069241016
2750,0.0,0.9345794392523363
3000,0.0,0.7007007007007007
3250,0.0,0.5604483586869495
3500,0.0,0.46697798532354906
3750,0.0,0.4002287021154946
4000,0.0,0.3501750875437719
4250,2.0,13.992004568817817
4500,0.0,32.978014656895404
4750,0.0,99.46595460614152
5000,0.0,99.5995995995996
5250,0.0,99.67974379503602
5500,0.0,99.73315543695797
5750,0.0,99.77129788450543
6000,0.0,99.79989994997499
6250,2.0,0.25
6500,0.0,0.25
6750,0.0,0.25
7000,0.0,0.25
7250,0.0,0.25
7500,37.6,5.0
7750,100.0,17.5
8000,100.0,33.33333333333333
8250,99.6,98.39357429718876
8500,100.0,99.19839679358718
8750,40.0,99.46595460614152
9000,0.0,99.5995995995996
9250,0.0,99.19935948759007
9500,0.0,99.33288859239494
9750,0.0,99.42824471126357
10000,0.0,99.49974987493746
10250,99.6,12.5
10500,100.0,25.0
10750,37.6,37.5
11000,0.0,50.0
11250,0.0,59.4
11500,0.0,59.4
11750,0.0,59.4
12000,2.4,33.33333333333333
12250,99.6,83.33333333333334
12500,100.0,83.33333333333334
12750,40.0,83.33333333333334
13000,0.0,83.33333333333334
13250,0.0,83.33333333333334
13500,0.0,83.33333333333334
13750,0.0,83.33333333333334
14000,0.0,83.33333333333334
14250,99.6,83.33333333333334
14500,100.0,83.33333333333334
14750,40.0,83.33333333333334
15000,0.0,71.42857142857143
15250,0.0,99.22178988326849
15500,0.0,99.60552268244575
15750,0.0,78.5997357992074
16000,0.0,59.08639523336644
16250,99.6,24.801587301587304
16500,100.0,49.60317460317461
16750,37.6,74.30555555555556
17000,0.0,99.10714285714286
17250,2.4,98.38709677419355
17500,0.0,99.19678714859438
17750,0.0,99.46524064171123
18000,0.0,98.99799599198397
18250,99.6,25.025025025025027
18500,100.0,50.050050050050054
18750,37.6,75.07507507507508
19000,2.4,42.857142857142854
19250,0.0,98.44357976653697
19500,0.0,99.21104536489152
19750,0.0,78.5997357992074
20000,0.0,59.08639523336644
20250,99.6,24.801587301587304
20500,100.0,49.60317460317461
20750,37.6,15.575396825396826
21000,0.0,40.37698412698413
21250,2.4,66.66666666666666
21500,0.0,66.66666666666666
21750,0.0,66.66666666666666
22000,0.0,66.66666666666666
22250,99.6,83.33333333333334
22500,100.0,83.33333333333334
22750,40.0,83.33333333333334
23000,0.0,83.33333333333334
23250,0.0,83.33333333333334
23500,0.0,83.33333333333334
23750,0.0,83.33333333333334
24000,0.0,71.42857142857143
24250,99.6,98.38709677419355
24500,100.0,99.19678714859438
24750,40.0,99.46524064171123
25000,0.0,99.59919839679358
25250,0.0,99.19871794871796
25500,0.0,99.3324432576769
25750,0.0,99.08466819221968
26000,0.0,99.1991991991992
26250,99.6,12.506253126563283
26500,100.0,25.012506253126567
26750,37.6,37.51875937968984
27000,0.0,50.025012506253134
27250,0.0,59.42971485742872
27500,0.0,59.42971485742872
27750,0.0,59.729864932466235
28000,2.4,42.857142857142854
28250,99.6,98.38709677419355
28500,100.0,99.19678714859438
28750,40.0,79.54545454545455
29000,0.0,59.6192384769539
29250,0.0,52.56410256410257
29500,0.0,60.48064085447263
29750,0.0,65.78947368421053
30000,0.0,70.07007007007007
30250,99.6,12.506253126563283
30500,100.0,25.012506253126567
30750,37.6,7.85392696348174
31000,0.0,20.36018009004502
31250,0.0,3.2016008004002
31500,0.0,15.70785392696348
31750,0.0,28.214107053526767
32000,2.4,42.857142857142854
32250,99.6,98.38709677419355
32500,100.0,99.19678714859438
32750,40.0,99.46524064171123
33000,0.0,99.69909729187563
33250,0.0,100.0
33500,0.0,100.0
33750,0.0,100.0
34000,0.0,100.0
34250,99.6,66.66666666666666
34500,100.0,66.66666666666666
34750,40.0,66.66666666666666
35000,0.0,66.66666666666666
35250,0.0,66.66666666666666
35500,0.0,66.66666666666666
35750,0.0,66.66666666666666
36000,0.0,57.14285714285714
36250,99.6,98.38709677419355
36500,100.0,99.19678714859438
36750,40.0,79.54545454545455
37000,0.0,59.6192384769539
37250,0.0,52.56410256410257
37500,0.0,60.48064085447263
37750,0.0,65.78947368421053
38000,0.0,69.81981981981981
38250,99.6,12.506253126563283
38500,100.0,25.012506253126567
38750,37.6,7.85392696348174
39000,0.0,20.36018009004502
39250,0.0,3.2016008004002
39500,0.0,15.70785392696348
39750,0.0,28.214107053526767
40000,2.4,42.857142857142854
40250,99.6,98.38709677419355
40500,100.0,99.19678714859438
40750,40.0,99.46524064171123
41000,0.0,99.59919839679358
41250,0.0,99.19871794871796
41500,0.0,99.3324432576769
41750,0.0,99.08466819221968
42000,0.0,98.94894894894894
42250,99.6,12.506253126563283
42500,100.0,25.012506253126567
42750,37.6,37.51875937968984
43000,0.0,50.025012506253134
43250,0.0,59.729864932466235
43500,0.0,59.729864932466235
43750,0.0,60.030015007503756
44000,2.4,42.857142857142854
44250,99.6,98.38709677419355
44500,100.0,99.19678714859438
44750,40.0,79.54545454545455
45000,0.0,59.679037111334
45250,0.0,100.0
45500,0.0,100.0
45750,0.0,100.0
46000,0.0,100.0
46250,99.6,66.66666666666666
46500,100.0,66.66666666666666
46750,40.0,66.66666666666666
47000,0.0,66.66666666666666
47250,0.0,66.66666666666666
47500,0.0,66.66666666666666
47750,0.0,66.66666666666666
48000,0.0,57.14285714285714
48250,99.6,98.38709677419355
48500,100.0,99.19678714859438
48750,40.0,99.46524064171123
49000,0.0,99.59919839679358
49250,0.0,99.19871794871796
49500,0.0,99.3324432576769
49750,0.0,99.08466819221968
50000,0.0,99.1991991991992
50250,99.6,12.506253126563283
50500,100.0,25.012506253126567
50750,37.6,37.51875937968984
51000,0.0,50.025012506253134
51250,0.0,59.42971485742872
51500,0.0,59.42971485742872
51750,0.0,59.729864932466235
52000,2.4,42.857142857142854
52250,99.6,30.08849557522124
52500,100.0,6.593406593406594
52750,100.0,13.588110403397028
53000,98.4,2.155887230514096
53250,44.4,80.59299191374663
53500,50.0,23.06805074971165
53750,46.400000000000006,6.438631790744467
54000,54.800000000000004,13.043478260869565
54250,56.8,33.33333333333333
54500,51.6,33.33333333333333
54750,54.800000000000004,66.66666666666666
55000,51.2,66.66666666666666
55250,53.2,66.66666666666666
55500,48.8,66.66666666666666
55750,53.6,66.66666666666666
56000,55.60000000000001,66.66666666666666
56250,38.4,66.66666666666666
56500,45.2,66.66666666666666
56750,47.199999999999996,66.66666666666666
57000,43.2,66.66666666666666
57250,26.8,12.77533039647577
57500,49.2,38.095238095238095
57750,45.6,17.00404858299595
58000,38.4,25.154320987654323
58250,46.400000000000006,76.08695652173914
58500,47.199999999999996,3.626373626373627
58750,48.0,3.2692307692307696
59000,41.199999999999996,12.215669755686605
59250,44.0,10.550113036925396
59500,40.8,11.118644067796609
59750,42.4,5.328376703841388
60000,49.6,7.9249848759830614
60250,40.0,66.66666666666666
60500,35.199999999999996,17.142857142857142
60750,30.4,90.0
61000,46.400000000000006,38.46153846153847
61250,25.6,35.294117647058826
61500,8.4,92.72727272727272
61750,0.0,98.68852459016394
62000,2.4,31.57894736842105
62250,20.4,84.61538461538461
62500,46.0,38.46153846153847
62750,45.2,30.76923076923077
63000,37.2,40.0
63250,9.6,76.19047619047619
63500,14.399999999999999,98.1549815498155
63750,46.0,2.5423728813559325
64000,39.6,99.09909909909909
64250,36.4,36.734693877551024
64500,33.6,61.029411764705884
64750,32.4,87.5776397515528
65000,33.2,28.57142857142857
65250,24.4,10.9375
65500,70.8,97.91666666666666
65750,53.2,86.79245283018868
66000,94.39999999999999,47.05882352941176
66250,93.2,59.523809523809526
66500,94.8,98.27586206896551
66750,93.60000000000001,33.33333333333333
67000,96.0,76.11940298507463
67250,88.0,26.5625
67500,89.2,5.161290322580645
67750,90.4,2.793296089385475
