250,0.0,0.0
500,0.0,0.0
750,0.0,0.0
1000,0.0,0.0
1250,0.0,0.0
1500,0.0,0.0
1750,0.0,0.0
2000,0.0,0.0
2250,3.5999999999999996,0.0
2500,0.0,0.0
2750,0.0,0.0
3000,0.0,0.0
3250,0.0,0.0
3500,0.0,0.0
3750,0.0,0.0
4000,0.0,0.0
4250,3.5999999999999996,0.0
4500,0.0,0.0
4750,0.0,0.0
5000,0.0,0.0
5250,0.0,0.0
5500,0.0,0.0
5750,0.0,0.0
6000,0.0,0.0
6250,3.5999999999999996,0.0
6500,0.0,0.0
6750,0.0,0.0
7000,0.0,0.0
7250,99.6,0.0
7500,100.0,0.0
7750,100.0,0.0
8000,93.2,0.0
8250,99.6,0.0
8500,100.0,0.0
8750,100.0,0.0
9000,100.0,0.0
9250,0.0,0.0
9500,0.0,0.0
9750,0.0,0.0
10000,0.0,0.0
10250,99.6,0.0
10500,100.0,0.0
10750,100.0,0.0
11000,100.0,0.0
11250,0.0,0.0
11500,0.0,0.0
11750,0.0,0.0
12000,0.0,0.0
12250,99.6,0.0
12500,100.0,0.0
12750,100.0,0.0
13000,100.0,0.0
13250,0.0,0.0
13500,0.0,0.0
13750,0.0,0.0
14000,0.0,0.0
14250,99.6,0.0
14500,100.0,0.0
14750,100.0,0.0
15000,100.0,0.0
15250,0.0,0.0
15500,0.0,0.0
15750,0.0,0.0
16000,0.0,0.0
16250,99.6,0.0
16500,100.0,0.0
16750,100.0,0.0
17000,100.0,0.0
17250,0.0,0.0
17500,0.0,0.0
17750,0.0,0.0
18000,0.0,0.0
18250,99.6,0.0
18500,100.0,0.0
18750,100.0,0.0
19000,96.0,0.0
19250,0.0,0.0
19500,0.0,0.0
19750,0.0,0.0
20000,3.5999999999999996,0.0
20250,99.6,0.0
20500,100.0,0.0
20750,100.0,0.0
21000,100.0,0.0
21250,0.0,0.0
21500,0.0,0.0
21750,0.0,0.0
22000,0.0,0.0
22250,99.6,0.0
22500,100.0,0.0
22750,100.0,0.0
23000,96.0,0.0
23250,0.0,0.0
23500,0.0,0.0
23750,0.0,0.0
24000,3.2,0.0
24250,99.6,0.0
24500,100.0,0.0
24750,100.0,0.0
25000,100.0,0.0
25250,0.0,0.0
25500,0.0,0.0
25750,0.0,0.0
26000,0.0,0.0
26250,99.6,0.0
26500,100.0,0.0
26750,100.0,0.0
27000,96.0,0.0
27250,0.0,0.0
27500,0.0,0.0
27750,0.0,0.0
28000,3.5999999999999996,0.0
28250,99.6,0.0
28500,100.0,0.0
28750,100.0,0.0
29000,99.6,0.0
29250,0.0,0.0
29500,0.0,0.0
29750,0.0,0.0
30000,0.0,0.0
30250,99.6,0.0
30500,100.0,0.0
30750,100.0,0.0
31000,96.0,0.0
31250,0.0,0.0
31500,0.0,0.0
31750,0.0,0.0
32000,3.5999999999999996,0.0
32250,99.6,0.0
32500,100.0,0.0
32750,100.0,0.0
33000,99.2,0.0
33250,0.0,0.0
33500,0.0,0.0
33750,0.0,0.0
34000,0.0,0.0
34250,99.6,0.0
34500,100.0,0.0
34750,100.0,0.0
35000,96.0,0.0
35250,0.0,0.0
35500,0.0,0.0
35750,0.0,0.0
36000,3.5999999999999996,0.0
36250,99.6,0.0
36500,100.0,0.0
36750,100.0,0.0
37000,99.6,0.0
37250,0.0,0.0
37500,0.0,0.0
37750,0.0,0.0
38000,0.0,0.0
38250,99.6,0.0
38500,100.0,0.0
38750,100.0,0.0
39000,96.0,0.0
39250,0.0,0.0
39500,0.0,0.0
39750,0.0,0.0
40000,3.5999999999999996,0.0
40250,99.6,0.0
40500,100.0,0.0
40750,100.0,0.0
41000,99.2,0.0
41250,0.0,0.0
41500,0.0,0.0
41750,0.0,0.0
42000,0.0,0.0
42250,99.6,0.0
42500,100.0,0.0
42750,100.0,0.0
43000,96.0,0.0
43250,0.0,0.0
43500,0.0,0.0
43750,0.0,0.0
44000,3.5999999999999996,0.0
44250,99.6,0.0
44500,100.0,0.0
44750,100.0,0.0
45000,99.6,0.0
45250,0.0,0.0
45500,0.0,0.0
45750,0.0,0.0
46000,0.0,0.0
46250,99.6,0.0
46500,100.0,0.0
46750,100.0,0.0
47000,96.0,0.0
47250,0.0,0.0
47500,0.0,0.0
47750,0.0,0.0
48000,3.5999999999999996,0.0
48250,99.6,0.0
48500,100.0,0.0
48750,100.0,0.0
49000,99.2,0.0
49250,0.0,0.0
49500,0.0,0.0
49750,0.0,0.0
50000,0.0,0.0
50250,99.6,0.0
50500,100.0,0.0
50750,100.0,0.0
51000,96.0,0.0
51250,0.0,0.0
51500,0.0,0.0
51750,0.0,0.0
52000,3.5999999999999996,0.0
52250,99.6,0.0
52500,100.0,0.0
52750,100.0,0.0
53000,100.0,0.0
53250,100.0,0.0
53500,100.0,0.0
53750,99.6,0.0
54000,57.199999999999996,0.0
54250,57.199999999999996,0.0
54500,52.0,0.0
54750,57.99999999999999,0.0
55000,51.2,0.0
55250,53.6,0.0
55500,50.4,0.0
55750,54.0,0.0
56000,55.60000000000001,0.0
56250,40.8,0.0
56500,45.2,0.0
56750,47.199999999999996,0.0
57000,43.6,0.0
57250,27.6,0.0
57500,49.2,0.0
57750,45.6,0.0
58000,38.4,0.0
58250,46.400000000000006,0.0
58500,48.8,0.0
58750,48.8,0.0
59000,41.199999999999996,0.0
59250,44.0,0.0
59500,40.8,0.0
59750,44.4,0.0
60000,50.0,0.0
60250,44.0,0.0
60500,36.8,0.0
60750,30.4,0.0
61000,50.4,0.0
61250,25.6,0.0
61500,10.0,0.0
61750,0.0,0.0
62000,8.799999999999999,0.0
62250,38.4,0.0
62500,46.800000000000004,0.0
62750,45.2,0.0
63000,37.2,0.0
63250,9.6,0.0
63500,15.6,0.0
63750,48.0,0.0
64000,42.0,0.0
64250,36.4,0.0
64500,38.800000000000004,0.0
64750,33.2,0.0
65000,33.2,0.0
65250,26.400000000000002,0.0
65500,72.39999999999999,0.0
65750,59.599999999999994,0.0
66000,94.8,0.0
66250,93.2,0.0
66500,94.8,0.0
66750,93.60000000000001,0.0
67000,96.0,0.0
67250,88.0,0.0
67500,89.2,0.0
67750,90.4,0.0
