250,0.0,0.0
500,0.0,0.0
750,0.0,0.0
1000,0.0,0.0
1250,0.0,4.96
1500,0.0,20.8
1750,0.0,32.114285714285714
2000,0.0,40.6
2250,4.3999999999999995,14.269406392694064
2500,0.0,33.288948069241016
2750,0.0,59.904153354632584
3000,74.8,84.10428931875525
3250,80.4,2.00160128102482
3500,0.0,1.6677785190126753
3750,0.0,1.429388221841052
4000,0.0,1.250625312656328
4250,4.3999999999999995,13.649343232438607
4500,0.0,32.578281145902736
4750,0.0,59.07274180655475
5000,75.2,83.17914213624896
5250,80.4,4.203718674211803
5500,0.0,20.3093476798924
5750,0.0,31.77892918825561
6000,0.0,40.566514921598376
6250,4.3999999999999995,0.9605662285136503
6500,0.0,0.8594539939332658
6750,0.0,0.7583417593528816
7000,80.0,10.212335692618806
7250,100.0,22.851365015166834
7500,100.0,35.49039433771487
7750,100.0,48.129423660262894
8000,91.2,2.0408163265306123
8250,99.6,26.31578947368421
8500,100.0,30.133333333333333
8750,100.0,96.8
9000,100.0,63.733333333333334
9250,80.0,30.666666666666664
9500,0.0,97.33333333333334
9750,0.0,64.26666666666667
10000,0.0,31.2
10250,99.6,66.48936170212765
10500,100.0,33.68983957219251
10750,100.0,0.8021390374331552
11000,100.0,67.64705882352942
11250,80.0,34.75935828877005
11500,0.0,1.8716577540106951
11750,0.0,68.71657754010695
12000,0.0,35.733333333333334
12250,99.6,66.48936170212765
12500,100.0,92.64705882352942
12750,100.0,97.40932642487047
13000,100.0,98.42767295597484
13250,80.0,98.87133182844244
13500,0.0,99.11971830985915
13750,0.0,85.78643578643579
14000,0.0,72.73838630806846
14250,99.6,15.271838729383017
14500,100.0,30.543677458766034
14750,100.0,45.815516188149054
15000,100.0,61.08735491753207
15250,75.2,3.8485033598045204
15500,0.0,19.120342089187538
15750,4.8,92.0
16000,0.0,97.33333333333334
16250,99.6,66.48936170212765
16500,100.0,92.64705882352942
16750,100.0,97.40932642487047
17000,100.0,98.42767295597484
17250,80.0,98.87133182844244
17500,0.0,99.11971830985915
17750,0.0,99.27849927849928
18000,0.0,99.32721712538226
18250,99.6,15.29051987767584
18500,100.0,30.58103975535168
18750,100.0,45.87155963302752
19000,100.0,61.16207951070336
19250,75.2,76.45259938837921
19500,0.0,91.74311926605505
19750,4.0,33.33333333333333
20000,0.0,100.0
20250,99.6,58.333333333333336
20500,100.0,33.33333333333333
20750,100.0,100.0
21000,100.0,75.0
21250,79.2,50.0
21500,0.0,25.0
21750,0.0,91.66666666666666
22000,0.0,66.66666666666666
22250,99.6,66.66666666666666
22500,100.0,41.66666666666667
22750,100.0,16.666666666666664
23000,100.0,83.33333333333334
23250,80.0,58.333333333333336
23500,0.0,33.33333333333333
23750,0.0,100.0
24000,0.0,69.23076923076923
24250,99.6,95.96774193548387
24500,100.0,97.99196787148594
24750,100.0,98.66310160427807
25000,100.0,98.99799599198397
25250,80.0,98.3974358974359
25500,0.0,98.6648865153538
25750,0.0,98.74141876430205
26000,0.0,98.2982982982983
26250,99.6,12.506253126563283
26500,100.0,25.012506253126567
26750,100.0,37.51875937968984
27000,100.0,50.025012506253134
27250,75.2,62.531265632816414
27500,0.0,75.03751875937968
27750,0.0,87.54377188594297
28000,4.8,23.076923076923077
28250,99.6,95.96774193548387
28500,100.0,97.99196787148594
28750,100.0,98.66310160427807
29000,100.0,98.99799599198397
29250,80.0,95.99358974358975
29500,0.0,79.97329773030708
29750,0.0,68.64988558352402
30000,0.0,60.66066066066066
30250,99.6,12.506253126563283
30500,100.0,25.012506253126567
30750,100.0,37.51875937968984
31000,100.0,50.025012506253134
31250,75.2,3.1515757878939468
31500,0.0,15.657828914457228
31750,0.0,28.16408204102051
32000,4.8,23.076923076923077
32250,99.6,95.96774193548387
32500,100.0,97.99196787148594
32750,100.0,98.66310160427807
33000,100.0,99.09729187562688
33250,80.0,91.66666666666666
33500,0.0,66.66666666666666
33750,0.0,41.66666666666667
34000,0.0,16.666666666666664
34250,99.6,66.66666666666666
34500,100.0,41.66666666666667
34750,100.0,16.666666666666664
35000,100.0,83.33333333333334
35250,75.2,58.333333333333336
35500,0.0,33.33333333333333
35750,0.0,100.0
36000,0.0,69.23076923076923
36250,99.6,95.19999999999999
36500,100.0,97.6
36750,100.0,98.4
37000,100.0,98.8
37250,80.0,95.92
37500,0.0,79.93333333333334
37750,0.0,68.62857142857143
38000,0.0,60.650000000000006
38250,99.6,12.506253126563283
38500,100.0,25.012506253126567
38750,100.0,37.51875937968984
39000,100.0,50.025012506253134
39250,75.2,59.47973986993497
39500,0.0,59.47973986993497
39750,0.0,59.47973986993497
40000,4.3999999999999995,60.0
40250,99.6,12.493753123438282
40500,100.0,24.987506246876563
40750,100.0,37.48125937031484
41000,100.0,49.97501249375313
41250,79.60000000000001,61.419290354822586
41500,0.0,73.91304347826086
41750,0.0,86.30684657671165
42000,0.0,98.20089955022489
42250,100.0,12.506253126563283
42500,100.0,25.012506253126567
42750,100.0,37.51875937968984
43000,100.0,50.025012506253134
43250,75.6,62.531265632816414
43500,0.0,75.03751875937968
43750,0.0,87.54377188594297
44000,4.3999999999999995,8.333333333333332
44250,99.6,58.333333333333336
44500,100.0,33.33333333333333
44750,100.0,100.0
45000,100.0,75.0
45250,79.60000000000001,50.0
45500,0.0,25.0
45750,0.0,91.66666666666666
46000,0.0,66.66666666666666
46250,99.6,66.66666666666666
46500,100.0,41.66666666666667
46750,100.0,16.666666666666664
47000,100.0,83.33333333333334
47250,80.0,58.333333333333336
47500,0.0,33.33333333333333
47750,0.0,100.0
48000,0.0,69.23076923076923
48250,99.6,95.96774193548387
48500,100.0,97.99196787148594
48750,100.0,98.66310160427807
49000,100.0,98.99799599198397
49250,80.0,98.3974358974359
49500,0.0,98.6648865153538
49750,0.0,98.74141876430205
50000,0.0,98.84884884884885
50250,99.6,12.506253126563283
50500,100.0,25.012506253126567
50750,100.0,37.51875937968984
51000,100.0,50.025012506253134
51250,75.2,3.1515757878939468
51500,0.0,15.657828914457228
51750,0.0,28.16408204102051
52000,4.8,23.076923076923077
52250,99.6,30.08849557522124
52500,100.0,6.593406593406594
52750,100.0,13.588110403397028
53000,100.0,2.155887230514096
53250,100.0,4.31266846361186
53500,100.0,7.8431372549019605
53750,100.0,6.438631790744467
54000,100.0,13.043478260869565
54250,95.19999999999999,7.597027250206441
54500,52.0,7.212622088655146
54750,57.99999999999999,21.7966573816156
55000,52.800000000000004,9.90990990990991
55250,53.6,8.673790069138906
55500,52.0,9.75
55750,54.0,8.094645080946451
56000,55.60000000000001,74.20954742715436
56250,40.8,9.375
56500,45.2,13.793103448275861
56750,47.199999999999996,30.76923076923077
57000,43.6,6.521739130434782
57250,28.000000000000004,65.21739130434783
57500,49.2,94.64285714285714
57750,45.6,46.15384615384615
58000,40.8,16.666666666666664
58250,46.400000000000006,86.95652173913044
58500,48.8,56.52173913043478
58750,51.2,47.82608695652174
59000,42.8,100.0
59250,44.0,6.0606060606060606
59500,40.8,71.42857142857143
59750,44.4,33.33333333333333
60000,50.0,39.285714285714285
60250,44.0,24.766355140186917
60500,38.0,46.02272727272727
60750,30.4,32.2463768115942
61000,48.0,79.66101694915254
61250,25.6,92.44444444444444
61500,9.2,96.42105263157895
61750,0.0,97.6551724137931
62000,8.799999999999999,4.8346055979643765
62250,38.4,68.86792452830188
62500,46.800000000000004,38.84297520661157
62750,47.599999999999994,31.386861313868614
63000,37.6,7.6190476190476195
63250,9.6,14.836795252225517
63500,16.8,54.249547920434
63750,48.0,0.5847953216374269
64000,42.0,13.268998793727382
64250,36.4,21.686746987951807
64500,38.800000000000004,56.42857142857143
64750,34.4,85.09316770186336
65000,33.2,22.727272727272727
65250,26.400000000000002,10.144927536231885
65500,72.39999999999999,97.91666666666666
65750,58.8,86.79245283018868
66000,94.8,41.17647058823529
66250,93.2,66.66666666666666
66500,94.8,96.55172413793103
66750,93.60000000000001,28.888888888888886
67000,96.0,51.470588235294116
67250,88.0,8.527131782945736
67500,89.2,48.717948717948715
67750,90.4,31.11111111111111
