250,0.0,0.0
500,0.0,0.0
750,0.0,0.0
1000,0.0,0.0
1250,0.0,0.0
1500,0.0,0.0
1750,0.0,0.0
2000,0.0,0.0
2250,6.0,0.0
2500,33.2,0.0
2750,100.0,0.0
3000,100.0,0.0
3250,100.0,0.0
3500,100.0,0.0
3750,40.400000000000006,0.0
4000,0.0,0.0
4250,6.0,0.0
4500,39.6,0.0
4750,100.0,0.0
5000,100.0,0.0
5250,100.0,0.0
5500,100.0,0.0
5750,40.0,0.0
6000,0.0,0.0
6250,99.6,0.0
6500,100.0,0.0
6750,100.0,0.0
7000,100.0,0.0
7250,100.0,0.0
7500,100.0,0.0
7750,40.0,0.0
8000,0.0,0.0
8250,99.6,0.0
8500,100.0,0.0
8750,100.0,0.0
9000,100.0,0.0
9250,100.0,0.0
9500,100.0,0.0
9750,40.0,0.0
10000,0.0,0.0
10250,99.6,0.0
10500,100.0,0.0
10750,100.0,0.0
11000,100.0,0.0
11250,100.0,0.0
11500,100.0,0.0
11750,40.0,0.0
12000,0.0,0.0
12250,99.6,0.0
12500,100.0,0.0
12750,100.0,0.0
13000,100.0,0.0
13250,100.0,0.0
13500,100.0,0.0
13750,40.0,0.0
14000,0.0,0.0
14250,99.6,0.0
14500,100.0,0.0
14750,100.0,0.0
15000,100.0,0.0
15250,100.0,0.0
15500,100.0,0.0
15750,40.0,0.0
16000,0.0,0.0
16250,99.6,0.0
16500,100.0,0.0
16750,100.0,0.0
17000,100.0,0.0
17250,100.0,0.0
17500,100.0,0.0
17750,40.0,0.0
18000,0.0,0.0
18250,99.6,0.0
18500,100.0,0.0
18750,100.0,0.0
19000,100.0,0.0
19250,100.0,0.0
19500,100.0,0.0
19750,40.0,0.0
20000,0.0,0.0
20250,99.6,0.0
20500,100.0,0.0
20750,100.0,0.0
21000,100.0,0.0
21250,100.0,0.0
21500,100.0,0.0
21750,40.0,0.0
22000,0.0,0.0
22250,99.6,0.0
22500,100.0,0.0
22750,100.0,0.0
23000,100.0,0.0
23250,100.0,0.0
23500,100.0,0.0
23750,40.0,0.0
24000,0.0,0.0
24250,99.6,0.0
24500,100.0,0.0
24750,100.0,0.0
25000,100.0,0.0
25250,100.0,0.0
25500,100.0,0.0
25750,40.0,0.0
26000,0.0,0.0
26250,99.6,0.0
26500,100.0,0.0
26750,100.0,0.0
27000,100.0,0.0
27250,100.0,0.0
27500,100.0,0.0
27750,40.0,0.0
28000,0.0,0.0
28250,99.6,0.0
28500,100.0,0.0
28750,100.0,0.0
29000,100.0,0.0
29250,100.0,0.0
29500,100.0,0.0
29750,40.0,0.0
30000,0.0,0.0
30250,99.6,0.0
30500,100.0,0.0
30750,100.0,0.0
31000,100.0,0.0
31250,100.0,0.0
31500,100.0,0.0
31750,40.0,0.0
32000,0.0,0.0
32250,99.6,0.0
32500,100.0,0.0
32750,100.0,0.0
33000,100.0,0.0
33250,100.0,0.0
33500,100.0,0.0
33750,40.0,0.0
34000,0.0,0.0
34250,99.6,0.0
34500,100.0,0.0
34750,100.0,0.0
35000,100.0,0.0
35250,100.0,0.0
35500,100.0,0.0
35750,40.0,0.0
36000,0.0,0.0
36250,99.6,0.0
36500,100.0,0.0
36750,100.0,0.0
37000,100.0,0.0
37250,100.0,0.0
37500,100.0,0.0
37750,40.0,0.0
38000,0.0,0.0
38250,99.6,0.0
38500,100.0,0.0
38750,100.0,0.0
39000,100.0,0.0
39250,100.0,0.0
39500,100.0,0.0
39750,40.0,0.0
40000,0.0,0.0
40250,99.6,0.0
40500,100.0,0.0
40750,100.0,0.0
41000,100.0,0.0
41250,100.0,0.0
41500,100.0,0.0
41750,40.0,0.0
42000,0.0,0.0
42250,99.6,0.0
42500,100.0,0.0
42750,100.0,0.0
43000,100.0,0.0
43250,100.0,0.0
43500,100.0,0.0
43750,40.0,0.0
44000,0.0,0.0
44250,99.6,0.0
44500,100.0,0.0
44750,100.0,0.0
45000,100.0,0.0
45250,100.0,0.0
45500,100.0,0.0
45750,40.0,0.0
46000,0.0,0.0
46250,99.6,0.0
46500,100.0,0.0
46750,100.0,0.0
47000,100.0,0.0
47250,100.0,0.0
47500,100.0,0.0
47750,40.0,0.0
48000,0.0,0.0
48250,99.6,0.0
48500,100.0,0.0
48750,100.0,0.0
49000,100.0,0.0
49250,100.0,0.0
49500,100.0,0.0
49750,40.0,0.0
50000,0.0,0.0
50250,99.6,0.0
50500,100.0,0.0
50750,100.0,0.0
51000,100.0,0.0
51250,100.0,0.0
51500,100.0,0.0
51750,40.0,0.0
52000,0.0,0.0
52250,99.6,0.0
52500,100.0,0.0
52750,100.0,0.0
53000,100.0,0.0
53250,100.0,0.0
53500,100.0,0.0
53750,100.0,0.0
54000,100.0,0.0
54250,100.0,0.0
54500,100.0,0.0
54750,100.0,0.0
55000,100.0,0.0
55250,100.0,0.0
55500,99.6,0.0
55750,97.6,0.0
56000,97.2,0.0
56250,90.8,0.0
56500,93.2,0.0
56750,94.0,0.0
57000,94.0,0.0
57250,73.2,0.0
57500,80.80000000000001,0.0
57750,51.2,0.0
58000,40.8,0.0
58250,46.400000000000006,0.0
58500,48.8,0.0
58750,51.2,0.0
59000,42.8,0.0
59250,44.0,0.0
59500,40.8,0.0
59750,44.4,0.0
60000,50.0,0.0
60250,44.0,0.0
60500,38.4,0.0
60750,30.4,0.0
61000,48.0,0.0
61250,27.200000000000003,0.0
61500,14.799999999999999,0.0
61750,33.6,0.0
62000,94.8,0.0
62250,91.2,0.0
62500,92.0,0.0
62750,92.0,0.0
63000,79.60000000000001,0.0
63250,88.4,0.0
63500,93.2,0.0
63750,92.4,0.0
64000,90.4,0.0
64250,84.8,0.0
64500,90.4,0.0
64750,88.8,0.0
65000,89.60000000000001,0.0
65250,96.39999999999999,0.0
65500,78.4,0.0
65750,66.8,0.0
66000,94.8,0.0
66250,94.0,0.0
66500,94.8,0.0
66750,93.2,0.0
67000,96.0,0.0
67250,86.4,0.0
67500,82.8,0.0
67750,85.6,0.0
