250,49.2
500,21.2
750,30.4
1000,41.199999999999996
1250,41.199999999999996
1500,31.6
1750,62.4
2000,58.8
2250,61.6
2500,45.2
2750,34.8
3000,57.599999999999994
3250,70.0
3500,69.6
3750,53.2
4000,37.2
4250,57.99999999999999
4500,63.6
4750,77.2
5000,85.2
5250,64.0
5500,86.0
5750,93.2
6000,71.6
6250,50.0
6500,26.0
6750,49.2
7000,61.6
7250,48.4
7500,54.400000000000006
7750,28.799999999999997
8000,27.200000000000003
8250,57.99999999999999
8500,64.8
8750,62.4
9000,60.0
9250,62.0
9500,64.0
9750,60.8
10000,53.6
10250,41.6
10500,31.2
10750,31.2
11000,26.8
11250,23.200000000000003
11500,30.4
11750,47.199999999999996
12000,62.8
12250,68.4
12500,50.0
12750,25.6
13000,45.6
13250,93.2
13500,95.19999999999999
13750,79.60000000000001
14000,47.199999999999996
14250,47.599999999999994
14500,54.400000000000006
14750,60.4
15000,42.8
15250,32.800000000000004
15500,58.4
15750,52.0
16000,60.8
16250,28.799999999999997
16500,29.599999999999998
16750,64.4
17000,68.8
17250,91.60000000000001
17500,64.4
17750,63.2
18000,90.8
18250,91.2
18500,53.2
18750,18.8
19000,46.800000000000004
19250,64.4
19500,49.2
19750,34.0
20000,5.6000000000000005
20250,21.6
20500,22.400000000000002
20750,32.800000000000004
21000,48.8
21250,50.0
21500,46.400000000000006
21750,55.2
22000,59.599999999999994
22250,84.39999999999999
22500,97.2
22750,95.6
23000,85.6
23250,47.199999999999996
23500,86.0
23750,95.19999999999999
24000,67.2
24250,74.4
24500,59.199999999999996
24750,84.8
25000,44.0
25250,83.2
25500,60.8
25750,45.6
26000,98.0
26250,8.0
