250,48.0
500,16.400000000000002
750,9.6
1000,26.8
1250,30.8
1500,27.6
1750,45.2
2000,25.2
2250,32.800000000000004
2500,28.799999999999997
2750,28.4
3000,33.2
3250,39.6
3500,34.8
3750,34.8
4000,32.800000000000004
4250,45.6
4500,22.400000000000002
4750,48.0
5000,25.6
5250,26.0
5500,38.4
5750,35.199999999999996
6000,49.6
6250,21.6
6500,19.6
6750,41.199999999999996
7000,26.400000000000002
7250,32.800000000000004
7500,25.2
7750,27.6
8000,24.4
8250,27.6
8500,44.4
8750,32.0
9000,25.6
9250,26.8
9500,33.6
9750,30.0
10000,30.4
10250,26.0
10500,25.6
10750,29.2
11000,26.8
11250,21.6
11500,29.599999999999998
11750,34.4
12000,32.4
12250,42.4
12500,20.4
12750,24.8
13000,16.400000000000002
13250,34.4
13500,39.2
13750,21.2
14000,16.400000000000002
14250,18.4
14500,21.6
14750,31.6
15000,28.4
15250,32.800000000000004
15500,44.0
15750,22.400000000000002
16000,25.2
16250,16.400000000000002
16500,24.0
16750,40.8
17000,39.2
17250,24.8
17500,23.599999999999998
17750,28.000000000000004
18000,18.4
18250,36.8
18500,18.0
18750,14.000000000000002
19000,36.0
19250,29.599999999999998
19500,17.2
19750,17.599999999999998
20000,3.5999999999999996
20250,15.2
20500,17.2
20750,26.0
21000,48.0
21250,46.0
21500,40.0
21750,52.0
22000,58.8
22250,72.39999999999999
22500,68.0
22750,64.8
23000,36.4
23250,42.0
23500,63.2
23750,50.8
24000,50.4
24250,38.800000000000004
24500,14.000000000000002
24750,31.2
25000,25.2
25250,38.0
25500,50.4
25750,10.4
26000,60.4
26250,0.4
