250,49.2
500,21.2
750,30.4
1000,38.0
1250,40.400000000000006
1500,30.4
1750,61.6
2000,45.2
2250,38.800000000000004
2500,31.6
2750,34.0
3000,56.39999999999999
3250,69.6
3500,69.19999999999999
3750,53.2
4000,37.2
4250,57.99999999999999
4500,63.6
4750,69.19999999999999
5000,54.0
5250,38.0
5500,55.2
5750,69.19999999999999
6000,71.6
6250,49.2
6500,26.8
6750,49.2
7000,61.6
7250,48.4
7500,54.400000000000006
7750,28.799999999999997
8000,27.200000000000003
8250,57.99999999999999
8500,64.8
8750,57.99999999999999
9000,27.200000000000003
9250,31.2
9500,36.0
9750,32.800000000000004
10000,37.2
10250,28.799999999999997
10500,31.6
10750,31.6
11000,26.8
11250,23.200000000000003
11500,30.4
11750,46.400000000000006
12000,62.8
12250,68.4
12500,50.0
12750,25.6
13000,20.8
13250,64.4
13500,67.2
13750,47.199999999999996
14000,19.2
14250,30.0
14500,54.800000000000004
14750,59.599999999999994
15000,42.8
15250,32.800000000000004
15500,58.4
15750,50.4
16000,60.4
16250,28.799999999999997
16500,29.599999999999998
16750,64.4
17000,64.8
17250,59.599999999999994
17500,31.2
17750,35.6
18000,64.8
18250,62.8
18500,48.4
18750,19.2
19000,46.0
19250,64.8
19500,48.4
19750,34.0
20000,4.3999999999999995
20250,21.2
20500,22.400000000000002
20750,32.800000000000004
21000,48.0
21250,50.0
21500,46.400000000000006
21750,55.2
22000,59.599999999999994
22250,84.39999999999999
22500,97.2
22750,95.6
23000,85.6
23250,47.199999999999996
23500,86.0
23750,95.19999999999999
24000,67.2
24250,74.4
24500,59.199999999999996
24750,84.8
25000,44.0
25250,83.2
25500,60.8
25750,45.6
26000,98.0
26250,8.0
