250,49.2
500,21.2
750,30.4
1000,41.199999999999996
1250,41.199999999999996
1500,31.6
1750,62.4
2000,58.8
2250,64.4
2500,44.800000000000004
2750,34.4
3000,57.599999999999994
3250,70.0
3500,69.6
3750,53.2
4000,37.6
4250,57.99999999999999
4500,65.2
4750,80.4
5000,85.6
5250,64.0
5500,86.0
5750,98.8
6000,98.8
6250,54.400000000000006
6500,26.8
6750,49.2
7000,61.199999999999996
7250,48.0
7500,54.400000000000006
7750,28.799999999999997
8000,27.200000000000003
8250,57.99999999999999
8500,64.8
8750,65.60000000000001
9000,60.0
9250,62.0
9500,64.0
9750,60.8
10000,53.6
10250,61.6
10500,64.0
10750,52.0
11000,28.4
11250,24.4
11500,30.4
11750,47.199999999999996
12000,62.8
12250,70.0
12500,50.0
12750,25.6
13000,48.8
13250,93.2
13500,95.19999999999999
13750,79.60000000000001
14000,47.199999999999996
14250,67.2
14500,91.60000000000001
14750,77.60000000000001
15000,48.0
15250,32.800000000000004
15500,58.4
15750,52.800000000000004
16000,60.8
16250,29.599999999999998
16500,29.599999999999998
16750,64.4
17000,72.0
17250,91.60000000000001
17500,64.4
17750,63.2
18000,90.8
18250,92.80000000000001
18500,81.2
18750,54.400000000000006
19000,52.0
19250,67.60000000000001
19500,48.8
19750,36.8
20000,6.4
20250,22.8
20500,22.400000000000002
20750,32.800000000000004
21000,48.8
21250,50.0
21500,46.400000000000006
21750,55.2
22000,59.599999999999994
22250,84.39999999999999
22500,97.2
22750,95.6
23000,85.6
23250,47.199999999999996
23500,86.0
23750,95.19999999999999
24000,67.2
24250,74.4
24500,59.199999999999996
24750,84.8
25000,44.0
25250,83.2
25500,60.8
25750,45.6
26000,98.0
26250,8.0
