250,49.2
500,20.0
750,22.0
1000,30.0
1250,37.6
1500,30.0
1750,53.2
2000,28.4
2250,38.0
2500,30.8
2750,32.0
3000,50.0
3250,60.0
3500,48.8
3750,35.199999999999996
4000,33.6
4250,51.6
4500,49.2
4750,49.6
5000,30.4
5250,26.8
5500,45.2
5750,56.8
6000,60.4
6250,25.2
6500,23.599999999999998
6750,45.6
7000,49.2
7250,42.8
7500,26.400000000000002
7750,28.000000000000004
8000,25.2
8250,41.199999999999996
8500,55.2
8750,38.0
9000,25.6
9250,26.8
9500,34.0
9750,30.4
10000,32.0
10250,26.400000000000002
10500,30.8
10750,29.2
11000,26.8
11250,21.6
11500,29.599999999999998
11750,45.2
12000,33.2
12250,57.199999999999996
12500,28.799999999999997
12750,25.6
13000,20.0
13250,36.8
13500,46.800000000000004
13750,25.2
14000,16.8
14250,26.0
14500,36.4
14750,34.8
15000,29.2
15250,32.800000000000004
15500,56.8
15750,43.2
16000,31.6
16250,16.400000000000002
16500,25.2
16750,60.0
17000,53.6
17250,29.2
17500,25.6
17750,29.2
18000,50.8
18250,42.0
18500,22.8
18750,16.400000000000002
19000,45.6
19250,56.39999999999999
19500,22.400000000000002
19750,19.2
20000,4.0
20250,16.400000000000002
20500,18.8
20750,30.4
21000,47.199999999999996
21250,49.2
21500,46.400000000000006
21750,54.400000000000006
22000,59.599999999999994
22250,84.0
22500,77.60000000000001
22750,82.0
23000,51.2
23250,47.199999999999996
23500,68.0
23750,65.60000000000001
24000,50.8
24250,66.4
24500,28.000000000000004
24750,69.6
25000,27.200000000000003
25250,78.0
25500,60.8
25750,40.0
26000,98.0
26250,2.8000000000000003
