250,49.2
500,21.2
750,30.4
1000,41.199999999999996
1250,41.199999999999996
1500,31.6
1750,62.4
2000,58.8
2250,64.4
2500,48.0
2750,35.199999999999996
3000,63.2
3250,70.0
3500,69.6
3750,53.2
4000,37.6
4250,58.8
4500,66.0
4750,85.6
5000,85.6
5250,64.4
5500,86.4
5750,98.8
6000,98.8
6250,84.0
6500,58.4
6750,84.0
7000,95.6
7250,94.8
7500,88.0
7750,60.8
8000,56.8
8250,57.99999999999999
8500,64.8
8750,76.4
9000,60.0
9250,62.0
9500,64.0
9750,60.8
10000,58.8
10250,61.6
10500,64.0
10750,64.0
11000,62.8
11250,60.4
11500,63.2
11750,78.8
12000,95.6
12250,95.6
12500,89.2
12750,59.199999999999996
13000,74.8
13250,93.2
13500,96.0
13750,82.8
14000,77.60000000000001
14250,90.8
14500,94.8
14750,93.60000000000001
15000,95.19999999999999
15250,74.4
15500,86.0
15750,91.2
16000,94.8
16250,62.8
16500,62.0
16750,94.8
17000,91.2
17250,91.60000000000001
17500,65.2
17750,66.4
18000,93.60000000000001
18250,93.2
18500,84.39999999999999
18750,58.4
19000,80.80000000000001
19250,94.0
19500,83.2
19750,75.2
20000,41.199999999999996
20250,57.599999999999994
20500,70.8
20750,62.8
21000,52.400000000000006
21250,52.800000000000004
21500,48.0
21750,56.8
22000,60.0
22250,84.39999999999999
22500,97.6
22750,96.0
23000,86.0
23250,47.199999999999996
23500,86.0
23750,95.19999999999999
24000,68.8
24250,99.2
24500,100.0
24750,90.8
25000,45.2
25250,83.2
25500,60.8
25750,45.6
26000,98.0
26250,8.0
