250,49.2
500,21.2
750,30.4
1000,41.199999999999996
1250,41.199999999999996
1500,31.6
1750,62.4
2000,58.8
2250,64.4
2500,46.0
2750,34.8
3000,61.6
3250,70.0
3500,69.6
3750,53.2
4000,37.6
4250,58.8
4500,65.2
4750,85.2
5000,85.6
5250,64.4
5500,86.0
5750,98.8
6000,98.8
6250,82.8
6500,58.8
6750,53.6
7000,62.0
7250,48.0
7500,54.800000000000004
7750,28.799999999999997
8000,27.200000000000003
8250,57.99999999999999
8500,64.8
8750,70.39999999999999
9000,60.0
9250,62.0
9500,64.0
9750,60.8
10000,53.6
10250,61.6
10500,64.0
10750,64.0
11000,62.8
11250,55.2
11500,32.0
11750,47.199999999999996
12000,63.2
12250,70.39999999999999
12500,52.800000000000004
12750,25.6
13000,54.400000000000006
13250,93.2
13500,95.19999999999999
13750,81.6
14000,47.199999999999996
14250,68.0
14500,91.60000000000001
14750,93.60000000000001
15000,76.4
15250,61.199999999999996
15500,58.8
15750,52.400000000000006
16000,61.199999999999996
16250,30.0
16500,29.599999999999998
16750,64.4
17000,78.0
17250,91.60000000000001
17500,64.4
17750,64.4
18000,90.8
18250,92.80000000000001
18500,81.6
18750,54.400000000000006
19000,80.0
19250,94.0
19500,68.0
19750,37.6
20000,7.6
20250,23.200000000000003
20500,22.0
20750,32.800000000000004
21000,48.8
21250,50.8
21500,46.400000000000006
21750,55.2
22000,59.599999999999994
22250,84.39999999999999
22500,97.2
22750,95.6
23000,85.6
23250,47.199999999999996
23500,86.0
23750,95.19999999999999
24000,67.2
24250,74.4
24500,59.199999999999996
24750,84.8
25000,44.0
25250,83.2
25500,60.8
25750,45.6
26000,98.0
26250,8.0
