100,68.35544069020561,31.644559309794385,99.94415747591792
200,60.57162403557448,39.42837596442553,99.47343226424127
400,50.86085667591501,49.13914332408498,99.65431150374496
600,47.523849340579986,52.476150659420014,99.27703875072295
800,44.654327087529936,55.345672912470064,99.04552129221733
1000,41.887423511079014,58.112576488920986,98.99339414910348
1200,38.74425145376458,61.25574854623541,99.11436272622257
1400,35.916536809699366,64.08346319030063,98.89312977099237
1600,33.24084983466991,66.7591501653301,99.04005296259517
1800,30.78180228801642,69.21819771198358,99.55483609874545
2000,28.900459883698833,71.09954011630116,99.3517017828201
