250,49.2
500,21.2
750,30.4
1000,41.199999999999996
1250,41.199999999999996
1500,31.6
1750,62.4
2000,58.8
2250,64.4
2500,48.0
2750,34.8
3000,62.4
3250,69.19999999999999
3500,69.6
3750,53.2
4000,37.2
4250,57.599999999999994
4500,64.4
4750,69.19999999999999
5000,54.0
5250,32.4
5500,56.00000000000001
5750,69.19999999999999
6000,71.6
6250,50.8
6500,27.200000000000003
6750,51.6
7000,61.6
7250,49.6
7500,55.60000000000001
7750,31.2
8000,25.6
8250,64.4
8500,64.8
8750,57.99999999999999
9000,26.400000000000002
9250,30.0
9500,34.0
9750,32.4
10000,37.6
10250,27.200000000000003
10500,31.2
10750,30.8
11000,26.8
11250,23.200000000000003
11500,31.6
11750,35.199999999999996
12000,32.800000000000004
12250,51.6
12500,23.200000000000003
12750,24.8
13000,23.599999999999998
13250,64.4
13500,64.0
13750,49.6
14000,16.8
14250,27.200000000000003
14500,56.39999999999999
14750,60.0
15000,45.6
15250,33.2
15500,58.4
15750,50.8
16000,60.8
16250,28.799999999999997
16500,26.8
16750,64.4
17000,64.8
17250,59.599999999999994
17500,29.599999999999998
17750,30.8
18000,54.800000000000004
18250,63.2
18500,46.800000000000004
18750,21.2
19000,47.199999999999996
19250,64.8
19500,47.599999999999994
19750,34.0
20000,4.3999999999999995
20250,19.2
20500,19.6
20750,32.800000000000004
21000,52.800000000000004
21250,50.8
21500,47.599999999999994
21750,54.800000000000004
22000,60.4
22250,79.60000000000001
22500,72.0
22750,78.0
23000,48.4
23250,48.4
23500,86.0
23750,95.19999999999999
24000,67.2
24250,74.4
24500,59.199999999999996
24750,84.8
25000,44.0
25250,83.2
25500,60.8
25750,45.6
26000,98.0
26250,8.0
