250,49.2
500,21.2
750,30.4
1000,41.199999999999996
1250,39.2
1500,30.0
1750,43.2
2000,28.4
2250,35.199999999999996
2500,26.400000000000002
2750,27.6
3000,37.2
3250,42.4
3500,41.6
3750,34.4
4000,34.4
4250,37.2
4500,20.8
4750,48.8
5000,27.6
5250,28.000000000000004
5500,32.800000000000004
5750,31.6
6000,55.60000000000001
6250,22.8
6500,24.4
6750,38.800000000000004
7000,25.6
7250,36.8
7500,22.400000000000002
7750,31.2
8000,16.0
8250,33.6
8500,44.800000000000004
8750,31.6
9000,25.6
9250,29.599999999999998
9500,31.2
9750,29.599999999999998
10000,35.6
10250,26.0
10500,18.8
10750,30.8
11000,26.0
11250,20.4
11500,29.599999999999998
11750,35.199999999999996
12000,30.8
12250,45.6
12500,20.8
12750,23.200000000000003
13000,12.8
13250,30.0
13500,37.6
13750,22.8
14000,16.400000000000002
14250,6.0
14500,3.5999999999999996
14750,32.800000000000004
15000,30.0
15250,33.2
15500,36.0
15750,23.200000000000003
16000,20.0
16250,18.4
16500,19.2
16750,32.0
17000,40.400000000000006
17250,26.400000000000002
17500,21.2
17750,20.4
18000,16.8
18250,44.0
18500,17.2
18750,18.8
19000,27.200000000000003
19250,33.2
19500,18.8
19750,1.6
20000,0.0
20250,0.4
20500,14.000000000000002
20750,26.0
21000,43.2
21250,49.6
21500,42.0
21750,54.400000000000006
22000,60.0
22250,74.8
22500,70.0
22750,76.8
23000,47.199999999999996
23250,48.4
23500,68.0
23750,54.400000000000006
24000,51.2
24250,41.6
24500,15.6
24750,84.8
25000,44.0
25250,83.2
25500,60.8
25750,45.2
26000,98.0
26250,8.0
