250,49.2
500,20.0
750,2.0
1000,12.4
1250,33.2
1500,10.8
1750,36.4
2000,5.2
2250,20.8
2500,13.600000000000001
2750,3.2
3000,8.0
3250,20.0
3500,34.4
3750,14.000000000000002
4000,32.0
4250,36.4
4500,17.599999999999998
4750,20.0
5000,21.2
5250,4.3999999999999995
5500,18.4
5750,24.8
6000,45.2
6250,16.400000000000002
6500,6.4
6750,18.4
7000,25.2
7250,20.4
7500,5.2
7750,3.2
8000,8.0
8250,1.6
8500,11.600000000000001
8750,0.0
9000,1.6
9250,0.4
9500,16.400000000000002
9750,2.0
10000,12.4
10250,24.0
10500,0.8
10750,21.6
11000,18.8
11250,4.0
11500,11.200000000000001
11750,31.6
12000,28.799999999999997
12250,31.6
12500,1.2
12750,2.8000000000000003
13000,3.5999999999999996
13250,8.0
13500,7.6
13750,7.199999999999999
14000,0.0
14250,6.0
14500,0.0
14750,6.0
15000,4.8
15250,32.0
15500,29.2
15750,12.8
16000,4.0
16250,2.4
16500,2.4
16750,30.0
17000,14.000000000000002
17250,8.799999999999999
17500,15.6
17750,2.8000000000000003
18000,3.5999999999999996
18250,6.0
18500,0.0
18750,0.0
19000,6.0
19250,8.4
19500,8.4
19750,0.0
20000,0.0
20250,0.0
20500,1.2
20750,21.2
21000,41.6
21250,43.6
21500,39.6
21750,44.4
22000,50.4
22250,70.8
22500,69.19999999999999
22750,64.4
23000,41.6
23250,48.4
23500,58.4
23750,46.400000000000006
24000,28.4
24250,30.4
24500,15.6
24750,21.6
25000,6.0
25250,15.6
25500,13.600000000000001
25750,8.0
26000,21.6
26250,0.0
