250,49.2
500,21.2
750,30.4
1000,41.199999999999996
1250,40.0
1500,31.2
1750,45.2
2000,28.4
2250,40.8
2500,32.4
2750,31.6
3000,38.4
3250,42.8
3500,47.199999999999996
3750,35.6
4000,34.4
4250,44.800000000000004
4500,22.8
4750,49.6
5000,33.6
5250,31.2
5500,36.4
5750,38.4
6000,55.60000000000001
6250,22.8
6500,25.6
6750,38.800000000000004
7000,25.6
7250,37.2
7500,26.8
7750,31.2
8000,16.0
8250,33.6
8500,44.800000000000004
8750,32.0
9000,26.0
9250,29.599999999999998
9500,33.6
9750,29.599999999999998
10000,35.6
10250,27.200000000000003
10500,29.599999999999998
10750,30.8
11000,26.8
11250,21.2
11500,29.599999999999998
11750,35.199999999999996
12000,31.2
12250,50.8
12500,20.8
12750,24.8
13000,14.799999999999999
13250,31.2
13500,40.400000000000006
13750,22.8
14000,16.400000000000002
14250,8.4
14500,20.4
14750,36.0
15000,30.8
15250,33.2
15500,36.8
15750,23.200000000000003
16000,27.200000000000003
16250,18.4
16500,26.400000000000002
16750,32.800000000000004
17000,43.6
17250,27.200000000000003
17500,26.0
17750,22.0
18000,17.599999999999998
18250,44.4
18500,17.2
18750,18.8
19000,28.4
19250,33.2
19500,18.8
19750,18.8
20000,4.0
20250,17.599999999999998
20500,16.400000000000002
20750,28.000000000000004
21000,48.4
21250,49.6
21500,44.800000000000004
21750,54.800000000000004
22000,60.0
22250,77.2
22500,71.6
22750,77.60000000000001
23000,47.199999999999996
23250,48.4
23500,86.0
23750,95.19999999999999
24000,67.2
24250,72.8
24500,59.199999999999996
24750,84.8
25000,44.0
25250,83.2
25500,60.8
25750,45.2
26000,98.0
26250,8.0
