250,49.2
500,21.2
750,30.4
1000,41.199999999999996
1250,41.199999999999996
1500,31.6
1750,53.6
2000,29.599999999999998
2250,40.8
2500,32.800000000000004
2750,32.800000000000004
3000,51.2
3250,42.8
3500,48.8
3750,36.8
4000,34.4
4250,52.400000000000006
4500,28.4
4750,49.6
5000,33.6
5250,31.6
5500,46.400000000000006
5750,38.4
6000,55.60000000000001
6250,26.8
6500,26.400000000000002
6750,48.4
7000,26.400000000000002
7250,38.800000000000004
7500,27.6
7750,31.2
8000,25.2
8250,35.6
8500,44.800000000000004
8750,32.0
9000,26.400000000000002
9250,29.599999999999998
9500,34.0
9750,30.8
10000,37.6
10250,27.200000000000003
10500,30.0
10750,30.8
11000,26.8
11250,21.6
11500,31.2
11750,35.199999999999996
12000,32.4
12250,50.8
12500,20.8
12750,24.8
13000,22.400000000000002
13250,37.2
13500,41.6
13750,22.8
14000,16.400000000000002
14250,20.0
14500,26.0
14750,36.4
15000,32.0
15250,33.2
15500,45.6
15750,23.599999999999998
16000,30.8
16250,18.4
16500,26.400000000000002
16750,44.4
17000,46.0
17250,27.200000000000003
17500,26.0
17750,28.799999999999997
18000,20.4
18250,44.4
18500,20.4
18750,19.2
19000,38.0
19250,33.2
19500,18.8
19750,19.6
20000,4.3999999999999995
20250,17.599999999999998
20500,18.4
20750,28.799999999999997
21000,48.4
21250,49.6
21500,44.800000000000004
21750,54.800000000000004
22000,60.4
22250,79.60000000000001
22500,72.0
22750,78.0
23000,48.4
23250,48.4
23500,86.0
23750,95.19999999999999
24000,67.2
24250,74.4
24500,59.199999999999996
24750,84.8
25000,44.0
25250,83.2
25500,60.8
25750,45.6
26000,98.0
26250,8.0
