250,49.2
500,20.0
750,2.0
1000,8.0
1250,4.8
1500,6.4
1750,24.4
2000,1.2
2250,4.8
2500,0.0
2750,2.0
3000,7.6
3250,0.4
3500,9.2
3750,0.0
4000,3.5999999999999996
4250,8.4
4500,0.0
4750,6.0
5000,0.0
5250,0.0
5500,8.4
5750,0.0
6000,6.0
6250,2.0
6500,0.4
6750,6.0
7000,0.0
7250,10.4
7500,1.6
7750,0.0
8000,4.3999999999999995
8250,1.6
8500,6.0
8750,0.0
9000,0.0
9250,0.0
9500,2.0
9750,2.0
10000,7.6
10250,0.0
10500,0.0
10750,0.0
11000,0.0
11250,0.0
11500,0.0
11750,5.2
12000,1.2
12250,8.799999999999999
12500,0.0
12750,0.0
13000,3.5999999999999996
13250,4.8
13500,6.0
13750,2.4
14000,0.0
14250,6.0
14500,0.0
14750,6.0
15000,0.0
15250,0.0
15500,8.4
15750,4.3999999999999995
16000,4.0
16250,2.4
16500,0.0
16750,6.0
17000,10.4
17250,0.0
17500,0.0
17750,2.8000000000000003
18000,3.5999999999999996
18250,6.0
18500,0.0
18750,0.0
19000,6.0
19250,4.3999999999999995
19500,8.4
19750,0.0
20000,0.0
20250,0.0
20500,0.4
20750,0.4
21000,30.0
21250,12.0
21500,0.0
21750,27.6
22000,34.8
22250,62.8
22500,52.0
22750,54.0
23000,10.8
23250,0.0
23500,6.0
23750,6.0
24000,0.0
24250,27.6
24500,6.0
24750,12.0
25000,6.0
25250,6.0
25500,8.0
25750,4.0
26000,12.0
26250,0.0
