250,49.2,0.0
500,21.2,0.0
750,30.4,0.0
1000,41.199999999999996,0.0
1250,41.199999999999996,0.0
1500,31.6,0.0
1750,62.4,0.0
2000,58.8,0.0
2250,64.4,0.0
2500,48.0,0.0
2750,35.199999999999996,0.0
3000,63.2,0.0
3250,70.0,0.0
3500,69.6,0.0
3750,53.2,0.0
4000,37.6,0.0
4250,58.8,0.0
4500,65.2,0.0
4750,85.6,0.0
5000,85.6,0.0
5250,64.4,0.0
5500,86.8,0.0
5750,98.8,0.0
6000,98.8,0.0
6250,84.0,0.0
6500,58.8,0.0
6750,84.0,0.0
7000,95.6,0.0
7250,94.8,0.0
7500,88.0,0.0
7750,48.0,0.0
8000,27.200000000000003,0.0
8250,57.99999999999999,0.0
8500,64.8,0.0
8750,76.4,0.0
9000,60.0,0.0
9250,62.0,0.0
9500,64.0,0.0
9750,60.8,0.0
10000,58.8,0.0
10250,61.6,0.0
10500,64.0,0.0
10750,64.0,0.0
11000,62.8,0.0
11250,60.4,0.0
11500,63.2,0.0
11750,78.8,0.0
12000,95.6,0.0
12250,95.6,0.0
12500,89.2,0.0
12750,59.199999999999996,0.0
13000,74.8,0.0
13250,93.2,0.0
13500,96.0,0.0
13750,82.8,0.0
14000,55.2,0.0
14250,72.0,0.0
14500,94.39999999999999,0.0
14750,93.60000000000001,0.0
15000,77.60000000000001,0.0
15250,63.2,0.0
15500,86.0,0.0
15750,91.2,0.0
16000,94.8,0.0
16250,62.8,0.0
16500,62.0,0.0
16750,94.8,0.0
17000,91.60000000000001,0.0
17250,91.60000000000001,0.0
17500,65.2,0.0
17750,66.8,0.0
18000,93.60000000000001,0.0
18250,93.2,0.0
18500,84.39999999999999,0.0
18750,58.4,0.0
19000,80.80000000000001,0.0
19250,94.0,0.0
19500,83.2,0.0
19750,73.2,0.0
20000,40.8,0.0
20250,56.39999999999999,0.0
20500,69.19999999999999,0.0
20750,62.0,0.0
21000,50.4,0.0
21250,52.800000000000004,0.0
21500,47.199999999999996,0.0
21750,56.8,0.0
22000,59.599999999999994,0.0
22250,84.39999999999999,0.0
22500,97.2,0.0
22750,96.0,0.0
23000,86.0,0.0
23250,47.199999999999996,0.0
23500,86.0,0.0
23750,95.19999999999999,0.0
24000,67.2,0.0
24250,74.4,0.0
24500,59.199999999999996,0.0
24750,84.8,0.0
25000,44.4,0.0
25250,83.2,0.0
25500,60.8,0.0
25750,45.6,0.0
26000,98.0,0.0
26250,8.0,0.0
