50,40.0,0.0
100,72.0,0.0
150,30.0,0.0
200,36.0,0.0
250,68.0,0.0
300,56.00000000000001,0.0
350,8.0,0.0
400,18.0,0.0
450,18.0,0.0
500,6.0,0.0
550,12.0,0.0
600,34.0,0.0
650,16.0,0.0
700,44.0,0.0
750,46.0,0.0
800,56.00000000000001,0.0
850,40.0,0.0
900,36.0,0.0
950,38.0,0.0
1000,36.0,0.0
1050,38.0,0.0
1100,44.0,0.0
1150,44.0,0.0
1200,36.0,0.0
1250,44.0,0.0
1300,34.0,0.0
1350,40.0,0.0
1400,32.0,0.0
1450,18.0,0.0
1500,34.0,0.0
1550,42.0,0.0
1600,56.00000000000001,0.0
1650,76.0,0.0
1700,70.0,0.0
1750,68.0,0.0
1800,72.0,0.0
1850,52.0,0.0
1900,46.0,0.0
1950,60.0,0.0
2000,64.0,0.0
2050,70.0,0.0
2100,60.0,0.0
2150,68.0,0.0
2200,57.99999999999999,0.0
2250,66.0,0.0
2300,66.0,0.0
2350,72.0,0.0
2400,40.0,0.0
2450,30.0,0.0
2500,32.0,0.0
2550,44.0,0.0
2600,32.0,0.0
2650,38.0,0.0
2700,28.000000000000004,0.0
2750,34.0,0.0
2800,44.0,0.0
2850,68.0,0.0
2900,76.0,0.0
2950,56.00000000000001,0.0
3000,72.0,0.0
3050,68.0,0.0
3100,74.0,0.0
3150,68.0,0.0
3200,68.0,0.0
3250,72.0,0.0
3300,72.0,0.0
3350,72.0,0.0
3400,68.0,0.0
3450,72.0,0.0
3500,64.0,0.0
3550,66.0,13.385387618516454
3600,66.0,13.259668508287293
3650,56.00000000000001,20.52401746724891
3700,44.0,9.67741935483871
3750,34.0,7.025884838880085
3800,36.0,6.701298701298701
3850,42.0,0.4624871531346352
3900,42.0,2.9873417721518987
3950,36.0,5.4309915296462385
4000,32.0,10.191082802547772
4050,32.0,6.795180722891566
4100,48.0,7.187053783912423
4150,72.0,1.6075650118203308
4200,72.0,1.2212306247064348
4250,70.0,3.078358208955224
4300,66.0,5.367885238315594
4350,68.0,5.971520440973817
4400,66.0,6.836827711941659
4450,64.0,8.78623188405797
4500,62.0,10.821733273462057
4550,66.0,1.4260249554367201
4600,72.0,1.4614703277236492
4650,94.0,3.6709420610349404
4700,96.0,5.877154220061865
4750,100.0,20.01767565178966
4800,100.0,6.937693327441449
4850,96.0,7.0198675496688745
4900,100.0,7.06401766004415
4950,64.0,6.92071835304424
5000,68.0,9.047411918225315
5050,64.0,11.135088476478204
5100,56.00000000000001,11.201368106028218
5150,64.0,11.20067882901994
5200,74.0,5.9071729957805905
5250,68.0,7.969798657718121
5300,64.0,9.991673605328891
5350,76.0,10.066280033140016
5400,100.0,1.035625517812759
5450,94.0,1.5308233347124536
5500,100.0,3.5995035167563096
5550,100.0,12.825817128671908
5600,100.0,22.54861398427803
5650,94.0,6.40495867768595
5700,100.0,7.148760330578513
5750,100.0,7.355371900826446
5800,96.0,1.032204789430223
5850,100.0,1.4450867052023122
5900,100.0,3.1791907514450863
5950,98.0,5.241436236070986
6000,100.0,5.20016508460586
6050,92.0,5.564715581203627
6100,100.0,5.6471558120362735
6150,92.0,25.720164609053498
6200,76.0,9.090909090909092
6250,62.0,0.3250711093051605
6300,56.00000000000001,2.3358840112766814
6350,68.0,4.321728691476591
6400,68.0,6.282306163021868
6450,50.0,8.195429472025216
6500,52.0,33.21623731459797
6550,64.0,8.875968992248062
6600,70.0,8.901734104046243
6650,100.0,1.0814986481266897
6700,98.0,2.0077220077220077
6750,100.0,1.8532818532818531
6800,98.0,3.7823234272481665
6850,90.0,5.624036979969183
6900,100.0,5.469953775038521
6950,98.0,6.122448979591836
7000,92.0,5.92079969242599
7050,100.0,0.8842752787389465
7100,100.0,2.8066128412149176
7150,94.0,1.1547344110854503
7200,98.0,2.38553289726818
7250,82.0,2.6840490797546015
7300,88.0,4.15065334358186
7350,66.0,5.725338491295938
7400,68.0,7.701283547257877
7450,52.0,29.1796875
7500,26.0,9.300508010941774
7550,34.0,9.304143862392495
7600,38.0,7.854630715123095
7650,42.0,9.952978056426334
7700,10.0,8.187134502923977
7750,32.0,8.265107212475634
7800,36.0,7.368421052631578
7850,12.0,9.521958802953751
7900,18.0,10.63664596273292
7950,54.0,1.091617933723197
8000,16.0,2.732673267326733
8050,56.00000000000001,4.337445284520493
8100,68.0,6.367641169403283
8150,62.0,8.434221146085553
8200,54.0,8.679706601466993
8250,60.0,8.306055646481179
8300,68.0,8.40197693574959
8350,72.0,1.0770505385252693
8400,74.0,0.9995835068721367
8450,44.0,2.967741935483871
8500,66.0,5.418943533697632
8550,68.0,7.640144665461121
8600,70.0,9.83385720700494
8650,90.0,17.06989247311828
8700,84.0,9.642857142857144
8750,70.0,9.75609756097561
8800,64.0,10.338759348878135
8850,62.0,10.776614310645725
8900,56.00000000000001,11.970613656006915
8950,50.0,11.329628046173578
9000,68.0,11.210191082802549
9050,72.0,17.69722814498934
9100,68.0,9.372349448685327
9150,57.99999999999999,15.510718789407314
9200,52.0,5.414410662224074
9250,68.0,7.447248655357881
9300,70.0,14.555921052631579
9350,57.99999999999999,14.87973909498573
9400,57.99999999999999,7.922392886014551
9450,66.0,7.908470493777599
9500,68.0,1.1536876802637
9550,68.0,3.1927957429390093
9600,46.0,0.41067761806981523
9650,60.0,2.4580090126997134
9700,68.0,4.477004477004478
9750,64.0,0.2025111381125962
9800,56.00000000000001,0.24360535931790497
9850,54.0,1.0913500404203718
9900,66.0,3.092369477911647
9950,68.0,5.067837190742218
10000,60.0,13.103721298495646
10050,52.0,6.794972505891595
10100,68.0,6.362217017954723
10150,56.00000000000001,4.490902051877662
10200,66.0,4.563031709203403
10250,66.0,5.493661160199769
10300,66.0,7.366412213740459
10350,64.0,9.222011385199242
10400,56.00000000000001,14.301844185171245
10450,68.0,9.764309764309765
10500,66.0,13.754646840148698
10550,64.0,10.081240768094535
10600,56.00000000000001,14.139194139194139
10650,68.0,7.1740713765477055
10700,68.0,6.806661839246922
10750,64.0,13.633093525179858
10800,60.0,5.892857142857142
10850,68.0,4.794034090909091
10900,64.0,5.998588567395907
10950,62.0,12.513144058885384
11000,60.0,7.239819004524888
11050,68.0,12.56490134994808
11100,68.0,5.679862306368331
11150,52.0,7.761732851985561
11200,54.0,13.712853562477623
11250,52.0,9.052183173588926
11300,70.0,12.464689265536723
11350,64.0,8.594575554772806
11400,48.0,10.258199581297976
11450,66.0,6.7684831655675115
11500,66.0,4.004142216085606
11550,60.0,3.839561193006513
11600,66.0,3.851397409679618
11650,70.0,12.572402044293016
11700,98.0,1.5326975476839237
11750,100.0,1.396457765667575
11800,94.0,2.6226158038147136
11850,98.0,4.324140279196459
11900,98.0,4.084411164057182
11950,86.0,4.4142614601018675
12000,100.0,18.91341256366723
12050,98.0,1.5862068965517242
12100,98.0,0.6204756980351602
12150,82.0,0.41279669762641896
12200,100.0,1.823185414516684
12250,100.0,3.543171654626763
12300,100.0,5.263157894736842
12350,90.0,6.971153846153847
12400,90.0,7.987658553308194
12450,96.0,8.016443987667008
12500,57.99999999999999,8.652482269503546
12550,60.0,7.816901408450705
12600,48.0,28.79581151832461
12650,50.0,9.214186369958275
12700,50.0,9.19902063658622
12750,36.0,8.267035627810445
12800,30.0,8.068376068376068
12850,50.0,0.8858603066439523
12900,68.0,0.8500510030601837
12950,100.0,2.456747404844291
13000,90.0,0.8391608391608392
13050,98.0,1.6520210896309315
13100,100.0,3.425141242937853
13150,100.0,5.218317358892439
13200,80.0,7.01067615658363
13250,88.0,0.5736823234134099
13300,100.0,2.380952380952381
13350,100.0,4.2089985486211905
13400,96.0,1.130974097044874
13450,90.0,1.986024273630011
13500,90.0,3.8404726735598227
13550,100.0,5.720653789004458
13600,98.0,7.617625093353249
13650,92.0,0.30007501875468867
13700,76.0,1.7682468021068474
13750,42.0,3.6329588014981278
13800,34.0,5.472822040208489
13850,48.0,7.277428888067972
13900,68.0,9.070877708409842
13950,60.0,10.851297040555352
14000,52.0,12.604431529240829
14050,52.0,12.969653179190752
14100,52.0,13.691756272401435
14150,74.0,15.096359743040685
14200,82.0,13.518320882248311
14250,84.0,2.3082386363636362
14300,82.0,4.085257548845471
14350,100.0,5.86145648312611
14400,84.0,7.616011335458732
14450,100.0,9.3871767623096
14500,100.0,11.301369863013697
14550,100.0,1.21765601217656
14600,86.0,2.2655007949125596
14650,84.0,4.271457085828343
14700,100.0,6.317907444668008
14750,100.0,8.377175232699312
14800,100.0,9.272875816993464
14850,78.0,31.32678132678133
14900,70.0,8.990147783251231
14950,72.0,7.644882860665844
15000,70.0,8.299096138044373
15050,57.99999999999999,7.540983606557377
15100,66.0,7.610907610907611
15150,74.0,5.384615384615385
15200,56.00000000000001,29.449578143832866
15250,64.0,6.781013163143198
15300,68.0,13.713832738803012
15350,90.0,1.22626582278481
15400,92.0,1.1152416356877324
15450,78.0,0.8285004142502072
15500,100.0,2.921535893155259
15550,92.0,5.03989920201596
15600,78.0,7.157894736842104
15650,78.0,21.081307627829002
15700,68.0,22.18984179850125
15750,98.0,1.0403662089055348
15800,100.0,1.2484394506866416
15850,100.0,3.3291718684977116
15900,92.0,5.414410662224074
15950,98.0,7.534533277521975
16000,80.0,9.587328053355565
16050,76.0,29.86312733305682
16100,52.0,30.102669404517453
16150,60.0,16.061964940888707
16200,68.0,29.485621709194003
16250,56.00000000000001,11.71497584541063
16300,60.0,13.61821086261981
16350,56.00000000000001,8.749010292953285
16400,68.0,8.615263571990559
16450,70.0,14.375244810027418
16500,56.00000000000001,14.019417475728154
16550,92.0,0.7398753894080997
16600,100.0,1.2461059190031152
16650,96.0,3.305118903667876
16700,48.0,5.420944558521561
16750,68.0,7.545605306799337
16800,84.0,5.63613758806465
16850,98.0,7.717842323651452
16900,82.0,1.7558528428093645
16950,86.0,1.208837015423093
17000,92.0,0.8757297748123436
17050,98.0,2.959566486035848
17100,92.0,5.035372451102789
17150,80.0,7.101328903654484
17200,88.0,9.158723580605056
17250,100.0,27.47617074181517
17300,80.0,9.698720594304582
17350,48.0,27.071369975389665
17400,64.0,7.5732899022801305
17450,68.0,6.027508090614886
17500,66.0,9.843310566492567
17550,52.0,18.46398726621568
17600,44.0,22.98307752853207
17650,52.0,10.60428849902534
17700,74.0,10.628394103956555
17750,100.0,1.0861132660977502
17800,98.0,1.4734393175649476
17850,98.0,3.412175261729353
17900,78.0,5.330243337195829
17950,82.0,3.117782909930716
18000,100.0,5.0423402617398
18050,100.0,6.966897613548884
18100,100.0,1.0007698229407236
18150,90.0,0.9988474836726854
18200,76.0,2.791586998087954
18250,100.0,4.7036328871892925
18300,90.0,6.984255147355673
18350,100.0,8.999192897497982
18400,90.0,30.04430124848973
18450,62.0,30.175859312549957
18500,66.0,10.837633981738785
18550,68.0,8.757396449704142
18600,66.0,30.28996865203762
18650,52.0,10.597826086956522
18700,50.0,12.418300653594772
18750,46.0,19.292237442922374
18800,46.0,12.504708097928438
18850,64.0,12.607557052001498
18900,98.0,0.9723261032161555
18950,98.0,1.0841121495327102
19000,92.0,2.9521674140508223
19050,88.0,4.809843400447427
19100,94.0,0.450281425891182
19150,100.0,2.3264540337711073
19200,92.0,0.22581859239744073
19250,88.0,2.1646695013529187
19300,100.0,0.8504058755315036
19350,98.0,2.0487050637804405
19400,78.0,1.5408320493066257
19450,68.0,3.4456355283307807
19500,66.0,5.325218714340053
19550,90.0,7.254677357770141
19600,96.0,9.163802978235967
19650,66.0,11.755168220510742
19700,50.0,13.737373737373737
19750,64.0,15.827922077922077
19800,50.0,17.77059773828756
19850,42.0,19.560878243512974
19900,46.0,20.300157977883096
19950,34.0,18.98635477582846
20000,34.0,14.357197844495767
20050,44.0,14.12795125666413
20100,66.0,14.491108588724932
20150,68.0,14.452389913436207
20200,52.0,16.59655831739962
20250,56.00000000000001,18.494459304547192
20300,62.0,20.428462127008416
20350,64.0,7.327419976860779
20400,78.0,8.278274387874077
20450,70.0,2.743431221020093
20500,68.0,4.646697388632873
20550,64.0,6.521739130434782
20600,48.0,7.39736638264911
20650,36.0,7.421576128538638
20700,50.0,4.906808672499049
20750,46.0,4.747550866616428
20800,52.0,4.592979835698283
20850,64.0,3.635014836795252
20900,50.0,3.457153365207797
20950,46.0,3.3503277494537507
21000,50.0,2.527075812274368
21050,60.0,2.6523297491039424
21100,48.0,4.4065387348969445
21150,50.0,4.545454545454546
21200,50.0,4.47396015379238
21250,50.0,4.854368932038835
21300,44.0,5.402615278733655
21350,60.0,3.93028024606972
21400,44.0,4.406779661016949
21450,36.0,5.10752688172043
21500,52.0,4.933333333333334
21550,60.0,8.178807947019868
21600,54.0,3.581991455800197
21650,52.0,3.069888961463096
21700,62.0,2.4991885751379423
21750,57.99999999999999,2.837794259916156
21800,66.0,2.790250160359205
21850,62.0,2.5191326530612246
21900,60.0,7.0069752694990495
21950,34.0,7.385292269013199
22000,80.0,3.571428571428571
22050,80.0,7.901311680199876
22100,84.0,7.8193146417445485
22150,82.0,1.4911463187325256
22200,76.0,1.826060043330238
22250,100.0,3.961621788919839
22300,94.0,1.7934446505875077
22350,96.0,1.6378244746600743
22400,100.0,1.5451174289245984
22450,98.0,3.0892801977139324
22500,98.0,10.28412600370599
22550,94.0,1.974699166923789
22600,100.0,3.0555555555555554
22650,94.0,2.0968239284613013
22700,92.0,1.1703110563597166
22750,100.0,1.6630736064059133
22800,80.0,2.425544980042984
22850,100.0,3.3159349094258523
22900,98.0,10.595823095823095
22950,72.0,4.8959608323133414
23000,78.0,4.879536444037816
23050,64.0,4.943888383378829
23100,24.0,5.432172869147659
23150,34.0,5.468053491827638
23200,62.0,11.908983451536644
23250,57.99999999999999,5.462555066079295
23300,54.0,4.288214702450408
23350,100.0,0.9334889148191364
23400,94.0,0.9618187117458467
23450,82.0,2.005813953488372
23500,100.0,3.4593023255813953
23550,100.0,4.912790697674419
23600,90.0,4.586357039187227
23650,86.0,1.8829663962920047
23700,100.0,10.254924681344148
23750,100.0,5.880648899188876
23800,100.0,5.822711471610661
23850,57.99999999999999,6.133026202130723
23900,64.0,3.723861357777141
23950,54.0,3.158793397837222
24000,60.0,3.11262026032824
24050,57.99999999999999,2.447257383966245
24100,66.0,2.6035834266517357
24150,48.0,0.27793218454697055
24200,100.0,1.083935519733185
24250,100.0,2.473596442468038
24300,100.0,12.479155086158977
24350,100.0,1.584213451917732
24400,96.0,2.9722222222222223
24450,0.0,4.301369863013699
24500,0.0,5.594594594594595
24550,24.0,6.6078116639914395
24600,100.0,0.9095773140716961
24650,100.0,2.247191011235955
24700,100.0,0.3477795612627073
24750,100.0,1.3911182450508293
24800,100.0,2.7287319422150884
24850,6.0,4.015852047556143
24900,0.0,5.267275097783573
24950,14.000000000000002,6.2403300670448685
25000,100.0,0.7478081485301702
25050,100.0,2.0371325425477047
25100,100.0,9.386281588447654
25150,100.0,1.2119649303764828
25200,100.0,2.5012893243940173
25250,16.0,3.8451477896939577
25300,0.0,5.250533049040511
25350,4.0,6.670267350796652
25400,100.0,0.6481231433972455
25450,100.0,1.9983796921415067
25500,100.0,0.351066702673508
25550,100.0,1.1342155009451798
25600,100.0,2.484472049689441
25650,26.0,3.8819026790595954
25700,0.0,5.3392658509454956
25750,2.0,6.843891402714933
25800,90.0,0.4814500141602946
25850,100.0,1.8974794675729254
25900,100.0,0.2832058906825262
25950,100.0,0.9912206173888417
26000,100.0,2.4072500708014726
26050,40.0,3.8571428571428568
26100,0.0,5.39044289044289
26150,0.0,6.799768518518519
26200,0.0,8.128921848260125
26250,0.0,9.420697412823396
26300,0.0,10.676650027731558
