250,49.2,0.0
500,21.2,0.0
750,30.4,0.0
1000,41.199999999999996,0.0
1250,41.199999999999996,0.0
1500,31.6,0.0
1750,62.4,0.0
2000,58.8,0.0
2250,64.4,0.0
2500,48.0,0.0
2750,35.199999999999996,0.0
3000,63.2,0.0
3250,70.0,0.0
3500,69.6,0.0
3750,53.2,0.0
4000,37.6,0.0
4250,58.8,0.0
4500,65.2,0.0
4750,85.6,0.0
5000,85.6,0.0
5250,64.4,0.0
5500,86.8,0.0
5750,98.8,0.0
6000,98.8,0.0
6250,84.0,0.0
6500,58.8,0.0
6750,84.0,0.0
7000,95.6,0.0
7250,94.8,0.0
7500,87.6,0.0
7750,47.599999999999994,0.0
8000,27.200000000000003,0.0
8250,57.99999999999999,0.0
8500,64.8,0.0
8750,76.4,0.0
9000,60.0,0.0
9250,62.0,0.0
9500,64.0,0.0
9750,60.8,0.0
10000,58.8,0.0
10250,61.6,0.0
10500,64.0,0.0
10750,64.0,0.0
11000,62.8,0.0
11250,60.4,0.0
11500,63.2,0.0
11750,78.8,0.0
12000,65.60000000000001,0.0
12250,69.19999999999999,0.0
12500,82.0,0.0
12750,58.8,0.0
13000,74.4,0.0
13250,93.2,0.0
13500,95.6,0.0
13750,82.8,0.0
14000,70.0,0.0
14250,90.8,0.0
14500,94.8,0.0
14750,93.60000000000001,0.0
15000,76.8,0.0
15250,63.2,0.0
15500,85.6,0.0
15750,91.2,0.0
16000,62.4,0.0
16250,57.99999999999999,0.0
16500,61.6,0.0
16750,94.0,0.0
17000,91.60000000000001,0.0
17250,91.60000000000001,0.0
17500,65.2,0.0
17750,64.4,0.0
18000,91.2,0.0
18250,93.2,0.0
18500,81.6,0.0
18750,56.39999999999999,0.0
19000,80.4,0.0
19250,94.0,0.0
19500,83.2,0.0
19750,75.2,0.0
20000,31.2,0.0
20250,43.6,0.0
20500,69.19999999999999,0.0
20750,62.4,0.0
21000,52.400000000000006,0.0
21250,53.6,0.0
21500,48.4,0.0
21750,56.00000000000001,0.0
22000,59.599999999999994,0.0
22250,84.39999999999999,0.0
22500,97.6,0.0
22750,96.0,0.0
23000,84.8,0.0
23250,44.0,0.0
23500,82.8,0.0
23750,95.19999999999999,0.0
24000,67.2,0.0
24250,76.8,0.0
24500,74.8,0.0
24750,84.8,0.0
25000,44.0,0.0
25250,83.2,0.0
25500,60.8,0.0
25750,45.6,0.0
26000,98.0,0.0
26250,8.0,0.0
