250,49.2,100.0
500,21.2,100.0
750,30.4,100.0
1000,41.199999999999996,100.0
1250,41.199999999999996,100.0
1500,31.6,25.12980269989616
1750,62.4,36.329233680227055
2000,58.8,48.53448275862069
2250,62.4,56.752411575562704
2500,45.2,63.4235552304316
2750,34.8,67.8477690288714
3000,57.599999999999994,69.625
3250,70.0,71.1044776119403
3500,69.6,72.69076305220884
3750,53.2,74.40860215053763
4000,37.2,76.68161434977578
4250,57.99999999999999,77.7988614800759
4500,63.6,78.60082304526749
4750,77.2,80.03565062388593
5000,85.2,83.76480912681001
5250,64.0,87.68514600084639
5500,86.0,90.97744360902256
5750,93.2,94.62861938732689
6000,71.6,95.08196721311475
6250,50.0,99.89276139410188
6500,26.8,99.90224828934507
6750,49.2,99.9498997995992
7000,61.6,99.95219885277247
7250,48.4,99.95374653098983
7500,54.400000000000006,99.95361781076066
7750,28.799999999999997,99.95389580451821
8000,27.200000000000003,99.95414947271894
8250,57.99999999999999,96.23188405797102
8500,64.8,96.3855421686747
8750,62.4,97.02486678507994
9000,60.0,99.48914431673053
9250,62.0,99.95855781185247
9500,64.0,99.95855781185247
9750,60.8,99.95948136142626
10000,53.6,98.18826309570697
10250,41.6,99.92254066615027
10500,31.6,99.87735077677841
10750,31.6,99.88536492166602
11000,26.8,99.96209249431386
11250,23.200000000000003,99.96268656716418
11500,30.4,99.9297259311314
11750,46.0,99.96527777777777
12000,62.8,99.81916817359856
12250,68.4,99.96374184191443
12500,33.6,99.96219281663517
12750,25.6,99.96460176991151
13000,45.2,99.96538594669437
13250,93.2,99.9285459092533
13500,95.19999999999999,99.96323529411765
13750,81.6,99.96323529411765
14000,47.199999999999996,99.9634636463281
14250,48.0,99.96150885296382
14500,54.800000000000004,99.95685936151855
14750,61.6,99.95838535164377
15000,44.4,99.9514091350826
15250,32.800000000000004,99.95495495495496
15500,58.4,99.82363315696648
15750,51.2,99.91624790619765
16000,60.8,99.9538745387454
16250,29.2,99.95604395604396
16500,30.0,99.91532599491956
16750,64.4,99.9582985821518
17000,67.60000000000001,98.20907955018741
17250,91.60000000000001,99.08940397350993
17500,64.4,99.83935742971887
17750,64.0,99.84484096198604
18000,90.8,99.88452655889145
18250,89.2,99.95911692559281
18500,50.4,99.95724668661822
18750,19.2,99.9545867393279
19000,46.800000000000004,99.95709995709996
19250,64.8,99.91115059973346
19500,49.2,99.867197875166
19750,34.8,99.89412387506617
20000,4.3999999999999995,99.95238095238095
20250,22.400000000000002,99.86547085201794
20500,22.400000000000002,98.7991718426501
20750,34.8,98.71794871794873
21000,51.2,98.51190476190477
21250,50.4,98.42913245269547
21500,47.199999999999996,98.21734658896126
21750,56.00000000000001,97.01492537313433
22000,60.0,97.03703703703704
22250,84.39999999999999,97.07379134860051
22500,97.2,97.08029197080292
22750,95.6,97.11842938568715
23000,85.6,97.1150830981499
23250,47.199999999999996,97.19287654693632
23500,86.0,97.22222222222221
23750,95.19999999999999,97.23214285714286
24000,67.2,97.2980825101685
24250,74.4,97.34740444951512
24500,59.199999999999996,97.42239467849224
24750,84.8,97.44925946242458
25000,44.0,97.54358161648177
25250,83.2,98.36504958456177
25500,60.8,97.18232044198895
25750,45.6,93.15147997678469
26000,98.0,93.14152862539959
26250,8.0,93.65811473046988
