250,49.2,100.0
500,20.4,40.993788819875775
750,22.0,71.15789473684211
1000,30.4,78.91156462585033
1250,37.6,83.40192043895748
1500,30.0,86.71875
1750,53.2,89.34850051706307
2000,28.4,99.88038277511961
2250,38.800000000000004,99.88584474885845
2500,30.8,99.895178197065
2750,32.0,99.8805256869773
3000,50.0,99.88558352402745
3250,59.599999999999994,99.88317757009347
3500,48.8,99.88137603795967
3750,36.4,99.87562189054727
4000,33.6,99.87063389391979
4250,52.400000000000006,99.88465974625143
4500,48.8,99.6470588235294
4750,49.6,99.88137603795967
5000,35.6,99.87745098039215
5250,29.2,99.69199178644764
5500,46.800000000000004,99.88465974625143
5750,57.99999999999999,99.87995198079231
6000,57.199999999999996,99.87878787878788
6250,26.0,99.86013986013987
6500,24.0,99.88109393579072
6750,46.0,99.88636363636364
7000,51.6,99.88439306358381
7250,39.2,99.57446808510639
7500,26.8,99.68586387434554
7750,28.799999999999997,99.89816700610999
8000,25.2,99.89806320081549
8250,46.800000000000004,99.800796812749
8500,50.8,99.77924944812362
8750,37.6,99.89350372736953
9000,26.0,99.90583804143127
9250,28.000000000000004,99.83249581239531
9500,34.0,99.9260901699926
9750,30.4,99.91850040749797
10000,33.6,99.92498124531133
10250,27.200000000000003,99.93215739484395
10500,30.8,99.93891264508247
10750,30.8,99.94475138121547
11000,26.8,99.94982438534872
11250,22.400000000000002,99.9540018399264
11500,29.599999999999998,99.95717344753747
11750,45.2,99.95949777237747
12000,33.6,99.96194824961948
12250,56.8,99.96155324875048
12500,28.000000000000004,99.96048992493087
12750,25.6,99.92363497518136
13000,20.8,99.95698924731182
13250,37.2,99.89373007438896
13500,46.0,99.89429175475686
13750,24.8,99.88571428571429
14000,16.400000000000002,99.88776655443323
14250,19.2,99.89572471324296
14500,43.2,99.89417989417989
14750,38.0,99.89539748953975
15000,30.8,99.8868778280543
15250,32.800000000000004,99.90458015267176
15500,50.4,99.88925802879291
15750,42.0,99.88700564971752
16000,31.2,99.74747474747475
16250,18.0,99.86130374479889
16500,25.6,99.33035714285714
16750,62.0,99.7920997920998
17000,54.0,99.88276670574443
17250,27.6,99.87146529562982
17500,26.0,99.89440337909187
17750,30.0,99.89785495403473
18000,46.800000000000004,99.89165763813651
18250,47.199999999999996,99.89071038251366
18500,22.400000000000002,99.89680082559339
18750,16.400000000000002,99.87608426270135
19000,40.8,99.89247311827957
19250,54.800000000000004,99.67462039045553
19500,25.2,99.89200863930886
19750,18.8,99.8489425981873
20000,4.0,99.88876529477196
20250,17.2,99.90900818926298
20500,18.0,99.92260061919505
20750,32.4,99.93031358885017
21000,50.0,99.93493819128172
21250,49.2,99.87871437234688
21500,46.400000000000006,99.94305239179954
21750,54.400000000000006,99.94574064026045
22000,59.599999999999994,99.94815966822188
22250,84.0,99.94921279837482
22500,77.60000000000001,99.94813278008299
22750,77.60000000000001,99.8896247240618
23000,48.0,99.90089197224975
23250,46.400000000000006,99.81600735970562
23500,76.4,96.40831758034027
23750,61.199999999999996,99.644128113879
24000,51.2,99.75186104218362
24250,72.8,99.77777777777777
24500,20.8,99.79674796747967
24750,70.0,97.65258215962442
25000,26.400000000000002,55.55555555555556
25250,78.0,21.73913043478261
25500,60.8,77.20797720797721
25750,40.0,43.103448275862064
26000,98.0,98.01699716713881
26250,2.8000000000000003,55.10204081632652
