50,40.0,0.0
100,72.0,0.0
150,30.0,0.0
200,36.0,0.0
250,68.0,0.0
300,56.00000000000001,0.0
350,8.0,0.0
400,18.0,0.0
450,18.0,0.0
500,6.0,0.0
550,12.0,0.0
600,34.0,0.0
650,16.0,0.0
700,44.0,0.0
750,46.0,0.0
800,56.00000000000001,0.0
850,40.0,0.0
900,36.0,0.0
950,38.0,0.0
1000,36.0,0.0
1050,38.0,0.0
1100,44.0,0.0
1150,44.0,0.0
1200,36.0,0.0
1250,44.0,0.0
1300,34.0,0.0
1350,40.0,0.0
1400,32.0,0.0
1450,18.0,0.0
1500,34.0,0.0
1550,42.0,0.0
1600,56.00000000000001,0.0
1650,76.0,0.0
1700,70.0,0.0
1750,68.0,0.0
1800,72.0,0.0
1850,52.0,0.0
1900,46.0,0.0
1950,60.0,0.0
2000,64.0,0.0
2050,70.0,0.0
2100,60.0,0.0
2150,68.0,0.0
2200,57.99999999999999,0.0
2250,66.0,0.0
2300,66.0,0.0
2350,72.0,0.0
2400,40.0,0.0
2450,30.0,0.0
2500,32.0,0.0
2550,44.0,0.0
2600,32.0,0.0
2650,38.0,0.0
2700,28.000000000000004,0.0
2750,34.0,0.0
2800,44.0,0.0
2850,68.0,0.0
2900,76.0,0.0
2950,56.00000000000001,3.7059913526868438
3000,72.0,6.736068585425597
3050,68.0,9.70285021224985
3100,74.0,11.010830324909747
3150,68.0,11.32300357568534
3200,68.0,11.03896103896104
3250,72.0,1.639344262295082
3300,72.0,0.2915451895043732
3350,72.0,2.7777777777777777
3400,68.0,5.6192660550458715
3450,72.0,8.418657565415245
3500,64.0,11.14864864864865
3550,66.0,12.660345789180145
3600,66.0,13.259668508287293
3650,56.00000000000001,13.209606986899564
3700,44.0,7.903225806451612
3750,34.0,7.025884838880085
3800,36.0,6.701298701298701
3850,42.0,0.4624871531346352
3900,42.0,2.9873417721518987
3950,36.0,5.4309915296462385
4000,32.0,6.810387065164135
4050,32.0,6.795180722891566
4100,48.0,6.996668253212755
4150,72.0,1.6075650118203308
4200,72.0,1.2212306247064348
4250,70.0,3.078358208955224
4300,66.0,5.367885238315594
4350,68.0,5.971520440973817
4400,66.0,6.836827711941659
4450,64.0,8.78623188405797
4500,62.0,10.821733273462057
4550,66.0,1.4260249554367201
4600,72.0,1.4614703277236492
4650,94.0,3.6709420610349404
4700,96.0,5.877154220061865
4750,100.0,7.467962881131242
4800,100.0,6.937693327441449
4850,96.0,7.0198675496688745
4900,100.0,7.06401766004415
4950,64.0,6.92071835304424
5000,68.0,9.047411918225315
5050,64.0,11.135088476478204
5100,56.00000000000001,11.201368106028218
5150,64.0,11.20067882901994
5200,74.0,5.9071729957805905
5250,64.0,7.969798657718121
5300,64.0,9.991673605328891
5350,76.0,10.066280033140016
5400,100.0,1.035625517812759
5450,94.0,1.5308233347124536
5500,100.0,3.5995035167563096
5550,100.0,8.440215142738932
5600,100.0,10.260653702937526
5650,94.0,6.40495867768595
5700,100.0,7.148760330578513
5750,100.0,7.355371900826446
5800,96.0,1.032204789430223
5850,100.0,1.4450867052023122
5900,100.0,3.1791907514450863
5950,98.0,5.241436236070986
6000,100.0,5.20016508460586
6050,90.0,5.564715581203627
6100,100.0,5.6471558120362735
6150,92.0,22.51028806584362
6200,76.0,9.090909090909092
6250,62.0,0.3250711093051605
6300,56.00000000000001,2.3358840112766814
6350,68.0,4.321728691476591
6400,68.0,6.282306163021868
6450,50.0,8.195429472025216
6500,52.0,9.679937548790008
6550,64.0,8.875968992248062
6600,70.0,5.394990366088632
6650,88.0,1.0814986481266897
6700,98.0,2.0077220077220077
6750,100.0,1.8532818532818531
6800,98.0,3.7823234272481665
6850,90.0,5.624036979969183
6900,100.0,5.469953775038521
6950,98.0,6.122448979591836
7000,92.0,5.92079969242599
7050,100.0,0.8842752787389465
7100,100.0,2.8066128412149176
7150,80.0,1.1578541103820919
7200,44.0,2.4171539961013644
7250,50.0,2.7365129007036746
7300,68.0,4.248623131392605
7350,66.0,5.861386138613861
7400,68.0,7.885304659498208
7450,50.0,9.6
7500,22.0,9.523809523809524
7550,34.0,9.527622097678142
7600,38.0,8.043217286914766
7650,30.0,10.192616372391655
7700,10.0,8.383233532934131
7750,32.0,8.463073852295409
7800,36.0,7.544910179640718
7850,12.0,9.430959013131716
7900,18.0,10.890302066772655
7950,54.0,1.1177644710578842
8000,16.0,2.7991886409736306
8050,56.00000000000001,4.443538524256013
8100,68.0,6.524415264669675
8150,62.0,8.643507030603805
8200,44.0,8.919597989949748
8250,60.0,9.131803868645974
8300,68.0,9.6045197740113
8350,72.0,1.216089803554724
8400,74.0,1.1157601115760112
8450,44.0,1.5603487838458008
8500,66.0,3.1420765027322406
8550,68.0,4.3399638336347195
8600,70.0,4.4903457566232605
8650,90.0,6.048387096774194
8700,84.0,7.098214285714286
8750,70.0,8.736141906873614
8800,64.0,9.898812142542896
8850,62.0,10.776614310645725
8900,56.00000000000001,11.970613656006915
8950,50.0,11.329628046173578
9000,68.0,11.210191082802549
9050,68.0,10.19189765458422
9100,64.0,9.372349448685327
9150,57.99999999999999,10.08827238335435
9200,52.0,5.414410662224074
9250,68.0,7.447248655357881
9300,70.0,9.375
9350,57.99999999999999,8.397880146759071
9400,57.99999999999999,7.922392886014551
9450,66.0,7.908470493777599
9500,68.0,1.1536876802637
9550,68.0,3.1927957429390093
9600,46.0,0.41067761806981523
9650,57.99999999999999,2.4580090126997134
9700,68.0,4.477004477004478
9750,64.0,0.2025111381125962
9800,56.00000000000001,0.24360535931790497
9850,32.0,1.0887096774193548
9900,54.0,2.277267279264882
9950,68.0,4.128622469233823
10000,60.0,6.065380070894053
10050,52.0,6.7499024580569635
10100,68.0,6.3202791779759595
10150,56.00000000000001,4.459823144944252
10200,66.0,4.507257448433919
10250,66.0,5.426944971537002
10300,66.0,7.277526395173455
10350,64.0,9.111361079865016
10400,56.00000000000001,10.412792859799183
10450,68.0,9.648798521256932
10500,66.0,9.44158706833211
10550,64.0,9.963503649635037
10600,56.00000000000001,7.971014492753622
10650,68.0,7.096541786743515
10700,68.0,6.73352435530086
10750,64.0,5.800711743772242
10800,60.0,5.830388692579505
10850,68.0,4.743499648629656
10900,64.0,5.935754189944134
10950,62.0,7.353451266042317
11000,60.0,7.165001722356183
11050,68.0,7.399794450154163
11100,68.0,5.621805792163544
11150,52.0,7.2758037225042305
11200,54.0,8.562793821356616
11250,52.0,8.49433710859427
11300,70.0,7.623467020218761
11350,66.0,8.047493403693931
11400,48.0,9.61412688031393
11450,66.0,6.345590628050765
11500,66.0,3.7540453074433655
11550,60.0,3.6012861736334405
11600,66.0,3.613687240166293
11650,70.0,4.099935938500961
11700,98.0,1.440922190201729
11750,100.0,1.3128402177393532
11800,94.0,2.464788732394366
11850,98.0,4.064
11900,98.0,3.8387715930902107
11950,88.0,4.150702426564496
12000,100.0,9.163473818646233
12050,98.0,1.4691791759821142
12100,98.0,0.5747126436781609
12150,82.0,0.3821656050955414
12200,100.0,1.6878980891719746
12250,100.0,3.2802547770700636
12300,100.0,4.872611464968153
12350,90.0,6.454689984101749
12400,90.0,7.396825396825397
12450,96.0,7.4238578680203045
12500,46.0,2.0762423417290674
12550,26.0,1.7857142857142856
12600,14.000000000000002,2.36983842010772
12650,16.0,3.5398230088495577
12700,36.0,4.620231011550578
12750,36.0,5.538248528902734
12800,28.000000000000004,6.534382483749572
12850,46.0,7.637231503579953
12900,68.0,0.8506294658046955
12950,100.0,2.459300311742293
13000,90.0,0.8397480755773268
13050,98.0,1.6531832571227576
13100,100.0,3.4275618374558303
13150,100.0,5.22202486678508
13200,80.0,7.015669515669516
13250,88.0,0.5740940078937926
13300,100.0,2.382671480144404
13350,100.0,4.212055192447349
13400,96.0,1.1317999269806498
13450,90.0,1.9874861980125138
13500,90.0,3.8433111603843315
13550,100.0,5.724907063197026
13600,98.0,7.623318385650224
13650,92.0,0.300187617260788
13700,76.0,1.7695783132530123
13750,42.0,2.548725637181409
13800,34.0,2.9806259314456036
13850,24.0,4.140246176799701
13900,68.0,5.524657026325547
13950,60.0,6.164636397194537
14000,52.0,7.053941908713693
14050,52.0,7.172517931294828
14100,52.0,6.8405139833711255
14150,72.0,7.237589996210686
14200,82.0,1.937689969604863
14250,84.0,2.482811306340718
14300,82.0,4.423076923076923
14350,100.0,6.412747765254567
14400,84.0,8.339828526890102
14450,100.0,10.352941176470589
14500,92.0,11.790393013100436
14550,100.0,1.2779552715654952
14600,66.0,2.289156626506024
14650,52.0,4.3232323232323235
14700,86.0,6.384709231394877
14750,100.0,8.466257668711656
14800,92.0,9.372419488026425
14850,46.0,9.991708126036485
14900,36.0,2.5311203319502074
14950,40.0,2.4927295388450355
15000,38.0,2.6993355481727574
15050,28.000000000000004,2.44104261481175
15100,34.0,2.5798525798525795
15150,70.0,3.240360951599672
15200,54.0,3.727980335927898
15250,64.0,4.217854217854218
15300,68.0,4.6254604993860005
15350,90.0,1.2767710049423393
15400,94.0,1.1152416356877324
15450,78.0,0.8285004142502072
15500,100.0,2.921535893155259
15550,92.0,5.03989920201596
15600,78.0,6.7368421052631575
15650,78.0,3.3948030176026824
15700,68.0,4.8293089092422985
15750,98.0,1.0403662089055348
15800,100.0,1.2484394506866416
15850,100.0,3.3291718684977116
15900,92.0,5.414410662224074
15950,96.0,7.534533277521975
16000,80.0,9.587328053355565
16050,76.0,3.4010783907092494
16100,52.0,5.420944558521561
16150,60.0,5.625764370158989
16200,68.0,5.386796273795059
16250,54.0,5.797101449275362
16300,60.0,5.8706070287539935
16350,56.00000000000001,5.225653206650831
16400,68.0,6.215578284815106
16450,70.0,6.815511163337249
16500,32.0,6.359300476947535
16550,72.0,0.7704785077047851
16600,70.0,1.2898024989923418
16650,66.0,1.03777501037775
16700,46.0,1.437962202136401
16750,68.0,2.6948590381426203
16800,84.0,4.268545379196022
16850,98.0,6.265560165975104
16900,82.0,1.7558528428093645
16950,86.0,1.208837015423093
17000,92.0,0.8746355685131195
17050,98.0,2.955870108243131
17100,92.0,5.029093931837074
17150,80.0,7.092492741600996
17200,88.0,9.147350993377483
17250,100.0,6.291390728476822
17300,80.0,8.32646331409728
17350,48.0,3.0712530712530715
17400,64.0,4.026026840178934
17450,68.0,4.6060606060606055
17500,66.0,5.256821829855538
17550,52.0,4.213036565977743
17600,44.0,4.04874213836478
17650,52.0,4.750778816199377
17700,74.0,5.889190236342503
17750,100.0,1.084850833010461
17800,98.0,1.471727343144849
17850,98.0,3.4082106893880715
17900,78.0,5.324074074074074
17950,82.0,3.1141868512110724
18000,100.0,5.036524413687044
18050,100.0,6.958861976163014
18100,100.0,0.9996155324875048
18150,90.0,0.9976976208749041
18200,76.0,2.7883880825057297
18250,100.0,4.698242933537052
18300,90.0,6.638526477359939
18350,100.0,8.553893364019945
18400,90.0,10.260336906584993
18450,62.0,11.36450019004181
18500,66.0,4.11631419939577
18550,68.0,4.091591591591592
18600,66.0,4.364043267437523
18650,52.0,3.5859519408502774
18700,50.0,3.04029304029304
18750,46.0,2.8291621327529923
18800,46.0,3.4123563218390807
18850,64.0,4.282655246252676
18900,98.0,0.9275775954334641
18950,98.0,1.0342368045649073
19000,92.0,2.8153955808980755
19050,88.0,4.587482219061166
19100,94.0,0.44659471529586897
19150,100.0,2.3074060290286567
19200,92.0,0.22522522522522523
19250,78.0,2.1663442940038684
19300,88.0,0.8560311284046693
19350,96.0,2.1641486320947325
19400,78.0,1.6293279022403258
19450,68.0,3.6422501011736137
19500,66.0,5.627009646302251
19550,90.0,7.838283828382838
19600,96.0,9.900990099009901
19650,56.00000000000001,10.586787033237586
19700,48.0,10.040816326530612
19750,48.0,5.3977272727272725
19800,48.0,5.290791599353796
19850,42.0,5.069860279441118
19900,46.0,5.726698262243286
19950,34.0,7.602339181286549
20000,34.0,9.430331023864511
20050,44.0,11.233815689261235
20100,66.0,13.053348467650396
20150,68.0,14.904027098231087
20200,52.0,17.05544933078394
20250,56.00000000000001,18.800152846771113
20300,62.0,20.657995409334355
20350,64.0,7.288854608561511
20400,78.0,8.278274387874077
20450,52.0,2.7777777777777777
20500,38.0,4.721030042918455
20550,34.0,6.6253390158853165
20600,24.0,7.39736638264911
20650,36.0,7.421576128538638
20700,46.0,4.906808672499049
20750,46.0,4.747550866616428
20800,52.0,4.592979835698283
20850,64.0,3.635014836795252
20900,50.0,3.4203751379183522
20950,46.0,3.3503277494537507
21000,50.0,2.527075812274368
21050,60.0,2.6523297491039424
21100,48.0,4.4065387348969445
21150,50.0,4.545454545454546
21200,50.0,3.3554701153442856
21250,50.0,4.854368932038835
21300,44.0,5.402615278733655
21350,60.0,3.93028024606972
21400,44.0,4.372881355932203
21450,36.0,5.10752688172043
21500,52.0,4.933333333333334
21550,60.0,3.9735099337748347
21600,54.0,3.581991455800197
21650,50.0,3.069888961463096
21700,62.0,2.4991885751379423
21750,57.99999999999999,2.837794259916156
21800,66.0,2.790250160359205
21850,60.0,2.5191326530612246
21900,60.0,3.1388712745719722
21950,34.0,4.4940289126335635
22000,80.0,3.571428571428571
22050,80.0,3.653966271080575
22100,84.0,3.08411214953271
22150,82.0,1.4911463187325256
22200,76.0,1.826060043330238
22250,100.0,2.692664809656453
22300,94.0,1.7934446505875077
22350,96.0,1.6378244746600743
22400,100.0,1.5451174289245984
22450,98.0,3.0892801977139324
22500,98.0,5.1266213712168005
22550,94.0,1.974699166923789
22600,100.0,3.0555555555555554
22650,94.0,2.0968239284613013
22700,92.0,1.1703110563597166
22750,100.0,1.6630736064059133
22800,80.0,2.425544980042984
22850,100.0,3.3159349094258523
22900,98.0,5.681818181818182
22950,72.0,4.8959608323133414
23000,78.0,2.92772186642269
23050,64.0,4.428268122535639
23100,18.0,5.432172869147659
23150,34.0,5.468053491827638
23200,62.0,5.526004728132388
23250,57.99999999999999,5.462555066079295
23300,54.0,4.288214702450408
23350,100.0,0.9334889148191364
23400,94.0,0.9618187117458467
23450,82.0,2.005813953488372
23500,100.0,3.4593023255813953
23550,100.0,4.912790697674419
23600,90.0,4.586357039187227
23650,86.0,1.8829663962920047
23700,100.0,6.3441483198146
23750,100.0,5.880648899188876
23800,100.0,5.822711471610661
23850,57.99999999999999,6.133026202130723
23900,64.0,3.723861357777141
23950,54.0,3.158793397837222
24000,60.0,3.11262026032824
24050,57.99999999999999,2.447257383966245
24100,66.0,2.6035834266517357
24150,48.0,0.27793218454697055
24200,100.0,1.083935519733185
24250,100.0,2.473596442468038
24300,100.0,3.7520844913841023
24350,100.0,1.584213451917732
24400,96.0,2.9722222222222223
24450,0.0,4.301369863013699
24500,0.0,5.594594594594595
24550,24.0,6.6078116639914395
24600,100.0,0.9095773140716961
24650,100.0,2.247191011235955
24700,100.0,0.3477795612627073
24750,100.0,1.3911182450508293
24800,100.0,2.7287319422150884
24850,6.0,4.015852047556143
24900,0.0,5.267275097783573
24950,14.000000000000002,6.2403300670448685
25000,100.0,0.7478081485301702
25050,100.0,2.0371325425477047
25100,100.0,3.481175863847344
25150,100.0,1.2119649303764828
25200,100.0,2.5012893243940173
25250,16.0,3.8491751767478397
25300,0.0,5.254734595892238
25350,4.0,6.68109277792805
25400,100.0,0.6491750067622396
25450,100.0,2.0016229375169057
25500,100.0,0.3516364619962132
25550,100.0,1.1360562618339194
25600,100.0,2.4885041925885854
25650,26.0,3.8850889192886457
25700,0.0,5.348189415041783
25750,2.0,6.849702802151146
25800,90.0,0.48185941043083896
25850,100.0,1.899092970521542
25900,100.0,0.2834467120181406
25950,100.0,0.992063492063492
26000,100.0,2.409297052154195
26050,40.0,3.86045181584215
26100,0.0,5.395158938466025
26150,0.0,6.805676223573704
26200,0.0,8.135883528404225
26250,0.0,9.428651843512524
26300,0.0,10.685539827921177
