50,40.0,0.0
100,72.0,0.0
150,30.0,0.0
200,36.0,0.0
250,68.0,0.0
300,56.00000000000001,0.0
350,8.0,0.0
400,18.0,0.0
450,18.0,0.0
500,6.0,0.0
550,12.0,0.0
600,34.0,0.0
650,16.0,0.0
700,44.0,0.0
750,46.0,0.0
800,56.00000000000001,0.0
850,40.0,0.0
900,36.0,0.0
950,38.0,0.0
1000,36.0,0.0
1050,38.0,0.0
1100,44.0,0.0
1150,44.0,0.0
1200,36.0,0.0
1250,44.0,0.0
1300,34.0,0.0
1350,40.0,0.0
1400,32.0,0.0
1450,18.0,0.0
1500,34.0,0.0
1550,42.0,0.0
1600,56.00000000000001,0.0
1650,76.0,0.0
1700,70.0,0.0
1750,68.0,0.0
1800,72.0,0.0
1850,52.0,0.0
1900,46.0,0.0
1950,60.0,0.0
2000,64.0,0.0
2050,70.0,0.0
2100,60.0,0.0
2150,68.0,0.0
2200,57.99999999999999,0.0
2250,66.0,0.0
2300,66.0,0.0
2350,72.0,0.0
2400,40.0,0.0
2450,30.0,0.0
2500,32.0,0.0
2550,44.0,2.771855010660981
2600,32.0,2.7102154273801253
2650,38.0,2.043596730245232
2700,28.000000000000004,5.319148936170213
2750,34.0,8.458035133376708
2800,44.0,11.501597444089457
2850,68.0,1.6466117796073463
2900,74.0,2.0125786163522013
2950,50.0,3.7290242386575514
3000,72.0,6.777572396796057
3050,68.0,9.762050030506407
3100,74.0,11.077481840193705
3150,68.0,11.390887290167866
3200,68.0,11.104513064133016
3250,72.0,1.6489988221436984
3300,72.0,0.2932551319648094
3350,72.0,2.7939464493597206
3400,68.0,5.651672433679354
3450,72.0,8.466819221967963
3500,64.0,11.211778029445075
3550,66.0,12.731351654514864
3600,66.0,13.333333333333334
3650,56.00000000000001,13.2821075740944
3700,44.0,7.945945945945946
3750,34.0,7.063197026022305
3800,36.0,6.736292428198433
3850,42.0,0.46487603305785125
3900,42.0,3.0025445292620865
3950,36.0,5.458187280921382
4000,32.0,6.843919251600197
4050,32.0,6.828087167070218
4100,48.0,7.030129124820659
4150,72.0,1.6152019002375297
4200,72.0,1.2269938650306749
4250,70.0,3.0927835051546393
4300,66.0,5.3928405392840535
4350,68.0,5.9990770650669125
4400,66.0,6.868131868131869
4450,64.0,8.826205641492265
4500,62.0,10.870545782589085
4550,66.0,1.432408236347359
4600,72.0,1.4679715302491103
4650,94.0,3.68725011106175
4700,96.0,5.90324012427874
4750,100.0,7.412339103417666
4800,100.0,6.968486462494451
4850,96.0,7.0509977827051
4900,100.0,7.095343680709535
4950,64.0,6.951165860096789
5000,68.0,9.0869375273045
5050,64.0,11.183355006501952
5100,56.00000000000001,11.24946328896522
5150,64.0,11.248402215594377
5200,74.0,5.932203389830509
5250,64.0,8.003369839932603
5300,64.0,10.033444816053512
5350,76.0,10.108153078202994
5400,100.0,1.0399334442595674
5450,94.0,1.5371832156211052
5500,100.0,3.614457831325301
5550,100.0,8.226007478188617
5600,100.0,10.05400914000831
5650,94.0,6.431535269709543
5700,100.0,7.178423236514522
5750,100.0,7.385892116182573
5800,96.0,1.0364842454394694
5850,100.0,1.451077943615257
5900,100.0,3.1923714759535655
5950,98.0,5.263157894736842
6000,100.0,5.221715706589308
6050,90.0,5.587748344370861
6100,100.0,5.670529801324503
6150,92.0,22.43801652892562
6200,76.0,9.12828947368421
6250,56.00000000000001,0.3263973888208894
6300,56.00000000000001,2.3453295592397896
6350,68.0,4.339092004821214
6400,68.0,6.307385229540918
6450,50.0,8.227848101265822
6500,52.0,9.717868338557993
6550,64.0,8.910505836575876
6600,70.0,5.415860735009671
6650,88.0,1.0856921287320667
6700,98.0,2.0155038759689923
6750,100.0,1.8604651162790697
6800,98.0,3.7969779155366137
6850,90.0,5.645784996133024
6900,100.0,5.4911059551430785
6950,78.0,6.169965075669383
7000,60.0,6.003898635477583
7050,72.0,0.901607212857703
7100,8.0,2.914171656686627
7150,68.0,1.2053033346725592
7200,44.0,2.5172553796183514
7250,50.0,2.8501628664495113
7300,68.0,4.426229508196721
7350,66.0,6.10813041683863
7400,68.0,8.21917808219178
7450,50.0,10.008340283569641
7500,22.0,9.929078014184398
7550,34.0,9.93322203672788
7600,38.0,8.385481852315396
7650,30.0,10.627615062761505
7700,10.0,9.118541033434651
7750,32.0,9.742647058823529
7800,36.0,8.197463768115941
7850,12.0,8.126110124333925
7900,18.0,8.853030963802878
7950,54.0,1.2184508268059182
8000,16.0,1.0545621274644659
8050,56.00000000000001,2.3181818181818183
8100,68.0,3.15884476534296
8150,62.0,3.289791969037252
8200,44.0,2.846116739025567
8250,60.0,3.3444816053511706
8300,68.0,4.172593646277857
8350,72.0,1.2246820536975978
8400,74.0,1.1235955056179776
8450,44.0,1.5249537892791127
8500,66.0,3.1178358551123337
8550,68.0,4.096495220755576
8600,70.0,4.249547920433996
8650,64.0,3.9461883408071747
8700,82.0,5.1408135896289675
8750,70.0,6.616341030195382
8800,64.0,8.766519823788546
8850,62.0,10.80017490161784
8900,56.00000000000001,12.001733102253032
8950,50.0,11.35876553793399
9000,68.0,11.23882503192848
9050,68.0,10.196245733788396
9100,64.0,9.37632583792957
9150,57.99999999999999,10.09251471825063
9200,52.0,5.423445974134335
9250,68.0,7.459593866556154
9300,70.0,9.390444810543658
9350,57.99999999999999,8.411596570028584
9400,57.99999999999999,7.935222672064778
9450,66.0,7.9211901889827105
9500,68.0,1.1603812681309573
9550,68.0,3.211198023878139
9600,46.0,0.41305245766212306
9650,57.99999999999999,2.4600246002460024
9700,68.0,4.480651731160896
9750,64.0,0.2025931928687196
9800,56.00000000000001,0.2437043054427295
9850,32.0,1.008471157724889
9900,52.0,2.2373152217339194
9950,68.0,4.088924176260421
10000,60.0,6.025994486018117
10050,52.0,6.7499024580569635
10100,68.0,6.3202791779759595
10150,56.00000000000001,4.459823144944252
10200,66.0,4.507257448433919
10250,66.0,5.426944971537002
10300,66.0,7.277526395173455
10350,64.0,9.111361079865016
10400,56.00000000000001,10.412792859799183
10450,68.0,9.648798521256932
10500,66.0,9.44158706833211
10550,64.0,9.963503649635037
10600,56.00000000000001,7.971014492753622
10650,68.0,7.096541786743515
10700,68.0,6.73352435530086
10750,64.0,5.800711743772242
10800,60.0,5.830388692579505
10850,68.0,4.743499648629656
10900,64.0,5.935754189944134
10950,62.0,7.353451266042317
11000,60.0,7.165001722356183
11050,68.0,7.399794450154163
11100,68.0,5.621805792163544
11150,52.0,7.2758037225042305
11200,54.0,8.562793821356616
11250,52.0,8.49433710859427
11300,70.0,7.623467020218761
11350,66.0,8.047493403693931
11400,48.0,9.61412688031393
11450,66.0,6.345590628050765
11500,66.0,3.7540453074433655
11550,60.0,3.6012861736334405
11600,66.0,3.613687240166293
11650,70.0,4.099935938500961
11700,98.0,1.440922190201729
11750,100.0,1.3128402177393532
11800,94.0,2.464788732394366
11850,98.0,4.064
11900,64.0,4.163775156141568
11950,57.99999999999999,4.725554343874955
12000,68.0,6.396819660281894
12050,70.0,1.6540812657317512
12100,80.0,0.6449301325689717
12150,72.0,0.44004400440044
12200,68.0,1.9321910317170983
12250,70.0,3.7345902828136333
12300,60.0,5.50755939524838
12350,57.99999999999999,7.252590210789569
12400,60.0,8.855948308627898
12450,62.0,8.830188679245284
12500,24.0,8.625840179238239
12550,26.0,6.998158379373849
12600,14.000000000000002,6.932849364791288
12650,16.0,7.1939871152469586
12700,36.0,8.032554847841473
12750,36.0,7.802659202239329
12800,28.000000000000004,7.987551867219916
12850,16.0,8.70307167235495
12900,54.0,0.848320325755005
12950,100.0,2.450811183983431
13000,90.0,0.8307372793354102
13050,98.0,1.6262975778546713
13100,100.0,3.356401384083045
13150,100.0,5.086505190311419
13200,80.0,6.793103448275863
13250,88.0,0.5722460658082975
13300,100.0,2.375809935205184
13350,100.0,4.1998551774076756
13400,96.0,1.1276827937431793
13450,90.0,1.9816513761467889
13500,90.0,3.831982313927782
13550,100.0,5.707931801334322
13600,98.0,7.600596125186289
13650,92.0,0.29906542056074764
13700,76.0,1.7570093457943925
13750,42.0,2.514792899408284
13800,34.0,2.9229082937522834
13850,22.0,4.055059523809524
13900,68.0,5.399408284023669
13950,60.0,6.036069193963931
14000,52.0,6.813186813186813
14050,52.0,7.269303201506591
14100,52.0,6.93815987933635
14150,72.0,7.296786389413988
14200,82.0,2.047005307050796
14250,84.0,2.4771341463414633
14300,82.0,4.407819087773094
14350,100.0,6.397828615742536
14400,84.0,8.320373250388803
14450,100.0,10.328638497652582
14500,92.0,11.762376237623762
14550,100.0,1.2749003984063745
14600,70.0,2.274541101356744
14650,72.0,2.511961722488038
14700,100.0,4.543626859670286
14750,100.0,6.5911847957945815
14800,94.0,8.571428571428571
14850,78.0,9.611451942740286
14900,70.0,3.273322422258593
14950,70.0,3.1927957429390093
15000,68.0,3.23240589198036
15050,57.99999999999999,2.979591836734694
15100,66.0,3.6585365853658534
15150,74.0,4.286291953093409
15200,54.0,3.5313001605136436
15250,64.0,4.103585657370518
15300,68.0,4.3547110055423595
15350,90.0,1.2248123271434215
15400,94.0,1.0655090765588004
15450,78.0,0.8285004142502072
15500,100.0,2.921535893155259
15550,92.0,5.03989920201596
15600,78.0,2.736842105263158
15650,78.0,3.1852472757753563
15700,68.0,4.454621149042465
15750,98.0,1.0403662089055348
15800,100.0,1.2484394506866416
15850,100.0,3.3291718684977116
15900,92.0,5.414410662224074
15950,64.0,7.685738684884715
16000,44.0,1.6033755274261603
16050,48.0,1.8363939899833055
16100,32.0,2.901023890784983
16150,26.0,2.8181417877586967
16200,36.0,3.3000434216239687
16250,18.0,2.8521281263712157
16300,20.0,2.673566192324278
16350,26.0,3.183361629881155
16400,36.0,3.5175879396984926
16450,42.0,4.12725709372313
16500,26.0,4.104951333051206
16550,72.0,0.7993268826251577
16600,70.0,1.3377926421404682
16650,66.0,1.2868410128684102
16700,46.0,1.3557929334428924
16750,68.0,2.585487906588824
16800,68.0,3.5284350352843505
16850,66.0,3.2298657718120807
16900,82.0,1.7587939698492463
16950,86.0,1.210855949895616
17000,92.0,0.8768267223382045
17050,98.0,2.963272120200334
17100,92.0,5.041666666666666
17150,80.0,7.113144758735442
17200,88.0,9.1701244813278
17250,100.0,5.560165975103734
17300,80.0,6.950765411667356
17350,38.0,2.2540983606557377
17400,62.0,2.928019520130134
17450,68.0,4.202020202020202
17500,66.0,4.654895666131622
17550,52.0,3.7360890302066774
17600,44.0,3.380503144654088
17650,52.0,4.361370716510903
17700,74.0,5.501743510267338
17750,100.0,1.084850833010461
17800,98.0,1.471727343144849
17850,98.0,3.4082106893880715
17900,78.0,5.324074074074074
17950,82.0,3.1141868512110724
18000,100.0,5.036524413687044
18050,100.0,6.958861976163014
18100,100.0,0.9996155324875048
18150,90.0,0.9976976208749041
18200,76.0,2.7883880825057297
18250,100.0,4.698242933537052
18300,90.0,6.638526477359939
18350,100.0,8.553893364019945
18400,90.0,10.260336906584993
18450,62.0,11.36450019004181
18500,66.0,3.8897280966767376
18550,68.0,3.978978978978979
18600,66.0,4.140246176799701
18650,52.0,3.364140480591497
18700,50.0,2.93040293040293
18750,36.0,2.5533536585365852
18800,34.0,3.6273386788850703
18850,64.0,4.474781949184679
18900,98.0,0.9855951478392722
18950,98.0,1.098901098901099
19000,92.0,2.998102466793169
19050,82.0,5.005820721769499
19100,92.0,0.46565774155995343
19150,100.0,2.405898331393093
19200,92.0,0.23364485981308408
19250,96.0,2.178988326848249
19300,100.0,0.8560311284046693
19350,98.0,2.06145468689226
19400,78.0,1.6280016280016278
19450,68.0,3.6393044884755357
19500,66.0,5.622489959839357
19550,92.0,7.770961145194274
19600,98.0,9.811937857726901
19650,56.00000000000001,10.442260442260443
19700,48.0,10.093230644507498
19750,48.0,5.762987012987013
19800,48.0,5.4119547657512115
19850,42.0,5.1097804391217565
19900,46.0,5.845181674565561
19950,34.0,7.719298245614035
20000,22.0,9.798498617147372
20050,12.0,11.572815533980583
20100,34.0,13.34355828220859
20150,50.0,15.00952380952381
20200,16.0,19.32367149758454
20250,18.0,21.157167530224523
20300,24.0,22.94942626434339
20350,2.0,7.932489451476793
20400,10.0,8.819875776397515
20450,40.0,2.903885480572597
20500,36.0,4.884941461445297
20550,30.0,6.807324840764331
20600,24.0,7.490196078431373
20650,36.0,7.513555383423702
20700,38.0,4.952015355086373
20750,46.0,4.792696842906048
20800,52.0,4.636260836788542
20850,64.0,3.6690378135529764
20900,50.0,3.4521158129175946
20950,46.0,3.381109886071297
21000,50.0,2.5500910746812386
21050,60.0,2.6763110307414104
21100,48.0,4.446038006453926
21150,50.0,4.584221748400854
21200,50.0,3.38385618611209
21250,50.0,4.896817068905212
21300,44.0,5.455177206393329
21350,60.0,3.968253968253968
21400,44.0,4.4520547945205475
21450,36.0,5.164797825348284
21500,52.0,4.988203572632289
21550,60.0,4.017408771342485
21600,54.0,3.6212624584717608
21650,50.0,3.1064111037673494
21700,62.0,2.528735632183908
21750,57.99999999999999,2.8720626631853787
21800,66.0,2.8237585199610513
21850,60.0,2.5492094223943207
21900,60.0,3.1761308950914344
21950,34.0,4.545454545454546
22000,80.0,3.6121673003802277
22050,80.0,3.695514845230575
22100,84.0,3.119092627599244
22150,82.0,1.5080113100848256
22200,76.0,1.8466353677621283
22250,100.0,2.660406885758998
22300,94.0,1.813633520950594
22350,96.0,1.65625
22400,100.0,1.5625
22450,98.0,3.1240237425804436
22500,98.0,5.1217988757026855
22550,94.0,1.9968798751950079
22600,100.0,3.089887640449438
22650,94.0,2.1203617087620827
22700,92.0,1.183431952662722
22750,100.0,1.6817190906259734
22800,80.0,2.452654455138156
22850,100.0,3.3529959639863396
22900,98.0,5.279503105590062
22950,72.0,4.9504950495049505
23000,78.0,2.960222016651249
23050,64.0,4.477154247163447
23100,18.0,5.491504854368932
23150,34.0,5.527185340943226
23200,62.0,5.585424133811231
23250,57.99999999999999,5.520926090828139
23300,54.0,4.33372641509434
23350,100.0,0.9433962264150944
23400,94.0,0.9720176730486009
23450,82.0,2.027027027027027
23500,100.0,3.4958871915393654
23550,100.0,4.964747356051704
23600,90.0,4.634790261073628
23650,86.0,1.9028103044496487
23700,100.0,6.352459016393443
23750,100.0,5.942622950819672
23800,100.0,5.884074941451991
23850,57.99999999999999,6.197265056735525
23900,64.0,3.762662807525326
23950,54.0,3.1914893617021276
24000,60.0,3.1446540880503147
24050,57.99999999999999,2.47229326513214
24100,66.0,2.6300904977375565
24150,48.0,0.2807411566535654
24200,100.0,1.094890510948905
24250,100.0,2.498596294216732
24300,100.0,3.73385738349242
24350,100.0,1.600224592925323
24400,96.0,3.0022446689113353
24450,0.0,4.344216934144992
24500,0.0,5.649563318777292
24550,24.0,6.672069151809833
24600,100.0,0.9184224743381956
24650,100.0,2.2690437601296596
24700,100.0,0.3511615343057807
24750,100.0,1.4046461372231227
24800,100.0,2.755267423014587
24850,6.0,4.0544145105361435
24900,0.0,5.3171887338773365
24950,14.000000000000002,6.298802706923477
25000,100.0,0.7548152004164498
25050,100.0,2.056220718375846
25100,100.0,3.4617386777719936
25150,100.0,1.2233211868818323
25200,100.0,2.5247267048412283
25250,16.0,3.8735177865612647
25300,0.0,5.282917672298203
25350,4.0,6.73758865248227
25400,100.0,0.6546644844517185
25450,100.0,2.0185488270594654
25500,100.0,0.3546099290780142
25550,100.0,1.1456628477905073
25600,100.0,2.5095471903982545
25650,26.0,3.9150813344361732
25700,0.0,5.399325084364454
25750,2.0,6.902452937820878
25800,90.0,0.485575549842902
25850,100.0,1.9137389317337903
25900,100.0,0.2856326763781777
25950,100.0,0.9997143673236218
26000,100.0,2.42787774921451
26050,40.0,3.90851187029531
26100,0.0,5.4363796650014695
26150,0.0,6.86131386861314
26200,0.0,8.201438848920864
26250,0.0,9.50354609929078
26300,0.0,10.76923076923077
