250,48.0,0.0
500,16.8,0.0
750,9.6,0.0
1000,26.400000000000002,0.0
1250,30.8,0.0
1500,27.200000000000003,0.0
1750,45.2,0.0
2000,25.2,0.0
2250,33.6,0.0
2500,28.799999999999997,0.0
2750,28.4,0.0
3000,34.4,0.0
3250,40.0,0.0
3500,34.8,0.0
3750,34.8,0.0
4000,32.800000000000004,0.0
4250,48.8,0.0
4500,22.0,0.0
4750,48.4,0.0
5000,29.2,0.0
5250,28.799999999999997,0.0
5500,41.199999999999996,0.0
5750,31.2,0.0
6000,55.2,0.0
6250,22.0,0.0
6500,21.6,0.0
6750,35.199999999999996,0.0
7000,23.599999999999998,0.0
7250,36.8,0.0
7500,24.0,0.0
7750,26.8,0.0
8000,24.4,0.0
8250,28.000000000000004,0.0
8500,38.0,0.0
8750,25.6,0.0
9000,18.8,0.0
9250,20.8,0.0
9500,27.200000000000003,0.0
9750,22.8,0.0
10000,23.599999999999998,0.0
10250,27.200000000000003,0.0
10500,30.0,0.0
10750,30.8,0.0
11000,26.8,0.0
11250,22.400000000000002,0.0
11500,29.599999999999998,0.0
11750,37.2,0.0
12000,32.0,0.0
12250,49.2,0.0
12500,20.8,0.0
12750,24.8,0.0
13000,19.6,0.0
13250,34.4,0.0
13500,40.400000000000006,0.0
13750,21.6,0.0
14000,16.400000000000002,0.0
14250,10.4,0.0
14500,7.199999999999999,0.0
14750,30.0,0.0
15000,19.2,0.0
15250,24.4,0.0
15500,41.199999999999996,0.0
15750,20.8,0.0
16000,22.0,0.0
16250,17.2,0.0
16500,24.0,0.0
16750,35.6,0.0
17000,40.0,0.0
17250,24.4,0.0
17500,23.200000000000003,0.0
17750,29.2,0.0
18000,18.8,0.0
18250,41.199999999999996,0.0
18500,20.0,0.0
18750,16.0,0.0
19000,36.8,0.0
19250,32.0,0.0
19500,17.2,0.0
19750,18.4,0.0
20000,2.4,0.0
20250,16.400000000000002,0.0
20500,16.400000000000002,0.0
20750,28.799999999999997,0.0
21000,49.2,0.0
21250,48.4,0.0
21500,43.2,0.0
21750,52.400000000000006,0.0
22000,57.599999999999994,0.0
22250,67.60000000000001,0.0
22500,65.2,0.0
22750,69.19999999999999,0.0
23000,40.0,0.0
23250,34.8,0.0
23500,60.0,0.0
23750,39.6,0.0
24000,20.0,0.0
24250,30.4,0.0
24500,20.0,0.0
24750,16.0,0.0
25000,8.0,0.0
25250,8.0,0.0
25500,8.0,0.0
25750,4.0,0.0
26000,48.4,0.0
26250,0.0,0.0
