50,40.0,0.0
100,72.0,0.0
150,30.0,0.0
200,36.0,0.0
250,68.0,0.0
300,56.00000000000001,0.0
350,8.0,0.0
400,18.0,0.0
450,18.0,0.0
500,6.0,0.0
550,12.0,0.0
600,34.0,0.0
650,16.0,0.0
700,44.0,0.0
750,46.0,0.0
800,56.00000000000001,0.0
850,40.0,0.0
900,36.0,0.0
950,38.0,0.0
1000,36.0,0.0
1050,38.0,0.0
1100,44.0,0.0
1150,44.0,0.0
1200,36.0,0.0
1250,44.0,0.0
1300,34.0,6.0606060606060606
1350,40.0,11.695906432748536
1400,32.0,16.87289088863892
1450,18.0,21.50537634408602
1500,34.0,23.572170301142265
1550,42.0,17.036290322580644
1600,56.00000000000001,8.974358974358974
1650,76.0,3.1189083820662766
1700,70.0,4.707012487992316
1750,68.0,9.366130558183539
1800,72.0,13.912231559290383
1850,52.0,18.17351598173516
1900,46.0,20.677361853832444
1950,60.0,20.84063047285464
2000,64.0,1.810344827586207
2050,70.0,1.7872340425531916
2100,50.0,5.378151260504202
2150,68.0,9.45273631840796
2200,57.99999999999999,13.365933170334149
2250,66.0,10.209003215434084
2300,66.0,10.07137192704203
2350,64.0,11.093627065302911
2400,40.0,13.98923904688701
2450,24.0,16.65416354088522
2500,32.0,15.72787125091441
2550,44.0,15.698924731182796
2600,32.0,2.7330063069376314
2650,36.0,2.0618556701030926
2700,28.000000000000004,5.365526492287056
2750,34.0,8.530183727034121
2800,44.0,11.597938144329897
2850,54.0,1.6677357280307887
2900,68.0,2.0421186981493302
2950,50.0,3.783102143757881
3000,72.0,6.875000000000001
3050,68.0,9.900990099009901
3100,74.0,11.233885819521179
3150,68.0,11.55015197568389
3200,68.0,11.258278145695364
3250,72.0,1.671641791044776
3300,72.0,0.2972651605231867
3350,72.0,2.831858407079646
3400,68.0,5.727644652250146
3450,72.0,8.579710144927537
3500,64.0,11.359724612736661
3550,66.0,12.897727272727272
3600,66.0,13.505908835115363
3650,56.00000000000001,13.451917732073374
3700,44.0,8.045977011494253
3750,34.0,7.150537634408602
3800,36.0,6.8181818181818175
3850,40.0,0.47071129707112974
3900,42.0,3.039670273055126
3950,36.0,5.524581855043081
4000,32.0,6.9257598405580465
4050,32.0,6.908378245957864
4100,48.0,7.111756168359943
4150,68.0,1.6354016354016354
4200,72.0,1.2422360248447204
4250,70.0,3.130929791271347
4300,66.0,5.458823529411765
4350,68.0,6.071929005137786
4400,66.0,6.950880444856349
4450,64.0,8.931860036832411
4500,54.0,11.019661636945589
4550,66.0,1.4519056261343013
4600,72.0,1.4878268710550047
4650,72.0,2.867383512544803
4700,76.0,3.2085561497326207
4750,100.0,5.436720142602495
4800,100.0,6.506238859180035
4850,96.0,7.079252003561888
4900,100.0,7.123775601068566
4950,62.0,6.981882456915598
5000,68.0,9.12681000438789
5050,62.0,11.236933797909408
5100,56.00000000000001,11.302847282139776
5150,64.0,11.301369863013697
5200,74.0,5.959982971477224
5250,64.0,8.040626322471436
5300,60.0,10.08827238335435
5350,76.0,10.163111668757843
5400,100.0,1.0455876202425762
5450,94.0,1.545530492898914
5500,100.0,3.634085213032581
5550,100.0,7.477025898078529
5600,100.0,9.314954051796157
5650,94.0,6.4664163537755535
5700,98.0,7.220367278797997
5750,74.0,7.469576164498531
5800,70.0,1.0539629005059024
5850,76.0,1.4830508474576272
5900,72.0,3.2821824381926685
5950,68.0,5.4459691252144085
6000,72.0,5.43572044866264
6050,64.0,5.849220103986135
6100,68.0,5.977312390924956
6150,56.00000000000001,1.7964071856287425
6200,40.0,2.035350830208891
6250,22.0,0.42895442359249336
6300,26.0,1.8927444794952681
6350,36.0,3.464322647362978
6400,38.0,4.885496183206107
6450,12.0,5.779770802192327
6500,22.0,6.940371456500488
6550,30.0,7.928880345987506
6600,38.0,5.729166666666666
6650,62.0,1.4329580348004094
6700,46.0,1.1610297829379101
6750,70.0,1.3527054108216432
6800,66.0,0.9935419771485345
6850,57.99999999999999,1.6224188790560472
6900,66.0,2.145294978059483
6950,60.0,1.545147271849348
7000,57.99999999999999,2.294455066921606
7050,72.0,1.0921177587844255
7100,8.0,0.604089219330855
7150,68.0,1.422475106685633
7200,44.0,1.169864295741694
7250,50.0,1.3876040703052728
7300,68.0,2.6629935720844813
7350,66.0,2.55125284738041
7400,68.0,2.761159687068569
7450,48.0,2.277904328018223
7500,22.0,3.200371057513915
7550,34.0,4.065783462768388
7600,38.0,5.18018018018018
7650,30.0,6.7464114832535875
7700,10.0,7.868852459016394
7750,32.0,8.852005532503458
7800,36.0,8.54157201272149
7850,12.0,9.220489977728285
7900,18.0,10.236220472440944
7950,54.0,0.7012622720897616
8000,16.0,0.5960568546538285
8050,56.00000000000001,2.0454545454545454
8100,68.0,2.211191335740072
8150,62.0,1.761252446183953
8200,44.0,1.951219512195122
8250,60.0,2.898550724637681
8300,68.0,3.4036433365292424
8350,72.0,1.2380952380952381
8400,74.0,1.135825840037861
8450,44.0,1.3078000934142924
8500,66.0,2.7340129749768303
8550,68.0,3.265869365225391
8600,70.0,3.4262220191868433
8650,64.0,4.395106479383779
8700,50.0,6.451612903225806
8750,60.0,6.616341030195382
8800,64.0,8.766519823788546
8850,62.0,10.80017490161784
8900,56.00000000000001,12.001733102253032
8950,50.0,11.35876553793399
9000,68.0,11.23882503192848
9050,68.0,10.196245733788396
9100,64.0,9.37632583792957
9150,57.99999999999999,10.09251471825063
9200,52.0,5.423445974134335
9250,68.0,7.459593866556154
9300,70.0,9.390444810543658
9350,57.99999999999999,8.411596570028584
9400,57.99999999999999,7.935222672064778
9450,66.0,7.9211901889827105
9500,68.0,1.1603812681309573
9550,68.0,3.211198023878139
9600,46.0,0.41305245766212306
9650,57.99999999999999,2.4600246002460024
9700,68.0,4.480651731160896
9750,64.0,0.2025931928687196
9800,56.00000000000001,0.2437043054427295
9850,32.0,1.0891488503428801
9900,52.0,3.076308429884139
9950,68.0,5.041683207622072
10000,60.0,6.26230799527373
10050,52.0,6.7499024580569635
10100,64.0,6.327639751552796
10150,26.0,4.518893650175302
10200,32.0,4.564796905222438
10250,34.0,5.538342370255616
10300,32.0,8.347750865051903
10350,32.0,10.371318822023047
10400,28.000000000000004,11.76965111391341
10450,34.0,10.820895522388058
10500,32.0,10.466067048242028
10550,28.000000000000004,10.999194198227237
10600,22.0,8.68702895676319
10650,36.0,7.716412064238151
10700,38.0,7.275541795665634
10750,34.0,6.19029423003439
10800,26.0,6.235827664399093
10850,36.0,5.133079847908745
10900,32.0,6.381381381381382
10950,18.0,7.838038632986627
11000,22.0,7.884761182714177
11050,32.0,8.356004663816556
11100,36.0,6.333973128598848
11150,8.0,8.269230769230768
11200,20.0,9.659090909090908
11250,20.0,9.514925373134329
11300,38.0,8.447067502766508
11350,32.0,8.905109489051096
11400,12.0,10.560344827586206
11450,36.0,6.932100959829364
11500,34.0,4.040758959943781
11550,28.000000000000004,3.8861901457321304
11600,34.0,3.8765008576329327
11650,38.0,4.411764705882353
11700,64.0,1.5657620041753653
11750,66.0,1.4236111111111112
11800,62.0,2.8592647604901598
11850,64.0,4.688076781100037
11900,64.0,4.400440044004401
11950,56.00000000000001,4.728992360858494
12000,68.0,4.918625678119349
12050,70.0,1.6552716804605974
12100,72.0,0.6644518272425249
12150,62.0,0.44004400440044
12200,68.0,1.9321910317170983
12250,70.0,3.7345902828136333
12300,57.99999999999999,5.83301563095692
12350,32.0,7.745135444486836
12400,24.0,8.91354246365723
12450,30.0,8.975834292289989
12500,24.0,8.766603415559771
12550,26.0,7.223053892215568
12600,14.000000000000002,7.264011799410029
12650,16.0,7.342784442021083
12700,36.0,8.192597915918073
12750,36.0,7.921847246891652
12800,28.000000000000004,8.146067415730338
12850,16.0,8.356449375866852
12900,30.0,0.8564576909900651
12950,72.0,2.002071108042803
13000,90.0,0.8307372793354102
13050,98.0,1.6262975778546713
13100,100.0,3.356401384083045
13150,100.0,5.086505190311419
13200,80.0,6.793103448275863
13250,88.0,0.571632725973562
13300,100.0,2.3579849946409435
13350,100.0,4.144337263308325
13400,96.0,1.1067475901463764
13450,90.0,1.9765739385065886
13500,90.0,3.823529411764706
13550,100.0,5.695266272189349
13600,98.0,7.549962990377498
13650,92.0,0.29574861367837335
13700,76.0,1.7465626161278336
13750,42.0,2.1691176470588234
13800,34.0,2.7606247729749365
13850,22.0,3.8975501113585747
13900,68.0,5.055350553505535
13950,60.0,5.763582966226138
14000,52.0,6.466934599926927
14050,52.0,6.468023255813954
14100,40.0,5.93607305936073
14150,36.0,4.797884397431054
14200,60.0,0.7564296520423601
14250,52.0,1.0392609699769053
14300,44.0,1.5483870967741935
14350,54.0,1.4906303236797274
14400,54.0,2.235343736819907
14450,68.0,3.0582320904901548
14500,54.0,2.8041415012942195
14550,70.0,1.3716245177882553
14600,46.0,0.8514261387824607
14650,52.0,1.8963337547408345
14700,68.0,2.804520719966513
14750,72.0,3.204327923429047
14800,62.0,3.19094184251158
14850,46.0,2.8934010152284264
14900,36.0,2.5974025974025974
14950,40.0,2.7627035027133697
15000,38.0,2.7210884353741496
15050,28.000000000000004,2.6743075453677174
15100,34.0,2.914903620122238
15150,46.0,3.2497678737233056
15200,26.0,2.9748283752860414
15250,30.0,2.8828828828828827
15300,38.0,3.4207019102621055
15350,60.0,1.2769704975781595
15400,64.0,0.218435998252512
15450,62.0,0.8880994671403196
15500,68.0,1.1904761904761905
15550,62.0,0.6564551422319475
15600,44.0,1.4267185473411155
15650,46.0,2.3504273504273505
15700,34.0,1.9806152549515381
15750,70.0,1.0469011725293134
15800,80.0,1.25997480050399
15850,64.0,1.098901098901099
15900,57.99999999999999,1.0309278350515463
15950,57.99999999999999,1.1214953271028036
16000,44.0,1.4760147601476015
16050,48.0,2.0054694621695535
16100,18.0,2.192393736017897
16150,26.0,2.718622564567286
16200,36.0,3.171058508262617
16250,18.0,2.681318681318681
16300,20.0,2.548596112311015
16350,26.0,3.018707482993197
16400,36.0,3.3557046979865772
16450,42.0,3.9569892473118284
16500,26.0,3.7679932260795934
16550,72.0,0.7996632996632996
16600,70.0,1.4219991635299039
16650,66.0,0.9966777408637874
16700,46.0,0.9461127108185932
16750,68.0,2.2101751459549623
16800,68.0,2.28310502283105
16850,66.0,4.45859872611465
16900,57.99999999999999,0.7160909856781803
16950,57.99999999999999,1.210855949895616
17000,88.0,0.8746355685131195
17050,98.0,2.955870108243131
17100,92.0,5.029093931837074
17150,80.0,7.092492741600996
17200,88.0,9.147350993377483
17250,100.0,5.546357615894039
17300,80.0,6.924979389942291
17350,48.0,2.2522522522522523
17400,60.0,2.93040293040293
17450,68.0,3.9223615042458553
17500,66.0,3.93574297188755
17550,50.0,3.1436530043772386
17600,44.0,3.109012199921291
17650,52.0,4.015594541910331
17700,74.0,4.848719937936385
17750,100.0,1.0861132660977502
17800,98.0,1.4734393175649476
17850,98.0,3.412175261729353
17900,78.0,4.210119737350328
17950,82.0,3.117782909930716
18000,100.0,5.0423402617398
18050,100.0,6.966897613548884
18100,100.0,1.0007698229407236
18150,90.0,0.9988474836726854
18200,76.0,2.791586998087954
18250,78.0,4.297994269340974
18300,62.0,6.378514477549308
18350,74.0,7.868020304568528
18400,56.00000000000001,9.670608108108109
18450,28.000000000000004,12.10412147505423
18500,32.0,7.9948696023941865
18550,36.0,7.9291438211725005
18600,22.0,9.542168674698795
18650,14.000000000000002,9.88647114474929
18700,12.0,10.704355885078778
18750,12.0,10.990009082652135
18800,12.0,11.665182546749778
18850,30.0,12.450679526523455
18900,66.0,1.1314186248912097
18950,68.0,1.2532411408815902
19000,57.99999999999999,2.9601029601029603
19050,54.0,4.925241864555849
19100,66.0,0.5373936408419167
19150,68.0,2.756780791462872
19200,74.0,0.2688172043010753
19250,62.0,2.176810306530431
19300,68.0,0.9704455227172474
19350,60.0,2.3174464363795364
19400,50.0,1.823985408116735
19450,34.0,4.0431266846361185
19500,34.0,6.19743249225321
19550,62.0,8.340649692712907
19600,68.0,10.46207497820401
19650,22.0,11.365600691443388
19700,10.0,12.046632124352332
19750,12.0,15.942796610169491
19800,10.0,16.60574412532637
19850,0.0,15.938303341902312
19900,12.0,17.345399698340874
19950,0.0,19.372241294752328
20000,0.0,21.302058401148873
20050,12.0,23.20675105485232
20100,34.0,24.422899353647274
20150,36.0,18.29155060352832
20200,12.0,20.31107044830741
20250,18.0,22.20224719101124
20300,24.0,24.049513704686117
20350,2.0,8.203125
20400,10.0,9.067688378033207
20450,40.0,2.9844472467423286
20500,36.0,5.018664454583161
20550,30.0,6.991005723630417
20600,24.0,7.689210950080515
20650,36.0,7.710651828298887
20700,38.0,5.068762278978389
20750,46.0,4.902723735408561
20800,52.0,4.7417116422513494
20850,64.0,3.7519142419601836
20900,50.0,3.5294117647058822
20950,46.0,3.4560480841472576
21000,50.0,2.6051358392259023
21050,60.0,2.733653490949391
21100,44.0,4.5404613694617355
21150,50.0,4.680696661828737
21200,50.0,3.455723542116631
21250,50.0,4.748304177079614
21300,44.0,5.561459440311725
21350,60.0,4.045022863172705
21400,44.0,4.534356470177886
21450,36.0,5.254061527825787
21500,52.0,5.073705862187179
21550,56.00000000000001,4.088586030664395
21600,54.0,3.684922244759973
21650,50.0,3.1575411488075247
21700,62.0,2.570093457943925
21750,57.99999999999999,2.9187396351575456
21800,66.0,2.8693931398416885
21850,60.0,2.5910134470318136
21900,60.0,3.2279100097815454
21950,34.0,4.620355411954765
22000,80.0,3.6714975845410627
22050,80.0,3.756019261637239
22100,84.0,3.170028818443804
22150,82.0,1.532567049808429
22200,76.0,1.876590330788804
22250,100.0,2.5127226463104324
22300,94.0,1.8430251032729585
22350,96.0,1.6830739917434105
22400,100.0,1.5878056525881232
22450,98.0,3.1746031746031744
22500,98.0,4.982545223738496
22550,94.0,2.029169308814204
22600,100.0,3.140862944162436
22650,94.0,2.155309033280507
22700,90.0,1.2032932235592146
22750,100.0,1.7099430018999366
22800,80.0,2.493686868686869
22850,100.0,3.4090909090909087
22900,98.0,4.957372908114936
22950,72.0,5.0346129641283826
23000,78.0,5.017246785826278
23050,64.0,5.082631743062051
23100,18.0,5.58641975308642
23150,34.0,5.62175374274366
23200,62.0,5.680437424058323
23250,57.99999999999999,5.614246906127377
23300,54.0,4.406474820143885
23350,100.0,0.9592326139088728
23400,94.0,0.9883198562443846
23450,82.0,2.0609318996415773
23500,100.0,3.5543608124253288
23550,100.0,5.04778972520908
23600,90.0,4.712198031613481
23650,86.0,1.9345238095238095
23700,100.0,2.738095238095238
23750,100.0,4.226190476190476
23800,100.0,5.714285714285714
23850,57.99999999999999,6.299911268855368
23900,64.0,3.824654310091203
23950,54.0,3.2437171244886027
24000,60.0,3.195816385822196
24050,57.99999999999999,2.512272596015016
24100,66.0,2.6724137931034484
24150,48.0,0.2852253280091272
24200,100.0,1.1123787792355961
24250,100.0,2.538505419281232
24300,100.0,3.6223616657159154
24350,100.0,1.6257843696520253
24400,96.0,3.050171037628278
24450,0.0,4.4125913434513775
24500,0.0,5.737250554323725
24550,24.0,6.774547449259462
24600,100.0,0.9325287986834888
24650,100.0,2.303894679100384
24700,100.0,0.35655512890839275
24750,100.0,1.426220515633571
24800,100.0,2.797586396050466
24850,6.0,4.115894936366098
24900,0.0,5.396740582420518
24950,14.000000000000002,6.391970417326995
25000,100.0,0.7659799260433175
25050,100.0,2.086634970945589
25100,100.0,3.3544638140517695
25150,100.0,1.2414157422081353
25200,100.0,2.5620707871104065
25250,16.0,3.9399624765478425
25300,0.0,5.364923747276689
25350,4.0,6.823204419889503
25400,100.0,0.6629834254143646
25450,100.0,2.0441988950276246
25500,100.0,0.35911602209944754
25550,100.0,1.1602209944751383
25600,100.0,2.541436464088398
25650,26.0,3.984287317620651
25700,0.0,5.465414175918019
25750,2.0,7.022634939059779
25800,90.0,0.49404242952630045
25850,100.0,1.947108398721302
25900,100.0,0.2906131938390003
25950,100.0,1.017146178436501
26000,100.0,2.4702121476315027
26050,40.0,3.95778364116095
26100,0.0,5.5306427503736915
26150,0.0,6.975363609379638
26200,0.0,8.335770693185141
26250,0.0,9.65696166042087
26300,0.0,10.940608127308895
