100,0.016647029759416215,0.005663030671582228
200,0.01611493291779104,0.0005320968416251758
400,0.021321880582265973,0.0014442628558397628
600,0.02120785983048915,0.00038006917258941126
800,0.022158032761962678,7.601383451788225e-05
1000,0.02968340237923302,0.0015582836076165863
1200,0.03435825320208278,0.0008361521796967048
1400,0.05400782942495534,0.0022804150355364675
1600,0.05628824446049181,0.011706130515753867
1800,0.030595568393447608,0.0007981452624377637
2000,0.029531374710197254,0.00019003458629470563
