250,49.2,0.0
500,21.2,0.0
750,30.4,0.0
1000,41.199999999999996,0.0
1250,40.8,0.0
1500,31.6,0.0
1750,62.4,0.0
2000,58.8,0.0
2250,54.0,0.0
2500,31.6,0.0
2750,34.4,0.0
3000,56.39999999999999,0.0
3250,70.0,0.0
3500,69.6,0.0
3750,53.2,0.0
4000,37.2,0.0
4250,57.99999999999999,0.0
4500,63.6,0.0
4750,69.19999999999999,0.0
5000,84.39999999999999,0.0
5250,64.0,0.0
5500,75.2,0.0
5750,69.19999999999999,0.0
6000,71.6,0.0
6250,49.6,0.0
6500,26.8,0.0
6750,49.2,0.0
7000,61.6,0.0
7250,48.4,0.0
7500,54.400000000000006,0.0
7750,28.799999999999997,0.0
8000,27.200000000000003,0.0
8250,57.99999999999999,0.0
8500,64.8,0.0
8750,57.99999999999999,0.0
9000,55.60000000000001,0.0
9250,61.6,0.0
9500,54.800000000000004,0.0
9750,34.8,0.0
10000,37.2,0.0
10250,28.799999999999997,0.0
10500,31.6,0.0
10750,31.6,0.0
11000,26.8,0.0
11250,23.200000000000003,0.0
11500,30.4,0.0
11750,46.400000000000006,0.0
12000,62.8,0.0
12250,68.4,0.0
12500,50.0,0.0
12750,25.6,0.0
13000,36.8,0.0
13250,93.2,0.0
13500,95.19999999999999,0.0
13750,56.00000000000001,0.0
14000,19.2,0.0
14250,30.0,0.0
14500,54.800000000000004,0.0
14750,59.599999999999994,0.0
15000,42.8,0.0
15250,32.800000000000004,0.0
15500,58.4,0.0
15750,50.4,0.0
16000,60.4,0.0
16250,28.799999999999997,0.0
16500,29.599999999999998,0.0
16750,64.4,0.0
17000,64.8,0.0
17250,85.2,0.0
17500,64.4,0.0
17750,53.2,0.0
18000,66.8,0.0
18250,62.8,0.0
18500,48.4,0.0
18750,19.2,0.0
19000,46.800000000000004,0.0
19250,64.8,0.0
19500,49.2,0.0
19750,34.0,0.0
20000,4.3999999999999995,0.0
20250,21.2,0.0
20500,22.400000000000002,0.0
20750,32.800000000000004,0.0
21000,48.4,0.0
21250,50.0,0.0
21500,46.400000000000006,0.0
21750,55.2,0.0
22000,59.599999999999994,0.0
22250,84.39999999999999,0.0
22500,97.2,0.0
22750,95.6,0.0
23000,85.6,0.0
23250,47.199999999999996,0.0
23500,86.0,0.0
23750,95.19999999999999,0.0
24000,67.2,0.0
24250,74.4,0.0
24500,59.199999999999996,0.0
24750,84.8,0.0
25000,44.0,0.0
25250,83.2,0.0
25500,60.8,0.0
25750,45.6,0.0
26000,98.0,0.0
26250,8.0,0.0
