250,49.2,0.0
500,20.4,0.0
750,22.0,0.0
1000,30.4,0.0
1250,37.6,0.0
1500,30.0,0.0
1750,53.2,0.0
2000,28.4,0.0
2250,38.800000000000004,0.0
2500,30.8,0.0
2750,32.0,0.0
3000,50.0,0.0
3250,59.599999999999994,0.0
3500,48.8,0.0
3750,36.4,0.0
4000,33.6,0.0
4250,51.6,0.0
4500,48.8,0.0
4750,49.6,0.0
5000,30.8,0.0
5250,26.8,0.0
5500,45.2,0.0
5750,57.599999999999994,0.0
6000,59.599999999999994,0.0
6250,25.6,0.0
6500,24.0,0.0
6750,45.6,0.0
7000,50.4,0.0
7250,41.6,0.0
7500,26.8,0.0
7750,28.4,0.0
8000,25.2,0.0
8250,42.8,0.0
8500,53.6,0.0
8750,37.6,0.0
9000,26.0,0.0
9250,27.200000000000003,0.0
9500,34.0,0.0
9750,30.4,0.0
10000,32.0,0.0
10250,26.400000000000002,0.0
10500,30.8,0.0
10750,29.2,0.0
11000,26.8,0.0
11250,21.6,0.0
11500,29.599999999999998,0.0
11750,45.2,0.0
12000,33.2,0.0
12250,57.99999999999999,0.0
12500,28.000000000000004,0.0
12750,25.6,0.0
13000,20.4,0.0
13250,37.2,0.0
13500,47.599999999999994,0.0
13750,24.8,0.0
14000,16.8,0.0
14250,26.0,0.0
14500,38.4,0.0
14750,34.0,0.0
15000,29.2,0.0
15250,32.800000000000004,0.0
15500,56.8,0.0
15750,44.4,0.0
16000,30.4,0.0
16250,17.2,0.0
16500,25.2,0.0
16750,60.4,0.0
17000,55.2,0.0
17250,28.000000000000004,0.0
17500,26.0,0.0
17750,30.0,0.0
18000,50.8,0.0
18250,43.2,0.0
18500,22.0,0.0
18750,16.400000000000002,0.0
19000,45.6,0.0
19250,55.2,0.0
19500,22.8,0.0
19750,19.2,0.0
20000,4.0,0.0
20250,16.400000000000002,0.0
20500,18.8,0.0
20750,30.4,0.0
21000,48.0,0.0
21250,49.2,0.0
21500,46.400000000000006,0.0
21750,54.400000000000006,0.0
22000,59.599999999999994,0.0
22250,84.0,0.0
22500,77.60000000000001,0.0
22750,82.39999999999999,0.0
23000,51.6,0.0
23250,46.800000000000004,0.0
23500,68.0,0.0
23750,66.4,0.0
24000,51.2,0.0
24250,65.60000000000001,0.0
24500,28.799999999999997,0.0
24750,69.19999999999999,0.0
25000,27.200000000000003,0.0
25250,78.0,0.0
25500,60.8,0.0
25750,40.0,0.0
26000,98.0,0.0
26250,2.8000000000000003,0.0
