50,40.0,0.0
100,72.0,0.0
150,30.0,0.0
200,36.0,0.0
250,68.0,0.0
300,56.00000000000001,0.0
350,8.0,0.0
400,18.0,0.0
450,18.0,0.0
500,6.0,0.0
550,12.0,0.0
600,34.0,0.0
650,16.0,0.0
700,44.0,0.0
750,46.0,0.0
800,56.00000000000001,0.0
850,40.0,0.0
900,36.0,0.0
950,38.0,0.0
1000,36.0,0.0
1050,38.0,0.0
1100,44.0,0.0
1150,44.0,0.0
1200,36.0,0.0
1250,44.0,0.0
1300,34.0,0.0
1350,40.0,0.0
1400,32.0,0.0
1450,18.0,0.0
1500,34.0,0.0
1550,42.0,0.0
1600,56.00000000000001,5.128205128205128
1650,76.0,3.1189083820662766
1700,70.0,4.707012487992316
1750,68.0,9.366130558183539
1800,72.0,13.912231559290383
1850,52.0,18.17351598173516
1900,46.0,20.677361853832444
1950,60.0,20.84063047285464
2000,64.0,1.810344827586207
2050,70.0,1.7872340425531916
2100,60.0,5.355648535564853
2150,68.0,9.413707679603633
2200,57.99999999999999,13.311688311688311
2250,66.0,10.168134507606084
2300,66.0,10.031595576619273
2350,64.0,11.05015673981191
2400,40.0,13.935681470137826
2450,24.0,16.591928251121075
2500,32.0,15.670553935860058
2550,44.0,15.642857142857142
2600,32.0,2.7234636871508378
2650,36.0,2.054794520547945
2700,28.000000000000004,5.347593582887701
2750,34.0,8.502289077828646
2800,44.0,11.560693641618498
2850,54.0,1.6624040920716114
2900,68.0,2.035623409669211
2950,50.0,3.7712130735386546
3000,72.0,6.853582554517133
3050,68.0,9.870450339296731
3100,74.0,11.199510403916769
3150,68.0,11.515151515151516
3200,68.0,11.224489795918368
3250,72.0,1.6666666666666667
3300,72.0,0.2963841138114997
3350,72.0,2.823529411764706
3400,68.0,5.710955710955711
3450,72.0,8.554913294797688
3500,64.0,11.327231121281464
3550,66.0,12.861189801699716
3600,66.0,13.468013468013467
3650,56.00000000000001,13.414634146341465
3700,44.0,8.024017467248909
3750,34.0,7.1313672922252005
3800,36.0,6.80021085925145
3850,42.0,0.46923879040667366
3900,42.0,3.0303030303030303
3950,36.0,5.507832238504295
4000,32.0,6.905116741182315
4050,32.0,6.888128969223254
4100,48.0,7.091172214182344
4150,68.0,1.630695443645084
4200,72.0,1.2386850881372082
4250,70.0,3.122043519394513
4300,66.0,5.443453777569216
4350,68.0,6.054960409874243
4400,66.0,6.931608133086876
4450,64.0,8.907254361799815
4500,62.0,10.969503868912152
4550,66.0,1.4453477868112015
4600,72.0,1.481149012567325
4650,72.0,3.1222123104371096
4700,92.0,4.764024933214603
4750,100.0,6.055209260908281
4800,100.0,6.990204808548531
4850,96.0,7.072953736654804
4900,100.0,7.11743772241993
4950,64.0,6.972639011473963
5000,68.0,9.114811568799299
5050,62.0,11.222270552414093
5100,56.00000000000001,11.28823782852219
5150,64.0,11.286874732791793
5200,74.0,5.952380952380952
5250,64.0,8.030431107354184
5300,60.0,10.075566750629724
5350,76.0,10.150375939849624
5400,100.0,1.0442773600668338
5450,94.0,1.543596161869003
5500,100.0,3.629536921151439
5550,100.0,7.717980809345015
5600,100.0,9.553608677513559
5650,94.0,6.458333333333334
5700,100.0,7.208333333333333
5750,100.0,7.416666666666667
5800,96.0,1.0407993338884263
5850,100.0,1.4571190674437968
5900,100.0,3.205661948376353
5950,98.0,5.285060341240117
6000,100.0,5.2434456928838955
6050,84.0,5.617977528089887
6100,68.0,5.7394218684541265
6150,56.00000000000001,9.355246523388116
6200,40.0,9.37896070975919
6250,24.0,0.33755274261603374
6300,26.0,2.440050483803113
6350,36.0,4.5435422801851075
6400,38.0,6.644238856181666
6450,12.0,8.73215785054576
6500,22.0,10.372229192806358
6550,30.0,9.573578595317727
6600,38.0,5.855290673358427
6650,62.0,1.1804384485666104
6700,46.0,1.1399908800729595
6750,70.0,0.6340579710144928
6800,66.0,1.1685393258426966
6850,57.99999999999999,1.6028495102404272
6900,66.0,2.209456473707468
6950,60.0,1.6206745510293472
7000,57.99999999999999,2.385159010600707
7050,72.0,1.0667903525046383
7100,8.0,0.6811989100817438
7150,68.0,1.3856812933025404
7200,44.0,1.1399908800729595
7250,50.0,1.3729977116704806
7300,68.0,2.7260336210813265
7350,66.0,2.824601366742597
7400,68.0,2.761159687068569
7450,48.0,2.277904328018223
7500,22.0,3.200371057513915
7550,34.0,4.065783462768388
7600,38.0,5.18018018018018
7650,30.0,6.7464114832535875
7700,10.0,7.868852459016394
7750,32.0,8.852005532503458
7800,36.0,8.54157201272149
7850,12.0,9.220489977728285
7900,18.0,10.236220472440944
7950,54.0,0.8882655446470313
8000,16.0,0.7794589637780834
8050,56.00000000000001,2.181818181818182
8100,68.0,2.6173285198555956
8150,62.0,2.6302971261568433
8200,44.0,2.28377065111759
8250,60.0,3.2242540904716073
8300,68.0,3.9159503342884436
8350,72.0,1.2333965844402277
8400,74.0,1.1315417256011315
8450,44.0,1.3959981386691485
8500,66.0,2.862419205909511
8550,68.0,3.528872593950504
8600,70.0,3.732362312243969
8650,64.0,4.3792325056433405
8700,56.00000000000001,5.677246312025034
8750,70.0,6.616341030195382
8800,64.0,8.766519823788546
8850,62.0,10.80017490161784
8900,56.00000000000001,12.001733102253032
8950,50.0,11.35876553793399
9000,68.0,11.23882503192848
9050,68.0,10.196245733788396
9100,64.0,9.37632583792957
9150,57.99999999999999,10.09251471825063
9200,52.0,5.423445974134335
9250,68.0,7.459593866556154
9300,70.0,9.390444810543658
9350,57.99999999999999,8.411596570028584
9400,57.99999999999999,7.935222672064778
9450,66.0,7.9211901889827105
9500,68.0,1.1603812681309573
9550,68.0,3.211198023878139
9600,46.0,0.41305245766212306
9650,57.99999999999999,2.4600246002460024
9700,68.0,4.480651731160896
9750,64.0,0.2025931928687196
9800,56.00000000000001,0.2437043054427295
9850,32.0,0.8471157724889069
9900,52.0,2.1574111066719937
9950,68.0,4.088924176260421
10000,60.0,6.025994486018117
10050,52.0,6.7499024580569635
10100,68.0,6.3202791779759595
10150,56.00000000000001,4.459823144944252
10200,66.0,4.507257448433919
10250,66.0,5.426944971537002
10300,66.0,7.277526395173455
10350,64.0,9.111361079865016
10400,56.00000000000001,10.412792859799183
10450,68.0,9.648798521256932
10500,66.0,9.44158706833211
10550,64.0,9.963503649635037
10600,56.00000000000001,7.898550724637682
10650,68.0,7.096541786743515
10700,38.0,7.269914926527456
10750,34.0,6.223749522718594
10800,26.0,6.235827664399093
10850,36.0,5.133079847908745
10900,32.0,6.381381381381382
10950,18.0,7.838038632986627
11000,28.000000000000004,7.703703703703704
11050,36.0,8.046407185628743
11100,36.0,6.10207100591716
11150,8.0,8.256528417818739
11200,20.0,9.64447806354009
11250,20.0,9.50074515648286
11300,38.0,8.43462246777164
11350,34.0,8.892128279883382
11400,12.0,10.54519368723099
11450,36.0,6.919801277501775
11500,34.0,4.033672395650649
11550,28.000000000000004,3.8794596466920677
11600,34.0,3.8698630136986303
11650,40.0,4.411764705882353
11700,64.0,1.5657620041753653
11750,66.0,1.4236111111111112
11800,62.0,2.8592647604901598
11850,64.0,4.688076781100037
11900,64.0,4.400440044004401
11950,56.00000000000001,4.728992360858494
12000,68.0,4.918625678119349
12050,70.0,1.6552716804605974
12100,76.0,0.6449301325689717
12150,66.0,0.44004400440044
12200,68.0,1.9321910317170983
12250,70.0,3.7345902828136333
12300,57.99999999999999,5.83301563095692
12350,40.0,7.745135444486836
12400,38.0,8.91354246365723
12450,62.0,8.921082729698817
12500,24.0,8.71369294605809
12550,26.0,7.142857142857142
12600,14.000000000000002,7.111436950146628
12650,16.0,7.300325262016624
12700,36.0,8.145766345123258
12750,36.0,7.877075238431649
12800,28.000000000000004,8.100558659217876
12850,16.0,8.344827586206897
12900,30.0,0.8517887563884157
12950,88.0,2.347255781843286
13000,90.0,0.8307372793354102
13050,98.0,1.6262975778546713
13100,100.0,3.356401384083045
13150,100.0,5.086505190311419
13200,80.0,6.793103448275863
13250,88.0,0.571632725973562
13300,100.0,2.3579849946409435
13350,100.0,4.144337263308325
13400,96.0,1.1067475901463764
13450,90.0,1.9765739385065886
13500,90.0,3.823529411764706
13550,100.0,5.695266272189349
13600,98.0,7.549962990377498
13650,92.0,0.29574861367837335
13700,76.0,1.7465626161278336
13750,42.0,2.2794117647058822
13800,34.0,2.7969487831456594
13850,22.0,3.9346696362286564
13900,68.0,5.166051660516605
13950,60.0,5.800293685756241
14000,52.0,6.576543660942638
14050,52.0,6.686046511627906
14100,52.0,6.378378378378378
14150,72.0,7.091663523198793
14200,82.0,1.9288956127080183
14250,84.0,2.468666919863274
14300,82.0,4.3445121951219505
14350,100.0,6.25
14400,84.0,7.142857142857142
14450,100.0,9.042553191489363
14500,92.0,11.128588281557215
14550,100.0,1.2668250197941409
14600,84.0,2.2637013502779983
14650,56.00000000000001,2.2222222222222223
14700,72.0,3.05589063128267
14750,80.0,4.434314131786158
14800,62.0,3.1818181818181817
14850,46.0,2.6971802206783817
14900,44.0,2.6272577996715927
14950,42.0,2.662843097091356
15000,42.0,2.7083333333333335
15050,28.000000000000004,2.5451559934318557
15100,34.0,3.0061892130857646
15150,46.0,3.5386631716906947
15200,26.0,3.2331511839708558
15250,30.0,3.047960555804572
15300,38.0,3.669319186560566
15350,60.0,1.3584574934268185
15400,64.0,0.782608695652174
15450,62.0,0.8665511265164645
15500,68.0,1.4199655765920827
15550,62.0,0.7695596408721677
15600,44.0,1.4786649767638362
15650,46.0,2.5597269624573378
15700,34.0,2.187631468237274
15750,76.0,1.0469011725293134
15800,80.0,1.25997480050399
15850,64.0,1.3102282333051563
15900,57.99999999999999,1.1597938144329898
15950,57.99999999999999,1.1125374411638853
16000,44.0,1.437632135306554
16050,48.0,1.8402342116269343
16100,20.0,2.3266219239373602
16150,26.0,2.8545536927956503
16200,36.0,3.3050468959356856
16250,18.0,2.857142857142857
16300,20.0,2.634989200863931
16350,26.0,3.1462585034013606
16400,36.0,3.4395973154362416
16450,42.0,4.0
16500,26.0,3.9373412362404743
16550,72.0,0.7996632996632996
16600,70.0,1.3383521539104977
16650,66.0,1.2458471760797343
16700,46.0,0.9872480460715755
16750,68.0,2.335279399499583
16800,68.0,2.9057700290577
16850,66.0,4.189589504866695
16900,57.99999999999999,1.4273719563392109
16950,70.0,1.2098456403838131
17000,92.0,0.8746355685131195
17050,98.0,2.955870108243131
17100,92.0,5.029093931837074
17150,80.0,7.092492741600996
17200,88.0,9.147350993377483
17250,100.0,5.546357615894039
17300,80.0,7.5845012366034625
17350,48.0,2.375102375102375
17400,60.0,3.296703296703297
17450,68.0,4.084108370400323
17500,66.0,4.176706827309237
17550,50.0,3.263032232391564
17600,44.0,3.187721369539551
17650,52.0,4.171539961013646
17700,74.0,5.236617532971296
17750,100.0,1.0861132660977502
17800,98.0,1.4734393175649476
17850,98.0,3.412175261729353
17900,78.0,4.210119737350328
17950,82.0,3.117782909930716
18000,100.0,5.0423402617398
18050,100.0,6.966897613548884
18100,100.0,1.0007698229407236
18150,90.0,0.9988474836726854
18200,76.0,2.791586998087954
18250,100.0,4.7036328871892925
18300,90.0,6.984255147355673
18350,100.0,8.999192897497982
18400,88.0,10.278113663845224
18450,54.0,12.085691188358933
18500,66.0,3.6531513448414294
18550,68.0,3.9888312724371757
18600,64.0,3.804994054696789
18650,52.0,3.180212014134275
18700,50.0,2.8771384136858478
18750,40.0,2.6234567901234565
18800,16.0,3.2832278481012658
18850,38.0,3.9478878799842083
18900,70.0,1.053484602917342
18950,68.0,1.1674718196457328
19000,57.99999999999999,2.7577937649880093
19050,54.0,4.333996023856859
19100,68.0,0.4944375772558714
19150,70.0,2.374130167826443
19200,74.0,0.25
19250,62.0,2.149648615130219
19300,68.0,0.9034907597535934
19350,60.0,2.231578947368421
19400,50.0,1.7086715079026058
19450,34.0,3.7910699241786014
19500,34.0,5.8163689239717495
19550,62.0,7.926574885273258
19600,68.0,9.946125155408206
19650,22.0,11.177730192719485
19700,10.0,11.853720050441362
19750,12.0,13.161346742457367
19800,10.0,13.821490467937608
19850,0.0,13.954588457899716
19900,12.0,15.106580166821132
19950,0.0,17.02898550724638
20000,0.0,18.86625332152347
20050,12.0,20.677671589921808
20100,34.0,22.52676659528908
20150,38.0,17.326297273526826
20200,12.0,19.636524822695037
20250,18.0,21.49084568439407
20300,24.0,23.35483870967742
20350,2.0,8.125537403267412
20400,10.0,8.98355124420076
20450,40.0,2.9571012078300707
20500,36.0,4.973284011508426
20550,30.0,6.92868719611021
20600,24.0,7.621707901037509
20650,36.0,7.64381402679275
20700,38.0,5.0253213868328785
20750,46.0,4.861111111111112
20800,52.0,4.701834862385321
20850,64.0,3.7205770690964313
20900,50.0,3.5001881821603313
20950,46.0,3.427719821162444
21000,50.0,2.58493353028065
21050,60.0,2.7126099706744866
21100,48.0,4.505813953488372
21150,50.0,4.645300684191573
21200,50.0,3.428571428571429
21250,50.0,4.95926319518243
21300,44.0,5.526223160858852
21350,60.0,4.019573575672842
21400,44.0,4.506065857885615
21450,36.0,5.221573342493988
21500,52.0,5.042589437819421
21550,60.0,4.060913705583756
21600,54.0,3.660174613834789
21650,50.0,3.1364698031364697
21700,62.0,2.553050397877984
21750,57.99999999999999,2.898550724637681
21800,66.0,2.8496560759908287
21850,60.0,2.5724519700423314
21900,60.0,3.204920686306248
21950,34.0,4.5877446262431825
22000,80.0,3.6456667732651105
22050,80.0,3.7296780363404523
22100,84.0,3.1478537360890306
22150,82.0,1.5218769816106532
22200,76.0,1.8635502210991788
22250,100.0,2.558433354390398
22300,94.0,1.8302303565793627
22350,96.0,1.6713970356354462
22400,100.0,1.5767896562598551
22450,98.0,3.1525851197982346
22500,98.0,5.042546485975417
22550,94.0,2.0151133501259446
22600,100.0,3.1181102362204722
22650,94.0,2.1397105097545626
22700,90.0,1.1945928953159384
22750,100.0,1.6975793775542283
22800,80.0,2.4757129426512066
22850,100.0,3.3845189595738012
22900,98.0,4.921630094043887
22950,72.0,4.996876951905059
23000,78.0,4.979769685652038
23050,64.0,5.044877746827607
23100,18.0,5.541947336191059
23150,34.0,5.5774477114277055
23200,62.0,5.635925256178421
23250,57.99999999999999,5.570530098831986
23300,54.0,4.37239738251041
23350,100.0,0.9518143961927424
23400,94.0,0.9806835066864784
23450,82.0,2.045050385299348
23500,100.0,3.5269709543568464
23550,100.0,5.008891523414345
23600,90.0,4.675939627108612
23650,86.0,1.919669226225635
23700,100.0,2.7761370348493797
23750,100.0,4.25280567040756
23800,100.0,5.729474305965741
23850,57.99999999999999,6.25183445846786
23900,64.0,3.795620437956204
23950,54.0,3.2192575406032478
24000,60.0,3.1718569780853514
24050,57.99999999999999,2.493551160791058
24100,66.0,2.652595550484883
24150,48.0,0.28312570781426954
24200,100.0,1.104190260475651
24250,100.0,2.5198187995469987
24300,100.0,3.652321630804077
24350,100.0,1.6138165345413364
24400,96.0,3.0277306168647424
24450,0.0,4.380580357142857
24500,0.0,5.69620253164557
24550,24.0,6.726579520697168
24600,100.0,0.9259259259259258
24650,100.0,2.287581699346405
24700,100.0,0.3540305010893246
24750,100.0,1.4161220043572984
24800,100.0,2.7777777777777777
24850,6.0,4.08712019360043
24900,0.0,5.359511806845317
24950,14.000000000000002,6.348373557187828
25000,100.0,0.7607555089192025
25050,100.0,2.0724029380902413
25100,100.0,3.38405036726128
25150,100.0,1.2329485834207765
25200,100.0,2.5445960125918154
25250,16.0,3.92
25300,0.0,5.331529093369418
25350,4.0,6.781987918725975
25400,100.0,0.6589785831960462
25450,100.0,2.0318506315211424
25500,100.0,0.35694673256452497
25550,100.0,1.1532125205930808
25600,100.0,2.5260845689181766
25650,26.0,3.953229398663697
25700,0.0,5.434474950467026
25750,2.0,6.960023008340524
25800,90.0,0.49033746755119706
25850,100.0,1.9325064897606
25900,100.0,0.2884338044418806
25950,100.0,1.0095183155465821
26000,100.0,2.451687337755985
26050,40.0,3.9358600583090384
26100,0.0,5.484731692855025
26150,0.0,6.936245572609209
26200,0.0,8.289703315881326
26250,0.0,9.604357798165138
26300,0.0,10.881854154889767
