50,40.0,0.0
100,72.0,0.0
150,30.0,0.0
200,36.0,0.0
250,68.0,0.0
300,56.00000000000001,0.0
350,8.0,0.0
400,18.0,0.0
450,18.0,0.0
500,6.0,0.0
550,12.0,0.0
600,34.0,1.7456359102244388
650,16.0,12.866817155756207
700,44.0,22.717622080679405
750,46.0,9.036144578313253
800,56.00000000000001,6.346153846153846
850,38.0,1.1049723756906076
900,30.0,8.421052631578947
950,34.0,16.36060100166945
1000,32.0,23.52941176470588
1050,38.0,26.212121212121215
1100,44.0,22.38372093023256
1150,44.0,0.9887005649717515
1200,36.0,7.7027027027027035
1250,42.0,12.907431551499348
1300,34.0,12.625
1350,34.0,15.961305925030231
1400,32.0,21.138211382113823
1450,18.0,25.72062084257206
1500,34.0,24.27807486631016
1550,42.0,17.531120331950206
1600,56.00000000000001,9.22920892494929
1650,74.0,3.20962888665998
1700,68.0,4.8466864490603365
1750,68.0,9.639727361246349
1800,68.0,14.340712223291627
1850,50.0,18.73822975517891
1900,30.0,21.461609620721553
1950,26.0,21.95571955719557
2000,52.0,1.916058394160584
2050,70.0,1.8901890189018902
2100,24.0,5.750224618149147
2150,38.0,10.23339317773788
2200,24.0,14.669051878354203
2250,38.0,11.329170383586083
2300,34.0,11.319073083778965
2350,36.0,12.611806797853308
2400,32.0,15.909090909090908
2450,24.0,18.877551020408163
2500,32.0,17.768595041322314
2550,44.0,17.689822294022616
2600,30.0,3.0732860520094563
2650,36.0,2.313030069390902
2700,28.000000000000004,6.001500375093773
2750,32.0,9.36356986100951
2800,44.0,12.759856630824373
2850,54.0,1.8544935805991443
2900,68.0,2.269503546099291
2950,50.0,4.198740377886634
3000,66.0,6.9252077562326875
3050,68.0,10.273972602739725
3100,74.0,12.423625254582484
3150,66.0,12.751677852348994
3200,68.0,12.416998671978751
3250,72.0,1.8421052631578945
3300,72.0,0.3274394237066143
3350,70.0,3.1189083820662766
3400,68.0,6.302250803858521
3450,72.0,9.432759719566603
3500,64.0,12.476370510396976
3550,66.0,14.15211970074813
3600,66.0,14.805675508945097
3650,56.00000000000001,14.72915398660986
3700,44.0,8.797127468581687
3750,34.0,7.805164319248827
3800,36.0,7.4308755760368665
3850,40.0,0.5125284738041003
3900,42.0,3.305322128851541
3950,36.0,5.998899284534947
4000,32.0,7.509454349000539
4050,32.0,7.480106100795755
4100,48.0,7.6923076923076925
4150,68.0,1.456058242329693
4200,72.0,1.342281879194631
4250,70.0,3.3811475409836067
4300,66.0,5.891315388522092
4350,68.0,6.54911838790932
4400,66.0,7.492507492507492
4450,64.0,9.623015873015873
4500,54.0,11.866075824716889
4550,66.0,1.5625
4600,72.0,1.600387972841901
4650,72.0,2.4566473988439306
4700,66.0,2.532250358337315
4750,70.0,2.8937381404174576
4800,70.0,3.0617051342439945
4850,68.0,2.9453015427769986
4900,68.0,2.9698375870069604
4950,28.000000000000004,2.5582457743261764
5000,36.0,3.6470058532192704
5050,32.0,4.837993786063027
5100,48.0,7.000000000000001
5150,32.0,8.01253357206804
5200,48.0,5.398230088495575
5250,30.0,6.3374125874125875
5300,24.0,7.278208440999139
5350,48.0,8.978328173374612
5400,72.0,0.967032967032967
5450,70.0,0.8296943231441047
5500,66.0,1.083658430862592
5550,70.0,1.2489233419465977
5600,70.0,1.2853470437017995
5650,62.0,2.17296827466319
5700,70.0,3.0624263839811543
5750,74.0,2.6300409117475163
5800,70.0,0.9849362688296639
5850,76.0,1.5535097813578826
5900,72.0,1.1986301369863013
5950,68.0,1.0746606334841629
6000,72.0,1.4590347923681257
6050,64.0,1.3919821826280625
6100,68.0,1.8763796909492272
6150,56.00000000000001,1.6902944383860414
6200,40.0,2.03862660944206
6250,18.0,0.4828326180257511
6300,26.0,1.9463440294581797
6350,36.0,3.517847904811174
6400,38.0,4.9389002036659875
6450,12.0,6.30965005302227
6500,22.0,7.48051948051948
6550,30.0,8.571428571428571
6600,38.0,6.077348066298343
6650,62.0,1.4752370916754478
6700,46.0,1.090909090909091
6750,70.0,0.979381443298969
6800,66.0,0.7153806847215125
6850,57.99999999999999,1.5166835187057632
6900,66.0,1.9047619047619049
6950,60.0,1.488833746898263
7000,57.99999999999999,2.161100196463654
7050,72.0,1.121951219512195
7100,8.0,0.4770992366412214
7150,68.0,0.918318028032866
7200,44.0,1.0491177873152122
7250,50.0,1.2723845428840717
7300,68.0,2.291861552853134
7350,66.0,2.1809744779582365
7400,68.0,2.349147858129894
7450,48.0,2.1431828545371636
7500,22.0,3.064066852367688
7550,34.0,3.9323273891175123
7600,38.0,5.09467989179441
7650,30.0,6.752873563218391
7700,10.0,7.82934833567745
7750,32.0,8.767881864328565
7800,36.0,8.549340609367896
7850,12.0,9.228711547035221
7900,18.0,10.245183887915937
7950,54.0,0.8415147265077139
8000,16.0,0.41265474552957354
8050,56.00000000000001,2.0
8100,68.0,2.0758122743682312
8150,62.0,2.475502836513667
8200,44.0,2.2933333333333334
8250,60.0,3.0606860158311346
8300,68.0,3.5583464154892726
8350,72.0,0.7272727272727273
8400,74.0,0.6191950464396285
8450,44.0,1.2716174974567651
8500,66.0,2.6727181038830055
8550,68.0,2.9514757378689347
8600,70.0,3.128103277060576
8650,64.0,4.7736220472440944
8700,50.0,7.146329606222654
8750,38.0,9.434865900383143
8800,32.0,10.60320452403393
8850,30.0,11.451089476124245
8900,20.0,12.608101957214382
8950,20.0,11.846222619579795
9000,34.0,11.629955947136564
9050,38.0,10.379415612734409
9100,42.0,9.901433691756273
9150,22.0,10.523998238661383
9200,18.0,5.662020905923345
9250,36.0,7.874015748031496
9300,40.0,9.904013961605585
9350,38.0,9.011373578302711
9400,24.0,8.433734939759036
9450,34.0,8.476764199655767
9500,44.0,1.198117244330338
9550,36.0,3.292528493035036
9600,24.0,0.41963911036508605
9650,34.0,2.497918401332223
9700,34.0,4.581424406497293
9750,42.0,0.20938023450586263
9800,56.00000000000001,0.25985275010827197
9850,32.0,1.3910355486862442
9900,34.0,3.900709219858156
9950,36.0,6.331006979062812
10000,28.000000000000004,7.7864838393731635
10050,18.0,8.305328852616418
10100,34.0,7.703213610586011
10150,26.0,5.38783093358105
10200,32.0,5.3955189757658895
10250,34.0,6.441441441441441
10300,32.0,8.562555456965395
10350,32.0,10.62992125984252
10400,28.000000000000004,12.015503875968992
10450,34.0,11.0828025477707
10500,32.0,10.715780661364589
10550,28.000000000000004,11.257731958762887
10600,22.0,8.887987012987013
10650,36.0,7.892628205128204
10700,38.0,7.439651760981401
10750,34.0,6.328125
10800,26.0,6.353484790142472
10850,36.0,5.135032331685052
10900,32.0,6.383777694329703
10950,18.0,7.838038632986627
11000,22.0,7.884761182714177
11050,32.0,8.42476489028213
11100,36.0,6.385448916408669
11150,8.0,8.275596612779061
11200,20.0,9.666413949962092
11250,20.0,9.52203136669156
11300,38.0,8.453303802141011
11350,32.0,9.21102302755757
11400,12.0,10.917192721871519
11450,36.0,7.161219243481454
11500,34.0,4.172714078374455
11550,28.000000000000004,4.011461318051576
11600,34.0,4.0
11650,36.0,4.419501929147668
11700,64.0,1.5684907633321716
11750,66.0,1.4236111111111112
11800,62.0,2.8592647604901598
11850,64.0,4.688076781100037
11900,64.0,4.400440044004401
11950,56.00000000000001,4.728992360858494
12000,68.0,4.918625678119349
12050,70.0,1.6552716804605974
12100,72.0,0.6646971935007385
12150,62.0,0.4564473183720046
12200,68.0,2.019047619047619
12250,70.0,3.926801372474266
12300,57.99999999999999,5.837466615795498
12350,20.0,7.751050019091256
12400,24.0,8.923783990808118
12450,30.0,10.173913043478262
12500,24.0,9.880239520958083
12550,26.0,8.126315789473685
12600,14.000000000000002,8.218606591572799
12650,16.0,8.292282430213465
12700,36.0,9.319286871961102
12750,36.0,8.92
12800,18.0,9.366168752523214
12850,16.0,9.55033824114604
12900,30.0,0.8241758241758242
12950,2.0,0.4235656526761648
13000,42.0,0.913937547600914
13050,66.0,0.9080590238365494
13100,68.0,1.2034599473486274
13150,70.0,2.169035153328347
13200,50.0,1.8895887365690995
13250,68.0,0.5914972273567467
13300,66.0,0.5143277002204262
13350,68.0,0.5113221329437546
13400,70.0,0.6906579425663395
13450,62.0,0.6386175807663411
13500,57.99999999999999,1.1554230339172566
13550,68.0,1.4449796220822526
13600,68.0,1.3873265841769777
13650,62.0,0.29973772948669913
13700,48.0,0.7924528301886792
13750,14.000000000000002,1.2359550561797752
13800,2.0,1.8656716417910446
13850,16.0,3.0190085724934774
13900,36.0,4.583683767872161
13950,28.000000000000004,4.736186123805567
14000,8.0,3.3292231812577064
14050,16.0,3.3712428919577575
14100,2.0,3.165064102564102
14150,24.0,4.709965294992563
14200,50.0,0.9794319294809012
14250,48.0,1.4527845036319613
14300,44.0,2.249134948096886
14350,54.0,2.1627774615822424
14400,54.0,3.2022471910112356
14450,68.0,4.1759465478841875
14500,54.0,3.8614423622941514
14550,57.99999999999999,1.078490113840623
14600,46.0,1.4054813773717498
14650,52.0,3.2480995162404978
14700,68.0,4.511278195488721
14750,72.0,5.0101557210561944
14800,62.0,4.415954415954416
14850,46.0,4.1928721174004195
14900,36.0,3.417634996582365
14950,40.0,3.626595030221625
15000,38.0,3.4868421052631575
15050,28.000000000000004,3.534704370179949
15100,34.0,3.7130270610446825
15150,46.0,4.26980198019802
15200,26.0,3.937007874015748
15250,30.0,3.7366548042704624
15300,38.0,4.368083867210251
15350,60.0,1.6695451928612552
15400,64.0,1.0256410256410255
15450,62.0,0.7765830346475507
15500,68.0,0.8875739644970414
15550,62.0,0.5076142131979695
15600,44.0,1.8703241895261846
15650,46.0,2.942979767014102
15700,34.0,2.403846153846154
15750,66.0,0.892325996430696
15800,78.0,1.0638297872340425
15850,64.0,0.9356725146198831
15900,57.99999999999999,0.9264620729588882
15950,57.99999999999999,0.9163802978235969
16000,44.0,1.6910935738444193
16050,48.0,2.3333333333333335
16100,18.0,2.6072786529060292
16150,26.0,3.0933333333333333
16200,36.0,3.56581017304667
16250,18.0,3.1362467866323906
16300,10.0,2.9111338100102144
16350,26.0,3.7593984962406015
16400,36.0,4.094721262950173
16450,42.0,4.775828460038986
16500,26.0,4.643370033508856
16550,72.0,0.9034712315739419
16600,70.0,0.84985835694051
16650,66.0,0.6088992974238876
16700,46.0,0.9259259259259258
16750,68.0,1.9301470588235294
16800,68.0,2.509124087591241
16850,66.0,4.7575894879927505
16900,48.0,1.9363762102351314
16950,57.99999999999999,1.3242009132420092
17000,74.0,0.9584664536741214
17050,68.0,3.2170367014046213
17100,57.99999999999999,5.430879712746858
17150,48.0,7.586512866015973
17200,56.00000000000001,9.710017574692442
17250,68.0,5.5846422338568935
17300,38.0,6.329670329670329
17350,18.0,6.7357512953367875
17400,30.0,6.507868991918333
17450,36.0,6.084767100293748
17500,28.000000000000004,6.727956539908066
17550,12.0,7.638603696098563
17600,12.0,8.471157724889068
17650,18.0,9.206349206349207
17700,42.0,10.160847391133778
17750,74.0,1.0933229207340882
17800,70.0,1.498422712933754
17850,66.0,3.2926829268292686
17900,48.0,5.267390430237233
17950,74.0,3.26744655102864
18000,78.0,5.149162239476911
18050,68.0,7.236842105263158
18100,74.0,1.070399341292713
18150,62.0,1.080182800166182
18200,44.0,2.860858257477243
18250,68.0,4.993542832544124
18300,52.0,7.072858968896463
18350,66.0,9.094754653130288
18400,52.0,10.862214708368555
18450,28.000000000000004,13.14533622559653
18500,32.0,11.628901239846089
18550,36.0,8.98355124420076
18600,22.0,10.698795180722891
18650,14.000000000000002,10.974456007568591
18700,12.0,11.492122335495829
18750,12.0,11.716621253405995
18800,12.0,12.422083704363313
18850,30.0,13.239807102148179
18900,66.0,1.1314186248912097
18950,68.0,1.2532411408815902
19000,57.99999999999999,2.7456027456027456
19050,54.0,4.925241864555849
19100,66.0,0.5373936408419167
19150,68.0,2.756780791462872
19200,74.0,0.2688172043010753
19250,62.0,2.176810306530431
19300,68.0,0.9704455227172474
19350,60.0,2.3174464363795364
19400,46.0,1.8340210912425492
19450,34.0,4.0650406504065035
19500,34.0,6.230529595015576
19550,62.0,8.384819064430715
19600,68.0,10.517090271691497
19650,22.0,12.548076923076923
19700,8.0,13.98176291793313
19750,10.0,16.685144124168513
19800,10.0,18.244803695150118
19850,0.0,17.83295711060948
19900,12.0,19.493392070484582
19950,0.0,21.65058949624866
20000,0.0,23.695198329853863
20050,12.0,25.71428571428571
20100,34.0,26.542900150526844
20150,36.0,19.533961328706
20200,12.0,25.446171560161197
20250,4.0,27.466367713004487
20300,24.0,29.637760702524695
20350,2.0,10.139484978540771
20400,8.0,11.175236096537251
20450,40.0,3.6673553719008267
20500,36.0,6.1483739837398375
20550,30.0,8.53719420868697
20600,24.0,9.358157765801078
20650,36.0,9.358417752050169
20700,38.0,6.137012369172217
20750,46.0,5.918271488961954
20800,52.0,5.712958662331631
20850,60.0,4.549675023212628
20900,50.0,4.271933853927424
20950,44.0,4.257288292457196
21000,50.0,3.2021957913998174
21050,60.0,3.3544877606527654
21100,42.0,5.480682839173405
21150,50.0,5.730786317192359
21200,50.0,4.21792618629174
21250,50.0,5.787641427328111
21300,44.0,6.767241379310344
21350,60.0,4.914529914529915
21400,44.0,5.50148116800677
21450,36.0,6.365159128978225
21500,52.0,6.135986733001658
21550,52.0,4.942339373970346
21600,54.0,4.447164422684619
21650,50.0,3.8056680161943324
21700,62.0,3.0936118923262352
21750,57.99999999999999,3.5059760956175303
21800,66.0,3.442817570241393
21850,57.99999999999999,3.128712871287129
21900,60.0,3.8930397168698385
21950,34.0,5.583756345177665
22000,80.0,4.434072345390899
22050,80.0,4.533126695079426
22100,84.0,3.8238702201622248
22150,82.0,1.8475750577367205
22200,76.0,2.260536398467433
22250,100.0,2.950191570881226
22300,94.0,2.219670876387294
22350,96.0,2.026768642447419
22400,100.0,1.9120458891013385
22450,98.0,3.82262996941896
22500,98.0,5.578907145586549
22550,94.0,2.4427480916030535
22600,100.0,3.78585086042065
22650,94.0,2.5974025974025974
22700,90.0,1.450381679389313
22750,100.0,2.0610687022900764
22800,80.0,3.003802281368821
22850,100.0,4.106463878326997
22900,98.0,5.974124809741248
22950,72.0,6.0606060606060606
23000,78.0,6.035458317615994
23050,64.0,6.107156238291496
23100,18.0,6.70122176971492
23150,34.0,6.730065837600585
23200,62.0,6.792589901925172
23250,57.99999999999999,6.705118961788031
23300,54.0,5.2556310332499105
23350,100.0,1.144082946013586
23400,94.0,1.1785714285714286
23450,82.0,2.4563901744393024
23500,100.0,4.236383054467782
23550,100.0,6.016375934496262
23600,90.0,5.614783226723525
23650,86.0,2.3041474654377883
23700,100.0,3.119461183977313
23750,100.0,4.891882311237151
23800,100.0,6.664303438496987
23850,57.99999999999999,7.494722026741731
23900,64.0,4.545454545454546
23950,54.0,3.850156087408949
24000,60.0,3.7891836031691355
24050,57.99999999999999,2.975376196990424
24100,66.0,3.1621897313838834
24150,48.0,0.3370407819346141
24200,100.0,1.314459049544995
24250,100.0,2.9996629592180657
24300,100.0,4.145601617795753
24350,100.0,1.9211324570273005
24400,96.0,3.603907039407208
24450,0.0,5.200397482610136
24500,0.0,6.744868035190615
24550,24.0,7.949790794979079
24600,100.0,1.0943031863533954
24650,100.0,2.7035725780495654
24700,100.0,0.41841004184100417
24750,100.0,1.6736401673640167
24800,100.0,3.2829095590601867
24850,6.0,4.819277108433735
24900,0.0,6.30461922596754
24950,14.000000000000002,7.453033569448722
25000,100.0,0.893132121958731
25050,100.0,2.433015090853095
25100,100.0,3.7881121034801355
25150,100.0,1.4474899907607022
25200,100.0,2.987372959655066
25250,16.0,4.469443599878383
25300,0.0,5.899970050913447
25350,4.0,7.292589312075583
25400,100.0,0.70859167404783
25450,100.0,2.1848243283141424
25500,100.0,0.3838204901092412
25550,100.0,1.2400354295837024
25600,100.0,2.716268083850015
25650,26.0,4.915195569401177
25700,0.0,6.53283429738006
25750,2.0,8.099062918340026
25800,90.0,0.5679919812896759
25850,100.0,2.238556632141664
25900,100.0,0.3341129301703976
25950,100.0,1.1693952555963916
26000,100.0,2.8399599064483794
26050,40.0,5.686604886267902
26100,0.0,7.632013201320131
26150,0.0,9.498787388843978
26200,0.0,11.29160063391442
26250,0.0,13.014763014763014
26300,0.0,14.672256097560975
