250,48.0,0.0
500,16.8,0.0
750,9.6,0.0
1000,26.400000000000002,0.0
1250,30.8,0.0
1500,27.200000000000003,0.0
1750,45.2,0.0
2000,25.2,0.0
2250,33.6,0.0
2500,28.799999999999997,0.0
2750,28.4,0.0
3000,34.4,0.0
3250,40.0,0.0
3500,34.8,0.0
3750,34.8,0.0
4000,33.6,0.0
4250,45.6,0.0
4500,22.400000000000002,0.0
4750,48.0,0.0
5000,25.6,0.0
5250,26.400000000000002,0.0
5500,39.2,0.0
5750,34.4,0.0
6000,50.0,0.0
6250,21.6,0.0
6500,20.0,0.0
6750,41.199999999999996,0.0
7000,26.400000000000002,0.0
7250,32.800000000000004,0.0
7500,24.8,0.0
7750,28.000000000000004,0.0
8000,24.8,0.0
8250,27.6,0.0
8500,44.4,0.0
8750,32.0,0.0
9000,25.6,0.0
9250,27.200000000000003,0.0
9500,34.0,0.0
9750,30.0,0.0
10000,30.8,0.0
10250,26.0,0.0
10500,25.6,0.0
10750,29.2,0.0
11000,26.8,0.0
11250,21.2,0.0
11500,29.599999999999998,0.0
11750,34.4,0.0
12000,32.4,0.0
12250,42.8,0.0
12500,20.8,0.0
12750,24.8,0.0
13000,16.400000000000002,0.0
13250,34.8,0.0
13500,39.6,0.0
13750,21.2,0.0
14000,16.400000000000002,0.0
14250,18.4,0.0
14500,22.0,0.0
14750,32.0,0.0
15000,28.799999999999997,0.0
15250,32.800000000000004,0.0
15500,44.0,0.0
15750,23.200000000000003,0.0
16000,25.2,0.0
16250,16.400000000000002,0.0
16500,24.4,0.0
16750,40.8,0.0
17000,38.800000000000004,0.0
17250,25.2,0.0
17500,23.599999999999998,0.0
17750,28.000000000000004,0.0
18000,18.4,0.0
18250,36.4,0.0
18500,18.0,0.0
18750,14.399999999999999,0.0
19000,36.0,0.0
19250,30.0,0.0
19500,17.599999999999998,0.0
19750,17.599999999999998,0.0
20000,4.0,0.0
20250,15.2,0.0
20500,17.2,0.0
20750,26.0,0.0
21000,48.0,0.0
21250,46.400000000000006,0.0
21500,40.400000000000006,0.0
21750,52.0,0.0
22000,58.8,0.0
22250,73.2,0.0
22500,67.60000000000001,0.0
22750,64.8,0.0
23000,37.2,0.0
23250,42.0,0.0
23500,63.2,0.0
23750,51.2,0.0
24000,51.2,0.0
24250,38.800000000000004,0.0
24500,13.600000000000001,0.0
24750,31.2,0.0
25000,25.2,0.0
25250,38.0,0.0
25500,50.4,0.0
25750,10.4,0.0
26000,60.4,0.0
26250,0.4,0.0
