250,48.0,38.70967741935484
500,16.8,76.45161290322581
750,9.6,85.26570048309179
1000,26.400000000000002,98.93617021276596
1250,30.8,98.7012987012987
1500,27.200000000000003,98.17518248175182
1750,45.2,99.84779299847793
2000,25.2,99.75460122699387
2250,33.6,99.79253112033194
2500,28.799999999999997,98.81796690307328
2750,28.4,99.82425307557118
3000,34.4,99.73190348525469
3250,40.0,99.72067039106145
3500,34.8,99.77064220183486
3750,34.8,99.80276134122288
4000,33.6,99.46902654867257
4250,46.0,99.81378026070763
4500,22.0,99.80544747081711
4750,48.0,99.74937343358395
5000,27.6,99.74619289340102
5250,28.4,99.28443649373881
5500,40.400000000000006,99.52830188679245
5750,30.4,99.73753280839895
6000,52.0,99.77220956719817
6250,21.6,99.79919678714859
6500,19.6,98.91696750902527
6750,38.0,99.49748743718592
7000,26.400000000000002,99.61587708066581
7250,33.2,99.6124031007752
7500,24.4,99.83388704318938
7750,28.799999999999997,99.70193740685544
8000,24.8,99.85632183908046
8250,28.4,99.8069498069498
8500,44.800000000000004,99.84756097560977
8750,31.6,99.87849331713244
9000,25.6,99.07578558225508
9250,28.000000000000004,99.85754985754986
9500,34.0,99.88425925925925
9750,30.0,99.70817120622569
10000,30.8,99.2156862745098
10250,25.6,99.7624703087886
10500,21.2,99.82638888888889
10750,30.8,99.86648865153538
11000,26.8,99.89270386266095
11250,22.0,99.54995499549955
11500,29.599999999999998,99.45098039215686
11750,35.199999999999996,99.90448901623687
12000,32.0,99.91694352159467
12250,50.8,99.88304093567251
12500,20.8,99.87096774193547
12750,24.8,99.89615784008308
13000,18.4,99.46595460614152
13250,34.8,99.77375565610859
13500,37.6,99.6875
13750,21.6,99.77477477477478
14000,16.400000000000002,99.8220640569395
14250,9.6,99.82905982905983
14500,7.6,99.79423868312757
14750,32.0,99.78070175438597
15000,28.799999999999997,99.82758620689656
15250,32.800000000000004,99.86559139784946
15500,36.4,99.76359338061465
15750,23.200000000000003,99.83739837398375
16000,24.8,99.55947136563876
16250,18.0,99.37106918238993
16500,24.4,98.90625
16750,34.0,99.70845481049562
17000,40.0,99.75728155339806
17250,22.0,99.74747474747475
17500,22.0,99.80842911877394
17750,28.799999999999997,99.84662576687117
18000,16.0,99.83818770226537
18250,40.8,99.66216216216216
18500,18.4,99.25187032418953
18750,16.0,98.97610921501706
19000,35.6,99.49367088607595
19250,32.800000000000004,99.68553459119497
19500,8.0,99.74160206718346
19750,4.0,99.79166666666667
20000,2.4,99.44289693593315
20250,16.400000000000002,99.45711183496199
20500,16.8,99.45897204688909
20750,29.599999999999998,99.83961507618284
21000,49.2,99.8529411764706
21250,48.4,99.79757085020243
21500,38.800000000000004,99.77168949771689
21750,52.0,97.9020979020979
22000,58.8,98.43342036553526
22250,70.0,99.48717948717949
22500,68.8,98.85714285714286
22750,63.6,98.5781990521327
23000,41.199999999999996,99.59677419354838
23250,42.4,93.20113314447592
23500,58.4,71.51898734177216
23750,44.800000000000004,98.29545454545455
24000,46.800000000000004,88.72727272727273
24250,39.2,99.17582417582418
24500,15.6,99.79674796747967
24750,31.2,99.10714285714286
25000,25.2,85.75498575498575
25250,38.0,73.12252964426878
25500,50.4,98.98648648648648
25750,10.4,80.45977011494253
26000,60.4,99.7134670487106
26250,0.4,84.58049886621315
