50,40.0,0.0
100,72.0,0.0
150,30.0,0.0
200,36.0,18.91891891891892
250,62.0,33.064516129032256
300,52.0,21.52777777777778
350,2.0,19.25133689839572
400,10.0,16.517857142857142
450,14.000000000000002,9.125475285171103
500,6.0,23.870967741935484
550,12.0,35.02824858757062
600,16.0,46.03174603174603
650,0.0,54.36893203883495
700,6.0,65.08313539192399
750,14.000000000000002,10.869565217391305
800,20.0,8.02919708029197
850,34.0,2.2556390977443606
900,22.0,16.479400749063668
950,24.0,37.00787401574803
1000,32.0,51.06382978723404
1050,32.0,56.16883116883117
1100,20.0,47.6780185758514
1150,34.0,2.1806853582554515
1200,36.0,16.147308781869686
1250,32.0,25.71428571428571
1300,32.0,24.105011933174225
1350,34.0,29.20353982300885
1400,18.0,38.39662447257383
1450,18.0,45.04854368932038
1500,34.0,41.42335766423358
1550,42.0,29.289428076256502
1600,50.0,15.294117647058824
1650,54.0,5.177993527508091
1700,44.0,7.04
1750,36.0,9.28462709284627
1800,42.0,12.682215743440233
1850,6.0,14.681440443213297
1900,12.0,15.926892950391643
1950,26.0,18.43088418430884
2000,40.0,2.5766871165644174
2050,46.0,3.2357473035439135
2100,22.0,6.806282722513089
2150,38.0,14.285714285714285
2200,24.0,18.403547671840354
2250,38.0,23.651452282157674
2300,34.0,24.660194174757283
2350,34.0,41.157556270096464
2400,28.000000000000004,48.126801152737755
2450,16.0,54.24164524421594
2500,32.0,50.82742316784869
2550,44.0,48.55875831485588
2600,14.000000000000002,7.949790794979079
2650,28.000000000000004,5.905511811023622
2700,24.0,14.953271028037381
2750,32.0,22.495606326889277
2800,42.0,29.915966386554622
2850,34.0,3.7398373983739837
2900,42.0,5.087440381558029
2950,18.0,12.295081967213115
3000,36.0,28.686327077747993
3050,36.0,38.76543209876544
3100,48.0,42.459396751740144
3150,30.0,40.557939914163086
3200,38.0,37.62575452716298
3250,48.0,7.82122905027933
3300,54.0,0.974025974025974
3350,46.0,9.907120743034056
3400,34.0,23.03370786516854
3450,38.0,33.33333333333333
3500,2.0,40.137614678899084
3550,28.000000000000004,48.03493449781659
3600,36.0,48.97959183673469
3650,34.0,46.27151051625239
3700,42.0,31.0126582278481
3750,34.0,26.232741617357004
3800,36.0,23.933209647495364
3850,36.0,1.7786561264822136
3900,42.0,11.02803738317757
3950,32.0,20.722433460076044
4000,22.0,24.601769911504427
4050,32.0,23.53923205342237
4100,48.0,23.52
4150,62.0,4.088050314465408
4200,54.0,4.075235109717868
4250,34.0,5.534351145038168
4300,36.0,10.79136690647482
4350,36.0,14.625850340136054
4400,28.000000000000004,20.809248554913296
4450,4.0,21.25
4500,4.0,25.390625
4550,62.0,6.072106261859583
4600,62.0,4.862579281183932
4650,42.0,3.5856573705179287
4700,38.0,7.336956521739131
4750,38.0,7.268170426065162
4800,42.0,6.308411214953271
4850,40.0,6.986899563318777
4900,34.0,5.906313645621181
4950,14.000000000000002,12.030075187969924
5000,8.0,19.543147208121827
5050,22.0,23.708920187793428
5100,18.0,28.54077253218884
5150,32.0,32.2
5200,46.0,25.23719165085389
5250,26.0,28.264758497316638
5300,12.0,29.054054054054053
5350,36.0,32.90113452188007
5400,50.0,5.9459459459459465
5450,48.0,7.392996108949417
5500,32.0,13.745704467353953
5550,40.0,20.87227414330218
5600,22.0,28.87537993920973
5650,30.0,32.69230769230769
5700,40.0,32.48730964467005
5750,16.0,48.036253776435046
5800,70.0,4.913294797687861
5850,76.0,7.5418994413407825
5900,48.0,7.552083333333333
5950,40.0,12.560386473429952
6000,44.0,17.194570135746606
6050,36.0,22.151898734177212
6100,36.0,25.691699604743086
6150,4.0,21.415607985480946
6200,14.000000000000002,24.410774410774412
6250,18.0,1.8072289156626504
6300,26.0,6.915887850467289
6350,36.0,11.992945326278658
6400,20.0,19.836400817995912
6450,0.0,22.586872586872587
6500,16.0,25.992779783393498
6550,30.0,28.01358234295416
6600,36.0,19.32367149758454
6650,50.0,4.227642276422764
6700,32.0,3.7102473498233217
6750,42.0,2.05761316872428
6800,34.0,1.5414258188824663
6850,26.0,3.597122302158273
6900,34.0,3.395585738539898
6950,10.0,2.7444253859348198
7000,24.0,4.025764895330113
7050,64.0,3.622047244094488
7100,8.0,1.4684287812041115
7150,64.0,2.72596843615495
7200,26.0,1.4986376021798364
7250,20.0,2.454780361757106
7300,34.0,3.0978934324659235
7350,30.0,2.7127003699136867
7400,32.0,3.6784741144414173
7450,12.0,4.046997389033943
7500,14.000000000000002,8.637873754152823
7550,34.0,13.385826771653544
7600,38.0,17.417417417417415
7650,30.0,24.324324324324326
7700,10.0,26.687598116169546
7750,32.0,28.763040238450078
7800,34.0,26.704545454545453
7850,6.0,31.03448275862069
7900,14.000000000000002,33.096590909090914
7950,54.0,2.391629297458894
8000,16.0,1.293103448275862
8050,36.0,6.8181818181818175
8100,36.0,10.490693739424705
8150,28.000000000000004,18.255578093306287
8200,12.0,23.809523809523807
8250,30.0,26.44787644787645
8300,36.0,29.63636363636364
8350,62.0,2.2847100175746924
8400,74.0,1.5463917525773196
8450,20.0,4.501607717041801
8500,32.0,9.451219512195122
8550,36.0,13.953488372093023
8600,42.0,17.01534170153417
8650,26.0,22.400000000000002
8700,18.0,27.307206068268012
8750,36.0,26.731470230862698
8800,32.0,26.137689614935823
8850,28.000000000000004,27.752808988764045
8900,14.000000000000002,59.18803418803419
8950,20.0,52.16535433070866
9000,34.0,48.79852125693161
9050,38.0,41.901408450704224
9100,34.0,37.018425460636514
9150,14.000000000000002,37.99682034976153
9200,18.0,19.402985074626866
9250,36.0,25.64102564102564
9300,40.0,31.010928961748636
9350,28.000000000000004,26.822916666666668
9400,24.0,24.317617866004962
9450,34.0,23.480333730631706
9500,44.0,3.2407407407407405
9550,34.0,8.754208754208754
9600,12.0,1.070663811563169
9650,28.000000000000004,6.198347107438017
9700,34.0,10.989010989010989
9750,42.0,0.48638132295719844
9800,54.0,1.0416666666666665
9850,24.0,11.73913043478261
9900,34.0,29.277566539923956
9950,28.000000000000004,45.357142857142854
10000,14.000000000000002,62.35294117647059
10050,18.0,58.445945945945944
10100,34.0,49.544072948328264
10150,24.0,31.780821917808222
10200,32.0,29.57393483709273
10250,20.0,33.966745843230406
10300,12.0,43.27354260089686
10350,8.0,50.52192066805845
10400,24.0,54.4921875
10450,34.0,47.88990825688074
10500,28.000000000000004,44.44444444444444
10550,28.000000000000004,44.6078431372549
10600,18.0,33.537519142419605
10650,36.0,28.759124087591243
10700,38.0,26.256983240223462
10750,34.0,21.628838451268358
10800,26.0,20.99236641221374
10850,36.0,16.503667481662593
10900,32.0,19.953051643192488
10950,18.0,23.62821948488242
11000,22.0,22.317596566523605
11050,32.0,22.34927234927235
11100,36.0,16.599597585513077
11150,4.0,20.73643410852713
11200,18.0,23.809523809523807
11250,20.0,22.95229522952295
11300,38.0,20.052539404553414
11350,28.000000000000004,20.89041095890411
11400,12.0,24.257425742574256
11450,36.0,15.70048309178744
11500,34.0,9.019607843137255
11550,28.000000000000004,8.543096872616324
11600,34.0,8.407738095238097
11650,20.0,11.88679245283019
11700,40.0,4.273504273504273
11750,54.0,3.9159503342884436
11800,36.0,4.018691588785047
11850,32.0,6.2727272727272725
11900,32.0,8.37742504409171
11950,24.0,10.238907849829351
12000,36.0,11.129568106312291
12050,42.0,3.4031413612565444
12100,62.0,2.2988505747126435
12150,62.0,1.5018773466833542
12200,48.0,3.3939393939393945
12250,40.0,6.549707602339182
12300,8.0,11.556982343499197
12350,18.0,13.102409638554215
12400,24.0,16.80911680911681
12450,30.0,20.21709633649932
12500,24.0,22.838709677419356
12550,26.0,24.75369458128079
12600,12.0,27.33644859813084
12650,14.000000000000002,28.47608453837597
12700,36.0,28.24919441460795
12750,36.0,23.156801661474557
12800,12.0,39.38879456706282
12850,12.0,37.2827804107425
12900,24.0,3.211009174311927
12950,2.0,1.7069701280227598
13000,42.0,3.314917127071823
13050,54.0,2.8150134048257374
13100,36.0,5.784061696658098
13150,30.0,12.815884476534295
13200,18.0,16.30252100840336
13250,36.0,2.2573363431151243
13300,32.0,6.918238993710692
13350,42.0,11.752988047808765
13400,62.0,4.990403071017274
13450,36.0,8.362369337979095
13500,28.000000000000004,17.027863777089784
13550,36.0,23.098591549295776
13600,36.0,29.198966408268735
13650,20.0,1.6713091922005572
13700,16.0,7.614213197969544
13750,0.0,11.486486486486488
13800,0.0,13.96761133603239
13850,16.0,16.6044776119403
13900,36.0,18.838028169014084
13950,26.0,23.04832713754647
14000,4.0,19.82142857142857
14050,6.0,17.706576728499158
14100,2.0,16.4576802507837
14150,0.0,20.253164556962027
14200,28.000000000000004,3.824091778202677
14250,2.0,4.466501240694789
14300,0.0,5.092592592592593
14350,0.0,4.282655246252676
14400,0.0,7.010309278350515
14450,0.0,8.977035490605429
14500,22.0,12.669683257918551
14550,54.0,7.5566750629722925
14600,20.0,3.6312849162011176
14650,22.0,6.801007556675064
14700,36.0,7.925407925407925
14750,36.0,8.666666666666668
14800,30.0,8.126410835214447
14850,12.0,7.802874743326489
14900,32.0,9.213051823416507
14950,40.0,9.618874773139746
15000,36.0,9.137931034482758
15050,28.000000000000004,8.928571428571429
15100,34.0,9.090909090909092
15150,46.0,10.207100591715976
15200,26.0,9.449929478138223
15250,30.0,8.46774193548387
15300,32.0,12.096774193548388
15350,42.0,4.603174603174604
15400,38.0,3.9138943248532287
15450,36.0,2.813299232736573
15500,36.0,8.747044917257684
15550,30.0,12.882096069868995
15600,12.0,15.737051792828685
15650,12.0,11.904761904761903
15700,0.0,14.261744966442953
15750,62.0,2.4390243902439024
15800,78.0,2.8753993610223643
15850,14.000000000000002,6.5462753950338595
15900,22.0,11.409395973154362
15950,4.0,24.414715719063544
16000,4.0,28.818443804034583
16050,20.0,13.538461538461538
16100,0.0,18.4
16150,26.0,19.51219512195122
16200,32.0,22.477064220183486
16250,12.0,20.3781512605042
16300,0.0,14.757281553398057
16350,24.0,17.05989110707804
16400,36.0,18.69639794168096
16450,40.0,20.695364238410598
16500,22.0,20.031298904538342
16550,44.0,2.6058631921824107
16600,54.0,2.04778156996587
16650,20.0,1.8617021276595744
16700,14.000000000000002,4.501607717041801
16750,36.0,6.122448979591836
16800,20.0,8.641975308641975
16850,28.000000000000004,15.58073654390935
16900,26.0,8.87728459530026
16950,57.99999999999999,7.1782178217821775
17000,68.0,4.12621359223301
17050,28.000000000000004,11.594202898550725
17100,8.0,21.554770318021202
17150,16.0,26.461538461538463
17200,20.0,30.684931506849317
17250,38.0,32.57575757575758
17300,18.0,34.78260869565217
17350,18.0,38.912133891213394
17400,30.0,36.06237816764132
17450,32.0,26.80221811460259
17500,12.0,30.842911877394634
17550,10.0,34.30127041742287
17600,12.0,35.79831932773109
17650,16.0,36.57770800627944
17700,40.0,39.84732824427481
17750,66.0,4.294478527607362
17800,22.0,6.828193832599119
17850,6.0,15.918367346938775
17900,12.0,23.40823970037453
17950,8.0,17.016806722689076
18000,32.0,25.68627450980392
18050,36.0,33.39483394833948
18100,66.0,4.797047970479705
18150,56.00000000000001,5.009633911368015
18200,20.0,11.806797853309481
18250,34.0,19.594594594594593
18300,18.0,24.486571879936808
18350,26.0,73.45454545454545
18400,16.0,77.60252365930599
18450,0.0,79.291553133515
18500,32.0,67.83042394014963
18550,36.0,50.11547344110855
18600,22.0,52.60869565217391
18650,8.0,49.6
18700,2.0,50.7380073800738
18750,12.0,51.02389078498294
18800,12.0,50.79365079365079
18850,30.0,50.526315789473685
18900,56.00000000000001,3.829160530191458
18950,57.99999999999999,4.166666666666666
19000,22.0,10.126582278481013
19050,22.0,14.746543778801843
19100,36.0,1.7316017316017316
19150,36.0,6.882591093117409
19200,48.0,2.097902097902098
19250,22.0,9.433962264150944
19300,24.0,8.0
19350,10.0,9.30232558139535
19400,6.0,8.896797153024911
19450,0.0,17.522658610271904
19500,0.0,24.146981627296586
19550,0.0,31.9693094629156
19600,8.0,39.849624060150376
19650,0.0,45.80335731414868
19700,0.0,47.25274725274725
19750,2.0,52.33050847457628
19800,0.0,52.362204724409445
19850,0.0,48.924731182795696
19900,12.0,52.823920265780735
19950,0.0,56.44171779141104
20000,0.0,59.54415954415955
20050,12.0,62.73458445040214
20100,34.0,66.49550706033376
20150,36.0,48.57849196538937
20200,4.0,51.10851808634772
20250,0.0,53.5832414553473
20300,8.0,55.95363540569021
20350,0.0,18.98989898989899
20400,0.0,20.579710144927535
20450,40.0,6.666666666666667
20500,36.0,11.030082041932543
20550,26.0,15.106007067137808
20600,14.000000000000002,16.380789022298455
20650,36.0,16.193656093489146
20700,32.0,10.573770491803279
20750,40.0,10.439105219552609
20800,52.0,9.991876523151909
20850,56.00000000000001,10.876803551609324
20900,50.0,10.043196544276457
20950,40.0,14.045801526717558
21000,50.0,10.294117647058822
21050,60.0,10.571428571428571
21100,42.0,17.00960219478738
21150,50.0,17.108753315649867
21200,44.0,17.97752808988764
21250,46.0,23.707664884135475
21300,32.0,30.485436893203882
21350,60.0,21.49532710280374
21400,16.0,33.76623376623377
21450,36.0,36.626506024096386
21500,48.0,33.789954337899545
21550,40.0,43.32129963898917
21600,54.0,36.333333333333336
21650,48.0,37.903225806451616
21700,62.0,28.83895131086142
21750,56.00000000000001,30.76923076923077
21800,66.0,28.71287128712871
21850,57.99999999999999,24.6875
21900,57.99999999999999,26.843657817109147
21950,34.0,37.634408602150536
22000,78.0,29.765013054830288
22050,44.0,37.38019169329074
22100,78.0,32.24755700325733
22150,74.0,25.806451612903224
22200,70.0,29.64824120603015
22250,84.0,39.48717948717949
22300,88.0,30.851063829787233
22350,86.0,38.1294964028777
22400,64.0,33.557046979865774
22450,66.0,40.963855421686745
22500,40.0,44.57142857142857
22550,48.0,31.8407960199005
22600,42.0,48.76847290640394
22650,80.0,33.33333333333333
22700,70.0,16.113744075829384
22750,78.0,25.59241706161137
22800,42.0,33.33333333333333
22850,54.0,44.08163265306123
22900,34.0,72.6775956284153
22950,20.0,71.74887892376681
23000,56.00000000000001,65.3061224489796
23050,52.0,63.671875
23100,8.0,64.64285714285715
23150,34.0,58.78594249201278
23200,62.0,56.325301204819276
23250,57.99999999999999,52.69121813031161
23300,50.0,38.9920424403183
23350,90.0,8.533333333333333
23400,62.0,12.380952380952381
23450,78.0,55.26315789473685
23500,12.0,11.39240506329114
23550,42.0,20.855614973262032
23600,40.0,22.115384615384613
23650,76.0,30.23255813953488
23700,66.0,2.380952380952381
23750,0.0,1.7142857142857144
23800,14.000000000000002,3.482587064676617
23850,42.0,21.55963302752294
23900,64.0,41.10169491525424
23950,46.0,43.529411764705884
24000,60.0,40.0
24050,57.99999999999999,29.39189189189189
24100,60.0,26.89873417721519
24150,32.0,2.9069767441860463
24200,46.0,12.420382165605096
24250,0.0,24.45054945054945
24300,68.0,6.578947368421052
24350,10.0,13.411764705882353
24400,0.0,27.29591836734694
24450,0.0,35.52036199095023
24500,0.0,42.073170731707314
24550,22.0,46.78030303030303
24600,56.00000000000001,7.505518763796909
24650,0.0,1.090909090909091
24700,57.99999999999999,4.391891891891892
24750,20.0,0.8928571428571428
24800,12.0,1.4423076923076923
24850,0.0,18.6046511627907
24900,0.0,31.818181818181817
24950,14.000000000000002,42.16524216524217
25000,100.0,8.262108262108262
25050,100.0,29.259259259259256
25100,48.0,6.756756756756757
25150,30.0,14.19939577039275
25200,12.0,47.783251231527096
25250,0.0,58.10276679841897
25300,0.0,65.01650165016501
25350,4.0,70.37037037037037
25400,100.0,6.837606837606838
25450,100.0,21.082621082621085
25500,48.0,4.391891891891892
25550,40.0,0.9202453987730062
25600,12.0,2.0202020202020203
25650,0.0,15.32258064516129
25700,0.0,29.53020134228188
25750,0.0,39.36781609195402
25800,90.0,4.815864022662889
25850,100.0,18.980169971671387
25900,48.0,3.3557046979865772
25950,54.0,10.903426791277258
26000,10.0,24.355300859598856
26050,2.0,56.016597510373444
26100,0.0,63.57388316151202
26150,0.0,68.91495601173021
26200,0.0,72.89002557544757
26250,0.0,75.96371882086169
26300,0.0,78.41140529531569
