250,49.2,0.0
500,20.4,0.0
750,22.0,0.0
1000,30.4,0.0
1250,37.6,0.0
1500,30.0,0.0
1750,53.2,0.0
2000,28.4,0.0
2250,38.800000000000004,0.0
2500,30.8,0.0
2750,32.0,0.0
3000,50.0,0.0
3250,59.599999999999994,0.0
3500,50.0,0.0
3750,36.0,0.0
4000,33.6,0.0
4250,52.400000000000006,0.0
4500,51.6,0.0
4750,51.2,0.0
5000,37.2,0.0
5250,28.799999999999997,0.0
5500,46.800000000000004,0.0
5750,56.8,0.0
6000,59.199999999999996,0.0
6250,28.000000000000004,0.0
6500,24.0,0.0
6750,45.6,0.0
7000,49.2,0.0
7250,41.6,0.0
7500,26.8,0.0
7750,28.799999999999997,0.0
8000,25.2,0.0
8250,50.8,0.0
8500,45.6,0.0
8750,31.2,0.0
9000,19.6,0.0
9250,22.0,0.0
9500,32.800000000000004,0.0
9750,29.599999999999998,0.0
10000,33.2,0.0
10250,27.200000000000003,0.0
10500,30.0,0.0
10750,30.8,0.0
11000,26.8,0.0
11250,22.400000000000002,0.0
11500,29.599999999999998,0.0
11750,44.0,0.0
12000,33.2,0.0
12250,53.6,0.0
12500,29.599999999999998,0.0
12750,24.8,0.0
13000,20.0,0.0
13250,55.60000000000001,0.0
13500,44.4,0.0
13750,28.000000000000004,0.0
14000,16.400000000000002,0.0
14250,19.2,0.0
14500,46.800000000000004,0.0
14750,39.2,0.0
15000,24.4,0.0
15250,26.0,0.0
15500,43.2,0.0
15750,22.8,0.0
16000,34.4,0.0
16250,18.0,0.0
16500,25.2,0.0
16750,59.199999999999996,0.0
17000,51.2,0.0
17250,34.4,0.0
17500,23.200000000000003,0.0
17750,29.2,0.0
18000,20.4,0.0
18250,50.0,0.0
18500,27.6,0.0
18750,16.400000000000002,0.0
19000,38.0,0.0
19250,47.599999999999994,0.0
19500,33.6,0.0
19750,20.8,0.0
20000,4.0,0.0
20250,17.2,0.0
20500,17.599999999999998,0.0
20750,31.6,0.0
21000,50.0,0.0
21250,49.2,0.0
21500,45.6,0.0
21750,55.2,0.0
22000,57.599999999999994,0.0
22250,82.0,0.0
22500,77.2,0.0
22750,74.4,0.0
23000,41.6,0.0
23250,41.6,0.0
23500,80.4,0.0
23750,63.6,0.0
24000,49.6,0.0
24250,56.39999999999999,0.0
24500,37.6,0.0
24750,64.0,0.0
25000,26.0,0.0
25250,57.599999999999994,0.0
25500,24.0,0.0
25750,22.0,0.0
26000,92.80000000000001,0.0
26250,8.0,0.0
