250,49.2,100.0
500,21.2,100.0
750,30.4,100.0
1000,41.199999999999996,100.0
1250,41.199999999999996,100.0
1500,31.6,100.0
1750,62.4,100.0
2000,58.8,100.0
2250,64.4,100.0
2500,48.0,100.0
2750,35.199999999999996,100.0
3000,63.2,100.0
3250,70.0,100.0
3500,69.6,100.0
3750,53.2,100.0
4000,37.6,33.512983831455166
4250,58.8,37.45335820895522
4500,66.0,41.580601706331386
4750,85.6,44.321696862571805
5000,85.6,48.62983906046107
5250,65.2,53.94295302013423
5500,86.8,57.75755068266446
5750,98.8,60.867768595041326
6000,98.8,63.72265786215435
6250,84.39999999999999,67.73669240146282
6500,59.199999999999996,72.17017954722873
6750,86.4,76.06177606177607
7000,95.6,79.43098808150711
7250,96.0,84.04907975460122
7500,60.0,86.59632669011333
7750,31.2,89.5906432748538
8000,27.200000000000003,89.50495049504951
8250,64.0,90.83469721767594
8500,64.8,99.22586520947176
8750,76.4,99.95565410199556
9000,60.0,99.95753715498938
9250,63.6,99.91725279271824
9500,64.0,99.958796868562
9750,61.199999999999996,99.91899554475496
10000,60.8,99.96061441512406
10250,61.6,99.96204933586338
10500,64.4,99.7060984570169
10750,64.0,99.7153024911032
11000,62.8,99.7244230106786
11250,59.199999999999996,99.86675549633578
11500,63.6,99.90291262135922
11750,78.8,99.93595901376881
12000,95.6,99.84035759897829
12250,95.6,99.93630573248407
12500,86.8,99.96673320026613
12750,48.8,99.79245935662401
13000,68.4,99.96505939902165
13250,93.2,99.96417054819061
13500,96.0,99.96309963099631
13750,82.8,99.9625748502994
14000,47.599999999999994,99.9266862170088
14250,69.6,99.96202050892518
14500,93.2,99.96067636649626
14750,94.0,99.95956328346138
15000,78.0,99.95908346972176
15250,63.6,99.9601593625498
15500,86.0,99.95826377295492
15750,85.6,99.95838535164377
16000,94.8,99.91663192997082
16250,62.8,99.8792270531401
16500,62.8,99.96116504854369
16750,84.8,99.95854063018243
17000,88.4,98.33194328607172
17250,91.60000000000001,99.21259842519686
17500,65.2,99.87946966653274
17750,64.8,99.92239037640668
18000,91.60000000000001,99.96143463170073
18250,92.0,99.88457098884186
18500,82.0,99.95959595959596
18750,55.2,99.96039603960396
19000,79.2,99.8435054773083
19250,93.60000000000001,99.95936611133686
19500,83.2,99.87654320987654
19750,74.0,99.9594155844156
20000,41.199999999999996,99.576597382602
20250,57.599999999999994,99.96178830722201
20500,68.4,99.9231950844854
20750,53.2,99.05838041431262
21000,52.400000000000006,98.88127029953085
21250,51.6,99.06412478336222
21500,48.4,98.93475366178428
21750,57.199999999999996,98.9694041867955
22000,60.4,98.93650297153582
22250,84.39999999999999,98.94932014833128
22500,97.2,98.95158803576935
22750,96.0,98.98523985239852
23000,85.6,97.99025578562728
23250,48.4,98.18128483426224
23500,86.0,98.19976771196283
23750,95.19999999999999,98.20601851851852
24000,67.2,98.24759751271905
24250,74.4,98.27873403664631
24500,59.199999999999996,98.32613390928726
24750,84.8,98.34313201496526
25000,44.0,98.40288511076764
25250,83.2,95.8975698980925
25500,60.8,94.87594390507012
25750,45.6,87.03389830508475
26000,98.0,86.28005657708628
26250,8.0,78.84831460674158
