250,49.2,100.0
500,21.2,100.0
750,30.4,100.0
1000,41.199999999999996,100.0
1250,41.199999999999996,100.0
1500,31.6,100.0
1750,62.4,100.0
2000,58.8,100.0
2250,64.4,100.0
2500,48.0,100.0
2750,35.199999999999996,100.0
3000,63.2,100.0
3250,70.0,100.0
3500,69.6,100.0
3750,53.2,27.469624933967246
4000,37.6,33.512983831455166
4250,58.8,37.45335820895522
4500,65.2,41.49079479119892
4750,85.6,44.23331860362351
5000,85.6,48.54284471509352
5250,65.2,53.85906040268457
5500,86.8,57.67480347538271
5750,98.8,60.785123966942145
6000,98.8,63.6401155592241
6250,84.39999999999999,67.65542462413653
6500,58.8,72.05308352849336
6750,86.4,75.94594594594595
7000,95.6,79.31564782775855
7250,94.8,83.81901840490798
7500,60.0,86.59632669011333
7750,31.2,89.5906432748538
8000,27.200000000000003,89.50495049504951
8250,60.0,90.83469721767594
8500,64.8,99.22586520947176
8750,76.4,99.95565410199556
9000,60.0,99.95753715498938
9250,63.6,99.91725279271824
9500,64.0,99.958796868562
9750,61.199999999999996,99.91899554475496
10000,60.8,99.7624703087886
10250,61.6,99.92345962495216
10500,64.0,99.92595335061088
10750,64.0,99.96408045977012
11000,62.8,99.96524157108098
11250,58.8,99.93240959783711
11500,62.8,99.9656002751978
11750,78.8,99.96611318197222
12000,95.6,99.96621621621622
12250,95.6,99.93129508759876
12500,86.8,99.96591683708247
12750,48.8,99.79245935662401
13000,67.60000000000001,99.96503496503496
13250,93.2,99.96414485478667
13500,95.19999999999999,99.96307237813885
13750,81.6,99.9625468164794
14000,52.400000000000006,99.96367598982928
14250,67.60000000000001,99.96440014239944
14500,93.2,99.96067636649626
14750,94.0,99.95956328346138
15000,78.0,99.95908346972176
15250,63.6,99.9601593625498
15500,86.0,99.95826377295492
15750,82.8,99.95838535164377
16000,94.0,99.91663192997082
16250,62.4,99.8792270531401
16500,62.0,99.88349514563106
16750,81.6,99.95854063018243
17000,88.4,98.33194328607172
17250,91.60000000000001,99.21259842519686
17500,65.2,99.87946966653274
17750,64.4,99.88363072148952
18000,91.2,99.96150885296382
18250,93.2,99.96175908221797
18500,81.2,99.96027016289233
18750,55.2,99.96155324875048
19000,78.4,99.96214988644965
19250,93.60000000000001,99.96128532713898
19500,82.0,99.88532110091744
19750,72.8,99.9594155844156
20000,41.199999999999996,99.576597382602
20250,57.199999999999996,99.96178830722201
20500,68.4,99.9231950844854
20750,49.6,98.79427279577996
21000,52.400000000000006,98.84476534296029
21250,51.6,99.02912621359224
21500,48.4,98.9010989010989
21750,57.199999999999996,98.9368556701031
22000,60.4,98.90488110137672
22250,84.39999999999999,98.91808346213293
22500,97.2,98.92041949413942
22750,96.0,98.95416794832359
23000,85.6,97.5624619134674
23250,48.4,97.7406103286385
23500,86.0,97.76357827476039
23750,95.19999999999999,97.77134587554269
24000,67.2,97.8230138535482
24250,74.4,97.86170508192168
24500,59.199999999999996,97.92060491493385
24750,84.8,97.9417268110131
25000,44.0,98.0159752641072
25250,83.2,95.92263460533194
25500,60.8,94.90153763150796
25750,45.6,87.05849109918056
26000,98.0,86.30447085455575
26250,8.0,78.87046923293059
