50,40.0,0.0
100,72.0,0.0
150,30.0,0.0
200,36.0,0.0
250,68.0,0.0
300,56.00000000000001,0.0
350,8.0,0.0
400,18.0,15.677966101694915
450,14.000000000000002,8.727272727272728
500,6.0,22.981366459627328
550,12.0,33.87978142076503
600,34.0,43.609022556390975
650,10.0,51.141552511415526
700,30.0,59.694989106753816
750,24.0,9.473684210526317
800,20.0,6.8893528183716075
850,36.0,1.1952191235059761
900,30.0,9.073724007561438
950,34.0,17.562724014336915
1000,32.0,25.170068027210885
1050,38.0,27.948303715670438
1100,44.0,23.802163833075735
1150,34.0,1.0494752623688157
1200,36.0,8.15450643776824
1250,36.0,13.580246913580247
1300,32.0,13.272010512483574
1350,34.0,16.751269035532996
1400,32.0,22.14111922141119
1450,18.0,26.88296639629201
1500,34.0,25.33482142857143
1550,42.0,18.27027027027027
1600,56.00000000000001,9.609292502639915
1650,74.0,3.3402922755741122
1700,57.99999999999999,5.067218200620475
1750,36.0,10.237849017580144
1800,42.0,15.424430641821946
1850,10.0,20.536635706914343
1900,12.0,29.935483870967744
1950,26.0,29.1871921182266
2000,52.0,2.511961722488038
2050,70.0,2.4676850763807283
2100,24.0,3.33716915995397
2150,38.0,7.806691449814126
2200,24.0,10.414201183431953
2250,38.0,13.013698630136986
2300,34.0,15.119047619047619
2350,36.0,14.90104772991851
2400,32.0,18.701007838745802
2450,20.0,23.47826086956522
2500,32.0,22.536687631027252
2550,44.0,22.301425661914458
2600,24.0,3.7475345167652856
2650,36.0,3.015075376884422
2700,24.0,9.9626400996264
2750,32.0,15.292712066905615
2800,44.0,20.578034682080926
2850,54.0,3.1137724550898205
2900,68.0,3.814064362336114
2950,24.0,6.912442396313365
3000,60.0,11.098398169336384
3050,68.0,16.819221967963387
3100,74.0,20.938215102974826
3150,57.99999999999999,23.354037267080745
3200,38.0,22.36842105263158
3250,60.0,3.2710280373831773
3300,72.0,0.6090133982947624
3350,62.0,5.762304921968788
3400,36.0,12.564102564102564
3450,44.0,18.316831683168317
3500,30.0,23.487544483985765
3550,34.0,32.89085545722713
3600,36.0,33.80281690140845
3650,34.0,32.5706594885599
3700,44.0,19.06614785992218
3750,34.0,16.54228855721393
3800,36.0,15.430622009569378
3850,36.0,1.300578034682081
3900,42.0,8.183079056865465
3950,32.0,14.850136239782016
4000,22.0,17.981888745148773
4050,32.0,17.472118959107807
4100,48.0,17.647058823529413
4150,64.0,3.055229142185664
4200,72.0,3.005780346820809
4250,46.0,4.382929642445213
4300,56.00000000000001,9.584295612009237
4350,68.0,15.011547344110854
4400,64.0,17.084282460136674
4450,50.0,22.58440046565774
4500,6.0,21.64705882352941
4550,62.0,3.695150115473441
4600,66.0,3.9663461538461537
4650,42.0,2.0905923344947737
4700,40.0,3.32512315270936
4750,38.0,3.4400948991696323
4800,42.0,3.476245654692932
4850,40.0,4.0150564617314926
4900,34.0,3.493975903614458
4950,28.000000000000004,6.385696040868455
5000,34.0,9.828009828009828
5050,22.0,12.470308788598574
5100,20.0,14.512471655328799
5150,32.0,16.593886462882097
5200,46.0,14.133900106269925
5250,26.0,16.408668730650156
5300,14.000000000000002,21.48148148148148
5350,44.0,24.728588661037396
5400,72.0,2.6097271648873073
5450,66.0,2.2093023255813953
5500,38.0,4.382929642445213
5550,68.0,7.390300230946882
5600,44.0,8.411214953271028
5650,30.0,8.342989571263036
5700,62.0,9.801488833746898
5750,46.0,11.164465786314526
5800,70.0,2.0047169811320753
5850,76.0,3.1395348837209305
5900,54.0,2.941176470588235
5950,42.0,5.395232120451694
6000,44.0,8.727272727272728
6050,36.0,11.592505854800937
6100,42.0,15.856777493606138
6150,18.0,15.552855407047387
6200,16.0,17.57857974388824
6250,18.0,1.2129380053908356
6300,26.0,4.7496790757381255
6350,36.0,8.384710234278668
6400,24.0,12.340966921119593
6450,12.0,14.096385542168674
6500,22.0,16.570771001150746
6550,30.0,18.25221238938053
6600,38.0,12.941176470588237
6650,62.0,2.8792912513842746
6700,44.0,2.26537216828479
6750,56.00000000000001,1.1363636363636365
6800,50.0,1.9079685746352413
6850,57.99999999999999,3.5754189944134076
6900,66.0,4.51045104510451
6950,57.99999999999999,3.5794183445190155
7000,32.0,3.005780346820809
7050,66.0,2.6077097505668934
7100,8.0,1.0775862068965518
7150,68.0,2.0342612419700217
7200,30.0,1.3918629550321198
7250,24.0,2.3404255319148937
7300,34.0,3.3264033264033266
7350,32.0,2.547770700636943
7400,40.0,3.128491620111732
7450,14.000000000000002,3.485838779956427
7500,14.000000000000002,5.445026178010471
7550,34.0,8.60323886639676
7600,38.0,11.383709519136408
7650,30.0,15.946843853820598
7700,10.0,17.932489451476794
7750,32.0,19.653767820773933
7800,34.0,18.52216748768473
7850,6.0,19.602272727272727
7900,16.0,21.22040072859745
7950,54.0,1.6967126193001063
8000,16.0,0.9137055837563453
8050,42.0,4.133064516129032
8100,57.99999999999999,5.864811133200795
8150,56.00000000000001,7.6765609007164795
8200,16.0,3.8657171922685656
8250,60.0,6.779661016949152
8300,48.0,9.70231532524807
8350,62.0,1.4038876889848813
8400,74.0,0.9584664536741214
8450,24.0,2.759381898454746
8500,36.0,6.512141280353201
8550,54.0,10.118406889128096
8600,46.0,12.554585152838428
8650,34.0,17.880794701986755
8700,18.0,23.373759647188532
8750,36.0,23.429179978700745
8800,32.0,23.021582733812952
8850,28.000000000000004,24.552683896620277
8900,16.0,28.00808897876643
8950,20.0,25.75315840621963
9000,34.0,24.858757062146893
9050,38.0,21.97599261311173
9100,34.0,19.945848375451263
9150,14.000000000000002,21.244444444444444
9200,18.0,11.187607573149743
9250,36.0,15.07537688442211
9300,40.0,18.545751633986928
9350,28.000000000000004,16.349206349206348
9400,24.0,15.10015408320493
9450,34.0,14.800901577761083
9500,44.0,2.0694752402069474
9550,36.0,5.631768953068592
9600,12.0,0.8136696501220505
9650,28.000000000000004,5.046257359125315
9700,34.0,9.00163666121113
9750,42.0,0.40683482506102525
9800,54.0,0.4882017900732303
9850,24.0,2.188006482982172
9900,34.0,6.077348066298343
9950,28.000000000000004,9.62278675904542
10000,28.000000000000004,11.910112359550562
10050,18.0,12.57267441860465
10100,34.0,11.56848828956707
10150,26.0,8.022130013831259
10200,32.0,7.972972972972974
10250,26.0,9.476474486414844
10300,32.0,12.508101101749839
10350,32.0,15.71798188874515
10400,28.000000000000004,17.63590391908976
10450,34.0,16.1609907120743
10500,28.000000000000004,15.552855407047387
10550,28.000000000000004,16.230677764565993
10600,18.0,12.710388856645386
10650,36.0,11.225071225071224
10700,38.0,10.526315789473683
10750,34.0,8.905992303463442
10800,26.0,8.890086206896552
10850,36.0,7.15042372881356
10900,32.0,8.844953173777315
10950,18.0,10.74885379521141
11000,22.0,10.38961038961039
11050,32.0,10.591133004926109
11100,36.0,8.001939864209504
11150,4.0,9.723546234509056
11200,20.0,11.880261927034612
11250,20.0,11.707988980716253
11300,38.0,10.366681756450882
11350,28.000000000000004,10.927004030452306
11400,12.0,12.911725955204217
11450,36.0,8.456201214223764
11500,34.0,4.916631038905515
11550,28.000000000000004,4.715789473684211
11600,34.0,4.692691029900333
11650,34.0,5.1681706316652996
11700,64.0,1.8322475570032575
11750,66.0,1.6579053780832995
11800,42.0,2.1608643457382954
11850,32.0,3.702229299363057
11900,32.0,4.958333333333333
11950,24.0,5.209187858900739
12000,36.0,5.532953620829943
12050,42.0,1.1788617886178863
12100,62.0,0.7431874483897605
12150,62.0,0.5244755244755245
12200,48.0,1.512532411408816
12250,40.0,2.645051194539249
12300,18.0,4.062909567496723
12350,18.0,6.183476938672073
12400,24.0,7.260069617105917
12450,30.0,8.504398826979472
12500,24.0,9.788867562380037
12550,26.0,9.476661951909476
12600,14.000000000000002,10.833333333333334
12650,16.0,11.737943585077343
12700,36.0,11.79372197309417
12750,36.0,9.858532272325375
12800,18.0,10.747232472324724
12850,16.0,10.843920145190562
12900,28.000000000000004,0.8936550491510277
12950,2.0,0.4372540445999125
13000,42.0,1.0362694300518136
13050,54.0,0.904782421370099
13100,46.0,1.1610297829379101
13150,70.0,1.2024048096192386
13200,26.0,1.2594458438287155
13250,44.0,0.8763388510223954
13300,38.0,1.781970649895178
13350,46.0,4.024767801857585
13400,66.0,2.636916835699797
13450,38.0,3.076923076923077
13500,28.000000000000004,7.142857142857142
13550,36.0,9.749303621169917
13600,36.0,11.866666666666667
13650,20.0,0.7643312101910829
13700,16.0,4.059539918809202
13750,0.0,6.4638783269961975
13800,0.0,8.224076281287248
13850,16.0,10.102156640181612
13900,36.0,11.71960569550931
13950,26.0,13.163481953290871
14000,4.0,14.032869785082175
14050,8.0,12.78928136419001
14100,2.0,12.180974477958237
14150,22.0,12.823397075365579
14200,50.0,2.1881838074398248
14250,14.000000000000002,2.6288117770767614
14300,6.0,4.890738813735692
14350,54.0,5.777310924369748
14400,52.0,6.878850102669405
14450,40.0,7.5078206465067785
14500,48.0,7.301587301587302
14550,56.00000000000001,3.3507853403141366
14600,20.0,1.932367149758454
14650,22.0,3.5796766743648964
14700,36.0,5.456570155902004
14750,42.0,6.68824163969795
14800,32.0,7.94078061911171
14850,12.0,6.861499364675986
14900,32.0,7.673568818514006
14950,40.0,9.090909090909092
15000,38.0,9.225512528473805
15050,28.000000000000004,8.424507658643327
15100,34.0,8.658922914466736
15150,46.0,9.342915811088295
15200,26.0,9.371884346959122
15250,30.0,8.38150289017341
15300,38.0,9.090909090909092
15350,57.99999999999999,2.6901669758812616
15400,64.0,1.7335766423357664
15450,40.0,0.3902439024390244
15500,52.0,0.8879023307436182
15550,62.0,0.7709251101321586
15600,44.0,2.9914529914529915
15650,46.0,4.672897196261682
15700,14.000000000000002,4.264870931537598
15750,62.0,1.6483516483516485
15800,78.0,1.9543973941368076
15850,30.0,2.696629213483146
15900,26.0,7.122507122507122
15950,14.000000000000002,11.940298507462686
16000,4.0,15.087040618955513
16050,20.0,7.899461400359066
16100,0.0,11.367380560131796
16150,26.0,12.422360248447205
16200,32.0,14.540059347181009
16250,12.0,13.604488078541374
16300,0.0,11.228533685601057
16350,26.0,12.468513853904282
16400,36.0,13.922518159806296
16450,40.0,15.330188679245282
16500,26.0,15.36723163841808
16550,70.0,2.111111111111111
16600,68.0,1.3100436681222707
16650,50.0,2.258064516129032
16700,40.0,3.699788583509514
16750,68.0,5.717255717255718
16800,68.0,7.770961145194274
16850,64.0,12.374245472837023
16900,26.0,3.523693803159174
16950,57.99999999999999,3.4360189573459716
17000,68.0,2.494061757719715
17050,38.0,5.154639175257731
17100,22.0,7.15071507150715
17150,16.0,15.53672316384181
17200,22.0,17.8045515394913
17250,38.0,16.580976863753214
17300,20.0,18.773006134969325
17350,18.0,21.845794392523366
17400,30.0,20.763187429854096
17450,34.0,15.916575192096596
17500,28.000000000000004,17.00105596620908
17550,12.0,21.040974529346624
17600,12.0,22.597676874340024
17650,18.0,25.159235668789808
17700,40.0,27.216494845360824
17750,68.0,2.8600612870275794
17800,42.0,3.4482758620689653
17850,18.0,7.469342251950947
17900,14.000000000000002,12.928176795580109
17950,10.0,8.852459016393443
18000,32.0,14.301310043668122
18050,48.0,20.361990950226243
18100,70.0,2.8921023359288096
18150,62.0,2.832244008714597
18200,20.0,7.244785949506037
18250,36.0,12.874583795782463
18300,22.0,18.372379778051787
18350,34.0,23.22274881516588
18400,18.0,27.11864406779661
18450,0.0,30.58823529411765
18500,32.0,28.07017543859649
18550,36.0,21.678321678321677
18600,22.0,23.818897637795274
18650,10.0,27.502750275027505
18700,2.0,36.3040629095675
18750,12.0,37.42255266418835
18800,12.0,38.190364277320796
18850,30.0,37.81038374717833
18900,64.0,2.8761061946902653
18950,57.99999999999999,3.211517165005537
19000,30.0,6.344086021505377
19050,44.0,11.563169164882227
19100,62.0,0.8676789587852495
19150,68.0,6.015037593984962
19200,68.0,0.6578947368421052
19250,42.0,4.121475054229935
19300,60.0,2.3479188900747063
19350,42.0,4.214123006833713
19400,16.0,2.9082774049217
19450,4.0,7.30593607305936
19500,0.0,11.123110151187905
19550,30.0,17.267080745341616
19600,36.0,20.54958183990442
19650,16.0,31.968503937007874
19700,6.0,36.37795275590551
19750,6.0,40.52388289676425
19800,8.0,41.58273381294964
19850,0.0,39.59731543624161
19900,12.0,43.2192648922687
19950,0.0,46.603098927294404
20000,0.0,49.60629921259843
20050,12.0,52.62593783494105
20100,34.0,54.761904761904766
20150,36.0,39.49748743718593
20200,4.0,42.48554913294797
20250,0.0,44.94485294117647
20300,12.0,47.65279007971656
20350,0.0,15.98639455782313
20400,2.0,17.502054231717338
20450,40.0,5.693664795509222
20500,36.0,9.460516028146989
20550,30.0,13.013698630136986
20600,24.0,14.127218934911243
20650,36.0,14.017341040462428
20700,32.0,9.20114122681883
20750,40.0,8.854532677442025
20800,52.0,8.500345542501728
20850,56.00000000000001,6.72614962251201
20900,50.0,6.288032454361055
20950,42.0,6.125166444740346
21000,50.0,4.5841519318926
21050,60.0,4.783451842275372
21100,42.0,7.6238881829733165
21150,50.0,8.067542213883677
21200,46.0,5.9186189889025895
21250,46.0,8.552229688454489
21300,40.0,9.50363196125908
21350,60.0,6.87799043062201
21400,44.0,7.660577489687684
21450,36.0,8.837209302325581
21500,52.0,8.486238532110093
21550,48.0,6.8493150684931505
21600,54.0,6.140845070422536
21650,50.0,5.248464544946957
21700,62.0,4.254143646408839
21750,57.99999999999999,4.8061168760240305
21800,66.0,4.707792207792208
21850,57.99999999999999,4.240472356414386
21900,60.0,5.26595744680851
21950,34.0,7.49475890985325
22000,80.0,5.943691345151199
22050,80.0,6.068464730290456
22100,84.0,5.113636363636364
22150,82.0,2.467866323907455
22200,74.0,3.0132788559754853
22250,100.0,3.932584269662921
22300,94.0,2.9576746557878635
22350,96.0,2.6999490575649516
22400,78.0,0.5572441742654508
22450,68.0,2.595419847328244
22500,52.0,0.7272727272727273
22550,48.0,6.043329532497149
22600,56.00000000000001,10.091743119266056
22650,94.0,7.7714285714285705
22700,90.0,3.8636363636363633
22750,100.0,6.136363636363637
22800,42.0,4.635761589403973
22850,62.0,9.297297297297296
22900,60.0,13.12169312169312
22950,20.0,16.243654822335024
23000,56.00000000000001,15.888778550148958
23050,62.0,16.59877800407332
23100,16.0,18.39430894308943
23150,34.0,18.09242871189774
23200,62.0,18.05019305019305
23250,57.99999999999999,17.596972563859982
23300,52.0,17.62589928057554
23350,100.0,3.8369304556354913
23400,94.0,3.942652329749104
23450,82.0,8.156028368794328
23500,62.0,20.73170731707317
23550,70.0,32.688588007736946
23600,50.0,8.447937131630647
23650,86.0,12.5968992248062
23700,92.0,16.796875
23750,2.0,6.4638783269961975
23800,36.0,6.440677966101695
23850,42.0,17.59259259259259
23900,64.0,31.28654970760234
23950,54.0,30.41095890410959
24000,60.0,28.57142857142857
24050,57.99999999999999,21.428571428571427
24100,60.0,20.187793427230048
24150,44.0,2.2026431718061676
24200,100.0,8.590308370044053
24250,100.0,19.60352422907489
24300,72.0,5.656108597285068
24350,38.0,4.895104895104895
24400,0.0,16.83673469387755
24450,0.0,26.244343891402718
24500,0.0,33.739837398373986
24550,22.0,40.909090909090914
24600,100.0,6.4393939393939394
24650,100.0,15.909090909090908
24700,72.0,2.7659574468085104
24750,56.00000000000001,12.206572769953052
24800,18.0,1.4423076923076923
24850,0.0,18.6046511627907
24900,0.0,31.818181818181817
24950,14.000000000000002,42.16524216524217
25000,100.0,8.262108262108262
25050,100.0,22.507122507122507
25100,100.0,34.472934472934476
25150,100.0,13.390313390313391
25200,90.0,47.783251231527096
25250,0.0,58.10276679841897
25300,0.0,65.01650165016501
25350,4.0,70.37037037037037
25400,100.0,6.837606837606838
25450,100.0,21.082621082621085
25500,100.0,3.7037037037037033
25550,100.0,11.965811965811966
25600,100.0,46.464646464646464
25650,0.0,15.32258064516129
25700,0.0,29.53020134228188
25750,0.0,39.6551724137931
25800,90.0,4.815864022662889
25850,100.0,18.980169971671387
25900,100.0,2.8328611898017
25950,100.0,9.91501416430595
26000,100.0,24.07932011331445
26050,14.000000000000002,56.016597510373444
26100,0.0,63.57388316151202
26150,0.0,68.91495601173021
26200,0.0,72.89002557544757
26250,0.0,75.96371882086169
26300,0.0,78.41140529531569
