250,49.2,100.0
500,21.2,100.0
750,30.4,100.0
1000,41.199999999999996,100.0
1250,41.199999999999996,100.0
1500,31.6,100.0
1750,62.4,100.0
2000,58.8,100.0
2250,64.4,100.0
2500,48.0,100.0
2750,35.199999999999996,100.0
3000,63.2,9.001837109614206
3250,70.0,19.437939110070257
3500,69.6,26.632882882882885
3750,53.2,33.5446381405177
4000,37.6,39.14747672709456
4250,58.8,42.257462686567166
4500,65.2,44.58913336326897
4750,85.6,47.28236853733981
5000,85.6,51.54414963027403
5250,64.4,56.66946308724832
5500,86.8,60.44683491932147
5750,98.8,63.553719008264466
6000,98.8,66.40528270738754
6250,84.0,70.33726127590411
6500,58.8,74.62919594067135
6750,84.0,78.26254826254826
7000,95.6,81.62245290272972
7250,74.8,86.0828772478499
7500,54.800000000000004,88.67547018807524
7750,28.799999999999997,91.73652694610779
8000,27.200000000000003,91.68356997971603
8250,57.99999999999999,99.86504723346829
8500,64.8,99.22586520947176
8750,76.4,99.95565410199556
9000,60.0,99.95753715498938
9250,62.0,99.87587918907737
9500,64.0,99.958796868562
9750,60.8,99.91899554475496
10000,54.0,97.75502166207168
10250,61.6,99.46869070208729
10500,64.0,99.52240999265246
10750,64.0,99.60854092526691
11000,62.8,99.62108163968308
11250,58.8,99.76682211858761
11500,63.2,99.77346278317152
11750,78.8,99.93595901376881
12000,95.6,99.84035759897829
12250,95.6,99.93630573248407
12500,84.39999999999999,99.96596324029953
12750,25.6,99.68847352024922
13000,66.4,99.96501049685095
13250,93.2,99.96411912450664
13500,95.19999999999999,99.96304508499631
13750,81.6,99.96318114874816
14000,47.599999999999994,99.96342355523043
14250,68.4,99.96202050892518
14500,91.60000000000001,99.96067636649626
14750,93.60000000000001,99.95956328346138
15000,76.8,99.95908346972176
15250,63.2,99.9601593625498
15500,86.0,99.95826377295492
15750,82.8,99.95838535164377
16000,93.60000000000001,99.91663192997082
16250,62.0,99.8792270531401
16500,57.199999999999996,99.96025437201908
16750,64.4,99.95854063018243
17000,88.4,98.33194328607172
17250,91.60000000000001,99.21259842519686
17500,65.2,99.87946966653274
17750,62.4,99.60967993754879
18000,91.2,99.96127033307513
18250,93.2,99.96152366294729
18500,78.8,99.95959595959596
18750,54.800000000000004,99.96039603960396
19000,77.60000000000001,99.80438184663537
19250,93.60000000000001,99.95949777237747
19500,82.0,99.95906672124437
19750,68.4,99.9594155844156
20000,40.8,99.576597382602
20250,57.199999999999996,99.96178830722201
20500,58.8,99.9219664455716
20750,37.2,98.71891484551621
21000,52.400000000000006,98.77256317689532
21250,51.6,98.95977808599167
21500,47.199999999999996,98.73333333333333
21750,56.8,97.25894872621735
22000,60.0,97.11779448621553
22250,84.39999999999999,97.15258433921386
22500,97.2,97.15873996294009
22750,96.0,97.19741299661226
23000,85.6,97.13327233912779
23250,47.199999999999996,97.06314243759178
23500,86.0,97.09302325581395
23750,95.19999999999999,97.10312862108921
24000,67.2,97.17034521788341
24250,74.4,97.22067815453029
24500,59.199999999999996,97.2972972972973
24750,84.8,97.32477260567148
25000,44.0,97.42135121196493
25250,83.2,95.99790740256343
25500,60.8,95.00405076964623
25750,45.6,87.15700141442716
26000,98.0,86.40226628895185
26250,8.0,78.95921237693389
