250,49.2,100.0
500,21.2,100.0
750,30.4,100.0
1000,41.199999999999996,100.0
1250,41.199999999999996,100.0
1500,31.6,100.0
1750,62.4,100.0
2000,58.8,100.0
2250,64.4,12.089671737389912
2500,46.400000000000006,24.581818181818182
2750,35.199999999999996,33.85518590998043
3000,61.6,41.26003705991353
3250,70.0,47.874852420306965
3500,69.6,51.19182746878547
3750,53.2,54.2309739222991
4000,37.6,58.26344351258017
4250,58.8,60.4225352112676
4500,65.2,62.087663804789884
4750,85.2,64.48888888888888
5000,85.6,68.50393700787401
5250,64.4,73.04934626739772
5500,86.0,76.5195670274771
5750,98.8,79.62577962577963
6000,98.8,82.47508305647841
6250,82.8,86.18152085036795
6500,58.8,89.87043580683157
6750,53.6,93.75750300120048
7000,62.0,94.06430338004947
7250,48.4,99.95423340961098
7500,54.800000000000004,99.95361781076066
7750,28.799999999999997,99.95389580451821
8000,27.200000000000003,99.95414947271894
8250,57.99999999999999,95.31548757170172
8500,64.8,95.5045871559633
8750,70.39999999999999,97.11367673179396
9000,60.0,99.53171562366964
9250,62.0,99.95855781185247
9500,64.0,99.95855781185247
9750,60.8,99.95948136142626
10000,53.6,97.75502166207168
10250,61.6,99.46869070208729
10500,64.0,99.52240999265246
10750,64.0,99.60854092526691
11000,62.8,99.62108163968308
11250,54.800000000000004,99.96455157745481
11500,33.2,99.96528982992017
11750,47.599999999999994,99.96527777777777
12000,63.2,99.81923355025307
12250,70.39999999999999,99.96374184191443
12500,52.800000000000004,99.9626307922272
12750,25.6,99.61498074903746
13000,57.199999999999996,99.96538594669437
13250,93.2,99.9285459092533
13500,95.19999999999999,99.96323529411765
13750,81.6,99.96323529411765
14000,47.199999999999996,99.9634636463281
14250,68.4,99.96202050892518
14500,91.60000000000001,99.96067636649626
14750,93.60000000000001,99.95956328346138
15000,76.0,99.95908346972176
15250,58.8,99.95874587458746
15500,59.199999999999996,99.95713673381911
15750,53.6,99.95812395309883
16000,60.8,99.95775242923531
16250,30.0,99.95612110574812
16500,30.0,99.91536182818452
16750,64.4,99.9582985821518
17000,78.4,98.20907955018741
17250,91.60000000000001,99.08940397350993
17500,64.4,99.83935742971887
17750,64.0,99.84484096198604
18000,91.2,99.92301770592763
18250,93.2,99.92351816443595
18500,79.60000000000001,99.95985547972703
18750,54.800000000000004,99.96141975308642
19000,78.4,99.80552314274601
19250,93.60000000000001,99.92217898832685
19500,65.60000000000001,99.95886466474701
19750,36.4,99.91701244813278
20000,4.8,99.96039603960396
20250,23.599999999999998,99.8272884283247
20500,22.400000000000002,99.95962858296326
20750,34.8,99.92389649923896
21000,52.400000000000006,99.96351696461146
21250,51.6,99.96492458786392
21500,47.199999999999996,99.5606623859412
21750,56.8,99.08496732026144
22000,60.0,98.47715736040608
22250,84.39999999999999,98.49576935130054
22500,97.2,98.49906191369607
22750,96.0,98.53445587776739
23000,85.6,98.42543995060204
23250,47.199999999999996,98.36406900654372
23500,86.0,98.3809243450103
23750,95.19999999999999,98.38662364329716
24000,67.2,98.4245201947866
24250,74.4,98.45288326300985
24500,59.199999999999996,98.49603500136725
24750,84.8,98.51150202976996
25000,44.0,98.56584093872229
25250,83.2,96.98731501057082
25500,60.8,95.98908594815826
25750,45.6,87.90299572039942
26000,98.0,87.14285714285714
26250,8.0,83.39954597048809
