50.19011406844106
80.98859315589354
63.11787072243346
63.11787072243346
59.31558935361216
66.15969581749049
31.55893536121673
40.68441064638783
33.07984790874524
67.68060836501901
50.950570342205324
31.55893536121673
30.038022813688215
38.02281368821293
61.59695817490495
48.669201520912544
32.69961977186312
17.870722433460077
13.307984790874524
34.98098859315589
11.02661596958175
1.9011406844106464
1.9011406844106464
23.193916349809886
38.78326996197718
5.323193916349809
1.9011406844106464
3.802281368821293
25.475285171102662
44.106463878327
4.562737642585551
3.4220532319391634
9.125475285171103
36.50190114068441
36.12167300380228
36.12167300380228
35.741444866920155
42.20532319391635
37.6425855513308
35.741444866920155
36.50190114068441
35.741444866920155
39.163498098859314
38.40304182509506
10.646387832699618
3.4220532319391634
6.4638783269961975
7.604562737642586
5.7034220532319395
2.6615969581749046
6.4638783269961975
5.323193916349809
20.53231939163498
6.083650190114068
6.4638783269961975
6.083650190114068
4.182509505703422
5.7034220532319395
5.7034220532319395
8.365019011406844
7.984790874524715
9.505703422053232
6.4638783269961975
4.182509505703422
6.844106463878327
10.26615969581749
5.323193916349809
0.38022813688212925
4.942965779467681
8.365019011406844
4.942965779467681
9.125475285171103
6.083650190114068
11.787072243346007
5.7034220532319395
38.40304182509506
42.96577946768061
29.65779467680608
38.02281368821293
46.00760456273764
47.14828897338403
46.00760456273764
39.163498098859314
33.07984790874524
9.885931558935361
2.6615969581749046
5.7034220532319395
8.745247148288973
8.365019011406844
5.323193916349809
1.520912547528517
0.7604562737642585
0.0
0.0
0.0
0.0
0.0
0.0
0.0
74.1444866920152
