50,40.0,0.0
100,72.0,0.0
150,30.0,0.0
200,36.0,0.0
250,68.0,0.0
300,56.00000000000001,0.0
350,8.0,0.0
400,18.0,0.0
450,18.0,0.0
500,6.0,0.0
550,12.0,0.0
600,34.0,0.0
650,16.0,0.0
700,44.0,0.0
750,46.0,0.0
800,56.00000000000001,0.0
850,40.0,0.0
900,36.0,0.0
950,38.0,0.0
1000,36.0,0.0
1050,38.0,0.0
1100,44.0,0.0
1150,44.0,0.0
1200,36.0,0.0
1250,44.0,0.0
1300,34.0,0.0
1350,40.0,0.0
1400,32.0,0.0
1450,18.0,0.0
1500,34.0,0.0
1550,42.0,0.0
1600,56.00000000000001,0.0
1650,76.0,0.0
1700,70.0,0.0
1750,68.0,0.0
1800,72.0,0.0
1850,52.0,0.0
1900,46.0,0.0
1950,60.0,0.0
2000,64.0,0.0
2050,70.0,0.0
2100,60.0,0.0
2150,68.0,0.0
2200,57.99999999999999,0.0
2250,66.0,0.0
2300,66.0,0.0
2350,72.0,0.0
2400,40.0,0.0
2450,30.0,0.0
2500,32.0,0.0
2550,44.0,0.0
2600,32.0,0.0
2650,38.0,0.0
2700,28.000000000000004,0.0
2750,34.0,0.0
2800,44.0,0.0
2850,68.0,0.0
2900,76.0,0.0
2950,56.00000000000001,0.0
3000,72.0,0.0
3050,68.0,0.0
3100,74.0,0.0
3150,68.0,0.0
3200,68.0,0.0
3250,72.0,0.0
3300,72.0,0.0
3350,72.0,0.0
3400,68.0,0.0
3450,72.0,0.0
3500,64.0,0.0
3550,66.0,0.0
3600,66.0,0.0
3650,56.00000000000001,0.0
3700,44.0,0.0
3750,34.0,0.0
3800,36.0,0.0
3850,42.0,0.0
3900,42.0,0.0
3950,36.0,7.025411061285501
4000,32.0,27.78049975502205
4050,32.0,6.795180722891566
4100,48.0,7.187053783912423
4150,72.0,1.6075650118203308
4200,72.0,1.2212306247064348
4250,70.0,3.078358208955224
4300,66.0,5.367885238315594
4350,68.0,5.971520440973817
4400,66.0,6.836827711941659
4450,68.0,8.78623188405797
4500,62.0,10.821733273462057
4550,66.0,1.4260249554367201
4600,72.0,1.4614703277236492
4650,94.0,3.6709420610349404
4700,96.0,5.877154220061865
4750,100.0,29.297392841361024
4800,100.0,6.937693327441449
4850,96.0,7.0198675496688745
4900,100.0,7.06401766004415
4950,64.0,6.92071835304424
5000,68.0,9.047411918225315
5050,64.0,11.135088476478204
5100,56.00000000000001,11.201368106028218
5150,64.0,11.20067882901994
5200,74.0,5.9071729957805905
5250,68.0,7.969798657718121
5300,64.0,9.991673605328891
5350,76.0,10.066280033140016
5400,100.0,1.035625517812759
5450,94.0,1.5308233347124536
5500,100.0,3.5995035167563096
5550,100.0,12.825817128671908
5600,100.0,40.71162598262308
5650,94.0,6.40495867768595
5700,100.0,7.148760330578513
5750,100.0,7.355371900826446
5800,96.0,1.032204789430223
5850,100.0,1.4450867052023122
5900,100.0,3.1791907514450863
5950,98.0,5.241436236070986
6000,100.0,5.20016508460586
6050,92.0,5.564715581203627
6100,100.0,5.6471558120362735
6150,92.0,25.720164609053498
6200,76.0,9.090909090909092
6250,62.0,0.3250711093051605
6300,56.00000000000001,2.3358840112766814
6350,68.0,4.321728691476591
6400,68.0,6.282306163021868
6450,52.0,8.195429472025216
6500,52.0,49.72677595628415
6550,64.0,8.875968992248062
6600,70.0,8.901734104046243
6650,100.0,1.0814986481266897
6700,98.0,2.0077220077220077
6750,100.0,1.8532818532818531
6800,98.0,3.7823234272481665
6850,90.0,5.624036979969183
6900,100.0,5.469953775038521
6950,98.0,6.122448979591836
7000,92.0,5.92079969242599
7050,100.0,0.8842752787389465
7100,100.0,2.8066128412149176
7150,100.0,1.1547344110854503
7200,98.0,2.38553289726818
7250,82.0,2.6840490797546015
7300,88.0,4.15065334358186
7350,66.0,5.725338491295938
7400,68.0,7.701283547257877
7450,52.0,54.84375
7500,26.0,9.300508010941774
7550,34.0,9.304143862392495
7600,38.0,7.854630715123095
7650,42.0,39.73354231974922
7700,10.0,8.187134502923977
7750,32.0,8.265107212475634
7800,36.0,7.368421052631578
7850,12.0,15.39059463661096
7900,18.0,10.63664596273292
7950,54.0,1.091617933723197
8000,16.0,2.732673267326733
8050,57.99999999999999,4.337445284520493
8100,68.0,6.367641169403283
8150,70.0,8.434221146085553
8200,64.0,8.679706601466993
8250,60.0,8.306055646481179
8300,68.0,8.40197693574959
8350,72.0,1.0770505385252693
8400,74.0,0.9995835068721367
8450,44.0,2.967741935483871
8500,66.0,5.418943533697632
8550,68.0,7.640144665461121
8600,70.0,9.83385720700494
8650,90.0,27.732974910394265
8700,84.0,9.642857142857144
8750,70.0,9.75609756097561
8800,64.0,10.338759348878135
8850,62.0,10.776614310645725
8900,56.00000000000001,11.970613656006915
8950,50.0,11.329628046173578
9000,68.0,11.210191082802549
9050,72.0,32.921108742004265
9100,68.0,9.372349448685327
9150,57.99999999999999,35.56116015132408
9200,52.0,5.414410662224074
9250,68.0,7.447248655357881
9300,70.0,33.63486842105263
9350,57.99999999999999,34.81451284141867
9400,57.99999999999999,7.922392886014551
9450,66.0,7.908470493777599
9500,68.0,1.1536876802637
9550,68.0,3.1927957429390093
9600,46.0,0.41067761806981523
9650,60.0,2.4580090126997134
9700,68.0,4.477004477004478
9750,64.0,0.2025111381125962
9800,56.00000000000001,0.24360535931790497
9850,54.0,1.0913500404203718
9900,66.0,3.092369477911647
9950,68.0,5.067837190742218
10000,60.0,27.672209026128264
10050,52.0,6.794972505891595
10100,68.0,6.362217017954723
10150,56.00000000000001,4.490902051877662
10200,66.0,4.563031709203403
10250,66.0,5.493661160199769
10300,66.0,7.366412213740459
10350,66.0,9.222011385199242
10400,56.00000000000001,27.36168611215657
10450,68.0,9.764309764309765
10500,66.0,26.50557620817844
10550,64.0,10.081240768094535
10600,56.00000000000001,26.666666666666668
10650,68.0,7.1740713765477055
10700,68.0,6.806661839246922
10750,64.0,26.978417266187048
10800,60.0,5.892857142857142
10850,68.0,4.794034090909091
10900,64.0,5.998588567395907
10950,62.0,26.498422712933756
11000,60.0,7.239819004524888
11050,68.0,26.51436483212184
11100,68.0,5.679862306368331
11150,52.0,7.761732851985561
11200,54.0,28.105979233798784
11250,52.0,9.052183173588926
11300,70.0,26.024011299435028
11350,68.0,8.594575554772806
11400,48.0,10.258199581297976
11450,66.0,6.7684831655675115
11500,66.0,4.004142216085606
11550,60.0,3.839561193006513
11600,66.0,3.851397409679618
11650,70.0,25.792163543441227
11700,98.0,1.5326975476839237
11750,100.0,1.396457765667575
11800,94.0,2.6226158038147136
11850,98.0,4.324140279196459
11900,98.0,4.084411164057182
11950,88.0,4.484304932735426
12000,100.0,32.597447395653674
12050,98.0,1.5867540531217659
12100,98.0,0.6211180124223602
12150,82.0,0.4130808950086058
12200,100.0,1.8244406196213425
12250,100.0,3.545611015490534
12300,100.0,5.266781411359724
12350,90.0,6.975945017182131
12400,90.0,7.993138936535163
12450,96.0,8.021940349674322
12500,57.99999999999999,8.652482269503546
12550,60.0,7.816901408450705
12600,48.0,41.91972076788831
12650,50.0,9.214186369958275
12700,50.0,9.19902063658622
12750,36.0,8.267035627810445
12800,30.0,8.068376068376068
12850,54.0,9.737827715355806
12900,68.0,0.8494733265375467
12950,100.0,2.455048409405256
13000,90.0,0.8385744234800839
13050,98.0,1.650860554970144
13100,100.0,3.419104688050758
13150,100.0,5.181529784984138
13200,80.0,6.919564453811029
13250,88.0,0.573271228950197
13300,100.0,2.3792357606344625
13350,100.0,4.205946337926034
13400,96.0,1.129737609329446
13450,92.0,1.9845644983461963
13500,90.0,3.837638376383764
13550,100.0,5.716406829992576
13600,98.0,7.611940298507462
13650,92.0,0.29996250468691416
13700,76.0,1.7669172932330828
13750,42.0,3.630239520958084
13800,34.0,5.46875
13850,48.0,7.272056109265411
13900,68.0,9.064220183486238
13950,60.0,10.843373493975903
14000,52.0,12.595281306715064
14050,56.00000000000001,14.32695777697582
14100,52.0,16.01002865329513
14150,74.0,17.724679029957205
14200,82.0,41.55705652328475
14250,84.0,2.305782192266761
14300,82.0,4.083806818181818
14350,100.0,5.859375
14400,84.0,7.613314447592067
14450,100.0,9.38385269121813
14500,100.0,11.292775665399239
14550,100.0,1.2167300380228137
14600,86.0,2.2637013502779983
14650,84.0,4.2663476874003186
14700,100.0,6.312826698833937
14750,100.0,8.370400323493731
14800,100.0,9.26530612244898
14850,78.0,39.42740286298568
14900,70.0,8.982772764561116
14950,72.0,7.638603696098563
15000,70.0,8.292282430213465
15050,57.99999999999999,7.534807534807535
15100,66.0,7.6016260162601625
15150,74.0,5.37808329963607
15200,56.00000000000001,46.14767255216694
15250,64.0,6.772908366533864
15300,68.0,45.72446555819478
15350,90.0,1.2248123271434215
15400,92.0,1.066772026866851
15450,78.0,0.8285004142502072
15500,100.0,2.921535893155259
15550,94.0,5.03989920201596
15600,78.0,7.157894736842104
15650,84.0,37.76194467728416
15700,100.0,38.176519567027476
15750,100.0,1.0403662089055348
15800,100.0,1.2484394506866416
15850,100.0,3.3291718684977116
15900,96.0,5.414410662224074
15950,98.0,7.534533277521975
16000,80.0,9.587328053355565
16050,76.0,38.11696391538781
16100,52.0,38.809034907597535
16150,62.0,16.061964940888707
16200,68.0,53.098420413122724
16250,56.00000000000001,11.71497584541063
16300,60.0,13.61821086261981
16350,56.00000000000001,8.749010292953285
16400,68.0,8.615263571990559
16450,72.0,22.29650019661817
16500,56.00000000000001,43.27485380116959
16550,92.0,0.753669178897263
16600,100.0,1.2693375644585483
16650,96.0,3.3091202582728005
16700,48.0,5.420944558521561
16750,68.0,7.545605306799337
16800,84.0,5.63613758806465
16850,98.0,7.717842323651452
16900,82.0,1.7558528428093645
16950,86.0,1.208837015423093
17000,92.0,0.8757297748123436
17050,98.0,2.959566486035848
17100,92.0,5.035372451102789
17150,80.0,7.101328903654484
17200,88.0,9.158723580605056
17250,100.0,49.15043514297555
17300,80.0,9.698720594304582
17350,48.0,48.60541427399508
17400,64.0,7.5732899022801305
17450,68.0,6.027508090614886
17500,66.0,9.843310566492567
17550,54.0,18.471337579617835
17600,44.0,41.338582677165356
17650,52.0,10.60842433697348
17700,74.0,10.632518432285604
17750,100.0,1.086534730306558
17800,98.0,1.474010861132661
17850,98.0,3.4134988363072147
17900,80.0,5.340557275541795
17950,82.0,3.1237948322406477
18000,100.0,5.0520632472040115
18050,100.0,6.980331662167373
18100,100.0,1.0026995757809487
18150,90.0,1.0007698229407236
18200,76.0,2.796934865900383
18250,100.0,4.712643678160919
18300,100.0,6.9898989898989905
18350,100.0,9.006462035541194
18400,90.0,36.83998387746876
18450,66.0,37.44
18500,66.0,10.846245530393325
18550,68.0,8.764311093564944
18600,66.0,49.09803921568627
18650,52.0,10.606060606060606
18700,50.0,12.427856868026165
18750,46.0,42.993145468392996
18800,46.0,12.514134941575575
18850,66.0,12.626451854627202
18900,98.0,0.9737827715355805
18950,98.0,1.0857356795207787
19000,94.0,2.9743975903614457
19050,88.0,4.845980465815177
19100,94.0,0.4514672686230248
19150,100.0,2.3325808878856282
19200,92.0,0.22658610271903326
19250,88.0,2.1663442940038684
19300,100.0,0.851063829787234
19350,100.0,2.0502901353965184
19400,82.0,1.5473887814313347
19450,68.0,3.4602076124567476
19500,66.0,5.347593582887701
19550,90.0,7.260221627818113
19600,98.0,9.167303284950345
19650,66.0,11.841567986933441
19700,50.0,13.770757391656542
19750,64.0,15.827922077922077
19800,50.0,17.77059773828756
19850,42.0,19.560878243512974
19900,46.0,44.15481832543444
19950,34.0,43.11890838206628
20000,34.0,42.263279445727484
20050,44.0,20.106626047220104
20100,66.0,20.015134317063943
20150,70.0,14.828754234098607
20200,54.0,16.978967495219884
20250,56.00000000000001,18.876576232327093
20300,64.0,20.811017597551647
20350,70.0,7.327419976860779
20400,78.0,8.278274387874077
20450,70.0,2.743431221020093
20500,68.0,4.646697388632873
20550,64.0,6.521739130434782
20600,46.0,7.39736638264911
20650,36.0,7.421576128538638
20700,50.0,4.906808672499049
20750,48.0,4.745762711864407
20800,52.0,4.591265397536394
20850,64.0,3.6336670374490176
20900,50.0,3.4558823529411766
20950,46.0,3.3491081179468507
21000,50.0,2.5261638397690365
21050,60.0,2.6513794338946615
21100,48.0,4.404973357015986
21150,50.0,4.543853469531525
21200,50.0,4.472396925227113
21250,50.0,4.852686308492201
21300,44.0,5.400756793945648
21350,60.0,3.9289374786470788
21400,44.0,4.405286343612335
21450,42.0,5.100671140939597
21500,52.0,4.92676431424767
21550,60.0,14.98015873015873
21600,54.0,3.577289136855924
21650,52.0,3.0658838878016956
21700,62.0,2.4959481361426255
21750,57.99999999999999,2.8341384863123995
21800,66.0,2.786675208199872
21850,62.0,2.515923566878981
21900,60.0,10.291323622545915
21950,34.0,14.684656416692816
22000,80.0,3.56584297779168
22050,80.0,14.499532273152479
22100,84.0,14.43234836702955
22150,82.0,1.488833746898263
22200,76.0,1.823238566131026
22250,100.0,3.955500618046971
22300,94.0,1.7906761346094473
22350,96.0,1.635297747608763
22400,100.0,1.54273372415921
22450,98.0,3.084515731030228
22500,98.0,16.743755781683625
22550,94.0,1.9716574245224894
22600,100.0,3.050847457627119
22650,94.0,2.0935960591133003
22700,92.0,1.168511685116851
22750,100.0,1.6605166051660518
22800,80.0,2.421827099938688
22850,100.0,3.310852237890864
22900,98.0,10.579576816927323
22950,72.0,4.88848151542927
23000,78.0,4.872107186358099
23050,64.0,4.9364021804966685
23100,24.0,5.425659472422063
23150,34.0,5.461561294152568
23200,62.0,19.923258559622194
23250,57.99999999999999,5.456145497213259
23300,54.0,4.283216783216783
23350,100.0,0.9324009324009324
23400,94.0,0.9606986899563319
23450,82.0,2.003484320557491
23500,100.0,3.4552845528455287
23550,100.0,4.9070847851335655
23600,90.0,4.581037982023775
23650,86.0,1.880787037037037
23700,100.0,14.351851851851851
23750,100.0,5.873842592592593
23800,100.0,5.815972222222222
23850,57.99999999999999,6.125970664365832
23900,64.0,3.719599427753934
23950,54.0,3.1552018192154634
24000,60.0,3.1091011871113623
24050,57.99999999999999,2.4445068839561674
24100,66.0,2.6006711409395975
24150,48.0,0.27762354247640203
24200,100.0,1.082731815657968
24250,100.0,2.470849528039978
24300,100.0,17.87895613548029
24350,100.0,1.5824541921154913
24400,96.0,2.9689234184239734
24450,0.0,4.296661193212917
24500,0.0,5.588552915766739
24550,24.0,6.600748262960983
24600,100.0,0.9086050240513094
24650,100.0,2.244788882950294
24700,100.0,0.347407803313736
24750,100.0,1.389631213254944
24800,100.0,2.7258150721539285
24850,6.0,4.011612562681447
24900,0.0,5.2617869236780415
24950,14.000000000000002,6.233900051519836
25000,100.0,0.7470376094796497
25050,100.0,2.0350334878928384
25100,100.0,16.099948480164862
25150,100.0,1.2107161257083978
25200,100.0,2.498712004121587
25250,16.0,3.8411288215312256
25300,0.0,5.244941427050053
25350,4.0,6.661272923408845
25400,100.0,0.6472491909385114
25450,100.0,1.9956850053937432
25500,100.0,0.35059331175836034
25550,100.0,1.132686084142395
25600,100.0,2.481121898597627
25650,26.0,3.8776624795193886
25700,0.0,5.3274139844617086
25750,2.0,6.836158192090395
25800,90.0,0.48090523338048086
25850,100.0,1.8953323903818955
25900,100.0,0.2828854314002829
25950,100.0,0.9900990099009901
26000,100.0,2.4045261669024045
26050,40.0,3.8527397260273974
26100,0.0,5.3841676367869615
26150,0.0,6.791907514450866
26200,0.0,8.11965811965812
26250,0.0,9.410112359550562
26300,0.0,10.664819944598337
