250,49.2,100.0
500,21.2,100.0
750,30.4,100.0
1000,41.199999999999996,12.713178294573643
1250,40.8,34.61047254150703
1500,31.6,47.16981132075472
1750,62.4,56.48854961832062
2000,58.8,66.98523023457864
2250,54.0,72.40527182866558
2500,31.6,74.36684574059862
2750,34.4,77.68651608487338
3000,56.39999999999999,78.41352405721716
3250,70.0,79.54122752634842
3500,69.6,80.84473527662107
3750,53.2,82.09121245828699
4000,37.2,83.8560411311054
4250,57.99999999999999,84.65298142717498
4500,63.6,85.22352941176472
4750,69.19999999999999,85.74023614895549
5000,84.39999999999999,89.37025457793658
5250,64.0,93.15540249677142
5500,75.2,98.39618552232336
5750,69.19999999999999,99.9415546464056
6000,71.6,99.9438832772166
6250,49.6,99.89270386266095
6500,26.8,99.8961038961039
6750,49.2,99.94845360824742
7000,61.6,99.950884086444
7250,48.4,99.62299717247879
7500,54.400000000000006,99.9535747446611
7750,28.799999999999997,99.95385325334564
8000,27.200000000000003,99.95414947271894
8250,57.99999999999999,97.265625
8500,64.8,97.37827715355806
8750,57.99999999999999,97.50111557340473
9000,55.60000000000001,99.48914431673053
9250,61.6,99.95721009841677
9500,54.800000000000004,99.95721009841677
9750,34.8,99.83249581239531
10000,37.2,99.9020568070519
10250,28.799999999999997,99.90990990990991
10500,31.6,99.91628296358309
10750,31.6,99.921875
11000,26.8,99.96209249431386
11250,23.200000000000003,99.92531740104556
11500,30.4,99.92743105950653
11750,45.6,99.96527777777777
12000,62.8,99.85533453887884
12250,68.4,99.96187571483036
12500,32.0,99.96152366294729
12750,25.6,99.96401583303347
13000,36.0,99.96538594669437
13250,93.2,99.9285459092533
13500,95.19999999999999,99.96323529411765
13750,58.8,99.9625468164794
14000,18.0,99.95889847924373
14250,28.000000000000004,99.95157384987894
14500,54.800000000000004,99.7160704145372
14750,59.199999999999996,99.93229519295869
15000,44.4,99.86842105263159
15250,32.800000000000004,99.88137603795967
15500,58.4,99.94082840236686
15750,50.4,98.35880022637238
16000,60.4,98.3879634605051
16250,29.2,98.4267453294002
16500,30.0,96.05442176870748
16750,64.4,96.16055846422339
17000,64.8,96.50084317032041
17250,80.0,98.92384105960265
17500,64.4,99.83935742971887
17750,54.800000000000004,99.88285825849277
18000,67.2,99.95913363302003
18250,63.2,99.95695221696083
18500,46.800000000000004,99.95724668661822
18750,19.2,99.9545867393279
19000,46.800000000000004,99.95709995709996
19250,64.8,99.91115059973346
19500,49.2,99.91099243435691
19750,34.0,99.94456762749445
20000,4.3999999999999995,99.89994997498749
20250,22.400000000000002,99.58620689655172
20500,22.400000000000002,99.70351545955104
20750,34.8,99.72200158856235
21000,51.2,99.73363774733637
21250,50.4,98.53907962016069
21500,47.199999999999996,98.31814996496145
21750,56.00000000000001,98.2390789028107
22000,60.0,98.22660098522168
22250,84.39999999999999,98.24902723735408
22500,97.2,98.25299255904238
22750,95.6,98.25750242013552
23000,85.6,98.24337272436921
23250,47.199999999999996,98.28062634326066
23500,86.0,98.29890643985419
23750,95.19999999999999,98.30508474576271
24000,67.2,98.34613112817485
24250,74.4,98.37681159420289
24500,59.199999999999996,98.42342342342343
24750,84.8,98.44011142061281
25000,44.0,98.49865951742626
25250,83.2,99.75536830660505
25500,60.8,99.77515458122541
25750,45.6,99.9330655957162
26000,98.0,99.93317741396592
26250,8.0,99.96114996114997
