250,0.0
500,0.0
750,0.0
1000,0.0
1250,0.0
1500,0.0
1750,0.0
2000,0.0
2250,5.2
2500,0.0
2750,54.0
3000,100.0
3250,100.0
3500,60.4
3750,0.0
4000,0.0
4250,5.2
4500,0.0
4750,54.400000000000006
5000,100.0
5250,100.0
5500,60.4
5750,0.0
6000,0.0
6250,5.2
6500,0.0
6750,54.400000000000006
7000,100.0
7250,100.0
7500,60.4
7750,0.0
8000,0.0
8250,5.2
8500,0.0
8750,54.400000000000006
9000,100.0
9250,100.0
9500,60.4
9750,0.0
10000,0.0
10250,5.2
10500,0.0
10750,54.400000000000006
11000,100.0
11250,100.0
11500,60.4
11750,0.0
12000,0.0
12250,5.2
12500,0.0
12750,54.400000000000006
13000,100.0
13250,100.0
13500,60.4
13750,0.0
14000,0.0
14250,5.2
14500,0.0
14750,54.400000000000006
15000,100.0
15250,100.0
15500,60.4
15750,0.0
16000,0.0
16250,5.2
16500,0.0
16750,54.400000000000006
17000,100.0
17250,100.0
17500,60.4
17750,0.0
18000,0.0
18250,5.2
18500,0.0
18750,54.400000000000006
19000,100.0
19250,100.0
19500,60.4
19750,0.0
20000,0.0
20250,5.2
20500,0.0
20750,54.400000000000006
21000,100.0
21250,100.0
21500,60.4
21750,0.0
22000,0.0
22250,5.2
22500,0.0
22750,54.400000000000006
23000,100.0
23250,100.0
23500,60.4
23750,0.0
24000,0.0
24250,5.2
24500,0.0
24750,54.400000000000006
25000,100.0
25250,100.0
25500,60.4
25750,0.0
26000,0.0
26250,5.2
26500,0.0
26750,54.400000000000006
27000,100.0
27250,100.0
27500,60.4
27750,0.0
28000,0.0
28250,5.2
28500,0.0
28750,54.400000000000006
29000,100.0
29250,100.0
29500,60.4
29750,0.0
30000,0.0
30250,5.2
30500,0.0
30750,54.400000000000006
31000,100.0
31250,100.0
31500,60.4
31750,0.0
32000,0.0
32250,5.2
32500,0.0
32750,54.400000000000006
33000,100.0
33250,100.0
33500,60.4
33750,0.0
34000,0.0
34250,5.2
34500,0.0
34750,54.400000000000006
35000,100.0
35250,100.0
35500,60.4
35750,0.0
36000,0.0
36250,5.2
36500,0.0
36750,54.400000000000006
37000,100.0
37250,100.0
37500,60.4
37750,0.0
38000,0.0
38250,5.2
38500,0.0
38750,54.400000000000006
39000,100.0
39250,100.0
39500,60.4
39750,0.0
40000,0.0
40250,5.2
40500,0.0
40750,54.400000000000006
41000,100.0
41250,100.0
41500,60.4
41750,0.0
42000,0.0
42250,5.2
42500,0.0
42750,54.400000000000006
43000,100.0
43250,100.0
43500,60.4
43750,0.0
44000,0.0
44250,5.2
44500,0.0
44750,54.400000000000006
45000,100.0
45250,100.0
45500,60.4
45750,0.0
46000,0.0
46250,5.2
46500,0.0
46750,54.400000000000006
47000,100.0
47250,100.0
47500,60.4
47750,0.0
48000,0.0
48250,5.2
48500,0.0
48750,54.400000000000006
49000,100.0
49250,100.0
49500,60.4
49750,0.0
50000,0.0
50250,5.2
50500,0.0
50750,54.400000000000006
51000,100.0
51250,100.0
51500,60.4
51750,0.0
52000,0.0
52250,38.800000000000004
52500,34.8
52750,27.6
53000,58.4
53250,100.0
53500,100.0
53750,100.0
54000,100.0
54250,34.0
54500,47.199999999999996
54750,52.0
55000,54.400000000000006
55250,38.0
55500,33.6
55750,34.8
56000,54.400000000000006
56250,54.400000000000006
56500,55.60000000000001
56750,54.400000000000006
57000,39.2
57250,57.99999999999999
57500,84.39999999999999
57750,97.6
58000,98.4
58250,85.2
58500,71.2
58750,80.80000000000001
59000,82.0
59250,72.0
59500,59.199999999999996
59750,53.2
60000,18.8
60250,27.200000000000003
60500,47.599999999999994
60750,55.2
61000,56.00000000000001
61250,50.8
61500,36.0
61750,40.8
62000,76.0
62250,83.6
62500,98.0
62750,89.2
63000,70.0
63250,69.19999999999999
63500,71.2
63750,60.4
64000,47.599999999999994
64250,32.4
64500,32.4
64750,30.8
65000,28.4
65250,34.4
65500,32.0
65750,25.2
66000,19.2
66250,16.400000000000002
66500,44.800000000000004
66750,59.599999999999994
67000,57.599999999999994
67250,75.2
67500,65.2
67750,46.0
68000,56.39999999999999
68250,64.8
68500,89.60000000000001
68750,72.39999999999999
69000,62.4
69250,47.599999999999994
69500,34.8
69750,68.0
70000,67.2
70250,68.4
70500,52.0
70750,42.4
71000,40.0
71250,72.0
71500,60.4
71750,60.4
72000,34.0
72250,42.4
72500,63.2
72750,43.6
73000,5.6000000000000005
73250,64.0
73500,50.8
73750,35.6
74000,72.0
74250,74.0
74500,46.400000000000006
74750,31.2
75000,79.60000000000001
75250,67.60000000000001
75500,31.2
75750,36.0
76000,17.2
76250,18.0
76500,12.4
76750,28.799999999999997
77000,46.0
77250,52.0
77500,56.00000000000001
77750,56.00000000000001
78000,84.0
78250,96.8
78500,93.2
78750,47.199999999999996
79000,95.6
79250,75.6
79500,67.2
79750,85.2
80000,55.2
80250,90.0
80500,66.0
80750,68.8
81000,95.19999999999999
81250,52.400000000000006
81500,85.2
81750,73.2
82000,68.8
