250,0.0
500,0.0
750,0.0
1000,0.0
1250,0.0
1500,0.0
1750,0.0
2000,0.0
2250,19.2
2500,100.0
2750,100.0
3000,100.0
3250,100.0
3500,100.0
3750,100.0
4000,20.4
4250,19.6
4500,100.0
4750,100.0
5000,100.0
5250,100.0
5500,100.0
5750,100.0
6000,20.4
6250,19.6
6500,100.0
6750,100.0
7000,100.0
7250,100.0
7500,100.0
7750,100.0
8000,20.4
8250,19.6
8500,100.0
8750,100.0
9000,100.0
9250,100.0
9500,100.0
9750,100.0
10000,20.4
10250,19.6
10500,100.0
10750,100.0
11000,100.0
11250,100.0
11500,100.0
11750,100.0
12000,20.4
12250,19.6
12500,100.0
12750,100.0
13000,100.0
13250,100.0
13500,100.0
13750,100.0
14000,20.4
14250,19.6
14500,100.0
14750,100.0
15000,100.0
15250,100.0
15500,100.0
15750,100.0
16000,20.4
16250,19.6
16500,100.0
16750,100.0
17000,100.0
17250,100.0
17500,100.0
17750,100.0
18000,20.4
18250,19.6
18500,100.0
18750,100.0
19000,100.0
19250,100.0
19500,100.0
19750,100.0
20000,20.4
20250,19.6
20500,100.0
20750,100.0
21000,100.0
21250,100.0
21500,100.0
21750,100.0
22000,20.4
22250,19.6
22500,100.0
22750,100.0
23000,100.0
23250,100.0
23500,100.0
23750,100.0
24000,20.4
24250,19.6
24500,100.0
24750,100.0
25000,100.0
25250,100.0
25500,100.0
25750,100.0
26000,20.4
26250,19.6
26500,100.0
26750,100.0
27000,100.0
27250,100.0
27500,100.0
27750,100.0
28000,20.4
28250,19.6
28500,100.0
28750,100.0
29000,100.0
29250,100.0
29500,100.0
29750,100.0
30000,20.4
30250,19.6
30500,100.0
30750,100.0
31000,100.0
31250,100.0
31500,100.0
31750,100.0
32000,20.4
32250,19.6
32500,100.0
32750,100.0
33000,100.0
33250,100.0
33500,100.0
33750,100.0
34000,20.4
34250,19.6
34500,100.0
34750,100.0
35000,100.0
35250,100.0
35500,100.0
35750,100.0
36000,20.4
36250,19.6
36500,100.0
36750,100.0
37000,100.0
37250,100.0
37500,100.0
37750,100.0
38000,20.4
38250,19.6
38500,100.0
38750,100.0
39000,100.0
39250,100.0
39500,100.0
39750,100.0
40000,20.4
40250,19.6
40500,100.0
40750,100.0
41000,100.0
41250,100.0
41500,100.0
41750,100.0
42000,20.4
42250,19.6
42500,100.0
42750,100.0
43000,100.0
43250,100.0
43500,100.0
43750,100.0
44000,20.4
44250,19.6
44500,100.0
44750,100.0
45000,100.0
45250,100.0
45500,100.0
45750,100.0
46000,20.4
46250,19.6
46500,100.0
46750,100.0
47000,100.0
47250,100.0
47500,100.0
47750,100.0
48000,20.4
48250,19.6
48500,100.0
48750,100.0
49000,100.0
49250,100.0
49500,100.0
49750,100.0
50000,20.4
50250,19.6
50500,100.0
50750,100.0
51000,100.0
51250,100.0
51500,100.0
51750,100.0
52000,20.4
52250,40.400000000000006
52500,79.2
52750,100.0
53000,100.0
53250,100.0
53500,100.0
53750,100.0
54000,100.0
54250,100.0
54500,100.0
54750,93.2
55000,57.199999999999996
55250,38.4
55500,35.6
55750,36.8
56000,54.400000000000006
56250,54.400000000000006
56500,55.60000000000001
56750,54.400000000000006
57000,39.2
57250,60.8
57500,84.39999999999999
57750,97.6
58000,98.4
58250,85.2
58500,71.6
58750,80.80000000000001
59000,98.4
59250,98.8
59500,99.2
59750,83.6
60000,38.4
60250,27.6
60500,47.599999999999994
60750,55.60000000000001
61000,56.39999999999999
61250,50.8
61500,36.0
61750,40.8
62000,76.0
62250,85.6
62500,98.0
62750,89.2
63000,70.0
63250,69.19999999999999
63500,71.2
63750,72.8
64000,72.8
64250,66.8
64500,55.2
64750,55.60000000000001
65000,52.800000000000004
65250,57.199999999999996
65500,36.0
65750,25.6
66000,19.2
66250,16.400000000000002
66500,44.800000000000004
66750,59.599999999999994
67000,59.599999999999994
67250,75.2
67500,65.2
67750,46.0
68000,56.39999999999999
68250,66.0
68500,97.2
68750,95.6
69000,85.2
69250,70.0
69500,59.199999999999996
69750,93.2
70000,91.2
70250,76.0
70500,53.2
70750,45.6
71000,40.0
71250,72.0
71500,60.4
71750,60.4
72000,35.6
72250,42.4
72500,63.2
72750,43.6
73000,5.6000000000000005
73250,64.0
73500,50.8
73750,35.6
74000,72.0
74250,74.0
74500,46.400000000000006
74750,31.2
75000,81.6
75250,75.2
75500,63.2
75750,65.60000000000001
76000,48.4
76250,48.4
76500,36.0
76750,29.599999999999998
77000,46.400000000000006
77250,52.0
77500,56.00000000000001
77750,56.00000000000001
78000,84.0
78250,96.8
78500,93.2
78750,47.199999999999996
79000,95.6
79250,75.6
79500,67.2
79750,85.2
80000,55.2
80250,90.0
80500,66.0
80750,68.8
81000,95.19999999999999
81250,52.400000000000006
81500,85.2
81750,73.2
82000,68.8
