200,87.37141606478441,12.628583935215584
400,83.70905376814765,16.290946231852338
600,83.12541037426132,16.874589625738672
800,82.38004912331898,17.619950876681013
1000,81.49120887137958,18.508791128620413
1200,68.51973444225578,31.480265557744218
1400,54.59619172685489,45.40380827314511
1600,40.97176625082074,59.02823374917925
1800,27.35342039347292,72.64657960652708
2000,13.919894944189101,86.08010505581089
2200,13.38367257605603,86.61632742394397
2400,12.999440675080859,87.00055932491914
2600,12.434036137253472,87.56596386274653
2800,11.839449429731767,88.16055057026824
3000,11.366455095936383,88.63354490406363
3200,11.03450791566353,88.96549208433647
3400,10.647844167213833,89.35215583278617
3600,10.358454317745192,89.64154568225482
3800,9.993677196566232,90.00632280343378
4000,9.739549135478223,90.26045086452179
