250,0.0
500,0.0
750,0.0
1000,0.0
1250,0.0
1500,0.0
1750,0.0
2000,0.0
2250,6.0
2500,33.2
2750,100.0
3000,100.0
3250,100.0
3500,100.0
3750,40.400000000000006
4000,0.0
4250,6.0
4500,33.6
4750,100.0
5000,100.0
5250,100.0
5500,100.0
5750,40.400000000000006
6000,0.0
6250,6.0
6500,33.6
6750,100.0
7000,100.0
7250,100.0
7500,100.0
7750,40.400000000000006
8000,0.0
8250,6.0
8500,33.6
8750,100.0
9000,100.0
9250,100.0
9500,100.0
9750,40.400000000000006
10000,0.0
10250,6.0
10500,33.6
10750,100.0
11000,100.0
11250,100.0
11500,100.0
11750,40.400000000000006
12000,0.0
12250,6.0
12500,33.6
12750,100.0
13000,100.0
13250,100.0
13500,100.0
13750,40.400000000000006
14000,0.0
14250,6.0
14500,33.6
14750,100.0
15000,100.0
15250,100.0
15500,100.0
15750,40.400000000000006
16000,0.0
16250,6.0
16500,33.6
16750,100.0
17000,100.0
17250,100.0
17500,100.0
17750,40.400000000000006
18000,0.0
18250,6.0
18500,33.6
18750,100.0
19000,100.0
19250,100.0
19500,100.0
19750,40.400000000000006
20000,0.0
20250,6.0
20500,33.6
20750,100.0
21000,100.0
21250,100.0
21500,100.0
21750,40.400000000000006
22000,0.0
22250,6.0
22500,33.6
22750,100.0
23000,100.0
23250,100.0
23500,100.0
23750,40.400000000000006
24000,0.0
24250,6.0
24500,33.6
24750,100.0
25000,100.0
25250,100.0
25500,100.0
25750,40.400000000000006
26000,0.0
26250,6.0
26500,33.6
26750,100.0
27000,100.0
27250,100.0
27500,100.0
27750,40.400000000000006
28000,0.0
28250,6.0
28500,33.6
28750,100.0
29000,100.0
29250,100.0
29500,100.0
29750,40.400000000000006
30000,0.0
30250,6.0
30500,33.6
30750,100.0
31000,100.0
31250,100.0
31500,100.0
31750,40.400000000000006
32000,0.0
32250,6.0
32500,33.6
32750,100.0
33000,100.0
33250,100.0
33500,100.0
33750,40.400000000000006
34000,0.0
34250,6.0
34500,33.6
34750,100.0
35000,100.0
35250,100.0
35500,100.0
35750,40.400000000000006
36000,0.0
36250,6.0
36500,33.6
36750,100.0
37000,100.0
37250,100.0
37500,100.0
37750,40.400000000000006
38000,0.0
38250,6.0
38500,33.6
38750,100.0
39000,100.0
39250,100.0
39500,100.0
39750,40.400000000000006
40000,0.0
40250,6.0
40500,33.6
40750,100.0
41000,100.0
41250,100.0
41500,100.0
41750,40.400000000000006
42000,0.0
42250,6.0
42500,33.6
42750,100.0
43000,100.0
43250,100.0
43500,100.0
43750,40.400000000000006
44000,0.0
44250,6.0
44500,33.6
44750,100.0
45000,100.0
45250,100.0
45500,100.0
45750,40.400000000000006
46000,0.0
46250,6.0
46500,33.6
46750,100.0
47000,100.0
47250,100.0
47500,100.0
47750,40.400000000000006
48000,0.0
48250,6.0
48500,33.6
48750,100.0
49000,100.0
49250,100.0
49500,100.0
49750,40.400000000000006
50000,0.0
50250,6.0
50500,33.6
50750,100.0
51000,100.0
51250,100.0
51500,100.0
51750,40.400000000000006
52000,0.0
52250,39.6
52500,34.8
52750,65.2
53000,100.0
53250,100.0
53500,100.0
53750,100.0
54000,100.0
54250,100.0
54500,61.199999999999996
54750,52.0
55000,55.60000000000001
55250,38.4
55500,35.6
55750,36.8
56000,54.400000000000006
56250,54.400000000000006
56500,55.60000000000001
56750,54.400000000000006
57000,39.2
57250,59.199999999999996
57500,84.39999999999999
57750,97.6
58000,98.4
58250,85.2
58500,71.2
58750,80.80000000000001
59000,98.4
59250,88.4
59500,79.2
59750,59.199999999999996
60000,18.8
60250,27.200000000000003
60500,47.599999999999994
60750,55.2
61000,56.39999999999999
61250,50.8
61500,36.0
61750,40.8
62000,76.0
62250,84.8
62500,98.0
62750,89.2
63000,70.0
63250,69.19999999999999
63500,71.2
63750,72.8
64000,72.8
64250,50.0
64500,55.2
64750,46.0
65000,28.4
65250,34.4
65500,32.0
65750,25.2
66000,19.2
66250,16.400000000000002
66500,44.800000000000004
66750,59.599999999999994
67000,58.8
67250,75.2
67500,65.2
67750,46.0
68000,56.39999999999999
68250,65.2
68500,97.2
68750,95.6
69000,72.8
69250,68.0
69500,52.0
69750,68.0
70000,67.2
70250,68.4
70500,52.0
70750,43.6
71000,40.0
71250,72.0
71500,60.4
71750,60.4
72000,34.4
72250,42.4
72500,63.2
72750,43.6
73000,5.6000000000000005
73250,64.0
73500,50.8
73750,35.6
74000,72.0
74250,74.0
74500,46.400000000000006
74750,31.2
75000,80.80000000000001
75250,75.2
75500,62.4
75750,52.0
76000,40.400000000000006
76250,18.0
76500,12.4
76750,28.799999999999997
77000,46.400000000000006
77250,52.0
77500,56.00000000000001
77750,56.00000000000001
78000,84.0
78250,96.8
78500,93.2
78750,47.199999999999996
79000,95.6
79250,75.6
79500,67.2
79750,85.2
80000,55.2
80250,90.0
80500,66.0
80750,68.8
81000,95.19999999999999
81250,52.400000000000006
81500,85.2
81750,73.2
82000,68.8
