250,0.0
500,0.0
750,0.0
1000,0.0
1250,0.0
1500,0.0
1750,0.0
2000,0.0
2250,2.0
2500,0.0
2750,0.0
3000,0.0
3250,0.0
3500,0.0
3750,0.0
4000,0.0
4250,2.0
4500,0.0
4750,0.0
5000,0.0
5250,0.0
5500,0.0
5750,0.0
6000,0.0
6250,2.0
6500,0.0
6750,0.0
7000,0.0
7250,0.0
7500,0.0
7750,0.0
8000,0.0
8250,2.0
8500,0.0
8750,0.0
9000,0.0
9250,0.0
9500,0.0
9750,0.0
10000,0.0
10250,2.0
10500,0.0
10750,0.0
11000,0.0
11250,0.0
11500,0.0
11750,0.0
12000,0.0
12250,2.0
12500,0.0
12750,0.0
13000,0.0
13250,0.0
13500,0.0
13750,0.0
14000,0.0
14250,2.0
14500,0.0
14750,0.0
15000,0.0
15250,0.0
15500,0.0
15750,0.0
16000,0.0
16250,2.0
16500,0.0
16750,0.0
17000,0.0
17250,0.0
17500,0.0
17750,0.0
18000,0.0
18250,2.0
18500,0.0
18750,0.0
19000,0.0
19250,0.0
19500,0.0
19750,0.0
20000,0.0
20250,2.0
20500,0.0
20750,0.0
21000,0.0
21250,0.0
21500,0.0
21750,0.0
22000,0.0
22250,2.0
22500,0.0
22750,0.0
23000,0.0
23250,0.0
23500,0.0
23750,0.0
24000,0.0
24250,2.0
24500,0.0
24750,0.0
25000,0.0
25250,0.0
25500,0.0
25750,0.0
26000,0.0
26250,2.0
26500,0.0
26750,0.0
27000,0.0
27250,0.0
27500,0.0
27750,0.0
28000,0.0
28250,2.0
28500,0.0
28750,0.0
29000,0.0
29250,0.0
29500,0.0
29750,0.0
30000,0.0
30250,2.0
30500,0.0
30750,0.0
31000,0.0
31250,0.0
31500,0.0
31750,0.0
32000,0.0
32250,2.0
32500,0.0
32750,0.0
33000,0.0
33250,0.0
33500,0.0
33750,0.0
34000,0.0
34250,2.0
34500,0.0
34750,0.0
35000,0.0
35250,0.0
35500,0.0
35750,0.0
36000,0.0
36250,2.0
36500,0.0
36750,0.0
37000,0.0
37250,0.0
37500,0.0
37750,0.0
38000,0.0
38250,2.0
38500,0.0
38750,0.0
39000,0.0
39250,0.0
39500,0.0
39750,0.0
40000,0.0
40250,2.0
40500,0.0
40750,0.0
41000,0.0
41250,0.0
41500,0.0
41750,0.0
42000,0.0
42250,2.0
42500,0.0
42750,0.0
43000,0.0
43250,0.0
43500,0.0
43750,0.0
44000,0.0
44250,2.0
44500,0.0
44750,0.0
45000,0.0
45250,0.0
45500,0.0
45750,0.0
46000,0.0
46250,2.0
46500,0.0
46750,0.0
47000,0.0
47250,0.0
47500,0.0
47750,0.0
48000,0.0
48250,2.0
48500,0.0
48750,0.0
49000,0.0
49250,0.0
49500,0.0
49750,0.0
50000,0.0
50250,2.0
50500,0.0
50750,0.0
51000,0.0
51250,0.0
51500,0.0
51750,0.0
52000,0.0
52250,35.6
52500,34.8
52750,27.6
53000,24.0
53250,40.0
53500,25.6
53750,22.400000000000002
54000,31.2
54250,34.0
54500,43.6
54750,37.6
55000,27.200000000000003
55250,26.8
55500,32.4
55750,32.800000000000004
56000,54.0
56250,54.0
56500,55.60000000000001
56750,53.6
57000,38.800000000000004
57250,41.6
57500,77.2
57750,80.0
58000,75.6
58250,49.2
58500,20.8
58750,31.2
59000,51.6
59250,52.400000000000006
59500,59.199999999999996
59750,53.2
60000,18.0
60250,26.400000000000002
60500,47.599999999999994
60750,55.2
61000,56.00000000000001
61250,50.8
61500,36.0
61750,40.8
62000,62.0
62250,48.4
62500,53.6
62750,41.199999999999996
63000,20.8
63250,18.8
63500,22.8
63750,24.4
64000,22.8
64250,21.6
64500,30.8
64750,29.599999999999998
65000,28.4
65250,33.6
65500,31.2
65750,25.2
66000,19.2
66250,16.400000000000002
66500,44.800000000000004
66750,59.599999999999994
67000,53.2
67250,51.2
67500,40.8
67750,20.8
68000,26.8
68250,39.2
68500,52.0
68750,46.800000000000004
69000,34.4
69250,21.2
69500,8.799999999999999
69750,41.6
70000,37.2
70250,41.199999999999996
70500,40.8
70750,36.0
71000,39.2
71250,71.6
71500,60.0
71750,60.0
72000,30.0
72250,42.0
72500,63.2
72750,43.6
73000,5.6000000000000005
73250,64.0
73500,50.8
73750,35.6
74000,72.0
74250,74.0
74500,46.400000000000006
74750,29.2
75000,79.2
75250,52.0
75500,29.599999999999998
75750,29.599999999999998
76000,16.8
76250,10.8
76500,10.0
76750,24.4
77000,43.6
77250,48.4
77500,55.60000000000001
77750,53.2
78000,82.0
78250,96.39999999999999
78500,92.80000000000001
78750,47.199999999999996
79000,95.6
79250,75.6
79500,66.8
79750,84.8
80000,54.800000000000004
80250,89.60000000000001
80500,66.0
80750,68.8
81000,95.19999999999999
81250,52.400000000000006
81500,85.2
81750,73.2
82000,68.8
