250,0.0
500,0.0
750,0.0
1000,0.0
1250,0.0
1500,0.0
1750,0.0
2000,0.0
2250,4.3999999999999995
2500,0.0
2750,0.0
3000,74.8
3250,80.4
3500,0.0
3750,0.0
4000,0.0
4250,4.3999999999999995
4500,0.0
4750,0.0
5000,75.2
5250,80.4
5500,0.0
5750,0.0
6000,0.0
6250,4.3999999999999995
6500,0.0
6750,0.0
7000,75.2
7250,80.4
7500,0.0
7750,0.0
8000,0.0
8250,4.3999999999999995
8500,0.0
8750,0.0
9000,75.2
9250,80.4
9500,0.0
9750,0.0
10000,0.0
10250,4.3999999999999995
10500,0.0
10750,0.0
11000,75.2
11250,80.4
11500,0.0
11750,0.0
12000,0.0
12250,4.3999999999999995
12500,0.0
12750,0.0
13000,75.2
13250,80.4
13500,0.0
13750,0.0
14000,0.0
14250,4.3999999999999995
14500,0.0
14750,0.0
15000,75.2
15250,80.4
15500,0.0
15750,0.0
16000,0.0
16250,4.3999999999999995
16500,0.0
16750,0.0
17000,75.2
17250,80.4
17500,0.0
17750,0.0
18000,0.0
18250,4.3999999999999995
18500,0.0
18750,0.0
19000,75.2
19250,80.4
19500,0.0
19750,0.0
20000,0.0
20250,4.3999999999999995
20500,0.0
20750,0.0
21000,75.2
21250,80.4
21500,0.0
21750,0.0
22000,0.0
22250,4.3999999999999995
22500,0.0
22750,0.0
23000,75.2
23250,80.4
23500,0.0
23750,0.0
24000,0.0
24250,4.3999999999999995
24500,0.0
24750,0.0
25000,75.2
25250,80.4
25500,0.0
25750,0.0
26000,0.0
26250,4.3999999999999995
26500,0.0
26750,0.0
27000,75.2
27250,80.4
27500,0.0
27750,0.0
28000,0.0
28250,4.3999999999999995
28500,0.0
28750,0.0
29000,75.2
29250,80.4
29500,0.0
29750,0.0
30000,0.0
30250,4.3999999999999995
30500,0.0
30750,0.0
31000,75.2
31250,80.4
31500,0.0
31750,0.0
32000,0.0
32250,4.3999999999999995
32500,0.0
32750,0.0
33000,75.2
33250,80.4
33500,0.0
33750,0.0
34000,0.0
34250,4.3999999999999995
34500,0.0
34750,0.0
35000,75.2
35250,80.4
35500,0.0
35750,0.0
36000,0.0
36250,4.3999999999999995
36500,0.0
36750,0.0
37000,75.2
37250,80.4
37500,0.0
37750,0.0
38000,0.0
38250,4.3999999999999995
38500,0.0
38750,0.0
39000,75.2
39250,80.4
39500,0.0
39750,0.0
40000,0.0
40250,4.3999999999999995
40500,0.0
40750,0.0
41000,75.2
41250,80.4
41500,0.0
41750,0.0
42000,0.0
42250,4.3999999999999995
42500,0.0
42750,0.0
43000,75.2
43250,80.4
43500,0.0
43750,0.0
44000,0.0
44250,4.3999999999999995
44500,0.0
44750,0.0
45000,75.2
45250,80.4
45500,0.0
45750,0.0
46000,0.0
46250,4.3999999999999995
46500,0.0
46750,0.0
47000,75.2
47250,80.4
47500,0.0
47750,0.0
48000,0.0
48250,4.3999999999999995
48500,0.0
48750,0.0
49000,75.2
49250,80.4
49500,0.0
49750,0.0
50000,0.0
50250,4.3999999999999995
50500,0.0
50750,0.0
51000,75.2
51250,80.4
51500,0.0
51750,0.0
52000,0.0
52250,38.0
52500,34.8
52750,27.6
53000,24.0
53250,55.2
53500,100.0
53750,88.8
54000,31.2
54250,34.0
54500,47.199999999999996
54750,52.0
55000,54.0
55250,38.0
55500,33.6
55750,34.8
56000,54.400000000000006
56250,54.400000000000006
56500,55.60000000000001
56750,54.400000000000006
57000,39.2
57250,57.99999999999999
57500,84.39999999999999
57750,97.6
58000,98.4
58250,85.2
58500,71.2
58750,61.6
59000,69.19999999999999
59250,52.400000000000006
59500,59.199999999999996
59750,53.2
60000,18.8
60250,27.200000000000003
60500,47.599999999999994
60750,55.2
61000,56.00000000000001
61250,50.8
61500,36.0
61750,40.8
62000,76.0
62250,83.6
62500,98.0
62750,89.2
63000,70.0
63250,65.60000000000001
63500,47.199999999999996
63750,48.0
64000,33.2
64250,21.6
64500,32.4
64750,30.4
65000,28.4
65250,34.4
65500,32.0
65750,25.2
66000,19.2
66250,16.400000000000002
66500,44.800000000000004
66750,59.599999999999994
67000,57.599999999999994
67250,75.2
67500,65.2
67750,46.0
68000,55.2
68250,40.400000000000006
68500,54.0
68750,47.199999999999996
69000,34.4
69250,21.6
69500,8.799999999999999
69750,41.6
70000,38.0
70250,41.199999999999996
70500,42.0
70750,37.6
71000,40.0
71250,72.0
71500,60.4
71750,60.0
72000,34.0
72250,42.4
72500,63.2
72750,43.6
73000,5.6000000000000005
73250,64.0
73500,50.8
73750,35.6
74000,72.0
74250,74.0
74500,46.400000000000006
74750,31.2
75000,79.2
75250,52.800000000000004
75500,30.0
75750,31.2
76000,16.8
76250,10.8
76500,10.0
76750,25.2
77000,46.0
77250,51.2
77500,56.00000000000001
77750,55.2
78000,83.2
78250,96.8
78500,93.2
78750,47.199999999999996
79000,95.6
79250,75.6
79500,66.8
79750,84.8
80000,54.800000000000004
80250,90.0
80500,66.0
80750,68.8
81000,95.19999999999999
81250,52.400000000000006
81500,85.2
81750,73.2
82000,68.8
