250,0.0
500,0.0
750,0.0
1000,0.0
1250,0.0
1500,0.0
1750,0.0
2000,0.0
2250,99.6
2500,100.0
2750,100.0
3000,100.0
3250,100.0
3500,100.0
3750,100.0
4000,100.0
4250,100.0
4500,100.0
4750,100.0
5000,100.0
5250,100.0
5500,100.0
5750,100.0
6000,100.0
6250,100.0
6500,100.0
6750,100.0
7000,100.0
7250,100.0
7500,100.0
7750,100.0
8000,100.0
8250,100.0
8500,100.0
8750,100.0
9000,100.0
9250,100.0
9500,100.0
9750,100.0
10000,100.0
10250,100.0
10500,100.0
10750,100.0
11000,100.0
11250,100.0
11500,100.0
11750,100.0
12000,100.0
12250,100.0
12500,100.0
12750,100.0
13000,100.0
13250,100.0
13500,100.0
13750,100.0
14000,100.0
14250,100.0
14500,100.0
14750,100.0
15000,100.0
15250,100.0
15500,100.0
15750,100.0
16000,100.0
16250,100.0
16500,100.0
16750,100.0
17000,100.0
17250,100.0
17500,100.0
17750,100.0
18000,100.0
18250,100.0
18500,100.0
18750,100.0
19000,100.0
19250,100.0
19500,100.0
19750,100.0
20000,100.0
20250,100.0
20500,100.0
20750,100.0
21000,100.0
21250,100.0
21500,100.0
21750,100.0
22000,100.0
22250,100.0
22500,100.0
22750,100.0
23000,100.0
23250,100.0
23500,100.0
23750,100.0
24000,100.0
24250,100.0
24500,100.0
24750,100.0
25000,100.0
25250,100.0
25500,100.0
25750,100.0
26000,100.0
26250,100.0
26500,100.0
26750,100.0
27000,100.0
27250,100.0
27500,100.0
27750,100.0
28000,100.0
28250,100.0
28500,100.0
28750,100.0
29000,100.0
29250,100.0
29500,100.0
29750,100.0
30000,100.0
30250,100.0
30500,100.0
30750,100.0
31000,100.0
31250,100.0
31500,100.0
31750,100.0
32000,100.0
32250,100.0
32500,100.0
32750,100.0
33000,100.0
33250,100.0
33500,100.0
33750,100.0
34000,100.0
34250,100.0
34500,100.0
34750,100.0
35000,100.0
35250,100.0
35500,100.0
35750,100.0
36000,100.0
36250,100.0
36500,100.0
36750,100.0
37000,100.0
37250,100.0
37500,100.0
37750,100.0
38000,100.0
38250,100.0
38500,100.0
38750,100.0
39000,100.0
39250,100.0
39500,100.0
39750,100.0
40000,100.0
40250,100.0
40500,100.0
40750,100.0
41000,100.0
41250,100.0
41500,100.0
41750,100.0
42000,100.0
42250,100.0
42500,100.0
42750,100.0
43000,100.0
43250,100.0
43500,100.0
43750,100.0
44000,100.0
44250,100.0
44500,100.0
44750,100.0
45000,100.0
45250,100.0
45500,100.0
45750,100.0
46000,100.0
46250,100.0
46500,100.0
46750,100.0
47000,100.0
47250,100.0
47500,100.0
47750,100.0
48000,100.0
48250,100.0
48500,100.0
48750,100.0
49000,100.0
49250,100.0
49500,100.0
49750,100.0
50000,100.0
50250,100.0
50500,100.0
50750,100.0
51000,100.0
51250,100.0
51500,100.0
51750,100.0
52000,100.0
52250,100.0
52500,100.0
52750,100.0
53000,100.0
53250,100.0
53500,100.0
53750,100.0
54000,100.0
54250,100.0
54500,100.0
54750,100.0
55000,100.0
55250,68.8
55500,35.6
55750,38.4
56000,54.400000000000006
56250,54.400000000000006
56500,55.60000000000001
56750,54.400000000000006
57000,39.6
57250,43.6
57500,78.4
57750,77.2
58000,74.8
58250,61.6
58500,46.400000000000006
58750,57.199999999999996
59000,74.8
59250,75.6
59500,79.2
59750,74.0
60000,39.6
60250,27.6
60500,48.0
60750,76.8
61000,80.0
61250,92.80000000000001
61500,60.8
61750,43.6
62000,89.60000000000001
62250,97.2
62500,98.0
62750,89.2
63000,70.8
63250,69.19999999999999
63500,72.0
63750,73.2
64000,59.199999999999996
64250,43.2
64500,35.199999999999996
64750,30.8
65000,28.4
65250,34.8
65500,32.0
65750,25.2
66000,18.4
66250,16.0
66500,38.800000000000004
66750,32.0
67000,38.800000000000004
67250,27.6
67500,33.6
67750,20.8
68000,28.000000000000004
68250,42.8
68500,52.0
68750,46.800000000000004
69000,34.8
69250,22.0
69500,8.799999999999999
69750,40.0
70000,33.6
70250,41.199999999999996
70500,45.2
70750,37.2
71000,41.6
71250,72.0
71500,60.8
71750,64.4
72000,46.0
72250,48.4
72500,64.8
72750,44.0
73000,5.6000000000000005
73250,69.19999999999999
73500,50.8
73750,35.199999999999996
74000,72.39999999999999
74250,78.8
74500,52.0
74750,34.0
75000,79.2
75250,52.0
75500,30.8
75750,30.8
76000,16.8
76250,10.8
76500,10.0
76750,28.4
77000,47.199999999999996
77250,52.400000000000006
77500,56.39999999999999
77750,56.00000000000001
78000,85.2
78250,97.2
78500,93.60000000000001
78750,47.199999999999996
79000,95.6
79250,75.6
79500,66.8
79750,85.2
80000,55.2
80250,91.60000000000001
80500,66.0
80750,68.8
81000,95.19999999999999
81250,52.400000000000006
81500,85.2
81750,73.2
82000,69.19999999999999
