250,0.0
500,0.0
750,0.0
1000,0.0
1250,0.0
1500,0.0
1750,0.0
2000,0.0
2250,99.6
2500,60.0
2750,0.0
3000,0.0
3250,0.0
3500,0.0
3750,0.0
4000,0.0
4250,99.6
4500,60.0
4750,0.0
5000,0.0
5250,0.0
5500,0.0
5750,0.0
6000,0.0
6250,99.6
6500,60.0
6750,0.0
7000,0.0
7250,0.0
7500,0.0
7750,0.0
8000,0.0
8250,99.6
8500,60.0
8750,0.0
9000,0.0
9250,0.0
9500,0.0
9750,0.0
10000,0.0
10250,99.6
10500,60.0
10750,0.0
11000,0.0
11250,0.0
11500,0.0
11750,0.0
12000,0.0
12250,99.6
12500,60.0
12750,0.0
13000,0.0
13250,0.0
13500,0.0
13750,0.0
14000,0.0
14250,99.6
14500,60.0
14750,0.0
15000,0.0
15250,0.0
15500,0.0
15750,0.0
16000,0.0
16250,99.6
16500,60.0
16750,0.0
17000,0.0
17250,0.0
17500,0.0
17750,0.0
18000,0.0
18250,99.6
18500,60.0
18750,0.0
19000,0.0
19250,0.0
19500,0.0
19750,0.0
20000,0.0
20250,99.6
20500,60.0
20750,0.0
21000,0.0
21250,0.0
21500,0.0
21750,0.0
22000,0.0
22250,99.6
22500,60.0
22750,0.0
23000,0.0
23250,0.0
23500,0.0
23750,0.0
24000,0.0
24250,99.6
24500,60.0
24750,0.0
25000,0.0
25250,0.0
25500,0.0
25750,0.0
26000,0.0
26250,99.6
26500,60.0
26750,0.0
27000,0.0
27250,0.0
27500,0.0
27750,0.0
28000,0.0
28250,99.6
28500,60.0
28750,0.0
29000,0.0
29250,0.0
29500,0.0
29750,0.0
30000,0.0
30250,99.6
30500,60.0
30750,0.0
31000,0.0
31250,0.0
31500,0.0
31750,0.0
32000,0.0
32250,99.6
32500,60.0
32750,0.0
33000,0.0
33250,0.0
33500,0.0
33750,0.0
34000,0.0
34250,99.6
34500,60.0
34750,0.0
35000,0.0
35250,0.0
35500,0.0
35750,0.0
36000,0.0
36250,99.6
36500,60.0
36750,0.0
37000,0.0
37250,0.0
37500,0.0
37750,0.0
38000,0.0
38250,99.6
38500,60.0
38750,0.0
39000,0.0
39250,0.0
39500,0.0
39750,0.0
40000,0.0
40250,99.6
40500,60.0
40750,0.0
41000,0.0
41250,0.0
41500,0.0
41750,0.0
42000,0.0
42250,99.6
42500,60.0
42750,0.0
43000,0.0
43250,0.0
43500,0.0
43750,0.0
44000,0.0
44250,99.6
44500,60.0
44750,0.0
45000,0.0
45250,0.0
45500,0.0
45750,0.0
46000,0.0
46250,99.6
46500,60.0
46750,0.0
47000,0.0
47250,0.0
47500,0.0
47750,0.0
48000,0.0
48250,99.6
48500,60.0
48750,0.0
49000,0.0
49250,0.0
49500,0.0
49750,0.0
50000,0.0
50250,99.6
50500,60.0
50750,0.0
51000,0.0
51250,0.0
51500,0.0
51750,0.0
52000,0.0
52250,99.6
52500,100.0
52750,56.00000000000001
53000,24.0
53250,28.4
53500,22.8
53750,14.799999999999999
54000,30.4
54250,14.399999999999999
54500,16.400000000000002
54750,27.200000000000003
55000,20.0
55250,23.599999999999998
55500,28.4
55750,26.0
56000,34.0
56250,29.599999999999998
56500,22.0
56750,32.0
57000,32.4
57250,31.2
57500,29.2
57750,24.8
58000,24.0
58250,24.4
58500,11.200000000000001
58750,15.6
59000,32.0
59250,26.8
59500,32.0
59750,29.599999999999998
60000,7.6
60250,22.8
60500,33.6
60750,34.4
61000,33.6
61250,20.8
61500,21.6
61750,35.6
62000,23.599999999999998
62250,28.4
62500,30.0
62750,23.200000000000003
63000,19.2
63250,16.8
63500,22.0
63750,24.0
64000,20.0
64250,19.2
64500,34.4
64750,27.200000000000003
65000,21.6
65250,26.400000000000002
65500,30.4
65750,24.4
66000,17.599999999999998
66250,14.000000000000002
66500,36.0
66750,28.4
67000,38.4
67250,21.6
67500,28.4
67750,19.2
68000,19.2
68250,15.2
68500,23.200000000000003
68750,16.0
69000,14.399999999999999
69250,22.0
69500,0.0
69750,7.6
70000,4.0
70250,6.4
70500,10.0
70750,31.6
71000,32.4
71250,49.2
71500,38.800000000000004
71750,35.199999999999996
72000,29.2
72250,40.400000000000006
72500,32.800000000000004
72750,19.2
73000,3.2
73250,14.000000000000002
73500,35.199999999999996
73750,29.599999999999998
74000,40.0
74250,38.4
74500,21.2
74750,22.0
75000,28.000000000000004
75250,6.0
75500,7.6
75750,21.6
76000,4.0
76250,0.0
76500,0.0
76750,5.6000000000000005
77000,38.800000000000004
77250,44.800000000000004
77500,53.6
77750,51.2
78000,61.6
78250,64.0
78500,51.6
78750,46.400000000000006
79000,53.2
79250,42.4
79500,26.8
79750,45.6
80000,44.800000000000004
80250,41.199999999999996
80500,35.6
80750,65.60000000000001
81000,29.599999999999998
81250,46.400000000000006
81500,45.2
81750,38.4
82000,39.6
