250,0.0
500,0.0
750,0.0
1000,0.0
1250,0.0
1500,0.0
1750,0.0
2000,0.0
2250,99.6
2500,100.0
2750,100.0
3000,20.0
3250,0.0
3500,0.0
3750,0.0
4000,0.0
4250,99.6
4500,100.0
4750,100.0
5000,20.0
5250,0.0
5500,0.0
5750,0.0
6000,0.0
6250,99.6
6500,100.0
6750,100.0
7000,20.0
7250,0.0
7500,0.0
7750,0.0
8000,0.0
8250,99.6
8500,100.0
8750,100.0
9000,20.0
9250,0.0
9500,0.0
9750,0.0
10000,0.0
10250,99.6
10500,100.0
10750,100.0
11000,20.0
11250,0.0
11500,0.0
11750,0.0
12000,0.0
12250,99.6
12500,100.0
12750,100.0
13000,20.0
13250,0.0
13500,0.0
13750,0.0
14000,0.0
14250,99.6
14500,100.0
14750,100.0
15000,20.0
15250,0.0
15500,0.0
15750,0.0
16000,0.0
16250,99.6
16500,100.0
16750,100.0
17000,20.0
17250,0.0
17500,0.0
17750,0.0
18000,0.0
18250,99.6
18500,100.0
18750,100.0
19000,20.0
19250,0.0
19500,0.0
19750,0.0
20000,0.0
20250,99.6
20500,100.0
20750,100.0
21000,20.0
21250,0.0
21500,0.0
21750,0.0
22000,0.0
22250,99.6
22500,100.0
22750,100.0
23000,20.0
23250,0.0
23500,0.0
23750,0.0
24000,0.0
24250,99.6
24500,100.0
24750,100.0
25000,20.0
25250,0.0
25500,0.0
25750,0.0
26000,0.0
26250,99.6
26500,100.0
26750,100.0
27000,20.0
27250,0.0
27500,0.0
27750,0.0
28000,0.0
28250,99.6
28500,100.0
28750,100.0
29000,20.0
29250,0.0
29500,0.0
29750,0.0
30000,0.0
30250,99.6
30500,100.0
30750,100.0
31000,20.0
31250,0.0
31500,0.0
31750,0.0
32000,0.0
32250,99.6
32500,100.0
32750,100.0
33000,20.0
33250,0.0
33500,0.0
33750,0.0
34000,0.0
34250,99.6
34500,100.0
34750,100.0
35000,20.0
35250,0.0
35500,0.0
35750,0.0
36000,0.0
36250,99.6
36500,100.0
36750,100.0
37000,20.0
37250,0.0
37500,0.0
37750,0.0
38000,0.0
38250,99.6
38500,100.0
38750,100.0
39000,20.0
39250,0.0
39500,0.0
39750,0.0
40000,0.0
40250,99.6
40500,100.0
40750,100.0
41000,20.0
41250,0.0
41500,0.0
41750,0.0
42000,0.0
42250,99.6
42500,100.0
42750,100.0
43000,20.0
43250,0.0
43500,0.0
43750,0.0
44000,0.0
44250,99.6
44500,100.0
44750,100.0
45000,20.0
45250,0.0
45500,0.0
45750,0.0
46000,0.0
46250,99.6
46500,100.0
46750,100.0
47000,20.0
47250,0.0
47500,0.0
47750,0.0
48000,0.0
48250,99.6
48500,100.0
48750,100.0
49000,20.0
49250,0.0
49500,0.0
49750,0.0
50000,0.0
50250,99.6
50500,100.0
50750,100.0
51000,20.0
51250,0.0
51500,0.0
51750,0.0
52000,0.0
52250,99.6
52500,100.0
52750,100.0
53000,100.0
53250,80.0
53500,25.6
53750,22.400000000000002
54000,30.4
54250,23.200000000000003
54500,22.8
54750,37.6
55000,29.2
55250,24.4
55500,32.800000000000004
55750,31.2
56000,34.8
56250,32.800000000000004
56500,36.4
56750,32.4
57000,36.4
57250,42.0
57500,34.0
57750,25.2
58000,29.2
58250,26.0
58500,18.0
58750,24.0
59000,33.2
59250,28.4
59500,45.6
59750,29.599999999999998
60000,10.4
60250,25.6
60500,35.6
60750,34.4
61000,36.4
61250,24.0
61500,28.000000000000004
61750,40.400000000000006
62000,29.2
62250,33.6
62500,32.800000000000004
62750,23.599999999999998
63000,20.4
63250,17.599999999999998
63500,22.0
63750,24.4
64000,22.400000000000002
64250,20.0
64500,34.4
64750,28.000000000000004
65000,26.8
65250,32.4
65500,30.4
65750,25.2
66000,18.4
66250,14.000000000000002
66500,36.8
66750,28.799999999999997
67000,38.800000000000004
67250,26.8
67500,29.2
67750,20.4
68000,19.2
68250,17.599999999999998
68500,33.2
68750,20.0
69000,18.8
69250,22.0
69500,7.199999999999999
69750,16.400000000000002
70000,7.6
70250,12.4
70500,28.000000000000004
70750,34.0
71000,38.0
71250,49.2
71500,39.2
71750,38.4
72000,32.4
72250,43.2
72500,45.6
72750,24.8
73000,5.6000000000000005
73250,40.400000000000006
73500,35.6
73750,29.599999999999998
74000,49.2
74250,51.6
74500,46.400000000000006
74750,25.6
75000,75.6
75250,50.8
75500,26.400000000000002
75750,22.0
76000,16.8
76250,8.0
76500,10.0
76750,16.0
77000,44.4
77250,48.4
77500,53.6
77750,51.2
78000,64.8
78250,64.0
78500,55.2
78750,47.199999999999996
79000,95.6
79250,75.6
79500,66.8
79750,85.2
80000,54.400000000000006
80250,88.8
80500,66.0
80750,68.8
81000,95.19999999999999
81250,52.400000000000006
81500,85.2
81750,73.2
82000,67.60000000000001
