200,88.28579071520635,11.714209284793657
400,77.31572675761777,22.68427324238224
600,68.68996376547263,31.310036234527374
800,61.537900342890495,38.462099657109505
1000,54.553634396050676,45.44636560394932
1200,46.94073587704579,53.05926412295421
1400,39.56737433428175,60.43262566571824
1600,33.19836579849712,66.80163420150288
1800,26.76734515211206,73.23265484788794
2000,20.405632158751004,79.594367841249
2200,20.101651224435205,79.8983487755648
2400,20.046934656258358,79.95306534374164
2600,19.86333017193162,80.13666982806839
2800,19.403710999246126,80.59628900075387
3000,17.605359791833855,82.39464020816615
3200,16.270275528318866,83.72972447168114
3400,15.048272172369348,84.95172782763065
3600,13.845723596216045,86.15427640378395
3800,13.31558084676929,86.6844191532307
4000,12.458354611998736,87.54164538800127
