250,0.0
500,0.0
750,0.0
1000,0.0
1250,0.0
1500,0.0
1750,0.0
2000,0.0
2250,99.6
2500,100.0
2750,100.0
3000,100.0
3250,80.0
3500,0.0
3750,0.0
4000,0.0
4250,99.6
4500,100.0
4750,100.0
5000,100.0
5250,80.0
5500,0.0
5750,0.0
6000,0.0
6250,99.6
6500,100.0
6750,100.0
7000,100.0
7250,80.0
7500,0.0
7750,0.0
8000,0.0
8250,99.6
8500,100.0
8750,100.0
9000,100.0
9250,80.0
9500,0.0
9750,0.0
10000,0.0
10250,99.6
10500,100.0
10750,100.0
11000,100.0
11250,80.0
11500,0.0
11750,0.0
12000,0.0
12250,99.6
12500,100.0
12750,100.0
13000,100.0
13250,80.0
13500,0.0
13750,0.0
14000,0.0
14250,99.6
14500,100.0
14750,100.0
15000,100.0
15250,80.0
15500,0.0
15750,0.0
16000,0.0
16250,99.6
16500,100.0
16750,100.0
17000,100.0
17250,80.0
17500,0.0
17750,0.0
18000,0.0
18250,99.6
18500,100.0
18750,100.0
19000,100.0
19250,80.0
19500,0.0
19750,0.0
20000,0.0
20250,99.6
20500,100.0
20750,100.0
21000,100.0
21250,80.0
21500,0.0
21750,0.0
22000,0.0
22250,99.6
22500,100.0
22750,100.0
23000,100.0
23250,80.0
23500,0.0
23750,0.0
24000,0.0
24250,99.6
24500,100.0
24750,100.0
25000,100.0
25250,80.0
25500,0.0
25750,0.0
26000,0.0
26250,99.6
26500,100.0
26750,100.0
27000,100.0
27250,80.0
27500,0.0
27750,0.0
28000,0.0
28250,99.6
28500,100.0
28750,100.0
29000,100.0
29250,80.0
29500,0.0
29750,0.0
30000,0.0
30250,99.6
30500,100.0
30750,100.0
31000,100.0
31250,80.0
31500,0.0
31750,0.0
32000,0.0
32250,99.6
32500,100.0
32750,100.0
33000,100.0
33250,80.0
33500,0.0
33750,0.0
34000,0.0
34250,99.6
34500,100.0
34750,100.0
35000,100.0
35250,80.0
35500,0.0
35750,0.0
36000,0.0
36250,99.6
36500,100.0
36750,100.0
37000,100.0
37250,80.0
37500,0.0
37750,0.0
38000,0.0
38250,99.6
38500,100.0
38750,100.0
39000,100.0
39250,80.0
39500,0.0
39750,0.0
40000,0.0
40250,99.6
40500,100.0
40750,100.0
41000,100.0
41250,80.0
41500,0.0
41750,0.0
42000,0.0
42250,99.6
42500,100.0
42750,100.0
43000,100.0
43250,80.0
43500,0.0
43750,0.0
44000,0.0
44250,99.6
44500,100.0
44750,100.0
45000,100.0
45250,80.0
45500,0.0
45750,0.0
46000,0.0
46250,99.6
46500,100.0
46750,100.0
47000,100.0
47250,80.0
47500,0.0
47750,0.0
48000,0.0
48250,99.6
48500,100.0
48750,100.0
49000,100.0
49250,80.0
49500,0.0
49750,0.0
50000,0.0
50250,99.6
50500,100.0
50750,100.0
51000,100.0
51250,80.0
51500,0.0
51750,0.0
52000,0.0
52250,99.6
52500,100.0
52750,100.0
53000,100.0
53250,100.0
53500,100.0
53750,88.4
54000,31.2
54250,33.2
54500,23.599999999999998
54750,37.6
55000,30.0
55250,25.6
55500,34.8
55750,37.6
56000,53.6
56250,54.400000000000006
56500,55.60000000000001
56750,53.6
57000,37.6
57250,42.4
57500,58.4
57750,50.4
58000,52.0
58250,37.6
58500,20.0
58750,29.2
59000,38.800000000000004
59250,28.4
59500,45.6
59750,30.0
60000,14.399999999999999
60250,26.400000000000002
60500,45.2
60750,41.6
61000,54.400000000000006
61250,52.800000000000004
61500,35.6
61750,41.6
62000,48.4
62250,52.0
62500,52.400000000000006
62750,41.199999999999996
63000,20.8
63250,18.4
63500,22.0
63750,24.4
64000,22.8
64250,21.2
64500,34.4
64750,30.0
65000,26.8
65250,32.800000000000004
65500,30.4
65750,25.2
66000,18.4
66250,14.399999999999999
66500,38.4
66750,29.599999999999998
67000,38.800000000000004
67250,26.8
67500,29.2
67750,20.8
68000,26.0
68250,33.2
68500,34.0
68750,23.200000000000003
69000,19.2
69250,22.0
69500,8.4
69750,26.0
70000,8.799999999999999
70250,17.599999999999998
70500,28.4
70750,35.199999999999996
71000,40.0
71250,71.2
71500,60.8
71750,64.4
72000,45.6
72250,44.0
72500,64.4
72750,43.6
73000,5.6000000000000005
73250,64.0
73500,49.6
73750,33.6
74000,65.60000000000001
74250,73.2
74500,46.400000000000006
74750,26.400000000000002
75000,76.4
75250,52.0
75500,28.000000000000004
75750,28.799999999999997
76000,16.8
76250,8.799999999999999
76500,10.0
76750,18.4
77000,47.199999999999996
77250,51.6
77500,56.39999999999999
77750,55.2
78000,66.4
78250,64.0
78500,55.2
78750,47.199999999999996
79000,95.6
79250,75.6
79500,66.8
79750,85.2
80000,54.800000000000004
80250,89.60000000000001
80500,66.0
80750,68.8
81000,95.19999999999999
81250,52.400000000000006
81500,85.2
81750,73.2
82000,68.8
