250,0.0,0.0
500,0.0,0.0
750,0.0,0.0
1000,0.0,0.0
1250,0.0,0.0
1500,0.0,0.0
1750,0.0,0.0
2000,0.0,10.9
2250,19.2,14.021312394840157
2500,100.0,28.042624789680314
2750,100.0,42.06393718452047
3000,100.0,56.08524957936063
3250,100.0,70.10656197420079
3500,100.0,84.12787436904094
3750,100.0,98.1491867638811
4000,20.4,1.8509254627313656
4250,19.6,13.067863151991027
4500,100.0,27.089175546831186
4750,100.0,41.110487941671344
5000,100.0,55.131800336511496
5250,100.0,69.15311273135165
5500,100.0,83.1744251261918
5750,100.0,97.19573752103197
6000,20.4,10.285132382892057
6250,26.8,12.114413909141895
6500,100.0,26.135726303982054
6750,100.0,40.15703869882221
7000,100.0,54.17835109366237
7250,100.0,68.19966348850252
7500,100.0,82.22097588334269
7750,100.0,96.24228827818284
8000,20.4,10.381593714927048
8250,99.6,14.029180695847362
8500,100.0,28.058361391694724
8750,100.0,42.08754208754209
9000,100.0,56.11672278338945
9250,100.0,70.14590347923682
9500,100.0,84.17508417508418
9750,100.0,98.20426487093154
10000,20.0,12.289562289562289
10250,99.6,14.029180695847362
10500,100.0,28.058361391694724
10750,100.0,42.08754208754209
11000,100.0,56.11672278338945
11250,100.0,70.14590347923682
11500,100.0,84.17508417508418
11750,100.0,98.20426487093154
12000,20.0,12.289562289562289
12250,99.6,14.029180695847362
12500,100.0,28.058361391694724
12750,100.0,42.08754208754209
13000,100.0,56.11672278338945
13250,100.0,70.14590347923682
13500,100.0,84.17508417508418
13750,100.0,98.20426487093154
14000,20.0,12.296462661426165
14250,99.6,14.03705783267827
14500,100.0,28.07411566535654
14750,100.0,42.11117349803481
15000,100.0,56.14823133071308
15250,100.0,70.18528916339135
15500,100.0,84.22234699606962
15750,100.0,98.2594048287479
16000,20.0,12.352610892756879
16250,99.6,14.03705783267827
16500,100.0,28.07411566535654
16750,100.0,42.11117349803481
17000,100.0,56.14823133071308
17250,100.0,70.18528916339135
17500,100.0,84.22234699606962
17750,100.0,98.2594048287479
18000,20.0,12.359550561797752
18250,99.6,14.04494382022472
18500,100.0,28.08988764044944
18750,100.0,42.13483146067416
19000,100.0,56.17977528089888
19250,100.0,70.2247191011236
19500,100.0,84.26966292134831
19750,100.0,98.31460674157303
20000,20.0,12.422709387296234
20250,99.6,14.05283867341203
20500,100.0,28.10567734682406
20750,100.0,42.158516020236085
21000,100.0,56.21135469364812
21250,100.0,70.26419336706014
21500,100.0,84.31703204047217
21750,100.0,98.3698707138842
22000,20.0,12.4859392575928
22250,99.6,14.0607424071991
22500,100.0,28.1214848143982
22750,100.0,42.1822272215973
23000,100.0,56.2429696287964
23250,100.0,70.3037120359955
23500,100.0,84.3644544431946
23750,100.0,98.4251968503937
24000,20.0,12.549240292628024
24250,99.6,14.068655036578503
24500,100.0,28.137310073157007
24750,100.0,42.20596510973551
25000,100.0,56.274620146314014
25250,100.0,70.34327518289251
25500,100.0,84.41193021947102
25750,100.0,98.48058525604952
26000,20.0,12.612612612612612
26250,99.6,14.076576576576578
26500,100.0,28.153153153153156
26750,100.0,42.22972972972973
27000,100.0,56.30630630630631
27250,100.0,70.38288288288288
27500,100.0,84.45945945945947
27750,100.0,98.53603603603604
28000,20.0,12.676056338028168
28250,99.6,14.084507042253522
28500,100.0,28.169014084507044
28750,100.0,42.25352112676056
29000,100.0,56.33802816901409
29250,100.0,70.4225352112676
29500,100.0,84.50704225352112
29750,100.0,98.59154929577466
30000,20.0,12.73957158962796
30250,99.6,14.092446448703495
30500,100.0,28.18489289740699
30750,100.0,42.27733934611049
31000,100.0,56.36978579481398
31250,100.0,70.46223224351748
31500,100.0,84.55467869222097
31750,100.0,98.64712514092446
32000,20.0,12.803158488437678
32250,99.6,14.10039481105471
32500,100.0,28.20078962210942
32750,100.0,42.30118443316413
33000,100.0,56.40157924421884
33250,100.0,70.50197405527355
33500,100.0,84.60236886632826
33750,100.0,98.70276367738296
34000,20.0,12.866817155756207
34250,99.6,14.108352144469528
34500,100.0,28.216704288939056
34750,100.0,42.32505643340858
35000,100.0,56.43340857787811
35250,100.0,70.54176072234763
35500,100.0,84.65011286681715
35750,100.0,98.75846501128667
36000,20.0,12.93054771315641
36250,99.6,14.11631846414455
36500,100.0,28.2326369282891
36750,100.0,42.34895539243365
37000,100.0,56.4652738565782
37250,100.0,70.58159232072275
37500,100.0,84.6979107848673
37750,100.0,98.81422924901186
38000,20.0,12.994350282485875
38250,99.6,14.124293785310735
38500,100.0,28.24858757062147
38750,100.0,42.3728813559322
39000,100.0,56.49717514124294
39250,100.0,70.62146892655367
39500,100.0,84.7457627118644
39750,100.0,98.87005649717514
40000,20.0,13.058224985867723
40250,99.6,14.132278123233466
40500,100.0,28.26455624646693
40750,100.0,42.3968343697004
41000,100.0,56.52911249293386
41250,100.0,70.66139061616732
41500,100.0,84.7936687394008
41750,100.0,98.92594686263426
42000,20.0,13.122171945701359
42250,99.6,14.14027149321267
42500,100.0,28.28054298642534
42750,100.0,42.42081447963801
43000,100.0,56.56108597285068
43250,100.0,70.70135746606336
43500,100.0,84.84162895927602
43750,100.0,98.98190045248869
44000,20.0,13.18619128466327
44250,99.6,14.148273910582908
44500,100.0,28.296547821165817
44750,100.0,42.444821731748725
45000,100.0,56.59309564233163
45250,100.0,70.74136955291455
45500,100.0,84.88964346349745
45750,100.0,99.03791737408037
46000,20.0,13.250283125707815
46250,99.6,14.156285390713478
46500,100.0,28.312570781426956
46750,100.0,42.46885617214043
47000,100.0,56.62514156285391
47250,100.0,70.78142695356739
47500,100.0,84.93771234428085
47750,100.0,99.09399773499433
48000,20.0,13.314447592067987
48250,99.6,14.164305949008499
48500,100.0,28.328611898016998
48750,100.0,42.492917847025495
49000,100.0,56.657223796033996
49250,100.0,70.82152974504248
49500,100.0,84.98583569405099
49750,100.0,99.15014164305948
50000,20.0,13.378684807256235
50250,99.6,14.17233560090703
50500,100.0,28.34467120181406
50750,100.0,42.517006802721085
51000,100.0,56.68934240362812
51250,100.0,70.86167800453515
51500,100.0,85.03401360544217
51750,100.0,99.20634920634922
52000,20.0,13.44299489506523
52250,99.6,0.6257110352673493
52500,100.0,4.054825813820674
52750,100.0,9.942857142857143
53000,100.0,12.685714285714287
53250,100.0,9.586681974741676
53500,100.0,2.199074074074074
53750,100.0,16.666666666666664
54000,100.0,6.712962962962964
54250,100.0,2.20162224797219
54500,100.0,16.695652173913047
54750,92.80000000000001,2.1549213744903906
55000,56.39999999999999,1.8691588785046727
55250,38.4,10.922897196261683
55500,35.199999999999996,1.5780245470485097
55750,37.6,3.1578947368421053
56000,53.6,12.990052662375659
56250,54.400000000000006,36.27852545348157
56500,55.60000000000001,18.746338605741066
56750,53.6,2.7549824150058617
57000,39.6,0.5861664712778429
57250,43.6,1.406799531066823
57500,59.199999999999996,0.5275498241500586
57750,51.6,4.279015240328253
58000,52.0,6.506447831184056
58250,37.6,9.085580304806564
58500,20.8,3.458382180539273
58750,32.0,18.112543962485343
59000,51.6,8.499413833528722
59250,52.400000000000006,2.6963657678780772
59500,59.199999999999996,9.437280187573272
59750,53.6,2.3446658851113718
60000,18.4,0.8206330597889802
60250,27.6,1.2895662368112544
60500,48.0,1.6998827667057446
60750,57.599999999999994,1.1723329425556859
61000,56.39999999999999,3.69284876905041
61250,58.4,2.5205158264947247
61500,38.0,6.213364595545135
61750,42.0,1.1137162954279016
62000,48.4,11.137162954279015
62250,52.0,1.875732708089097
62500,52.400000000000006,14.06799531066823
62750,41.199999999999996,6.858147713950761
63000,21.6,4.279015240328253
63250,18.4,18.269230769230766
63500,22.0,18.389553862894452
63750,24.8,14.645669291338583
64000,22.8,15.712113532691333
64250,22.8,2.2938018545632017
64500,32.0,1.3065795613625757
64750,30.0,0.48867170146601513
65000,26.8,1.9445593711212246
65250,33.6,0.543267365153279
65500,30.4,4.080145719489982
65750,25.2,6.8212824010914055
66000,18.4,5.809128630705394
66250,16.0,9.742206235011992
66500,44.4,2.1632535333141045
66750,51.6,1.0434292160180485
67000,75.2,1.6911560853895204
67250,75.6,0.19094380796508456
67500,65.60000000000001,0.864397622906537
67750,46.0,7.486063180249536
68000,56.39999999999999,1.178627553693033
68250,67.60000000000001,6.055860088749674
68500,74.8,0.7295466388744137
68750,70.8,5.01428942582489
69000,59.599999999999994,8.932806324110672
69250,45.6,1.7382143797735055
69500,34.0,5.9330893883951905
69750,47.199999999999996,4.615384615384616
70000,38.4,6.2882096069869
70250,41.199999999999996,3.532490187527257
70500,38.800000000000004,0.885328836424958
70750,34.4,0.6754072308303536
71000,39.2,0.37636432066240116
71250,72.0,3.5609397944199705
71500,59.199999999999996,1.4914772727272727
71750,60.4,2.0110957004160888
72000,43.6,1.2863913337846988
72250,44.4,0.6862745098039216
72500,63.2,5.569700827498409
72750,43.6,8.445121951219512
73000,5.6000000000000005,8.930602957906713
73250,64.0,0.3923766816143498
73500,50.8,0.5698778833107192
73750,35.199999999999996,0.23461939520333683
74000,72.0,0.12810658467845248
74250,74.0,7.266260162601626
74500,46.800000000000004,3.2758189547386842
74750,42.8,2.2365805168986084
75000,98.8,0.44720496894409933
75250,75.2,6.038945033275819
75500,63.2,6.154591713108796
75750,66.0,0.23752969121140144
76000,49.2,5.9990770650669125
76250,55.2,11.349762604567037
76500,45.2,12.039473684210526
76750,42.4,1.909051909051909
77000,47.199999999999996,0.20898641588296762
77250,52.400000000000006,0.20408163265306123
77500,56.00000000000001,1.9972039145196723
77750,57.599999999999994,1.7609078458227352
78000,84.39999999999999,1.0505836575875487
78250,97.2,1.9241982507288629
78500,93.60000000000001,2.889837083010085
78750,47.199999999999996,1.8065268065268065
79000,95.6,0.6407766990291262
79250,79.2,2.115987460815047
79500,67.2,6.499202551834131
79750,85.2,3.5678290667204196
80000,55.2,3.5286834502682627
80250,90.0,1.323898653275508
80500,66.0,6.580211335254563
80750,68.8,0.9694619486185166
81000,95.19999999999999,2.1749637506041566
81250,52.400000000000006,5.527488855869242
81500,85.2,1.02880658436214
81750,73.2,11.639394874961408
82000,68.8,2.432859399684044
