200,88.73446657425646,11.265533425743538
400,78.26414727268306,21.735852727316942
600,70.1113786143333,29.888621385666692
800,61.51479779188249,38.48520220811751
1000,54.47216750565404,45.52783249434596
1200,49.87962355001094,50.12037644998906
1400,41.94936893558036,58.05063106441965
1600,33.31387855353712,66.68612144646288
1800,26.032927214805085,73.96707278519492
2000,15.403321903650202,84.59667809634979
2200,14.105931275990368,85.89406872400963
2400,13.477298703825296,86.5227012961747
2600,13.442036915444664,86.55796308455534
2800,13.381240728581503,86.6187592714185
3000,13.336251550302766,86.66374844969724
3200,13.3119330755575,86.6880669244425
3400,12.819483961965904,87.1805160380341
3600,12.699107511976848,87.30089248802315
3800,12.184771771114516,87.81522822888549
4000,12.282045670095572,87.71795432990443
