250,0.0,0.0
500,0.0,0.0
750,0.0,0.0
1000,0.0,0.0
1250,0.0,0.0
1500,0.0,0.0
1750,0.0,0.0
2000,0.0,0.0
2250,99.2,12.619888944977284
2500,100.0,25.239777889954567
2750,100.0,37.85966683493186
3000,100.0,50.479555779909134
3250,100.0,63.099444724886425
3500,100.0,75.71933366986372
3750,100.0,88.33922261484098
4000,100.0,1.0505252626313157
4250,100.0,12.619888944977284
4500,100.0,25.239777889954567
4750,100.0,37.85966683493186
5000,100.0,50.479555779909134
5250,100.0,63.099444724886425
5500,100.0,75.71933366986372
5750,100.0,88.33922261484098
6000,100.0,1.0606060606060608
6250,99.6,12.619888944977284
6500,100.0,25.239777889954567
6750,100.0,37.85966683493186
7000,100.0,50.479555779909134
7250,100.0,63.099444724886425
7500,100.0,75.71933366986372
7750,100.0,88.33922261484098
8000,100.0,1.0606060606060608
8250,99.6,12.626262626262626
8500,100.0,25.252525252525253
8750,100.0,37.878787878787875
9000,100.0,50.505050505050505
9250,100.0,63.13131313131313
9500,100.0,75.75757575757575
9750,100.0,88.38383838383838
10000,100.0,1.0606060606060608
10250,99.6,12.626262626262626
10500,100.0,25.252525252525253
10750,100.0,37.878787878787875
11000,100.0,50.505050505050505
11250,100.0,63.13131313131313
11500,100.0,75.75757575757575
11750,100.0,88.38383838383838
12000,100.0,1.0606060606060608
12250,99.6,12.626262626262626
12500,100.0,25.252525252525253
12750,100.0,37.878787878787875
13000,100.0,50.505050505050505
13250,100.0,63.13131313131313
13500,100.0,75.75757575757575
13750,100.0,88.38383838383838
14000,100.0,1.0606060606060608
14250,99.6,12.626262626262626
14500,100.0,25.252525252525253
14750,100.0,37.878787878787875
15000,100.0,50.505050505050505
15250,100.0,63.13131313131313
15500,100.0,75.75757575757575
15750,100.0,88.38383838383838
16000,100.0,1.0606060606060608
16250,99.6,12.626262626262626
16500,100.0,25.252525252525253
16750,100.0,37.878787878787875
17000,100.0,50.505050505050505
17250,100.0,63.13131313131313
17500,100.0,75.75757575757575
17750,100.0,88.38383838383838
18000,100.0,1.0606060606060608
18250,99.6,12.626262626262626
18500,100.0,25.252525252525253
18750,100.0,37.878787878787875
19000,100.0,50.505050505050505
19250,100.0,63.13131313131313
19500,100.0,75.75757575757575
19750,100.0,88.38383838383838
20000,100.0,1.0606060606060608
20250,99.6,12.626262626262626
20500,100.0,25.252525252525253
20750,100.0,37.878787878787875
21000,100.0,50.505050505050505
21250,100.0,63.13131313131313
21500,100.0,75.75757575757575
21750,100.0,88.38383838383838
22000,100.0,1.0606060606060608
22250,99.6,12.626262626262626
22500,100.0,25.252525252525253
22750,100.0,37.878787878787875
23000,100.0,50.505050505050505
23250,100.0,63.13131313131313
23500,100.0,75.75757575757575
23750,100.0,88.38383838383838
24000,100.0,1.0606060606060608
24250,99.6,12.626262626262626
24500,100.0,25.252525252525253
24750,100.0,37.878787878787875
25000,100.0,50.505050505050505
25250,100.0,63.13131313131313
25500,100.0,75.75757575757575
25750,100.0,88.38383838383838
26000,100.0,1.0606060606060608
26250,99.6,12.626262626262626
26500,100.0,25.252525252525253
26750,100.0,37.878787878787875
27000,100.0,50.505050505050505
27250,100.0,63.13131313131313
27500,100.0,75.75757575757575
27750,100.0,88.38383838383838
28000,100.0,1.0606060606060608
28250,99.6,12.626262626262626
28500,100.0,25.252525252525253
28750,100.0,37.878787878787875
29000,100.0,50.505050505050505
29250,100.0,63.13131313131313
29500,100.0,75.75757575757575
29750,100.0,88.38383838383838
30000,100.0,1.0606060606060608
30250,99.6,12.626262626262626
30500,100.0,25.252525252525253
30750,100.0,37.878787878787875
31000,100.0,50.505050505050505
31250,100.0,63.13131313131313
31500,100.0,75.75757575757575
31750,100.0,88.38383838383838
32000,100.0,1.0606060606060608
32250,99.6,12.626262626262626
32500,100.0,25.252525252525253
32750,100.0,37.878787878787875
33000,100.0,50.505050505050505
33250,100.0,63.13131313131313
33500,100.0,75.75757575757575
33750,100.0,88.38383838383838
34000,100.0,1.0606060606060608
34250,99.6,12.626262626262626
34500,100.0,25.252525252525253
34750,100.0,37.878787878787875
35000,100.0,50.505050505050505
35250,100.0,63.13131313131313
35500,100.0,75.75757575757575
35750,100.0,88.38383838383838
36000,100.0,1.0606060606060608
36250,99.6,12.626262626262626
36500,100.0,25.252525252525253
36750,100.0,37.878787878787875
37000,100.0,50.505050505050505
37250,100.0,63.13131313131313
37500,100.0,75.75757575757575
37750,100.0,88.38383838383838
38000,100.0,1.0606060606060608
38250,99.6,12.626262626262626
38500,100.0,25.252525252525253
38750,100.0,37.878787878787875
39000,100.0,50.505050505050505
39250,100.0,63.13131313131313
39500,100.0,75.75757575757575
39750,100.0,88.38383838383838
40000,100.0,1.0606060606060608
40250,99.6,12.626262626262626
40500,100.0,25.252525252525253
40750,100.0,37.878787878787875
41000,100.0,50.505050505050505
41250,100.0,63.13131313131313
41500,100.0,75.75757575757575
41750,100.0,88.38383838383838
42000,100.0,1.0606060606060608
42250,99.6,12.626262626262626
42500,100.0,25.252525252525253
42750,100.0,37.878787878787875
43000,100.0,50.505050505050505
43250,100.0,63.13131313131313
43500,100.0,75.75757575757575
43750,100.0,88.38383838383838
44000,100.0,1.0606060606060608
44250,99.6,12.626262626262626
44500,100.0,25.252525252525253
44750,100.0,37.878787878787875
45000,100.0,50.505050505050505
45250,100.0,63.13131313131313
45500,100.0,75.75757575757575
45750,100.0,88.38383838383838
46000,100.0,1.0606060606060608
46250,99.6,12.626262626262626
46500,100.0,25.252525252525253
46750,100.0,37.878787878787875
47000,100.0,50.505050505050505
47250,100.0,63.13131313131313
47500,100.0,75.75757575757575
47750,100.0,88.38383838383838
48000,100.0,1.0606060606060608
48250,99.6,12.626262626262626
48500,100.0,25.252525252525253
48750,100.0,37.878787878787875
49000,100.0,50.505050505050505
49250,100.0,63.13131313131313
49500,100.0,75.75757575757575
49750,100.0,88.38383838383838
50000,100.0,1.0606060606060608
50250,99.6,12.626262626262626
50500,100.0,25.252525252525253
50750,100.0,37.878787878787875
51000,100.0,50.505050505050505
51250,100.0,63.13131313131313
51500,100.0,75.75757575757575
51750,100.0,88.38383838383838
52000,100.0,1.0606060606060608
52250,99.6,0.5555555555555556
52500,100.0,3.585858585858586
52750,100.0,8.787878787878787
53000,100.0,11.212121212121213
53250,100.0,8.434343434343434
53500,100.0,1.9191919191919191
53750,100.0,14.545454545454545
54000,100.0,5.858585858585859
54250,100.0,1.9191919191919191
54500,100.0,14.545454545454545
54750,100.0,1.8686868686868685
55000,100.0,1.6161616161616161
55250,68.4,9.086491739552963
55500,35.6,1.2173128944995493
55750,36.8,2.2823330515638207
56000,54.400000000000006,8.951612903225808
56250,54.400000000000006,8.095605242868158
56500,55.60000000000001,8.317929759704251
56750,54.400000000000006,1.844625753813409
57000,39.2,0.3369272237196766
57250,58.8,0.7845701209545604
57500,84.39999999999999,0.2912621359223301
57750,97.6,2.360168121564824
58000,98.4,15.724895059735228
58250,85.2,6.22208040842374
58500,71.6,11.419656786271451
58750,81.6,9.947643979057592
59000,98.4,4.460166102737619
59250,98.8,6.945298094652736
59500,99.2,4.944717444717445
59750,97.6,5.429447852760736
60000,72.39999999999999,0.4205467107239411
60250,36.8,0.6499261447562776
60500,47.599999999999994,0.8529411764705883
60750,56.00000000000001,0.5932957579353307
61000,60.4,2.3923444976076556
61250,50.8,1.6810007818608288
61500,36.4,3.050595238095238
61750,41.199999999999996,0.6766381766381766
62000,76.4,7.4074074074074066
62250,68.8,1.1535688536409516
62500,75.2,8.636200071968334
62750,64.8,16.215253029223092
63000,46.0,10.377691493116838
63250,44.0,12.482419127988749
63500,46.800000000000004,11.744266851980543
63750,48.8,9.476902173913043
64000,48.0,10.292164674634794
64250,41.199999999999996,1.523994811932555
64500,32.4,0.889171165449349
64750,30.4,0.3458032065388243
65000,37.6,1.4338010982306284
65250,57.199999999999996,0.42501517911353975
65500,55.2,2.621502209131075
65750,50.0,5.681818181818182
66000,36.8,4.848654708520179
66250,16.400000000000002,8.66163732886281
66500,44.800000000000004,1.8141836173721826
66750,66.8,4.14647280560043
67000,75.2,1.6163222045574985
67250,75.6,0.18281535648994515
67500,67.60000000000001,0.8407777193904361
67750,46.0,7.296248382923674
68000,56.39999999999999,1.1511895625479662
68250,67.60000000000001,3.5312180143295806
68500,74.8,0.7270838743183589
68750,70.8,5.084299262381454
69000,59.599999999999994,1.81769580326116
69250,45.6,1.0675206832132373
69500,34.0,4.639448568398728
69750,56.39999999999999,1.4311270125223614
70000,60.8,1.5634395670475045
70250,67.2,1.647848642050656
70500,65.2,0.6461538461538461
70750,58.8,0.5272952853598015
71000,53.2,0.33167495854063017
71250,72.0,3.180327868852459
71500,59.199999999999996,1.33800573431029
71750,60.4,1.8142008132624337
72000,37.2,1.0484119642306506
72250,43.2,0.6283662477558348
72500,63.2,5.113968439509059
72750,43.6,7.778713844425724
73000,5.6000000000000005,6.540309663641216
73250,64.0,0.36968576709796674
73500,50.8,0.5380476556495004
73750,35.6,0.22194821208384713
74000,72.0,0.12130033964095098
74250,74.0,2.896786757546251
74500,46.400000000000006,0.78412153883852
74750,42.8,1.4856307842182173
75000,98.8,0.4382761139517896
75250,75.2,1.6187484899734237
75500,63.2,2.7296463327794918
75750,66.0,0.23277467411545624
76000,49.2,5.881022393123728
76250,55.2,10.983170947741364
76500,45.2,11.798839458413926
76750,42.8,1.8697478991596639
77000,46.400000000000006,0.20479213598197826
77250,52.0,0.20008003201280514
77500,56.00000000000001,1.9588638589618024
77750,57.599999999999994,1.7277788443079287
78000,84.39999999999999,1.0309278350515463
78250,97.2,1.8882319282853328
78500,93.60000000000001,2.835934526075371
78750,47.199999999999996,1.7734553775743707
79000,95.6,0.628930817610063
79250,79.2,2.078922040423484
79500,67.2,4.897159647404505
79750,85.2,3.4897476340694005
80000,55.2,3.0940343781597575
80250,90.0,1.1776649746192893
80500,66.0,5.689136968656076
80750,68.8,0.8804754567466431
81000,95.19999999999999,1.9758507135016465
81250,52.400000000000006,4.449760765550239
81500,85.2,0.9479956663055255
81750,73.2,2.1621621621621623
82000,68.8,2.3670458038733475
