250,0.0,0.0
500,0.0,0.0
750,0.0,0.0
1000,0.0,0.0
1250,0.0,0.0
1500,0.0,0.0
1750,0.0,9.485714285714286
2000,0.0,20.8
2250,6.0,14.269406392694064
2500,33.2,31.545741324921135
2750,100.0,47.3186119873817
3000,100.0,63.09148264984227
3250,100.0,78.86435331230284
3500,100.0,94.6372239747634
3750,40.400000000000006,1.8867924528301887
4000,0.0,1.6508254127063533
4250,6.0,13.420902341519131
4500,33.6,30.5993690851735
4750,100.0,46.37223974763407
5000,100.0,62.14511041009464
5250,100.0,77.91798107255521
5500,100.0,93.69085173501577
5750,40.400000000000006,8.770917484131564
6000,0.0,20.426829268292682
6250,6.0,12.680115273775217
6500,40.0,29.652996845425868
6750,100.0,45.42586750788644
7000,100.0,61.198738170347
7250,100.0,76.97160883280758
7500,100.0,92.74447949526814
7750,40.400000000000006,8.6489898989899
8000,0.0,24.431818181818183
8250,99.6,15.782828282828282
8500,100.0,31.565656565656564
8750,100.0,47.34848484848485
9000,100.0,63.13131313131313
9250,100.0,78.91414141414141
9500,100.0,94.6969696969697
9750,40.0,10.542929292929292
10000,0.0,26.325757575757574
10250,99.6,15.782828282828282
10500,100.0,31.565656565656564
10750,100.0,47.34848484848485
11000,100.0,63.13131313131313
11250,100.0,78.91414141414141
11500,100.0,94.6969696969697
11750,40.0,10.542929292929292
12000,0.0,26.325757575757574
12250,99.6,15.782828282828282
12500,100.0,31.565656565656564
12750,100.0,47.34848484848485
13000,100.0,63.13131313131313
13250,100.0,78.91414141414141
13500,100.0,94.6969696969697
13750,40.0,10.549589387239418
14000,0.0,26.34238787113076
14250,99.6,15.792798483891346
14500,100.0,31.585596967782692
14750,100.0,47.37839545167404
15000,100.0,63.171193935565384
15250,100.0,78.96399241945673
15500,100.0,94.75679090334808
15750,40.0,10.619469026548673
16000,0.0,26.422250316055624
16250,99.6,15.802781289506953
16500,100.0,31.605562579013906
16750,100.0,47.40834386852086
17000,100.0,63.21112515802781
17250,100.0,79.01390644753477
17500,100.0,94.81668773704172
17750,40.0,10.68943706514864
18000,0.0,26.5022137887413
18250,99.6,15.812776723592664
18500,100.0,31.62555344718533
18750,100.0,47.43833017077799
19000,100.0,63.25110689437066
19250,100.0,79.06388361796331
19500,100.0,94.87666034155598
19750,40.0,10.759493670886076
20000,0.0,26.582278481012654
20250,99.6,15.822784810126583
20500,100.0,31.645569620253166
20750,100.0,47.46835443037975
21000,100.0,63.29113924050633
21250,100.0,79.11392405063292
21500,100.0,94.9367088607595
21750,40.0,10.829639012032931
22000,0.0,26.662444585180495
22250,99.6,15.832805573147562
22500,100.0,31.665611146295124
22750,100.0,47.49841671944269
23000,100.0,63.33122229259025
23250,100.0,79.16402786573781
23500,100.0,94.99683343888537
23750,40.0,10.899873257287707
24000,0.0,26.74271229404309
24250,99.6,15.842839036755388
24500,100.0,31.685678073510775
24750,100.0,47.52851711026616
25000,100.0,63.37135614702155
25250,100.0,79.21419518377694
25500,100.0,95.05703422053232
25750,40.0,10.970196575776791
26000,0.0,26.82308180088776
26250,99.6,15.852885225110972
26500,100.0,31.705770450221944
26750,100.0,47.558655675332915
27000,100.0,63.41154090044389
27250,100.0,79.26442612555485
27500,100.0,95.11731135066583
27750,40.0,11.040609137055837
28000,0.0,26.903553299492383
28250,99.6,15.862944162436548
28500,100.0,31.725888324873097
28750,100.0,47.588832487309645
29000,100.0,63.45177664974619
29250,100.0,79.31472081218274
29500,100.0,95.17766497461929
29750,40.0,11.11111111111111
30000,0.0,26.984126984126984
30250,99.6,15.873015873015872
30500,100.0,31.746031746031743
30750,100.0,47.61904761904761
31000,100.0,63.49206349206349
31250,100.0,79.36507936507937
31500,100.0,95.23809523809523
31750,40.0,11.181702668360865
32000,0.0,27.064803049555273
32250,99.6,15.88310038119441
32500,100.0,31.76620076238882
32750,100.0,47.64930114358323
33000,100.0,63.53240152477764
33250,100.0,79.41550190597204
33500,100.0,95.29860228716646
33750,40.0,11.252383979656706
34000,0.0,27.145581691036234
34250,99.6,15.89319771137953
34500,100.0,31.78639542275906
34750,100.0,47.679593134138585
35000,100.0,63.57279084551812
35250,100.0,79.46598855689764
35500,100.0,95.35918626827717
35750,40.0,11.323155216284988
36000,0.0,27.2264631043257
36250,99.6,15.903307888040713
36500,100.0,31.806615776081426
36750,100.0,47.70992366412214
37000,100.0,63.61323155216285
37250,100.0,79.51653944020356
37500,100.0,95.41984732824427
37750,40.0,11.394016549968173
38000,0.0,27.307447485677912
38250,99.6,15.913430935709737
38500,100.0,31.826861871419474
38750,100.0,47.740292807129215
39000,100.0,63.65372374283895
39250,100.0,79.56715467854869
39500,100.0,95.48058561425843
39750,40.0,11.464968152866243
40000,0.0,27.388535031847134
40250,99.6,15.92356687898089
40500,100.0,31.84713375796178
40750,100.0,47.77070063694268
41000,100.0,63.69426751592356
41250,100.0,79.61783439490446
41500,100.0,95.54140127388536
41750,40.0,11.536010197578076
42000,0.0,27.46972594008923
42250,99.6,15.933715742511154
42500,100.0,31.86743148502231
42750,100.0,47.801147227533455
43000,100.0,63.73486297004462
43250,100.0,79.66857871255577
43500,100.0,95.60229445506691
43750,40.0,11.607142857142858
44000,0.0,27.55102040816326
44250,99.6,15.943877551020408
44500,100.0,31.887755102040817
44750,100.0,47.83163265306122
45000,100.0,63.775510204081634
45250,100.0,79.71938775510205
45500,100.0,95.66326530612244
45750,40.0,11.67836630504148
46000,0.0,27.63241863433312
46250,99.6,15.95405232929164
46500,100.0,31.90810465858328
46750,100.0,47.86215698787492
47000,100.0,63.81620931716656
47250,100.0,79.7702616464582
47500,100.0,95.72431397574984
47750,40.0,11.749680715197956
48000,0.0,27.713920817369093
48250,99.6,15.964240102171138
48500,100.0,31.928480204342275
48750,100.0,47.89272030651341
49000,100.0,63.85696040868455
49250,100.0,79.82120051085569
49500,100.0,95.78544061302682
49750,40.0,11.821086261980831
50000,0.0,27.79552715654952
50250,99.6,15.974440894568689
50500,100.0,31.948881789137378
50750,100.0,47.92332268370607
51000,100.0,63.897763578274756
51250,100.0,79.87220447284345
51500,100.0,95.84664536741214
51750,40.0,11.892583120204604
52000,0.0,27.877237851662407
52250,99.6,0.7055805003207184
52500,100.0,4.574742268041237
52750,100.0,11.218568665377177
53000,100.0,14.313346228239846
53250,100.0,10.823071937783538
53500,100.0,2.485284499672989
53750,100.0,18.835840418574232
54000,100.0,7.586657946370176
54250,100.0,2.493438320209974
54500,60.8,19.00990099009901
54750,52.0,2.4454725710508924
55000,56.00000000000001,2.1164021164021163
55250,38.0,12.367724867724867
55500,35.199999999999996,1.7880794701986755
55750,37.6,3.576158940397351
56000,53.6,14.7117296222664
56250,54.400000000000006,41.1413404114134
56500,55.60000000000001,11.81154611811546
56750,53.6,3.11877903118779
57000,39.6,0.6635700066357001
57250,42.4,1.5925680159256803
57500,58.8,0.5972130059721301
57750,51.6,4.844061048440611
58000,52.0,7.365627073656271
58250,37.6,10.28533510285335
58500,20.4,3.9150630391506307
58750,30.8,20.504313205043132
59000,51.6,9.62176509621765
59250,52.0,3.0524220305242205
59500,59.199999999999996,10.683477106834772
59750,53.6,2.6542800265428004
60000,16.0,0.92899800928998
60250,27.200000000000003,1.4598540145985401
60500,48.0,1.9243530192435303
60750,57.599999999999994,1.3271400132714002
61000,56.39999999999999,4.180491041804911
61250,56.8,2.8533510285335106
61500,37.2,7.033842070338421
61750,42.0,1.26078301260783
62000,48.4,12.607830126078301
62250,52.0,2.12342402123424
62500,52.400000000000006,15.925680159256803
62750,41.199999999999996,7.76376907763769
63000,21.6,4.844061048440611
63250,18.4,21.433311214333113
63500,22.0,14.664897146648972
63750,24.8,5.37491705374917
64000,22.8,0.8626410086264101
64250,21.2,3.11877903118779
64500,34.4,1.85799601857996
64750,30.0,0.7299270072992701
65000,26.8,3.11877903118779
65250,34.0,0.92899800928998
65500,30.4,7.43198407431984
65750,25.2,6.303915063039151
66000,18.4,4.180491041804911
66250,16.0,10.09009009009009
66500,38.800000000000004,4.1689827682045575
66750,32.0,8.195848855774349
67000,38.800000000000004,3.1443298969072164
67250,27.6,0.35070140280561124
67500,33.6,1.569396763119176
67750,20.8,13.403041825095057
68000,26.400000000000002,2.0852641334569046
68250,41.6,10.686319668355598
68500,52.0,1.285583103764922
68750,46.800000000000004,8.816811329374143
69000,34.8,15.311653116531165
69250,22.0,2.885876694359423
69500,8.799999999999999,10.370741482965933
69750,39.2,0.7660878447395302
70000,33.6,6.97211155378486
70250,41.199999999999996,4.062652961331375
70500,41.199999999999996,0.9840674789128397
70750,35.199999999999996,0.7456140350877193
71000,40.0,0.41339396444811904
71250,72.0,3.901850362027353
71500,60.4,1.6272762495156916
71750,60.4,2.190332326283988
72000,43.6,1.3955196474476679
72250,44.800000000000004,0.7420494699646644
72500,63.2,6.013745704467354
72750,43.6,9.087926509186351
73000,5.6000000000000005,9.531059683313032
73250,64.0,0.4207995190862639
73500,50.8,0.6099331977926228
73750,35.199999999999996,0.2506265664160401
74000,72.0,0.1366867140513942
74250,73.6,7.738095238095238
74500,46.800000000000004,3.4718569174118885
74750,40.400000000000006,2.3000255558395093
75000,98.8,0.45988758303525806
75250,75.2,6.208819057273188
75500,63.6,6.316836607809003
75750,66.0,0.24366471734892786
76000,49.2,6.148025537952235
76250,55.2,11.609620721554116
76500,45.2,12.30665770006725
76750,42.0,1.9517543859649125
77000,47.199999999999996,0.21353833013025839
77250,52.400000000000006,0.20842017507294708
77500,56.00000000000001,2.038735983690112
77750,57.599999999999994,1.7967658215212616
78000,84.39999999999999,1.0718539102818578
78250,97.2,1.9631171921475312
78500,93.60000000000001,2.9481598733676293
78750,47.199999999999996,1.8430439952437574
79000,95.6,0.6550218340611353
79250,79.2,2.1501094963169423
79500,67.2,6.247439573945105
79750,85.2,3.9038376709307454
80000,55.2,3.7387387387387387
80250,90.0,1.3263206037045507
80500,66.0,6.556195965417867
80750,68.8,0.9694619486185166
81000,95.19999999999999,2.1749637506041566
81250,52.400000000000006,5.527488855869242
81500,85.2,1.02880658436214
81750,73.2,11.79245283018868
82000,68.8,2.4359379943055997
