200,88.8025583035432,11.1974416964568
400,78.25685173025948,21.743148269740523
600,70.13326524160405,29.866734758395953
800,63.454196152817296,36.545803847182704
1000,56.976970404416235,43.023029595583765
1200,48.95187373847912,51.04812626152088
1400,41.568784805816975,58.43121519418302
1600,31.910702560735395,68.08929743926461
1800,22.478782130784758,77.52121786921523
2000,14.192261861336055,85.80773813866395
2200,13.38367257605603,86.61632742394397
2400,12.999440675080859,87.00055932491914
2600,12.434036137253472,87.56596386274653
2800,11.839449429731767,88.16055057026824
3000,11.366455095936383,88.63354490406363
3200,11.03450791566353,88.96549208433647
3400,10.647844167213833,89.35215583278617
3600,10.358454317745192,89.64154568225482
3800,9.993677196566232,90.00632280343378
4000,9.739549135478223,90.26045086452179
