250,0.0,0.0
500,0.0,0.0
750,0.0,0.0
1000,0.0,0.0
1250,0.0,0.0
1500,0.0,0.0
1750,0.0,0.0
2000,0.0,0.0
2250,99.6,0.0
2500,100.0,0.0
2750,100.0,0.0
3000,100.0,0.0
3250,100.0,0.0
3500,100.0,0.0
3750,100.0,0.0
4000,100.0,0.0
4250,100.0,0.0
4500,100.0,0.0
4750,100.0,0.0
5000,100.0,0.0
5250,100.0,0.0
5500,100.0,0.0
5750,100.0,0.0
6000,100.0,0.0
6250,100.0,0.0
6500,100.0,0.0
6750,100.0,0.0
7000,100.0,0.0
7250,100.0,0.0
7500,100.0,0.0
7750,100.0,0.0
8000,100.0,0.0
8250,100.0,0.0
8500,100.0,0.0
8750,100.0,0.0
9000,100.0,0.0
9250,100.0,0.0
9500,100.0,0.0
9750,100.0,0.0
10000,100.0,0.0
10250,100.0,0.0
10500,100.0,0.0
10750,100.0,0.0
11000,100.0,0.0
11250,100.0,0.0
11500,100.0,0.0
11750,100.0,0.0
12000,100.0,0.0
12250,100.0,0.0
12500,100.0,0.0
12750,100.0,0.0
13000,100.0,0.0
13250,100.0,0.0
13500,100.0,0.0
13750,100.0,0.0
14000,100.0,0.0
14250,100.0,0.0
14500,100.0,0.0
14750,100.0,0.0
15000,100.0,0.0
15250,100.0,0.0
15500,100.0,0.0
15750,100.0,0.0
16000,100.0,0.0
16250,100.0,0.0
16500,100.0,0.0
16750,100.0,0.0
17000,100.0,0.0
17250,100.0,0.0
17500,100.0,0.0
17750,100.0,0.0
18000,100.0,0.0
18250,100.0,0.0
18500,100.0,0.0
18750,100.0,0.0
19000,100.0,0.0
19250,100.0,0.0
19500,100.0,0.0
19750,100.0,0.0
20000,100.0,0.0
20250,100.0,0.0
20500,100.0,0.0
20750,100.0,0.0
21000,100.0,0.0
21250,100.0,0.0
21500,100.0,0.0
21750,100.0,0.0
22000,100.0,0.0
22250,100.0,0.0
22500,100.0,0.0
22750,100.0,0.0
23000,100.0,0.0
23250,100.0,0.0
23500,100.0,0.0
23750,100.0,0.0
24000,100.0,0.0
24250,100.0,0.0
24500,100.0,0.0
24750,100.0,0.0
25000,100.0,0.0
25250,100.0,0.0
25500,100.0,0.0
25750,100.0,0.0
26000,100.0,0.0
26250,100.0,0.0
26500,100.0,0.0
26750,100.0,0.0
27000,100.0,0.0
27250,100.0,0.0
27500,100.0,0.0
27750,100.0,0.0
28000,100.0,0.0
28250,100.0,0.0
28500,100.0,0.0
28750,100.0,0.0
29000,100.0,0.0
29250,100.0,0.0
29500,100.0,0.0
29750,100.0,0.0
30000,100.0,0.0
30250,100.0,0.0
30500,100.0,0.0
30750,100.0,0.0
31000,100.0,0.0
31250,100.0,0.0
31500,100.0,0.0
31750,100.0,0.0
32000,100.0,0.0
32250,100.0,0.0
32500,100.0,0.0
32750,100.0,0.0
33000,100.0,0.0
33250,100.0,0.0
33500,100.0,0.0
33750,100.0,0.0
34000,100.0,0.0
34250,100.0,0.0
34500,100.0,0.0
34750,100.0,0.0
35000,100.0,0.0
35250,100.0,0.0
35500,100.0,0.0
35750,100.0,0.0
36000,100.0,0.0
36250,100.0,0.0
36500,100.0,0.0
36750,100.0,0.0
37000,100.0,0.0
37250,100.0,0.0
37500,100.0,0.0
37750,100.0,0.0
38000,100.0,0.0
38250,100.0,0.0
38500,100.0,0.0
38750,100.0,0.0
39000,100.0,0.0
39250,100.0,0.0
39500,100.0,0.0
39750,100.0,0.0
40000,100.0,0.0
40250,100.0,0.0
40500,100.0,0.0
40750,100.0,0.0
41000,100.0,0.0
41250,100.0,0.0
41500,100.0,0.0
41750,100.0,0.0
42000,100.0,0.0
42250,100.0,0.0
42500,100.0,0.0
42750,100.0,0.0
43000,100.0,0.0
43250,100.0,0.0
43500,100.0,0.0
43750,100.0,0.0
44000,100.0,0.0
44250,100.0,0.0
44500,100.0,0.0
44750,100.0,0.0
45000,100.0,0.0
45250,100.0,0.0
45500,100.0,0.0
45750,100.0,0.0
46000,100.0,0.0
46250,100.0,0.0
46500,100.0,0.0
46750,100.0,0.0
47000,100.0,0.0
47250,100.0,0.0
47500,100.0,0.0
47750,100.0,0.0
48000,100.0,0.0
48250,100.0,0.0
48500,100.0,0.0
48750,100.0,0.0
49000,100.0,0.0
49250,100.0,0.0
49500,100.0,0.0
49750,100.0,0.0
50000,100.0,0.0
50250,100.0,0.0
50500,100.0,0.0
50750,100.0,0.0
51000,100.0,0.0
51250,100.0,0.0
51500,100.0,0.0
51750,100.0,0.0
52000,100.0,0.0
52250,100.0,0.0
52500,100.0,0.0
52750,100.0,0.0
53000,100.0,0.0
53250,100.0,0.0
53500,100.0,0.0
53750,100.0,0.0
54000,100.0,0.0
54250,100.0,0.0
54500,100.0,0.0
54750,100.0,0.0
55000,100.0,0.0
55250,68.8,0.0
55500,35.6,0.0
55750,38.4,0.0
56000,54.400000000000006,0.0
56250,54.400000000000006,0.0
56500,55.60000000000001,0.0
56750,54.400000000000006,0.0
57000,39.6,0.0
57250,62.4,0.7792207792207793
57500,85.6,0.28929604628736744
57750,98.8,2.3442517662170843
58000,98.4,53.78447722899294
58250,85.2,6.180665610142631
58500,71.6,11.34531928084315
58750,82.39999999999999,9.883720930232558
59000,98.4,4.431540342298288
59250,98.8,6.900763358778626
59500,99.2,4.913030210558437
59750,98.0,5.394696738799146
60000,72.39999999999999,0.417910447761194
60250,37.2,0.6459189665296535
60500,48.0,0.8477053493130663
60750,59.199999999999996,0.589622641509434
61000,60.4,2.37741456166419
61250,63.6,1.6544824932666409
61500,40.400000000000006,3.9128829826504243
61750,44.4,0.671615411806292
62000,89.60000000000001,7.3680481756996095
62250,97.2,1.1498383039885016
62500,98.0,8.608321377331421
62750,89.2,65.96802841918294
63000,70.8,11.243851018973999
63250,69.19999999999999,12.403913347309574
63500,72.0,74.64496016626255
63750,73.2,76.80325093125634
64000,72.8,10.261502813637868
64250,69.19999999999999,1.5195602974458453
64500,57.99999999999999,0.8838383838383838
64750,55.60000000000001,0.3431066749844042
65000,52.800000000000004,1.4338010982306284
65250,57.599999999999994,0.42501517911353975
65500,55.2,3.2989690721649487
65750,50.0,6.051136363636363
66000,41.6,5.223463687150838
66250,17.599999999999998,9.080748812517463
66500,45.6,2.061572292468389
66750,66.8,5.546580506192784
67000,75.6,1.6163222045574985
67250,76.0,0.18281535648994515
67500,68.0,0.8407777193904361
67750,46.400000000000006,7.296248382923674
68000,61.6,1.1511895625479662
68250,93.60000000000001,5.93654042988741
68500,97.2,0.7270838743183589
68750,95.6,5.084299262381454
69000,86.0,9.061748195669606
69250,70.0,1.7614091273018415
69500,59.199999999999996,8.377518557794273
69750,88.0,4.560357675111773
70000,91.2,29.915814792543593
70250,93.2,7.079646017699115
70500,78.0,0.6461538461538461
70750,62.0,0.5272952853598015
71000,61.199999999999996,0.32981530343007914
71250,72.0,3.1772027513920733
71500,60.8,1.3371537726838587
71750,64.8,1.8130665833072834
72000,46.400000000000006,1.1710323574730355
72250,48.4,0.6278026905829596
72500,64.8,5.109489051094891
72750,43.6,7.776530039303762
73000,5.6000000000000005,36.171916711158566
73250,69.19999999999999,0.36968576709796674
73500,50.8,0.5380476556495004
73750,35.6,0.22194821208384713
74000,72.39999999999999,0.12130033964095098
74250,74.0,6.962025316455696
74500,46.800000000000004,32.124479294290616
74750,42.8,2.1919142717973696
75000,98.8,0.4382761139517896
75250,75.2,5.9193041797535635
75500,63.2,6.0289579871825305
75750,66.0,0.23277467411545624
76000,49.2,5.881022393123728
76250,55.2,40.65544729849424
76500,45.2,11.798839458413926
76750,43.6,1.8697478991596639
77000,47.199999999999996,0.20479213598197826
77250,52.400000000000006,0.20008003201280514
77500,56.39999999999999,1.9588638589618024
77750,57.599999999999994,1.7277788443079287
78000,85.2,1.0309278350515463
78250,97.2,1.8882319282853328
78500,93.60000000000001,2.835934526075371
78750,65.2,1.7734553775743707
79000,98.8,0.628930817610063
79250,79.2,2.078922040423484
79500,67.2,29.853085210577863
79750,85.2,3.4897476340694005
80000,55.2,28.51365015166835
80250,91.2,1.1776649746192893
80500,66.0,29.700214132762316
80750,68.8,0.8768084173608066
81000,95.19999999999999,1.9676432006996065
81250,52.400000000000006,4.38886267107126
81500,85.2,0.9426339886883921
81750,73.2,41.002685765443154
82000,68.8,2.3518631643249845
