250,0.0,0.0
500,0.0,0.0
750,0.0,0.0
1000,0.0,0.0
1250,0.0,0.0
1500,0.0,0.0
1750,0.0,0.0
2000,0.0,0.0
2250,99.6,0.0
2500,100.0,0.0
2750,100.0,0.0
3000,100.0,0.0
3250,100.0,0.0
3500,100.0,0.0
3750,100.0,0.0
4000,100.0,0.0
4250,100.0,0.0
4500,100.0,0.0
4750,100.0,0.0
5000,100.0,0.0
5250,100.0,0.0
5500,100.0,0.0
5750,100.0,0.0
6000,100.0,0.0
6250,100.0,0.0
6500,100.0,0.0
6750,100.0,0.0
7000,100.0,0.0
7250,100.0,0.0
7500,100.0,0.0
7750,100.0,0.0
8000,100.0,0.0
8250,100.0,0.0
8500,100.0,0.0
8750,100.0,0.0
9000,100.0,0.0
9250,100.0,0.0
9500,100.0,0.0
9750,100.0,0.0
10000,100.0,0.0
10250,100.0,0.0
10500,100.0,0.0
10750,100.0,0.0
11000,100.0,0.0
11250,100.0,0.0
11500,100.0,0.0
11750,100.0,0.0
12000,100.0,0.0
12250,100.0,0.0
12500,100.0,0.0
12750,100.0,0.0
13000,100.0,0.0
13250,100.0,0.0
13500,100.0,0.0
13750,100.0,0.0
14000,100.0,0.0
14250,100.0,0.0
14500,100.0,0.0
14750,100.0,0.0
15000,100.0,0.0
15250,100.0,0.0
15500,100.0,0.0
15750,100.0,0.0
16000,100.0,0.0
16250,100.0,0.0
16500,100.0,0.0
16750,100.0,0.0
17000,100.0,0.0
17250,100.0,0.0
17500,100.0,0.0
17750,100.0,0.0
18000,100.0,0.0
18250,100.0,0.0
18500,100.0,0.0
18750,100.0,0.0
19000,100.0,0.0
19250,100.0,0.0
19500,100.0,0.0
19750,100.0,0.0
20000,100.0,0.0
20250,100.0,0.0
20500,100.0,0.0
20750,100.0,0.0
21000,100.0,0.0
21250,100.0,0.0
21500,100.0,0.0
21750,100.0,0.0
22000,100.0,0.0
22250,100.0,0.0
22500,100.0,0.0
22750,100.0,0.0
23000,100.0,0.0
23250,100.0,0.0
23500,100.0,0.0
23750,100.0,0.0
24000,100.0,0.0
24250,100.0,0.0
24500,100.0,0.0
24750,100.0,0.0
25000,100.0,0.0
25250,100.0,0.0
25500,100.0,0.0
25750,100.0,0.0
26000,100.0,0.0
26250,100.0,0.0
26500,100.0,0.0
26750,100.0,0.0
27000,100.0,0.0
27250,100.0,0.0
27500,100.0,0.0
27750,100.0,0.0
28000,100.0,0.0
28250,100.0,0.0
28500,100.0,0.0
28750,100.0,0.0
29000,100.0,0.0
29250,100.0,0.0
29500,100.0,0.0
29750,100.0,0.0
30000,100.0,0.0
30250,100.0,0.0
30500,100.0,0.0
30750,100.0,0.0
31000,100.0,0.0
31250,100.0,0.0
31500,100.0,0.0
31750,100.0,0.0
32000,100.0,0.0
32250,100.0,0.0
32500,100.0,0.0
32750,100.0,0.0
33000,100.0,0.0
33250,100.0,0.0
33500,100.0,0.0
33750,100.0,0.0
34000,100.0,0.0
34250,100.0,0.0
34500,100.0,0.0
34750,100.0,0.0
35000,100.0,0.0
35250,100.0,0.0
35500,100.0,0.0
35750,100.0,0.0
36000,100.0,0.0
36250,100.0,0.0
36500,100.0,0.0
36750,100.0,0.0
37000,100.0,0.0
37250,100.0,0.0
37500,100.0,0.0
37750,100.0,0.0
38000,100.0,0.0
38250,100.0,0.0
38500,100.0,0.0
38750,100.0,0.0
39000,100.0,0.0
39250,100.0,0.0
39500,100.0,0.0
39750,100.0,0.0
40000,100.0,0.0
40250,100.0,0.0
40500,100.0,0.0
40750,100.0,0.0
41000,100.0,0.0
41250,100.0,0.0
41500,100.0,0.0
41750,100.0,0.0
42000,100.0,0.0
42250,100.0,0.0
42500,100.0,0.0
42750,100.0,0.0
43000,100.0,0.0
43250,100.0,0.0
43500,100.0,0.0
43750,100.0,0.0
44000,100.0,0.0
44250,100.0,0.0
44500,100.0,0.0
44750,100.0,0.0
45000,100.0,0.0
45250,100.0,0.0
45500,100.0,0.0
45750,100.0,0.0
46000,100.0,0.0
46250,100.0,0.0
46500,100.0,0.0
46750,100.0,0.0
47000,100.0,0.0
47250,100.0,0.0
47500,100.0,0.0
47750,100.0,0.0
48000,100.0,0.0
48250,100.0,0.0
48500,100.0,0.0
48750,100.0,0.0
49000,100.0,0.0
49250,100.0,0.0
49500,100.0,0.0
49750,100.0,0.0
50000,100.0,0.0
50250,100.0,0.0
50500,100.0,0.0
50750,100.0,0.0
51000,100.0,0.0
51250,100.0,0.0
51500,100.0,0.0
51750,100.0,0.0
52000,100.0,0.0
52250,100.0,0.0
52500,100.0,0.0
52750,100.0,0.0
53000,100.0,0.0
53250,100.0,0.0
53500,100.0,0.0
53750,100.0,0.0
54000,100.0,0.0
54250,100.0,0.0
54500,100.0,0.0
54750,100.0,0.0
55000,100.0,0.0
55250,68.8,0.0
55500,35.6,0.0
55750,38.4,0.0
56000,54.400000000000006,0.0
56250,54.400000000000006,0.0
56500,55.60000000000001,0.0
56750,54.400000000000006,0.0
57000,39.6,0.0
57250,62.4,0.0
57500,85.2,0.0
57750,98.8,0.0
58000,98.4,0.0
58250,85.2,0.0
58500,71.6,0.0
58750,81.6,0.0
59000,98.4,0.0
59250,98.8,0.0
59500,99.2,0.0
59750,97.6,0.0
60000,72.39999999999999,0.0
60250,56.39999999999999,0.0
60500,70.39999999999999,0.0
60750,82.0,0.0
61000,85.2,0.0
61250,81.2,0.0
61500,61.199999999999996,0.0
61750,41.6,0.0
62000,88.8,0.0
62250,96.8,0.0
62500,98.0,0.0
62750,89.2,0.0
63000,70.0,0.0
63250,69.19999999999999,0.0
63500,71.2,0.0
63750,72.8,0.0
64000,72.8,0.0
64250,67.2,0.0
64500,55.2,0.0
64750,55.60000000000001,0.0
65000,52.800000000000004,0.0
65250,57.199999999999996,0.0
65500,61.6,0.0
65750,72.8,0.0
66000,72.0,0.0
66250,68.4,0.0
66500,75.6,0.0
66750,82.8,0.0
67000,75.6,0.0
67250,76.8,0.0
67500,81.6,0.0
67750,74.0,0.0
68000,78.4,0.0
68250,94.0,0.0
68500,97.2,0.0
68750,95.6,0.0
69000,96.39999999999999,0.0
69250,94.0,0.0
69500,82.0,0.0
69750,98.8,0.0
70000,92.0,0.0
70250,95.6,0.0
70500,88.0,0.0
70750,79.2,0.0
71000,62.8,0.0
71250,72.0,0.0
71500,60.4,0.0
71750,61.199999999999996,0.0
72000,45.2,0.0
72250,46.0,0.0
72500,90.8,0.0
72750,98.4,0.0
73000,51.6,0.0
73250,69.19999999999999,0.0
73500,50.8,0.0
73750,36.4,0.0
74000,72.0,0.0
74250,74.0,0.0
74500,46.400000000000006,0.0
74750,42.8,0.0
75000,98.8,0.0
75250,75.2,0.0
75500,63.6,0.0
75750,66.4,0.0
76000,49.2,0.0
76250,55.60000000000001,0.0
76500,45.2,0.0
76750,42.4,0.0
77000,46.400000000000006,0.0
77250,52.400000000000006,0.0
77500,56.00000000000001,0.0
77750,56.00000000000001,0.0
78000,84.8,0.0
78250,96.8,0.0
78500,93.2,0.0
78750,60.4,0.0
79000,98.8,0.0
79250,98.8,0.0
79500,100.0,0.0
79750,97.6,0.0
80000,94.39999999999999,0.0
80250,94.39999999999999,0.0
80500,66.0,0.0
80750,68.8,0.0
81000,95.19999999999999,0.0
81250,52.400000000000006,0.0
81500,85.2,0.0
81750,73.2,0.0
82000,68.8,0.0
