250,0.0,0.0
500,0.0,0.0
750,0.0,0.0
1000,0.0,20.8
1250,0.0,36.64
1500,0.0,47.199999999999996
1750,0.0,54.74285714285714
2000,0.0,60.4
2250,2.8000000000000003,14.269406392694064
2500,0.0,33.288948069241016
2750,0.0,59.904153354632584
3000,0.0,0.9009009009009009
3250,0.0,0.7205764611689351
3500,0.0,0.600400266844563
3750,0.0,0.5145797598627788
4000,0.0,0.4502251125562781
4250,2.8000000000000003,13.877784123358081
4500,0.0,32.84477015323118
4750,0.0,59.392486011191046
5000,0.0,99.3993993993994
5250,0.0,99.51961569255404
5500,0.0,99.59973315543695
5750,0.0,99.65694682675816
6000,0.0,99.69984992496248
6250,2.8000000000000003,0.25
6500,0.0,0.15
6750,0.0,0.4
7000,0.0,0.3
7250,16.8,2.3
7500,100.0,14.799999999999999
7750,100.0,27.3
8000,100.0,25.0
8250,99.6,97.59036144578313
8500,100.0,98.79759519038076
8750,100.0,99.19893190921229
9000,20.0,99.3993993993994
9250,0.0,99.51961569255404
9500,0.0,99.59973315543695
9750,0.0,99.199542595769
10000,0.0,99.64859437751004
10250,99.6,12.543903662819869
10500,100.0,25.087807325639737
10750,100.0,37.63171098845961
11000,16.8,50.175614651279474
11250,0.0,62.719518314099346
11500,0.0,75.26342197691922
11750,0.0,79.12694430506774
12000,0.4,12.5
12250,99.6,50.0
12500,100.0,25.0
12750,100.0,87.5
13000,17.2,62.5
13250,0.0,37.5
13500,0.0,100.0
13750,0.0,75.0
14000,0.0,50.0
14250,99.6,62.5
14500,100.0,37.5
14750,100.0,100.0
15000,20.0,75.0
15250,0.0,50.0
15500,0.0,25.0
15750,0.0,87.5
16000,0.0,62.5
16250,99.6,62.5
16500,100.0,37.5
16750,100.0,100.0
17000,20.0,75.0
17250,0.0,50.0
17500,0.0,25.0
17750,0.0,87.5
18000,0.0,55.55555555555556
18250,99.6,97.58064516129032
18500,100.0,98.79518072289156
18750,100.0,99.19786096256684
19000,20.0,99.39879759519037
19250,0.0,99.51923076923077
19500,0.0,99.59946595460613
19750,0.0,90.10297482837528
20000,0.0,78.82882882882883
20250,99.6,12.506253126563283
20500,100.0,25.012506253126567
20750,100.0,37.51875937968984
21000,16.8,10.455227613806903
21250,0.0,22.961480740370185
21500,0.0,35.467733866933465
21750,0.0,8.404202101050526
22000,3.2,33.33333333333333
22250,99.6,97.58064516129032
22500,100.0,98.79518072289156
22750,100.0,99.19786096256684
23000,20.0,79.45891783567134
23250,0.0,63.541666666666664
23500,0.0,52.93724966622163
23750,0.0,45.82379862700229
24000,0.0,40.090090090090094
24250,99.6,12.506253126563283
24500,100.0,25.012506253126567
24750,100.0,37.51875937968984
25000,16.8,49.6248124062031
25250,0.0,62.131065532766385
25500,0.0,74.63731865932967
25750,0.0,87.14357178589295
26000,3.2,33.33333333333333
26250,99.6,97.58064516129032
26500,100.0,98.79518072289156
26750,100.0,99.19786096256684
27000,20.0,99.39879759519037
27250,0.0,99.51923076923077
27500,0.0,99.59946595460613
27750,0.0,90.10297482837528
28000,0.0,78.82882882882883
28250,99.6,12.506253126563283
28500,100.0,25.012506253126567
28750,100.0,37.51875937968984
29000,16.8,10.455227613806903
29250,0.0,22.961480740370185
29500,0.0,35.467733866933465
29750,0.0,8.404202101050526
30000,3.2,37.5
30250,99.6,62.5
30500,100.0,37.5
30750,100.0,100.0
31000,20.0,75.0
31250,0.0,50.0
31500,0.0,25.0
31750,0.0,87.5
32000,0.0,62.5
32250,99.6,62.5
32500,100.0,37.5
32750,100.0,100.0
33000,20.0,75.0
33250,0.0,50.0
33500,0.0,25.0
33750,0.0,87.5
34000,0.0,62.5
34250,99.6,62.5
34500,100.0,37.5
34750,100.0,100.0
35000,20.0,75.0
35250,0.0,50.0
35500,0.0,25.0
35750,0.0,87.5
36000,0.0,55.55555555555556
36250,99.6,97.58064516129032
36500,100.0,98.79518072289156
36750,100.0,99.19786096256684
37000,20.0,79.45891783567134
37250,0.0,63.541666666666664
37500,0.0,52.93724966622163
37750,0.0,54.86270022883295
38000,0.0,60.51051051051051
38250,99.6,12.506253126563283
38500,100.0,25.012506253126567
38750,100.0,37.51875937968984
39000,16.8,10.455227613806903
39250,0.0,22.961480740370185
39500,0.0,35.467733866933465
39750,0.0,8.404202101050526
40000,3.2,33.33333333333333
40250,99.6,97.58064516129032
40500,100.0,98.79518072289156
40750,100.0,99.19786096256684
41000,20.0,99.39879759519037
41250,0.0,99.51923076923077
41500,0.0,99.59946595460613
41750,0.0,99.14187643020595
42000,0.0,99.24924924924925
42250,99.6,12.506253126563283
42500,100.0,25.012506253126567
42750,100.0,37.51875937968984
43000,16.8,49.6248124062031
43250,0.0,62.131065532766385
43500,0.0,74.63731865932967
43750,0.0,78.83941970985492
44000,3.2,33.33333333333333
44250,99.6,97.58064516129032
44500,100.0,98.79518072289156
44750,100.0,99.19786096256684
45000,20.0,79.45891783567134
45250,0.0,63.541666666666664
45500,0.0,52.93724966622163
45750,0.0,54.86270022883295
46000,0.0,60.51051051051051
46250,99.6,12.506253126563283
46500,100.0,25.012506253126567
46750,100.0,37.51875937968984
47000,16.8,10.455227613806903
47250,0.0,22.961480740370185
47500,0.0,35.467733866933465
47750,0.0,8.404202101050526
48000,3.2,37.5
48250,99.6,62.5
48500,100.0,37.5
48750,100.0,100.0
49000,20.0,75.0
49250,0.0,50.0
49500,0.0,25.0
49750,0.0,87.5
50000,0.0,62.5
50250,99.6,62.5
50500,100.0,37.5
50750,100.0,100.0
51000,20.0,75.0
51250,0.0,50.0
51500,0.0,25.0
51750,0.0,87.5
52000,0.0,62.5
52250,99.6,87.5
52500,100.0,62.5
52750,100.0,37.5
53000,100.0,100.0
53250,80.0,75.0
53500,25.6,50.0
53750,22.400000000000002,25.0
54000,30.4,87.5
54250,23.200000000000003,19.09547738693467
54500,22.8,66.51270207852194
54750,37.6,6.281833616298811
55000,29.2,4.177545691906006
55250,24.4,19.62224554039874
55500,32.800000000000004,2.4193548387096775
55750,31.2,4.245283018867925
56000,34.8,15.994236311239193
56250,32.800000000000004,41.27829560585886
56500,36.4,19.838809671419718
56750,32.4,3.007518796992481
57000,36.4,0.5319148936170213
57250,42.0,1.1904761904761905
57500,34.0,3.982300884955752
57750,25.2,32.73542600896861
58000,29.2,26.811594202898554
58250,26.0,32.35908141962422
58500,18.0,8.44062947067239
58750,26.0,99.67741935483872
59000,33.2,60.256410256410255
59250,28.4,38.92045454545455
59500,45.6,94.70588235294117
59750,29.599999999999998,18.367346938775512
60000,10.4,2.4734982332155475
60250,25.6,9.401709401709402
60500,37.6,17.575757575757574
60750,34.4,8.064516129032258
61000,36.4,36.84210526315789
61250,24.0,37.719298245614034
61500,28.000000000000004,40.458015267175576
61750,40.400000000000006,9.895833333333332
62000,29.2,52.63157894736842
62250,33.6,28.57142857142857
62500,32.800000000000004,7.327586206896551
62750,23.599999999999998,61.94895591647332
63000,20.4,30.89171974522293
63250,17.599999999999998,10.89820359281437
63500,22.0,32.87804878048781
63750,24.4,29.508196721311474
64000,22.400000000000002,97.31543624161074
64250,20.0,78.0
64500,34.4,71.42857142857143
64750,28.000000000000004,31.428571428571427
65000,26.8,35.60606060606061
65250,32.4,29.78723404255319
65500,30.4,78.57142857142857
65750,25.2,28.000000000000004
66000,18.4,94.11764705882352
66250,14.000000000000002,98.74213836477988
66500,36.8,19.642857142857142
66750,28.799999999999997,45.16129032258064
67000,38.800000000000004,35.338345864661655
67250,26.8,3.5175879396984926
67500,29.2,12.45136186770428
67750,20.4,61.30434782608696
68000,20.4,17.374517374517374
68250,17.599999999999998,75.81699346405229
68500,33.2,12.612612612612612
68750,20.0,75.6198347107438
69000,18.8,13.052631578947368
69250,22.0,9.95475113122172
69500,7.6,35.3072625698324
69750,17.599999999999998,28.49162011173184
70000,7.6,0.38910505836575876
70250,14.000000000000002,95.11111111111111
70500,28.000000000000004,4.783599088838269
70750,34.0,2.814569536423841
71000,38.0,4.807692307692308
71250,49.2,69.28571428571428
71500,39.2,8.024691358024691
71750,38.4,25.55066079295154
72000,32.4,55.072463768115945
72250,43.2,42.857142857142854
72500,45.6,24.358974358974358
72750,24.8,77.96610169491525
73000,5.6000000000000005,76.10062893081762
73250,40.400000000000006,16.091954022988507
73500,35.6,15.789473684210526
73750,29.599999999999998,11.538461538461538
74000,49.2,4.504504504504505
74250,51.6,67.85714285714286
74500,46.400000000000006,67.5
74750,25.6,62.5
75000,75.6,100.0
75250,50.8,51.66297117516629
75500,26.400000000000002,12.337662337662337
75750,22.0,4.807692307692308
76000,16.8,69.14893617021278
76250,8.0,0.5893909626719057
76500,10.0,34.468664850136236
76750,16.0,18.200408997955012
77000,44.4,6.329113924050633
77250,48.8,3.937007874015748
77500,53.6,22.8486646884273
77750,51.2,9.956709956709958
78000,64.8,55.73770491803278
78250,64.0,68.42105263157895
78500,55.2,50.0
78750,47.199999999999996,38.095238095238095
79000,95.6,22.727272727272727
79250,75.6,33.33333333333333
79500,66.8,100.0
79750,85.2,40.0
80000,54.400000000000006,75.86206896551724
80250,88.8,96.29629629629629
80500,66.0,42.857142857142854
80750,68.8,62.96296296296296
81000,95.19999999999999,82.82828282828282
81250,52.400000000000006,90.9090909090909
81500,85.2,62.5
81750,73.2,78.78787878787878
82000,67.60000000000001,43.558282208588956
