250,0.0,0.0
500,0.0,0.0
750,0.0,0.0
1000,0.0,0.0
1250,0.0,0.0
1500,0.0,0.0
1750,0.0,0.0
2000,0.0,0.0
2250,19.2,0.0
2500,100.0,0.0
2750,100.0,0.0
3000,100.0,0.0
3250,100.0,0.0
3500,100.0,0.0
3750,100.0,0.0
4000,20.4,0.0
4250,26.400000000000002,0.0
4500,100.0,0.0
4750,100.0,0.0
5000,100.0,0.0
5250,100.0,0.0
5500,100.0,0.0
5750,100.0,0.0
6000,92.4,0.0
6250,99.6,0.0
6500,100.0,0.0
6750,100.0,0.0
7000,100.0,0.0
7250,100.0,0.0
7500,100.0,0.0
7750,100.0,0.0
8000,20.0,0.0
8250,26.400000000000002,0.0
8500,100.0,0.0
8750,100.0,0.0
9000,100.0,0.0
9250,100.0,0.0
9500,100.0,0.0
9750,100.0,0.0
10000,20.0,0.0
10250,99.6,0.0
10500,100.0,0.0
10750,100.0,0.0
11000,100.0,0.0
11250,100.0,0.0
11500,100.0,0.0
11750,100.0,0.0
12000,20.0,0.0
12250,99.6,0.0
12500,100.0,0.0
12750,100.0,0.0
13000,100.0,0.0
13250,100.0,0.0
13500,100.0,0.0
13750,100.0,0.0
14000,20.0,0.0
14250,99.6,0.0
14500,100.0,0.0
14750,100.0,0.0
15000,100.0,0.0
15250,100.0,0.0
15500,100.0,0.0
15750,100.0,0.0
16000,20.0,0.0
16250,99.6,0.0
16500,100.0,0.0
16750,100.0,0.0
17000,100.0,0.0
17250,100.0,0.0
17500,100.0,0.0
17750,100.0,0.0
18000,20.0,0.0
18250,99.6,0.0
18500,100.0,0.0
18750,100.0,0.0
19000,100.0,0.0
19250,100.0,0.0
19500,100.0,0.0
19750,100.0,0.0
20000,20.0,0.0
20250,99.6,0.0
20500,100.0,0.0
20750,100.0,0.0
21000,100.0,0.0
21250,100.0,0.0
21500,100.0,0.0
21750,100.0,0.0
22000,20.0,0.0
22250,99.6,0.0
22500,100.0,0.0
22750,100.0,0.0
23000,100.0,0.0
23250,100.0,0.0
23500,100.0,0.0
23750,100.0,0.0
24000,20.0,0.0
24250,99.6,0.0
24500,100.0,0.0
24750,100.0,0.0
25000,100.0,0.0
25250,100.0,0.0
25500,100.0,0.0
25750,100.0,0.0
26000,20.0,0.0
26250,99.6,0.0
26500,100.0,0.0
26750,100.0,0.0
27000,100.0,0.0
27250,100.0,0.0
27500,100.0,0.0
27750,100.0,0.0
28000,20.0,0.0
28250,99.6,0.0
28500,100.0,0.0
28750,100.0,0.0
29000,100.0,0.0
29250,100.0,0.0
29500,100.0,0.0
29750,100.0,0.0
30000,20.0,0.0
30250,99.6,0.0
30500,100.0,0.0
30750,100.0,0.0
31000,100.0,0.0
31250,100.0,0.0
31500,100.0,0.0
31750,100.0,0.0
32000,20.0,0.0
32250,99.6,0.0
32500,100.0,0.0
32750,100.0,0.0
33000,100.0,0.0
33250,100.0,0.0
33500,100.0,0.0
33750,100.0,0.0
34000,20.0,0.0
34250,99.6,0.0
34500,100.0,0.0
34750,100.0,0.0
35000,100.0,0.0
35250,100.0,0.0
35500,100.0,0.0
35750,100.0,0.0
36000,20.0,0.0
36250,99.6,0.0
36500,100.0,0.0
36750,100.0,0.0
37000,100.0,0.0
37250,100.0,0.0
37500,100.0,0.0
37750,100.0,0.0
38000,20.0,0.0
38250,99.6,0.0
38500,100.0,0.0
38750,100.0,0.0
39000,100.0,0.0
39250,100.0,0.0
39500,100.0,0.0
39750,100.0,0.0
40000,20.0,0.0
40250,99.6,0.0
40500,100.0,0.0
40750,100.0,0.0
41000,100.0,0.0
41250,100.0,0.0
41500,100.0,0.0
41750,100.0,0.0
42000,20.0,0.0
42250,99.6,0.0
42500,100.0,0.0
42750,100.0,0.0
43000,100.0,0.0
43250,100.0,0.0
43500,100.0,0.0
43750,100.0,0.0
44000,20.0,0.0
44250,99.6,0.0
44500,100.0,0.0
44750,100.0,0.0
45000,100.0,0.0
45250,100.0,0.0
45500,100.0,0.0
45750,100.0,0.0
46000,20.0,0.0
46250,99.6,0.0
46500,100.0,0.0
46750,100.0,0.0
47000,100.0,0.0
47250,100.0,0.0
47500,100.0,0.0
47750,100.0,0.0
48000,20.0,0.0
48250,99.6,0.0
48500,100.0,0.0
48750,100.0,0.0
49000,100.0,0.0
49250,100.0,0.0
49500,100.0,0.0
49750,100.0,0.0
50000,20.0,0.0
50250,99.6,0.0
50500,100.0,0.0
50750,100.0,0.0
51000,100.0,0.0
51250,100.0,0.0
51500,100.0,0.0
51750,100.0,0.0
52000,20.0,0.0
52250,99.6,0.0
52500,100.0,0.0
52750,100.0,0.0
53000,100.0,0.0
53250,100.0,0.0
53500,100.0,0.0
53750,100.0,0.0
54000,100.0,0.0
54250,100.0,0.0
54500,100.0,0.0
54750,92.80000000000001,0.0
55000,56.8,0.0
55250,38.4,0.0
55500,34.8,0.0
55750,35.6,0.0
56000,54.0,0.0
56250,54.400000000000006,0.0
56500,55.60000000000001,0.0
56750,54.0,0.0
57000,39.2,0.0
57250,42.8,0.0
57500,56.8,0.0
57750,55.2,0.0
58000,66.0,0.0
58250,58.4,0.0
58500,46.400000000000006,0.0
58750,56.00000000000001,0.0
59000,74.8,0.0
59250,92.80000000000001,0.0
59500,99.2,0.0
59750,97.6,0.0
60000,72.0,0.0
60250,35.6,0.0
60500,46.800000000000004,0.0
60750,53.6,0.0
61000,60.4,0.0
61250,50.8,0.0
61500,36.0,0.0
61750,40.8,0.0
62000,88.0,0.0
62250,90.0,0.0
62500,92.0,0.0
62750,83.6,0.0
63000,67.60000000000001,0.0
63250,62.8,0.0
63500,63.6,0.0
63750,66.4,0.0
64000,67.2,0.0
64250,64.0,0.0
64500,49.6,0.0
64750,52.800000000000004,0.0
65000,32.0,0.0
65250,27.200000000000003,0.0
65500,30.8,0.0
65750,25.2,0.0
66000,19.6,0.0
66250,18.4,0.0
66500,44.0,0.0
66750,65.60000000000001,0.0
67000,75.6,0.0
67250,75.6,0.0
67500,65.2,0.0
67750,48.4,0.0
68000,60.8,0.0
68250,92.0,0.0
68500,97.2,0.0
68750,95.6,0.0
69000,83.6,0.0
69250,63.2,0.0
69500,36.0,0.0
69750,53.6,0.0
70000,33.6,0.0
70250,41.199999999999996,0.0
70500,37.6,0.0
70750,34.4,0.0
71000,39.2,0.0
71250,72.0,0.0
71500,59.199999999999996,0.0
71750,60.4,0.0
72000,35.6,0.0
72250,42.8,0.0
72500,63.2,0.0
72750,43.6,0.0
73000,5.6000000000000005,0.0
73250,64.0,0.0
73500,50.8,0.0
73750,35.199999999999996,0.0
74000,72.0,0.0
74250,73.2,0.0
74500,46.800000000000004,0.0
74750,42.0,0.0
75000,97.6,0.0
75250,75.2,0.0
75500,63.2,0.0
75750,66.0,0.0
76000,49.2,0.0
76250,55.2,0.0
76500,45.2,0.0
76750,41.6,0.0
77000,46.0,0.0
77250,52.0,0.0
77500,56.00000000000001,0.0
77750,56.39999999999999,0.0
78000,84.0,0.0
78250,97.2,0.0
78500,93.2,0.0
78750,72.8,0.0
79000,98.8,0.0
79250,79.2,0.0
79500,67.2,0.0
79750,85.2,0.0
80000,55.2,0.0
80250,89.60000000000001,0.0
80500,65.60000000000001,0.0
80750,68.8,0.0
81000,95.19999999999999,0.0
81250,52.400000000000006,0.0
81500,85.2,0.0
81750,73.2,0.0
82000,68.8,0.0
