250,0.0,0.0
500,0.0,0.0
750,0.0,20.8
1000,0.0,40.6
1250,0.0,52.480000000000004
1500,0.0,60.4
1750,0.0,66.05714285714286
2000,0.0,70.3
2250,2.0,14.269406392694064
2500,0.0,33.288948069241016
2750,0.0,0.9345794392523363
3000,0.0,0.7007007007007007
3250,0.0,0.5604483586869495
3500,0.0,0.46697798532354906
3750,0.0,0.4002287021154946
4000,0.0,0.3501750875437719
4250,2.0,13.992004568817817
4500,0.0,32.978014656895404
4750,0.0,99.46595460614152
5000,0.0,99.5995995995996
5250,0.0,99.67974379503602
5500,0.0,99.73315543695797
5750,0.0,99.77129788450543
6000,0.0,99.79989994997499
6250,2.0,0.25
6500,0.0,0.25
6750,0.0,0.25
7000,0.0,0.25
7250,0.0,0.25
7500,37.6,5.0
7750,100.0,17.5
8000,100.0,33.33333333333333
8250,99.6,98.39357429718876
8500,100.0,99.19839679358718
8750,40.0,99.46595460614152
9000,0.0,99.5995995995996
9250,0.0,99.19935948759007
9500,0.0,99.33288859239494
9750,0.0,99.42824471126357
10000,0.0,99.49974987493746
10250,99.6,12.5
10500,100.0,25.0
10750,37.6,37.5
11000,0.0,50.0
11250,0.0,59.4
11500,0.0,59.4
11750,0.0,59.4
12000,2.4,33.33333333333333
12250,99.6,83.33333333333334
12500,100.0,83.33333333333334
12750,40.0,83.33333333333334
13000,0.0,83.33333333333334
13250,0.0,83.33333333333334
13500,0.0,83.33333333333334
13750,0.0,83.33333333333334
14000,0.0,83.33333333333334
14250,99.6,83.33333333333334
14500,100.0,83.33333333333334
14750,40.0,83.33333333333334
15000,0.0,71.42857142857143
15250,0.0,99.22178988326849
15500,0.0,99.60552268244575
15750,0.0,78.5997357992074
16000,0.0,59.08639523336644
16250,99.6,24.801587301587304
16500,100.0,49.60317460317461
16750,37.6,74.30555555555556
17000,0.0,99.10714285714286
17250,2.4,98.38709677419355
17500,0.0,99.19678714859438
17750,0.0,99.46524064171123
18000,0.0,98.99799599198397
18250,99.6,25.025025025025027
18500,100.0,50.050050050050054
18750,37.6,75.07507507507508
19000,2.4,42.857142857142854
19250,0.0,98.44357976653697
19500,0.0,99.21104536489152
19750,0.0,78.5997357992074
20000,0.0,59.08639523336644
20250,99.6,24.801587301587304
20500,100.0,49.60317460317461
20750,37.6,15.575396825396826
21000,0.0,40.37698412698413
21250,2.4,66.66666666666666
21500,0.0,66.66666666666666
21750,0.0,66.66666666666666
22000,0.0,66.66666666666666
22250,99.6,83.33333333333334
22500,100.0,83.33333333333334
22750,40.0,83.33333333333334
23000,0.0,83.33333333333334
23250,0.0,83.33333333333334
23500,0.0,83.33333333333334
23750,0.0,83.33333333333334
24000,0.0,71.42857142857143
24250,99.6,98.38709677419355
24500,100.0,99.19678714859438
24750,40.0,99.46524064171123
25000,0.0,99.59919839679358
25250,0.0,99.19871794871796
25500,0.0,99.3324432576769
25750,0.0,99.08466819221968
26000,0.0,99.1991991991992
26250,99.6,12.506253126563283
26500,100.0,25.012506253126567
26750,37.6,37.51875937968984
27000,0.0,50.025012506253134
27250,0.0,59.42971485742872
27500,0.0,59.42971485742872
27750,0.0,59.729864932466235
28000,2.4,42.857142857142854
28250,99.6,98.38709677419355
28500,100.0,99.19678714859438
28750,40.0,79.54545454545455
29000,0.0,59.6192384769539
29250,0.0,52.56410256410257
29500,0.0,60.48064085447263
29750,0.0,65.78947368421053
30000,0.0,70.07007007007007
30250,99.6,12.506253126563283
30500,100.0,25.012506253126567
30750,37.6,7.85392696348174
31000,0.0,20.36018009004502
31250,0.0,3.2016008004002
31500,0.0,15.70785392696348
31750,0.0,28.214107053526767
32000,2.4,42.857142857142854
32250,99.6,98.38709677419355
32500,100.0,99.19678714859438
32750,40.0,99.46524064171123
33000,0.0,99.69909729187563
33250,0.0,100.0
33500,0.0,100.0
33750,0.0,100.0
34000,0.0,100.0
34250,99.6,66.66666666666666
34500,100.0,66.66666666666666
34750,40.0,66.66666666666666
35000,0.0,66.66666666666666
35250,0.0,66.66666666666666
35500,0.0,66.66666666666666
35750,0.0,66.66666666666666
36000,0.0,57.14285714285714
36250,99.6,98.38709677419355
36500,100.0,99.19678714859438
36750,40.0,79.54545454545455
37000,0.0,59.6192384769539
37250,0.0,52.56410256410257
37500,0.0,60.48064085447263
37750,0.0,65.78947368421053
38000,0.0,69.81981981981981
38250,99.6,12.506253126563283
38500,100.0,25.012506253126567
38750,37.6,7.85392696348174
39000,0.0,20.36018009004502
39250,0.0,3.2016008004002
39500,0.0,15.70785392696348
39750,0.0,28.214107053526767
40000,2.4,42.857142857142854
40250,99.6,98.38709677419355
40500,100.0,99.19678714859438
40750,40.0,99.46524064171123
41000,0.0,99.59919839679358
41250,0.0,99.19871794871796
41500,0.0,99.3324432576769
41750,0.0,99.08466819221968
42000,0.0,98.94894894894894
42250,99.6,12.506253126563283
42500,100.0,25.012506253126567
42750,37.6,37.51875937968984
43000,0.0,50.025012506253134
43250,0.0,59.729864932466235
43500,0.0,59.729864932466235
43750,0.0,60.030015007503756
44000,2.4,42.857142857142854
44250,99.6,98.38709677419355
44500,100.0,99.19678714859438
44750,40.0,79.54545454545455
45000,0.0,59.679037111334
45250,0.0,100.0
45500,0.0,100.0
45750,0.0,100.0
46000,0.0,100.0
46250,99.6,66.66666666666666
46500,100.0,66.66666666666666
46750,40.0,66.66666666666666
47000,0.0,66.66666666666666
47250,0.0,66.66666666666666
47500,0.0,66.66666666666666
47750,0.0,66.66666666666666
48000,0.0,57.14285714285714
48250,99.6,98.38709677419355
48500,100.0,99.19678714859438
48750,40.0,99.46524064171123
49000,0.0,99.59919839679358
49250,0.0,99.19871794871796
49500,0.0,99.3324432576769
49750,0.0,99.08466819221968
50000,0.0,99.1991991991992
50250,99.6,12.506253126563283
50500,100.0,25.012506253126567
50750,37.6,37.51875937968984
51000,0.0,50.025012506253134
51250,0.0,59.42971485742872
51500,0.0,59.42971485742872
51750,0.0,59.729864932466235
52000,2.4,42.857142857142854
52250,99.6,6.707317073170732
52500,100.0,21.712538226299692
52750,100.0,34.25196850393701
53000,60.0,31.805157593123205
53250,40.0,20.754716981132077
53500,24.0,15.198451113262342
53750,22.0,25.020374898125507
54000,30.4,9.93566833452466
54250,23.200000000000003,66.66666666666666
54500,17.2,37.5
54750,37.6,100.0
55000,23.200000000000003,71.42857142857143
55250,24.0,5.172413793103448
55500,29.599999999999998,4.0
55750,29.2,66.66666666666666
56000,34.4,91.66666666666666
56250,32.0,20.0
56500,36.0,68.18181818181817
56750,32.4,100.0
57000,36.0,71.42857142857143
57250,32.0,13.793103448275861
57500,32.4,4.615384615384616
57750,24.8,87.8048780487805
58000,24.8,97.32142857142857
58250,26.0,98.71794871794873
58500,14.799999999999999,98.33333333333333
58750,19.2,99.67741935483872
59000,33.2,95.78947368421052
59250,27.6,97.82608695652173
59500,45.6,94.70588235294117
59750,29.599999999999998,95.3125
60000,10.4,4.487179487179487
60250,24.4,9.482758620689655
60500,35.6,17.575757575757574
60750,34.4,42.5531914893617
61000,36.4,94.28571428571428
61250,23.599999999999998,46.73913043478261
61500,23.599999999999998,91.48936170212765
61750,36.0,17.75700934579439
62000,23.599999999999998,94.66666666666667
62250,32.800000000000004,72.72727272727273
62500,32.800000000000004,78.94736842105263
62750,23.200000000000003,98.51301115241635
63000,20.0,98.46938775510205
63250,17.2,97.84946236559139
63500,22.0,97.05882352941177
63750,24.4,77.27272727272727
64000,20.0,98.16176470588235
64250,20.0,30.32258064516129
64500,34.4,24.561403508771928
64750,28.000000000000004,7.857142857142857
65000,26.8,20.434782608695652
65250,28.000000000000004,9.45945945945946
65500,30.4,80.0
65750,25.2,98.07692307692307
66000,17.599999999999998,97.79005524861878
66250,14.000000000000002,98.1981981981982
66500,36.8,84.61538461538461
66750,28.799999999999997,97.88359788359789
67000,38.4,82.43243243243244
67250,25.2,10.0
67500,29.2,86.20689655172413
67750,20.0,98.56630824372759
68000,19.2,27.27272727272727
68250,15.6,57.28395061728395
68500,33.2,12.444444444444445
68750,20.0,97.86096256684492
69000,16.400000000000002,95.45454545454545
69250,22.0,90.9090909090909
69500,7.199999999999999,98.36065573770492
69750,16.0,28.333333333333332
70000,6.4,77.13178294573643
70250,11.600000000000001,76.5432098765432
70500,11.600000000000001,55.55555555555556
70750,34.0,7.172995780590717
71000,33.2,4.761904761904762
71250,49.2,72.38805970149254
71500,38.800000000000004,89.1891891891892
71750,35.199999999999996,26.72811059907834
72000,31.6,36.89320388349515
72250,42.0,18.421052631578945
72500,38.800000000000004,82.6086956521739
72750,22.400000000000002,98.53479853479854
73000,5.2,82.06896551724138
73250,32.800000000000004,4.093567251461988
73500,35.199999999999996,41.17647058823529
73750,29.599999999999998,24.324324324324326
74000,47.199999999999996,2.1739130434782608
74250,39.2,24.378109452736318
74500,21.6,96.42857142857143
74750,22.400000000000002,69.23076923076923
75000,37.6,5.294117647058823
75250,13.600000000000001,95.29411764705881
75500,25.2,94.82758620689656
75750,21.6,3.3444816053511706
76000,16.8,98.4126984126984
76250,6.800000000000001,100.0
76500,10.0,98.81889763779527
76750,14.000000000000002,18.275154004106774
77000,41.199999999999996,10.526315789473683
77250,48.4,4.25531914893617
77500,53.6,21.329639889196674
77750,51.2,9.465020576131687
78000,64.8,5.851979345955249
78250,64.0,14.705882352941178
78500,53.2,85.71428571428571
78750,46.400000000000006,39.285714285714285
79000,95.6,13.77551020408163
79250,75.6,1.3274336283185841
79500,66.8,100.0
79750,84.39999999999999,89.94708994708994
80000,48.4,98.30508474576271
80250,85.6,98.11320754716981
80500,66.0,25.37878787878788
80750,68.8,22.666666666666664
81000,95.19999999999999,61.76470588235294
81250,52.400000000000006,62.06896551724138
81500,85.2,78.57142857142857
81750,73.2,86.36363636363636
82000,67.60000000000001,55.28455284552846
