200,72.59680566118845,27.40319433881155
400,56.18861810125326,43.81138189874673
600,56.12909626004431,43.87090373995569
800,53.09678912734367,46.903210872656324
1000,50.2992625905228,49.7007374094772
1200,49.73380509903773,50.26619490096227
1400,47.03548163089845,52.964518369101555
1600,48.999702390793956,51.000297609206044
1800,41.268476571541946,58.731523428458054
2000,48.311894447934925,51.688105552065075
2200,36.45051420257266,63.54948579742733
2400,35.233623226745145,64.76637677325485
2600,33.50087629377335,66.49912370622665
2800,31.916933963823947,68.08306603617605
3000,31.70530075063655,68.29469924936345
3200,30.111438113818988,69.88856188618101
3400,28.957375748156476,71.04262425184352
3600,28.140603816011378,71.85939618398862
3800,28.719288383320656,71.28071161667934
4000,28.88462683112331,71.1153731688767
