200,0.02043583214840779,0.0009258953076948514
400,0.019245395324228694,0.0029099566813266756
600,0.034555735590754276,0.002050196752752885
800,0.03885453523362323,0.006216725637379716
1000,0.03181111735723025,0.0072418240137561585
1200,0.03928441519791012,0.004265731953308423
1400,0.04712145762375583,0.005852981052213882
1600,0.013690023478059588,0.0007274891703316689
1800,0.061638173340828675,0.005489236467048048
2000,0.040937799675936644,0.0
2200,0.05052742964849046,6.613537912106081e-05
2400,0.05370192784630138,0.007737839357164115
2600,0.0478489467940875,0.011904368241790947
2800,0.0399127012995602,0.0014880460302238684
3000,0.02132865976654211,0.00013227075824212163
3200,0.03422505869514897,0.000892827618134321
3400,0.02837207764293509,0.0006282861016500777
3600,0.02526371482424523,0.00013227075824212163
3800,0.017261333950596872,0.0008597599285737905
4000,0.0139214973049833,0.004001190436824179
