250,0.0
500,0.0
750,0.0
1000,0.0
1250,0.0
1500,0.0
1750,0.0
2000,0.0
2250,5.6000000000000005
2500,0.0
2750,93.60000000000001
3000,100.0
3250,100.0
3500,100.0
3750,0.4
4000,0.0
4250,5.6000000000000005
4500,0.0
4750,94.0
5000,100.0
5250,100.0
5500,100.0
5750,0.4
6000,0.0
6250,5.6000000000000005
6500,0.0
6750,94.0
7000,100.0
7250,100.0
7500,100.0
7750,0.4
8000,0.0
8250,5.6000000000000005
8500,0.0
8750,94.0
9000,100.0
9250,100.0
9500,100.0
9750,0.4
10000,0.0
10250,5.6000000000000005
10500,0.0
10750,94.0
11000,100.0
11250,100.0
11500,100.0
11750,0.4
12000,0.0
12250,5.6000000000000005
12500,0.0
12750,94.0
13000,100.0
13250,100.0
13500,100.0
13750,0.4
14000,0.0
14250,5.6000000000000005
14500,0.0
14750,94.0
15000,100.0
15250,100.0
15500,100.0
15750,0.4
16000,0.0
16250,5.6000000000000005
16500,0.0
16750,94.0
17000,100.0
17250,100.0
17500,100.0
17750,0.4
18000,0.0
18250,5.6000000000000005
18500,0.0
18750,94.0
19000,100.0
19250,100.0
19500,100.0
19750,0.4
20000,0.0
20250,5.6000000000000005
20500,0.0
20750,94.0
21000,100.0
21250,100.0
21500,100.0
21750,0.4
22000,0.0
22250,5.6000000000000005
22500,0.0
22750,94.0
23000,100.0
23250,100.0
23500,100.0
23750,0.4
24000,0.0
24250,5.6000000000000005
24500,0.0
24750,94.0
25000,100.0
25250,100.0
25500,100.0
25750,0.4
26000,0.0
26250,5.6000000000000005
26500,0.0
26750,94.0
27000,100.0
27250,100.0
27500,100.0
27750,0.4
28000,0.0
28250,5.6000000000000005
28500,0.0
28750,94.0
29000,100.0
29250,100.0
29500,100.0
29750,0.4
30000,0.0
30250,5.6000000000000005
30500,0.0
30750,94.0
31000,100.0
31250,100.0
31500,100.0
31750,0.4
32000,0.0
32250,5.6000000000000005
32500,0.0
32750,94.0
33000,100.0
33250,100.0
33500,100.0
33750,0.4
34000,0.0
34250,5.6000000000000005
34500,0.0
34750,94.0
35000,100.0
35250,100.0
35500,100.0
35750,0.4
36000,0.0
36250,5.6000000000000005
36500,0.0
36750,94.0
37000,100.0
37250,100.0
37500,100.0
37750,0.4
38000,0.0
38250,5.6000000000000005
38500,0.0
38750,94.0
39000,100.0
39250,100.0
39500,100.0
39750,0.4
40000,0.0
40250,5.6000000000000005
40500,0.0
40750,94.0
41000,100.0
41250,100.0
41500,100.0
41750,0.4
42000,0.0
42250,5.6000000000000005
42500,0.0
42750,94.0
43000,100.0
43250,100.0
43500,100.0
43750,0.4
44000,0.0
44250,5.6000000000000005
44500,0.0
44750,94.0
45000,100.0
45250,100.0
45500,100.0
45750,0.4
46000,0.0
46250,5.6000000000000005
46500,0.0
46750,94.0
47000,100.0
47250,100.0
47500,100.0
47750,0.4
48000,0.0
48250,5.6000000000000005
48500,0.0
48750,94.0
49000,100.0
49250,100.0
49500,100.0
49750,0.4
50000,0.0
50250,5.6000000000000005
50500,0.0
50750,94.0
51000,100.0
51250,100.0
51500,100.0
51750,0.4
52000,0.0
52250,6.0
52500,0.0
52750,93.60000000000001
53000,100.0
53250,100.0
53500,100.0
53750,0.8
54000,0.0
54250,98.8
54500,100.0
54750,100.0
55000,100.0
55250,100.0
55500,95.19999999999999
55750,0.0
56000,0.0
56250,98.4
56500,100.0
56750,100.0
57000,100.0
57250,100.0
57500,95.6
57750,0.0
58000,0.0
58250,98.0
58500,100.0
58750,100.0
59000,100.0
59250,100.0
59500,96.0
59750,0.0
60000,0.0
60250,97.6
60500,100.0
60750,100.0
61000,100.0
61250,100.0
61500,96.39999999999999
61750,0.0
62000,0.0
62250,97.2
62500,100.0
62750,100.0
63000,100.0
63250,100.0
63500,96.8
63750,0.0
64000,0.0
64250,96.8
64500,100.0
64750,100.0
65000,100.0
65250,100.0
65500,97.2
65750,0.0
66000,0.0
66250,96.39999999999999
66500,100.0
66750,100.0
67000,100.0
67250,100.0
67500,97.6
67750,0.0
68000,0.0
68250,96.0
68500,100.0
68750,100.0
69000,100.0
69250,100.0
69500,98.0
69750,0.0
70000,0.0
70250,95.6
70500,100.0
70750,100.0
71000,100.0
71250,100.0
71500,98.4
71750,0.0
72000,0.0
72250,95.19999999999999
72500,100.0
72750,100.0
73000,100.0
73250,100.0
73500,98.8
73750,0.0
74000,0.0
74250,94.8
74500,100.0
74750,100.0
75000,100.0
75250,100.0
75500,99.2
75750,0.0
76000,0.0
76250,94.39999999999999
76500,100.0
76750,100.0
77000,100.0
77250,100.0
77500,99.6
77750,0.0
78000,0.0
78250,94.0
78500,100.0
78750,100.0
79000,100.0
79250,100.0
79500,100.0
79750,0.0
80000,0.0
80250,93.60000000000001
80500,100.0
80750,100.0
81000,100.0
81250,100.0
81500,100.0
81750,0.4
82000,0.0
82250,93.2
82500,100.0
82750,100.0
83000,100.0
83250,100.0
83500,100.0
83750,0.8
84000,0.0
84250,92.80000000000001
84500,100.0
84750,100.0
85000,100.0
85250,100.0
85500,100.0
85750,1.2
86000,0.0
86250,92.4
86500,100.0
86750,100.0
87000,100.0
87250,100.0
87500,100.0
87750,1.6
88000,0.0
88250,92.0
88500,100.0
88750,100.0
89000,100.0
89250,100.0
89500,100.0
89750,2.0
90000,0.0
90250,91.60000000000001
90500,100.0
90750,100.0
91000,100.0
91250,100.0
91500,100.0
91750,2.4
92000,0.0
92250,91.2
92500,100.0
92750,100.0
93000,100.0
93250,100.0
93500,100.0
93750,2.8000000000000003
94000,0.0
94250,90.8
94500,100.0
94750,100.0
95000,100.0
95250,100.0
95500,100.0
95750,3.2
96000,0.0
96250,90.4
96500,100.0
96750,100.0
97000,100.0
97250,100.0
97500,100.0
97750,3.5999999999999996
98000,0.0
98250,90.0
98500,100.0
98750,100.0
99000,100.0
99250,100.0
99500,100.0
99750,4.0
100000,0.0
100250,89.60000000000001
100500,100.0
100750,100.0
101000,100.0
101250,100.0
101500,100.0
101750,4.3999999999999995
102000,0.0
102250,89.2
102500,100.0
102750,100.0
103000,100.0
103250,100.0
103500,100.0
103750,4.8
104000,0.0
104250,5.6000000000000005
104500,0.0
104750,83.6
105000,100.0
105250,100.0
105500,100.0
105750,10.8
106000,0.0
106250,5.6000000000000005
106500,0.0
106750,83.6
107000,100.0
107250,100.0
107500,100.0
107750,10.8
108000,0.0
108250,5.6000000000000005
108500,0.0
108750,83.6
109000,100.0
109250,100.0
109500,100.0
109750,10.8
110000,0.0
110250,5.6000000000000005
110500,0.0
110750,83.6
111000,100.0
111250,100.0
111500,100.0
111750,10.8
112000,0.0
112250,5.6000000000000005
112500,0.0
112750,83.6
113000,100.0
113250,100.0
113500,100.0
113750,10.8
114000,0.0
114250,5.6000000000000005
114500,0.0
114750,83.6
115000,100.0
115250,100.0
115500,100.0
115750,10.8
116000,0.0
116250,5.6000000000000005
116500,0.0
116750,83.6
117000,100.0
117250,100.0
117500,100.0
117750,10.8
118000,0.0
118250,5.6000000000000005
118500,0.0
118750,83.6
119000,100.0
119250,100.0
119500,100.0
119750,10.8
120000,0.0
120250,5.6000000000000005
120500,0.0
120750,83.6
121000,100.0
121250,100.0
121500,100.0
121750,10.8
122000,0.0
122250,5.6000000000000005
122500,0.0
122750,83.6
123000,100.0
123250,100.0
123500,100.0
123750,10.8
124000,0.0
124250,5.6000000000000005
124500,0.0
124750,83.6
125000,100.0
125250,100.0
125500,100.0
125750,10.8
126000,0.0
126250,5.6000000000000005
126500,0.0
126750,83.6
127000,100.0
127250,100.0
127500,100.0
127750,10.8
128000,0.0
128250,5.6000000000000005
128500,0.0
128750,83.6
129000,100.0
129250,100.0
129500,100.0
129750,10.8
130000,0.0
130250,5.6000000000000005
130500,0.0
130750,83.6
131000,100.0
131250,100.0
131500,100.0
131750,10.8
132000,0.0
132250,5.6000000000000005
132500,0.0
132750,83.6
133000,100.0
133250,100.0
133500,100.0
133750,10.8
134000,0.0
134250,5.6000000000000005
134500,0.0
134750,83.6
135000,100.0
135250,100.0
135500,100.0
135750,10.8
136000,0.0
136250,5.6000000000000005
136500,0.0
136750,83.6
137000,100.0
137250,100.0
137500,100.0
137750,10.8
138000,0.0
138250,5.6000000000000005
138500,0.0
138750,83.6
139000,100.0
139250,100.0
139500,100.0
139750,10.8
140000,0.0
140250,5.6000000000000005
140500,0.0
140750,83.6
141000,100.0
141250,100.0
141500,100.0
141750,10.8
142000,0.0
142250,5.6000000000000005
142500,0.0
142750,83.6
143000,100.0
143250,100.0
143500,100.0
143750,10.8
144000,0.0
144250,5.6000000000000005
144500,0.0
144750,83.6
145000,100.0
145250,100.0
145500,100.0
145750,10.8
146000,0.0
146250,5.6000000000000005
146500,0.0
146750,83.6
147000,100.0
147250,100.0
147500,100.0
147750,10.8
148000,0.0
148250,5.6000000000000005
148500,0.0
148750,83.6
149000,100.0
149250,100.0
149500,100.0
149750,10.8
150000,0.0
150250,5.6000000000000005
150500,0.0
150750,83.6
151000,100.0
151250,100.0
151500,100.0
151750,10.8
152000,0.0
152250,5.6000000000000005
152500,0.0
152750,83.6
153000,100.0
153250,100.0
153500,100.0
153750,10.8
154000,0.0
154250,6.0
154500,0.0
154750,83.2
155000,100.0
155250,100.0
155500,100.0
155750,11.200000000000001
156000,0.0
156250,88.4
156500,100.0
156750,100.0
157000,100.0
157250,100.0
157500,100.0
157750,5.6000000000000005
158000,0.0
158250,88.0
158500,100.0
158750,100.0
159000,100.0
159250,100.0
159500,100.0
159750,6.0
160000,0.0
160250,87.6
160500,100.0
160750,100.0
161000,100.0
161250,100.0
161500,100.0
161750,6.4
162000,0.0
162250,87.2
162500,100.0
162750,100.0
163000,100.0
163250,100.0
163500,100.0
163750,6.800000000000001
164000,0.0
164250,86.8
164500,100.0
164750,100.0
165000,100.0
165250,100.0
165500,100.0
165750,7.199999999999999
166000,0.0
166250,86.4
166500,100.0
166750,100.0
167000,100.0
167250,100.0
167500,100.0
167750,7.6
168000,0.0
168250,86.0
168500,100.0
168750,100.0
169000,100.0
169250,100.0
169500,100.0
169750,8.0
170000,0.0
170250,85.6
170500,100.0
170750,100.0
171000,100.0
171250,100.0
171500,100.0
171750,8.4
172000,0.0
172250,85.2
172500,100.0
172750,100.0
173000,100.0
173250,100.0
173500,100.0
173750,8.799999999999999
174000,0.0
174250,84.8
174500,100.0
174750,100.0
175000,100.0
175250,100.0
175500,100.0
175750,9.2
176000,0.0
176250,84.39999999999999
176500,100.0
176750,100.0
177000,100.0
177250,100.0
177500,100.0
177750,9.6
178000,0.0
178250,84.0
178500,100.0
178750,100.0
179000,100.0
179250,100.0
179500,100.0
179750,10.0
180000,0.0
180250,83.6
180500,100.0
180750,100.0
181000,100.0
181250,100.0
181500,100.0
181750,10.4
182000,0.0
182250,83.2
182500,100.0
182750,100.0
183000,100.0
183250,100.0
183500,100.0
183750,10.8
184000,0.0
184250,82.8
184500,100.0
184750,100.0
185000,100.0
185250,100.0
185500,100.0
185750,11.200000000000001
186000,0.0
186250,82.39999999999999
186500,100.0
186750,100.0
187000,100.0
187250,100.0
187500,100.0
187750,11.600000000000001
188000,0.0
188250,82.0
188500,100.0
188750,100.0
189000,100.0
189250,100.0
189500,100.0
189750,12.0
190000,0.0
190250,81.6
190500,100.0
190750,100.0
191000,100.0
191250,100.0
191500,100.0
191750,12.4
192000,0.0
192250,81.2
192500,100.0
192750,100.0
193000,100.0
193250,100.0
193500,100.0
193750,12.8
194000,0.0
194250,80.80000000000001
194500,100.0
194750,100.0
195000,100.0
195250,100.0
195500,100.0
195750,13.200000000000001
196000,0.0
196250,80.4
196500,100.0
196750,100.0
197000,100.0
197250,100.0
197500,100.0
197750,13.600000000000001
198000,0.0
198250,80.0
198500,100.0
198750,100.0
199000,100.0
199250,100.0
199500,100.0
199750,14.000000000000002
200000,0.0
200250,79.60000000000001
200500,100.0
200750,100.0
201000,100.0
201250,100.0
201500,100.0
201750,14.399999999999999
202000,0.0
202250,79.2
202500,100.0
202750,100.0
203000,100.0
203250,100.0
203500,100.0
203750,14.799999999999999
204000,0.0
204250,78.8
204500,100.0
204750,100.0
205000,100.0
205250,100.0
205500,100.0
205750,15.2
206000,0.0
206250,5.6000000000000005
206500,0.0
206750,73.2
207000,100.0
207250,100.0
207500,100.0
207750,21.2
208000,0.0
208250,5.6000000000000005
208500,0.0
208750,73.2
209000,100.0
209250,100.0
209500,100.0
209750,21.2
210000,0.0
210250,5.6000000000000005
210500,0.0
210750,73.2
211000,100.0
211250,100.0
211500,100.0
211750,21.2
212000,0.0
212250,5.6000000000000005
212500,0.0
212750,73.2
213000,100.0
213250,100.0
213500,100.0
213750,21.2
214000,0.0
214250,5.6000000000000005
214500,0.0
214750,73.2
215000,100.0
215250,100.0
215500,100.0
215750,21.2
216000,0.0
216250,5.6000000000000005
216500,0.0
216750,73.2
217000,100.0
217250,100.0
217500,100.0
217750,21.2
218000,0.0
218250,5.6000000000000005
218500,0.0
218750,73.2
219000,100.0
219250,100.0
219500,100.0
219750,21.2
220000,0.0
220250,5.6000000000000005
220500,0.0
220750,73.2
221000,100.0
221250,100.0
221500,100.0
221750,21.2
222000,0.0
222250,5.6000000000000005
222500,0.0
222750,73.2
223000,100.0
223250,100.0
223500,100.0
223750,21.2
224000,0.0
224250,5.6000000000000005
224500,0.0
224750,73.2
225000,100.0
225250,100.0
225500,100.0
225750,21.2
226000,0.0
226250,5.6000000000000005
226500,0.0
226750,73.2
227000,100.0
227250,100.0
227500,100.0
227750,21.2
228000,0.0
228250,5.6000000000000005
228500,0.0
228750,73.2
229000,100.0
229250,100.0
229500,100.0
229750,21.2
230000,0.0
230250,5.6000000000000005
230500,0.0
230750,73.2
231000,100.0
231250,100.0
231500,100.0
231750,21.2
232000,0.0
232250,5.6000000000000005
232500,0.0
232750,73.2
233000,100.0
233250,100.0
233500,100.0
233750,21.2
234000,0.0
234250,5.6000000000000005
234500,0.0
234750,73.2
235000,100.0
235250,100.0
235500,100.0
235750,21.2
236000,0.0
236250,5.6000000000000005
236500,0.0
236750,73.2
237000,100.0
237250,100.0
237500,100.0
237750,21.2
238000,0.0
238250,5.6000000000000005
238500,0.0
238750,73.2
239000,100.0
239250,100.0
239500,100.0
239750,21.2
240000,0.0
240250,5.6000000000000005
240500,0.0
240750,73.2
241000,100.0
241250,100.0
241500,100.0
241750,21.2
242000,0.0
242250,5.6000000000000005
242500,0.0
242750,73.2
243000,100.0
243250,100.0
243500,100.0
243750,21.2
244000,0.0
244250,5.6000000000000005
244500,0.0
244750,73.2
245000,100.0
245250,100.0
245500,100.0
245750,21.2
246000,0.0
246250,5.6000000000000005
246500,0.0
246750,73.2
247000,100.0
247250,100.0
247500,100.0
247750,21.2
248000,0.0
248250,5.6000000000000005
248500,0.0
248750,73.2
249000,100.0
249250,100.0
249500,100.0
249750,21.2
250000,0.0
250250,5.6000000000000005
250500,0.0
250750,73.2
251000,100.0
251250,100.0
251500,100.0
251750,21.2
252000,0.0
252250,5.6000000000000005
252500,0.0
252750,73.2
253000,100.0
253250,100.0
253500,100.0
253750,21.2
254000,0.0
254250,5.6000000000000005
254500,0.0
254750,73.2
255000,100.0
255250,100.0
255500,100.0
255750,21.2
256000,0.0
256250,6.0
256500,0.0
256750,72.8
257000,100.0
257250,100.0
257500,100.0
257750,21.6
258000,0.0
258250,78.0
258500,100.0
258750,100.0
259000,100.0
259250,100.0
259500,100.0
259750,16.0
260000,0.0
260250,77.60000000000001
260500,100.0
260750,100.0
261000,100.0
261250,100.0
261500,100.0
261750,16.400000000000002
262000,0.0
262250,77.2
262500,100.0
262750,100.0
263000,100.0
263250,100.0
263500,100.0
263750,16.8
264000,0.0
264250,76.8
264500,100.0
264750,100.0
265000,100.0
265250,100.0
265500,100.0
265750,17.2
266000,0.0
266250,76.4
266500,100.0
266750,100.0
267000,100.0
267250,100.0
267500,100.0
267750,17.599999999999998
268000,0.0
268250,76.0
268500,100.0
268750,100.0
269000,100.0
269250,100.0
269500,100.0
269750,18.0
270000,0.0
270250,75.6
270500,100.0
270750,100.0
271000,100.0
271250,100.0
271500,100.0
271750,18.4
272000,0.0
272250,75.2
272500,100.0
272750,100.0
273000,100.0
273250,100.0
273500,100.0
273750,18.8
274000,0.0
274250,74.8
274500,100.0
274750,100.0
275000,100.0
275250,100.0
275500,100.0
275750,19.2
276000,0.0
276250,74.4
276500,100.0
276750,100.0
277000,100.0
277250,100.0
277500,100.0
277750,19.6
278000,0.0
278250,74.0
278500,100.0
278750,100.0
279000,100.0
279250,100.0
279500,100.0
279750,20.0
280000,0.0
280250,73.6
280500,100.0
280750,100.0
281000,100.0
281250,100.0
281500,100.0
281750,20.4
282000,0.0
282250,73.2
282500,100.0
282750,100.0
283000,100.0
283250,100.0
283500,100.0
283750,20.8
284000,0.0
284250,72.8
284500,100.0
284750,100.0
285000,100.0
285250,100.0
285500,100.0
285750,21.2
286000,0.0
286250,72.39999999999999
286500,100.0
286750,100.0
287000,100.0
287250,100.0
287500,100.0
287750,21.6
288000,0.0
288250,72.0
288500,100.0
288750,100.0
289000,100.0
289250,100.0
289500,100.0
289750,22.0
290000,0.0
290250,71.6
290500,100.0
290750,100.0
291000,100.0
291250,100.0
291500,100.0
291750,22.400000000000002
292000,0.0
292250,71.2
292500,100.0
292750,100.0
293000,100.0
293250,100.0
293500,100.0
293750,22.8
294000,0.0
294250,70.8
294500,100.0
294750,100.0
295000,100.0
295250,100.0
295500,100.0
295750,23.200000000000003
296000,0.0
296250,70.39999999999999
296500,100.0
296750,100.0
297000,100.0
297250,100.0
297500,100.0
297750,23.599999999999998
298000,0.0
298250,70.0
298500,100.0
298750,100.0
299000,100.0
299250,100.0
299500,100.0
299750,24.0
300000,0.0
300250,69.6
300500,100.0
300750,100.0
301000,100.0
301250,100.0
301500,100.0
301750,24.4
302000,0.0
302250,69.19999999999999
302500,100.0
302750,100.0
303000,100.0
303250,100.0
303500,100.0
303750,24.8
304000,0.0
304250,68.8
304500,100.0
304750,100.0
305000,100.0
305250,100.0
305500,100.0
305750,25.2
306000,0.0
