250,0.0
500,0.0
750,0.0
1000,0.0
1250,0.0
1500,0.0
1750,0.0
2000,0.0
2250,6.0
2500,33.2
2750,100.0
3000,100.0
3250,100.0
3500,100.0
3750,40.400000000000006
4000,0.0
4250,6.0
4500,33.6
4750,100.0
5000,100.0
5250,100.0
5500,100.0
5750,40.400000000000006
6000,0.0
6250,6.0
6500,33.6
6750,100.0
7000,100.0
7250,100.0
7500,100.0
7750,40.400000000000006
8000,0.0
8250,6.0
8500,33.6
8750,100.0
9000,100.0
9250,100.0
9500,100.0
9750,40.400000000000006
10000,0.0
10250,6.0
10500,33.6
10750,100.0
11000,100.0
11250,100.0
11500,100.0
11750,40.400000000000006
12000,0.0
12250,6.0
12500,33.6
12750,100.0
13000,100.0
13250,100.0
13500,100.0
13750,40.400000000000006
14000,0.0
14250,6.0
14500,33.6
14750,100.0
15000,100.0
15250,100.0
15500,100.0
15750,40.400000000000006
16000,0.0
16250,6.0
16500,33.6
16750,100.0
17000,100.0
17250,100.0
17500,100.0
17750,40.400000000000006
18000,0.0
18250,6.0
18500,33.6
18750,100.0
19000,100.0
19250,100.0
19500,100.0
19750,40.400000000000006
20000,0.0
20250,6.0
20500,33.6
20750,100.0
21000,100.0
21250,100.0
21500,100.0
21750,40.400000000000006
22000,0.0
22250,6.0
22500,33.6
22750,100.0
23000,100.0
23250,100.0
23500,100.0
23750,40.400000000000006
24000,0.0
24250,6.0
24500,33.6
24750,100.0
25000,100.0
25250,100.0
25500,100.0
25750,40.400000000000006
26000,0.0
26250,6.0
26500,33.6
26750,100.0
27000,100.0
27250,100.0
27500,100.0
27750,40.400000000000006
28000,0.0
28250,6.0
28500,33.6
28750,100.0
29000,100.0
29250,100.0
29500,100.0
29750,40.400000000000006
30000,0.0
30250,6.0
30500,33.6
30750,100.0
31000,100.0
31250,100.0
31500,100.0
31750,40.400000000000006
32000,0.0
32250,6.0
32500,33.6
32750,100.0
33000,100.0
33250,100.0
33500,100.0
33750,40.400000000000006
34000,0.0
34250,6.0
34500,33.6
34750,100.0
35000,100.0
35250,100.0
35500,100.0
35750,40.400000000000006
36000,0.0
36250,6.0
36500,33.6
36750,100.0
37000,100.0
37250,100.0
37500,100.0
37750,40.400000000000006
38000,0.0
38250,6.0
38500,33.6
38750,100.0
39000,100.0
39250,100.0
39500,100.0
39750,40.400000000000006
40000,0.0
40250,6.0
40500,33.6
40750,100.0
41000,100.0
41250,100.0
41500,100.0
41750,40.400000000000006
42000,0.0
42250,6.0
42500,33.6
42750,100.0
43000,100.0
43250,100.0
43500,100.0
43750,40.400000000000006
44000,0.0
44250,6.0
44500,33.6
44750,100.0
45000,100.0
45250,100.0
45500,100.0
45750,40.400000000000006
46000,0.0
46250,6.0
46500,33.6
46750,100.0
47000,100.0
47250,100.0
47500,100.0
47750,40.400000000000006
48000,0.0
48250,6.0
48500,33.6
48750,100.0
49000,100.0
49250,100.0
49500,100.0
49750,40.400000000000006
50000,0.0
50250,6.0
50500,33.6
50750,100.0
51000,100.0
51250,100.0
51500,100.0
51750,40.400000000000006
52000,0.0
52250,6.4
52500,33.2
52750,100.0
53000,100.0
53250,100.0
53500,100.0
53750,40.8
54000,0.0
54250,98.8
54500,100.0
54750,100.0
55000,100.0
55250,100.0
55500,100.0
55750,34.8
56000,0.0
56250,98.4
56500,100.0
56750,100.0
57000,100.0
57250,100.0
57500,100.0
57750,35.199999999999996
58000,0.0
58250,98.0
58500,100.0
58750,100.0
59000,100.0
59250,100.0
59500,100.0
59750,35.6
60000,0.0
60250,97.6
60500,100.0
60750,100.0
61000,100.0
61250,100.0
61500,100.0
61750,36.0
62000,0.0
62250,97.2
62500,100.0
62750,100.0
63000,100.0
63250,100.0
63500,100.0
63750,36.4
64000,0.0
64250,96.8
64500,100.0
64750,100.0
65000,100.0
65250,100.0
65500,100.0
65750,36.8
66000,0.0
66250,96.39999999999999
66500,100.0
66750,100.0
67000,100.0
67250,100.0
67500,100.0
67750,37.2
68000,0.0
68250,96.0
68500,100.0
68750,100.0
69000,100.0
69250,100.0
69500,100.0
69750,37.6
70000,0.0
70250,95.6
70500,100.0
70750,100.0
71000,100.0
71250,100.0
71500,100.0
71750,38.0
72000,0.0
72250,95.19999999999999
72500,100.0
72750,100.0
73000,100.0
73250,100.0
73500,100.0
73750,38.4
74000,0.0
74250,94.8
74500,100.0
74750,100.0
75000,100.0
75250,100.0
75500,100.0
75750,38.800000000000004
76000,0.0
76250,94.39999999999999
76500,100.0
76750,100.0
77000,100.0
77250,100.0
77500,100.0
77750,39.2
78000,0.0
78250,94.0
78500,100.0
78750,100.0
79000,100.0
79250,100.0
79500,100.0
79750,39.6
80000,0.0
80250,93.60000000000001
80500,100.0
80750,100.0
81000,100.0
81250,100.0
81500,100.0
81750,40.0
82000,0.0
82250,93.2
82500,100.0
82750,100.0
83000,100.0
83250,100.0
83500,100.0
83750,40.400000000000006
84000,0.0
84250,92.80000000000001
84500,100.0
84750,100.0
85000,100.0
85250,100.0
85500,100.0
85750,40.8
86000,0.0
86250,92.4
86500,100.0
86750,100.0
87000,100.0
87250,100.0
87500,100.0
87750,41.199999999999996
88000,0.0
88250,92.0
88500,100.0
88750,100.0
89000,100.0
89250,100.0
89500,100.0
89750,41.6
90000,0.0
90250,91.60000000000001
90500,100.0
90750,100.0
91000,100.0
91250,100.0
91500,100.0
91750,42.0
92000,0.0
92250,91.2
92500,100.0
92750,100.0
93000,100.0
93250,100.0
93500,100.0
93750,42.4
94000,0.0
94250,90.8
94500,100.0
94750,100.0
95000,100.0
95250,100.0
95500,100.0
95750,42.8
96000,0.0
96250,90.4
96500,100.0
96750,100.0
97000,100.0
97250,100.0
97500,100.0
97750,43.2
98000,0.0
98250,90.0
98500,100.0
98750,100.0
99000,100.0
99250,100.0
99500,100.0
99750,43.6
100000,0.0
100250,89.60000000000001
100500,100.0
100750,100.0
101000,100.0
101250,100.0
101500,100.0
101750,44.0
102000,0.0
102250,89.2
102500,100.0
102750,100.0
103000,100.0
103250,100.0
103500,100.0
103750,44.4
104000,0.0
104250,6.0
104500,23.200000000000003
104750,100.0
105000,100.0
105250,100.0
105500,100.0
105750,50.8
106000,0.0
106250,6.0
106500,23.200000000000003
106750,100.0
107000,100.0
107250,100.0
107500,100.0
107750,50.8
108000,0.0
108250,6.0
108500,23.200000000000003
108750,100.0
109000,100.0
109250,100.0
109500,100.0
109750,50.8
110000,0.0
110250,6.0
110500,23.200000000000003
110750,100.0
111000,100.0
111250,100.0
111500,100.0
111750,50.8
112000,0.0
112250,6.0
112500,23.200000000000003
112750,100.0
113000,100.0
113250,100.0
113500,100.0
113750,50.8
114000,0.0
114250,6.0
114500,23.200000000000003
114750,100.0
115000,100.0
115250,100.0
115500,100.0
115750,50.8
116000,0.0
116250,6.0
116500,23.200000000000003
116750,100.0
117000,100.0
117250,100.0
117500,100.0
117750,50.8
118000,0.0
118250,6.0
118500,23.200000000000003
118750,100.0
119000,100.0
119250,100.0
119500,100.0
119750,50.8
120000,0.0
120250,6.0
120500,23.200000000000003
120750,100.0
121000,100.0
121250,100.0
121500,100.0
121750,50.8
122000,0.0
122250,6.0
122500,23.200000000000003
122750,100.0
123000,100.0
123250,100.0
123500,100.0
123750,50.8
124000,0.0
124250,6.0
124500,23.200000000000003
124750,100.0
125000,100.0
125250,100.0
125500,100.0
125750,50.8
126000,0.0
126250,6.0
126500,23.200000000000003
126750,100.0
127000,100.0
127250,100.0
127500,100.0
127750,50.8
128000,0.0
128250,6.0
128500,23.200000000000003
128750,100.0
129000,100.0
129250,100.0
129500,100.0
129750,50.8
130000,0.0
130250,6.0
130500,23.200000000000003
130750,100.0
131000,100.0
131250,100.0
131500,100.0
131750,50.8
132000,0.0
132250,6.0
132500,23.200000000000003
132750,100.0
133000,100.0
133250,100.0
133500,100.0
133750,50.8
134000,0.0
134250,6.0
134500,23.200000000000003
134750,100.0
135000,100.0
135250,100.0
135500,100.0
135750,50.8
136000,0.0
136250,6.0
136500,23.200000000000003
136750,100.0
137000,100.0
137250,100.0
137500,100.0
137750,50.8
138000,0.0
138250,6.0
138500,23.200000000000003
138750,100.0
139000,100.0
139250,100.0
139500,100.0
139750,50.8
140000,0.0
140250,6.0
140500,23.200000000000003
140750,100.0
141000,100.0
141250,100.0
141500,100.0
141750,50.8
142000,0.0
142250,6.0
142500,23.200000000000003
142750,100.0
143000,100.0
143250,100.0
143500,100.0
143750,50.8
144000,0.0
144250,6.0
144500,23.200000000000003
144750,100.0
145000,100.0
145250,100.0
145500,100.0
145750,50.8
146000,0.0
146250,6.0
146500,23.200000000000003
146750,100.0
147000,100.0
147250,100.0
147500,100.0
147750,50.8
148000,0.0
148250,6.0
148500,23.200000000000003
148750,100.0
149000,100.0
149250,100.0
149500,100.0
149750,50.8
150000,0.0
150250,6.0
150500,23.200000000000003
150750,100.0
151000,100.0
151250,100.0
151500,100.0
151750,50.8
152000,0.0
152250,6.0
152500,23.200000000000003
152750,100.0
153000,100.0
153250,100.0
153500,100.0
153750,50.8
154000,0.0
154250,6.4
154500,22.8
154750,100.0
155000,100.0
155250,100.0
155500,100.0
155750,51.2
156000,0.0
156250,88.4
156500,100.0
156750,100.0
157000,100.0
157250,100.0
157500,100.0
157750,45.2
158000,0.0
158250,88.0
158500,100.0
158750,100.0
159000,100.0
159250,100.0
159500,100.0
159750,45.6
160000,0.0
160250,87.6
160500,100.0
160750,100.0
161000,100.0
161250,100.0
161500,100.0
161750,46.0
162000,0.0
162250,87.2
162500,100.0
162750,100.0
163000,100.0
163250,100.0
163500,100.0
163750,46.400000000000006
164000,0.0
164250,86.8
164500,100.0
164750,100.0
165000,100.0
165250,100.0
165500,100.0
165750,46.800000000000004
166000,0.0
166250,86.4
166500,100.0
166750,100.0
167000,100.0
167250,100.0
167500,100.0
167750,47.199999999999996
168000,0.0
168250,86.0
168500,100.0
168750,100.0
169000,100.0
169250,100.0
169500,100.0
169750,47.599999999999994
170000,0.0
170250,85.6
170500,100.0
170750,100.0
171000,100.0
171250,100.0
171500,100.0
171750,48.0
172000,0.0
172250,85.2
172500,100.0
172750,100.0
173000,100.0
173250,100.0
173500,100.0
173750,48.4
174000,0.0
174250,84.8
174500,100.0
174750,100.0
175000,100.0
175250,100.0
175500,100.0
175750,48.8
176000,0.0
176250,84.39999999999999
176500,100.0
176750,100.0
177000,100.0
177250,100.0
177500,100.0
177750,49.2
178000,0.0
178250,84.0
178500,100.0
178750,100.0
179000,100.0
179250,100.0
179500,100.0
179750,49.6
180000,0.0
180250,83.6
180500,100.0
180750,100.0
181000,100.0
181250,100.0
181500,100.0
181750,50.0
182000,0.0
182250,83.2
182500,100.0
182750,100.0
183000,100.0
183250,100.0
183500,100.0
183750,50.4
184000,0.0
184250,82.8
184500,100.0
184750,100.0
185000,100.0
185250,100.0
185500,100.0
185750,50.8
186000,0.0
186250,82.39999999999999
186500,100.0
186750,100.0
187000,100.0
187250,100.0
187500,100.0
187750,51.2
188000,0.0
188250,82.0
188500,100.0
188750,100.0
189000,100.0
189250,100.0
189500,100.0
189750,51.6
190000,0.0
190250,81.6
190500,100.0
190750,100.0
191000,100.0
191250,100.0
191500,100.0
191750,52.0
192000,0.0
192250,81.2
192500,100.0
192750,100.0
193000,100.0
193250,100.0
193500,100.0
193750,52.400000000000006
194000,0.0
194250,80.80000000000001
194500,100.0
194750,100.0
195000,100.0
195250,100.0
195500,100.0
195750,52.800000000000004
196000,0.0
196250,80.4
196500,100.0
196750,100.0
197000,100.0
197250,100.0
197500,100.0
197750,53.2
198000,0.0
198250,80.0
198500,100.0
198750,100.0
199000,100.0
199250,100.0
199500,100.0
199750,53.6
200000,0.0
200250,79.60000000000001
200500,100.0
200750,100.0
201000,100.0
201250,100.0
201500,100.0
201750,54.0
202000,0.0
202250,79.2
202500,100.0
202750,100.0
203000,100.0
203250,100.0
203500,100.0
203750,54.400000000000006
204000,0.0
204250,78.8
204500,100.0
204750,100.0
205000,100.0
205250,100.0
205500,100.0
205750,54.800000000000004
206000,0.0
206250,6.0
206500,12.8
206750,100.0
207000,100.0
207250,100.0
207500,100.0
207750,61.199999999999996
208000,0.0
208250,6.0
208500,12.8
208750,100.0
209000,100.0
209250,100.0
209500,100.0
209750,61.199999999999996
210000,0.0
210250,6.0
210500,12.8
210750,100.0
211000,100.0
211250,100.0
211500,100.0
211750,61.199999999999996
212000,0.0
212250,6.0
212500,12.8
212750,100.0
213000,100.0
213250,100.0
213500,100.0
213750,61.199999999999996
214000,0.0
214250,6.0
214500,12.8
214750,100.0
215000,100.0
215250,100.0
215500,100.0
215750,61.199999999999996
216000,0.0
216250,6.0
216500,12.8
216750,100.0
217000,100.0
217250,100.0
217500,100.0
217750,61.199999999999996
218000,0.0
218250,6.0
218500,12.8
218750,100.0
219000,100.0
219250,100.0
219500,100.0
219750,61.199999999999996
220000,0.0
220250,6.0
220500,12.8
220750,100.0
221000,100.0
221250,100.0
221500,100.0
221750,61.199999999999996
222000,0.0
222250,6.0
222500,12.8
222750,100.0
223000,100.0
223250,100.0
223500,100.0
223750,61.199999999999996
224000,0.0
224250,6.0
224500,12.8
224750,100.0
225000,100.0
225250,100.0
225500,100.0
225750,61.199999999999996
226000,0.0
226250,6.0
226500,12.8
226750,100.0
227000,100.0
227250,100.0
227500,100.0
227750,61.199999999999996
228000,0.0
228250,6.0
228500,12.8
228750,100.0
229000,100.0
229250,100.0
229500,100.0
229750,61.199999999999996
230000,0.0
230250,6.0
230500,12.8
230750,100.0
231000,100.0
231250,100.0
231500,100.0
231750,61.199999999999996
232000,0.0
232250,6.0
232500,12.8
232750,100.0
233000,100.0
233250,100.0
233500,100.0
233750,61.199999999999996
234000,0.0
234250,6.0
234500,12.8
234750,100.0
235000,100.0
235250,100.0
235500,100.0
235750,61.199999999999996
236000,0.0
236250,6.0
236500,12.8
236750,100.0
237000,100.0
237250,100.0
237500,100.0
237750,61.199999999999996
238000,0.0
238250,6.0
238500,12.8
238750,100.0
239000,100.0
239250,100.0
239500,100.0
239750,61.199999999999996
240000,0.0
240250,6.0
240500,12.8
240750,100.0
241000,100.0
241250,100.0
241500,100.0
241750,61.199999999999996
242000,0.0
242250,6.0
242500,12.8
242750,100.0
243000,100.0
243250,100.0
243500,100.0
243750,61.199999999999996
244000,0.0
244250,6.0
244500,12.8
244750,100.0
245000,100.0
245250,100.0
245500,100.0
245750,61.199999999999996
246000,0.0
246250,6.0
246500,12.8
246750,100.0
247000,100.0
247250,100.0
247500,100.0
247750,61.199999999999996
248000,0.0
248250,6.0
248500,12.8
248750,100.0
249000,100.0
249250,100.0
249500,100.0
249750,61.199999999999996
250000,0.0
250250,6.0
250500,12.8
250750,100.0
251000,100.0
251250,100.0
251500,100.0
251750,61.199999999999996
252000,0.0
252250,6.0
252500,12.8
252750,100.0
253000,100.0
253250,100.0
253500,100.0
253750,61.199999999999996
254000,0.0
254250,6.0
254500,12.8
254750,100.0
255000,100.0
255250,100.0
255500,100.0
255750,61.199999999999996
256000,0.0
256250,6.4
256500,12.4
256750,100.0
257000,100.0
257250,100.0
257500,100.0
257750,61.6
258000,0.0
258250,78.0
258500,100.0
258750,100.0
259000,100.0
259250,100.0
259500,100.0
259750,55.60000000000001
260000,0.0
260250,77.60000000000001
260500,100.0
260750,100.0
261000,100.0
261250,100.0
261500,100.0
261750,56.00000000000001
262000,0.0
262250,77.2
262500,100.0
262750,100.0
263000,100.0
263250,100.0
263500,100.0
263750,56.39999999999999
264000,0.0
264250,76.8
264500,100.0
264750,100.0
265000,100.0
265250,100.0
265500,100.0
265750,56.8
266000,0.0
266250,76.4
266500,100.0
266750,100.0
267000,100.0
267250,100.0
267500,100.0
267750,57.199999999999996
268000,0.0
268250,76.0
268500,100.0
268750,100.0
269000,100.0
269250,100.0
269500,100.0
269750,57.599999999999994
270000,0.0
270250,75.6
270500,100.0
270750,100.0
271000,100.0
271250,100.0
271500,100.0
271750,57.99999999999999
272000,0.0
272250,75.2
272500,100.0
272750,100.0
273000,100.0
273250,100.0
273500,100.0
273750,58.4
274000,0.0
274250,74.8
274500,100.0
274750,100.0
275000,100.0
275250,100.0
275500,100.0
275750,58.8
276000,0.0
276250,74.4
276500,100.0
276750,100.0
277000,100.0
277250,100.0
277500,100.0
277750,59.199999999999996
278000,0.0
278250,74.0
278500,100.0
278750,100.0
279000,100.0
279250,100.0
279500,100.0
279750,59.599999999999994
280000,0.0
280250,73.6
280500,100.0
280750,100.0
281000,100.0
281250,100.0
281500,100.0
281750,60.0
282000,0.0
282250,73.2
282500,100.0
282750,100.0
283000,100.0
283250,100.0
283500,100.0
283750,60.4
284000,0.0
284250,72.8
284500,100.0
284750,100.0
285000,100.0
285250,100.0
285500,100.0
285750,60.8
286000,0.0
286250,72.39999999999999
286500,100.0
286750,100.0
287000,100.0
287250,100.0
287500,100.0
287750,61.199999999999996
288000,0.0
288250,72.0
288500,100.0
288750,100.0
289000,100.0
289250,100.0
289500,100.0
289750,61.6
290000,0.0
290250,71.6
290500,100.0
290750,100.0
291000,100.0
291250,100.0
291500,100.0
291750,62.0
292000,0.0
292250,71.2
292500,100.0
292750,100.0
293000,100.0
293250,100.0
293500,100.0
293750,62.4
294000,0.0
294250,70.8
294500,100.0
294750,100.0
295000,100.0
295250,100.0
295500,100.0
295750,62.8
296000,0.0
296250,70.39999999999999
296500,100.0
296750,100.0
297000,100.0
297250,100.0
297500,100.0
297750,63.2
298000,0.0
298250,70.0
298500,100.0
298750,100.0
299000,100.0
299250,100.0
299500,100.0
299750,63.6
300000,0.0
300250,69.6
300500,100.0
300750,100.0
301000,100.0
301250,100.0
301500,100.0
301750,64.0
302000,0.0
302250,69.19999999999999
302500,100.0
302750,100.0
303000,100.0
303250,100.0
303500,100.0
303750,64.4
304000,0.0
304250,68.8
304500,100.0
304750,100.0
305000,100.0
305250,100.0
305500,100.0
305750,64.8
306000,0.0
