250,0.0
500,0.0
750,0.0
1000,0.0
1250,0.0
1500,0.0
1750,0.0
2000,0.0
2250,3.2
2500,0.0
2750,0.0
3000,0.0
3250,0.0
3500,0.0
3750,0.0
4000,0.0
4250,3.2
4500,0.0
4750,0.0
5000,0.0
5250,0.0
5500,0.0
5750,0.0
6000,0.0
6250,3.2
6500,0.0
6750,0.0
7000,0.0
7250,0.0
7500,0.0
7750,0.0
8000,0.0
8250,3.2
8500,0.0
8750,0.0
9000,0.0
9250,0.0
9500,0.0
9750,0.0
10000,0.0
10250,3.2
10500,0.0
10750,0.0
11000,0.0
11250,0.0
11500,0.0
11750,0.0
12000,0.0
12250,3.2
12500,0.0
12750,0.0
13000,0.0
13250,0.0
13500,0.0
13750,0.0
14000,0.0
14250,3.2
14500,0.0
14750,0.0
15000,0.0
15250,0.0
15500,0.0
15750,0.0
16000,0.0
16250,3.2
16500,0.0
16750,0.0
17000,0.0
17250,0.0
17500,0.0
17750,0.0
18000,0.0
18250,3.2
18500,0.0
18750,0.0
19000,0.0
19250,0.0
19500,0.0
19750,0.0
20000,0.0
20250,3.2
20500,0.0
20750,0.0
21000,0.0
21250,0.0
21500,0.0
21750,0.0
22000,0.0
22250,3.2
22500,0.0
22750,0.0
23000,0.0
23250,0.0
23500,0.0
23750,0.0
24000,0.0
24250,3.2
24500,0.0
24750,0.0
25000,0.0
25250,0.0
25500,0.0
25750,0.0
26000,0.0
26250,3.2
26500,0.0
26750,0.0
27000,0.0
27250,0.0
27500,0.0
27750,0.0
28000,0.0
28250,3.2
28500,0.0
28750,0.0
29000,0.0
29250,0.0
29500,0.0
29750,0.0
30000,0.0
30250,3.2
30500,0.0
30750,0.0
31000,0.0
31250,0.0
31500,0.0
31750,0.0
32000,0.0
32250,3.2
32500,0.0
32750,0.0
33000,0.0
33250,0.0
33500,0.0
33750,0.0
34000,0.0
34250,3.2
34500,0.0
34750,0.0
35000,0.0
35250,0.0
35500,0.0
35750,0.0
36000,0.0
36250,3.2
36500,0.0
36750,0.0
37000,0.0
37250,0.0
37500,0.0
37750,0.0
38000,0.0
38250,3.2
38500,0.0
38750,0.0
39000,0.0
39250,0.0
39500,0.0
39750,0.0
40000,0.0
40250,3.2
40500,0.0
40750,0.0
41000,0.0
41250,0.0
41500,0.0
41750,0.0
42000,0.0
42250,3.2
42500,0.0
42750,0.0
43000,0.0
43250,0.0
43500,0.0
43750,0.0
44000,0.0
44250,3.2
44500,0.0
44750,0.0
45000,0.0
45250,0.0
45500,0.0
45750,0.0
46000,0.0
46250,3.2
46500,0.0
46750,0.0
47000,0.0
47250,0.0
47500,0.0
47750,0.0
48000,0.0
48250,3.2
48500,0.0
48750,0.0
49000,0.0
49250,0.0
49500,0.0
49750,0.0
50000,0.0
50250,3.2
50500,0.0
50750,0.0
51000,0.0
51250,0.0
51500,0.0
51750,0.0
52000,0.0
52250,3.5999999999999996
52500,0.0
52750,0.0
53000,0.0
53250,0.0
53500,0.0
53750,0.0
54000,0.0
54250,98.8
54500,100.0
54750,100.0
55000,57.599999999999994
55250,0.0
55500,0.0
55750,0.0
56000,0.0
56250,98.4
56500,100.0
56750,100.0
57000,57.99999999999999
57250,0.0
57500,0.0
57750,0.0
58000,0.0
58250,98.0
58500,100.0
58750,100.0
59000,58.4
59250,0.0
59500,0.0
59750,0.0
60000,0.0
60250,97.6
60500,100.0
60750,100.0
61000,58.8
61250,0.0
61500,0.0
61750,0.0
62000,0.0
62250,97.2
62500,100.0
62750,100.0
63000,59.199999999999996
63250,0.0
63500,0.0
63750,0.0
64000,0.0
64250,96.8
64500,100.0
64750,100.0
65000,59.599999999999994
65250,0.0
65500,0.0
65750,0.0
66000,0.0
66250,96.39999999999999
66500,100.0
66750,100.0
67000,60.0
67250,0.0
67500,0.0
67750,0.0
68000,0.0
68250,96.0
68500,100.0
68750,100.0
69000,60.4
69250,0.0
69500,0.0
69750,0.0
70000,0.0
70250,95.6
70500,100.0
70750,100.0
71000,60.8
71250,0.0
71500,0.0
71750,0.0
72000,0.0
72250,95.19999999999999
72500,100.0
72750,100.0
73000,61.199999999999996
73250,0.0
73500,0.0
73750,0.0
74000,0.0
74250,94.8
74500,100.0
74750,100.0
75000,61.6
75250,0.0
75500,0.0
75750,0.0
76000,0.0
76250,94.39999999999999
76500,100.0
76750,100.0
77000,62.0
77250,0.0
77500,0.0
77750,0.0
78000,0.0
78250,94.0
78500,100.0
78750,100.0
79000,62.4
79250,0.0
79500,0.0
79750,0.0
80000,0.0
80250,93.60000000000001
80500,100.0
80750,100.0
81000,62.8
81250,0.0
81500,0.0
81750,0.0
82000,0.0
82250,93.2
82500,100.0
82750,100.0
83000,63.2
83250,0.0
83500,0.0
83750,0.0
84000,0.0
84250,92.80000000000001
84500,100.0
84750,100.0
85000,63.6
85250,0.0
85500,0.0
85750,0.0
86000,0.0
86250,92.4
86500,100.0
86750,100.0
87000,64.0
87250,0.0
87500,0.0
87750,0.0
88000,0.0
88250,92.0
88500,100.0
88750,100.0
89000,64.4
89250,0.0
89500,0.0
89750,0.0
90000,0.0
90250,91.60000000000001
90500,100.0
90750,100.0
91000,64.8
91250,0.0
91500,0.0
91750,0.0
92000,0.0
92250,91.2
92500,100.0
92750,100.0
93000,65.2
93250,0.0
93500,0.0
93750,0.0
94000,0.0
94250,90.8
94500,100.0
94750,100.0
95000,65.60000000000001
95250,0.0
95500,0.0
95750,0.0
96000,0.0
96250,90.4
96500,100.0
96750,100.0
97000,66.0
97250,0.0
97500,0.0
97750,0.0
98000,0.0
98250,90.0
98500,100.0
98750,100.0
99000,66.4
99250,0.0
99500,0.0
99750,0.0
100000,0.0
100250,89.60000000000001
100500,100.0
100750,100.0
101000,66.8
101250,0.0
101500,0.0
101750,0.0
102000,0.0
102250,89.2
102500,100.0
102750,100.0
103000,67.2
103250,0.0
103500,0.0
103750,0.0
104000,0.0
104250,3.2
104500,0.0
104750,0.0
105000,0.0
105250,0.0
105500,0.0
105750,0.0
106000,0.0
106250,3.2
106500,0.0
106750,0.0
107000,0.0
107250,0.0
107500,0.0
107750,0.0
108000,0.0
108250,3.2
108500,0.0
108750,0.0
109000,0.0
109250,0.0
109500,0.0
109750,0.0
110000,0.0
110250,3.2
110500,0.0
110750,0.0
111000,0.0
111250,0.0
111500,0.0
111750,0.0
112000,0.0
112250,3.2
112500,0.0
112750,0.0
113000,0.0
113250,0.0
113500,0.0
113750,0.0
114000,0.0
114250,3.2
114500,0.0
114750,0.0
115000,0.0
115250,0.0
115500,0.0
115750,0.0
116000,0.0
116250,3.2
116500,0.0
116750,0.0
117000,0.0
117250,0.0
117500,0.0
117750,0.0
118000,0.0
118250,3.2
118500,0.0
118750,0.0
119000,0.0
119250,0.0
119500,0.0
119750,0.0
120000,0.0
120250,3.2
120500,0.0
120750,0.0
121000,0.0
121250,0.0
121500,0.0
121750,0.0
122000,0.0
122250,3.2
122500,0.0
122750,0.0
123000,0.0
123250,0.0
123500,0.0
123750,0.0
124000,0.0
124250,3.2
124500,0.0
124750,0.0
125000,0.0
125250,0.0
125500,0.0
125750,0.0
126000,0.0
126250,3.2
126500,0.0
126750,0.0
127000,0.0
127250,0.0
127500,0.0
127750,0.0
128000,0.0
128250,3.2
128500,0.0
128750,0.0
129000,0.0
129250,0.0
129500,0.0
129750,0.0
130000,0.0
130250,3.2
130500,0.0
130750,0.0
131000,0.0
131250,0.0
131500,0.0
131750,0.0
132000,0.0
132250,3.2
132500,0.0
132750,0.0
133000,0.0
133250,0.0
133500,0.0
133750,0.0
134000,0.0
134250,3.2
134500,0.0
134750,0.0
135000,0.0
135250,0.0
135500,0.0
135750,0.0
136000,0.0
136250,3.2
136500,0.0
136750,0.0
137000,0.0
137250,0.0
137500,0.0
137750,0.0
138000,0.0
138250,3.2
138500,0.0
138750,0.0
139000,0.0
139250,0.0
139500,0.0
139750,0.0
140000,0.0
140250,3.2
140500,0.0
140750,0.0
141000,0.0
141250,0.0
141500,0.0
141750,0.0
142000,0.0
142250,3.2
142500,0.0
142750,0.0
143000,0.0
143250,0.0
143500,0.0
143750,0.0
144000,0.0
144250,3.2
144500,0.0
144750,0.0
145000,0.0
145250,0.0
145500,0.0
145750,0.0
146000,0.0
146250,3.2
146500,0.0
146750,0.0
147000,0.0
147250,0.0
147500,0.0
147750,0.0
148000,0.0
148250,3.2
148500,0.0
148750,0.0
149000,0.0
149250,0.0
149500,0.0
149750,0.0
150000,0.0
150250,3.2
150500,0.0
150750,0.0
151000,0.0
151250,0.0
151500,0.0
151750,0.0
152000,0.0
152250,3.2
152500,0.0
152750,0.0
153000,0.0
153250,0.0
153500,0.0
153750,0.0
154000,0.0
154250,3.5999999999999996
154500,0.0
154750,0.0
155000,0.0
155250,0.0
155500,0.0
155750,0.0
156000,0.0
156250,88.4
156500,100.0
156750,100.0
157000,68.0
157250,0.0
157500,0.0
157750,0.0
158000,0.0
158250,88.0
158500,100.0
158750,100.0
159000,68.4
159250,0.0
159500,0.0
159750,0.0
160000,0.0
160250,87.6
160500,100.0
160750,100.0
161000,68.8
161250,0.0
161500,0.0
161750,0.0
162000,0.0
162250,87.2
162500,100.0
162750,100.0
163000,69.19999999999999
163250,0.0
163500,0.0
163750,0.0
164000,0.0
164250,86.8
164500,100.0
164750,100.0
165000,69.6
165250,0.0
165500,0.0
165750,0.0
166000,0.0
166250,86.4
166500,100.0
166750,100.0
167000,70.0
167250,0.0
167500,0.0
167750,0.0
168000,0.0
168250,86.0
168500,100.0
168750,100.0
169000,70.39999999999999
169250,0.0
169500,0.0
169750,0.0
170000,0.0
170250,85.6
170500,100.0
170750,100.0
171000,70.8
171250,0.0
171500,0.0
171750,0.0
172000,0.0
172250,85.2
172500,100.0
172750,100.0
173000,71.2
173250,0.0
173500,0.0
173750,0.0
174000,0.0
174250,84.8
174500,100.0
174750,100.0
175000,71.6
175250,0.0
175500,0.0
175750,0.0
176000,0.0
176250,84.39999999999999
176500,100.0
176750,100.0
177000,72.0
177250,0.0
177500,0.0
177750,0.0
178000,0.0
178250,84.0
178500,100.0
178750,100.0
179000,72.39999999999999
179250,0.0
179500,0.0
179750,0.0
180000,0.0
180250,83.6
180500,100.0
180750,100.0
181000,72.8
181250,0.0
181500,0.0
181750,0.0
182000,0.0
182250,83.2
182500,100.0
182750,100.0
183000,73.2
183250,0.0
183500,0.0
183750,0.0
184000,0.0
184250,82.8
184500,100.0
184750,100.0
185000,73.6
185250,0.0
185500,0.0
185750,0.0
186000,0.0
186250,82.39999999999999
186500,100.0
186750,100.0
187000,74.0
187250,0.0
187500,0.0
187750,0.0
188000,0.0
188250,82.0
188500,100.0
188750,100.0
189000,74.4
189250,0.0
189500,0.0
189750,0.0
190000,0.0
190250,81.6
190500,100.0
190750,100.0
191000,74.8
191250,0.0
191500,0.0
191750,0.0
192000,0.0
192250,81.2
192500,100.0
192750,100.0
193000,75.2
193250,0.0
193500,0.0
193750,0.0
194000,0.0
194250,80.80000000000001
194500,100.0
194750,100.0
195000,75.6
195250,0.0
195500,0.0
195750,0.0
196000,0.0
196250,80.4
196500,100.0
196750,100.0
197000,76.0
197250,0.0
197500,0.0
197750,0.0
198000,0.0
198250,80.0
198500,100.0
198750,100.0
199000,76.4
199250,0.0
199500,0.0
199750,0.0
200000,0.0
200250,79.60000000000001
200500,100.0
200750,100.0
201000,76.8
201250,0.0
201500,0.0
201750,0.0
202000,0.0
202250,79.2
202500,100.0
202750,100.0
203000,77.2
203250,0.0
203500,0.0
203750,0.0
204000,0.0
204250,78.8
204500,100.0
204750,100.0
205000,77.60000000000001
205250,0.0
205500,0.0
205750,0.0
206000,0.0
206250,3.2
206500,0.0
206750,0.0
207000,0.0
207250,0.0
207500,0.0
207750,0.0
208000,0.0
208250,3.2
208500,0.0
208750,0.0
209000,0.0
209250,0.0
209500,0.0
209750,0.0
210000,0.0
210250,3.2
210500,0.0
210750,0.0
211000,0.0
211250,0.0
211500,0.0
211750,0.0
212000,0.0
212250,3.2
212500,0.0
212750,0.0
213000,0.0
213250,0.0
213500,0.0
213750,0.0
214000,0.0
214250,3.2
214500,0.0
214750,0.0
215000,0.0
215250,0.0
215500,0.0
215750,0.0
216000,0.0
216250,3.2
216500,0.0
216750,0.0
217000,0.0
217250,0.0
217500,0.0
217750,0.0
218000,0.0
218250,3.2
218500,0.0
218750,0.0
219000,0.0
219250,0.0
219500,0.0
219750,0.0
220000,0.0
220250,3.2
220500,0.0
220750,0.0
221000,0.0
221250,0.0
221500,0.0
221750,0.0
222000,0.0
222250,3.2
222500,0.0
222750,0.0
223000,0.0
223250,0.0
223500,0.0
223750,0.0
224000,0.0
224250,3.2
224500,0.0
224750,0.0
225000,0.0
225250,0.0
225500,0.0
225750,0.0
226000,0.0
226250,3.2
226500,0.0
226750,0.0
227000,0.0
227250,0.0
227500,0.0
227750,0.0
228000,0.0
228250,3.2
228500,0.0
228750,0.0
229000,0.0
229250,0.0
229500,0.0
229750,0.0
230000,0.0
230250,3.2
230500,0.0
230750,0.0
231000,0.0
231250,0.0
231500,0.0
231750,0.0
232000,0.0
232250,3.2
232500,0.0
232750,0.0
233000,0.0
233250,0.0
233500,0.0
233750,0.0
234000,0.0
234250,3.2
234500,0.0
234750,0.0
235000,0.0
235250,0.0
235500,0.0
235750,0.0
236000,0.0
236250,3.2
236500,0.0
236750,0.0
237000,0.0
237250,0.0
237500,0.0
237750,0.0
238000,0.0
238250,3.2
238500,0.0
238750,0.0
239000,0.0
239250,0.0
239500,0.0
239750,0.0
240000,0.0
240250,3.2
240500,0.0
240750,0.0
241000,0.0
241250,0.0
241500,0.0
241750,0.0
242000,0.0
242250,3.2
242500,0.0
242750,0.0
243000,0.0
243250,0.0
243500,0.0
243750,0.0
244000,0.0
244250,3.2
244500,0.0
244750,0.0
245000,0.0
245250,0.0
245500,0.0
245750,0.0
246000,0.0
246250,3.2
246500,0.0
246750,0.0
247000,0.0
247250,0.0
247500,0.0
247750,0.0
248000,0.0
248250,3.2
248500,0.0
248750,0.0
249000,0.0
249250,0.0
249500,0.0
249750,0.0
250000,0.0
250250,3.2
250500,0.0
250750,0.0
251000,0.0
251250,0.0
251500,0.0
251750,0.0
252000,0.0
252250,3.2
252500,0.0
252750,0.0
253000,0.0
253250,0.0
253500,0.0
253750,0.0
254000,0.0
254250,3.2
254500,0.0
254750,0.0
255000,0.0
255250,0.0
255500,0.0
255750,0.0
256000,0.0
256250,3.5999999999999996
256500,0.0
256750,0.0
257000,0.0
257250,0.0
257500,0.0
257750,0.0
258000,0.0
258250,78.0
258500,100.0
258750,100.0
259000,78.4
259250,0.0
259500,0.0
259750,0.0
260000,0.0
260250,77.60000000000001
260500,100.0
260750,100.0
261000,78.8
261250,0.0
261500,0.0
261750,0.0
262000,0.0
262250,77.2
262500,100.0
262750,100.0
263000,79.2
263250,0.0
263500,0.0
263750,0.0
264000,0.0
264250,76.8
264500,100.0
264750,100.0
265000,79.60000000000001
265250,0.0
265500,0.0
265750,0.0
266000,0.0
266250,76.4
266500,100.0
266750,100.0
267000,80.0
267250,0.0
267500,0.0
267750,0.0
268000,0.0
268250,76.0
268500,100.0
268750,100.0
269000,80.4
269250,0.0
269500,0.0
269750,0.0
270000,0.0
270250,75.6
270500,100.0
270750,100.0
271000,80.80000000000001
271250,0.0
271500,0.0
271750,0.0
272000,0.0
272250,75.2
272500,100.0
272750,100.0
273000,81.2
273250,0.0
273500,0.0
273750,0.0
274000,0.0
274250,74.8
274500,100.0
274750,100.0
275000,81.6
275250,0.0
275500,0.0
275750,0.0
276000,0.0
276250,74.4
276500,100.0
276750,100.0
277000,82.0
277250,0.0
277500,0.0
277750,0.0
278000,0.0
278250,74.0
278500,100.0
278750,100.0
279000,82.39999999999999
279250,0.0
279500,0.0
279750,0.0
280000,0.0
280250,73.6
280500,100.0
280750,100.0
281000,82.8
281250,0.0
281500,0.0
281750,0.0
282000,0.0
282250,73.2
282500,100.0
282750,100.0
283000,83.2
283250,0.0
283500,0.0
283750,0.0
284000,0.0
284250,72.8
284500,100.0
284750,100.0
285000,83.6
285250,0.0
285500,0.0
285750,0.0
286000,0.0
286250,72.39999999999999
286500,100.0
286750,100.0
287000,84.0
287250,0.0
287500,0.0
287750,0.0
288000,0.0
288250,72.0
288500,100.0
288750,100.0
289000,84.39999999999999
289250,0.0
289500,0.0
289750,0.0
290000,0.0
290250,71.6
290500,100.0
290750,100.0
291000,84.8
291250,0.0
291500,0.0
291750,0.0
292000,0.0
292250,71.2
292500,100.0
292750,100.0
293000,85.2
293250,0.0
293500,0.0
293750,0.0
294000,0.0
294250,70.8
294500,100.0
294750,100.0
295000,85.6
295250,0.0
295500,0.0
295750,0.0
296000,0.0
296250,70.39999999999999
296500,100.0
296750,100.0
297000,86.0
297250,0.0
297500,0.0
297750,0.0
298000,0.0
298250,70.0
298500,100.0
298750,100.0
299000,86.4
299250,0.0
299500,0.0
299750,0.0
300000,0.0
300250,69.6
300500,100.0
300750,100.0
301000,86.8
301250,0.0
301500,0.0
301750,0.0
302000,0.0
302250,69.19999999999999
302500,100.0
302750,100.0
303000,87.2
303250,0.0
303500,0.0
303750,0.0
304000,0.0
304250,68.8
304500,100.0
304750,100.0
305000,87.6
305250,0.0
305500,0.0
305750,0.0
306000,0.0
