250,0.0
500,0.0
750,0.0
1000,0.0
1250,0.0
1500,0.0
1750,0.0
2000,0.0
2250,4.8
2500,0.0
2750,14.399999999999999
3000,100.0
3250,100.0
3500,20.4
3750,0.0
4000,0.0
4250,4.8
4500,0.0
4750,14.799999999999999
5000,100.0
5250,100.0
5500,20.4
5750,0.0
6000,0.0
6250,4.8
6500,0.0
6750,14.799999999999999
7000,100.0
7250,100.0
7500,20.4
7750,0.0
8000,0.0
8250,4.8
8500,0.0
8750,14.799999999999999
9000,100.0
9250,100.0
9500,20.4
9750,0.0
10000,0.0
10250,4.8
10500,0.0
10750,14.799999999999999
11000,100.0
11250,100.0
11500,20.4
11750,0.0
12000,0.0
12250,4.8
12500,0.0
12750,14.799999999999999
13000,100.0
13250,100.0
13500,20.4
13750,0.0
14000,0.0
14250,4.8
14500,0.0
14750,14.799999999999999
15000,100.0
15250,100.0
15500,20.4
15750,0.0
16000,0.0
16250,4.8
16500,0.0
16750,14.799999999999999
17000,100.0
17250,100.0
17500,20.4
17750,0.0
18000,0.0
18250,4.8
18500,0.0
18750,14.799999999999999
19000,100.0
19250,100.0
19500,20.4
19750,0.0
20000,0.0
20250,4.8
20500,0.0
20750,14.799999999999999
21000,100.0
21250,100.0
21500,20.4
21750,0.0
22000,0.0
22250,4.8
22500,0.0
22750,14.799999999999999
23000,100.0
23250,100.0
23500,20.4
23750,0.0
24000,0.0
24250,4.8
24500,0.0
24750,14.799999999999999
25000,100.0
25250,100.0
25500,20.4
25750,0.0
26000,0.0
26250,4.8
26500,0.0
26750,14.799999999999999
27000,100.0
27250,100.0
27500,20.4
27750,0.0
28000,0.0
28250,4.8
28500,0.0
28750,14.799999999999999
29000,100.0
29250,100.0
29500,20.4
29750,0.0
30000,0.0
30250,4.8
30500,0.0
30750,14.799999999999999
31000,100.0
31250,100.0
31500,20.4
31750,0.0
32000,0.0
32250,4.8
32500,0.0
32750,14.799999999999999
33000,100.0
33250,100.0
33500,20.4
33750,0.0
34000,0.0
34250,4.8
34500,0.0
34750,14.799999999999999
35000,100.0
35250,100.0
35500,20.4
35750,0.0
36000,0.0
36250,4.8
36500,0.0
36750,14.799999999999999
37000,100.0
37250,100.0
37500,20.4
37750,0.0
38000,0.0
38250,4.8
38500,0.0
38750,14.799999999999999
39000,100.0
39250,100.0
39500,20.4
39750,0.0
40000,0.0
40250,4.8
40500,0.0
40750,14.799999999999999
41000,100.0
41250,100.0
41500,20.4
41750,0.0
42000,0.0
42250,4.8
42500,0.0
42750,14.799999999999999
43000,100.0
43250,100.0
43500,20.4
43750,0.0
44000,0.0
44250,4.8
44500,0.0
44750,14.799999999999999
45000,100.0
45250,100.0
45500,20.4
45750,0.0
46000,0.0
46250,4.8
46500,0.0
46750,14.799999999999999
47000,100.0
47250,100.0
47500,20.4
47750,0.0
48000,0.0
48250,4.8
48500,0.0
48750,14.799999999999999
49000,100.0
49250,100.0
49500,20.4
49750,0.0
50000,0.0
50250,4.8
50500,0.0
50750,14.799999999999999
51000,100.0
51250,100.0
51500,20.4
51750,0.0
52000,0.0
52250,5.2
52500,0.0
52750,14.399999999999999
53000,100.0
53250,100.0
53500,20.8
53750,0.0
54000,0.0
54250,98.8
54500,100.0
54750,100.0
55000,100.0
55250,100.0
55500,16.0
55750,0.0
56000,0.0
56250,98.4
56500,100.0
56750,100.0
57000,100.0
57250,100.0
57500,16.400000000000002
57750,0.0
58000,0.0
58250,98.0
58500,100.0
58750,100.0
59000,100.0
59250,100.0
59500,16.8
59750,0.0
60000,0.0
60250,97.6
60500,100.0
60750,100.0
61000,100.0
61250,100.0
61500,17.2
61750,0.0
62000,0.0
62250,97.2
62500,100.0
62750,100.0
63000,100.0
63250,100.0
63500,17.599999999999998
63750,0.0
64000,0.0
64250,96.8
64500,100.0
64750,100.0
65000,100.0
65250,100.0
65500,18.0
65750,0.0
66000,0.0
66250,96.39999999999999
66500,100.0
66750,100.0
67000,100.0
67250,100.0
67500,18.4
67750,0.0
68000,0.0
68250,96.0
68500,100.0
68750,100.0
69000,100.0
69250,100.0
69500,18.8
69750,0.0
70000,0.0
70250,95.6
70500,100.0
70750,100.0
71000,100.0
71250,100.0
71500,19.2
71750,0.0
72000,0.0
72250,95.19999999999999
72500,100.0
72750,100.0
73000,100.0
73250,100.0
73500,19.6
73750,0.0
74000,0.0
74250,94.8
74500,100.0
74750,100.0
75000,100.0
75250,100.0
75500,20.0
75750,0.0
76000,0.0
76250,94.39999999999999
76500,100.0
76750,100.0
77000,100.0
77250,100.0
77500,20.4
77750,0.0
78000,0.0
78250,94.0
78500,100.0
78750,100.0
79000,100.0
79250,100.0
79500,20.8
79750,0.0
80000,0.0
80250,93.60000000000001
80500,100.0
80750,100.0
81000,100.0
81250,100.0
81500,21.2
81750,0.0
82000,0.0
82250,93.2
82500,100.0
82750,100.0
83000,100.0
83250,100.0
83500,21.6
83750,0.0
84000,0.0
84250,92.80000000000001
84500,100.0
84750,100.0
85000,100.0
85250,100.0
85500,22.0
85750,0.0
86000,0.0
86250,92.4
86500,100.0
86750,100.0
87000,100.0
87250,100.0
87500,22.400000000000002
87750,0.0
88000,0.0
88250,92.0
88500,100.0
88750,100.0
89000,100.0
89250,100.0
89500,22.8
89750,0.0
90000,0.0
90250,91.60000000000001
90500,100.0
90750,100.0
91000,100.0
91250,100.0
91500,23.200000000000003
91750,0.0
92000,0.0
92250,91.2
92500,100.0
92750,100.0
93000,100.0
93250,100.0
93500,23.599999999999998
93750,0.0
94000,0.0
94250,90.8
94500,100.0
94750,100.0
95000,100.0
95250,100.0
95500,24.0
95750,0.0
96000,0.0
96250,90.4
96500,100.0
96750,100.0
97000,100.0
97250,100.0
97500,24.4
97750,0.0
98000,0.0
98250,90.0
98500,100.0
98750,100.0
99000,100.0
99250,100.0
99500,24.8
99750,0.0
100000,0.0
100250,89.60000000000001
100500,100.0
100750,100.0
101000,100.0
101250,100.0
101500,25.2
101750,0.0
102000,0.0
102250,89.2
102500,100.0
102750,100.0
103000,100.0
103250,100.0
103500,25.6
103750,0.0
104000,0.0
104250,4.8
104500,0.0
104750,4.3999999999999995
105000,100.0
105250,100.0
105500,30.8
105750,0.0
106000,0.0
106250,4.8
106500,0.0
106750,4.3999999999999995
107000,100.0
107250,100.0
107500,30.8
107750,0.0
108000,0.0
108250,4.8
108500,0.0
108750,4.3999999999999995
109000,100.0
109250,100.0
109500,30.8
109750,0.0
110000,0.0
110250,4.8
110500,0.0
110750,4.3999999999999995
111000,100.0
111250,100.0
111500,30.8
111750,0.0
112000,0.0
112250,4.8
112500,0.0
112750,4.3999999999999995
113000,100.0
113250,100.0
113500,30.8
113750,0.0
114000,0.0
114250,4.8
114500,0.0
114750,4.3999999999999995
115000,100.0
115250,100.0
115500,30.8
115750,0.0
116000,0.0
116250,4.8
116500,0.0
116750,4.3999999999999995
117000,100.0
117250,100.0
117500,30.8
117750,0.0
118000,0.0
118250,4.8
118500,0.0
118750,4.3999999999999995
119000,100.0
119250,100.0
119500,30.8
119750,0.0
120000,0.0
120250,4.8
120500,0.0
120750,4.3999999999999995
121000,100.0
121250,100.0
121500,30.8
121750,0.0
122000,0.0
122250,4.8
122500,0.0
122750,4.3999999999999995
123000,100.0
123250,100.0
123500,30.8
123750,0.0
124000,0.0
124250,4.8
124500,0.0
124750,4.3999999999999995
125000,100.0
125250,100.0
125500,30.8
125750,0.0
126000,0.0
126250,4.8
126500,0.0
126750,4.3999999999999995
127000,100.0
127250,100.0
127500,30.8
127750,0.0
128000,0.0
128250,4.8
128500,0.0
128750,4.3999999999999995
129000,100.0
129250,100.0
129500,30.8
129750,0.0
130000,0.0
130250,4.8
130500,0.0
130750,4.3999999999999995
131000,100.0
131250,100.0
131500,30.8
131750,0.0
132000,0.0
132250,4.8
132500,0.0
132750,4.3999999999999995
133000,100.0
133250,100.0
133500,30.8
133750,0.0
134000,0.0
134250,4.8
134500,0.0
134750,4.3999999999999995
135000,100.0
135250,100.0
135500,30.8
135750,0.0
136000,0.0
136250,4.8
136500,0.0
136750,4.3999999999999995
137000,100.0
137250,100.0
137500,30.8
137750,0.0
138000,0.0
138250,4.8
138500,0.0
138750,4.3999999999999995
139000,100.0
139250,100.0
139500,30.8
139750,0.0
140000,0.0
140250,4.8
140500,0.0
140750,4.3999999999999995
141000,100.0
141250,100.0
141500,30.8
141750,0.0
142000,0.0
142250,4.8
142500,0.0
142750,4.3999999999999995
143000,100.0
143250,100.0
143500,30.8
143750,0.0
144000,0.0
144250,4.8
144500,0.0
144750,4.3999999999999995
145000,100.0
145250,100.0
145500,30.8
145750,0.0
146000,0.0
146250,4.8
146500,0.0
146750,4.3999999999999995
147000,100.0
147250,100.0
147500,30.8
147750,0.0
148000,0.0
148250,4.8
148500,0.0
148750,4.3999999999999995
149000,100.0
149250,100.0
149500,30.8
149750,0.0
150000,0.0
150250,4.8
150500,0.0
150750,4.3999999999999995
151000,100.0
151250,100.0
151500,30.8
151750,0.0
152000,0.0
152250,4.8
152500,0.0
152750,4.3999999999999995
153000,100.0
153250,100.0
153500,30.8
153750,0.0
154000,0.0
154250,5.2
154500,0.0
154750,4.0
155000,100.0
155250,100.0
155500,31.2
155750,0.0
156000,0.0
156250,88.4
156500,100.0
156750,100.0
157000,100.0
157250,100.0
157500,26.400000000000002
157750,0.0
158000,0.0
158250,88.0
158500,100.0
158750,100.0
159000,100.0
159250,100.0
159500,26.8
159750,0.0
160000,0.0
160250,87.6
160500,100.0
160750,100.0
161000,100.0
161250,100.0
161500,27.200000000000003
161750,0.0
162000,0.0
162250,87.2
162500,100.0
162750,100.0
163000,100.0
163250,100.0
163500,27.6
163750,0.0
164000,0.0
164250,86.8
164500,100.0
164750,100.0
165000,100.0
165250,100.0
165500,28.000000000000004
165750,0.0
166000,0.0
166250,86.4
166500,100.0
166750,100.0
167000,100.0
167250,100.0
167500,28.4
167750,0.0
168000,0.0
168250,86.0
168500,100.0
168750,100.0
169000,100.0
169250,100.0
169500,28.799999999999997
169750,0.0
170000,0.0
170250,85.6
170500,100.0
170750,100.0
171000,100.0
171250,100.0
171500,29.2
171750,0.0
172000,0.0
172250,85.2
172500,100.0
172750,100.0
173000,100.0
173250,100.0
173500,29.599999999999998
173750,0.0
174000,0.0
174250,84.8
174500,100.0
174750,100.0
175000,100.0
175250,100.0
175500,30.0
175750,0.0
176000,0.0
176250,84.39999999999999
176500,100.0
176750,100.0
177000,100.0
177250,100.0
177500,30.4
177750,0.0
178000,0.0
178250,84.0
178500,100.0
178750,100.0
179000,100.0
179250,100.0
179500,30.8
179750,0.0
180000,0.0
180250,83.6
180500,100.0
180750,100.0
181000,100.0
181250,100.0
181500,31.2
181750,0.0
182000,0.0
182250,83.2
182500,100.0
182750,100.0
183000,100.0
183250,100.0
183500,31.6
183750,0.0
184000,0.0
184250,82.8
184500,100.0
184750,100.0
185000,100.0
185250,100.0
185500,32.0
185750,0.0
186000,0.0
186250,82.39999999999999
186500,100.0
186750,100.0
187000,100.0
187250,100.0
187500,32.4
187750,0.0
188000,0.0
188250,82.0
188500,100.0
188750,100.0
189000,100.0
189250,100.0
189500,32.800000000000004
189750,0.0
190000,0.0
190250,81.6
190500,100.0
190750,100.0
191000,100.0
191250,100.0
191500,33.2
191750,0.0
192000,0.0
192250,81.2
192500,100.0
192750,100.0
193000,100.0
193250,100.0
193500,33.6
193750,0.0
194000,0.0
194250,80.80000000000001
194500,100.0
194750,100.0
195000,100.0
195250,100.0
195500,34.0
195750,0.0
196000,0.0
196250,80.4
196500,100.0
196750,100.0
197000,100.0
197250,100.0
197500,34.4
197750,0.0
198000,0.0
198250,80.0
198500,100.0
198750,100.0
199000,100.0
199250,100.0
199500,34.8
199750,0.0
200000,0.0
200250,79.60000000000001
200500,100.0
200750,100.0
201000,100.0
201250,100.0
201500,35.199999999999996
201750,0.0
202000,0.0
202250,79.2
202500,100.0
202750,100.0
203000,100.0
203250,100.0
203500,35.6
203750,0.0
204000,0.0
204250,78.8
204500,100.0
204750,100.0
205000,100.0
205250,100.0
205500,36.0
205750,0.0
206000,0.0
206250,4.8
206500,0.0
206750,0.0
207000,94.0
207250,100.0
207500,41.199999999999996
207750,0.0
208000,0.0
208250,4.8
208500,0.0
208750,0.0
209000,94.0
209250,100.0
209500,41.199999999999996
209750,0.0
210000,0.0
210250,4.8
210500,0.0
210750,0.0
211000,94.0
211250,100.0
211500,41.199999999999996
211750,0.0
212000,0.0
212250,4.8
212500,0.0
212750,0.0
213000,94.0
213250,100.0
213500,41.199999999999996
213750,0.0
214000,0.0
214250,4.8
214500,0.0
214750,0.0
215000,94.0
215250,100.0
215500,41.199999999999996
215750,0.0
216000,0.0
216250,4.8
216500,0.0
216750,0.0
217000,94.0
217250,100.0
217500,41.199999999999996
217750,0.0
218000,0.0
218250,4.8
218500,0.0
218750,0.0
219000,94.0
219250,100.0
219500,41.199999999999996
219750,0.0
220000,0.0
220250,4.8
220500,0.0
220750,0.0
221000,94.0
221250,100.0
221500,41.199999999999996
221750,0.0
222000,0.0
222250,4.8
222500,0.0
222750,0.0
223000,94.0
223250,100.0
223500,41.199999999999996
223750,0.0
224000,0.0
224250,4.8
224500,0.0
224750,0.0
225000,94.0
225250,100.0
225500,41.199999999999996
225750,0.0
226000,0.0
226250,4.8
226500,0.0
226750,0.0
227000,94.0
227250,100.0
227500,41.199999999999996
227750,0.0
228000,0.0
228250,4.8
228500,0.0
228750,0.0
229000,94.0
229250,100.0
229500,41.199999999999996
229750,0.0
230000,0.0
230250,4.8
230500,0.0
230750,0.0
231000,94.0
231250,100.0
231500,41.199999999999996
231750,0.0
232000,0.0
232250,4.8
232500,0.0
232750,0.0
233000,94.0
233250,100.0
233500,41.199999999999996
233750,0.0
234000,0.0
234250,4.8
234500,0.0
234750,0.0
235000,94.0
235250,100.0
235500,41.199999999999996
235750,0.0
236000,0.0
236250,4.8
236500,0.0
236750,0.0
237000,94.0
237250,100.0
237500,41.199999999999996
237750,0.0
238000,0.0
238250,4.8
238500,0.0
238750,0.0
239000,94.0
239250,100.0
239500,41.199999999999996
239750,0.0
240000,0.0
240250,4.8
240500,0.0
240750,0.0
241000,94.0
241250,100.0
241500,41.199999999999996
241750,0.0
242000,0.0
242250,4.8
242500,0.0
242750,0.0
243000,94.0
243250,100.0
243500,41.199999999999996
243750,0.0
244000,0.0
244250,4.8
244500,0.0
244750,0.0
245000,94.0
245250,100.0
245500,41.199999999999996
245750,0.0
246000,0.0
246250,4.8
246500,0.0
246750,0.0
247000,94.0
247250,100.0
247500,41.199999999999996
247750,0.0
248000,0.0
248250,4.8
248500,0.0
248750,0.0
249000,94.0
249250,100.0
249500,41.199999999999996
249750,0.0
250000,0.0
250250,4.8
250500,0.0
250750,0.0
251000,94.0
251250,100.0
251500,41.199999999999996
251750,0.0
252000,0.0
252250,4.8
252500,0.0
252750,0.0
253000,94.0
253250,100.0
253500,41.199999999999996
253750,0.0
254000,0.0
254250,4.8
254500,0.0
254750,0.0
255000,94.0
255250,100.0
255500,41.199999999999996
255750,0.0
256000,0.0
256250,5.2
256500,0.0
256750,0.0
257000,93.60000000000001
257250,100.0
257500,41.6
257750,0.0
258000,0.0
258250,78.0
258500,100.0
258750,100.0
259000,100.0
259250,100.0
259500,36.8
259750,0.0
260000,0.0
260250,77.60000000000001
260500,100.0
260750,100.0
261000,100.0
261250,100.0
261500,37.2
261750,0.0
262000,0.0
262250,77.2
262500,100.0
262750,100.0
263000,100.0
263250,100.0
263500,37.6
263750,0.0
264000,0.0
264250,76.8
264500,100.0
264750,100.0
265000,100.0
265250,100.0
265500,38.0
265750,0.0
266000,0.0
266250,76.4
266500,100.0
266750,100.0
267000,100.0
267250,100.0
267500,38.4
267750,0.0
268000,0.0
268250,76.0
268500,100.0
268750,100.0
269000,100.0
269250,100.0
269500,38.800000000000004
269750,0.0
270000,0.0
270250,75.6
270500,100.0
270750,100.0
271000,100.0
271250,100.0
271500,39.2
271750,0.0
272000,0.0
272250,75.2
272500,100.0
272750,100.0
273000,100.0
273250,100.0
273500,39.6
273750,0.0
274000,0.0
274250,74.8
274500,100.0
274750,100.0
275000,100.0
275250,100.0
275500,40.0
275750,0.0
276000,0.0
276250,74.4
276500,100.0
276750,100.0
277000,100.0
277250,100.0
277500,40.400000000000006
277750,0.0
278000,0.0
278250,74.0
278500,100.0
278750,100.0
279000,100.0
279250,100.0
279500,40.8
279750,0.0
280000,0.0
280250,73.6
280500,100.0
280750,100.0
281000,100.0
281250,100.0
281500,41.199999999999996
281750,0.0
282000,0.0
282250,73.2
282500,100.0
282750,100.0
283000,100.0
283250,100.0
283500,41.6
283750,0.0
284000,0.0
284250,72.8
284500,100.0
284750,100.0
285000,100.0
285250,100.0
285500,42.0
285750,0.0
286000,0.0
286250,72.39999999999999
286500,100.0
286750,100.0
287000,100.0
287250,100.0
287500,42.4
287750,0.0
288000,0.0
288250,72.0
288500,100.0
288750,100.0
289000,100.0
289250,100.0
289500,42.8
289750,0.0
290000,0.0
290250,71.6
290500,100.0
290750,100.0
291000,100.0
291250,100.0
291500,43.2
291750,0.0
292000,0.0
292250,71.2
292500,100.0
292750,100.0
293000,100.0
293250,100.0
293500,43.6
293750,0.0
294000,0.0
294250,70.8
294500,100.0
294750,100.0
295000,100.0
295250,100.0
295500,44.0
295750,0.0
296000,0.0
296250,70.39999999999999
296500,100.0
296750,100.0
297000,100.0
297250,100.0
297500,44.4
297750,0.0
298000,0.0
298250,70.0
298500,100.0
298750,100.0
299000,100.0
299250,100.0
299500,44.800000000000004
299750,0.0
300000,0.0
300250,69.6
300500,100.0
300750,100.0
301000,100.0
301250,100.0
301500,45.2
301750,0.0
302000,0.0
302250,69.19999999999999
302500,100.0
302750,100.0
303000,100.0
303250,100.0
303500,45.6
303750,0.0
304000,0.0
304250,68.8
304500,100.0
304750,100.0
305000,100.0
305250,100.0
305500,46.0
305750,0.0
306000,0.0
