250,0.0
500,0.0
750,0.0
1000,0.0
1250,0.0
1500,0.0
1750,0.0
2000,0.0
2250,19.2
2500,100.0
2750,100.0
3000,100.0
3250,100.0
3500,100.0
3750,100.0
4000,20.4
4250,19.6
4500,100.0
4750,100.0
5000,100.0
5250,100.0
5500,100.0
5750,100.0
6000,20.4
6250,19.6
6500,100.0
6750,100.0
7000,100.0
7250,100.0
7500,100.0
7750,100.0
8000,20.4
8250,19.6
8500,100.0
8750,100.0
9000,100.0
9250,100.0
9500,100.0
9750,100.0
10000,20.4
10250,19.6
10500,100.0
10750,100.0
11000,100.0
11250,100.0
11500,100.0
11750,100.0
12000,20.4
12250,19.6
12500,100.0
12750,100.0
13000,100.0
13250,100.0
13500,100.0
13750,100.0
14000,20.4
14250,19.6
14500,100.0
14750,100.0
15000,100.0
15250,100.0
15500,100.0
15750,100.0
16000,20.4
16250,19.6
16500,100.0
16750,100.0
17000,100.0
17250,100.0
17500,100.0
17750,100.0
18000,20.4
18250,19.6
18500,100.0
18750,100.0
19000,100.0
19250,100.0
19500,100.0
19750,100.0
20000,20.4
20250,19.6
20500,100.0
20750,100.0
21000,100.0
21250,100.0
21500,100.0
21750,100.0
22000,20.4
22250,19.6
22500,100.0
22750,100.0
23000,100.0
23250,100.0
23500,100.0
23750,100.0
24000,20.4
24250,19.6
24500,100.0
24750,100.0
25000,100.0
25250,100.0
25500,100.0
25750,100.0
26000,20.4
26250,19.6
26500,100.0
26750,100.0
27000,100.0
27250,100.0
27500,100.0
27750,100.0
28000,20.4
28250,19.6
28500,100.0
28750,100.0
29000,100.0
29250,100.0
29500,100.0
29750,100.0
30000,20.4
30250,19.6
30500,100.0
30750,100.0
31000,100.0
31250,100.0
31500,100.0
31750,100.0
32000,20.4
32250,19.6
32500,100.0
32750,100.0
33000,100.0
33250,100.0
33500,100.0
33750,100.0
34000,20.4
34250,19.6
34500,100.0
34750,100.0
35000,100.0
35250,100.0
35500,100.0
35750,100.0
36000,20.4
36250,19.6
36500,100.0
36750,100.0
37000,100.0
37250,100.0
37500,100.0
37750,100.0
38000,20.4
38250,19.6
38500,100.0
38750,100.0
39000,100.0
39250,100.0
39500,100.0
39750,100.0
40000,20.4
40250,19.6
40500,100.0
40750,100.0
41000,100.0
41250,100.0
41500,100.0
41750,100.0
42000,20.4
42250,19.6
42500,100.0
42750,100.0
43000,100.0
43250,100.0
43500,100.0
43750,100.0
44000,20.4
44250,19.6
44500,100.0
44750,100.0
45000,100.0
45250,100.0
45500,100.0
45750,100.0
46000,20.4
46250,19.6
46500,100.0
46750,100.0
47000,100.0
47250,100.0
47500,100.0
47750,100.0
48000,20.4
48250,19.6
48500,100.0
48750,100.0
49000,100.0
49250,100.0
49500,100.0
49750,100.0
50000,20.4
50250,19.6
50500,100.0
50750,100.0
51000,100.0
51250,100.0
51500,100.0
51750,100.0
52000,20.4
52250,19.6
52500,100.0
52750,100.0
53000,100.0
53250,100.0
53500,100.0
53750,100.0
54000,20.8
54250,98.8
54500,100.0
54750,100.0
55000,100.0
55250,100.0
55500,100.0
55750,100.0
56000,14.000000000000002
56250,98.4
56500,100.0
56750,100.0
57000,100.0
57250,100.0
57500,100.0
57750,100.0
58000,14.399999999999999
58250,98.0
58500,100.0
58750,100.0
59000,100.0
59250,100.0
59500,100.0
59750,100.0
60000,14.799999999999999
60250,97.6
60500,100.0
60750,100.0
61000,100.0
61250,100.0
61500,100.0
61750,100.0
62000,15.2
62250,97.2
62500,100.0
62750,100.0
63000,100.0
63250,100.0
63500,100.0
63750,100.0
64000,15.6
64250,96.8
64500,100.0
64750,100.0
65000,100.0
65250,100.0
65500,100.0
65750,100.0
66000,16.0
66250,96.39999999999999
66500,100.0
66750,100.0
67000,100.0
67250,100.0
67500,100.0
67750,100.0
68000,16.400000000000002
68250,96.0
68500,100.0
68750,100.0
69000,100.0
69250,100.0
69500,100.0
69750,100.0
70000,16.8
70250,95.6
70500,100.0
70750,100.0
71000,100.0
71250,100.0
71500,100.0
71750,100.0
72000,17.2
72250,95.19999999999999
72500,100.0
72750,100.0
73000,100.0
73250,100.0
73500,100.0
73750,100.0
74000,17.599999999999998
74250,94.8
74500,100.0
74750,100.0
75000,100.0
75250,100.0
75500,100.0
75750,100.0
76000,18.0
76250,94.39999999999999
76500,100.0
76750,100.0
77000,100.0
77250,100.0
77500,100.0
77750,100.0
78000,18.4
78250,94.0
78500,100.0
78750,100.0
79000,100.0
79250,100.0
79500,100.0
79750,100.0
80000,18.8
80250,93.60000000000001
80500,100.0
80750,100.0
81000,100.0
81250,100.0
81500,100.0
81750,100.0
82000,19.2
82250,93.2
82500,100.0
82750,100.0
83000,100.0
83250,100.0
83500,100.0
83750,100.0
84000,19.6
84250,92.80000000000001
84500,100.0
84750,100.0
85000,100.0
85250,100.0
85500,100.0
85750,100.0
86000,20.0
86250,92.4
86500,100.0
86750,100.0
87000,100.0
87250,100.0
87500,100.0
87750,100.0
88000,20.4
88250,92.0
88500,100.0
88750,100.0
89000,100.0
89250,100.0
89500,100.0
89750,100.0
90000,20.8
90250,91.60000000000001
90500,100.0
90750,100.0
91000,100.0
91250,100.0
91500,100.0
91750,100.0
92000,21.2
92250,91.2
92500,100.0
92750,100.0
93000,100.0
93250,100.0
93500,100.0
93750,100.0
94000,21.6
94250,90.8
94500,100.0
94750,100.0
95000,100.0
95250,100.0
95500,100.0
95750,100.0
96000,22.0
96250,90.4
96500,100.0
96750,100.0
97000,100.0
97250,100.0
97500,100.0
97750,100.0
98000,22.400000000000002
98250,90.0
98500,100.0
98750,100.0
99000,100.0
99250,100.0
99500,100.0
99750,100.0
100000,22.8
100250,89.60000000000001
100500,100.0
100750,100.0
101000,100.0
101250,100.0
101500,100.0
101750,100.0
102000,23.200000000000003
102250,89.2
102500,100.0
102750,100.0
103000,100.0
103250,100.0
103500,100.0
103750,100.0
104000,23.599999999999998
104250,9.2
104500,100.0
104750,100.0
105000,100.0
105250,100.0
105500,100.0
105750,100.0
106000,30.8
106250,9.2
106500,100.0
106750,100.0
107000,100.0
107250,100.0
107500,100.0
107750,100.0
108000,30.8
108250,9.2
108500,100.0
108750,100.0
109000,100.0
109250,100.0
109500,100.0
109750,100.0
110000,30.8
110250,9.2
110500,100.0
110750,100.0
111000,100.0
111250,100.0
111500,100.0
111750,100.0
112000,30.8
112250,9.2
112500,100.0
112750,100.0
113000,100.0
113250,100.0
113500,100.0
113750,100.0
114000,30.8
114250,9.2
114500,100.0
114750,100.0
115000,100.0
115250,100.0
115500,100.0
115750,100.0
116000,30.8
116250,9.2
116500,100.0
116750,100.0
117000,100.0
117250,100.0
117500,100.0
117750,100.0
118000,30.8
118250,9.2
118500,100.0
118750,100.0
119000,100.0
119250,100.0
119500,100.0
119750,100.0
120000,30.8
120250,9.2
120500,100.0
120750,100.0
121000,100.0
121250,100.0
121500,100.0
121750,100.0
122000,30.8
122250,9.2
122500,100.0
122750,100.0
123000,100.0
123250,100.0
123500,100.0
123750,100.0
124000,30.8
124250,9.2
124500,100.0
124750,100.0
125000,100.0
125250,100.0
125500,100.0
125750,100.0
126000,30.8
126250,9.2
126500,100.0
126750,100.0
127000,100.0
127250,100.0
127500,100.0
127750,100.0
128000,30.8
128250,9.2
128500,100.0
128750,100.0
129000,100.0
129250,100.0
129500,100.0
129750,100.0
130000,30.8
130250,9.2
130500,100.0
130750,100.0
131000,100.0
131250,100.0
131500,100.0
131750,100.0
132000,30.8
132250,9.2
132500,100.0
132750,100.0
133000,100.0
133250,100.0
133500,100.0
133750,100.0
134000,30.8
134250,9.2
134500,100.0
134750,100.0
135000,100.0
135250,100.0
135500,100.0
135750,100.0
136000,30.8
136250,9.2
136500,100.0
136750,100.0
137000,100.0
137250,100.0
137500,100.0
137750,100.0
138000,30.8
138250,9.2
138500,100.0
138750,100.0
139000,100.0
139250,100.0
139500,100.0
139750,100.0
140000,30.8
140250,9.2
140500,100.0
140750,100.0
141000,100.0
141250,100.0
141500,100.0
141750,100.0
142000,30.8
142250,9.2
142500,100.0
142750,100.0
143000,100.0
143250,100.0
143500,100.0
143750,100.0
144000,30.8
144250,9.2
144500,100.0
144750,100.0
145000,100.0
145250,100.0
145500,100.0
145750,100.0
146000,30.8
146250,9.2
146500,100.0
146750,100.0
147000,100.0
147250,100.0
147500,100.0
147750,100.0
148000,30.8
148250,9.2
148500,100.0
148750,100.0
149000,100.0
149250,100.0
149500,100.0
149750,100.0
150000,30.8
150250,9.2
150500,100.0
150750,100.0
151000,100.0
151250,100.0
151500,100.0
151750,100.0
152000,30.8
152250,9.2
152500,100.0
152750,100.0
153000,100.0
153250,100.0
153500,100.0
153750,100.0
154000,30.8
154250,9.2
154500,100.0
154750,100.0
155000,100.0
155250,100.0
155500,100.0
155750,100.0
156000,31.2
156250,88.4
156500,100.0
156750,100.0
157000,100.0
157250,100.0
157500,100.0
157750,100.0
158000,24.4
158250,88.0
158500,100.0
158750,100.0
159000,100.0
159250,100.0
159500,100.0
159750,100.0
160000,24.8
160250,87.6
160500,100.0
160750,100.0
161000,100.0
161250,100.0
161500,100.0
161750,100.0
162000,25.2
162250,87.2
162500,100.0
162750,100.0
163000,100.0
163250,100.0
163500,100.0
163750,100.0
164000,25.6
164250,86.8
164500,100.0
164750,100.0
165000,100.0
165250,100.0
165500,100.0
165750,100.0
166000,26.0
166250,86.4
166500,100.0
166750,100.0
167000,100.0
167250,100.0
167500,100.0
167750,100.0
168000,26.400000000000002
168250,86.0
168500,100.0
168750,100.0
169000,100.0
169250,100.0
169500,100.0
169750,100.0
170000,26.8
170250,85.6
170500,100.0
170750,100.0
171000,100.0
171250,100.0
171500,100.0
171750,100.0
172000,27.200000000000003
172250,85.2
172500,100.0
172750,100.0
173000,100.0
173250,100.0
173500,100.0
173750,100.0
174000,27.6
174250,84.8
174500,100.0
174750,100.0
175000,100.0
175250,100.0
175500,100.0
175750,100.0
176000,28.000000000000004
176250,84.39999999999999
176500,100.0
176750,100.0
177000,100.0
177250,100.0
177500,100.0
177750,100.0
178000,28.4
178250,84.0
178500,100.0
178750,100.0
179000,100.0
179250,100.0
179500,100.0
179750,100.0
180000,28.799999999999997
180250,83.6
180500,100.0
180750,100.0
181000,100.0
181250,100.0
181500,100.0
181750,100.0
182000,29.2
182250,83.2
182500,100.0
182750,100.0
183000,100.0
183250,100.0
183500,100.0
183750,100.0
184000,29.599999999999998
184250,82.8
184500,100.0
184750,100.0
185000,100.0
185250,100.0
185500,100.0
185750,100.0
186000,30.0
186250,82.39999999999999
186500,100.0
186750,100.0
187000,100.0
187250,100.0
187500,100.0
187750,100.0
188000,30.4
188250,82.0
188500,100.0
188750,100.0
189000,100.0
189250,100.0
189500,100.0
189750,100.0
190000,30.8
190250,81.6
190500,100.0
190750,100.0
191000,100.0
191250,100.0
191500,100.0
191750,100.0
192000,31.2
192250,81.2
192500,100.0
192750,100.0
193000,100.0
193250,100.0
193500,100.0
193750,100.0
194000,31.6
194250,80.80000000000001
194500,100.0
194750,100.0
195000,100.0
195250,100.0
195500,100.0
195750,100.0
196000,32.0
196250,80.4
196500,100.0
196750,100.0
197000,100.0
197250,100.0
197500,100.0
197750,100.0
198000,32.4
198250,80.0
198500,100.0
198750,100.0
199000,100.0
199250,100.0
199500,100.0
199750,100.0
200000,32.800000000000004
200250,79.60000000000001
200500,100.0
200750,100.0
201000,100.0
201250,100.0
201500,100.0
201750,100.0
202000,33.2
202250,79.2
202500,100.0
202750,100.0
203000,100.0
203250,100.0
203500,100.0
203750,100.0
204000,33.6
204250,78.8
204500,100.0
204750,100.0
205000,100.0
205250,100.0
205500,100.0
205750,100.0
206000,34.0
206250,6.800000000000001
206500,92.0
206750,100.0
207000,100.0
207250,100.0
207500,100.0
207750,100.0
208000,41.199999999999996
208250,6.800000000000001
208500,92.0
208750,100.0
209000,100.0
209250,100.0
209500,100.0
209750,100.0
210000,41.199999999999996
210250,6.800000000000001
210500,92.0
210750,100.0
211000,100.0
211250,100.0
211500,100.0
211750,100.0
212000,41.199999999999996
212250,6.800000000000001
212500,92.0
212750,100.0
213000,100.0
213250,100.0
213500,100.0
213750,100.0
214000,41.199999999999996
214250,6.800000000000001
214500,92.0
214750,100.0
215000,100.0
215250,100.0
215500,100.0
215750,100.0
216000,41.199999999999996
216250,6.800000000000001
216500,92.0
216750,100.0
217000,100.0
217250,100.0
217500,100.0
217750,100.0
218000,41.199999999999996
218250,6.800000000000001
218500,92.0
218750,100.0
219000,100.0
219250,100.0
219500,100.0
219750,100.0
220000,41.199999999999996
220250,6.800000000000001
220500,92.0
220750,100.0
221000,100.0
221250,100.0
221500,100.0
221750,100.0
222000,41.199999999999996
222250,6.800000000000001
222500,92.0
222750,100.0
223000,100.0
223250,100.0
223500,100.0
223750,100.0
224000,41.199999999999996
224250,6.800000000000001
224500,92.0
224750,100.0
225000,100.0
225250,100.0
225500,100.0
225750,100.0
226000,41.199999999999996
226250,6.800000000000001
226500,92.0
226750,100.0
227000,100.0
227250,100.0
227500,100.0
227750,100.0
228000,41.199999999999996
228250,6.800000000000001
228500,92.0
228750,100.0
229000,100.0
229250,100.0
229500,100.0
229750,100.0
230000,41.199999999999996
230250,6.800000000000001
230500,92.0
230750,100.0
231000,100.0
231250,100.0
231500,100.0
231750,100.0
232000,41.199999999999996
232250,6.800000000000001
232500,92.0
232750,100.0
233000,100.0
233250,100.0
233500,100.0
233750,100.0
234000,41.199999999999996
234250,6.800000000000001
234500,92.0
234750,100.0
235000,100.0
235250,100.0
235500,100.0
235750,100.0
236000,41.199999999999996
236250,6.800000000000001
236500,92.0
236750,100.0
237000,100.0
237250,100.0
237500,100.0
237750,100.0
238000,41.199999999999996
238250,6.800000000000001
238500,92.0
238750,100.0
239000,100.0
239250,100.0
239500,100.0
239750,100.0
240000,41.199999999999996
240250,6.800000000000001
240500,92.0
240750,100.0
241000,100.0
241250,100.0
241500,100.0
241750,100.0
242000,41.199999999999996
242250,6.800000000000001
242500,92.0
242750,100.0
243000,100.0
243250,100.0
243500,100.0
243750,100.0
244000,41.199999999999996
244250,6.800000000000001
244500,92.0
244750,100.0
245000,100.0
245250,100.0
245500,100.0
245750,100.0
246000,41.199999999999996
246250,6.800000000000001
246500,92.0
246750,100.0
247000,100.0
247250,100.0
247500,100.0
247750,100.0
248000,41.199999999999996
248250,6.800000000000001
248500,92.0
248750,100.0
249000,100.0
249250,100.0
249500,100.0
249750,100.0
250000,41.199999999999996
250250,6.800000000000001
250500,92.0
250750,100.0
251000,100.0
251250,100.0
251500,100.0
251750,100.0
252000,41.199999999999996
252250,6.800000000000001
252500,92.0
252750,100.0
253000,100.0
253250,100.0
253500,100.0
253750,100.0
254000,41.199999999999996
254250,6.800000000000001
254500,92.0
254750,100.0
255000,100.0
255250,100.0
255500,100.0
255750,100.0
256000,41.199999999999996
256250,7.199999999999999
256500,91.60000000000001
256750,100.0
257000,100.0
257250,100.0
257500,100.0
257750,100.0
258000,41.6
258250,78.0
258500,100.0
258750,100.0
259000,100.0
259250,100.0
259500,100.0
259750,100.0
260000,34.8
260250,77.60000000000001
260500,100.0
260750,100.0
261000,100.0
261250,100.0
261500,100.0
261750,100.0
262000,35.199999999999996
262250,77.2
262500,100.0
262750,100.0
263000,100.0
263250,100.0
263500,100.0
263750,100.0
264000,35.6
264250,76.8
264500,100.0
264750,100.0
265000,100.0
265250,100.0
265500,100.0
265750,100.0
266000,36.0
266250,76.4
266500,100.0
266750,100.0
267000,100.0
267250,100.0
267500,100.0
267750,100.0
268000,36.4
268250,76.0
268500,100.0
268750,100.0
269000,100.0
269250,100.0
269500,100.0
269750,100.0
270000,36.8
270250,75.6
270500,100.0
270750,100.0
271000,100.0
271250,100.0
271500,100.0
271750,100.0
272000,37.2
272250,75.2
272500,100.0
272750,100.0
273000,100.0
273250,100.0
273500,100.0
273750,100.0
274000,37.6
274250,74.8
274500,100.0
274750,100.0
275000,100.0
275250,100.0
275500,100.0
275750,100.0
276000,38.0
276250,74.4
276500,100.0
276750,100.0
277000,100.0
277250,100.0
277500,100.0
277750,100.0
278000,38.4
278250,74.0
278500,100.0
278750,100.0
279000,100.0
279250,100.0
279500,100.0
279750,100.0
280000,38.800000000000004
280250,73.6
280500,100.0
280750,100.0
281000,100.0
281250,100.0
281500,100.0
281750,100.0
282000,39.2
282250,73.2
282500,100.0
282750,100.0
283000,100.0
283250,100.0
283500,100.0
283750,100.0
284000,39.6
284250,72.8
284500,100.0
284750,100.0
285000,100.0
285250,100.0
285500,100.0
285750,100.0
286000,40.0
286250,72.39999999999999
286500,100.0
286750,100.0
287000,100.0
287250,100.0
287500,100.0
287750,100.0
288000,40.400000000000006
288250,72.0
288500,100.0
288750,100.0
289000,100.0
289250,100.0
289500,100.0
289750,100.0
290000,40.8
290250,71.6
290500,100.0
290750,100.0
291000,100.0
291250,100.0
291500,100.0
291750,100.0
292000,41.199999999999996
292250,71.2
292500,100.0
292750,100.0
293000,100.0
293250,100.0
293500,100.0
293750,100.0
294000,41.6
294250,70.8
294500,100.0
294750,100.0
295000,100.0
295250,100.0
295500,100.0
295750,100.0
296000,42.0
296250,70.39999999999999
296500,100.0
296750,100.0
297000,100.0
297250,100.0
297500,100.0
297750,100.0
298000,42.4
298250,70.0
298500,100.0
298750,100.0
299000,100.0
299250,100.0
299500,100.0
299750,100.0
300000,42.8
300250,69.6
300500,100.0
300750,100.0
301000,100.0
301250,100.0
301500,100.0
301750,100.0
302000,43.2
302250,69.19999999999999
302500,100.0
302750,100.0
303000,100.0
303250,100.0
303500,100.0
303750,100.0
304000,43.6
304250,68.8
304500,100.0
304750,100.0
305000,100.0
305250,100.0
305500,100.0
305750,100.0
306000,44.0
