250,0.0
500,0.0
750,0.0
1000,0.0
1250,0.0
1500,0.0
1750,0.0
2000,0.0
2250,6.4
2500,72.8
2750,100.0
3000,100.0
3250,100.0
3500,100.0
3750,80.4
4000,0.0
4250,6.4
4500,73.2
4750,100.0
5000,100.0
5250,100.0
5500,100.0
5750,80.4
6000,0.0
6250,6.4
6500,73.2
6750,100.0
7000,100.0
7250,100.0
7500,100.0
7750,80.4
8000,0.0
8250,6.4
8500,73.2
8750,100.0
9000,100.0
9250,100.0
9500,100.0
9750,80.4
10000,0.0
10250,6.4
10500,73.2
10750,100.0
11000,100.0
11250,100.0
11500,100.0
11750,80.4
12000,0.0
12250,6.4
12500,73.2
12750,100.0
13000,100.0
13250,100.0
13500,100.0
13750,80.4
14000,0.0
14250,6.4
14500,73.2
14750,100.0
15000,100.0
15250,100.0
15500,100.0
15750,80.4
16000,0.0
16250,6.4
16500,73.2
16750,100.0
17000,100.0
17250,100.0
17500,100.0
17750,80.4
18000,0.0
18250,6.4
18500,73.2
18750,100.0
19000,100.0
19250,100.0
19500,100.0
19750,80.4
20000,0.0
20250,6.4
20500,73.2
20750,100.0
21000,100.0
21250,100.0
21500,100.0
21750,80.4
22000,0.0
22250,6.4
22500,73.2
22750,100.0
23000,100.0
23250,100.0
23500,100.0
23750,80.4
24000,0.0
24250,6.4
24500,73.2
24750,100.0
25000,100.0
25250,100.0
25500,100.0
25750,80.4
26000,0.0
26250,6.4
26500,73.2
26750,100.0
27000,100.0
27250,100.0
27500,100.0
27750,80.4
28000,0.0
28250,6.4
28500,73.2
28750,100.0
29000,100.0
29250,100.0
29500,100.0
29750,80.4
30000,0.0
30250,6.4
30500,73.2
30750,100.0
31000,100.0
31250,100.0
31500,100.0
31750,80.4
32000,0.0
32250,6.4
32500,73.2
32750,100.0
33000,100.0
33250,100.0
33500,100.0
33750,80.4
34000,0.0
34250,6.4
34500,73.2
34750,100.0
35000,100.0
35250,100.0
35500,100.0
35750,80.4
36000,0.0
36250,6.4
36500,73.2
36750,100.0
37000,100.0
37250,100.0
37500,100.0
37750,80.4
38000,0.0
38250,6.4
38500,73.2
38750,100.0
39000,100.0
39250,100.0
39500,100.0
39750,80.4
40000,0.0
40250,6.4
40500,73.2
40750,100.0
41000,100.0
41250,100.0
41500,100.0
41750,80.4
42000,0.0
42250,6.4
42500,73.2
42750,100.0
43000,100.0
43250,100.0
43500,100.0
43750,80.4
44000,0.0
44250,6.4
44500,73.2
44750,100.0
45000,100.0
45250,100.0
45500,100.0
45750,80.4
46000,0.0
46250,6.4
46500,73.2
46750,100.0
47000,100.0
47250,100.0
47500,100.0
47750,80.4
48000,0.0
48250,6.4
48500,73.2
48750,100.0
49000,100.0
49250,100.0
49500,100.0
49750,80.4
50000,0.0
50250,6.4
50500,73.2
50750,100.0
51000,100.0
51250,100.0
51500,100.0
51750,80.4
52000,0.0
52250,6.800000000000001
52500,72.8
52750,100.0
53000,100.0
53250,100.0
53500,100.0
53750,80.80000000000001
54000,0.0
54250,98.8
54500,100.0
54750,100.0
55000,100.0
55250,100.0
55500,100.0
55750,74.4
56000,0.0
56250,98.4
56500,100.0
56750,100.0
57000,100.0
57250,100.0
57500,100.0
57750,74.8
58000,0.0
58250,98.0
58500,100.0
58750,100.0
59000,100.0
59250,100.0
59500,100.0
59750,75.2
60000,0.0
60250,97.6
60500,100.0
60750,100.0
61000,100.0
61250,100.0
61500,100.0
61750,75.6
62000,0.0
62250,97.2
62500,100.0
62750,100.0
63000,100.0
63250,100.0
63500,100.0
63750,76.0
64000,0.0
64250,96.8
64500,100.0
64750,100.0
65000,100.0
65250,100.0
65500,100.0
65750,76.4
66000,0.0
66250,96.39999999999999
66500,100.0
66750,100.0
67000,100.0
67250,100.0
67500,100.0
67750,76.8
68000,0.0
68250,96.0
68500,100.0
68750,100.0
69000,100.0
69250,100.0
69500,100.0
69750,77.2
70000,0.0
70250,95.6
70500,100.0
70750,100.0
71000,100.0
71250,100.0
71500,100.0
71750,77.60000000000001
72000,0.0
72250,95.19999999999999
72500,100.0
72750,100.0
73000,100.0
73250,100.0
73500,100.0
73750,78.0
74000,0.0
74250,94.8
74500,100.0
74750,100.0
75000,100.0
75250,100.0
75500,100.0
75750,78.4
76000,0.0
76250,94.39999999999999
76500,100.0
76750,100.0
77000,100.0
77250,100.0
77500,100.0
77750,78.8
78000,0.0
78250,94.0
78500,100.0
78750,100.0
79000,100.0
79250,100.0
79500,100.0
79750,79.2
80000,0.0
80250,93.60000000000001
80500,100.0
80750,100.0
81000,100.0
81250,100.0
81500,100.0
81750,79.60000000000001
82000,0.0
82250,93.2
82500,100.0
82750,100.0
83000,100.0
83250,100.0
83500,100.0
83750,80.0
84000,0.0
84250,92.80000000000001
84500,100.0
84750,100.0
85000,100.0
85250,100.0
85500,100.0
85750,80.4
86000,0.0
86250,92.4
86500,100.0
86750,100.0
87000,100.0
87250,100.0
87500,100.0
87750,80.80000000000001
88000,0.0
88250,92.0
88500,100.0
88750,100.0
89000,100.0
89250,100.0
89500,100.0
89750,81.2
90000,0.0
90250,91.60000000000001
90500,100.0
90750,100.0
91000,100.0
91250,100.0
91500,100.0
91750,81.6
92000,0.0
92250,91.2
92500,100.0
92750,100.0
93000,100.0
93250,100.0
93500,100.0
93750,82.0
94000,0.0
94250,90.8
94500,100.0
94750,100.0
95000,100.0
95250,100.0
95500,100.0
95750,82.39999999999999
96000,0.0
96250,90.4
96500,100.0
96750,100.0
97000,100.0
97250,100.0
97500,100.0
97750,82.8
98000,0.0
98250,90.0
98500,100.0
98750,100.0
99000,100.0
99250,100.0
99500,100.0
99750,83.2
100000,0.0
100250,89.60000000000001
100500,100.0
100750,100.0
101000,100.0
101250,100.0
101500,100.0
101750,83.6
102000,0.0
102250,89.2
102500,100.0
102750,100.0
103000,100.0
103250,100.0
103500,100.0
103750,84.0
104000,0.0
104250,6.4
104500,62.8
104750,100.0
105000,100.0
105250,100.0
105500,100.0
105750,90.8
106000,0.0
106250,6.4
106500,62.8
106750,100.0
107000,100.0
107250,100.0
107500,100.0
107750,90.8
108000,0.0
108250,6.4
108500,62.8
108750,100.0
109000,100.0
109250,100.0
109500,100.0
109750,90.8
110000,0.0
110250,6.4
110500,62.8
110750,100.0
111000,100.0
111250,100.0
111500,100.0
111750,90.8
112000,0.0
112250,6.4
112500,62.8
112750,100.0
113000,100.0
113250,100.0
113500,100.0
113750,90.8
114000,0.0
114250,6.4
114500,62.8
114750,100.0
115000,100.0
115250,100.0
115500,100.0
115750,90.8
116000,0.0
116250,6.4
116500,62.8
116750,100.0
117000,100.0
117250,100.0
117500,100.0
117750,90.8
118000,0.0
118250,6.4
118500,62.8
118750,100.0
119000,100.0
119250,100.0
119500,100.0
119750,90.8
120000,0.0
120250,6.4
120500,62.8
120750,100.0
121000,100.0
121250,100.0
121500,100.0
121750,90.8
122000,0.0
122250,6.4
122500,62.8
122750,100.0
123000,100.0
123250,100.0
123500,100.0
123750,90.8
124000,0.0
124250,6.4
124500,62.8
124750,100.0
125000,100.0
125250,100.0
125500,100.0
125750,90.8
126000,0.0
126250,6.4
126500,62.8
126750,100.0
127000,100.0
127250,100.0
127500,100.0
127750,90.8
128000,0.0
128250,6.4
128500,62.8
128750,100.0
129000,100.0
129250,100.0
129500,100.0
129750,90.8
130000,0.0
130250,6.4
130500,62.8
130750,100.0
131000,100.0
131250,100.0
131500,100.0
131750,90.8
132000,0.0
132250,6.4
132500,62.8
132750,100.0
133000,100.0
133250,100.0
133500,100.0
133750,90.8
134000,0.0
134250,6.4
134500,62.8
134750,100.0
135000,100.0
135250,100.0
135500,100.0
135750,90.8
136000,0.0
136250,6.4
136500,62.8
136750,100.0
137000,100.0
137250,100.0
137500,100.0
137750,90.8
138000,0.0
138250,6.4
138500,62.8
138750,100.0
139000,100.0
139250,100.0
139500,100.0
139750,90.8
140000,0.0
140250,6.4
140500,62.8
140750,100.0
141000,100.0
141250,100.0
141500,100.0
141750,90.8
142000,0.0
142250,6.4
142500,62.8
142750,100.0
143000,100.0
143250,100.0
143500,100.0
143750,90.8
144000,0.0
144250,6.4
144500,62.8
144750,100.0
145000,100.0
145250,100.0
145500,100.0
145750,90.8
146000,0.0
146250,6.4
146500,62.8
146750,100.0
147000,100.0
147250,100.0
147500,100.0
147750,90.8
148000,0.0
148250,6.4
148500,62.8
148750,100.0
149000,100.0
149250,100.0
149500,100.0
149750,90.8
150000,0.0
150250,6.4
150500,62.8
150750,100.0
151000,100.0
151250,100.0
151500,100.0
151750,90.8
152000,0.0
152250,6.4
152500,62.8
152750,100.0
153000,100.0
153250,100.0
153500,100.0
153750,90.8
154000,0.0
154250,6.800000000000001
154500,62.4
154750,100.0
155000,100.0
155250,100.0
155500,100.0
155750,91.2
156000,0.0
156250,88.4
156500,100.0
156750,100.0
157000,100.0
157250,100.0
157500,100.0
157750,84.8
158000,0.0
158250,88.0
158500,100.0
158750,100.0
159000,100.0
159250,100.0
159500,100.0
159750,85.2
160000,0.0
160250,87.6
160500,100.0
160750,100.0
161000,100.0
161250,100.0
161500,100.0
161750,85.6
162000,0.0
162250,87.2
162500,100.0
162750,100.0
163000,100.0
163250,100.0
163500,100.0
163750,86.0
164000,0.0
164250,86.8
164500,100.0
164750,100.0
165000,100.0
165250,100.0
165500,100.0
165750,86.4
166000,0.0
166250,86.4
166500,100.0
166750,100.0
167000,100.0
167250,100.0
167500,100.0
167750,86.8
168000,0.0
168250,86.0
168500,100.0
168750,100.0
169000,100.0
169250,100.0
169500,100.0
169750,87.2
170000,0.0
170250,85.6
170500,100.0
170750,100.0
171000,100.0
171250,100.0
171500,100.0
171750,87.6
172000,0.0
172250,85.2
172500,100.0
172750,100.0
173000,100.0
173250,100.0
173500,100.0
173750,88.0
174000,0.0
174250,84.8
174500,100.0
174750,100.0
175000,100.0
175250,100.0
175500,100.0
175750,88.4
176000,0.0
176250,84.39999999999999
176500,100.0
176750,100.0
177000,100.0
177250,100.0
177500,100.0
177750,88.8
178000,0.0
178250,84.0
178500,100.0
178750,100.0
179000,100.0
179250,100.0
179500,100.0
179750,89.2
180000,0.0
180250,83.6
180500,100.0
180750,100.0
181000,100.0
181250,100.0
181500,100.0
181750,89.60000000000001
182000,0.0
182250,83.2
182500,100.0
182750,100.0
183000,100.0
183250,100.0
183500,100.0
183750,90.0
184000,0.0
184250,82.8
184500,100.0
184750,100.0
185000,100.0
185250,100.0
185500,100.0
185750,90.4
186000,0.0
186250,82.39999999999999
186500,100.0
186750,100.0
187000,100.0
187250,100.0
187500,100.0
187750,90.8
188000,0.0
188250,82.0
188500,100.0
188750,100.0
189000,100.0
189250,100.0
189500,100.0
189750,91.2
190000,0.0
190250,81.6
190500,100.0
190750,100.0
191000,100.0
191250,100.0
191500,100.0
191750,91.60000000000001
192000,0.0
192250,81.2
192500,100.0
192750,100.0
193000,100.0
193250,100.0
193500,100.0
193750,92.0
194000,0.0
194250,80.80000000000001
194500,100.0
194750,100.0
195000,100.0
195250,100.0
195500,100.0
195750,92.4
196000,0.0
196250,80.4
196500,100.0
196750,100.0
197000,100.0
197250,100.0
197500,100.0
197750,92.80000000000001
198000,0.0
198250,80.0
198500,100.0
198750,100.0
199000,100.0
199250,100.0
199500,100.0
199750,93.2
200000,0.0
200250,79.60000000000001
200500,100.0
200750,100.0
201000,100.0
201250,100.0
201500,100.0
201750,93.60000000000001
202000,0.0
202250,79.2
202500,100.0
202750,100.0
203000,100.0
203250,100.0
203500,100.0
203750,94.0
204000,0.0
204250,78.8
204500,100.0
204750,100.0
205000,100.0
205250,100.0
205500,100.0
205750,94.39999999999999
206000,0.0
206250,6.4
206500,52.400000000000006
206750,100.0
207000,100.0
207250,100.0
207500,100.0
207750,100.0
208000,1.2
208250,6.4
208500,52.400000000000006
208750,100.0
209000,100.0
209250,100.0
209500,100.0
209750,100.0
210000,1.2
210250,6.4
210500,52.400000000000006
210750,100.0
211000,100.0
211250,100.0
211500,100.0
211750,100.0
212000,1.2
212250,6.4
212500,52.400000000000006
212750,100.0
213000,100.0
213250,100.0
213500,100.0
213750,100.0
214000,1.2
214250,6.4
214500,52.400000000000006
214750,100.0
215000,100.0
215250,100.0
215500,100.0
215750,100.0
216000,1.2
216250,6.4
216500,52.400000000000006
216750,100.0
217000,100.0
217250,100.0
217500,100.0
217750,100.0
218000,1.2
218250,6.4
218500,52.400000000000006
218750,100.0
219000,100.0
219250,100.0
219500,100.0
219750,100.0
220000,1.2
220250,6.4
220500,52.400000000000006
220750,100.0
221000,100.0
221250,100.0
221500,100.0
221750,100.0
222000,1.2
222250,6.4
222500,52.400000000000006
222750,100.0
223000,100.0
223250,100.0
223500,100.0
223750,100.0
224000,1.2
224250,6.4
224500,52.400000000000006
224750,100.0
225000,100.0
225250,100.0
225500,100.0
225750,100.0
226000,1.2
226250,6.4
226500,52.400000000000006
226750,100.0
227000,100.0
227250,100.0
227500,100.0
227750,100.0
228000,1.2
228250,6.4
228500,52.400000000000006
228750,100.0
229000,100.0
229250,100.0
229500,100.0
229750,100.0
230000,1.2
230250,6.4
230500,52.400000000000006
230750,100.0
231000,100.0
231250,100.0
231500,100.0
231750,100.0
232000,1.2
232250,6.4
232500,52.400000000000006
232750,100.0
233000,100.0
233250,100.0
233500,100.0
233750,100.0
234000,1.2
234250,6.4
234500,52.400000000000006
234750,100.0
235000,100.0
235250,100.0
235500,100.0
235750,100.0
236000,1.2
236250,6.4
236500,52.400000000000006
236750,100.0
237000,100.0
237250,100.0
237500,100.0
237750,100.0
238000,1.2
238250,6.4
238500,52.400000000000006
238750,100.0
239000,100.0
239250,100.0
239500,100.0
239750,100.0
240000,1.2
240250,6.4
240500,52.400000000000006
240750,100.0
241000,100.0
241250,100.0
241500,100.0
241750,100.0
242000,1.2
242250,6.4
242500,52.400000000000006
242750,100.0
243000,100.0
243250,100.0
243500,100.0
243750,100.0
244000,1.2
244250,6.4
244500,52.400000000000006
244750,100.0
245000,100.0
245250,100.0
245500,100.0
245750,100.0
246000,1.2
246250,6.4
246500,52.400000000000006
246750,100.0
247000,100.0
247250,100.0
247500,100.0
247750,100.0
248000,1.2
248250,6.4
248500,52.400000000000006
248750,100.0
249000,100.0
249250,100.0
249500,100.0
249750,100.0
250000,1.2
250250,6.4
250500,52.400000000000006
250750,100.0
251000,100.0
251250,100.0
251500,100.0
251750,100.0
252000,1.2
252250,6.4
252500,52.400000000000006
252750,100.0
253000,100.0
253250,100.0
253500,100.0
253750,100.0
254000,1.2
254250,6.4
254500,52.400000000000006
254750,100.0
255000,100.0
255250,100.0
255500,100.0
255750,100.0
256000,1.2
256250,6.800000000000001
256500,52.0
256750,100.0
257000,100.0
257250,100.0
257500,100.0
257750,100.0
258000,1.6
258250,78.0
258500,100.0
258750,100.0
259000,100.0
259250,100.0
259500,100.0
259750,95.19999999999999
260000,0.0
260250,77.60000000000001
260500,100.0
260750,100.0
261000,100.0
261250,100.0
261500,100.0
261750,95.6
262000,0.0
262250,77.2
262500,100.0
262750,100.0
263000,100.0
263250,100.0
263500,100.0
263750,96.0
264000,0.0
264250,76.8
264500,100.0
264750,100.0
265000,100.0
265250,100.0
265500,100.0
265750,96.39999999999999
266000,0.0
266250,76.4
266500,100.0
266750,100.0
267000,100.0
267250,100.0
267500,100.0
267750,96.8
268000,0.0
268250,76.0
268500,100.0
268750,100.0
269000,100.0
269250,100.0
269500,100.0
269750,97.2
270000,0.0
270250,75.6
270500,100.0
270750,100.0
271000,100.0
271250,100.0
271500,100.0
271750,97.6
272000,0.0
272250,75.2
272500,100.0
272750,100.0
273000,100.0
273250,100.0
273500,100.0
273750,98.0
274000,0.0
274250,74.8
274500,100.0
274750,100.0
275000,100.0
275250,100.0
275500,100.0
275750,98.4
276000,0.0
276250,74.4
276500,100.0
276750,100.0
277000,100.0
277250,100.0
277500,100.0
277750,98.8
278000,0.0
278250,74.0
278500,100.0
278750,100.0
279000,100.0
279250,100.0
279500,100.0
279750,99.2
280000,0.0
280250,73.6
280500,100.0
280750,100.0
281000,100.0
281250,100.0
281500,100.0
281750,99.6
282000,0.0
282250,73.2
282500,100.0
282750,100.0
283000,100.0
283250,100.0
283500,100.0
283750,100.0
284000,0.0
284250,72.8
284500,100.0
284750,100.0
285000,100.0
285250,100.0
285500,100.0
285750,100.0
286000,0.4
286250,72.39999999999999
286500,100.0
286750,100.0
287000,100.0
287250,100.0
287500,100.0
287750,100.0
288000,0.8
288250,72.0
288500,100.0
288750,100.0
289000,100.0
289250,100.0
289500,100.0
289750,100.0
290000,1.2
290250,71.6
290500,100.0
290750,100.0
291000,100.0
291250,100.0
291500,100.0
291750,100.0
292000,1.6
292250,71.2
292500,100.0
292750,100.0
293000,100.0
293250,100.0
293500,100.0
293750,100.0
294000,2.0
294250,70.8
294500,100.0
294750,100.0
295000,100.0
295250,100.0
295500,100.0
295750,100.0
296000,2.4
296250,70.39999999999999
296500,100.0
296750,100.0
297000,100.0
297250,100.0
297500,100.0
297750,100.0
298000,2.8000000000000003
298250,70.0
298500,100.0
298750,100.0
299000,100.0
299250,100.0
299500,100.0
299750,100.0
300000,3.2
300250,69.6
300500,100.0
300750,100.0
301000,100.0
301250,100.0
301500,100.0
301750,100.0
302000,3.5999999999999996
302250,69.19999999999999
302500,100.0
302750,100.0
303000,100.0
303250,100.0
303500,100.0
303750,100.0
304000,4.0
304250,68.8
304500,100.0
304750,100.0
305000,100.0
305250,100.0
305500,100.0
305750,100.0
306000,4.3999999999999995
