250,0.0
500,0.0
750,0.0
1000,0.0
1250,0.0
1500,0.0
1750,0.0
2000,0.0
2250,99.6
2500,100.0
2750,100.0
3000,100.0
3250,100.0
3500,100.0
3750,100.0
4000,20.0
4250,99.6
4500,100.0
4750,100.0
5000,100.0
5250,100.0
5500,100.0
5750,100.0
6000,20.0
6250,99.6
6500,100.0
6750,100.0
7000,100.0
7250,100.0
7500,100.0
7750,100.0
8000,20.0
8250,99.6
8500,100.0
8750,100.0
9000,100.0
9250,100.0
9500,100.0
9750,100.0
10000,20.0
10250,99.6
10500,100.0
10750,100.0
11000,100.0
11250,100.0
11500,100.0
11750,100.0
12000,20.0
12250,99.6
12500,100.0
12750,100.0
13000,100.0
13250,100.0
13500,100.0
13750,100.0
14000,20.0
14250,99.6
14500,100.0
14750,100.0
15000,100.0
15250,100.0
15500,100.0
15750,100.0
16000,20.0
16250,99.6
16500,100.0
16750,100.0
17000,100.0
17250,100.0
17500,100.0
17750,100.0
18000,20.0
18250,99.6
18500,100.0
18750,100.0
19000,100.0
19250,100.0
19500,100.0
19750,100.0
20000,20.0
20250,99.6
20500,100.0
20750,100.0
21000,100.0
21250,100.0
21500,100.0
21750,100.0
22000,20.0
22250,99.6
22500,100.0
22750,100.0
23000,100.0
23250,100.0
23500,100.0
23750,100.0
24000,20.0
24250,99.6
24500,100.0
24750,100.0
25000,100.0
25250,100.0
25500,100.0
25750,100.0
26000,20.0
26250,99.6
26500,100.0
26750,100.0
27000,100.0
27250,100.0
27500,100.0
27750,100.0
28000,20.0
28250,99.6
28500,100.0
28750,100.0
29000,100.0
29250,100.0
29500,100.0
29750,100.0
30000,20.0
30250,99.6
30500,100.0
30750,100.0
31000,100.0
31250,100.0
31500,100.0
31750,100.0
32000,20.0
32250,99.6
32500,100.0
32750,100.0
33000,100.0
33250,100.0
33500,100.0
33750,100.0
34000,20.0
34250,99.6
34500,100.0
34750,100.0
35000,100.0
35250,100.0
35500,100.0
35750,100.0
36000,20.0
36250,99.6
36500,100.0
36750,100.0
37000,100.0
37250,100.0
37500,100.0
37750,100.0
38000,20.0
38250,99.6
38500,100.0
38750,100.0
39000,100.0
39250,100.0
39500,100.0
39750,100.0
40000,20.0
40250,99.6
40500,100.0
40750,100.0
41000,100.0
41250,100.0
41500,100.0
41750,100.0
42000,20.0
42250,99.6
42500,100.0
42750,100.0
43000,100.0
43250,100.0
43500,100.0
43750,100.0
44000,20.0
44250,99.6
44500,100.0
44750,100.0
45000,100.0
45250,100.0
45500,100.0
45750,100.0
46000,20.0
46250,99.6
46500,100.0
46750,100.0
47000,100.0
47250,100.0
47500,100.0
47750,100.0
48000,20.0
48250,99.6
48500,100.0
48750,100.0
49000,100.0
49250,100.0
49500,100.0
49750,100.0
50000,20.0
50250,99.6
50500,100.0
50750,100.0
51000,100.0
51250,100.0
51500,100.0
51750,100.0
52000,20.0
52250,99.6
52500,100.0
52750,100.0
53000,100.0
53250,100.0
53500,100.0
53750,100.0
54000,20.4
54250,0.0
54500,0.0
54750,0.0
55000,0.0
55250,0.0
55500,0.0
55750,0.0
56000,0.0
56250,0.0
56500,0.0
56750,0.0
57000,0.0
57250,0.0
57500,0.0
57750,0.0
58000,0.0
58250,0.0
58500,0.0
58750,0.0
59000,0.0
59250,0.0
59500,0.0
59750,0.0
60000,0.0
60250,0.0
60500,0.0
60750,0.0
61000,0.0
61250,0.0
61500,0.0
61750,0.0
62000,0.0
62250,0.0
62500,0.0
62750,0.0
63000,0.0
63250,0.0
63500,0.0
63750,0.0
64000,0.0
64250,0.0
64500,0.0
64750,0.0
65000,0.0
65250,0.0
65500,0.0
65750,0.0
66000,0.0
66250,0.0
66500,0.0
66750,0.0
67000,0.0
67250,0.0
67500,0.0
67750,0.0
68000,0.0
68250,0.0
68500,0.0
68750,0.0
69000,0.0
69250,0.0
69500,0.0
69750,0.0
70000,0.0
70250,0.0
70500,0.0
70750,0.0
71000,0.0
71250,0.0
71500,0.0
71750,0.0
72000,0.0
72250,0.0
72500,0.0
72750,0.0
73000,0.0
73250,0.0
73500,0.0
73750,0.0
74000,0.0
74250,0.0
74500,0.0
74750,0.0
75000,0.0
75250,0.0
75500,0.0
75750,0.0
76000,0.0
76250,0.0
76500,0.0
76750,0.0
77000,0.0
77250,0.0
77500,0.0
77750,0.0
78000,0.0
78250,0.0
78500,0.0
78750,0.0
79000,0.0
79250,0.0
79500,0.0
79750,0.0
80000,0.0
80250,0.0
80500,0.0
80750,0.0
81000,0.0
81250,0.0
81500,0.0
81750,0.0
82000,0.0
82250,0.0
82500,0.0
82750,0.0
83000,0.0
83250,0.0
83500,0.0
83750,0.0
84000,0.0
84250,0.0
84500,0.0
84750,0.0
85000,0.0
85250,0.0
85500,0.0
85750,0.0
86000,0.0
86250,0.0
86500,0.0
86750,0.0
87000,0.0
87250,0.0
87500,0.0
87750,0.0
88000,0.0
88250,0.0
88500,0.0
88750,0.0
89000,0.0
89250,0.0
89500,0.0
89750,0.0
90000,0.0
90250,0.0
90500,0.0
90750,0.0
91000,0.0
91250,0.0
91500,0.0
91750,0.0
92000,0.0
92250,0.0
92500,0.0
92750,0.0
93000,0.0
93250,0.0
93500,0.0
93750,0.0
94000,0.0
94250,0.0
94500,0.0
94750,0.0
95000,0.0
95250,0.0
95500,0.0
95750,0.0
96000,0.0
96250,0.0
96500,0.0
96750,0.0
97000,0.0
97250,0.0
97500,0.0
97750,0.0
98000,0.0
98250,0.0
98500,0.0
98750,0.0
99000,0.0
99250,0.0
99500,0.0
99750,0.0
100000,0.0
100250,0.0
100500,0.0
100750,0.0
101000,0.0
101250,0.0
101500,0.0
101750,0.0
102000,0.0
102250,0.0
102500,0.0
102750,0.0
103000,0.0
103250,0.0
103500,0.0
103750,0.0
104000,0.0
104250,89.2
104500,100.0
104750,100.0
105000,100.0
105250,100.0
105500,100.0
105750,100.0
106000,30.4
106250,89.2
106500,100.0
106750,100.0
107000,100.0
107250,100.0
107500,100.0
107750,100.0
108000,30.4
108250,89.2
108500,100.0
108750,100.0
109000,100.0
109250,100.0
109500,100.0
109750,100.0
110000,30.4
110250,89.2
110500,100.0
110750,100.0
111000,100.0
111250,100.0
111500,100.0
111750,100.0
112000,30.4
112250,89.2
112500,100.0
112750,100.0
113000,100.0
113250,100.0
113500,100.0
113750,100.0
114000,30.4
114250,89.2
114500,100.0
114750,100.0
115000,100.0
115250,100.0
115500,100.0
115750,100.0
116000,30.4
116250,89.2
116500,100.0
116750,100.0
117000,100.0
117250,100.0
117500,100.0
117750,100.0
118000,30.4
118250,89.2
118500,100.0
118750,100.0
119000,100.0
119250,100.0
119500,100.0
119750,100.0
120000,30.4
120250,89.2
120500,100.0
120750,100.0
121000,100.0
121250,100.0
121500,100.0
121750,100.0
122000,30.4
122250,89.2
122500,100.0
122750,100.0
123000,100.0
123250,100.0
123500,100.0
123750,100.0
124000,30.4
124250,89.2
124500,100.0
124750,100.0
125000,100.0
125250,100.0
125500,100.0
125750,100.0
126000,30.4
126250,89.2
126500,100.0
126750,100.0
127000,100.0
127250,100.0
127500,100.0
127750,100.0
128000,30.4
128250,89.2
128500,100.0
128750,100.0
129000,100.0
129250,100.0
129500,100.0
129750,100.0
130000,30.4
130250,89.2
130500,100.0
130750,100.0
131000,100.0
131250,100.0
131500,100.0
131750,100.0
132000,30.4
132250,89.2
132500,100.0
132750,100.0
133000,100.0
133250,100.0
133500,100.0
133750,100.0
134000,30.4
134250,89.2
134500,100.0
134750,100.0
135000,100.0
135250,100.0
135500,100.0
135750,100.0
136000,30.4
136250,89.2
136500,100.0
136750,100.0
137000,100.0
137250,100.0
137500,100.0
137750,100.0
138000,30.4
138250,89.2
138500,100.0
138750,100.0
139000,100.0
139250,100.0
139500,100.0
139750,100.0
140000,30.4
140250,89.2
140500,100.0
140750,100.0
141000,100.0
141250,100.0
141500,100.0
141750,100.0
142000,30.4
142250,89.2
142500,100.0
142750,100.0
143000,100.0
143250,100.0
143500,100.0
143750,100.0
144000,30.4
144250,89.2
144500,100.0
144750,100.0
145000,100.0
145250,100.0
145500,100.0
145750,100.0
146000,30.4
146250,89.2
146500,100.0
146750,100.0
147000,100.0
147250,100.0
147500,100.0
147750,100.0
148000,30.4
148250,89.2
148500,100.0
148750,100.0
149000,100.0
149250,100.0
149500,100.0
149750,100.0
150000,30.4
150250,89.2
150500,100.0
150750,100.0
151000,100.0
151250,100.0
151500,100.0
151750,100.0
152000,30.4
152250,89.2
152500,100.0
152750,100.0
153000,100.0
153250,100.0
153500,100.0
153750,100.0
154000,30.4
154250,89.2
154500,100.0
154750,100.0
155000,100.0
155250,100.0
155500,100.0
155750,100.0
156000,30.8
156250,0.0
156500,0.0
156750,0.0
157000,0.0
157250,0.0
157500,0.0
157750,0.0
158000,0.0
158250,0.0
158500,0.0
158750,0.0
159000,0.0
159250,0.0
159500,0.0
159750,0.0
160000,0.0
160250,0.0
160500,0.0
160750,0.0
161000,0.0
161250,0.0
161500,0.0
161750,0.0
162000,0.0
162250,0.0
162500,0.0
162750,0.0
163000,0.0
163250,0.0
163500,0.0
163750,0.0
164000,0.0
164250,0.0
164500,0.0
164750,0.0
165000,0.0
165250,0.0
165500,0.0
165750,0.0
166000,0.0
166250,0.0
166500,0.0
166750,0.0
167000,0.0
167250,0.0
167500,0.0
167750,0.0
168000,0.0
168250,0.0
168500,0.0
168750,0.0
169000,0.0
169250,0.0
169500,0.0
169750,0.0
170000,0.0
170250,0.0
170500,0.0
170750,0.0
171000,0.0
171250,0.0
171500,0.0
171750,0.0
172000,0.0
172250,0.0
172500,0.0
172750,0.0
173000,0.0
173250,0.0
173500,0.0
173750,0.0
174000,0.0
174250,0.0
174500,0.0
174750,0.0
175000,0.0
175250,0.0
175500,0.0
175750,0.0
176000,0.0
176250,0.0
176500,0.0
176750,0.0
177000,0.0
177250,0.0
177500,0.0
177750,0.0
178000,0.0
178250,0.0
178500,0.0
178750,0.0
179000,0.0
179250,0.0
179500,0.0
179750,0.0
180000,0.0
180250,0.0
180500,0.0
180750,0.0
181000,0.0
181250,0.0
181500,0.0
181750,0.0
182000,0.0
182250,0.0
182500,0.0
182750,0.0
183000,0.0
183250,0.0
183500,0.0
183750,0.0
184000,0.0
184250,0.0
184500,0.0
184750,0.0
185000,0.0
185250,0.0
185500,0.0
185750,0.0
186000,0.0
186250,0.0
186500,0.0
186750,0.0
187000,0.0
187250,0.0
187500,0.0
187750,0.0
188000,0.0
188250,0.0
188500,0.0
188750,0.0
189000,0.0
189250,0.0
189500,0.0
189750,0.0
190000,0.0
190250,0.0
190500,0.0
190750,0.0
191000,0.0
191250,0.0
191500,0.0
191750,0.0
192000,0.0
192250,0.0
192500,0.0
192750,0.0
193000,0.0
193250,0.0
193500,0.0
193750,0.0
194000,0.0
194250,0.0
194500,0.0
194750,0.0
195000,0.0
195250,0.0
195500,0.0
195750,0.0
196000,0.0
196250,0.0
196500,0.0
196750,0.0
197000,0.0
197250,0.0
197500,0.0
197750,0.0
198000,0.0
198250,0.0
198500,0.0
198750,0.0
199000,0.0
199250,0.0
199500,0.0
199750,0.0
200000,0.0
200250,0.0
200500,0.0
200750,0.0
201000,0.0
201250,0.0
201500,0.0
201750,0.0
202000,0.0
202250,0.0
202500,0.0
202750,0.0
203000,0.0
203250,0.0
203500,0.0
203750,0.0
204000,0.0
204250,0.0
204500,0.0
204750,0.0
205000,0.0
205250,0.0
205500,0.0
205750,0.0
206000,0.0
206250,78.8
206500,100.0
206750,100.0
207000,100.0
207250,100.0
207500,100.0
207750,100.0
208000,40.8
208250,78.8
208500,100.0
208750,100.0
209000,100.0
209250,100.0
209500,100.0
209750,100.0
210000,40.8
210250,78.8
210500,100.0
210750,100.0
211000,100.0
211250,100.0
211500,100.0
211750,100.0
212000,40.8
212250,78.8
212500,100.0
212750,100.0
213000,100.0
213250,100.0
213500,100.0
213750,100.0
214000,40.8
214250,78.8
214500,100.0
214750,100.0
215000,100.0
215250,100.0
215500,100.0
215750,100.0
216000,40.8
216250,78.8
216500,100.0
216750,100.0
217000,100.0
217250,100.0
217500,100.0
217750,100.0
218000,40.8
218250,78.8
218500,100.0
218750,100.0
219000,100.0
219250,100.0
219500,100.0
219750,100.0
220000,40.8
220250,78.8
220500,100.0
220750,100.0
221000,100.0
221250,100.0
221500,100.0
221750,100.0
222000,40.8
222250,78.8
222500,100.0
222750,100.0
223000,100.0
223250,100.0
223500,100.0
223750,100.0
224000,40.8
224250,78.8
224500,100.0
224750,100.0
225000,100.0
225250,100.0
225500,100.0
225750,100.0
226000,40.8
226250,78.8
226500,100.0
226750,100.0
227000,100.0
227250,100.0
227500,100.0
227750,100.0
228000,40.8
228250,78.8
228500,100.0
228750,100.0
229000,100.0
229250,100.0
229500,100.0
229750,100.0
230000,40.8
230250,78.8
230500,100.0
230750,100.0
231000,100.0
231250,100.0
231500,100.0
231750,100.0
232000,40.8
232250,78.8
232500,100.0
232750,100.0
233000,100.0
233250,100.0
233500,100.0
233750,100.0
234000,40.8
234250,78.8
234500,100.0
234750,100.0
235000,100.0
235250,100.0
235500,100.0
235750,100.0
236000,40.8
236250,78.8
236500,100.0
236750,100.0
237000,100.0
237250,100.0
237500,100.0
237750,100.0
238000,40.8
238250,78.8
238500,100.0
238750,100.0
239000,100.0
239250,100.0
239500,100.0
239750,100.0
240000,40.8
240250,78.8
240500,100.0
240750,100.0
241000,100.0
241250,100.0
241500,100.0
241750,100.0
242000,40.8
242250,78.8
242500,100.0
242750,100.0
243000,100.0
243250,100.0
243500,100.0
243750,100.0
244000,40.8
244250,78.8
244500,100.0
244750,100.0
245000,100.0
245250,100.0
245500,100.0
245750,100.0
246000,40.8
246250,78.8
246500,100.0
246750,100.0
247000,100.0
247250,100.0
247500,100.0
247750,100.0
248000,40.8
248250,78.8
248500,100.0
248750,100.0
249000,100.0
249250,100.0
249500,100.0
249750,100.0
250000,40.8
250250,78.8
250500,100.0
250750,100.0
251000,100.0
251250,100.0
251500,100.0
251750,100.0
252000,40.8
252250,78.8
252500,100.0
252750,100.0
253000,100.0
253250,100.0
253500,100.0
253750,100.0
254000,40.8
254250,78.8
254500,100.0
254750,100.0
255000,100.0
255250,100.0
255500,100.0
255750,100.0
256000,40.8
256250,78.8
256500,100.0
256750,100.0
257000,100.0
257250,100.0
257500,100.0
257750,100.0
258000,41.199999999999996
258250,0.0
258500,0.0
258750,0.0
259000,0.0
259250,0.0
259500,0.0
259750,0.0
260000,0.0
260250,0.0
260500,0.0
260750,0.0
261000,0.0
261250,0.0
261500,0.0
261750,0.0
262000,0.0
262250,0.0
262500,0.0
262750,0.0
263000,0.0
263250,0.0
263500,0.0
263750,0.0
264000,0.0
264250,0.0
264500,0.0
264750,0.0
265000,0.0
265250,0.0
265500,0.0
265750,0.0
266000,0.0
266250,0.0
266500,0.0
266750,0.0
267000,0.0
267250,0.0
267500,0.0
267750,0.0
268000,0.0
268250,0.0
268500,0.0
268750,0.0
269000,0.0
269250,0.0
269500,0.0
269750,0.0
270000,0.0
270250,0.0
270500,0.0
270750,0.0
271000,0.0
271250,0.0
271500,0.0
271750,0.0
272000,0.0
272250,0.0
272500,0.0
272750,0.0
273000,0.0
273250,0.0
273500,0.0
273750,0.0
274000,0.0
274250,0.0
274500,0.0
274750,0.0
275000,0.0
275250,0.0
275500,0.0
275750,0.0
276000,0.0
276250,0.0
276500,0.0
276750,0.0
277000,0.0
277250,0.0
277500,0.0
277750,0.0
278000,0.0
278250,0.0
278500,0.0
278750,0.0
279000,0.0
279250,0.0
279500,0.0
279750,0.0
280000,0.0
280250,0.0
280500,0.0
280750,0.0
281000,0.0
281250,0.0
281500,0.0
281750,0.0
282000,0.0
282250,0.0
282500,0.0
282750,0.0
283000,0.0
283250,0.0
283500,0.0
283750,0.0
284000,0.0
284250,0.0
284500,0.0
284750,0.0
285000,0.0
285250,0.0
285500,0.0
285750,0.0
286000,0.0
286250,0.0
286500,0.0
286750,0.0
287000,0.0
287250,0.0
287500,0.0
287750,0.0
288000,0.0
288250,0.0
288500,0.0
288750,0.0
289000,0.0
289250,0.0
289500,0.0
289750,0.0
290000,0.0
290250,0.0
290500,0.0
290750,0.0
291000,0.0
291250,0.0
291500,0.0
291750,0.0
292000,0.0
292250,0.0
292500,0.0
292750,0.0
293000,0.0
293250,0.0
293500,0.0
293750,0.0
294000,0.0
294250,0.0
294500,0.0
294750,0.0
295000,0.0
295250,0.0
295500,0.0
295750,0.0
296000,0.0
296250,0.0
296500,0.0
296750,0.0
297000,0.0
297250,0.0
297500,0.0
297750,0.0
298000,0.0
298250,0.0
298500,0.0
298750,0.0
299000,0.0
299250,0.0
299500,0.0
299750,0.0
300000,0.0
300250,0.0
300500,0.0
300750,0.0
301000,0.0
301250,0.0
301500,0.0
301750,0.0
302000,0.0
302250,0.0
302500,0.0
302750,0.0
303000,0.0
303250,0.0
303500,0.0
303750,0.0
304000,0.0
304250,0.0
304500,0.0
304750,0.0
305000,0.0
305250,0.0
305500,0.0
305750,0.0
306000,0.0
