100,97.47613353458922,2.5238664654107774
200,94.92776351126183,5.072236488738165
300,92.37939348793445,7.620606512065551
400,89.83102346460706,10.16897653539294
500,87.28265344127968,12.717346558720328
600,84.73428341795228,15.265716582047714
700,82.1859133946249,17.814086605375103
800,79.63754337129751,20.36245662870249
900,77.08917334797013,22.910826652029876
1000,74.54080332464274,25.45919667535726
1100,71.99243330131534,28.00756669868465
1200,69.44406327798796,30.555936722012035
1300,66.89569325466059,33.10430674533942
1400,64.34732323133319,35.65267676866681
1500,61.798953208005805,38.201046791994195
1600,59.25058318467842,40.74941681532159
1700,56.702213161351025,43.297786838648975
1800,54.15384313802364,45.84615686197636
1900,51.60547311469625,48.39452688530375
2000,49.057103091368866,50.94289690863113
2100,0.6537549252151412,99.34624507478486
