250,0.0,100.0
500,0.0,100.0
750,0.0,100.0
1000,0.0,100.0
1250,0.0,100.0
1500,0.0,7.6
1750,0.0,20.8
2000,0.0,30.7
2250,5.2,21.6324200913242
2500,0.0,33.288948069241016
2750,54.0,54.073540014419606
3000,100.0,72.09805335255948
3250,100.0,90.12256669069934
3500,60.4,7.538358905937291
3750,0.0,20.754716981132077
4000,0.0,30.665332666333168
4250,5.2,21.587664191890347
4500,0.0,33.311125916055964
4750,54.400000000000006,54.073540014419606
5000,100.0,72.09805335255948
5250,100.0,90.12256669069934
5500,60.4,8.297258297258297
5750,0.0,26.334776334776333
6000,0.0,44.37229437229438
6250,99.6,44.412400865176636
6500,100.0,44.412400865176636
6750,100.0,9.805335255948089
7000,100.0,27.82984859408796
7250,100.0,45.854361932227825
7500,60.0,14.896373056994818
7750,0.0,47.27979274611399
8000,0.0,79.66321243523316
8250,99.6,79.79274611398964
8500,100.0,79.79274611398964
8750,100.0,17.616580310880828
9000,100.0,44.303797468354425
9250,100.0,2.5316455696202533
9500,60.0,60.75949367088608
9750,0.0,18.9873417721519
10000,0.0,77.21518987341773
10250,99.6,48.64864864864865
10500,100.0,24.324324324324326
10750,100.0,100.0
11000,100.0,75.67567567567568
11250,100.0,51.35135135135135
11500,59.599999999999994,27.027027027027028
11750,0.0,2.7027027027027026
12000,0.0,78.37837837837837
12250,99.6,85.71428571428571
12500,100.0,71.42857142857143
12750,100.0,57.14285714285714
13000,100.0,42.857142857142854
13250,100.0,28.57142857142857
13500,60.0,100.0
13750,0.0,100.0
14000,0.0,100.0
14250,99.6,100.0
14500,100.0,100.0
14750,100.0,100.0
15000,100.0,100.0
15250,100.0,100.0
15500,60.0,100.0
15750,0.0,100.0
16000,0.0,100.0
16250,99.6,100.0
16500,100.0,100.0
16750,100.0,100.0
17000,100.0,100.0
17250,100.0,100.0
17500,60.0,0.78125
17750,0.0,0.26455026455026454
18000,0.0,0.15923566878980894
18250,99.6,39.7456279809221
18500,100.0,79.4912559618442
18750,100.0,78.57142857142857
19000,100.0,64.28571428571429
19250,100.0,50.0
19500,60.0,35.714285714285715
19750,0.0,21.428571428571427
20000,0.0,7.142857142857142
20250,99.6,85.71428571428571
20500,100.0,71.42857142857143
20750,100.0,57.14285714285714
21000,100.0,42.857142857142854
21250,100.0,28.57142857142857
21500,60.0,100.0
21750,0.0,100.0
22000,0.0,100.0
22250,99.6,100.0
22500,100.0,100.0
22750,100.0,71.42857142857143
23000,100.0,53.333333333333336
23250,100.0,97.35849056603773
23500,60.0,98.64077669902913
23750,0.0,99.08496732026144
24000,0.0,99.3103448275862
24250,99.6,99.31102362204724
24500,100.0,99.31102362204724
24750,100.0,99.31102362204724
25000,100.0,99.31102362204724
25250,100.0,35.714285714285715
25500,60.0,0.7874015748031495
25750,0.0,0.2652519893899204
26000,0.0,0.1594896331738437
26250,99.6,39.80891719745223
26500,100.0,79.61783439490446
26750,100.0,85.71428571428571
27000,100.0,66.66666666666666
27250,100.0,98.11320754716981
27500,60.0,99.02912621359224
27750,0.0,99.34640522875817
28000,0.0,99.50738916256158
28250,99.6,99.50787401574803
28500,100.0,99.50787401574803
28750,100.0,99.50787401574803
29000,100.0,99.50787401574803
29250,100.0,21.428571428571427
29500,60.0,7.142857142857142
29750,0.0,92.85714285714286
30000,0.0,78.57142857142857
30250,99.6,14.285714285714285
30500,100.0,100.0
30750,100.0,85.71428571428571
31000,100.0,66.66666666666666
31250,100.0,98.11320754716981
31500,60.0,99.02912621359224
31750,0.0,99.34640522875817
32000,0.0,99.50738916256158
32250,99.6,99.50787401574803
32500,100.0,99.50787401574803
32750,100.0,99.50787401574803
33000,100.0,99.50787401574803
33250,100.0,21.428571428571427
33500,60.0,7.142857142857142
33750,0.0,92.85714285714286
34000,0.0,78.57142857142857
34250,99.6,14.285714285714285
34500,100.0,93.33333333333333
34750,100.0,57.14285714285714
35000,100.0,40.0
35250,100.0,96.60377358490567
35500,60.0,98.25242718446601
35750,0.0,98.82352941176471
36000,0.0,99.11330049261083
36250,99.6,99.11417322834646
36500,100.0,99.11417322834646
36750,100.0,99.11417322834646
37000,100.0,99.11417322834646
37250,100.0,50.0
37500,60.0,35.714285714285715
37750,0.0,21.428571428571427
38000,0.0,100.0
38250,99.6,100.0
38500,100.0,100.0
38750,100.0,100.0
39000,100.0,100.0
39250,100.0,100.0
39500,60.0,99.06542056074767
39750,0.0,99.19908466819221
40000,0.0,99.2992992992993
40250,99.6,99.29964982491246
40500,100.0,99.29964982491246
40750,100.0,99.29964982491246
41000,100.0,99.29964982491246
41250,100.0,99.29964982491246
41500,54.400000000000006,93.5967983991996
41750,0.0,87.54377188594297
42000,5.6000000000000005,6.666666666666667
42250,99.6,85.71428571428571
42500,100.0,71.42857142857143
42750,100.0,57.14285714285714
43000,100.0,42.857142857142854
43250,100.0,28.57142857142857
43500,60.0,14.285714285714285
43750,0.0,100.0
44000,0.0,85.71428571428571
44250,99.6,7.142857142857142
44500,100.0,92.85714285714286
44750,100.0,78.57142857142857
45000,100.0,64.28571428571429
45250,100.0,50.0
45500,60.0,35.714285714285715
45750,0.0,21.428571428571427
46000,0.0,7.142857142857142
46250,99.6,92.85714285714286
46500,100.0,73.33333333333333
46750,100.0,98.49056603773585
47000,100.0,99.22330097087378
47250,100.0,99.47712418300654
47500,60.0,99.60591133004925
47750,0.0,99.68379446640316
48000,0.0,99.07590759075907
48250,99.6,99.07651715039579
48500,100.0,99.07651715039579
48750,100.0,99.07651715039579
49000,100.0,99.07651715039579
49250,100.0,99.07651715039579
49500,54.400000000000006,98.94459102902374
49750,5.6000000000000005,85.71428571428571
50000,0.0,71.42857142857143
50250,99.6,21.428571428571427
50500,100.0,100.0
50750,100.0,64.28571428571429
51000,100.0,50.0
51250,100.0,35.714285714285715
51500,60.0,88.59649122807018
51750,0.0,96.42857142857143
52000,0.0,97.8827361563518
52250,99.6,97.88617886178862
52500,100.0,97.88617886178862
52750,100.0,71.42857142857143
53000,100.0,57.14285714285714
53250,100.0,42.857142857142854
53500,60.4,28.57142857142857
53750,0.0,96.21212121212122
54000,0.0,98.0544747081712
54250,0.0,98.69109947643979
54500,0.0,99.0138067061144
54750,0.0,99.20886075949366
55000,0.0,99.07529722589167
55250,0.0,99.20634920634922
55500,5.2,99.95002498750625
55750,0.4,95.43726235741445
56000,0.0,97.6608187134503
56250,0.0,98.42726081258192
56500,0.0,98.81539980256665
56750,0.0,99.04988123515439
57000,0.0,99.07468605419696
57250,0.0,99.20589903573455
57500,4.8,99.9000499750125
57750,0.8,95.41984732824427
58000,0.0,97.65625
58250,0.0,98.4251968503937
58500,0.0,98.81422924901186
58750,0.0,99.04912836767036
59000,0.0,99.07407407407408
59250,0.0,99.20544835414302
59500,4.3999999999999995,99.85007496251875
59750,1.2,95.40229885057471
60000,0.0,97.65166340508806
60250,0.0,98.42312746386334
60500,0.0,98.81305637982196
60750,0.0,99.04837430610627
61000,0.0,99.07346128391794
61250,0.0,99.20499716070414
61500,4.0,99.80009995002499
61750,1.6,95.38461538461539
62000,0.0,97.6470588235294
62250,0.0,98.42105263157895
62500,0.0,98.8118811881188
62750,0.0,99.04761904761905
63000,0.0,99.0728476821192
63250,0.0,99.20454545454545
63500,3.5999999999999996,99.75012493753124
63750,2.0,95.36679536679536
64000,0.0,97.64243614931237
64250,0.0,98.41897233201581
64500,0.0,98.81070366699703
64750,0.0,99.04686258935664
65000,0.0,99.07223326706428
65250,0.0,99.2040932347925
65500,3.2,99.70014992503748
65750,2.4,95.34883720930233
66000,0.0,97.63779527559055
66250,0.0,98.41688654353563
66500,0.0,98.80952380952381
66750,0.0,99.04610492845786
67000,0.0,99.07161803713528
67250,0.0,99.20364050056882
67500,2.8000000000000003,99.65017491254373
67750,2.8000000000000003,95.3307392996109
68000,0.0,97.63313609467455
68250,0.0,98.41479524438573
68500,0.0,98.80834160873883
68750,0.0,99.0453460620525
69000,0.0,99.07100199071002
69250,0.0,99.20318725099602
69500,2.4,99.60019990004997
69750,3.2,95.3125
70000,0.0,97.62845849802372
70250,0.0,98.4126984126984
70500,0.0,98.80715705765407
70750,0.0,99.04458598726114
71000,0.0,99.07038512616202
71250,0.0,99.20273348519362
71500,2.0,99.55022488755623
71750,3.5999999999999996,95.29411764705881
72000,0.0,97.62376237623762
72250,0.0,98.41059602649007
72500,0.0,98.80597014925372
72750,0.0,99.04382470119522
73000,0.0,99.06976744186046
73250,0.0,99.2022792022792
73500,1.6,99.50024987506248
73750,4.0,95.2755905511811
74000,0.0,97.61904761904762
74250,0.0,98.40848806366049
74500,0.0,98.80478087649402
74750,0.0,99.04306220095694
75000,0.0,99.06914893617021
75250,0.0,99.2018244013683
75500,1.2,99.4502748625687
75750,4.3999999999999995,95.25691699604744
76000,0.0,97.61431411530815
76250,0.0,98.40637450199203
76500,0.0,98.8035892323031
76750,0.0,99.04229848363927
77000,0.0,99.06852960745177
77250,0.0,99.20136908157444
77500,0.8,99.40029985007496
77750,4.8,95.23809523809523
78000,0.0,97.60956175298804
78250,0.0,98.40425531914893
78500,0.0,98.80239520958084
78750,0.0,99.04153354632588
79000,0.0,99.06790945406125
79250,0.0,99.20091324200914
79500,0.4,99.35032483758121
79750,5.2,95.2191235059761
80000,0.0,97.60479041916167
80250,0.0,98.40213049267643
80500,0.0,98.8011988011988
80750,0.0,99.04076738609112
81000,0.0,99.06728847435043
81250,0.0,99.20045688178185
81500,0.0,99.30034982508745
81750,5.6000000000000005,95.19999999999999
82000,0.0,97.6
82250,0.0,98.4
82500,0.0,98.8
82750,0.0,99.03999999999999
83000,0.0,99.06666666666666
83250,0.0,99.2
83500,0.0,99.3
83750,5.6000000000000005,95.18072289156626
84000,0.0,97.59519038076152
84250,0.0,98.39786381842457
84500,0.0,98.7987987987988
84750,0.0,99.03923138510808
85000,0.0,99.06604402935291
85250,0.0,99.199542595769
85500,0.0,99.29964982491246
85750,5.6000000000000005,95.16129032258065
86000,0.0,97.59036144578313
86250,0.0,98.3957219251337
86500,0.0,98.79759519038076
86750,0.0,99.03846153846155
87000,0.0,99.06542056074767
87250,0.0,99.19908466819221
87500,0.0,99.2992992992993
87750,5.6000000000000005,95.1417004048583
88000,0.0,97.58551307847083
88250,0.0,98.39357429718876
88500,0.0,98.79638916750251
88750,0.0,99.03769045709703
89000,0.0,99.06479625918504
89250,0.0,99.19862621637093
89500,0.0,99.29894842263394
89750,5.6000000000000005,95.1219512195122
90000,0.0,97.58064516129032
90250,0.0,98.39142091152814
90500,0.0,98.79518072289156
90750,0.0,99.03691813804173
91000,0.0,99.06417112299465
91250,0.0,99.19816723940436
91500,0.0,99.29859719438878
91750,5.6000000000000005,95.10204081632652
92000,0.0,97.57575757575758
92250,0.0,98.38926174496643
92500,0.0,98.79396984924624
92750,0.0,99.03614457831326
93000,0.0,99.06354515050168
93250,0.0,99.19770773638969
93500,0.0,99.29824561403508
93750,5.6000000000000005,95.08196721311475
94000,0.0,97.57085020242914
94250,0.0,98.38709677419355
94500,0.0,98.79275653923541
94750,0.0,99.03536977491962
95000,0.0,99.06291834002677
95250,0.0,99.19724770642202
95500,0.0,99.29789368104312
95750,5.6000000000000005,95.06172839506173
96000,0.0,97.56592292089249
96250,0.0,98.38492597577388
96500,0.0,98.79154078549848
96750,0.0,99.0345937248592
97000,0.0,99.06229068988614
97250,0.0,99.19678714859438
97500,0.0,99.29754139488209
97750,5.6000000000000005,95.0413223140496
98000,0.0,97.5609756097561
98250,0.0,98.38274932614556
98500,0.0,98.79032258064517
98750,0.0,99.03381642512076
99000,0.0,99.06166219839142
99250,0.0,99.19632606199771
99500,0.0,99.29718875502009
99750,5.6000000000000005,95.0207468879668
100000,0.0,97.5560081466395
100250,0.0,98.38056680161942
100500,0.0,98.7891019172553
100750,0.0,99.03303787268331
101000,0.0,99.06103286384976
101250,0.0,99.19586444572084
101500,0.0,99.29683576092417
101750,5.6000000000000005,95.0
102000,0.0,97.55102040816327
102250,0.0,98.37837837837839
102500,0.0,98.7878787878788
102750,0.0,99.03225806451613
103000,0.0,99.06040268456375
103250,0.0,99.19540229885058
103500,0.0,99.2964824120603
103750,5.6000000000000005,94.97907949790795
104000,0.0,97.54601226993866
104250,89.2,97.67441860465115
104500,100.0,97.67441860465115
104750,100.0,100.0
105000,100.0,100.0
105250,100.0,100.0
105500,70.39999999999999,100.0
105750,0.0,100.0
106000,0.0,99.04891304347827
106250,89.2,99.06604402935291
106500,100.0,99.06604402935291
106750,100.0,99.06604402935291
107000,100.0,99.06604402935291
107250,100.0,99.06604402935291
107500,64.8,98.33222148098733
107750,5.6000000000000005,94.97907949790795
108000,0.0,97.54601226993866
108250,89.2,97.67441860465115
108500,100.0,97.67441860465115
108750,100.0,100.0
109000,100.0,100.0
109250,100.0,100.0
109500,70.39999999999999,100.0
109750,0.0,100.0
110000,0.0,99.04891304347827
110250,89.2,99.06604402935291
110500,100.0,99.06604402935291
110750,100.0,99.06604402935291
111000,100.0,99.06604402935291
111250,100.0,99.06604402935291
111500,64.8,98.33222148098733
111750,5.6000000000000005,94.97907949790795
112000,0.0,97.54601226993866
112250,89.2,97.67441860465115
112500,100.0,97.67441860465115
112750,100.0,100.0
113000,100.0,100.0
113250,100.0,100.0
113500,70.39999999999999,100.0
113750,0.0,100.0
114000,0.0,99.04891304347827
114250,89.2,99.06604402935291
114500,100.0,99.06604402935291
114750,100.0,99.06604402935291
115000,100.0,99.06604402935291
115250,100.0,99.06604402935291
115500,64.8,98.33222148098733
115750,5.6000000000000005,94.97907949790795
116000,0.0,97.54601226993866
116250,89.2,97.67441860465115
116500,100.0,97.67441860465115
116750,100.0,100.0
117000,100.0,100.0
117250,100.0,100.0
117500,70.39999999999999,100.0
117750,0.0,100.0
118000,0.0,99.04891304347827
118250,89.2,99.06604402935291
118500,100.0,99.06604402935291
118750,100.0,99.06604402935291
119000,100.0,99.06604402935291
119250,100.0,99.06604402935291
119500,64.8,98.33222148098733
119750,5.6000000000000005,94.97907949790795
120000,0.0,97.54601226993866
120250,89.2,97.67441860465115
120500,100.0,97.67441860465115
120750,100.0,100.0
121000,100.0,100.0
121250,100.0,100.0
121500,70.39999999999999,100.0
121750,0.0,100.0
122000,0.0,99.04891304347827
122250,89.2,99.06604402935291
122500,100.0,99.06604402935291
122750,100.0,99.06604402935291
123000,100.0,99.06604402935291
123250,100.0,99.06604402935291
123500,64.8,98.33222148098733
123750,5.6000000000000005,94.97907949790795
124000,0.0,97.54601226993866
124250,89.2,97.67441860465115
124500,100.0,97.67441860465115
124750,100.0,100.0
125000,100.0,100.0
125250,100.0,100.0
125500,70.39999999999999,100.0
125750,0.0,100.0
126000,0.0,99.04891304347827
126250,89.2,99.06604402935291
126500,100.0,99.06604402935291
126750,100.0,99.06604402935291
127000,100.0,99.06604402935291
127250,100.0,99.06604402935291
127500,64.8,98.33222148098733
127750,5.6000000000000005,94.97907949790795
128000,0.0,97.54601226993866
128250,89.2,97.67441860465115
128500,100.0,97.67441860465115
128750,100.0,100.0
129000,100.0,100.0
129250,100.0,100.0
129500,70.39999999999999,100.0
129750,0.0,100.0
130000,0.0,99.04891304347827
130250,89.2,99.06604402935291
130500,100.0,99.06604402935291
130750,100.0,99.06604402935291
131000,100.0,99.06604402935291
131250,100.0,99.06604402935291
131500,64.8,98.33222148098733
131750,5.6000000000000005,94.97907949790795
132000,0.0,97.54601226993866
132250,89.2,97.67441860465115
132500,100.0,97.67441860465115
132750,100.0,100.0
133000,100.0,100.0
133250,100.0,100.0
133500,70.39999999999999,100.0
133750,0.0,100.0
134000,0.0,99.04891304347827
134250,89.2,99.06604402935291
134500,100.0,99.06604402935291
134750,100.0,99.06604402935291
135000,100.0,99.06604402935291
135250,100.0,99.06604402935291
135500,64.8,98.33222148098733
135750,5.6000000000000005,94.97907949790795
136000,0.0,97.54601226993866
136250,89.2,97.67441860465115
136500,100.0,97.67441860465115
136750,100.0,100.0
137000,100.0,100.0
137250,100.0,100.0
137500,70.39999999999999,100.0
137750,0.0,100.0
138000,0.0,99.04891304347827
138250,89.2,99.06604402935291
138500,100.0,99.06604402935291
138750,100.0,99.06604402935291
139000,100.0,99.06604402935291
139250,100.0,99.06604402935291
139500,64.8,98.33222148098733
139750,5.6000000000000005,94.97907949790795
140000,0.0,97.54601226993866
140250,89.2,97.67441860465115
140500,100.0,97.67441860465115
140750,100.0,100.0
141000,100.0,100.0
141250,100.0,100.0
141500,70.39999999999999,100.0
141750,0.0,100.0
142000,0.0,99.04891304347827
142250,89.2,99.06604402935291
142500,100.0,99.06604402935291
142750,100.0,99.06604402935291
143000,100.0,99.06604402935291
143250,100.0,99.06604402935291
143500,64.8,98.33222148098733
143750,5.6000000000000005,94.97907949790795
144000,0.0,97.54601226993866
144250,89.2,97.67441860465115
144500,100.0,97.67441860465115
144750,100.0,78.57142857142857
145000,100.0,64.28571428571429
145250,100.0,50.0
145500,70.39999999999999,85.22727272727273
145750,0.0,96.15384615384616
146000,0.0,97.78911564625851
146250,89.2,97.88617886178862
146500,100.0,97.88617886178862
146750,100.0,92.85714285714286
147000,100.0,78.57142857142857
147250,100.0,64.28571428571429
147500,64.8,89.2156862745098
147750,0.0,95.39748953974896
148000,0.0,97.75051124744377
148250,89.2,97.86821705426357
148500,100.0,97.86821705426357
148750,100.0,71.42857142857143
149000,100.0,57.14285714285714
149250,100.0,42.857142857142854
149500,70.39999999999999,100.0
149750,0.0,100.0
150000,0.0,100.0
150250,89.2,100.0
150500,100.0,100.0
150750,100.0,85.71428571428571
151000,100.0,71.42857142857143
151250,100.0,57.14285714285714
151500,64.8,88.23529411764706
151750,0.0,94.97907949790795
152000,0.0,97.54601226993866
152250,89.2,97.67441860465115
152500,100.0,97.67441860465115
152750,100.0,78.57142857142857
153000,100.0,64.28571428571429
153250,100.0,50.0
153500,70.39999999999999,0.9900990099009901
153750,0.0,0.2849002849002849
154000,0.0,0.16638935108153077
154250,89.2,35.509554140127385
154500,100.0,75.31847133757962
154750,100.0,92.85714285714286
155000,100.0,78.57142857142857
155250,100.0,64.28571428571429
155500,65.2,90.0990099009901
155750,0.0,95.7983193277311
156000,0.0,97.95081967213115
156250,0.0,98.6449864498645
156500,0.0,98.98785425101214
156750,0.0,100.0
157000,0.0,85.71428571428571
157250,0.0,99.61977186311786
157500,0.0,99.80506822612085
157750,5.6000000000000005,99.57805907172997
158000,0.0,99.7946611909651
158250,0.0,99.86431478968792
158500,0.0,99.89868287740629
158750,0.0,99.91915925626516
159000,0.0,99.05850706119705
159250,0.0,99.19401266551525
159500,0.0,99.29542023150478
159750,5.6000000000000005,94.91525423728814
160000,0.0,97.53086419753086
160250,0.0,98.36956521739131
160500,0.0,98.78296146044624
160750,0.0,99.02912621359224
161000,0.0,99.0578734858681
161250,0.0,99.19354838709677
161500,0.0,99.29506545820746
161750,5.6000000000000005,94.8936170212766
162000,0.0,97.52577319587628
162250,0.0,98.36734693877551
162500,0.0,98.78172588832487
162750,0.0,99.02834008097166
163000,0.0,99.05723905723906
163250,0.0,99.19308357348703
163500,0.0,99.29471032745592
163750,5.6000000000000005,94.87179487179486
164000,0.0,97.52066115702479
164250,0.0,98.36512261580381
164500,0.0,98.78048780487805
164750,0.0,99.02755267423015
165000,0.0,99.05660377358491
165250,0.0,99.19261822376009
165500,0.0,99.29435483870968
165750,5.6000000000000005,94.84978540772532
166000,0.0,97.51552795031056
166250,0.0,98.36289222373806
166500,0.0,98.7792472024415
166750,0.0,99.02676399026764
167000,0.0,99.055967633176
167250,0.0,99.19215233698789
167500,0.0,99.29399899142713
167750,5.6000000000000005,94.82758620689656
168000,0.0,97.5103734439834
168250,0.0,98.36065573770492
168500,0.0,98.77800407331976
168750,0.0,99.02597402597402
169000,0.0,99.05533063427801
169250,0.0,99.19168591224017
169500,0.0,99.2936427850656
169750,5.6000000000000005,94.8051948051948
170000,0.0,97.5051975051975
170250,0.0,98.35841313269493
170500,0.0,98.77675840978594
170750,0.0,99.02518277822908
171000,0.0,99.05469277515192
171250,0.0,99.19121894858463
171500,0.0,99.29328621908127
171750,5.6000000000000005,94.78260869565217
172000,0.0,97.5
172250,0.0,98.35616438356163
172500,0.0,98.77551020408163
172750,0.0,99.02439024390245
173000,0.0,99.05405405405405
173250,0.0,99.1907514450867
173500,0.0,99.29292929292929
173750,5.6000000000000005,94.75982532751091
174000,0.0,97.4947807933194
174250,0.0,98.35390946502058
174500,0.0,98.77425944841676
174750,0.0,99.02359641985355
175000,0.0,99.05341446923597
175250,0.0,99.19028340080972
175500,0.0,99.29257200606368
175750,5.6000000000000005,94.73684210526315
176000,0.0,97.48953974895397
176250,0.0,98.35164835164835
176500,0.0,98.77300613496932
176750,0.0,99.0228013029316
177000,0.0,99.05277401894452
177250,0.0,99.18981481481481
177500,0.0,99.29221435793731
177750,5.6000000000000005,94.7136563876652
178000,0.0,97.48427672955975
178250,0.0,98.34938101788171
178500,0.0,98.77175025588537
178750,0.0,99.02200488997555
179000,0.0,99.0521327014218
179250,0.0,99.18934568616096
179500,0.0,99.29185634800203
179750,5.6000000000000005,94.69026548672566
180000,0.0,97.47899159663865
180250,0.0,98.34710743801654
180500,0.0,98.77049180327869
180750,0.0,99.02120717781403
181000,0.0,99.05149051490515
181250,0.0,99.18887601390497
181500,0.0,99.2914979757085
181750,5.6000000000000005,94.66666666666667
182000,0.0,97.47368421052632
182250,0.0,98.34482758620689
182500,0.0,98.76923076923076
182750,0.0,99.0204081632653
183000,0.0,99.05084745762713
183250,0.0,99.18840579710145
183500,0.0,99.29113924050633
183750,5.6000000000000005,94.64285714285714
184000,0.0,97.46835443037975
184250,0.0,98.34254143646409
184500,0.0,98.76796714579056
184750,0.0,99.01960784313727
185000,0.0,99.05020352781547
185250,0.0,99.18793503480279
185500,0.0,99.29078014184397
185750,5.6000000000000005,94.61883408071749
186000,0.0,97.46300211416491
186250,0.0,98.3402489626556
186500,0.0,98.7667009249743
186750,0.0,99.01880621422731
187000,0.0,99.04955872369314
187250,0.0,99.1874637260592
187500,0.0,99.29042067916878
187750,5.6000000000000005,94.5945945945946
188000,0.0,97.45762711864407
188250,0.0,98.33795013850416
188500,0.0,98.76543209876543
188750,0.0,99.01800327332242
189000,0.0,99.04891304347827
189250,0.0,99.1869918699187
189500,0.0,99.29006085192698
189750,5.6000000000000005,94.57013574660633
190000,0.0,97.45222929936305
190250,0.0,98.3356449375867
190500,0.0,98.76416065911432
190750,0.0,99.01719901719902
191000,0.0,99.04826648538409
191250,0.0,99.18651946542708
191500,0.0,99.28970065956368
191750,5.6000000000000005,94.54545454545455
192000,0.0,97.44680851063829
192250,0.0,98.33333333333333
192500,0.0,98.76288659793815
192750,0.0,99.01639344262296
193000,0.0,99.04761904761905
193250,0.0,99.18604651162791
193500,0.0,99.28934010152284
193750,5.6000000000000005,94.52054794520548
194000,0.0,97.44136460554371
194250,0.0,98.33101529902642
194500,0.0,98.76160990712074
194750,0.0,99.01558654634947
195000,0.0,99.04697072838667
195250,0.0,99.18557300756254
195500,0.0,99.28897917724734
195750,5.6000000000000005,94.4954128440367
196000,0.0,97.43589743589743
196250,0.0,98.32869080779945
196500,0.0,98.7603305785124
196750,0.0,99.01477832512316
197000,0.0,99.04632152588556
197250,0.0,99.18509895227008
197500,0.0,99.28861788617887
197750,5.6000000000000005,94.47004608294931
198000,0.0,97.4304068522484
198250,0.0,98.32635983263597
198500,0.0,98.75904860392967
198750,0.0,99.0139687756779
199000,0.0,99.04567143830948
199250,0.0,99.18462434478742
199500,0.0,99.28825622775801
199750,5.6000000000000005,94.44444444444444
200000,0.0,97.42489270386267
200250,0.0,98.32402234636871
200500,0.0,98.75776397515527
200750,0.0,99.01315789473685
201000,0.0,99.0450204638472
201250,0.0,99.18414918414918
201500,0.0,99.28789420142421
201750,5.6000000000000005,94.41860465116278
202000,0.0,97.41935483870968
202250,0.0,98.32167832167832
202500,0.0,98.75647668393782
202750,0.0,99.01234567901234
203000,0.0,99.0443686006826
203250,0.0,99.18367346938776
203500,0.0,99.28753180661577
203750,5.6000000000000005,94.39252336448598
204000,0.0,97.41379310344827
204250,0.0,98.31932773109243
204500,0.0,98.7551867219917
204750,0.0,99.01153212520593
205000,0.0,99.04371584699454
205250,0.0,99.18319719953325
205500,0.0,99.28716904276986
205750,5.6000000000000005,94.36619718309859
206000,0.0,97.40820734341253
206250,78.8,97.67441860465115
206500,100.0,97.67441860465115
206750,100.0,100.0
207000,100.0,100.0
207250,100.0,100.0
207500,80.80000000000001,100.0
207750,0.0,100.0
208000,0.0,99.03181189488244
208250,78.8,99.06604402935291
208500,100.0,99.06604402935291
208750,100.0,99.06604402935291
209000,100.0,99.06604402935291
209250,100.0,99.06604402935291
209500,75.2,96.59773182121414
209750,5.6000000000000005,94.36619718309859
210000,0.0,97.40820734341253
210250,78.8,97.67441860465115
210500,100.0,97.67441860465115
210750,100.0,100.0
211000,100.0,100.0
211250,100.0,100.0
211500,80.80000000000001,100.0
211750,0.0,100.0
212000,0.0,99.03181189488244
212250,78.8,99.06604402935291
212500,100.0,99.06604402935291
212750,100.0,99.06604402935291
213000,100.0,99.06604402935291
213250,100.0,99.06604402935291
213500,75.2,96.59773182121414
213750,5.6000000000000005,94.36619718309859
214000,0.0,97.40820734341253
214250,78.8,97.67441860465115
214500,100.0,97.67441860465115
214750,100.0,100.0
215000,100.0,100.0
215250,100.0,100.0
215500,80.80000000000001,100.0
215750,0.0,100.0
216000,0.0,99.03181189488244
216250,78.8,99.06604402935291
216500,100.0,99.06604402935291
216750,100.0,99.06604402935291
217000,100.0,99.06604402935291
217250,100.0,99.06604402935291
217500,75.2,96.59773182121414
217750,5.6000000000000005,94.36619718309859
218000,0.0,97.40820734341253
218250,78.8,97.67441860465115
218500,100.0,97.67441860465115
218750,100.0,100.0
219000,100.0,100.0
219250,100.0,100.0
219500,80.80000000000001,100.0
219750,0.0,100.0
220000,0.0,99.03181189488244
220250,78.8,99.06604402935291
220500,100.0,99.06604402935291
220750,100.0,99.06604402935291
221000,100.0,99.06604402935291
221250,100.0,99.06604402935291
221500,75.2,96.59773182121414
221750,5.6000000000000005,94.36619718309859
222000,0.0,97.40820734341253
222250,78.8,97.67441860465115
222500,100.0,97.67441860465115
222750,100.0,100.0
223000,100.0,100.0
223250,100.0,100.0
223500,80.80000000000001,100.0
223750,0.0,100.0
224000,0.0,99.03181189488244
224250,78.8,99.06604402935291
224500,100.0,99.06604402935291
224750,100.0,99.06604402935291
225000,100.0,99.06604402935291
225250,100.0,99.06604402935291
225500,75.2,96.59773182121414
225750,5.6000000000000005,94.36619718309859
226000,0.0,97.40820734341253
226250,78.8,97.67441860465115
226500,100.0,97.67441860465115
226750,100.0,100.0
227000,100.0,100.0
227250,100.0,100.0
227500,80.80000000000001,100.0
227750,0.0,100.0
228000,0.0,99.03181189488244
228250,78.8,99.06604402935291
228500,100.0,99.06604402935291
228750,100.0,99.06604402935291
229000,100.0,99.06604402935291
229250,100.0,99.06604402935291
229500,75.2,96.59773182121414
229750,5.6000000000000005,94.36619718309859
230000,0.0,97.40820734341253
230250,78.8,97.67441860465115
230500,100.0,97.67441860465115
230750,100.0,100.0
231000,100.0,100.0
231250,100.0,100.0
231500,80.80000000000001,100.0
231750,0.0,100.0
232000,0.0,99.03181189488244
232250,78.8,99.06604402935291
232500,100.0,99.06604402935291
232750,100.0,99.06604402935291
233000,100.0,99.06604402935291
233250,100.0,99.06604402935291
233500,75.2,96.59773182121414
233750,5.6000000000000005,94.36619718309859
234000,0.0,97.40820734341253
234250,78.8,97.67441860465115
234500,100.0,97.67441860465115
234750,100.0,100.0
235000,100.0,100.0
235250,100.0,100.0
235500,80.80000000000001,100.0
235750,0.0,100.0
236000,0.0,99.03181189488244
236250,78.8,99.06604402935291
236500,100.0,99.06604402935291
236750,100.0,99.06604402935291
237000,100.0,99.06604402935291
237250,100.0,99.06604402935291
237500,75.2,96.59773182121414
237750,5.6000000000000005,94.36619718309859
238000,0.0,97.40820734341253
238250,78.8,97.67441860465115
238500,100.0,97.67441860465115
238750,100.0,100.0
239000,100.0,100.0
239250,100.0,100.0
239500,80.80000000000001,100.0
239750,0.0,100.0
240000,0.0,99.03181189488244
240250,78.8,99.06604402935291
240500,100.0,99.06604402935291
240750,100.0,99.06604402935291
241000,100.0,99.06604402935291
241250,100.0,99.06604402935291
241500,75.2,96.59773182121414
241750,5.6000000000000005,94.36619718309859
242000,0.0,97.40820734341253
242250,78.8,97.67441860465115
242500,100.0,97.67441860465115
242750,100.0,100.0
243000,100.0,100.0
243250,100.0,100.0
243500,80.80000000000001,100.0
243750,0.0,100.0
244000,0.0,99.03181189488244
244250,78.8,99.06604402935291
244500,100.0,99.06604402935291
244750,100.0,99.06604402935291
245000,100.0,99.06604402935291
245250,100.0,99.06604402935291
245500,75.2,96.59773182121414
245750,5.6000000000000005,94.36619718309859
246000,0.0,97.40820734341253
246250,78.8,97.67441860465115
246500,100.0,97.67441860465115
246750,100.0,100.0
247000,100.0,100.0
247250,100.0,100.0
247500,80.80000000000001,100.0
247750,0.0,100.0
248000,0.0,99.03181189488244
248250,78.8,99.06604402935291
248500,100.0,99.06604402935291
248750,100.0,99.06604402935291
249000,100.0,99.06604402935291
249250,100.0,99.06604402935291
249500,75.2,96.59773182121414
249750,5.6000000000000005,94.36619718309859
250000,0.0,97.40820734341253
250250,78.8,97.67441860465115
250500,100.0,97.67441860465115
250750,100.0,100.0
251000,100.0,100.0
251250,100.0,100.0
251500,80.80000000000001,100.0
251750,0.0,100.0
252000,0.0,99.03181189488244
252250,78.8,99.06604402935291
252500,100.0,99.06604402935291
252750,100.0,99.06604402935291
253000,100.0,99.06604402935291
253250,100.0,99.06604402935291
253500,75.2,96.59773182121414
253750,5.6000000000000005,94.36619718309859
254000,0.0,97.40820734341253
254250,78.8,97.67441860465115
254500,100.0,97.67441860465115
254750,100.0,92.85714285714286
255000,100.0,78.57142857142857
255250,100.0,64.28571428571429
255500,80.80000000000001,79.03225806451613
255750,0.0,95.83333333333334
256000,0.0,97.68683274021353
256250,78.8,97.88617886178862
256500,100.0,97.88617886178862
256750,100.0,100.0
257000,100.0,85.71428571428571
257250,100.0,71.42857142857143
257500,75.6,85.33333333333334
257750,0.0,94.81132075471697
258000,0.0,97.61904761904762
258250,0.0,98.45505617977528
258500,0.0,98.85654885654886
258750,0.0,100.0
259000,0.0,85.71428571428571
259250,0.0,71.42857142857143
259500,0.0,86.48648648648648
259750,5.6000000000000005,95.260663507109
260000,0.0,97.83080260303689
260250,0.0,98.59353023909986
260500,0.0,98.95941727367325
260750,0.0,100.0
261000,0.0,85.71428571428571
261250,0.0,71.42857142857143
261500,0.0,87.67123287671232
261750,5.6000000000000005,95.71428571428572
262000,0.0,98.04347826086956
262250,0.0,98.73239436619718
262500,0.0,99.0625
262750,0.0,99.25619834710744
263000,0.0,99.04109589041096
263250,0.0,99.18128654970761
263500,0.0,99.28571428571429
263750,5.6000000000000005,94.25837320574163
264000,0.0,97.38562091503267
264250,0.0,98.30747531734838
264500,0.0,98.74869655891554
264750,0.0,99.0074441687345
265000,0.0,99.04043865661411
265250,0.0,99.1808074897601
265500,0.0,99.28534966819807
265750,5.6000000000000005,94.23076923076923
266000,0.0,97.37991266375546
266250,0.0,98.30508474576271
266500,0.0,98.74739039665971
266750,0.0,99.00662251655629
267000,0.0,99.039780521262
267250,0.0,99.18032786885246
267500,0.0,99.2849846782431
267750,5.6000000000000005,94.20289855072464
268000,0.0,97.3741794310722
268250,0.0,98.3026874115983
268500,0.0,98.7460815047022
268750,0.0,99.00579950289975
269000,0.0,99.03912148249829
269250,0.0,99.17984768599882
269500,0.0,99.28461931527849
269750,5.6000000000000005,94.1747572815534
270000,0.0,97.36842105263158
270250,0.0,98.30028328611898
270500,0.0,98.74476987447699
270750,0.0,99.00497512437812
271000,0.0,99.03846153846155
271250,0.0,99.17936694021103
271500,0.0,99.2842535787321
271750,5.6000000000000005,94.14634146341463
272000,0.0,97.36263736263736
272250,0.0,98.29787234042553
272500,0.0,98.7434554973822
272750,0.0,99.00414937759336
273000,0.0,99.03780068728523
273250,0.0,99.17888563049854
273500,0.0,99.2838874680307
273750,5.6000000000000005,94.11764705882352
274000,0.0,97.3568281938326
274250,0.0,98.29545454545455
274500,0.0,98.74213836477988
274750,0.0,99.00332225913621
275000,0.0,99.03713892709766
275250,0.0,99.17840375586854
275500,0.0,99.2835209825998
275750,5.6000000000000005,94.08866995073892
276000,0.0,97.35099337748345
276250,0.0,98.29302987197724
276500,0.0,98.74081846799581
276750,0.0,99.00249376558602
277000,0.0,99.03647625602203
277250,0.0,99.1779213153259
277500,0.0,99.2831541218638
277750,5.6000000000000005,94.05940594059405
278000,0.0,97.34513274336283
278250,0.0,98.29059829059828
278500,0.0,98.73949579831933
278750,0.0,99.00166389351082
279000,0.0,99.0358126721763
279250,0.0,99.17743830787309
279500,0.0,99.2827868852459
279750,5.6000000000000005,94.02985074626866
280000,0.0,97.33924611973393
280250,0.0,98.28815977175464
280500,0.0,98.73817034700315
280750,0.0,99.0008326394671
281000,0.0,99.03514817367332
281250,0.0,99.1769547325103
281500,0.0,99.28241927216813
281750,5.6000000000000005,94.0
282000,0.0,97.33333333333334
282250,0.0,98.28571428571429
282500,0.0,98.73684210526315
282750,0.0,99.0
283000,0.0,99.03448275862068
283250,0.0,99.1764705882353
283500,0.0,99.28205128205128
283750,5.6000000000000005,93.96984924623115
284000,0.0,97.32739420935413
284250,0.0,98.28326180257511
284500,0.0,98.73551106427819
284750,0.0,98.99916597164304
285000,0.0,99.03381642512076
285250,0.0,99.17598587404356
285500,0.0,99.28168291431503
285750,5.6000000000000005,93.93939393939394
286000,0.0,97.32142857142857
286250,0.0,98.28080229226362
286500,0.0,98.73417721518987
286750,0.0,98.9983305509182
287000,0.0,99.03314917127072
287250,0.0,99.17550058892816
287500,0.0,99.28131416837782
287750,5.6000000000000005,93.90862944162437
288000,0.0,97.31543624161074
288250,0.0,98.27833572453372
288500,0.0,98.73284054910243
288750,0.0,98.99749373433583
289000,0.0,99.0324809951624
289250,0.0,99.17501473187978
289500,0.0,99.28094504365691
289750,5.6000000000000005,93.87755102040816
290000,0.0,97.30941704035875
290250,0.0,98.27586206896551
290500,0.0,98.73150105708245
290750,0.0,98.99665551839465
291000,0.0,99.03181189488244
291250,0.0,99.1745283018868
291500,0.0,99.28057553956835
291750,5.6000000000000005,93.84615384615384
292000,0.0,97.30337078651685
292250,0.0,98.27338129496403
292500,0.0,98.73015873015873
292750,0.0,98.99581589958159
293000,0.0,99.03114186851211
293250,0.0,99.1740412979351
293500,0.0,99.28020565552698
293750,5.6000000000000005,93.81443298969072
294000,0.0,97.2972972972973
294250,0.0,98.27089337175792
294500,0.0,98.72881355932203
294750,0.0,98.99497487437185
295000,0.0,99.03047091412742
295250,0.0,99.17355371900827
295500,0.0,99.2798353909465
295750,5.6000000000000005,93.78238341968913
296000,0.0,97.29119638826185
296250,0.0,98.26839826839827
296500,0.0,98.72746553552491
296750,0.0,98.99413243922884
297000,0.0,99.02979902979902
297250,0.0,99.17306556408741
297500,0.0,99.27946474523932
297750,5.6000000000000005,93.75
298000,0.0,97.28506787330316
298250,0.0,98.26589595375722
298500,0.0,98.72611464968153
298750,0.0,98.99328859060402
299000,0.0,99.02912621359224
299250,0.0,99.17257683215131
299500,0.0,99.27909371781668
299750,5.6000000000000005,93.717277486911
300000,0.0,97.27891156462584
300250,0.0,98.26338639652677
300500,0.0,98.72476089266738
300750,0.0,98.99244332493703
301000,0.0,99.02845246356696
301250,0.0,99.17208752217623
301500,0.0,99.27872230808862
301750,5.6000000000000005,93.6842105263158
302000,0.0,97.27272727272728
302250,0.0,98.26086956521739
302500,0.0,98.72340425531915
302750,0.0,98.99159663865547
303000,0.0,99.02777777777779
303250,0.0,99.1715976331361
303500,0.0,99.27835051546393
303750,5.6000000000000005,93.65079365079364
304000,0.0,97.26651480637814
304250,0.0,98.25834542815674
304500,0.0,98.7220447284345
304750,0.0,98.99074852817493
305000,0.0,99.0271021542738
305250,0.0,99.17110716400236
305500,0.0,99.27797833935018
305750,5.6000000000000005,93.61702127659575
306000,0.0,97.26027397260275
