250,0.0,80.0
500,0.0,40.0
750,0.0,26.666666666666668
1000,0.0,20.0
1250,0.0,16.0
1500,0.0,13.333333333333334
1750,0.0,11.428571428571429
2000,0.0,10.0
2250,0.4,80.32128514056225
2500,0.0,40.08016032064128
2750,0.0,26.702269692923895
3000,0.0,20.02002002002002
3250,0.0,16.01281024819856
3500,0.0,13.342228152101402
3750,0.0,11.435105774728417
4000,0.0,10.005002501250624
4250,0.4,80.64516129032258
4500,0.0,40.16064257028113
4750,0.0,26.737967914438503
5000,0.0,20.04008016032064
5250,0.0,16.025641025641026
5500,0.0,13.351134846461948
5750,0.0,11.441647597254006
6000,0.0,10.01001001001001
6250,0.4,10.005002501250624
6500,0.0,10.005002501250624
6750,0.0,10.005002501250624
7000,0.0,10.005002501250624
7250,0.0,10.005002501250624
7500,0.0,10.005002501250624
7750,0.0,10.005002501250624
8000,79.2,100.0
8250,79.60000000000001,100.0
8500,0.0,66.22516556291392
8750,0.0,36.231884057971016
9000,0.0,24.93765586034913
9250,0.0,19.011406844106464
9500,0.0,15.360983102918588
9750,0.0,12.886597938144329
10000,0.0,11.098779134295228
10250,78.8,11.092623405435384
10500,0.0,11.092623405435384
10750,0.0,11.092623405435384
11000,0.0,11.092623405435384
11250,0.0,11.092623405435384
11500,0.0,11.092623405435384
11750,0.0,11.092623405435384
12000,0.8,100.0
12250,79.60000000000001,100.0
12500,0.0,100.0
12750,0.0,100.0
13000,0.0,100.0
13250,0.0,79.05138339920948
13500,0.0,39.761431411530815
13750,0.0,26.560424966799467
14000,0.0,19.960079840319363
14250,78.8,19.940179461615156
14500,0.0,19.940179461615156
14750,0.0,19.940179461615156
15000,0.0,19.940179461615156
15250,0.4,100.0
15500,0.0,100.0
15750,0.0,100.0
16000,0.0,100.0
16250,79.60000000000001,100.0
16500,0.0,100.0
16750,0.0,79.05138339920948
17000,0.0,39.761431411530815
17250,0.0,26.560424966799467
17500,0.0,19.940179461615156
17750,0.0,15.96169193934557
18000,0.0,13.30671989354624
18250,78.8,13.297872340425531
18500,0.0,13.297872340425531
18750,0.0,13.297872340425531
19000,0.0,13.297872340425531
19250,0.0,13.297872340425531
19500,0.0,13.297872340425531
19750,0.8,100.0
20000,0.0,100.0
20250,79.60000000000001,100.0
20500,0.0,100.0
20750,0.0,100.0
21000,0.0,100.0
21250,0.0,100.0
21500,0.0,100.0
21750,0.0,79.05138339920948
22000,0.0,100.0
22250,78.8,100.0
22500,0.0,100.0
22750,0.0,79.05138339920948
23000,0.0,39.761431411530815
23250,0.0,26.560424966799467
23500,0.0,19.940179461615156
23750,0.0,15.96169193934557
24000,0.0,13.30671989354624
24250,78.8,13.297872340425531
24500,0.0,13.297872340425531
24750,0.0,13.297872340425531
25000,0.0,13.297872340425531
25250,0.0,13.297872340425531
25500,0.0,13.297872340425531
25750,0.8,100.0
26000,0.0,100.0
26250,79.60000000000001,100.0
26500,0.0,100.0
26750,0.0,79.05138339920948
27000,0.0,39.761431411530815
27250,0.0,26.560424966799467
27500,0.0,19.940179461615156
27750,0.0,15.96169193934557
28000,0.0,100.0
28250,79.60000000000001,80.32128514056225
28500,0.0,40.08016032064128
28750,0.0,26.702269692923895
29000,0.0,20.02002002002002
29250,0.0,16.01281024819856
29500,0.0,13.342228152101402
29750,0.0,11.435105774728417
30000,0.0,10.005002501250624
30250,78.8,10.0
30500,0.0,10.0
30750,0.0,10.0
31000,0.0,10.0
31250,0.0,10.0
31500,0.0,10.0
31750,0.0,10.0
32000,0.8,100.0
32250,79.60000000000001,100.0
32500,0.0,100.0
32750,0.0,79.05138339920948
33000,0.0,39.8406374501992
33250,0.0,26.595744680851062
33500,0.0,19.960079840319363
33750,0.0,15.974440894568689
34000,0.0,100.0
34250,78.8,80.32128514056225
34500,0.0,40.08016032064128
34750,0.0,26.702269692923895
35000,0.0,20.02002002002002
35250,0.0,16.01281024819856
35500,0.0,13.342228152101402
35750,0.0,11.435105774728417
36000,0.0,10.005002501250624
36250,78.8,10.0
36500,0.0,10.0
36750,0.0,10.0
37000,0.0,10.0
37250,0.0,10.0
37500,0.0,10.0
37750,0.0,10.0
38000,0.8,100.0
38250,79.60000000000001,100.0
38500,0.0,100.0
38750,0.0,100.0
39000,0.0,100.0
39250,0.0,79.36507936507937
39500,0.0,39.8406374501992
39750,0.0,26.595744680851062
40000,0.0,100.0
40250,79.60000000000001,80.32128514056225
40500,0.0,40.08016032064128
40750,0.0,26.702269692923895
41000,0.0,20.02002002002002
41250,0.0,16.01281024819856
41500,0.0,13.342228152101402
41750,0.0,11.435105774728417
42000,0.0,10.005002501250624
42250,78.8,10.0
42500,0.0,10.0
42750,0.0,10.0
43000,0.0,10.0
43250,0.0,10.0
43500,0.0,10.0
43750,0.0,10.0
44000,0.8,100.0
44250,79.60000000000001,100.0
44500,0.0,100.0
44750,0.0,100.0
45000,0.0,100.0
45250,0.0,79.05138339920948
45500,0.0,39.761431411530815
45750,0.0,26.560424966799467
46000,0.0,100.0
46250,79.60000000000001,80.32128514056225
46500,0.0,40.08016032064128
46750,0.0,26.702269692923895
47000,0.0,20.02002002002002
47250,0.0,16.01281024819856
47500,0.0,13.342228152101402
47750,0.0,11.435105774728417
48000,0.0,10.005002501250624
48250,78.8,10.0
48500,0.0,10.0
48750,0.0,10.0
49000,0.0,10.0
49250,0.0,10.0
49500,0.0,10.0
49750,0.0,10.0
50000,0.8,100.0
50250,79.60000000000001,100.0
50500,0.0,100.0
50750,0.0,100.0
51000,0.0,100.0
51250,0.0,100.0
51500,0.0,100.0
51750,0.0,79.05138339920948
52000,0.0,100.0
52250,80.0,80.64516129032258
52500,0.0,100.0
52750,0.0,79.36507936507937
53000,0.0,39.8406374501992
53250,0.0,26.595744680851062
53500,0.0,19.960079840319363
53750,0.0,15.974440894568689
54000,0.0,13.315579227696405
54250,0.0,11.415525114155251
54500,0.4,9.995002498750624
54750,0.4,79.6812749003984
55000,0.0,39.920159680638726
55250,0.0,26.63115845539281
55500,0.0,19.980019980019982
55750,0.0,15.987210231814547
56000,0.0,13.324450366422386
56250,0.0,11.42204454597373
56500,0.0,9.995002498750624
56750,0.8,80.0
57000,0.0,40.0
57250,0.0,26.666666666666668
57500,0.0,20.0
57750,0.0,16.0
58000,0.0,13.333333333333334
58250,0.0,11.428571428571429
58500,0.0,10.0
58750,0.8,80.32128514056225
59000,0.0,40.08016032064128
59250,0.0,26.702269692923895
59500,0.0,20.02002002002002
59750,0.0,16.01281024819856
60000,0.0,13.342228152101402
60250,0.0,11.435105774728417
60500,0.0,10.005002501250624
60750,0.8,80.64516129032258
61000,0.0,40.16064257028113
61250,0.0,26.737967914438503
61500,0.0,20.04008016032064
61750,0.0,16.025641025641026
62000,0.0,13.351134846461948
62250,0.0,11.441647597254006
62500,0.0,10.01001001001001
62750,0.8,80.97165991902834
63000,0.0,40.24144869215292
63250,0.0,26.77376171352075
63500,0.0,20.060180541624874
63750,0.0,16.038492381716118
64000,0.0,13.360053440213763
64250,0.0,11.448196908986835
64500,0.0,10.015022533800702
64750,0.8,81.30081300813008
65000,0.0,40.32258064516129
65250,0.0,26.80965147453083
65500,0.0,20.080321285140563
65750,0.0,16.051364365971107
66000,0.0,13.368983957219251
66250,0.0,11.45475372279496
66500,0.0,10.02004008016032
66750,0.8,81.63265306122449
67000,0.0,40.4040404040404
67250,0.0,26.845637583892618
67500,0.0,20.100502512562816
67750,0.0,16.06425702811245
68000,0.0,13.377926421404682
68250,0.0,11.461318051575931
68500,0.0,10.025062656641603
68750,0.8,81.9672131147541
69000,0.0,40.48582995951417
69250,0.0,26.881720430107524
69500,0.0,20.12072434607646
69750,0.0,16.077170418006432
70000,0.0,13.386880856760374
70250,0.0,11.46788990825688
70500,0.0,10.030090270812437
70750,0.8,82.3045267489712
71000,0.0,40.56795131845842
71250,0.0,26.917900403768506
71500,0.0,20.14098690835851
71750,0.0,16.090104585679807
72000,0.0,13.395847287340926
72250,0.0,11.474469305794607
72500,0.0,10.035122930255895
72750,0.8,82.64462809917356
73000,0.0,40.65040650406504
73250,0.0,26.954177897574123
73500,0.0,20.161290322580644
73750,0.0,16.10305958132045
74000,0.0,13.404825737265416
74250,0.0,11.481056257175661
74500,0.0,10.040160642570282
74750,0.8,82.98755186721992
75000,0.0,40.73319755600815
75250,0.0,26.99055330634278
75500,0.0,20.181634712411707
75750,0.0,16.116035455278002
76000,0.0,13.41381623071764
76250,0.0,11.487650775416428
76500,0.0,10.04520341536916
76750,0.8,83.33333333333334
77000,0.0,40.816326530612244
77250,0.0,27.027027027027028
77500,0.0,20.2020202020202
77750,0.0,16.129032258064516
78000,0.0,13.422818791946309
78250,0.0,11.494252873563218
78500,0.0,10.050251256281408
78750,0.8,83.68200836820083
79000,0.0,40.899795501022496
79250,0.0,27.06359945872801
79500,0.0,20.222446916076844
79750,0.0,16.142050040355123
80000,0.0,13.431833445265278
80250,0.0,11.500862564692351
80500,0.0,10.055304172951232
80750,0.8,84.03361344537815
81000,0.0,40.98360655737705
81250,0.0,27.100271002710024
81500,0.0,20.242914979757085
81750,0.0,16.15508885298869
82000,0.0,13.440860215053762
82250,0.0,11.507479861910241
82500,0.0,10.06036217303823
82750,0.8,84.38818565400844
83000,0.0,41.067761806981515
83250,0.0,27.137042062415194
83500,0.0,20.263424518743665
83750,0.0,16.168148746968473
84000,0.0,13.449899125756556
84250,0.0,11.514104778353483
84500,0.0,10.065425264217414
84750,0.8,84.7457627118644
85000,0.0,41.1522633744856
85250,0.0,27.173913043478258
85500,0.0,20.28397565922921
85750,0.0,16.181229773462782
86000,0.0,13.458950201884253
86250,0.0,11.52073732718894
86500,0.0,10.070493454179255
86750,0.8,85.1063829787234
87000,0.0,41.23711340206185
87250,0.0,27.2108843537415
87500,0.0,20.304568527918782
87750,0.0,16.194331983805668
88000,0.0,13.468013468013467
88250,0.0,11.527377521613833
88500,0.0,10.075566750629724
88750,0.8,85.47008547008546
89000,0.0,41.32231404958678
89250,0.0,27.247956403269757
89500,0.0,20.32520325203252
89750,0.0,16.207455429497568
90000,0.0,13.477088948787062
90250,0.0,11.534025374855824
90500,0.0,10.080645161290322
90750,0.8,85.83690987124464
91000,0.0,41.40786749482402
91250,0.0,27.285129604365622
91500,0.0,20.345879959308242
91750,0.0,16.220600162206
92000,0.0,13.486176668914363
92250,0.0,11.54068090017311
92500,0.0,10.085728693898135
92750,0.8,86.20689655172413
93000,0.0,41.49377593360996
93250,0.0,27.322404371584703
93500,0.0,20.366598778004075
93750,0.0,16.233766233766232
94000,0.0,13.49527665317139
94250,0.0,11.547344110854503
94500,0.0,10.090817356205854
94750,0.8,86.58008658008657
95000,0.0,41.58004158004158
95250,0.0,27.359781121751027
95500,0.0,20.38735983690112
95750,0.0,16.246953696181965
96000,0.0,13.50438892640108
96250,0.0,11.554015020219527
96500,0.0,10.095911155981828
96750,0.8,86.95652173913044
97000,0.0,41.66666666666667
97250,0.0,27.397260273972602
97500,0.0,20.408163265306122
97750,0.0,16.260162601626014
98000,0.0,13.513513513513514
98250,0.0,11.560693641618498
98500,0.0,10.1010101010101
98750,0.8,87.33624454148472
99000,0.0,41.75365344467641
99250,0.0,27.434842249657066
99500,0.0,20.42900919305414
99750,0.0,16.273393002441008
100000,0.0,13.522650439486139
100250,0.0,11.56737998843262
100500,0.0,10.106114199090449
100750,0.8,87.71929824561403
101000,0.0,41.84100418410041
101250,0.0,27.472527472527474
101500,0.0,20.449897750511248
101750,0.0,16.286644951140065
102000,0.0,13.531799729364005
102250,0.0,11.574074074074074
102500,0.0,10.111223458038422
102750,0.8,88.10572687224669
103000,0.0,41.92872117400419
103250,0.0,27.51031636863824
103500,0.0,20.470829068577277
103750,0.0,16.299918500407497
104000,0.0,13.540961408259985
104250,78.8,13.297872340425531
104500,0.0,13.297872340425531
104750,0.0,13.297872340425531
105000,0.0,13.297872340425531
105250,0.0,13.297872340425531
105500,0.0,13.297872340425531
105750,0.8,90.09009009009009
106000,0.0,42.3728813559322
106250,78.8,40.08016032064128
106500,0.0,40.08016032064128
106750,0.8,88.10572687224669
107000,0.0,41.92872117400419
107250,0.0,27.51031636863824
107500,0.0,20.470829068577277
107750,0.0,16.299918500407497
108000,0.0,13.540961408259985
108250,78.8,13.297872340425531
108500,0.0,13.297872340425531
108750,0.0,13.297872340425531
109000,0.0,13.297872340425531
109250,0.0,13.297872340425531
109500,0.0,13.297872340425531
109750,0.8,90.09009009009009
110000,0.0,42.3728813559322
110250,78.8,40.08016032064128
110500,0.0,40.08016032064128
110750,0.8,88.10572687224669
111000,0.0,41.92872117400419
111250,0.0,27.51031636863824
111500,0.0,20.470829068577277
111750,0.0,16.299918500407497
112000,0.0,13.540961408259985
112250,78.8,13.297872340425531
112500,0.0,13.297872340425531
112750,0.0,13.297872340425531
113000,0.0,13.297872340425531
113250,0.0,13.297872340425531
113500,0.0,13.297872340425531
113750,0.8,90.09009009009009
114000,0.0,42.3728813559322
114250,78.8,40.08016032064128
114500,0.0,40.08016032064128
114750,0.8,88.10572687224669
115000,0.0,41.92872117400419
115250,0.0,27.51031636863824
115500,0.0,20.470829068577277
115750,0.0,16.299918500407497
116000,0.0,13.540961408259985
116250,78.8,13.297872340425531
116500,0.0,13.297872340425531
116750,0.0,13.297872340425531
117000,0.0,13.297872340425531
117250,0.0,13.297872340425531
117500,0.0,13.297872340425531
117750,0.8,90.09009009009009
118000,0.0,42.3728813559322
118250,78.8,40.08016032064128
118500,0.0,40.08016032064128
118750,0.8,88.10572687224669
119000,0.0,41.92872117400419
119250,0.0,27.51031636863824
119500,0.0,20.470829068577277
119750,0.0,16.299918500407497
120000,0.0,13.540961408259985
120250,78.8,13.297872340425531
120500,0.0,13.297872340425531
120750,0.0,13.297872340425531
121000,0.0,13.297872340425531
121250,0.0,13.297872340425531
121500,0.0,13.297872340425531
121750,0.8,90.09009009009009
122000,0.0,42.3728813559322
122250,78.8,40.08016032064128
122500,0.0,40.08016032064128
122750,0.8,88.10572687224669
123000,0.0,41.92872117400419
123250,0.0,27.51031636863824
123500,0.0,20.470829068577277
123750,0.0,16.299918500407497
124000,0.0,13.540961408259985
124250,78.8,13.297872340425531
124500,0.0,13.297872340425531
124750,0.0,13.297872340425531
125000,0.0,13.297872340425531
125250,0.0,13.297872340425531
125500,0.0,13.297872340425531
125750,0.8,90.09009009009009
126000,0.0,42.3728813559322
126250,78.8,40.08016032064128
126500,0.0,40.08016032064128
126750,0.8,88.10572687224669
127000,0.0,41.92872117400419
127250,0.0,27.51031636863824
127500,0.0,20.470829068577277
127750,0.0,16.299918500407497
128000,0.0,13.540961408259985
128250,78.8,13.297872340425531
128500,0.0,13.297872340425531
128750,0.0,13.297872340425531
129000,0.0,13.297872340425531
129250,0.0,13.297872340425531
129500,0.0,13.297872340425531
129750,0.8,90.09009009009009
130000,0.0,42.3728813559322
130250,78.8,40.08016032064128
130500,0.0,40.08016032064128
130750,0.8,88.10572687224669
131000,0.0,41.92872117400419
131250,0.0,27.51031636863824
131500,0.0,20.470829068577277
131750,0.0,16.299918500407497
132000,0.0,13.540961408259985
132250,78.8,13.297872340425531
132500,0.0,13.297872340425531
132750,0.0,13.297872340425531
133000,0.0,13.297872340425531
133250,0.0,13.297872340425531
133500,0.0,13.297872340425531
133750,0.8,90.09009009009009
134000,0.0,42.3728813559322
134250,78.8,40.08016032064128
134500,0.0,40.08016032064128
134750,0.8,88.10572687224669
135000,0.0,41.92872117400419
135250,0.0,27.51031636863824
135500,0.0,20.470829068577277
135750,0.0,16.299918500407497
136000,0.0,13.540961408259985
136250,78.8,13.297872340425531
136500,0.0,13.297872340425531
136750,0.0,13.297872340425531
137000,0.0,13.297872340425531
137250,0.0,13.297872340425531
137500,0.0,13.297872340425531
137750,0.8,90.09009009009009
138000,0.0,42.3728813559322
138250,78.8,40.08016032064128
138500,0.0,40.08016032064128
138750,0.8,88.10572687224669
139000,0.0,41.92872117400419
139250,0.0,27.51031636863824
139500,0.0,20.470829068577277
139750,0.0,16.299918500407497
140000,0.0,13.540961408259985
140250,78.8,13.297872340425531
140500,0.0,13.297872340425531
140750,0.0,13.297872340425531
141000,0.0,13.297872340425531
141250,0.0,13.297872340425531
141500,0.0,13.297872340425531
141750,0.8,90.09009009009009
142000,0.0,42.3728813559322
142250,78.8,40.08016032064128
142500,0.0,40.08016032064128
142750,0.8,88.10572687224669
143000,0.0,41.92872117400419
143250,0.0,27.51031636863824
143500,0.0,20.470829068577277
143750,0.0,16.299918500407497
144000,0.0,13.540961408259985
144250,78.8,13.297872340425531
144500,0.0,13.297872340425531
144750,0.0,13.297872340425531
145000,0.0,13.297872340425531
145250,0.0,13.297872340425531
145500,0.0,13.297872340425531
145750,0.8,90.09009009009009
146000,0.0,42.3728813559322
146250,78.8,40.08016032064128
146500,0.0,40.08016032064128
146750,0.8,88.10572687224669
147000,0.0,41.92872117400419
147250,0.0,27.51031636863824
147500,0.0,20.470829068577277
147750,0.0,16.299918500407497
148000,0.0,13.540961408259985
148250,78.8,13.297872340425531
148500,0.0,13.297872340425531
148750,0.0,13.297872340425531
149000,0.0,13.297872340425531
149250,0.0,13.297872340425531
149500,0.0,13.297872340425531
149750,0.8,90.09009009009009
150000,0.0,42.3728813559322
150250,78.8,40.08016032064128
150500,0.0,40.08016032064128
150750,0.8,88.10572687224669
151000,0.0,41.92872117400419
151250,0.0,27.51031636863824
151500,0.0,20.470829068577277
151750,0.0,16.299918500407497
152000,0.0,13.540961408259985
152250,78.8,13.297872340425531
152500,0.0,13.297872340425531
152750,0.0,13.297872340425531
153000,0.0,13.297872340425531
153250,0.0,13.297872340425531
153500,0.0,13.297872340425531
153750,0.8,90.09009009009009
154000,0.0,100.0
154250,79.2,90.09009009009009
154500,0.0,42.3728813559322
154750,0.0,88.49557522123894
155000,0.0,42.016806722689076
155250,0.0,27.548209366391184
155500,0.0,20.491803278688526
155750,0.0,16.31321370309951
156000,0.0,13.550135501355012
156250,0.0,100.0
156500,0.0,72.46376811594203
156750,0.0,88.88888888888889
157000,0.0,42.10526315789473
157250,0.0,27.586206896551722
157500,0.0,20.51282051282051
157750,0.0,16.3265306122449
158000,0.0,13.559322033898304
158250,0.0,11.594202898550725
158500,0.0,10.126582278481013
158750,0.8,89.28571428571429
159000,0.0,42.19409282700422
159250,0.0,27.624309392265197
159500,0.0,20.533880903490758
159750,0.0,16.33986928104575
160000,0.0,13.568521031207597
160250,0.0,11.600928074245939
160500,0.0,10.131712259371833
160750,0.8,89.68609865470853
161000,0.0,42.28329809725159
161250,0.0,27.662517289073307
161500,0.0,20.554984583761563
161750,0.0,16.35322976287817
162000,0.0,13.577732518669382
162250,0.0,11.607661056297156
162500,0.0,10.136847440446022
162750,0.8,90.09009009009009
163000,0.0,42.3728813559322
163250,0.0,27.70083102493075
163500,0.0,20.5761316872428
163750,0.0,16.366612111292962
164000,0.0,13.586956521739129
164250,0.0,11.614401858304298
164500,0.0,10.141987829614605
164750,0.8,90.49773755656109
165000,0.0,42.462845010615716
165250,0.0,27.739251040221912
165500,0.0,20.59732234809475
165750,0.0,16.38001638001638
166000,0.0,13.596193065941536
166250,0.0,11.621150493898897
166500,0.0,10.147133434804667
166750,0.8,90.9090909090909
167000,0.0,42.5531914893617
167250,0.0,27.77777777777778
167500,0.0,20.618556701030926
167750,0.0,16.39344262295082
168000,0.0,13.60544217687075
168250,0.0,11.627906976744185
168500,0.0,10.152284263959391
168750,0.8,91.32420091324201
169000,0.0,42.643923240938165
169250,0.0,27.816411682892905
169500,0.0,20.639834881320947
169750,0.0,16.406890894175554
170000,0.0,13.614703880190607
170250,0.0,11.634671320535194
170500,0.0,10.15744032503809
170750,0.8,91.74311926605505
171000,0.0,42.73504273504273
171250,0.0,27.85515320334262
171500,0.0,20.66115702479339
171750,0.0,16.420361247947454
172000,0.0,13.623978201634879
172250,0.0,11.641443538998836
172500,0.0,10.16260162601626
172750,0.8,92.16589861751152
173000,0.0,42.82655246252677
173250,0.0,27.89400278940028
173500,0.0,20.682523267838675
173750,0.0,16.433853738701725
174000,0.0,13.6332651670075
174250,0.0,11.648223645894001
174500,0.0,10.167768174885612
174750,0.8,92.5925925925926
175000,0.0,42.91845493562232
175250,0.0,27.932960893854748
175500,0.0,20.70393374741201
175750,0.0,16.447368421052634
176000,0.0,13.642564802182811
176250,0.0,11.655011655011654
176500,0.0,10.172939979654121
176750,0.8,93.02325581395348
177000,0.0,43.01075268817204
177250,0.0,27.972027972027973
177500,0.0,20.72538860103627
177750,0.0,16.46090534979424
178000,0.0,13.651877133105803
178250,0.0,11.661807580174926
178500,0.0,10.178117048346055
178750,0.8,93.45794392523365
179000,0.0,43.103448275862064
179250,0.0,28.011204481792717
179500,0.0,20.74688796680498
179750,0.0,16.474464579901152
180000,0.0,13.661202185792352
180250,0.0,11.668611435239207
180500,0.0,10.183299389002038
180750,0.8,93.89671361502347
181000,0.0,43.196544276457885
181250,0.0,28.050490883590463
181500,0.0,20.768431983385256
181750,0.0,16.488046166529266
182000,0.0,13.67053998632946
182250,0.0,11.675423234092236
182500,0.0,10.188487009679063
182750,0.8,94.33962264150944
183000,0.0,43.290043290043286
183250,0.0,28.08988764044944
183500,0.0,20.79002079002079
183750,0.0,16.5016501650165
184000,0.0,13.679890560875513
184250,0.0,11.682242990654206
184500,0.0,10.19367991845056
184750,0.8,94.7867298578199
185000,0.0,43.38394793926248
185250,0.0,28.129395218002813
185500,0.0,20.81165452653486
185750,0.0,16.51527663088357
186000,0.0,13.689253935660506
186250,0.0,11.689070718877849
186500,0.0,10.198878123406425
186750,0.8,95.23809523809523
187000,0.0,43.47826086956522
187250,0.0,28.169014084507044
187500,0.0,20.833333333333336
187750,0.0,16.528925619834713
188000,0.0,13.698630136986301
188250,0.0,11.695906432748536
188500,0.0,10.204081632653061
188750,0.8,95.69377990430623
189000,0.0,43.57298474945534
189250,0.0,28.208744710860366
189500,0.0,20.855057351407716
189750,0.0,16.542597187758478
190000,0.0,13.708019191226867
190250,0.0,11.702750146284377
190500,0.0,10.209290454313425
190750,0.8,96.15384615384616
191000,0.0,43.66812227074236
191250,0.0,28.24858757062147
191500,0.0,20.876826722338205
191750,0.0,16.55629139072848
192000,0.0,13.717421124828533
192250,0.0,11.7096018735363
192500,0.0,10.21450459652707
192750,0.8,96.61835748792271
193000,0.0,43.7636761487965
193250,0.0,28.28854314002829
193500,0.0,20.89864158829676
193750,0.0,16.570008285004143
194000,0.0,13.726835964310228
194250,0.0,11.716461628588167
194500,0.0,10.219724067450178
194750,0.8,97.0873786407767
195000,0.0,43.859649122807014
195250,0.0,28.328611898016998
195500,0.0,20.920502092050206
195750,0.0,16.58374792703151
196000,0.0,13.736263736263737
196250,0.0,11.723329425556859
196500,0.0,10.224948875255624
196750,0.8,97.5609756097561
197000,0.0,43.956043956043956
197250,0.0,28.368794326241137
197500,0.0,20.94240837696335
197750,0.0,16.59751037344398
198000,0.0,13.745704467353953
198250,0.0,11.730205278592376
198500,0.0,10.230179028132993
198750,0.8,98.0392156862745
199000,0.0,44.052863436123346
199250,0.0,28.40909090909091
199500,0.0,20.964360587002094
199750,0.0,16.611295681063122
200000,0.0,13.75515818431912
200250,0.0,11.737089201877934
200500,0.0,10.235414534288639
200750,0.8,98.52216748768473
201000,0.0,44.150110375275936
201250,0.0,28.449502133712663
201500,0.0,20.98635886673662
201750,0.0,16.62510390689942
202000,0.0,13.764624913971094
202250,0.0,11.743981209630066
202500,0.0,10.240655401945725
202750,0.8,99.00990099009901
203000,0.0,44.24778761061947
203250,0.0,28.49002849002849
203500,0.0,21.008403361344538
203750,0.0,16.638935108153078
204000,0.0,13.774104683195592
204250,0.0,11.750881316098708
204500,0.0,10.245901639344263
204750,0.8,99.50248756218906
205000,0.0,44.345898004434595
205250,0.0,28.530670470756064
205500,0.0,21.03049421661409
205750,0.0,16.65278934221482
206000,0.0,13.783597518952448
206250,78.8,13.297872340425531
206500,0.0,13.297872340425531
206750,0.0,13.297872340425531
207000,0.0,13.297872340425531
207250,0.0,13.297872340425531
207500,0.0,13.297872340425531
207750,0.8,100.0
208000,0.0,44.843049327354265
208250,78.8,40.08016032064128
208500,0.0,40.08016032064128
208750,0.8,99.50248756218906
209000,0.0,44.345898004434595
209250,0.0,28.530670470756064
209500,0.0,21.03049421661409
209750,0.0,16.65278934221482
210000,0.0,13.783597518952448
210250,78.8,13.297872340425531
210500,0.0,13.297872340425531
210750,0.0,13.297872340425531
211000,0.0,13.297872340425531
211250,0.0,13.297872340425531
211500,0.0,13.297872340425531
211750,0.8,100.0
212000,0.0,44.843049327354265
212250,78.8,40.08016032064128
212500,0.0,40.08016032064128
212750,0.8,99.50248756218906
213000,0.0,44.345898004434595
213250,0.0,28.530670470756064
213500,0.0,21.03049421661409
213750,0.0,16.65278934221482
214000,0.0,13.783597518952448
214250,78.8,13.297872340425531
214500,0.0,13.297872340425531
214750,0.0,13.297872340425531
215000,0.0,13.297872340425531
215250,0.0,13.297872340425531
215500,0.0,13.297872340425531
215750,0.8,100.0
216000,0.0,44.843049327354265
216250,78.8,40.08016032064128
216500,0.0,40.08016032064128
216750,0.8,99.50248756218906
217000,0.0,44.345898004434595
217250,0.0,28.530670470756064
217500,0.0,21.03049421661409
217750,0.0,16.65278934221482
218000,0.0,13.783597518952448
218250,78.8,13.297872340425531
218500,0.0,13.297872340425531
218750,0.0,13.297872340425531
219000,0.0,13.297872340425531
219250,0.0,13.297872340425531
219500,0.0,13.297872340425531
219750,0.8,100.0
220000,0.0,44.843049327354265
220250,78.8,40.08016032064128
220500,0.0,40.08016032064128
220750,0.8,99.50248756218906
221000,0.0,44.345898004434595
221250,0.0,28.530670470756064
221500,0.0,21.03049421661409
221750,0.0,16.65278934221482
222000,0.0,13.783597518952448
222250,78.8,13.297872340425531
222500,0.0,13.297872340425531
222750,0.0,13.297872340425531
223000,0.0,13.297872340425531
223250,0.0,13.297872340425531
223500,0.0,13.297872340425531
223750,0.8,100.0
224000,0.0,44.843049327354265
224250,78.8,40.08016032064128
224500,0.0,40.08016032064128
224750,0.8,99.50248756218906
225000,0.0,44.345898004434595
225250,0.0,28.530670470756064
225500,0.0,21.03049421661409
225750,0.0,16.65278934221482
226000,0.0,13.783597518952448
226250,78.8,13.297872340425531
226500,0.0,13.297872340425531
226750,0.0,13.297872340425531
227000,0.0,13.297872340425531
227250,0.0,13.297872340425531
227500,0.0,13.297872340425531
227750,0.8,100.0
228000,0.0,44.843049327354265
228250,78.8,40.08016032064128
228500,0.0,40.08016032064128
228750,0.8,99.50248756218906
229000,0.0,44.345898004434595
229250,0.0,28.530670470756064
229500,0.0,21.03049421661409
229750,0.0,16.65278934221482
230000,0.0,13.783597518952448
230250,78.8,13.297872340425531
230500,0.0,13.297872340425531
230750,0.0,13.297872340425531
231000,0.0,13.297872340425531
231250,0.0,13.297872340425531
231500,0.0,13.297872340425531
231750,0.8,100.0
232000,0.0,44.843049327354265
232250,78.8,40.08016032064128
232500,0.0,40.08016032064128
232750,0.8,99.50248756218906
233000,0.0,44.345898004434595
233250,0.0,28.530670470756064
233500,0.0,21.03049421661409
233750,0.0,16.65278934221482
234000,0.0,13.783597518952448
234250,78.8,13.297872340425531
234500,0.0,13.297872340425531
234750,0.0,13.297872340425531
235000,0.0,13.297872340425531
235250,0.0,13.297872340425531
235500,0.0,13.297872340425531
235750,0.8,100.0
236000,0.0,44.843049327354265
236250,78.8,40.08016032064128
236500,0.0,40.08016032064128
236750,0.8,99.50248756218906
237000,0.0,44.345898004434595
237250,0.0,28.530670470756064
237500,0.0,21.03049421661409
237750,0.0,16.65278934221482
238000,0.0,13.783597518952448
238250,78.8,13.297872340425531
238500,0.0,13.297872340425531
238750,0.0,13.297872340425531
239000,0.0,13.297872340425531
239250,0.0,13.297872340425531
239500,0.0,13.297872340425531
239750,0.8,100.0
240000,0.0,44.843049327354265
240250,78.8,40.08016032064128
240500,0.0,40.08016032064128
240750,0.8,99.50248756218906
241000,0.0,44.345898004434595
241250,0.0,28.530670470756064
241500,0.0,21.03049421661409
241750,0.0,16.65278934221482
242000,0.0,13.783597518952448
242250,78.8,13.297872340425531
242500,0.0,13.297872340425531
242750,0.0,13.297872340425531
243000,0.0,13.297872340425531
243250,0.0,13.297872340425531
243500,0.0,13.297872340425531
243750,0.8,100.0
244000,0.0,44.843049327354265
244250,78.8,40.08016032064128
244500,0.0,40.08016032064128
244750,0.8,99.50248756218906
245000,0.0,44.345898004434595
245250,0.0,28.530670470756064
245500,0.0,21.03049421661409
245750,0.0,16.65278934221482
246000,0.0,13.783597518952448
246250,78.8,13.297872340425531
246500,0.0,13.297872340425531
246750,0.0,13.297872340425531
247000,0.0,13.297872340425531
247250,0.0,13.297872340425531
247500,0.0,13.297872340425531
247750,0.8,100.0
248000,0.0,44.843049327354265
248250,78.8,40.08016032064128
248500,0.0,40.08016032064128
248750,0.8,99.50248756218906
249000,0.0,44.345898004434595
249250,0.0,28.530670470756064
249500,0.0,21.03049421661409
249750,0.0,16.65278934221482
250000,0.0,13.783597518952448
250250,78.8,13.297872340425531
250500,0.0,13.297872340425531
250750,0.0,13.297872340425531
251000,0.0,13.297872340425531
251250,0.0,13.297872340425531
251500,0.0,13.297872340425531
251750,0.8,100.0
252000,0.0,44.843049327354265
252250,78.8,40.08016032064128
252500,0.0,40.08016032064128
252750,0.8,99.50248756218906
253000,0.0,44.345898004434595
253250,0.0,28.530670470756064
253500,0.0,21.03049421661409
253750,0.0,16.65278934221482
254000,0.0,13.783597518952448
254250,78.8,13.297872340425531
254500,0.0,13.297872340425531
254750,0.0,13.297872340425531
255000,0.0,13.297872340425531
255250,0.0,13.297872340425531
255500,0.0,13.297872340425531
255750,0.8,100.0
256000,0.0,44.843049327354265
256250,78.8,40.08016032064128
256500,0.4,40.08016032064128
256750,0.8,100.0
257000,0.0,44.44444444444444
257250,0.0,28.57142857142857
257500,0.0,21.052631578947366
257750,0.0,16.666666666666664
258000,0.0,13.793103448275861
258250,0.0,11.76470588235294
258500,0.0,10.256410256410255
258750,0.8,100.0
259000,0.0,44.543429844098
259250,0.0,28.612303290414882
259500,0.0,21.074815595363543
259750,0.0,16.680567139282733
260000,0.0,13.802622498274673
260250,0.0,11.771630370806356
260500,0.0,10.261672652642382
260750,0.8,100.0
261000,0.0,44.642857142857146
261250,0.0,28.653295128939828
261500,0.0,21.09704641350211
261750,0.0,16.69449081803005
262000,0.0,13.812154696132598
262250,0.0,11.778563015312132
262500,0.0,10.266940451745379
262750,0.8,100.0
263000,0.0,44.742729306487696
263250,0.0,28.694404591104732
263500,0.0,21.119324181626187
263750,0.0,16.70843776106934
264000,0.0,13.8217000691085
264250,0.0,11.785503830288745
264500,0.0,10.27221366204417
264750,0.8,100.0
265000,0.0,44.843049327354265
265250,0.0,28.735632183908045
265500,0.0,21.141649048625794
265750,0.0,16.722408026755854
266000,0.0,13.831258644536653
266250,0.0,11.79245283018868
266500,0.0,10.277492291880781
266750,0.8,100.0
267000,0.0,44.9438202247191
267250,0.0,28.776978417266186
267500,0.0,21.164021164021165
267750,0.0,16.736401673640167
268000,0.0,13.84083044982699
268250,0.0,11.799410029498524
268500,0.0,10.282776349614396
268750,0.8,100.0
269000,0.0,45.04504504504504
269250,0.0,28.818443804034583
269500,0.0,21.1864406779661
269750,0.0,16.750418760469014
270000,0.0,13.850415512465375
270250,0.0,11.80637544273908
270500,0.0,10.2880658436214
270750,0.8,100.0
271000,0.0,45.146726862302486
271250,0.0,28.86002886002886
271500,0.0,21.208907741251327
271750,0.0,16.764459346186086
272000,0.0,13.86001386001386
272250,0.0,11.813349084465447
272500,0.0,10.29336078229542
272750,0.8,100.0
273000,0.0,45.248868778280546
273250,0.0,28.901734104046245
273500,0.0,21.231422505307858
273750,0.0,16.778523489932887
274000,0.0,13.869625520110956
274250,0.0,11.82033096926714
274500,0.0,10.298661174047375
274750,0.8,100.0
275000,0.0,45.3514739229025
275250,0.0,28.94356005788712
275500,0.0,21.253985122210413
275750,0.0,16.79261125104954
276000,0.0,13.879250520471894
276250,0.0,11.827321111768184
276500,0.0,10.303967027305513
276750,0.8,100.0
277000,0.0,45.45454545454545
277250,0.0,28.985507246376812
277500,0.0,21.27659574468085
277750,0.0,16.80672268907563
278000,0.0,13.88888888888889
278250,0.0,11.834319526627219
278500,0.0,10.309278350515463
278750,0.8,100.0
279000,0.0,45.558086560364465
279250,0.0,29.027576197387518
279500,0.0,21.299254526091588
279750,0.0,16.82085786375105
280000,0.0,13.89854065323141
280250,0.0,11.841326228537596
280500,0.0,10.314595152140278
280750,0.8,100.0
281000,0.0,45.662100456621005
281250,0.0,29.069767441860467
281500,0.0,21.321961620469082
281750,0.0,16.835016835016837
282000,0.0,13.908205841446453
282250,0.0,11.848341232227488
282500,0.0,10.319917440660474
282750,0.8,100.0
283000,0.0,45.766590389016024
283250,0.0,29.112081513828237
283500,0.0,21.344717182497334
283750,0.0,16.849199663016005
284000,0.0,13.917884481558804
284250,0.0,11.855364552459987
284500,0.0,10.325245224574084
284750,0.8,100.0
285000,0.0,45.87155963302752
285250,0.0,29.154518950437318
285500,0.0,21.367521367521366
285750,0.0,16.863406408094438
286000,0.0,13.92757660167131
286250,0.0,11.862396204033216
286500,0.0,10.330578512396695
286750,0.8,100.0
287000,0.0,45.97701149425287
287250,0.0,29.1970802919708
287500,0.0,21.390374331550802
287750,0.0,16.877637130801688
288000,0.0,13.937282229965156
288250,0.0,11.869436201780417
288500,0.0,10.335917312661499
288750,0.8,100.0
289000,0.0,46.08294930875576
289250,0.0,29.239766081871345
289500,0.0,21.413276231263385
289750,0.0,16.89189189189189
290000,0.0,13.94700139470014
290250,0.0,11.87648456057007
290500,0.0,10.341261633919338
290750,0.8,100.0
291000,0.0,46.18937644341801
291250,0.0,29.282576866764277
291500,0.0,21.436227224008576
291750,0.0,16.9061707523246
292000,0.0,13.956734124214934
292250,0.0,11.883541295306001
292500,0.0,10.346611484738748
292750,0.8,100.0
293000,0.0,46.2962962962963
293250,0.0,29.32551319648094
293500,0.0,21.45922746781116
293750,0.0,16.920473773265652
294000,0.0,13.966480446927374
294250,0.0,11.890606420927467
294500,0.0,10.351966873706004
294750,0.8,100.0
295000,0.0,46.403712296983755
295250,0.0,29.368575624082233
295500,0.0,21.482277121374864
295750,0.0,16.93480101608806
296000,0.0,13.976240391334732
296250,0.0,11.89767995240928
296500,0.0,10.357327809425168
296750,0.8,100.0
297000,0.0,46.51162790697674
297250,0.0,29.411764705882355
297500,0.0,21.50537634408602
297750,0.0,16.94915254237288
298000,0.0,13.986013986013987
298250,0.0,11.904761904761903
298500,0.0,10.362694300518134
298750,0.8,100.0
299000,0.0,46.620046620046615
299250,0.0,29.455081001472756
299500,0.0,21.52852529601722
299750,0.0,16.963528413910094
300000,0.0,13.995801259622112
300250,0.0,11.911852293031567
300500,0.0,10.368066355624677
300750,0.8,100.0
301000,0.0,46.728971962616825
301250,0.0,29.49852507374631
301500,0.0,21.551724137931032
301750,0.0,16.97792869269949
302000,0.0,14.005602240896359
302250,0.0,11.918951132300357
302500,0.0,10.37344398340249
302750,0.8,100.0
303000,0.0,46.8384074941452
303250,0.0,29.542097488921716
303500,0.0,21.57497303128371
303750,0.0,16.99235344095157
304000,0.0,14.01541695865452
304250,0.0,11.926058437686345
304500,0.0,10.378827192527245
304750,0.8,100.0
305000,0.0,46.948356807511736
305250,0.0,29.585798816568047
305500,0.0,21.598272138228943
305750,0.0,17.006802721088434
306000,0.0,14.025245441795231
