250,0.0,100.0
500,0.0,100.0
750,0.0,100.0
1000,0.0,20.8
1250,0.0,36.64
1500,0.0,47.199999999999996
1750,0.0,54.74285714285714
2000,0.0,60.4
2250,2.8000000000000003,55.19406392694064
2500,0.0,47.73635153129161
2750,0.0,59.904153354632584
3000,0.0,20.72072072072072
3250,0.0,36.58927141713371
3500,0.0,47.164776517678455
3750,0.0,54.71698113207547
4000,0.0,60.380190095047524
4250,2.8000000000000003,55.16847515705311
4500,0.0,47.701532311792135
4750,0.0,59.95203836930456
5000,0.0,20.72072072072072
5250,0.0,36.58927141713371
5500,0.0,47.164776517678455
5750,0.0,54.71698113207547
6000,0.0,60.380190095047524
6250,2.8000000000000003,48.3
6500,0.0,35.8
6750,0.0,37.5
7000,0.0,50.0
7250,16.8,62.5
7500,100.0,75.0
7750,100.0,87.5
8000,100.0,25.0
8250,99.6,12.5
8500,100.0,37.5
8750,100.0,62.5
9000,20.0,100.0
9250,0.0,100.0
9500,0.0,100.0
9750,0.0,99.17098445595855
10000,0.0,99.34156378600824
10250,99.6,99.3421052631579
10500,100.0,99.3421052631579
10750,100.0,99.3421052631579
11000,16.8,82.23684210526315
11250,3.2,50.0
11500,0.0,75.0
11750,0.0,100.0
12000,0.0,25.0
12250,99.6,12.5
12500,100.0,37.5
12750,100.0,62.5
13000,20.0,87.5
13250,0.0,12.5
13500,0.0,37.5
13750,0.0,62.5
14000,0.0,87.5
14250,99.6,50.0
14500,100.0,75.0
14750,100.0,100.0
15000,20.0,22.22222222222222
15250,0.0,97.2972972972973
15500,0.0,98.62475442043221
15750,0.0,99.07773386034255
16000,0.0,99.20713577799802
16250,99.6,99.20792079207921
16500,100.0,99.20792079207921
16750,100.0,99.20792079207921
17000,16.8,99.00990099009901
17250,3.2,97.58064516129032
17500,0.0,98.79518072289156
17750,0.0,99.19786096256684
18000,0.0,99.19839679358718
18250,99.6,99.1991991991992
18500,100.0,99.1991991991992
18750,100.0,99.1991991991992
19000,20.0,33.33333333333333
19250,0.0,97.68339768339769
19500,0.0,98.82121807465619
19750,0.0,99.2094861660079
20000,0.0,99.20713577799802
20250,99.6,99.20792079207921
20500,100.0,99.20792079207921
20750,100.0,99.20792079207921
21000,16.8,99.00990099009901
21250,3.2,25.0
21500,0.0,50.0
21750,0.0,75.0
22000,0.0,100.0
22250,99.6,25.0
22500,100.0,50.0
22750,100.0,75.0
23000,20.0,100.0
23250,0.0,25.0
23500,0.0,50.0
23750,0.0,75.0
24000,0.0,100.0
24250,99.6,25.0
24500,100.0,50.0
24750,100.0,75.0
25000,20.0,100.0
25250,0.0,25.0
25500,0.0,50.0
25750,0.0,75.0
26000,0.0,6.666666666666667
26250,99.6,50.0
26500,100.0,75.0
26750,100.0,100.0
27000,20.0,22.22222222222222
27250,0.0,97.2972972972973
27500,0.0,98.62475442043221
27750,0.0,99.07773386034255
28000,0.0,98.51337958374629
28250,99.6,98.41584158415841
28500,100.0,98.41584158415841
28750,100.0,98.41584158415841
29000,16.8,99.00990099009901
29250,3.2,97.58064516129032
29500,0.0,98.79518072289156
29750,0.0,99.19786096256684
30000,0.0,99.19839679358718
30250,99.6,99.1991991991992
30500,100.0,99.1991991991992
30750,100.0,99.1991991991992
31000,20.0,33.33333333333333
31250,0.0,97.68339768339769
31500,0.0,98.82121807465619
31750,0.0,99.2094861660079
32000,0.0,99.20713577799802
32250,99.6,99.20792079207921
32500,100.0,99.20792079207921
32750,100.0,99.20792079207921
33000,16.8,99.00990099009901
33250,3.2,25.0
33500,0.0,50.0
33750,0.0,75.0
34000,0.0,100.0
34250,99.6,25.0
34500,100.0,50.0
34750,100.0,75.0
35000,20.0,100.0
35250,0.0,25.0
35500,0.0,50.0
35750,0.0,75.0
36000,0.0,100.0
36250,99.6,25.0
36500,100.0,50.0
36750,100.0,75.0
37000,20.0,100.0
37250,0.0,12.5
37500,0.0,37.5
37750,0.0,62.5
38000,0.0,6.666666666666667
38250,99.6,50.0
38500,100.0,75.0
38750,100.0,100.0
39000,16.8,33.33333333333333
39250,0.0,97.68339768339769
39500,0.0,98.82121807465619
39750,0.0,99.2094861660079
40000,0.0,98.51337958374629
40250,99.6,98.41584158415841
40500,100.0,98.41584158415841
40750,100.0,98.41584158415841
41000,16.8,99.00990099009901
41250,3.2,97.58064516129032
41500,0.0,98.79518072289156
41750,0.0,99.19786096256684
42000,0.0,99.19839679358718
42250,99.6,99.1991991991992
42500,100.0,99.1991991991992
42750,100.0,99.1991991991992
43000,20.0,33.33333333333333
43250,0.0,97.68339768339769
43500,0.0,98.82121807465619
43750,0.0,99.2094861660079
44000,0.0,99.20713577799802
44250,99.6,99.20792079207921
44500,100.0,99.20792079207921
44750,100.0,99.20792079207921
45000,16.8,99.00990099009901
45250,3.2,37.5
45500,0.0,62.5
45750,0.0,87.5
46000,0.0,12.5
46250,99.6,37.5
46500,100.0,62.5
46750,100.0,87.5
47000,16.8,22.22222222222222
47250,0.0,25.0
47500,0.0,50.0
47750,0.0,75.0
48000,0.0,88.88888888888889
48250,99.6,97.98387096774194
48500,100.0,98.99598393574297
48750,100.0,99.33155080213903
49000,20.0,99.89909182643795
49250,0.0,99.91941982272361
49500,0.0,99.93293091884641
49750,0.0,99.94256174612292
50000,0.0,99.94977398292315
50250,99.6,99.94979919678715
50500,100.0,99.94979919678715
50750,100.0,99.94979919678715
51000,16.8,89.50803212851406
51250,2.8000000000000003,77.30923694779116
51500,0.0,75.30120481927712
51750,0.0,87.85140562248996
52000,0.4,1.2642225031605563
52250,99.6,30.303030303030305
52500,100.0,61.86868686868687
52750,100.0,93.43434343434343
53000,20.4,99.8989898989899
53250,0.0,99.91935483870968
53500,0.0,99.93288590604027
53750,0.0,99.94252873563218
54000,0.0,99.94974874371859
54250,0.4,12.5
54500,0.0,37.5
54750,0.0,62.5
55000,2.8000000000000003,87.5
55250,0.0,12.5
55500,0.0,37.5
55750,0.0,62.5
56000,0.0,87.5
56250,0.0,87.5
56500,0.0,12.5
56750,0.0,37.5
57000,0.0,62.5
57250,0.0,98.83720930232558
57500,0.0,99.40944881889764
57750,0.0,99.6042216358839
58000,0.0,99.20634920634922
58250,0.0,99.36406995230524
58500,0.0,99.46949602122017
58750,0.0,99.54493742889647
59000,2.8000000000000003,99.95002498750625
59250,0.4,97.66536964980544
59500,0.0,98.81656804733728
59750,0.0,99.20739762219286
60000,0.0,99.20556107249256
60250,0.0,99.36356404136833
60500,0.0,99.46914399469145
60750,0.0,99.54467842914057
61000,2.4,99.9000499750125
61250,0.8,97.65625
61500,0.0,98.81422924901186
61750,0.0,99.20634920634922
62000,0.0,99.20477137176938
62250,0.0,99.36305732484077
62500,0.0,99.46879150066401
62750,0.0,99.54441913439635
63000,2.0,99.85007496251875
63250,1.2,97.6470588235294
63500,0.0,98.8118811881188
63750,0.0,99.20529801324504
64000,0.0,99.20398009950249
64250,0.0,99.36254980079681
64500,0.0,99.46843853820599
64750,0.0,99.54415954415956
65000,1.6,99.80009995002499
65250,1.6,97.63779527559055
65500,0.0,98.80952380952381
65750,0.0,99.20424403183023
66000,0.0,99.20318725099602
66250,0.0,99.36204146730464
66500,0.0,99.46808510638297
66750,0.0,99.54389965792474
67000,1.2,99.75012493753124
67250,2.0,97.62845849802372
67500,0.0,98.80715705765407
67750,0.0,99.20318725099602
68000,0.0,99.20239282153538
68250,0.0,99.36153232242619
68500,0.0,99.46773120425814
68750,0.0,99.5436394751854
69000,0.8,99.70014992503748
69250,2.4,97.61904761904762
69500,0.0,98.80478087649402
69750,0.0,99.20212765957447
70000,0.0,99.20159680638723
70250,0.0,99.36102236421725
70500,0.0,99.46737683089214
70750,0.0,99.54337899543378
71000,0.4,99.65017491254373
71250,2.8000000000000003,97.60956175298804
71500,0.0,98.80239520958084
71750,0.0,99.20106524633822
72000,0.0,99.20079920079921
72250,0.0,99.36051159072741
72500,0.0,99.46702198534311
72750,0.0,99.54311821816106
73000,0.0,99.60019990004997
73250,3.2,97.6
73500,0.0,98.8
73750,0.0,99.2
74000,0.0,99.2
74250,0.0,99.36
74500,0.0,99.46666666666667
74750,0.0,99.54285714285714
75000,0.0,99.6
75250,3.2,97.59036144578313
75500,0.0,98.79759519038076
75750,0.0,99.19893190921229
76000,0.0,99.1991991991992
76250,0.0,99.35948759007206
76500,0.0,99.46631087391594
76750,0.0,99.54259576901087
77000,0.0,99.59979989994997
77250,3.2,97.58064516129032
77500,0.0,98.79518072289156
77750,0.0,99.19786096256684
78000,0.0,99.19839679358718
78250,0.0,99.35897435897436
78500,0.0,99.46595460614152
78750,0.0,99.54233409610984
79000,0.0,99.5995995995996
79250,3.2,97.57085020242914
79500,0.0,98.79275653923541
79750,0.0,99.19678714859438
80000,0.0,99.19759277833501
80250,0.0,99.35846030473135
80500,0.0,99.46559786239145
80750,0.0,99.54207212364052
81000,0.0,99.59939909864796
81250,3.2,97.5609756097561
81500,0.0,98.79032258064517
81750,0.0,99.19571045576407
82000,0.0,99.19678714859438
82250,0.0,99.35794542536117
82500,0.0,99.46524064171123
82750,0.0,99.5418098510882
83000,0.0,99.59919839679358
83250,3.2,97.55102040816327
83500,0.0,98.7878787878788
83750,0.0,99.19463087248323
84000,0.0,99.19597989949749
84250,0.0,99.3574297188755
84500,0.0,99.46488294314382
84750,0.0,99.54154727793696
85000,0.0,99.59899749373433
85250,3.2,97.54098360655738
85500,0.0,98.78542510121457
85750,0.0,99.19354838709677
86000,0.0,99.19517102615694
86250,0.0,99.35691318327974
86500,0.0,99.46452476572959
86750,0.0,99.54128440366972
87000,0.0,99.5987963891675
87250,3.2,97.53086419753086
87500,0.0,98.78296146044624
87750,0.0,99.19246298788694
88000,0.0,99.19436052366567
88250,0.0,99.35639581657281
88500,0.0,99.46416610850636
88750,0.0,99.54102122776821
89000,0.0,99.59859508278977
89250,3.2,97.52066115702479
89500,0.0,98.78048780487805
89750,0.0,99.19137466307278
90000,0.0,99.19354838709677
90250,0.0,99.35587761674718
90500,0.0,99.46380697050938
90750,0.0,99.54075774971297
91000,0.0,99.59839357429718
91250,3.2,97.5103734439834
91500,0.0,98.77800407331976
91750,0.0,99.19028340080972
92000,0.0,99.19273461150352
92250,0.0,99.35535858178888
92500,0.0,99.46344735077129
92750,0.0,99.54049396898334
93000,0.0,99.59819186338524
93250,3.2,97.5
93500,0.0,98.77551020408163
93750,0.0,99.1891891891892
94000,0.0,99.19191919191918
94250,0.0,99.35483870967742
94500,0.0,99.46308724832214
94750,0.0,99.54022988505747
95000,0.0,99.59798994974875
95250,3.2,97.48953974895397
95500,0.0,98.77300613496932
95750,0.0,99.18809201623816
96000,0.0,99.19110212335693
96250,0.0,99.3543179983858
96500,0.0,99.4627266621894
96750,0.0,99.53996549741231
97000,0.0,99.59778783308195
97250,3.2,97.47899159663865
97500,0.0,98.77049180327869
97750,0.0,99.1869918699187
98000,0.0,99.19028340080972
98250,0.0,99.35379644588045
98500,0.0,99.46236559139786
98750,0.0,99.5397008055236
99000,0.0,99.59758551307847
99250,3.2,97.46835443037975
99500,0.0,98.76796714579056
99750,0.0,99.18588873812755
100000,0.0,99.18946301925025
100250,0.0,99.35327405012127
100500,0.0,99.46200403496974
100750,0.0,99.53943580886586
101000,0.0,99.59738298943131
101250,3.2,97.45762711864407
101500,0.0,98.76543209876543
101750,0.0,99.18478260869566
102000,0.0,99.18864097363083
102250,0.0,99.35275080906149
102500,0.0,99.46164199192464
102750,0.0,99.53917050691244
103000,0.0,99.59718026183283
103250,3.2,97.44680851063829
103500,0.0,98.76288659793815
103750,0.0,99.18367346938776
104000,0.0,99.18781725888324
104250,89.2,99.2094861660079
104500,100.0,99.2094861660079
104750,100.0,99.2094861660079
105000,27.200000000000003,96.24505928853755
105250,3.2,97.27272727272728
105500,0.0,98.72340425531915
105750,0.0,99.16666666666667
106000,0.0,99.17525773195877
106250,89.2,99.19759277833501
106500,100.0,99.19759277833501
106750,100.0,99.19759277833501
107000,27.200000000000003,97.69307923771315
107250,3.2,97.44680851063829
107500,0.0,98.76288659793815
107750,0.0,99.18367346938776
108000,0.0,99.18781725888324
108250,89.2,99.2094861660079
108500,100.0,99.2094861660079
108750,100.0,99.2094861660079
109000,27.200000000000003,96.24505928853755
109250,3.2,97.27272727272728
109500,0.0,98.72340425531915
109750,0.0,99.16666666666667
110000,0.0,99.17525773195877
110250,89.2,99.19759277833501
110500,100.0,99.19759277833501
110750,100.0,99.19759277833501
111000,27.200000000000003,97.69307923771315
111250,3.2,97.44680851063829
111500,0.0,98.76288659793815
111750,0.0,99.18367346938776
112000,0.0,99.18781725888324
112250,89.2,99.2094861660079
112500,100.0,99.2094861660079
112750,100.0,99.2094861660079
113000,27.200000000000003,96.24505928853755
113250,3.2,97.27272727272728
113500,0.0,98.72340425531915
113750,0.0,99.16666666666667
114000,0.0,99.17525773195877
114250,89.2,99.19759277833501
114500,100.0,99.19759277833501
114750,100.0,99.19759277833501
115000,27.200000000000003,97.69307923771315
115250,3.2,97.44680851063829
115500,0.0,98.76288659793815
115750,0.0,99.18367346938776
116000,0.0,99.18781725888324
116250,89.2,99.2094861660079
116500,100.0,99.2094861660079
116750,100.0,99.2094861660079
117000,27.200000000000003,96.24505928853755
117250,3.2,97.27272727272728
117500,0.0,98.72340425531915
117750,0.0,99.16666666666667
118000,0.0,99.17525773195877
118250,89.2,99.19759277833501
118500,100.0,99.19759277833501
118750,100.0,99.19759277833501
119000,27.200000000000003,97.69307923771315
119250,3.2,97.44680851063829
119500,0.0,98.76288659793815
119750,0.0,99.18367346938776
120000,0.0,99.18781725888324
120250,89.2,99.2094861660079
120500,100.0,99.2094861660079
120750,100.0,99.2094861660079
121000,27.200000000000003,96.24505928853755
121250,3.2,97.27272727272728
121500,0.0,98.72340425531915
121750,0.0,99.16666666666667
122000,0.0,99.17525773195877
122250,89.2,99.19759277833501
122500,100.0,99.19759277833501
122750,100.0,99.19759277833501
123000,27.200000000000003,97.69307923771315
123250,3.2,97.44680851063829
123500,0.0,98.76288659793815
123750,0.0,99.18367346938776
124000,0.0,99.18781725888324
124250,89.2,99.2094861660079
124500,100.0,99.2094861660079
124750,100.0,99.2094861660079
125000,27.200000000000003,96.24505928853755
125250,3.2,97.27272727272728
125500,0.0,98.72340425531915
125750,0.0,99.16666666666667
126000,0.0,99.17525773195877
126250,89.2,99.19759277833501
126500,100.0,99.19759277833501
126750,100.0,99.19759277833501
127000,27.200000000000003,97.69307923771315
127250,3.2,97.44680851063829
127500,0.0,98.76288659793815
127750,0.0,99.18367346938776
128000,0.0,99.18781725888324
128250,89.2,99.2094861660079
128500,100.0,99.2094861660079
128750,100.0,99.2094861660079
129000,27.200000000000003,96.24505928853755
129250,3.2,97.27272727272728
129500,0.0,98.72340425531915
129750,0.0,99.16666666666667
130000,0.0,99.17525773195877
130250,89.2,99.19759277833501
130500,100.0,99.19759277833501
130750,100.0,99.19759277833501
131000,27.200000000000003,97.69307923771315
131250,3.2,97.44680851063829
131500,0.0,98.76288659793815
131750,0.0,99.18367346938776
132000,0.0,99.18781725888324
132250,89.2,99.2094861660079
132500,100.0,99.2094861660079
132750,100.0,99.2094861660079
133000,27.200000000000003,96.24505928853755
133250,3.2,97.27272727272728
133500,0.0,98.72340425531915
133750,0.0,99.16666666666667
134000,0.0,99.17525773195877
134250,89.2,99.19759277833501
134500,100.0,99.19759277833501
134750,100.0,99.19759277833501
135000,27.200000000000003,97.69307923771315
135250,3.2,97.44680851063829
135500,0.0,98.76288659793815
135750,0.0,99.18367346938776
136000,0.0,99.18781725888324
136250,89.2,99.2094861660079
136500,100.0,99.2094861660079
136750,100.0,99.2094861660079
137000,27.200000000000003,96.24505928853755
137250,3.2,97.27272727272728
137500,0.0,98.72340425531915
137750,0.0,99.16666666666667
138000,0.0,99.17525773195877
138250,89.2,99.19759277833501
138500,100.0,99.19759277833501
138750,100.0,99.19759277833501
139000,27.200000000000003,97.69307923771315
139250,3.2,97.44680851063829
139500,0.0,98.76288659793815
139750,0.0,99.18367346938776
140000,0.0,99.18781725888324
140250,89.2,99.2094861660079
140500,100.0,99.2094861660079
140750,100.0,99.2094861660079
141000,27.200000000000003,96.24505928853755
141250,3.2,97.27272727272728
141500,0.0,98.72340425531915
141750,0.0,99.16666666666667
142000,0.0,99.17525773195877
142250,89.2,99.19759277833501
142500,100.0,99.19759277833501
142750,100.0,99.19759277833501
143000,27.200000000000003,97.69307923771315
143250,3.2,97.44680851063829
143500,0.0,98.76288659793815
143750,0.0,99.18367346938776
144000,0.0,99.18781725888324
144250,89.2,99.2094861660079
144500,100.0,99.2094861660079
144750,100.0,99.2094861660079
145000,27.200000000000003,96.24505928853755
145250,3.2,97.27272727272728
145500,0.0,98.72340425531915
145750,0.0,99.16666666666667
146000,0.0,99.17525773195877
146250,89.2,99.19759277833501
146500,100.0,99.19759277833501
146750,100.0,99.19759277833501
147000,27.200000000000003,97.69307923771315
147250,3.2,12.5
147500,0.0,37.5
147750,0.0,62.5
148000,0.0,87.5
148250,89.2,12.5
148500,100.0,37.5
148750,100.0,62.5
149000,27.200000000000003,96.3157894736842
149250,0.0,100.0
149500,0.0,25.0
149750,0.0,50.0
150000,0.0,75.0
150250,89.2,100.0
150500,100.0,25.0
150750,100.0,50.0
151000,27.200000000000003,100.0
151250,0.0,87.5
151500,0.0,12.5
151750,0.0,37.5
152000,0.0,62.5
152250,89.2,25.0
152500,100.0,50.0
152750,100.0,75.0
153000,27.200000000000003,96.84210526315789
153250,0.0,97.27272727272728
153500,0.0,98.72340425531915
153750,0.0,99.16666666666667
154000,0.0,99.17525773195877
154250,89.2,98.39518555667
154500,100.0,98.39518555667
154750,100.0,98.39518555667
155000,27.6,97.59277833500502
155250,3.2,97.43589743589743
155500,0.0,98.7603305785124
155750,0.0,99.1825613079019
156000,0.0,99.1869918699187
156250,0.0,99.3517017828201
156500,0.0,99.46091644204851
156750,0.0,99.53863898500576
157000,0.0,99.59677419354838
157250,3.2,97.42489270386267
157500,0.0,98.75776397515527
157750,0.0,99.18144611186904
158000,0.0,99.18616480162767
158250,0.0,99.35117599351176
158500,0.0,99.46055293324343
158750,0.0,99.53837276399308
159000,0.0,99.59657085224407
159250,3.2,97.41379310344827
159500,0.0,98.7551867219917
159750,0.0,99.18032786885246
160000,0.0,99.18533604887983
160250,0.0,99.35064935064936
160500,0.0,99.46018893387314
160750,0.0,99.53810623556582
161000,0.0,99.59636730575177
161250,3.2,97.40259740259741
161500,0.0,98.75259875259876
161750,0.0,99.17920656634746
162000,0.0,99.18450560652396
162250,0.0,99.35012185215271
162500,0.0,99.45982444294395
162750,0.0,99.53783939919121
163000,0.0,99.59616355376073
163250,3.2,97.3913043478261
163500,0.0,98.75
163750,0.0,99.17808219178083
164000,0.0,99.18367346938776
164250,0.0,99.34959349593497
164500,0.0,99.45945945945947
164750,0.0,99.53757225433526
165000,0.0,99.5959595959596
165250,3.2,97.37991266375546
165500,0.0,98.74739039665971
165750,0.0,99.1769547325103
166000,0.0,99.18283963227783
166250,0.0,99.34906427990235
166500,0.0,99.45909398242055
166750,0.0,99.5373048004627
167000,0.0,99.59575543203638
167250,3.2,97.36842105263158
167500,0.0,98.74476987447699
167750,0.0,99.17582417582418
168000,0.0,99.18200408997954
168250,0.0,99.3485342019544
168500,0.0,99.45872801082544
168750,0.0,99.53703703703704
169000,0.0,99.59555106167846
169250,3.2,97.3568281938326
169500,0.0,98.74213836477988
169750,0.0,99.17469050894086
170000,0.0,99.18116683725691
170250,0.0,99.3480032599837
170500,0.0,99.45836154366961
170750,0.0,99.53676896352056
171000,0.0,99.59534648457259
171250,3.2,97.34513274336283
171500,0.0,98.73949579831933
171750,0.0,99.17355371900827
172000,0.0,99.18032786885246
172250,0.0,99.34747145187602
172500,0.0,99.45799457994579
172750,0.0,99.53650057937428
173000,0.0,99.59514170040485
173250,3.2,97.33333333333334
173500,0.0,98.73684210526315
173750,0.0,99.17241379310346
174000,0.0,99.17948717948718
174250,0.0,99.34693877551021
174500,0.0,99.45762711864407
174750,0.0,99.53623188405797
175000,0.0,99.59493670886076
175250,3.2,97.32142857142857
175500,0.0,98.73417721518987
175750,0.0,99.17127071823204
176000,0.0,99.17864476386036
176250,0.0,99.34640522875817
176500,0.0,99.4572591587517
176750,0.0,99.53596287703016
177000,0.0,99.59473150962512
177250,3.2,97.30941704035875
177500,0.0,98.73150105708245
177750,0.0,99.1701244813278
178000,0.0,99.17780061664953
178250,0.0,99.34587080948486
178500,0.0,99.45689069925322
178750,0.0,99.53569355774812
179000,0.0,99.59452610238216
179250,3.2,97.2972972972973
179500,0.0,98.72881355932203
179750,0.0,99.16897506925207
180000,0.0,99.1769547325103
180250,0.0,99.34533551554829
180500,0.0,99.45652173913044
180750,0.0,99.53542392566783
181000,0.0,99.59432048681542
181250,3.2,97.28506787330316
181500,0.0,98.72611464968153
181750,0.0,99.16782246879335
182000,0.0,99.1761071060762
182250,0.0,99.34479934479934
182500,0.0,99.45615227736234
182750,0.0,99.53515398024405
183000,0.0,99.59411466260781
183250,3.2,97.27272727272728
183500,0.0,98.72340425531915
183750,0.0,99.16666666666667
184000,0.0,99.17525773195877
184250,0.0,99.34426229508196
184500,0.0,99.45578231292517
184750,0.0,99.53488372093024
185000,0.0,99.59390862944163
185250,3.2,97.26027397260275
185500,0.0,98.72068230277186
185750,0.0,99.16550764951322
186000,0.0,99.17440660474716
186250,0.0,99.34372436423298
186500,0.0,99.45541184479238
186750,0.0,99.53461314717859
187000,0.0,99.59370238699847
187250,3.2,97.24770642201835
187500,0.0,98.71794871794873
187750,0.0,99.16434540389972
188000,0.0,99.17355371900827
188250,0.0,99.3431855500821
188500,0.0,99.45504087193461
188750,0.0,99.53434225844005
189000,0.0,99.59349593495935
189250,3.2,97.23502304147466
189500,0.0,98.7152034261242
189750,0.0,99.16317991631799
190000,0.0,99.17269906928645
190250,0.0,99.34264585045193
190500,0.0,99.45466939331969
190750,0.0,99.53407105416424
191000,0.0,99.59328927300457
191250,3.2,97.22222222222221
191500,0.0,98.71244635193133
191750,0.0,99.16201117318437
192000,0.0,99.17184265010351
192250,0.0,99.3421052631579
192500,0.0,99.45429740791269
192750,0.0,99.53379953379954
193000,0.0,99.59308240081384
193250,3.2,97.20930232558139
193500,0.0,98.70967741935483
193750,0.0,99.16083916083916
194000,0.0,99.17098445595855
194250,0.0,99.34156378600824
194500,0.0,99.45392491467577
194750,0.0,99.533527696793
195000,0.0,99.59287531806615
195250,3.2,97.19626168224299
195500,0.0,98.70689655172413
195750,0.0,99.15966386554622
196000,0.0,99.1701244813278
196250,0.0,99.34102141680395
196500,0.0,99.4535519125683
196750,0.0,99.53325554259042
197000,0.0,99.59266802443992
197250,3.2,97.1830985915493
197500,0.0,98.70410367170626
197750,0.0,99.15848527349227
198000,0.0,99.16926272066459
198250,0.0,99.34047815333884
198500,0.0,99.45317840054683
198750,0.0,99.53298307063632
199000,0.0,99.59246051961284
199250,3.2,97.16981132075472
199500,0.0,98.7012987012987
199750,0.0,99.15730337078652
200000,0.0,99.16839916839916
200250,0.0,99.33993399339934
200500,0.0,99.45280437756497
200750,0.0,99.53271028037383
201000,0.0,99.59225280326199
201250,3.2,97.1563981042654
201500,0.0,98.69848156182212
201750,0.0,99.15611814345992
202000,0.0,99.16753381893861
202250,0.0,99.33938893476466
202500,0.0,99.45242984257358
202750,0.0,99.53243717124488
203000,0.0,99.59204487506375
203250,3.2,97.14285714285714
203500,0.0,98.69565217391305
203750,0.0,99.15492957746478
204000,0.0,99.16666666666667
204250,0.0,99.3388429752066
204500,0.0,99.45205479452055
204750,0.0,99.53216374269006
205000,0.0,99.59183673469387
205250,3.2,97.1291866028708
205500,0.0,98.69281045751634
205750,0.0,99.15373765867419
206000,0.0,99.16579770594369
206250,78.8,99.2094861660079
206500,100.0,99.2094861660079
206750,100.0,99.2094861660079
207000,37.6,93.67588932806325
207250,3.2,96.90721649484536
207500,0.0,98.64864864864865
207750,0.0,99.13544668587896
208000,0.0,99.15254237288136
208250,78.8,99.19759277833501
208500,100.0,99.19759277833501
208750,100.0,99.19759277833501
209000,37.6,95.0852557673019
209250,3.2,97.1291866028708
209500,0.0,98.69281045751634
209750,0.0,99.15373765867419
210000,0.0,99.16579770594369
210250,78.8,99.2094861660079
210500,100.0,99.2094861660079
210750,100.0,99.2094861660079
211000,37.6,93.67588932806325
211250,3.2,96.90721649484536
211500,0.0,98.64864864864865
211750,0.0,99.13544668587896
212000,0.0,99.15254237288136
212250,78.8,99.19759277833501
212500,100.0,99.19759277833501
212750,100.0,99.19759277833501
213000,37.6,95.0852557673019
213250,3.2,97.1291866028708
213500,0.0,98.69281045751634
213750,0.0,99.15373765867419
214000,0.0,99.16579770594369
214250,78.8,99.2094861660079
214500,100.0,99.2094861660079
214750,100.0,99.2094861660079
215000,37.6,93.67588932806325
215250,3.2,96.90721649484536
215500,0.0,98.64864864864865
215750,0.0,99.13544668587896
216000,0.0,99.15254237288136
216250,78.8,99.19759277833501
216500,100.0,99.19759277833501
216750,100.0,99.19759277833501
217000,37.6,95.0852557673019
217250,3.2,97.1291866028708
217500,0.0,98.69281045751634
217750,0.0,99.15373765867419
218000,0.0,99.16579770594369
218250,78.8,99.2094861660079
218500,100.0,99.2094861660079
218750,100.0,99.2094861660079
219000,37.6,93.67588932806325
219250,3.2,96.90721649484536
219500,0.0,98.64864864864865
219750,0.0,99.13544668587896
220000,0.0,99.15254237288136
220250,78.8,99.19759277833501
220500,100.0,99.19759277833501
220750,100.0,99.19759277833501
221000,37.6,95.0852557673019
221250,3.2,97.1291866028708
221500,0.0,98.69281045751634
221750,0.0,99.15373765867419
222000,0.0,99.16579770594369
222250,78.8,99.2094861660079
222500,100.0,99.2094861660079
222750,100.0,99.2094861660079
223000,37.6,93.67588932806325
223250,3.2,96.90721649484536
223500,0.0,98.64864864864865
223750,0.0,99.13544668587896
224000,0.0,99.15254237288136
224250,78.8,99.19759277833501
224500,100.0,99.19759277833501
224750,100.0,99.19759277833501
225000,37.6,95.0852557673019
225250,3.2,97.1291866028708
225500,0.0,98.69281045751634
225750,0.0,99.15373765867419
226000,0.0,99.16579770594369
226250,78.8,99.2094861660079
226500,100.0,99.2094861660079
226750,100.0,99.2094861660079
227000,37.6,93.67588932806325
227250,3.2,96.90721649484536
227500,0.0,98.64864864864865
227750,0.0,99.13544668587896
228000,0.0,99.15254237288136
228250,78.8,99.19759277833501
228500,100.0,99.19759277833501
228750,100.0,99.19759277833501
229000,37.6,95.0852557673019
229250,3.2,97.1291866028708
229500,0.0,98.69281045751634
229750,0.0,99.15373765867419
230000,0.0,99.16579770594369
230250,78.8,99.2094861660079
230500,100.0,99.2094861660079
230750,100.0,99.2094861660079
231000,37.6,93.67588932806325
231250,3.2,96.90721649484536
231500,0.0,98.64864864864865
231750,0.0,99.13544668587896
232000,0.0,99.15254237288136
232250,78.8,99.19759277833501
232500,100.0,99.19759277833501
232750,100.0,99.19759277833501
233000,37.6,95.0852557673019
233250,3.2,97.1291866028708
233500,0.0,98.69281045751634
233750,0.0,99.15373765867419
234000,0.0,99.16579770594369
234250,78.8,99.2094861660079
234500,100.0,99.2094861660079
234750,100.0,99.2094861660079
235000,37.6,93.67588932806325
235250,3.2,96.90721649484536
235500,0.0,98.64864864864865
235750,0.0,99.13544668587896
236000,0.0,99.15254237288136
236250,78.8,99.19759277833501
236500,100.0,99.19759277833501
236750,100.0,99.19759277833501
237000,37.6,95.0852557673019
237250,3.2,97.1291866028708
237500,0.0,98.69281045751634
237750,0.0,99.15373765867419
238000,0.0,99.16579770594369
238250,78.8,99.2094861660079
238500,100.0,99.2094861660079
238750,100.0,99.2094861660079
239000,37.6,93.67588932806325
239250,3.2,96.90721649484536
239500,0.0,98.64864864864865
239750,0.0,99.13544668587896
240000,0.0,99.15254237288136
240250,78.8,99.19759277833501
240500,100.0,99.19759277833501
240750,100.0,99.19759277833501
241000,37.6,95.0852557673019
241250,3.2,97.1291866028708
241500,0.0,98.69281045751634
241750,0.0,99.15373765867419
242000,0.0,99.16579770594369
242250,78.8,99.2094861660079
242500,100.0,99.2094861660079
242750,100.0,99.2094861660079
243000,37.6,93.67588932806325
243250,3.2,96.90721649484536
243500,0.0,98.64864864864865
243750,0.0,99.13544668587896
244000,0.0,99.15254237288136
244250,78.8,99.19759277833501
244500,100.0,99.19759277833501
244750,100.0,99.19759277833501
245000,37.6,95.0852557673019
245250,3.2,97.1291866028708
245500,0.0,98.69281045751634
245750,0.0,99.15373765867419
246000,0.0,99.16579770594369
246250,78.8,99.2094861660079
246500,100.0,99.2094861660079
246750,100.0,99.2094861660079
247000,37.6,93.67588932806325
247250,3.2,96.90721649484536
247500,0.0,98.64864864864865
247750,0.0,99.13544668587896
248000,0.0,99.15254237288136
248250,78.8,99.19759277833501
248500,100.0,99.19759277833501
248750,100.0,99.19759277833501
249000,37.6,95.0852557673019
249250,3.2,97.1291866028708
249500,0.0,98.69281045751634
249750,0.0,99.15373765867419
250000,0.0,99.16579770594369
250250,78.8,99.2094861660079
250500,100.0,99.2094861660079
250750,100.0,99.2094861660079
251000,37.6,93.67588932806325
251250,3.2,96.90721649484536
251500,0.0,98.64864864864865
251750,0.0,99.13544668587896
252000,0.0,99.15254237288136
252250,78.8,99.19759277833501
252500,100.0,99.19759277833501
252750,100.0,99.19759277833501
253000,37.6,95.0852557673019
253250,3.2,97.1291866028708
253500,0.0,98.69281045751634
253750,0.0,99.15373765867419
254000,0.0,99.16579770594369
254250,78.8,99.2094861660079
254500,100.0,99.2094861660079
254750,100.0,99.2094861660079
255000,37.6,93.67588932806325
255250,3.2,96.90721649484536
255500,0.0,12.5
255750,0.0,37.5
256000,0.0,62.5
256250,78.8,75.0
256500,100.0,100.0
256750,100.0,25.0
257000,38.0,95.70552147239265
257250,0.0,96.63461538461539
257500,0.0,87.5
257750,0.0,12.5
258000,0.0,37.5
258250,0.0,100.0
258500,0.0,25.0
258750,0.0,50.0
259000,0.0,97.53086419753086
259250,0.0,98.06763285024155
259500,0.0,99.12472647702407
259750,0.0,99.43422913719944
260000,0.0,99.16405433646813
260250,0.0,25.0
260500,0.0,50.0
260750,0.0,75.0
261000,0.0,99.37888198757764
261250,0.0,99.51456310679612
261500,0.0,99.78070175438597
261750,0.0,99.85835694050992
262000,0.0,99.16317991631799
262250,0.0,99.33665008291874
262500,0.0,99.45054945054946
262750,0.0,99.53106682297772
263000,0.0,99.59100204498978
263250,3.2,97.07317073170731
263500,0.0,98.68131868131869
263750,0.0,99.14893617021276
264000,0.0,99.16230366492147
264250,0.0,99.33609958506224
264500,0.0,99.45017182130584
264750,0.0,99.5307917888563
265000,0.0,99.59079283887468
265250,3.2,97.05882352941177
265500,0.0,98.6784140969163
265750,0.0,99.14772727272727
266000,0.0,99.16142557651992
266250,0.0,99.33554817275747
266500,0.0,99.44979367262724
266750,0.0,99.53051643192488
267000,0.0,99.59058341862846
267250,3.2,97.04433497536947
267500,0.0,98.67549668874173
267750,0.0,99.14651493598862
268000,0.0,99.16054564533053
268250,0.0,99.33499584372403
268500,0.0,99.44941500344116
268750,0.0,99.5302407516148
269000,0.0,99.59037378392217
269250,3.2,97.02970297029702
269500,0.0,98.67256637168141
269750,0.0,99.14529914529915
270000,0.0,99.15966386554622
270250,0.0,99.33444259567388
270500,0.0,99.44903581267218
270750,0.0,99.52996474735605
271000,0.0,99.59016393442623
271250,3.2,97.01492537313433
271500,0.0,98.66962305986696
271750,0.0,99.14407988587732
272000,0.0,99.15878023133544
272250,0.0,99.33388842631142
272500,0.0,99.4486560992419
272750,0.0,99.52968841857731
273000,0.0,99.58995386981036
273250,3.2,97.0
273500,0.0,98.66666666666667
273750,0.0,99.14285714285714
274000,0.0,99.1578947368421
274250,0.0,99.33333333333333
274500,0.0,99.44827586206897
274750,0.0,99.52941176470588
275000,0.0,99.58974358974359
275250,3.2,96.98492462311557
275500,0.0,98.66369710467706
275750,0.0,99.14163090128756
276000,0.0,99.15700737618546
276250,0.0,99.33277731442868
276500,0.0,99.44789510006902
276750,0.0,99.52913478516776
277000,0.0,99.5895330938943
277250,3.2,96.96969696969697
277500,0.0,98.66071428571429
277750,0.0,99.14040114613181
278000,0.0,99.15611814345992
278250,0.0,99.33222036727881
278500,0.0,99.4475138121547
278750,0.0,99.52885747938751
279000,0.0,99.58932238193019
279250,3.2,96.95431472081218
279500,0.0,98.65771812080537
279750,0.0,99.13916786226686
280000,0.0,99.15522703273496
280250,0.0,99.33166248955723
280500,0.0,99.44713199723566
280750,0.0,99.52857984678845
281000,0.0,99.58911145351823
281250,3.2,96.93877551020408
281500,0.0,98.65470852017937
281750,0.0,99.13793103448276
282000,0.0,99.15433403805497
282250,0.0,99.33110367892976
282500,0.0,99.44674965421854
282750,0.0,99.52830188679245
283000,0.0,99.58890030832477
283250,3.2,96.92307692307692
283500,0.0,98.65168539325843
283750,0.0,99.13669064748201
284000,0.0,99.15343915343915
284250,0.0,99.3305439330544
284500,0.0,99.44636678200692
284750,0.0,99.52802359882006
285000,0.0,99.58868894601542
285250,3.2,96.90721649484536
285500,0.0,98.64864864864865
285750,0.0,99.13544668587896
286000,0.0,99.15254237288136
286250,0.0,99.32998324958125
286500,0.0,99.44598337950139
286750,0.0,99.52774498229043
287000,0.0,99.58847736625515
287250,3.2,96.89119170984456
287500,0.0,98.64559819413093
287750,0.0,99.13419913419914
288000,0.0,99.15164369034994
288250,0.0,99.32942162615255
288500,0.0,99.44559944559944
288750,0.0,99.52746603662138
289000,0.0,99.58826556870818
289250,3.2,96.875
289500,0.0,98.64253393665159
289750,0.0,99.13294797687861
290000,0.0,99.15074309978769
290250,0.0,99.32885906040269
290500,0.0,99.44521497919555
290750,0.0,99.52718676122932
291000,0.0,99.58805355303811
291250,3.2,96.8586387434555
291500,0.0,98.63945578231292
291750,0.0,99.13169319826338
292000,0.0,99.14984059511158
292250,0.0,99.32829554995803
292500,0.0,99.44482997918112
292750,0.0,99.52690715552927
293000,0.0,99.58784131890778
293250,3.2,96.84210526315789
293500,0.0,98.63636363636363
293750,0.0,99.1304347826087
294000,0.0,99.14893617021276
294250,0.0,99.32773109243698
294500,0.0,99.44444444444444
294750,0.0,99.52662721893492
295000,0.0,99.58762886597938
295250,3.2,96.82539682539682
295500,0.0,98.63325740318906
295750,0.0,99.12917271407838
296000,0.0,99.14802981895635
296250,0.0,99.32716568544996
296500,0.0,99.44405837387075
296750,0.0,99.5263469508585
297000,0.0,99.5874161939144
297250,3.2,96.80851063829788
297500,0.0,98.63013698630137
297750,0.0,99.12790697674419
298000,0.0,99.14712153518124
298250,0.0,99.32659932659934
298500,0.0,99.44367176634215
298750,0.0,99.52606635071089
299000,0.0,99.58720330237358
299250,3.2,96.79144385026738
299500,0.0,98.62700228832952
299750,0.0,99.12663755458514
300000,0.0,99.1462113127001
300250,0.0,99.32603201347936
300500,0.0,99.44328462073764
300750,0.0,99.5257854179016
301000,0.0,99.58699019101704
301250,3.2,96.7741935483871
301500,0.0,98.62385321100918
301750,0.0,99.12536443148689
302000,0.0,99.14529914529915
302250,0.0,99.32546374367622
302500,0.0,99.44289693593315
302750,0.0,99.52550415183867
303000,0.0,99.58677685950413
303250,3.2,96.75675675675676
303500,0.0,98.62068965517241
303750,0.0,99.12408759124088
304000,0.0,99.14438502673796
304250,0.0,99.32489451476793
304500,0.0,99.44250871080139
304750,0.0,99.52522255192878
305000,0.0,99.58656330749353
305250,3.2,96.73913043478261
305500,0.0,98.61751152073732
305750,0.0,99.12280701754386
306000,0.0,99.14346895074947
