250,0.0,100.0
500,0.0,100.0
750,0.0,93.33333333333333
1000,0.0,70.0
1250,0.0,56.00000000000001
1500,0.0,46.666666666666664
1750,0.0,40.0
2000,0.0,35.0
2250,2.4,39.95433789954338
2500,0.0,46.60452729693741
2750,0.0,93.45794392523365
3000,0.0,70.07007007007007
3250,0.0,56.04483586869495
3500,0.0,46.6977985323549
3750,0.0,40.02287021154945
4000,0.0,35.01750875437719
4250,2.4,39.97715591090805
4500,0.0,46.63557628247835
4750,0.0,94.21265141318977
5000,0.0,70.49345417925478
5250,0.0,56.31536604987932
5500,0.0,46.88546550569323
5750,0.0,40.16064257028113
6000,0.0,35.12293025589563
6250,2.4,35.10531594784353
6500,0.0,35.10531594784353
6750,0.0,35.10531594784353
7000,0.0,35.10531594784353
7250,0.0,35.10531594784353
7500,79.60000000000001,35.10531594784353
7750,100.0,35.10531594784353
8000,97.6,100.0
8250,99.6,100.0
8500,100.0,100.0
8750,80.0,100.0
9000,0.0,100.0
9250,0.0,100.0
9500,0.0,86.74101610904586
9750,0.0,66.22516556291392
10000,0.0,53.55776587605203
10250,99.6,53.51681957186545
10500,100.0,53.51681957186545
10750,77.2,53.51681957186545
11000,0.0,53.51681957186545
11250,0.0,53.51681957186545
11500,2.8000000000000003,100.0
11750,0.0,100.0
12000,0.0,100.0
12250,99.6,100.0
12500,100.0,100.0
12750,80.0,100.0
13000,0.0,100.0
13250,0.0,100.0
13500,0.0,100.0
13750,0.0,100.0
14000,0.0,100.0
14250,99.6,100.0
14500,100.0,100.0
14750,80.0,93.45794392523365
15000,0.0,70.07007007007007
15250,0.0,56.04483586869495
15500,0.0,46.6977985323549
15750,0.0,40.02287021154945
16000,0.0,35.01750875437719
16250,99.6,35.0
16500,100.0,35.0
16750,77.2,35.0
17000,0.0,35.0
17250,0.0,35.0
17500,0.0,35.0
17750,0.0,35.0
18000,2.8000000000000003,100.0
18250,99.6,100.0
18500,100.0,100.0
18750,80.0,100.0
19000,0.0,100.0
19250,0.0,100.0
19500,0.0,100.0
19750,0.0,100.0
20000,0.0,100.0
20250,99.6,100.0
20500,100.0,100.0
20750,80.0,93.45794392523365
21000,0.0,70.07007007007007
21250,0.0,56.04483586869495
21500,0.0,46.6977985323549
21750,0.0,40.02287021154945
22000,0.0,35.01750875437719
22250,99.6,35.0
22500,100.0,35.0
22750,77.2,35.0
23000,0.0,35.0
23250,0.0,35.0
23500,0.0,35.0
23750,0.0,35.0
24000,2.8000000000000003,100.0
24250,99.6,100.0
24500,100.0,100.0
24750,80.0,100.0
25000,0.0,100.0
25250,0.0,100.0
25500,0.0,100.0
25750,0.0,100.0
26000,0.0,100.0
26250,99.6,100.0
26500,100.0,100.0
26750,80.0,93.45794392523365
27000,0.0,70.07007007007007
27250,0.0,56.04483586869495
27500,0.0,46.6977985323549
27750,0.0,40.02287021154945
28000,0.0,35.01750875437719
28250,99.6,35.0
28500,100.0,35.0
28750,77.2,35.0
29000,0.0,35.0
29250,0.0,35.0
29500,0.0,35.0
29750,0.0,35.0
30000,2.8000000000000003,100.0
30250,99.6,100.0
30500,100.0,100.0
30750,80.0,100.0
31000,0.0,100.0
31250,0.0,100.0
31500,0.0,100.0
31750,0.0,100.0
32000,0.0,100.0
32250,99.6,100.0
32500,100.0,100.0
32750,80.0,93.45794392523365
33000,0.0,70.07007007007007
33250,0.0,56.04483586869495
33500,0.0,46.6977985323549
33750,0.0,40.02287021154945
34000,0.0,35.01750875437719
34250,99.6,35.0
34500,100.0,35.0
34750,77.2,35.0
35000,0.0,35.0
35250,0.0,35.0
35500,0.0,35.0
35750,0.0,35.0
36000,2.8000000000000003,100.0
36250,99.6,100.0
36500,100.0,100.0
36750,80.0,100.0
37000,0.0,100.0
37250,0.0,100.0
37500,0.0,100.0
37750,0.0,100.0
38000,0.0,100.0
38250,99.6,100.0
38500,100.0,100.0
38750,80.0,93.45794392523365
39000,0.0,70.07007007007007
39250,0.0,56.04483586869495
39500,0.0,46.6977985323549
39750,0.0,40.02287021154945
40000,0.0,35.01750875437719
40250,99.6,35.0
40500,100.0,35.0
40750,77.2,35.0
41000,0.0,35.0
41250,0.0,35.0
41500,0.0,35.0
41750,0.0,35.0
42000,2.8000000000000003,100.0
42250,99.6,100.0
42500,100.0,100.0
42750,80.0,100.0
43000,0.0,100.0
43250,0.0,100.0
43500,0.0,100.0
43750,0.0,100.0
44000,0.0,100.0
44250,99.6,100.0
44500,100.0,100.0
44750,80.0,93.45794392523365
45000,0.0,70.07007007007007
45250,0.0,56.04483586869495
45500,0.0,46.6977985323549
45750,0.0,40.02287021154945
46000,0.0,35.01750875437719
46250,99.6,35.0
46500,100.0,35.0
46750,77.2,35.0
47000,0.0,35.0
47250,0.0,35.0
47500,0.0,35.0
47750,0.0,35.0
48000,2.8000000000000003,100.0
48250,99.6,100.0
48500,100.0,100.0
48750,80.0,100.0
49000,0.0,100.0
49250,0.0,100.0
49500,0.0,100.0
49750,0.0,100.0
50000,0.0,100.0
50250,99.6,100.0
50500,100.0,100.0
50750,80.0,93.45794392523365
51000,0.0,70.07007007007007
51250,0.0,56.04483586869495
51500,0.0,46.6977985323549
51750,0.0,40.02287021154945
52000,0.0,35.01750875437719
52250,99.6,35.0
52500,100.0,35.0
52750,77.60000000000001,35.0
53000,0.0,35.0
53250,0.0,35.0
53500,0.0,35.0
53750,0.0,35.0
54000,2.4,35.0
54250,0.4,100.0
54500,0.0,100.0
54750,0.0,100.0
55000,0.0,100.0
55250,0.0,100.0
55500,0.0,100.0
55750,0.0,100.0
56000,0.0,100.0
56250,0.0,100.0
56500,0.0,100.0
56750,0.0,100.0
57000,0.0,100.0
57250,0.0,100.0
57500,0.0,87.06467661691542
57750,0.0,66.41366223908919
58000,0.0,53.68098159509203
58250,0.0,45.04504504504504
58500,0.0,38.80266075388026
58750,2.8000000000000003,100.0
59000,0.0,100.0
59250,0.0,100.0
59500,0.0,87.17310087173101
59750,0.0,66.47673314339981
60000,0.0,53.72217958557176
60250,0.0,45.07405022537025
60500,0.0,38.82418191902385
60750,2.8000000000000003,100.0
61000,0.0,100.0
61250,0.0,100.0
61500,0.0,87.28179551122194
61750,0.0,66.53992395437263
62000,0.0,53.76344086021505
62250,0.0,45.103092783505154
62500,0.0,38.8457269700333
62750,2.8000000000000003,100.0
63000,0.0,100.0
63250,0.0,100.0
63500,0.0,87.39076154806492
63750,0.0,66.60323501427212
64000,0.0,53.80476556495004
64250,0.0,45.13217279174726
64500,0.0,38.86729594669628
64750,2.8000000000000003,100.0
65000,0.0,100.0
65250,0.0,100.0
65500,0.0,87.5
65750,0.0,66.66666666666666
66000,0.0,53.84615384615385
66250,0.0,45.16129032258064
66500,0.0,38.88888888888889
66750,2.8000000000000003,100.0
67000,0.0,100.0
67250,0.0,100.0
67500,0.0,87.60951188986232
67750,0.0,66.7302192564347
68000,0.0,53.88760585065435
68250,0.0,45.19044544867656
68500,0.0,38.91050583657588
68750,2.8000000000000003,100.0
69000,0.0,100.0
69250,0.0,100.0
69500,0.0,87.71929824561403
69750,0.0,66.79389312977099
70000,0.0,53.929121725731896
70250,0.0,45.21963824289406
70500,0.0,38.9321468298109
70750,2.8000000000000003,100.0
71000,0.0,100.0
71250,0.0,100.0
71500,0.0,87.8293601003764
71750,0.0,66.85768863419294
72000,0.0,53.97070161912105
72250,0.0,45.248868778280546
72500,0.0,38.95381190873678
72750,2.8000000000000003,100.0
73000,0.0,100.0
73250,0.0,100.0
73500,0.0,87.93969849246231
73750,0.0,66.92160611854685
74000,0.0,54.01234567901234
74250,0.0,45.278137128072444
74500,0.0,38.97550111358575
74750,2.8000000000000003,100.0
75000,0.0,100.0
75250,0.0,100.0
75500,0.0,88.0503144654088
75750,0.0,66.98564593301435
76000,0.0,54.054054054054056
76250,0.0,45.307443365695796
76500,0.0,38.99721448467967
76750,2.8000000000000003,100.0
77000,0.0,100.0
77250,0.0,100.0
77500,0.0,88.16120906801007
77750,0.0,67.04980842911877
78000,0.0,54.09582689335394
78250,0.0,45.33678756476684
78500,0.0,39.01895206243032
78750,2.8000000000000003,100.0
79000,0.0,100.0
79250,0.0,100.0
79500,0.0,88.27238335435057
79750,0.0,67.11409395973155
80000,0.0,54.13766434648105
80250,0.0,45.366169799092674
80500,0.0,39.040713887339656
80750,2.8000000000000003,100.0
81000,0.0,100.0
81250,0.0,100.0
81500,0.0,88.38383838383838
81750,0.0,67.17850287907869
82000,0.0,54.179566563467496
82250,0.0,45.39559014267186
82500,0.0,39.0625
82750,2.8000000000000003,100.0
83000,0.0,100.0
83250,0.0,100.0
83500,0.0,88.49557522123894
83750,0.0,67.24303554274735
84000,0.0,54.22153369481022
84250,0.0,45.425048669695
84500,0.0,39.08431044109436
84750,2.8000000000000003,100.0
85000,0.0,100.0
85250,0.0,100.0
85500,0.0,88.60759493670885
85750,0.0,67.3076923076923
86000,0.0,54.263565891472865
86250,0.0,45.45454545454545
86500,0.0,39.10614525139665
86750,2.8000000000000003,100.0
87000,0.0,100.0
87250,0.0,100.0
87500,0.0,88.71989860583017
87750,0.0,67.37247353224254
88000,0.0,54.30566330488751
88250,0.0,45.484080571799865
88500,0.0,39.12800447177194
88750,2.8000000000000003,100.0
89000,0.0,100.0
89250,0.0,100.0
89500,0.0,88.83248730964468
89750,0.0,67.4373795761079
90000,0.0,54.347826086956516
90250,0.0,45.51365409622887
90500,0.0,39.14988814317674
90750,2.8000000000000003,100.0
91000,0.0,100.0
91250,0.0,100.0
91500,0.0,88.9453621346887
91750,0.0,67.50241080038573
92000,0.0,54.39005439005439
92250,0.0,45.54326610279766
92500,0.0,39.1717963066592
92750,2.8000000000000003,100.0
93000,0.0,100.0
93250,0.0,100.0
93500,0.0,89.05852417302799
93750,0.0,67.56756756756756
94000,0.0,54.43234836702955
94250,0.0,45.57291666666667
94500,0.0,39.193729003359465
94750,2.8000000000000003,100.0
95000,0.0,100.0
95250,0.0,100.0
95500,0.0,89.171974522293
95750,0.0,67.6328502415459
96000,0.0,54.474708171206224
96250,0.0,45.60260586319218
96500,0.0,39.21568627450981
96750,2.8000000000000003,100.0
97000,0.0,100.0
97250,0.0,100.0
97500,0.0,89.28571428571429
97750,0.0,67.69825918762089
98000,0.0,54.51713395638629
98250,0.0,45.63233376792699
98500,0.0,39.23766816143498
98750,2.8000000000000003,100.0
99000,0.0,100.0
99250,0.0,100.0
99500,0.0,89.39974457215837
99750,0.0,67.76379477250725
100000,0.0,54.55962587685113
100250,0.0,45.662100456621005
100500,0.0,39.25967470555244
100750,2.8000000000000003,100.0
101000,0.0,100.0
101250,0.0,100.0
101500,0.0,89.51406649616368
101750,0.0,67.82945736434108
102000,0.0,54.60218408736349
102250,0.0,45.69190600522193
102500,0.0,39.28170594837261
102750,2.8000000000000003,100.0
103000,0.0,100.0
103250,0.0,100.0
103500,0.0,89.62868117797696
103750,0.0,67.89524733268671
104000,0.0,54.644808743169406
104250,89.2,53.51681957186545
104500,100.0,53.51681957186545
104750,87.6,53.51681957186545
105000,0.0,53.51681957186545
105250,0.0,53.51681957186545
105500,2.8000000000000003,100.0
105750,0.0,100.0
106000,0.0,100.0
106250,89.2,100.0
106500,100.0,100.0
106750,90.4,100.0
107000,0.0,100.0
107250,0.0,100.0
107500,0.0,89.62868117797696
107750,0.0,67.89524733268671
108000,0.0,54.644808743169406
108250,89.2,53.51681957186545
108500,100.0,53.51681957186545
108750,87.6,53.51681957186545
109000,0.0,53.51681957186545
109250,0.0,53.51681957186545
109500,2.8000000000000003,100.0
109750,0.0,100.0
110000,0.0,100.0
110250,89.2,100.0
110500,100.0,100.0
110750,90.4,100.0
111000,0.0,100.0
111250,0.0,100.0
111500,0.0,89.62868117797696
111750,0.0,67.89524733268671
112000,0.0,54.644808743169406
112250,89.2,53.51681957186545
112500,100.0,53.51681957186545
112750,87.6,53.51681957186545
113000,0.0,53.51681957186545
113250,0.0,53.51681957186545
113500,2.8000000000000003,100.0
113750,0.0,100.0
114000,0.0,100.0
114250,89.2,100.0
114500,100.0,100.0
114750,90.4,100.0
115000,0.0,100.0
115250,0.0,100.0
115500,0.0,89.62868117797696
115750,0.0,67.89524733268671
116000,0.0,54.644808743169406
116250,89.2,53.51681957186545
116500,100.0,53.51681957186545
116750,87.6,53.51681957186545
117000,0.0,53.51681957186545
117250,0.0,53.51681957186545
117500,2.8000000000000003,100.0
117750,0.0,100.0
118000,0.0,100.0
118250,89.2,100.0
118500,100.0,100.0
118750,90.4,100.0
119000,0.0,100.0
119250,0.0,100.0
119500,0.0,89.62868117797696
119750,0.0,67.89524733268671
120000,0.0,54.644808743169406
120250,89.2,53.51681957186545
120500,100.0,53.51681957186545
120750,87.6,53.51681957186545
121000,0.0,53.51681957186545
121250,0.0,53.51681957186545
121500,2.8000000000000003,100.0
121750,0.0,100.0
122000,0.0,100.0
122250,89.2,100.0
122500,100.0,100.0
122750,90.4,100.0
123000,0.0,100.0
123250,0.0,100.0
123500,0.0,89.62868117797696
123750,0.0,67.89524733268671
124000,0.0,54.644808743169406
124250,89.2,53.51681957186545
124500,100.0,53.51681957186545
124750,87.6,53.51681957186545
125000,0.0,53.51681957186545
125250,0.0,53.51681957186545
125500,2.8000000000000003,100.0
125750,0.0,100.0
126000,0.0,100.0
126250,89.2,100.0
126500,100.0,100.0
126750,90.4,100.0
127000,0.0,100.0
127250,0.0,100.0
127500,0.0,89.62868117797696
127750,0.0,67.89524733268671
128000,0.0,54.644808743169406
128250,89.2,53.51681957186545
128500,100.0,53.51681957186545
128750,87.6,53.51681957186545
129000,0.0,53.51681957186545
129250,0.0,53.51681957186545
129500,2.8000000000000003,100.0
129750,0.0,100.0
130000,0.0,100.0
130250,89.2,100.0
130500,100.0,100.0
130750,90.4,100.0
131000,0.0,100.0
131250,0.0,100.0
131500,0.0,89.62868117797696
131750,0.0,67.89524733268671
132000,0.0,54.644808743169406
132250,89.2,53.51681957186545
132500,100.0,53.51681957186545
132750,87.6,53.51681957186545
133000,0.0,53.51681957186545
133250,0.0,53.51681957186545
133500,2.8000000000000003,100.0
133750,0.0,100.0
134000,0.0,100.0
134250,89.2,100.0
134500,100.0,100.0
134750,90.4,100.0
135000,0.0,100.0
135250,0.0,100.0
135500,0.0,89.62868117797696
135750,0.0,67.89524733268671
136000,0.0,54.644808743169406
136250,89.2,53.51681957186545
136500,100.0,53.51681957186545
136750,87.6,53.51681957186545
137000,0.0,53.51681957186545
137250,0.0,53.51681957186545
137500,2.8000000000000003,100.0
137750,0.0,100.0
138000,0.0,100.0
138250,89.2,100.0
138500,100.0,100.0
138750,90.4,100.0
139000,0.0,100.0
139250,0.0,100.0
139500,0.0,89.62868117797696
139750,0.0,67.89524733268671
140000,0.0,54.644808743169406
140250,89.2,53.51681957186545
140500,100.0,53.51681957186545
140750,87.6,53.51681957186545
141000,0.0,53.51681957186545
141250,0.0,53.51681957186545
141500,2.8000000000000003,100.0
141750,0.0,100.0
142000,0.0,100.0
142250,89.2,100.0
142500,100.0,100.0
142750,90.4,100.0
143000,0.0,100.0
143250,0.0,100.0
143500,0.0,100.0
143750,0.0,100.0
144000,0.0,100.0
144250,89.2,100.0
144500,100.0,100.0
144750,87.6,96.81881051175657
145000,0.0,71.94244604316546
145250,0.0,57.236304170073595
145500,0.0,100.0
145750,0.0,100.0
146000,0.0,100.0
146250,89.2,100.0
146500,100.0,100.0
146750,90.4,96.81881051175657
147000,0.0,71.94244604316546
147250,0.0,57.236304170073595
147500,0.0,47.52206381534283
147750,0.0,40.62681369704005
148000,0.0,35.47896604156107
148250,89.2,35.0
148500,100.0,35.0
148750,87.6,35.0
149000,0.0,35.0
149250,0.0,35.0
149500,0.0,35.0
149750,0.0,35.0
150000,0.0,35.0
150250,92.0,100.0
150500,100.0,100.0
150750,90.4,96.81881051175657
151000,0.0,71.94244604316546
151250,0.0,57.236304170073595
151500,0.0,47.52206381534283
151750,0.0,40.62681369704005
152000,0.0,35.47896604156107
152250,89.2,100.0
152500,100.0,100.0
152750,87.6,96.81881051175657
153000,0.0,71.94244604316546
153250,0.0,57.236304170073595
153500,0.0,100.0
153750,0.0,100.0
154000,0.0,100.0
154250,89.2,100.0
154500,100.0,100.0
154750,90.8,100.0
155000,0.0,100.0
155250,0.0,100.0
155500,0.0,89.74358974358975
155750,0.0,67.96116504854369
156000,0.0,54.6875
156250,0.0,100.0
156500,0.0,100.0
156750,0.0,100.0
157000,0.0,100.0
157250,0.0,100.0
157500,0.0,89.85879332477535
157750,0.0,68.02721088435374
158000,0.0,54.7302580140735
158250,0.0,45.781556572923485
158500,0.0,39.34794828555368
158750,2.8000000000000003,100.0
159000,0.0,100.0
159250,0.0,100.0
159500,0.0,89.97429305912597
159750,0.0,68.09338521400778
160000,0.0,54.77308294209703
160250,0.0,45.811518324607334
160500,0.0,39.37007874015748
160750,2.8000000000000003,100.0
161000,0.0,100.0
161250,0.0,100.0
161500,0.0,90.09009009009009
161750,0.0,68.15968841285297
162000,0.0,54.8159749412686
162250,0.0,45.841519318926
162500,0.0,39.392234102419806
162750,2.8000000000000003,100.0
163000,0.0,100.0
163250,0.0,100.0
163500,0.0,90.20618556701031
163750,0.0,68.2261208576998
164000,0.0,54.858934169278996
164250,0.0,45.87155963302752
164500,0.0,39.414414414414416
164750,2.8000000000000003,100.0
165000,0.0,100.0
165250,0.0,100.0
165500,0.0,90.32258064516128
165750,0.0,68.29268292682927
166000,0.0,54.90196078431373
166250,0.0,45.90163934426229
166500,0.0,39.436619718309856
166750,2.8000000000000003,100.0
167000,0.0,100.0
167250,0.0,100.0
167500,0.0,90.43927648578811
167750,0.0,68.359375
168000,0.0,54.94505494505495
168250,0.0,45.93175853018373
168500,0.0,39.45885005636979
168750,2.8000000000000003,100.0
169000,0.0,100.0
169250,0.0,100.0
169500,0.0,90.55627425614489
169750,0.0,68.42619745845552
170000,0.0,54.98821681068342
170250,0.0,45.961917268548916
170500,0.0,39.48110547095319
170750,2.8000000000000003,100.0
171000,0.0,100.0
171250,0.0,100.0
171500,0.0,90.67357512953367
171750,0.0,68.4931506849315
172000,0.0,55.0314465408805
172250,0.0,45.992115637319316
172500,0.0,39.503386004514674
172750,2.8000000000000003,100.0
173000,0.0,100.0
173250,0.0,100.0
173500,0.0,90.79118028534371
173750,0.0,68.56023506366307
174000,0.0,55.07474429583006
174250,0.0,46.022353714661406
174500,0.0,39.52569169960474
174750,2.8000000000000003,100.0
175000,0.0,100.0
175250,0.0,100.0
175500,0.0,90.9090909090909
175750,0.0,68.62745098039215
176000,0.0,55.118110236220474
176250,0.0,46.05263157894737
176500,0.0,39.548022598870055
176750,2.8000000000000003,100.0
177000,0.0,100.0
177250,0.0,100.0
177500,0.0,91.02730819245774
177750,0.0,68.69479882237488
178000,0.0,55.161544523246654
178250,0.0,46.08294930875576
178500,0.0,39.5703787450537
178750,2.8000000000000003,100.0
179000,0.0,100.0
179250,0.0,100.0
179500,0.0,91.14583333333334
179750,0.0,68.762278978389
180000,0.0,55.20504731861199
180250,0.0,46.113306982872196
180500,0.0,39.59276018099548
180750,2.8000000000000003,100.0
181000,0.0,100.0
181250,0.0,100.0
181500,0.0,91.26466753585397
181750,0.0,68.8298918387414
182000,0.0,55.24861878453039
182250,0.0,46.14370468029005
182500,0.0,39.61516694963215
182750,2.8000000000000003,100.0
183000,0.0,100.0
183250,0.0,100.0
183500,0.0,91.38381201044386
183750,0.0,68.89763779527559
184000,0.0,55.29225908372828
184250,0.0,46.17414248021108
184500,0.0,39.637599093997736
184750,2.8000000000000003,100.0
185000,0.0,100.0
185250,0.0,100.0
185500,0.0,91.50326797385621
185750,0.0,68.96551724137932
186000,0.0,55.33596837944664
186250,0.0,46.2046204620462
186500,0.0,39.6600566572238
186750,2.8000000000000003,100.0
187000,0.0,100.0
187250,0.0,100.0
187500,0.0,91.62303664921467
187750,0.0,69.0335305719921
188000,0.0,55.379746835443036
188250,0.0,46.23513870541612
188500,0.0,39.682539682539684
188750,2.8000000000000003,100.0
189000,0.0,100.0
189250,0.0,100.0
189500,0.0,91.74311926605505
189750,0.0,69.10167818361303
190000,0.0,55.423594615993665
190250,0.0,46.26569729015201
190500,0.0,39.70504821327283
190750,2.8000000000000003,100.0
191000,0.0,100.0
191250,0.0,100.0
191500,0.0,91.86351706036746
191750,0.0,69.1699604743083
192000,0.0,55.467511885895405
192250,0.0,46.2962962962963
192500,0.0,39.727582292849036
192750,2.8000000000000003,100.0
193000,0.0,100.0
193250,0.0,100.0
193500,0.0,91.98423127463863
193750,0.0,69.23837784371909
194000,0.0,55.511498810467884
194250,0.0,46.32693580410324
194500,0.0,39.75014196479273
194750,2.8000000000000003,100.0
195000,0.0,100.0
195250,0.0,100.0
195500,0.0,92.10526315789474
195750,0.0,69.3069306930693
196000,0.0,55.55555555555556
196250,0.0,46.35761589403973
196500,0.0,39.77272727272727
196750,2.8000000000000003,100.0
197000,0.0,100.0
197250,0.0,100.0
197500,0.0,92.22661396574439
197750,0.0,69.37561942517344
198000,0.0,55.59968228752978
198250,0.0,46.38833664678595
198500,0.0,39.79533826037521
198750,2.8000000000000003,100.0
199000,0.0,100.0
199250,0.0,100.0
199500,0.0,92.34828496042216
199750,0.0,69.44444444444444
200000,0.0,55.643879173290934
200250,0.0,46.41909814323608
200500,0.0,39.81797497155859
200750,2.8000000000000003,100.0
201000,0.0,100.0
201250,0.0,100.0
201500,0.0,92.47027741083224
201750,0.0,69.5134061569017
202000,0.0,55.68814638027049
202250,0.0,46.449900464499
202500,0.0,39.8406374501992
202750,2.4,34.982508745627186
203000,0.4,100.0
203250,0.0,100.0
203500,0.0,92.5925925925926
203750,0.0,69.58250497017893
204000,0.0,55.73248407643312
204250,0.0,46.480743691899065
204500,0.0,39.863325740318906
204750,2.0,34.982508745627186
205000,0.8,100.0
205250,0.0,100.0
205500,0.0,92.71523178807946
205750,0.0,69.65174129353234
206000,0.0,55.77689243027888
206250,78.8,53.51681957186545
206500,100.0,53.51681957186545
206750,98.0,53.51681957186545
207000,0.0,53.51681957186545
207250,0.0,53.51681957186545
207500,2.8000000000000003,100.0
207750,0.0,100.0
208000,0.0,100.0
208250,78.8,100.0
208500,100.0,100.0
208750,100.0,100.0
209000,0.8,100.0
209250,0.0,100.0
209500,0.0,92.71523178807946
209750,0.0,69.65174129353234
210000,0.0,55.77689243027888
210250,78.8,53.51681957186545
210500,100.0,53.51681957186545
210750,98.0,53.51681957186545
211000,0.0,53.51681957186545
211250,0.0,53.51681957186545
211500,2.8000000000000003,100.0
211750,0.0,100.0
212000,0.0,100.0
212250,78.8,100.0
212500,100.0,100.0
212750,100.0,100.0
213000,0.8,100.0
213250,0.0,100.0
213500,0.0,92.71523178807946
213750,0.0,69.65174129353234
214000,0.0,55.77689243027888
214250,78.8,53.51681957186545
214500,100.0,53.51681957186545
214750,98.0,53.51681957186545
215000,0.0,53.51681957186545
215250,0.0,53.51681957186545
215500,2.8000000000000003,100.0
215750,0.0,100.0
216000,0.0,100.0
216250,78.8,100.0
216500,100.0,100.0
216750,100.0,100.0
217000,0.8,100.0
217250,0.0,100.0
217500,0.0,92.71523178807946
217750,0.0,69.65174129353234
218000,0.0,55.77689243027888
218250,78.8,53.51681957186545
218500,100.0,53.51681957186545
218750,98.0,53.51681957186545
219000,0.0,53.51681957186545
219250,0.0,53.51681957186545
219500,2.8000000000000003,100.0
219750,0.0,100.0
220000,0.0,100.0
220250,78.8,100.0
220500,100.0,100.0
220750,100.0,100.0
221000,0.8,100.0
221250,0.0,100.0
221500,0.0,92.71523178807946
221750,0.0,69.65174129353234
222000,0.0,55.77689243027888
222250,78.8,53.51681957186545
222500,100.0,53.51681957186545
222750,98.0,53.51681957186545
223000,0.0,53.51681957186545
223250,0.0,53.51681957186545
223500,2.8000000000000003,100.0
223750,0.0,100.0
224000,0.0,100.0
224250,78.8,100.0
224500,100.0,100.0
224750,100.0,100.0
225000,0.8,100.0
225250,0.0,100.0
225500,0.0,92.71523178807946
225750,0.0,69.65174129353234
226000,0.0,55.77689243027888
226250,78.8,53.51681957186545
226500,100.0,53.51681957186545
226750,98.0,53.51681957186545
227000,0.0,53.51681957186545
227250,0.0,53.51681957186545
227500,2.8000000000000003,100.0
227750,0.0,100.0
228000,0.0,100.0
228250,78.8,100.0
228500,100.0,100.0
228750,100.0,100.0
229000,0.8,100.0
229250,0.0,100.0
229500,0.0,92.71523178807946
229750,0.0,69.65174129353234
230000,0.0,55.77689243027888
230250,78.8,53.51681957186545
230500,100.0,53.51681957186545
230750,98.0,53.51681957186545
231000,0.0,53.51681957186545
231250,0.0,53.51681957186545
231500,2.8000000000000003,100.0
231750,0.0,100.0
232000,0.0,100.0
232250,78.8,100.0
232500,100.0,100.0
232750,100.0,100.0
233000,0.8,100.0
233250,0.0,100.0
233500,0.0,92.71523178807946
233750,0.0,69.65174129353234
234000,0.0,55.77689243027888
234250,78.8,53.51681957186545
234500,100.0,53.51681957186545
234750,98.0,53.51681957186545
235000,0.0,53.51681957186545
235250,0.0,53.51681957186545
235500,2.8000000000000003,100.0
235750,0.0,100.0
236000,0.0,100.0
236250,78.8,100.0
236500,100.0,100.0
236750,100.0,100.0
237000,0.8,100.0
237250,0.0,100.0
237500,0.0,92.71523178807946
237750,0.0,69.65174129353234
238000,0.0,55.77689243027888
238250,78.8,53.51681957186545
238500,100.0,53.51681957186545
238750,98.0,53.51681957186545
239000,0.0,53.51681957186545
239250,0.0,53.51681957186545
239500,2.8000000000000003,100.0
239750,0.0,100.0
240000,0.0,100.0
240250,78.8,100.0
240500,100.0,100.0
240750,100.0,100.0
241000,0.8,100.0
241250,0.0,100.0
241500,0.0,92.71523178807946
241750,0.0,69.65174129353234
242000,0.0,55.77689243027888
242250,78.8,53.51681957186545
242500,100.0,53.51681957186545
242750,98.0,53.51681957186545
243000,0.0,53.51681957186545
243250,0.0,53.51681957186545
243500,2.8000000000000003,100.0
243750,0.0,100.0
244000,0.0,100.0
244250,78.8,100.0
244500,100.0,100.0
244750,100.0,100.0
245000,0.8,100.0
245250,0.0,100.0
245500,0.0,92.71523178807946
245750,0.0,69.65174129353234
246000,0.0,55.77689243027888
246250,78.8,53.51681957186545
246500,100.0,53.51681957186545
246750,98.0,53.51681957186545
247000,0.0,53.51681957186545
247250,0.0,53.51681957186545
247500,2.8000000000000003,100.0
247750,0.0,100.0
248000,0.0,100.0
248250,78.8,100.0
248500,100.0,100.0
248750,100.0,100.0
249000,0.8,73.91763463569166
249250,0.0,58.47953216374269
249500,0.0,48.37595024187975
249750,0.0,41.249263406010606
250000,0.0,35.952747817154595
250250,78.8,100.0
250500,100.0,100.0
250750,98.0,100.0
251000,0.0,73.91763463569166
251250,0.0,58.47953216374269
251500,0.0,100.0
251750,0.0,100.0
252000,0.0,100.0
252250,78.8,100.0
252500,100.0,100.0
252750,100.0,100.0
253000,0.8,100.0
253250,0.0,100.0
253500,0.0,92.71523178807946
253750,0.0,69.65174129353234
254000,0.0,55.77689243027888
254250,78.8,100.0
254500,100.0,100.0
254750,98.0,100.0
255000,0.0,73.91763463569166
255250,0.0,58.47953216374269
255500,0.0,100.0
255750,0.0,100.0
256000,0.0,100.0
256250,78.8,100.0
256500,100.0,100.0
256750,100.0,100.0
257000,1.2,100.0
257250,0.0,100.0
257500,0.0,92.83819628647215
257750,0.0,69.7211155378486
258000,0.0,55.8213716108453
258250,0.0,100.0
258500,0.0,100.0
258750,0.0,100.0
259000,0.0,100.0
259250,0.0,100.0
259500,0.0,92.96148738379813
259750,0.0,69.79062811565304
260000,0.0,55.865921787709496
260250,0.0,46.57351962741184
260500,0.0,39.93154592127781
260750,0.8,34.982508745627186
261000,2.0,100.0
261250,0.0,100.0
261500,0.0,93.08510638297872
261750,0.0,69.86027944111777
262000,0.0,55.91054313099042
262250,0.0,46.60452729693741
262500,0.0,39.95433789954338
262750,0.4,34.982508745627186
263000,2.4,100.0
263250,0.0,100.0
263500,0.0,93.20905459387482
263750,0.0,69.93006993006993
264000,0.0,55.955235811350924
264250,0.0,46.63557628247835
264500,0.0,39.97715591090805
264750,0.0,34.982508745627186
265000,2.8000000000000003,100.0
265250,0.0,100.0
265500,0.0,93.33333333333333
265750,0.0,70.0
266000,0.0,56.00000000000001
266250,0.0,46.666666666666664
266500,0.0,40.0
266750,0.0,35.0
267000,2.8000000000000003,100.0
267250,0.0,100.0
267500,0.0,93.45794392523365
267750,0.0,70.07007007007007
268000,0.0,56.04483586869495
268250,0.0,46.6977985323549
268500,0.0,40.02287021154945
268750,0.0,35.01750875437719
269000,2.8000000000000003,100.0
269250,0.0,100.0
269500,0.0,93.58288770053476
269750,0.0,70.14028056112225
270000,0.0,56.08974358974359
270250,0.0,46.728971962616825
270500,0.0,40.045766590389015
270750,0.0,35.03503503503504
271000,2.8000000000000003,100.0
271250,0.0,100.0
271500,0.0,93.70816599732262
271750,0.0,70.21063189568706
272000,0.0,56.13472333600642
272250,0.0,46.760187040748164
272500,0.0,40.06868918145392
272750,0.0,35.052578868302454
273000,2.8000000000000003,100.0
273250,0.0,100.0
273500,0.0,93.8337801608579
273750,0.0,70.28112449799197
274000,0.0,56.17977528089888
274250,0.0,46.79144385026738
274500,0.0,40.09163802978236
274750,0.0,35.07014028056113
275000,2.8000000000000003,100.0
275250,0.0,100.0
275500,0.0,93.95973154362416
275750,0.0,70.35175879396985
276000,0.0,56.22489959839358
276250,0.0,46.82274247491639
276500,0.0,40.114613180515754
276750,0.0,35.08771929824561
277000,2.8000000000000003,100.0
277250,0.0,100.0
277500,0.0,94.08602150537635
277750,0.0,70.4225352112676
278000,0.0,56.27009646302251
278250,0.0,46.85408299866131
278500,0.0,40.137614678899084
278750,0.0,35.10531594784353
279000,2.8000000000000003,100.0
279250,0.0,100.0
279500,0.0,94.21265141318977
279750,0.0,70.49345417925478
280000,0.0,56.31536604987932
280250,0.0,46.88546550569323
280500,0.0,40.16064257028113
280750,0.0,35.12293025589563
281000,2.8000000000000003,100.0
281250,0.0,100.0
281500,0.0,94.33962264150944
281750,0.0,70.56451612903226
282000,0.0,56.36070853462157
282250,0.0,46.91689008042895
282500,0.0,40.18369690011481
282750,0.0,35.140562248995984
283000,2.8000000000000003,100.0
283250,0.0,100.0
283500,0.0,94.46693657219973
283750,0.0,70.63572149344097
284000,0.0,56.40612409347301
284250,0.0,46.948356807511736
284500,0.0,40.2067777139575
284750,0.0,35.15821195379206
285000,2.8000000000000003,100.0
285250,0.0,100.0
285500,0.0,94.5945945945946
285750,0.0,70.70707070707071
286000,0.0,56.451612903225815
286250,0.0,46.97986577181208
286500,0.0,40.229885057471265
286750,0.0,35.175879396984925
287000,2.8000000000000003,100.0
287250,0.0,100.0
287500,0.0,94.72259810554804
287750,0.0,70.77856420626895
288000,0.0,56.49717514124294
288250,0.0,47.01141705842847
288500,0.0,40.253018976423235
288750,0.0,35.193564605329314
289000,2.8000000000000003,100.0
289250,0.0,100.0
289500,0.0,94.85094850948511
289750,0.0,70.8502024291498
290000,0.0,56.54281098546042
290250,0.0,47.043010752688176
290500,0.0,40.27617951668584
290750,0.0,35.2112676056338
291000,2.8000000000000003,100.0
291250,0.0,100.0
291500,0.0,94.9796472184532
291750,0.0,70.92198581560284
292000,0.0,56.58852061438965
292250,0.0,47.07464694014794
292500,0.0,40.29936672423719
292750,0.0,35.22898842476095
293000,2.8000000000000003,100.0
293250,0.0,100.0
293500,0.0,95.1086956521739
293750,0.0,70.99391480730223
294000,0.0,56.63430420711975
294250,0.0,47.10632570659489
294500,0.0,40.32258064516129
294750,0.0,35.24672708962739
295000,2.8000000000000003,100.0
295250,0.0,100.0
295500,0.0,95.23809523809523
295750,0.0,71.06598984771574
296000,0.0,56.68016194331984
296250,0.0,47.13804713804714
296500,0.0,40.345821325648416
296750,0.0,35.26448362720403
297000,2.8000000000000003,100.0
297250,0.0,100.0
297500,0.0,95.36784741144415
297750,0.0,71.13821138211382
298000,0.0,56.72609400324149
298250,0.0,47.16981132075472
298500,0.0,40.36908881199538
298750,0.0,35.28225806451613
299000,2.8000000000000003,100.0
299250,0.0,100.0
299500,0.0,95.49795361527967
299750,0.0,71.21057985757884
300000,0.0,56.772100567721004
300250,0.0,47.201618341200266
300500,0.0,40.39238315060589
300750,0.0,35.30005042864347
301000,2.8000000000000003,100.0
301250,0.0,100.0
301500,0.0,95.62841530054644
301750,0.0,71.28309572301426
302000,0.0,56.81818181818182
302250,0.0,47.233468286099864
302500,0.0,40.415704387990765
302750,0.0,35.317860746720484
303000,2.8000000000000003,100.0
303250,0.0,100.0
303500,0.0,95.7592339261286
303750,0.0,71.35575942915392
304000,0.0,56.86433793663688
304250,0.0,47.26536124240378
304500,0.0,40.43905257076834
304750,0.0,35.3356890459364
305000,2.8000000000000003,100.0
305250,0.0,100.0
305500,0.0,95.8904109589041
305750,0.0,71.42857142857143
306000,0.0,56.91056910569105
