250,0.0,100.0
500,0.0,100.0
750,0.0,80.0
1000,0.0,60.0
1250,0.0,48.0
1500,0.0,40.0
1750,0.0,34.285714285714285
2000,0.0,30.0
2250,2.0,34.24657534246575
2500,0.0,39.94673768308921
2750,0.0,80.10680907877169
3000,0.0,60.06006006006006
3250,0.0,48.03843074459568
3500,0.0,40.0266844563042
3750,0.0,34.305317324185246
4000,0.0,30.015007503751878
4250,2.0,34.266133637921186
4500,0.0,39.973351099267155
4750,0.0,80.64516129032258
5000,0.0,60.36217303822937
5250,0.0,48.231511254019296
5500,0.0,40.16064257028113
5750,0.0,34.403669724770644
6000,0.0,30.090270812437314
6250,2.0,30.075187969924812
6500,0.0,30.075187969924812
6750,0.0,30.075187969924812
7000,0.0,30.075187969924812
7250,0.0,30.075187969924812
7500,39.6,30.075187969924812
7750,100.0,30.075187969924812
8000,98.0,100.0
8250,99.6,100.0
8500,100.0,100.0
8750,40.0,100.0
9000,0.0,100.0
9250,0.0,91.46341463414635
9500,0.0,66.22516556291392
9750,0.0,51.903114186851205
10000,0.0,42.67425320056899
10250,99.6,42.643923240938165
10500,100.0,42.643923240938165
10750,37.6,42.643923240938165
11000,0.0,42.643923240938165
11250,0.0,42.643923240938165
11500,2.4,100.0
11750,0.0,100.0
12000,0.0,100.0
12250,99.6,100.0
12500,100.0,100.0
12750,40.0,100.0
13000,0.0,100.0
13250,0.0,100.0
13500,0.0,100.0
13750,0.0,100.0
14000,0.0,100.0
14250,99.6,100.0
14500,100.0,100.0
14750,40.0,80.10680907877169
15000,0.0,60.06006006006006
15250,0.0,48.03843074459568
15500,0.0,40.0266844563042
15750,0.0,34.305317324185246
16000,0.0,30.015007503751878
16250,99.6,30.0
16500,100.0,30.0
16750,37.6,30.0
17000,0.0,30.0
17250,0.0,30.0
17500,0.0,30.0
17750,0.0,30.0
18000,2.4,100.0
18250,99.6,100.0
18500,100.0,100.0
18750,40.0,100.0
19000,0.0,100.0
19250,0.0,100.0
19500,0.0,100.0
19750,0.0,100.0
20000,0.0,100.0
20250,99.6,100.0
20500,100.0,100.0
20750,40.0,80.10680907877169
21000,0.0,60.06006006006006
21250,0.0,48.03843074459568
21500,0.0,40.0266844563042
21750,0.0,34.305317324185246
22000,0.0,30.015007503751878
22250,99.6,30.0
22500,100.0,30.0
22750,37.6,30.0
23000,0.0,30.0
23250,0.0,30.0
23500,0.0,30.0
23750,0.0,30.0
24000,2.4,100.0
24250,99.6,100.0
24500,100.0,100.0
24750,40.0,100.0
25000,0.0,100.0
25250,0.0,100.0
25500,0.0,100.0
25750,0.0,100.0
26000,0.0,100.0
26250,99.6,100.0
26500,100.0,100.0
26750,40.0,80.10680907877169
27000,0.0,60.06006006006006
27250,0.0,48.03843074459568
27500,0.0,40.0266844563042
27750,0.0,34.305317324185246
28000,0.0,30.015007503751878
28250,99.6,30.0
28500,100.0,30.0
28750,37.6,30.0
29000,0.0,30.0
29250,0.0,30.0
29500,0.0,30.0
29750,0.0,30.0
30000,2.4,100.0
30250,99.6,100.0
30500,100.0,100.0
30750,40.0,100.0
31000,0.0,100.0
31250,0.0,100.0
31500,0.0,100.0
31750,0.0,100.0
32000,0.0,100.0
32250,99.6,100.0
32500,100.0,100.0
32750,40.0,80.10680907877169
33000,0.0,60.06006006006006
33250,0.0,48.03843074459568
33500,0.0,40.0266844563042
33750,0.0,34.305317324185246
34000,0.0,30.015007503751878
34250,99.6,30.0
34500,100.0,30.0
34750,37.6,30.0
35000,0.0,30.0
35250,0.0,30.0
35500,0.0,30.0
35750,0.0,30.0
36000,2.4,100.0
36250,99.6,100.0
36500,100.0,100.0
36750,40.0,100.0
37000,0.0,100.0
37250,0.0,100.0
37500,0.0,100.0
37750,0.0,100.0
38000,0.0,100.0
38250,99.6,100.0
38500,100.0,100.0
38750,40.0,80.10680907877169
39000,0.0,60.06006006006006
39250,0.0,48.03843074459568
39500,0.0,40.0266844563042
39750,0.0,34.305317324185246
40000,0.0,30.015007503751878
40250,99.6,30.0
40500,100.0,30.0
40750,37.6,30.0
41000,0.0,30.0
41250,0.0,30.0
41500,0.0,30.0
41750,0.0,30.0
42000,2.4,100.0
42250,99.6,100.0
42500,100.0,100.0
42750,40.0,100.0
43000,0.0,100.0
43250,0.0,100.0
43500,0.0,100.0
43750,0.0,100.0
44000,0.0,100.0
44250,99.6,100.0
44500,100.0,100.0
44750,40.0,80.10680907877169
45000,0.0,60.06006006006006
45250,0.0,48.03843074459568
45500,0.0,40.0266844563042
45750,0.0,34.305317324185246
46000,0.0,30.015007503751878
46250,99.6,30.0
46500,100.0,30.0
46750,37.6,30.0
47000,0.0,30.0
47250,0.0,30.0
47500,0.0,30.0
47750,0.0,30.0
48000,2.4,100.0
48250,99.6,100.0
48500,100.0,100.0
48750,40.0,100.0
49000,0.0,100.0
49250,0.0,100.0
49500,0.0,100.0
49750,0.0,100.0
50000,0.0,100.0
50250,99.6,100.0
50500,100.0,100.0
50750,40.0,80.10680907877169
51000,0.0,60.06006006006006
51250,0.0,48.03843074459568
51500,0.0,40.0266844563042
51750,0.0,34.305317324185246
52000,0.0,30.015007503751878
52250,99.6,30.0
52500,100.0,30.0
52750,38.0,30.0
53000,0.0,30.0
53250,0.0,30.0
53500,0.0,30.0
53750,0.0,30.0
54000,2.0,30.0
54250,0.4,100.0
54500,0.0,100.0
54750,0.0,100.0
55000,0.0,100.0
55250,0.0,100.0
55500,0.0,100.0
55750,0.0,100.0
56000,0.0,100.0
56250,0.0,100.0
56500,0.0,100.0
56750,0.0,100.0
57000,0.0,100.0
57250,0.0,91.88361408882083
57500,0.0,66.44518272425249
57750,0.0,52.03816131830009
58000,0.0,42.765502494654314
58250,0.0,36.29764065335753
58500,0.0,31.529164477141357
58750,2.4,100.0
59000,0.0,100.0
59250,0.0,92.02453987730061
59500,0.0,66.51884700665188
59750,0.0,52.083333333333336
60000,0.0,42.796005706134096
60250,0.0,36.31961259079903
60500,0.0,31.545741324921135
60750,2.4,100.0
61000,0.0,100.0
61250,0.0,92.16589861751152
61500,0.0,66.59267480577137
61750,0.0,52.12858384013901
62000,0.0,42.82655246252677
62250,0.0,36.34161114476075
62500,0.0,31.56233561283535
62750,2.4,100.0
63000,0.0,100.0
63250,0.0,92.3076923076923
63500,0.0,66.66666666666666
63750,0.0,52.17391304347826
64000,0.0,42.857142857142854
64250,0.0,36.36363636363637
64500,0.0,31.57894736842105
64750,2.4,100.0
65000,0.0,100.0
65250,0.0,92.44992295839754
65500,0.0,66.74082313681868
65750,0.0,52.219321148825074
66000,0.0,42.88777698355968
66250,0.0,36.38568829593693
66500,0.0,31.595576619273302
66750,2.4,100.0
67000,0.0,100.0
67250,0.0,92.5925925925926
67500,0.0,66.815144766147
67750,0.0,52.264808362369344
68000,0.0,42.91845493562232
68250,0.0,36.407766990291265
68500,0.0,31.612223393045312
68750,2.4,100.0
69000,0.0,100.0
69250,0.0,92.73570324574962
69500,0.0,66.88963210702342
69750,0.0,52.310374891020054
70000,0.0,42.94917680744452
70250,0.0,36.42987249544626
70500,0.0,31.6288877174486
70750,2.4,100.0
71000,0.0,100.0
71250,0.0,92.87925696594426
71500,0.0,66.96428571428571
71750,0.0,52.35602094240838
72000,0.0,42.97994269340974
72250,0.0,36.452004860267316
72500,0.0,31.645569620253166
72750,2.4,100.0
73000,0.0,100.0
73250,0.0,93.02325581395348
73500,0.0,67.0391061452514
73750,0.0,52.40174672489083
74000,0.0,43.01075268817204
74250,0.0,36.474164133738604
74500,0.0,31.6622691292876
74750,2.4,100.0
75000,0.0,100.0
75250,0.0,93.16770186335404
75500,0.0,67.11409395973155
75750,0.0,52.44755244755245
76000,0.0,43.0416068866571
76250,0.0,36.496350364963504
76500,0.0,31.678986272439282
76750,2.4,100.0
77000,0.0,100.0
77250,0.0,93.31259720062208
77500,0.0,67.1892497200448
77750,0.0,52.493438320209975
78000,0.0,43.07250538406318
78250,0.0,36.51856360316494
78500,0.0,31.695721077654515
78750,2.4,100.0
79000,0.0,100.0
79250,0.0,93.45794392523365
79500,0.0,67.2645739910314
79750,0.0,52.53940455341506
80000,0.0,43.103448275862064
80250,0.0,36.54080389768575
80500,0.0,31.712473572938688
80750,2.4,100.0
81000,0.0,100.0
81250,0.0,93.60374414976599
81500,0.0,67.34006734006735
81750,0.0,52.58545135845749
82000,0.0,43.13443565780015
82250,0.0,36.56307129798903
82500,0.0,31.729243786356427
82750,2.4,100.0
83000,0.0,100.0
83250,0.0,93.75
83500,0.0,67.41573033707866
83750,0.0,52.63157894736842
84000,0.0,43.16546762589928
84250,0.0,36.58536585365854
84500,0.0,31.746031746031743
84750,2.4,100.0
85000,0.0,100.0
85250,0.0,93.89671361502347
85500,0.0,67.49156355455568
85750,0.0,52.67778753292362
86000,0.0,43.196544276457885
86250,0.0,36.607687614399026
86500,0.0,31.762837480148225
86750,2.4,100.0
87000,0.0,100.0
87250,0.0,94.04388714733543
87500,0.0,67.56756756756756
87750,0.0,52.72407732864674
88000,0.0,43.22766570605187
88250,0.0,36.63003663003663
88500,0.0,31.779661016949152
88750,2.4,100.0
89000,0.0,100.0
89250,0.0,94.19152276295134
89500,0.0,67.64374295377678
89750,0.0,52.770448548812666
90000,0.0,43.25883201153569
90250,0.0,36.65241295051924
90500,0.0,31.79650238473768
90750,2.4,100.0
91000,0.0,100.0
91250,0.0,94.33962264150944
91500,0.0,67.72009029345372
91750,0.0,52.816901408450704
92000,0.0,43.290043290043286
92250,0.0,36.674816625916876
92500,0.0,31.81336161187699
92750,2.4,100.0
93000,0.0,100.0
93250,0.0,94.48818897637796
93500,0.0,67.79661016949152
93750,0.0,52.863436123348016
94000,0.0,43.32129963898917
94250,0.0,36.69724770642202
94500,0.0,31.830238726790448
94750,2.4,100.0
95000,0.0,100.0
95250,0.0,94.6372239747634
95500,0.0,67.87330316742081
95750,0.0,52.910052910052904
96000,0.0,43.35260115606936
96250,0.0,36.71970624235006
96500,0.0,31.84713375796178
96750,2.4,100.0
97000,0.0,100.0
97250,0.0,94.7867298578199
97500,0.0,67.95016987542469
97750,0.0,52.956751985878206
98000,0.0,43.38394793926248
98250,0.0,36.74219228413962
98500,0.0,31.864046733935208
98750,2.4,100.0
99000,0.0,100.0
99250,0.0,94.9367088607595
99500,0.0,68.02721088435374
99750,0.0,53.003533568904594
100000,0.0,43.41534008683068
100250,0.0,36.76470588235294
100500,0.0,31.88097768331562
100750,2.4,100.0
101000,0.0,100.0
101250,0.0,95.08716323296355
101500,0.0,68.1044267877412
101750,0.0,53.05039787798409
102000,0.0,43.44677769732078
102250,0.0,36.78724708767627
102500,0.0,31.89792663476874
102750,2.4,100.0
103000,0.0,100.0
103250,0.0,95.23809523809523
103500,0.0,68.18181818181817
103750,0.0,53.09734513274337
104000,0.0,43.47826086956522
104250,89.2,42.643923240938165
104500,100.0,42.643923240938165
104750,48.0,42.643923240938165
105000,0.0,42.643923240938165
105250,0.0,42.643923240938165
105500,2.4,100.0
105750,0.0,100.0
106000,0.0,100.0
106250,89.2,100.0
106500,100.0,100.0
106750,50.4,100.0
107000,0.0,100.0
107250,0.0,95.23809523809523
107500,0.0,68.18181818181817
107750,0.0,53.09734513274337
108000,0.0,43.47826086956522
108250,89.2,42.643923240938165
108500,100.0,42.643923240938165
108750,48.0,42.643923240938165
109000,0.0,42.643923240938165
109250,0.0,42.643923240938165
109500,2.4,100.0
109750,0.0,100.0
110000,0.0,100.0
110250,89.2,100.0
110500,100.0,100.0
110750,50.4,100.0
111000,0.0,100.0
111250,0.0,95.23809523809523
111500,0.0,68.18181818181817
111750,0.0,53.09734513274337
112000,0.0,43.47826086956522
112250,89.2,42.643923240938165
112500,100.0,42.643923240938165
112750,48.0,42.643923240938165
113000,0.0,42.643923240938165
113250,0.0,42.643923240938165
113500,2.4,100.0
113750,0.0,100.0
114000,0.0,100.0
114250,89.2,100.0
114500,100.0,100.0
114750,50.4,100.0
115000,0.0,100.0
115250,0.0,95.23809523809523
115500,0.0,68.18181818181817
115750,0.0,53.09734513274337
116000,0.0,43.47826086956522
116250,89.2,42.643923240938165
116500,100.0,42.643923240938165
116750,48.0,42.643923240938165
117000,0.0,42.643923240938165
117250,0.0,42.643923240938165
117500,2.4,100.0
117750,0.0,100.0
118000,0.0,100.0
118250,89.2,100.0
118500,100.0,100.0
118750,50.4,100.0
119000,0.0,100.0
119250,0.0,95.23809523809523
119500,0.0,68.18181818181817
119750,0.0,53.09734513274337
120000,0.0,43.47826086956522
120250,89.2,42.643923240938165
120500,100.0,42.643923240938165
120750,48.0,42.643923240938165
121000,0.0,42.643923240938165
121250,0.0,42.643923240938165
121500,2.4,100.0
121750,0.0,100.0
122000,0.0,100.0
122250,89.2,100.0
122500,100.0,100.0
122750,50.4,100.0
123000,0.0,100.0
123250,0.0,95.23809523809523
123500,0.0,68.18181818181817
123750,0.0,53.09734513274337
124000,0.0,43.47826086956522
124250,89.2,42.643923240938165
124500,100.0,42.643923240938165
124750,48.0,42.643923240938165
125000,0.0,42.643923240938165
125250,0.0,42.643923240938165
125500,2.4,100.0
125750,0.0,100.0
126000,0.0,100.0
126250,89.2,100.0
126500,100.0,100.0
126750,50.4,100.0
127000,0.0,100.0
127250,0.0,95.23809523809523
127500,0.0,68.18181818181817
127750,0.0,53.09734513274337
128000,0.0,43.47826086956522
128250,89.2,42.643923240938165
128500,100.0,42.643923240938165
128750,48.0,42.643923240938165
129000,0.0,42.643923240938165
129250,0.0,42.643923240938165
129500,2.4,100.0
129750,0.0,100.0
130000,0.0,100.0
130250,89.2,100.0
130500,100.0,100.0
130750,50.4,100.0
131000,0.0,100.0
131250,0.0,95.23809523809523
131500,0.0,68.18181818181817
131750,0.0,53.09734513274337
132000,0.0,43.47826086956522
132250,89.2,42.643923240938165
132500,100.0,42.643923240938165
132750,48.0,42.643923240938165
133000,0.0,42.643923240938165
133250,0.0,42.643923240938165
133500,2.4,100.0
133750,0.0,100.0
134000,0.0,100.0
134250,89.2,100.0
134500,100.0,100.0
134750,50.4,100.0
135000,0.0,100.0
135250,0.0,95.23809523809523
135500,0.0,68.18181818181817
135750,0.0,53.09734513274337
136000,0.0,43.47826086956522
136250,89.2,42.643923240938165
136500,100.0,42.643923240938165
136750,48.0,42.643923240938165
137000,0.0,42.643923240938165
137250,0.0,42.643923240938165
137500,2.4,100.0
137750,0.0,100.0
138000,0.0,100.0
138250,89.2,100.0
138500,100.0,100.0
138750,50.4,100.0
139000,0.0,100.0
139250,0.0,95.23809523809523
139500,0.0,68.18181818181817
139750,0.0,53.09734513274337
140000,0.0,43.47826086956522
140250,89.2,42.643923240938165
140500,100.0,42.643923240938165
140750,48.0,42.643923240938165
141000,0.0,42.643923240938165
141250,0.0,42.643923240938165
141500,2.4,100.0
141750,0.0,100.0
142000,0.0,100.0
142250,89.2,100.0
142500,100.0,100.0
142750,50.4,100.0
143000,0.0,100.0
143250,0.0,95.23809523809523
143500,0.0,68.18181818181817
143750,0.0,53.09734513274337
144000,0.0,43.47826086956522
144250,89.2,42.796005706134096
144500,100.0,42.796005706134096
144750,48.0,42.796005706134096
145000,0.0,42.796005706134096
145250,0.0,42.796005706134096
145500,0.4,100.0
145750,0.0,100.0
146000,0.0,100.0
146250,89.2,100.0
146500,100.0,100.0
146750,50.4,82.98755186721992
147000,0.0,61.66495375128469
147250,0.0,49.05968928863451
147500,0.0,100.0
147750,0.0,100.0
148000,0.0,100.0
148250,89.2,100.0
148500,100.0,100.0
148750,48.0,82.98755186721992
149000,0.0,61.66495375128469
149250,0.0,49.05968928863451
149500,0.0,100.0
149750,0.0,100.0
150000,0.0,100.0
150250,89.2,100.0
150500,100.0,100.0
150750,50.4,82.98755186721992
151000,0.0,61.66495375128469
151250,0.0,49.05968928863451
151500,0.0,40.73319755600815
151750,0.0,34.82298316889147
152000,0.0,30.410542321338063
152250,89.2,30.0
152500,100.0,30.0
152750,48.0,30.0
153000,0.0,30.0
153250,0.0,30.0
153500,0.0,30.0
153750,0.0,30.0
154000,0.0,30.0
154250,91.60000000000001,100.0
154500,100.0,100.0
154750,50.8,83.10249307479224
155000,0.0,61.72839506172839
155250,0.0,49.09983633387889
155500,0.0,100.0
155750,0.0,100.0
156000,0.0,100.0
156250,0.0,100.0
156500,0.0,100.0
156750,0.0,100.0
157000,0.0,100.0
157250,0.0,95.54140127388536
157500,0.0,68.3371298405467
157750,0.0,53.191489361702125
158000,0.0,43.54136429608128
158250,0.0,36.85503685503686
158500,0.0,31.948881789137378
158750,2.4,100.0
159000,0.0,100.0
159250,0.0,95.69377990430623
159500,0.0,68.4150513112885
159750,0.0,53.23868677905945
160000,0.0,43.57298474945534
160250,0.0,36.87768899815612
160500,0.0,31.96590303676079
160750,2.4,100.0
161000,0.0,100.0
161250,0.0,95.84664536741214
161500,0.0,68.4931506849315
161750,0.0,53.285968028419184
162000,0.0,43.604651162790695
162250,0.0,36.90036900369004
162500,0.0,31.982942430703627
162750,2.4,100.0
163000,0.0,100.0
163250,0.0,96.0
163500,0.0,68.57142857142857
163750,0.0,53.333333333333336
164000,0.0,43.63636363636363
164250,0.0,36.92307692307693
164500,0.0,32.0
164750,2.4,100.0
165000,0.0,100.0
165250,0.0,96.15384615384616
165500,0.0,68.64988558352402
165750,0.0,53.380782918149464
166000,0.0,43.66812227074236
166250,0.0,36.94581280788177
166500,0.0,32.017075773745994
166750,2.4,100.0
167000,0.0,100.0
167250,0.0,96.30818619582665
167500,0.0,68.72852233676976
167750,0.0,53.42831700801425
168000,0.0,43.69992716678806
168250,0.0,36.96857670979667
168500,0.0,32.03416978109984
168750,2.4,100.0
169000,0.0,100.0
169250,0.0,96.46302250803859
169500,0.0,68.80733944954129
169750,0.0,53.475935828877006
170000,0.0,43.731778425655975
170250,0.0,36.99136868064119
170500,0.0,32.05128205128205
170750,2.4,100.0
171000,0.0,100.0
171250,0.0,96.61835748792271
171500,0.0,68.88633754305397
171750,0.0,53.52363960749331
172000,0.0,43.7636761487965
172250,0.0,37.014188772362736
172500,0.0,32.068412613575624
172750,2.4,100.0
173000,0.0,100.0
173250,0.0,96.7741935483871
173500,0.0,68.96551724137932
173750,0.0,53.57142857142857
174000,0.0,43.79562043795621
174250,0.0,37.03703703703704
174500,0.0,32.0855614973262
174750,2.4,100.0
175000,0.0,100.0
175250,0.0,96.93053311793214
175500,0.0,69.04487917146145
175750,0.0,53.61930294906166
176000,0.0,43.82761139517896
176250,0.0,37.059913526868435
176500,0.0,32.102728731942214
176750,2.4,100.0
177000,0.0,100.0
177250,0.0,97.0873786407767
177500,0.0,69.12442396313364
177750,0.0,53.66726296958855
178000,0.0,43.859649122807014
178250,0.0,37.08281829419035
178500,0.0,32.11991434689507
178750,2.4,100.0
179000,0.0,100.0
179250,0.0,97.24473257698541
179500,0.0,69.20415224913495
179750,0.0,53.71530886302597
180000,0.0,43.891733723482076
180250,0.0,37.105751391465674
180500,0.0,32.13711837171934
180750,2.4,100.0
181000,0.0,100.0
181250,0.0,97.40259740259741
181500,0.0,69.28406466512702
181750,0.0,53.76344086021505
182000,0.0,43.92386530014642
182250,0.0,37.12871287128713
182500,0.0,32.154340836012864
182750,2.4,100.0
183000,0.0,100.0
183250,0.0,97.5609756097561
183500,0.0,69.36416184971098
183750,0.0,53.81165919282511
184000,0.0,43.956043956043956
184250,0.0,37.15170278637771
184500,0.0,32.171581769437
184750,2.4,100.0
185000,0.0,100.0
185250,0.0,97.71986970684038
185500,0.0,69.44444444444444
185750,0.0,53.85996409335727
186000,0.0,43.988269794721404
186250,0.0,37.174721189591075
186500,0.0,32.18884120171674
186750,2.4,100.0
187000,0.0,100.0
187250,0.0,97.87928221859707
187500,0.0,69.52491309385863
187750,0.0,53.908355795148246
188000,0.0,44.02054292002935
188250,0.0,37.197768133911964
188500,0.0,32.2061191626409
188750,2.4,100.0
189000,0.0,100.0
189250,0.0,98.0392156862745
189500,0.0,69.60556844547564
189750,0.0,53.956834532374096
190000,0.0,44.052863436123346
190250,0.0,37.220843672456574
190500,0.0,32.2234156820623
190750,2.4,100.0
191000,0.0,100.0
191250,0.0,98.19967266775778
191500,0.0,69.68641114982579
191750,0.0,54.005400540054005
192000,0.0,44.0852314474651
192250,0.0,37.243947858473
192500,0.0,32.2407307898979
192750,2.4,100.0
193000,0.0,100.0
193250,0.0,98.36065573770492
193500,0.0,69.76744186046511
193750,0.0,54.054054054054056
194000,0.0,44.11764705882353
194250,0.0,37.267080745341616
194500,0.0,32.25806451612903
194750,2.4,100.0
195000,0.0,100.0
195250,0.0,98.52216748768473
195500,0.0,69.84866123399301
195750,0.0,54.102795311091064
196000,0.0,44.150110375275936
196250,0.0,37.290242386575514
196500,0.0,32.27541689080151
196750,2.4,100.0
197000,0.0,100.0
197250,0.0,98.68421052631578
197500,0.0,69.93006993006993
197750,0.0,54.151624548736464
198000,0.0,44.18262150220913
198250,0.0,37.3134328358209
198500,0.0,32.29278794402583
198750,2.4,100.0
199000,0.0,100.0
199250,0.0,98.84678747940691
199500,0.0,70.01166861143524
199750,0.0,54.20054200542005
200000,0.0,44.21518054532056
200250,0.0,37.336652146857496
200500,0.0,32.31017770597738
200750,2.4,100.0
201000,0.0,100.0
201250,0.0,99.00990099009901
201500,0.0,70.09345794392523
201750,0.0,54.249547920434
202000,0.0,44.24778761061947
202250,0.0,37.359900373599004
202500,0.0,32.327586206896555
202750,2.4,100.0
203000,0.0,100.0
203250,0.0,99.17355371900827
203500,0.0,70.17543859649122
203750,0.0,54.29864253393665
204000,0.0,44.28044280442804
204250,0.0,37.38317757009346
204500,0.0,32.34501347708895
204750,2.4,100.0
205000,0.0,100.0
205250,0.0,99.33774834437085
205500,0.0,70.2576112412178
205750,0.0,54.347826086956516
206000,0.0,44.313146233382575
206250,78.8,42.643923240938165
206500,100.0,42.643923240938165
206750,58.4,42.643923240938165
207000,0.0,42.643923240938165
207250,0.0,42.643923240938165
207500,2.4,100.0
207750,0.0,100.0
208000,0.0,100.0
208250,78.8,100.0
208500,100.0,100.0
208750,60.8,100.0
209000,0.0,100.0
209250,0.0,99.33774834437085
209500,0.0,70.2576112412178
209750,0.0,54.347826086956516
210000,0.0,44.313146233382575
210250,78.8,42.643923240938165
210500,100.0,42.643923240938165
210750,58.4,42.643923240938165
211000,0.0,42.643923240938165
211250,0.0,42.643923240938165
211500,2.4,100.0
211750,0.0,100.0
212000,0.0,100.0
212250,78.8,100.0
212500,100.0,100.0
212750,60.8,100.0
213000,0.0,100.0
213250,0.0,99.33774834437085
213500,0.0,70.2576112412178
213750,0.0,54.347826086956516
214000,0.0,44.313146233382575
214250,78.8,42.643923240938165
214500,100.0,42.643923240938165
214750,58.4,42.643923240938165
215000,0.0,42.643923240938165
215250,0.0,42.643923240938165
215500,2.4,100.0
215750,0.0,100.0
216000,0.0,100.0
216250,78.8,100.0
216500,100.0,100.0
216750,60.8,100.0
217000,0.0,100.0
217250,0.0,99.33774834437085
217500,0.0,70.2576112412178
217750,0.0,54.347826086956516
218000,0.0,44.313146233382575
218250,78.8,42.643923240938165
218500,100.0,42.643923240938165
218750,58.4,42.643923240938165
219000,0.0,42.643923240938165
219250,0.0,42.643923240938165
219500,2.4,100.0
219750,0.0,100.0
220000,0.0,100.0
220250,78.8,100.0
220500,100.0,100.0
220750,60.8,100.0
221000,0.0,100.0
221250,0.0,99.33774834437085
221500,0.0,70.2576112412178
221750,0.0,54.347826086956516
222000,0.0,44.313146233382575
222250,78.8,42.643923240938165
222500,100.0,42.643923240938165
222750,58.4,42.643923240938165
223000,0.0,42.643923240938165
223250,0.0,42.643923240938165
223500,2.4,100.0
223750,0.0,100.0
224000,0.0,100.0
224250,78.8,100.0
224500,100.0,100.0
224750,60.8,100.0
225000,0.0,100.0
225250,0.0,99.33774834437085
225500,0.0,70.2576112412178
225750,0.0,54.347826086956516
226000,0.0,44.313146233382575
226250,78.8,42.643923240938165
226500,100.0,42.643923240938165
226750,58.4,42.643923240938165
227000,0.0,42.643923240938165
227250,0.0,42.643923240938165
227500,2.4,100.0
227750,0.0,100.0
228000,0.0,100.0
228250,78.8,100.0
228500,100.0,100.0
228750,60.8,100.0
229000,0.0,100.0
229250,0.0,99.33774834437085
229500,0.0,70.2576112412178
229750,0.0,54.347826086956516
230000,0.0,44.313146233382575
230250,78.8,42.643923240938165
230500,100.0,42.643923240938165
230750,58.4,42.643923240938165
231000,0.0,42.643923240938165
231250,0.0,42.643923240938165
231500,2.4,100.0
231750,0.0,100.0
232000,0.0,100.0
232250,78.8,100.0
232500,100.0,100.0
232750,60.8,100.0
233000,0.0,100.0
233250,0.0,99.33774834437085
233500,0.0,70.2576112412178
233750,0.0,54.347826086956516
234000,0.0,44.313146233382575
234250,78.8,42.643923240938165
234500,100.0,42.643923240938165
234750,58.4,42.643923240938165
235000,0.0,42.643923240938165
235250,0.0,42.643923240938165
235500,2.4,100.0
235750,0.0,100.0
236000,0.0,100.0
236250,78.8,100.0
236500,100.0,100.0
236750,60.8,100.0
237000,0.0,100.0
237250,0.0,99.33774834437085
237500,0.0,70.2576112412178
237750,0.0,54.347826086956516
238000,0.0,44.313146233382575
238250,78.8,42.643923240938165
238500,100.0,42.643923240938165
238750,58.4,42.643923240938165
239000,0.0,42.643923240938165
239250,0.0,42.643923240938165
239500,2.4,100.0
239750,0.0,100.0
240000,0.0,100.0
240250,78.8,100.0
240500,100.0,100.0
240750,60.8,100.0
241000,0.0,100.0
241250,0.0,99.33774834437085
241500,0.0,70.2576112412178
241750,0.0,54.347826086956516
242000,0.0,44.313146233382575
242250,78.8,42.643923240938165
242500,100.0,42.643923240938165
242750,58.4,42.643923240938165
243000,0.0,42.643923240938165
243250,0.0,42.643923240938165
243500,2.4,100.0
243750,0.0,100.0
244000,0.0,100.0
244250,78.8,100.0
244500,100.0,100.0
244750,60.8,100.0
245000,0.0,100.0
245250,0.0,99.33774834437085
245500,0.0,70.2576112412178
245750,0.0,54.347826086956516
246000,0.0,44.313146233382575
246250,78.8,42.643923240938165
246500,100.0,42.643923240938165
246750,58.4,42.643923240938165
247000,0.0,42.643923240938165
247250,0.0,42.643923240938165
247500,2.4,100.0
247750,0.0,100.0
248000,0.0,100.0
248250,78.8,100.0
248500,100.0,100.0
248750,60.8,100.0
249000,0.0,100.0
249250,0.0,99.33774834437085
249500,0.0,70.2576112412178
249750,0.0,54.347826086956516
250000,0.0,44.313146233382575
250250,78.8,100.0
250500,100.0,100.0
250750,58.4,86.0832137733142
251000,0.0,63.357972544878564
251250,0.0,50.125313283208015
251500,0.0,100.0
251750,0.0,100.0
252000,0.0,100.0
252250,78.8,100.0
252500,100.0,100.0
252750,60.8,100.0
253000,0.0,100.0
253250,0.0,99.33774834437085
253500,0.0,70.2576112412178
253750,0.0,54.347826086956516
254000,0.0,44.313146233382575
254250,78.8,100.0
254500,100.0,100.0
254750,58.4,86.0832137733142
255000,0.0,63.357972544878564
255250,0.0,50.125313283208015
255500,0.0,100.0
255750,0.0,100.0
256000,0.0,100.0
256250,78.8,100.0
256500,100.0,100.0
256750,61.199999999999996,100.0
257000,0.0,100.0
257250,0.0,99.50248756218906
257500,0.0,70.33997655334115
257750,0.0,54.39709882139619
258000,0.0,44.345898004434595
258250,0.0,100.0
258500,0.0,100.0
258750,0.0,100.0
259000,0.0,100.0
259250,0.0,99.66777408637874
259500,0.0,70.4225352112676
259750,0.0,54.44646098003629
260000,0.0,44.37869822485207
260250,0.0,37.453183520599254
260500,0.0,32.39740820734342
260750,2.4,100.0
261000,0.0,100.0
261250,0.0,99.83361064891847
261500,0.0,70.50528789659224
261750,0.0,54.495912806539515
262000,0.0,44.41154700222057
262250,0.0,37.47657713928795
262500,0.0,32.414910858995135
262750,2.4,100.0
263000,0.0,100.0
263250,0.0,100.0
263500,0.0,70.58823529411765
263750,0.0,54.54545454545454
264000,0.0,44.44444444444444
264250,0.0,37.5
264500,0.0,32.432432432432435
264750,2.4,100.0
265000,0.0,100.0
265250,0.0,100.0
265500,0.0,70.6713780918728
265750,0.0,54.5950864422202
266000,0.0,44.47739065974796
266250,0.0,37.5234521575985
266500,0.0,32.449972958355865
266750,2.4,100.0
267000,0.0,100.0
267250,0.0,100.0
267500,0.0,70.75471698113208
267750,0.0,54.644808743169406
268000,0.0,44.510385756676556
268250,0.0,37.546933667083856
268500,0.0,32.467532467532465
268750,2.4,100.0
269000,0.0,100.0
269250,0.0,100.0
269500,0.0,70.83825265643448
269750,0.0,54.69462169553327
270000,0.0,44.543429844098
270250,0.0,37.57044458359424
270500,0.0,32.48511099079588
270750,2.4,100.0
271000,0.0,100.0
271250,0.0,100.0
271500,0.0,70.92198581560284
271750,0.0,54.74452554744526
272000,0.0,44.57652303120357
272250,0.0,37.59398496240601
272500,0.0,32.50270855904659
272750,2.4,100.0
273000,0.0,100.0
273250,0.0,100.0
273500,0.0,71.00591715976331
273750,0.0,54.794520547945204
274000,0.0,44.60966542750929
274250,0.0,37.61755485893417
274500,0.0,32.52032520325203
274750,2.4,100.0
275000,0.0,100.0
275250,0.0,100.0
275500,0.0,71.09004739336493
275750,0.0,54.844606946983546
276000,0.0,44.642857142857146
276250,0.0,37.641154328732746
276500,0.0,32.53796095444685
276750,2.4,100.0
277000,0.0,100.0
277250,0.0,100.0
277500,0.0,71.17437722419929
277750,0.0,54.89478499542544
278000,0.0,44.67609828741623
278250,0.0,37.664783427495294
278500,0.0,32.555615843733044
278750,2.4,100.0
279000,0.0,100.0
279250,0.0,100.0
279500,0.0,71.25890736342043
279750,0.0,54.94505494505495
280000,0.0,44.70938897168406
280250,0.0,37.68844221105528
280500,0.0,32.57328990228013
280750,2.4,100.0
281000,0.0,100.0
281250,0.0,100.0
281500,0.0,71.3436385255648
281750,0.0,54.995417048579284
282000,0.0,44.742729306487696
282250,0.0,37.71213073538655
282500,0.0,32.59098316132537
282750,2.4,100.0
283000,0.0,100.0
283250,0.0,100.0
283500,0.0,71.42857142857143
283750,0.0,55.04587155963303
284000,0.0,44.776119402985074
284250,0.0,37.735849056603776
284500,0.0,32.608695652173914
284750,2.4,100.0
285000,0.0,100.0
285250,0.0,100.0
285500,0.0,71.51370679380214
285750,0.0,55.09641873278237
286000,0.0,44.80955937266617
286250,0.0,37.75959723096287
286500,0.0,32.62642740619902
286750,2.4,100.0
287000,0.0,100.0
287250,0.0,100.0
287500,0.0,71.59904534606206
287750,0.0,55.14705882352941
288000,0.0,44.843049327354265
288250,0.0,37.78337531486146
288500,0.0,32.64417845484222
288750,2.4,100.0
289000,0.0,100.0
289250,0.0,100.0
289500,0.0,71.68458781362007
289750,0.0,55.19779208831647
290000,0.0,44.87658937920718
290250,0.0,37.80718336483932
290500,0.0,32.6619488296135
290750,2.4,100.0
291000,0.0,100.0
291250,0.0,100.0
291500,0.0,71.77033492822966
291750,0.0,55.24861878453039
292000,0.0,44.91017964071856
292250,0.0,37.83102143757881
292500,0.0,32.6797385620915
292750,2.4,100.0
293000,0.0,100.0
293250,0.0,100.0
293500,0.0,71.8562874251497
293750,0.0,55.29953917050692
294000,0.0,44.9438202247191
294250,0.0,37.85488958990536
294500,0.0,32.69754768392371
294750,2.4,100.0
295000,0.0,100.0
295250,0.0,100.0
295500,0.0,71.94244604316546
295750,0.0,55.35055350553506
296000,0.0,44.97751124437781
296250,0.0,37.878787878787875
296500,0.0,32.715376226826606
296750,2.4,100.0
297000,0.0,100.0
297250,0.0,100.0
297500,0.0,72.02881152460985
297750,0.0,55.4016620498615
298000,0.0,45.0112528132033
298250,0.0,37.90271636133923
298500,0.0,32.733224222585925
298750,2.4,100.0
299000,0.0,100.0
299250,0.0,100.0
299500,0.0,72.11538461538461
299750,0.0,55.45286506469501
300000,0.0,45.04504504504504
300250,0.0,37.92667509481669
300500,0.0,32.751091703056765
300750,2.4,100.0
301000,0.0,100.0
301250,0.0,100.0
301500,0.0,72.20216606498195
301750,0.0,55.50416281221091
302000,0.0,45.07888805409467
302250,0.0,37.95066413662239
302500,0.0,32.76897870016384
302750,2.4,100.0
303000,0.0,100.0
303250,0.0,100.0
303500,0.0,72.28915662650603
303750,0.0,55.55555555555556
304000,0.0,45.11278195488722
304250,0.0,37.9746835443038
304500,0.0,32.78688524590164
304750,2.4,100.0
305000,0.0,100.0
305250,0.0,100.0
305500,0.0,72.37635705669481
305750,0.0,55.60704355885079
306000,0.0,45.146726862302486
