250,0.0,100.0
500,0.0,20.8
750,0.0,47.199999999999996
1000,0.0,60.4
1250,0.0,68.32000000000001
1500,0.0,73.6
1750,0.0,77.37142857142857
2000,0.0,80.2
2250,1.2,77.56849315068493
2500,0.0,20.64128256513026
2750,0.0,47.12950600801068
3000,0.0,60.36036036036037
3250,0.0,68.29463570856686
3500,0.0,73.58238825883923
3750,0.0,77.35849056603774
4000,0.0,80.19009504752376
4250,1.2,77.55568246716163
4500,0.0,20.64128256513026
4750,0.0,47.12950600801068
5000,0.0,60.36036036036037
5250,0.0,68.29463570856686
5500,0.0,73.58238825883923
5750,0.0,77.35849056603774
6000,0.0,80.19009504752376
6250,1.2,67.9
6500,0.0,55.400000000000006
6750,0.0,42.9
7000,0.0,50.0
7250,0.0,62.5
7500,0.0,75.0
7750,58.4,87.5
8000,100.0,50.0
8250,99.6,100.0
8500,60.0,99.19839679358718
8750,0.0,99.46595460614152
9000,0.0,99.5995995995996
9250,0.0,99.67974379503602
9500,0.0,99.73315543695797
9750,0.0,99.77129788450543
10000,0.0,99.79989994997499
10250,99.6,99.8
10500,58.4,94.6
10750,0.0,82.1
11000,0.0,69.6
11250,0.0,62.5
11500,0.0,75.0
11750,0.0,87.5
12000,1.6,50.0
12250,99.6,25.0
12500,60.0,75.0
12750,0.0,25.0
13000,0.0,75.0
13250,0.0,25.0
13500,0.0,75.0
13750,0.0,25.0
14000,0.0,75.0
14250,99.6,75.0
14500,60.0,25.0
14750,0.0,75.0
15000,0.0,25.0
15250,0.0,75.0
15500,0.0,25.0
15750,0.0,75.0
16000,0.0,25.0
16250,99.6,75.0
16500,60.0,25.0
16750,0.0,75.0
17000,0.0,25.0
17250,0.0,75.0
17500,0.0,25.0
17750,0.0,75.0
18000,0.0,16.666666666666664
18250,99.6,99.19028340080972
18500,60.0,99.19517102615694
18750,0.0,99.46452476572959
19000,0.0,99.5987963891675
19250,0.0,99.67923015236568
19500,0.0,99.73279893119572
19750,0.0,99.77103606182027
20000,0.0,99.79969954932399
20250,99.6,99.7997997997998
20500,58.4,94.5945945945946
20750,0.0,82.08208208208208
21000,0.0,69.56956956956957
21250,0.0,62.56256256256256
21500,0.0,75.07507507507508
21750,0.0,87.58758758758759
22000,1.6,66.66666666666666
22250,99.6,100.0
22500,60.0,99.19517102615694
22750,0.0,99.46452476572959
23000,0.0,99.5987963891675
23250,0.0,99.67923015236568
23500,0.0,99.73279893119572
23750,0.0,99.77103606182027
24000,0.0,99.79969954932399
24250,99.6,99.7997997997998
24500,58.4,94.5945945945946
24750,0.0,82.08208208208208
25000,0.0,69.56956956956957
25250,0.0,62.56256256256256
25500,0.0,75.07507507507508
25750,0.0,87.58758758758759
26000,1.6,66.66666666666666
26250,99.6,100.0
26500,60.0,99.19517102615694
26750,0.0,99.46452476572959
27000,0.0,99.69879518072288
27250,0.0,100.0
27500,0.0,50.0
27750,0.0,100.0
28000,0.0,50.0
28250,99.6,25.0
28500,60.0,75.0
28750,0.0,25.0
29000,0.0,75.0
29250,0.0,25.0
29500,0.0,75.0
29750,0.0,25.0
30000,0.0,60.0
30250,99.6,98.78542510121457
30500,60.0,99.19517102615694
30750,0.0,99.46452476572959
31000,0.0,99.5987963891675
31250,0.0,99.67923015236568
31500,0.0,99.73279893119572
31750,0.0,99.77103606182027
32000,0.0,25.0
32250,99.6,75.0
32500,58.4,97.22222222222221
32750,0.0,99.16201117318437
33000,0.0,99.3421052631579
33250,0.0,99.53379953379954
33500,0.0,99.63898916967509
33750,0.0,99.70544918998527
34000,0.0,99.75124378109453
34250,99.6,99.7513983840895
34500,58.4,93.2877563704164
34750,0.0,77.75015537600994
35000,0.0,62.21255438160348
35250,0.0,77.68800497203232
35500,0.0,93.22560596643879
35750,1.6,98.62068965517241
36000,0.0,99.49367088607595
36250,99.6,99.4949494949495
36500,60.0,100.0
36750,0.0,100.0
37000,0.0,99.3421052631579
37250,0.0,99.53379953379954
37500,0.0,99.63898916967509
37750,0.0,99.70544918998527
38000,0.0,99.75124378109453
38250,99.6,99.7513983840895
38500,58.4,93.2877563704164
38750,0.0,77.75015537600994
39000,0.0,62.21255438160348
39250,0.0,77.68800497203232
39500,0.0,93.22560596643879
39750,1.6,75.0
40000,0.0,25.0
40250,99.6,75.0
40500,60.0,97.11538461538461
40750,0.0,99.15254237288136
41000,0.0,99.33774834437085
41250,0.0,99.53161592505855
41500,0.0,99.63768115942028
41750,0.0,50.0
42000,0.0,100.0
42250,99.6,50.0
42500,60.0,100.0
42750,0.0,100.0
43000,0.0,99.33774834437085
43250,0.0,99.53161592505855
43500,0.0,99.63768115942028
43750,0.0,50.0
44000,0.0,100.0
44250,99.6,50.0
44500,60.0,100.0
44750,0.0,100.0
45000,0.0,99.33774834437085
45250,0.0,99.53161592505855
45500,0.0,99.63768115942028
45750,0.0,99.70457902511079
46000,0.0,99.56359102244389
46250,99.6,99.50155763239876
46500,58.4,93.02180685358256
46750,0.0,77.44548286604362
47000,0.0,62.30529595015576
47250,0.0,77.88161993769471
47500,0.0,93.45794392523365
47750,1.6,98.65771812080537
48000,0.0,0.2506265664160401
48250,99.6,62.5
48500,60.0,98.07692307692307
48750,0.0,99.43502824858757
49000,0.0,99.33774834437085
49250,0.0,99.53161592505855
49500,0.0,99.63768115942028
49750,0.0,99.70457902511079
50000,0.0,99.75062344139651
50250,99.6,99.75077881619939
50500,58.4,93.27102803738318
50750,0.0,77.69470404984423
51000,0.0,62.30529595015576
51250,0.0,77.88161993769471
51500,0.0,93.45794392523365
51750,1.6,75.0
52000,0.0,25.0
52250,99.6,50.0
52500,60.4,100.0
52750,0.0,50.0
53000,0.0,100.0
53250,0.0,50.0
53500,0.0,100.0
53750,0.0,50.0
54000,0.0,100.0
54250,0.0,100.0
54500,0.0,50.0
54750,0.0,100.0
55000,0.0,50.0
55250,0.0,100.0
55500,0.0,50.0
55750,0.0,100.0
56000,0.0,50.0
56250,0.0,50.0
56500,0.0,100.0
56750,0.0,50.0
57000,0.0,100.0
57250,0.0,100.0
57500,0.0,99.20634920634922
57750,0.0,99.46949602122017
58000,0.0,99.60159362549801
58250,0.0,99.68102073365232
58500,0.0,99.7340425531915
58750,0.0,99.77194982896236
59000,1.2,99.95002498750625
59250,0.4,99.2094861660079
59500,0.0,99.20477137176938
59750,0.0,99.46879150066401
60000,0.0,99.6011964107677
60250,0.0,99.68076616121309
60500,0.0,99.73386560212909
60750,0.0,99.7718197375927
61000,0.8,99.9000499750125
61250,0.8,99.20634920634922
61500,0.0,99.20318725099602
61750,0.0,99.46808510638297
62000,0.0,99.60079840319361
62250,0.0,99.68051118210862
62500,0.0,99.73368841544608
62750,0.0,99.77168949771689
63000,0.4,99.85007496251875
63250,1.2,99.20318725099602
63500,0.0,99.20159680638723
63750,0.0,99.46737683089214
64000,0.0,99.6003996003996
64250,0.0,99.6802557953637
64500,0.0,99.73351099267155
64750,0.0,99.77155910908053
65000,0.0,99.80009995002499
65250,1.6,99.2
65500,0.0,99.2
65750,0.0,99.46666666666667
66000,0.0,99.6
66250,0.0,99.68
66500,0.0,99.73333333333333
66750,0.0,99.77142857142857
67000,0.0,99.8
67250,1.6,99.19678714859438
67500,0.0,99.19839679358718
67750,0.0,99.46595460614152
68000,0.0,99.5995995995996
68250,0.0,99.67974379503602
68500,0.0,99.73315543695797
68750,0.0,99.77129788450543
69000,0.0,99.79989994997499
69250,1.6,99.19354838709677
69500,0.0,99.19678714859438
69750,0.0,99.46524064171123
70000,0.0,99.59919839679358
70250,0.0,99.67948717948718
70500,0.0,99.73297730307075
70750,0.0,99.77116704805492
71000,0.0,99.7997997997998
71250,1.6,99.19028340080972
71500,0.0,99.19517102615694
71750,0.0,99.46452476572959
72000,0.0,99.5987963891675
72250,0.0,99.67923015236568
72500,0.0,99.73279893119572
72750,0.0,99.77103606182027
73000,0.0,99.79969954932399
73250,1.6,99.1869918699187
73500,0.0,99.19354838709677
73750,0.0,99.46380697050938
74000,0.0,99.59839357429718
74250,0.0,99.67897271268058
74500,0.0,99.73262032085562
74750,0.0,99.7709049255441
75000,0.0,99.79959919839679
75250,1.6,99.18367346938776
75500,0.0,99.19191919191918
75750,0.0,99.46308724832214
76000,0.0,99.59798994974875
76250,0.0,99.67871485943776
76500,0.0,99.7324414715719
76750,0.0,99.77077363896848
77000,0.0,99.79949874686717
77250,1.6,99.18032786885246
77500,0.0,99.19028340080972
77750,0.0,99.46236559139786
78000,0.0,99.59758551307847
78250,0.0,99.67845659163987
78500,0.0,99.73226238286479
78750,0.0,99.77064220183486
79000,0.0,99.79939819458376
79250,1.6,99.1769547325103
79500,0.0,99.18864097363083
79750,0.0,99.46164199192464
80000,0.0,99.59718026183283
80250,0.0,99.6781979082864
80500,0.0,99.73208305425318
80750,0.0,99.77051061388411
81000,0.0,99.79929754139488
81250,1.6,99.17355371900827
81500,0.0,99.1869918699187
81750,0.0,99.46091644204851
82000,0.0,99.59677419354838
82250,0.0,99.6779388083736
82500,0.0,99.73190348525469
82750,0.0,99.77037887485649
83000,0.0,99.79919678714859
83250,1.6,99.1701244813278
83500,0.0,99.18533604887983
83750,0.0,99.46018893387314
84000,0.0,99.59636730575177
84250,0.0,99.67767929089445
84500,0.0,99.73172367538564
84750,0.0,99.77024698449168
85000,0.0,99.79909593169262
85250,1.6,99.16666666666667
85500,0.0,99.18367346938776
85750,0.0,99.45945945945947
86000,0.0,99.5959595959596
86250,0.0,99.67741935483872
86500,0.0,99.73154362416108
86750,0.0,99.77011494252874
87000,0.0,99.79899497487436
87250,1.6,99.16317991631799
87500,0.0,99.18200408997954
87750,0.0,99.45872801082544
88000,0.0,99.59555106167846
88250,0.0,99.6771589991929
88500,0.0,99.73136333109468
88750,0.0,99.76998274870616
89000,0.0,99.79889391654098
89250,1.6,99.15966386554622
89500,0.0,99.18032786885246
89750,0.0,99.45799457994579
90000,0.0,99.59514170040485
90250,0.0,99.67689822294022
90500,0.0,99.73118279569893
90750,0.0,99.76985040276179
91000,0.0,99.79879275653923
91250,1.6,99.15611814345992
91500,0.0,99.17864476386036
91750,0.0,99.4572591587517
92000,0.0,99.59473150962512
92250,0.0,99.67663702506063
92500,0.0,99.73100201748487
92750,0.0,99.76971790443294
93000,0.0,99.79869149471565
93250,1.6,99.15254237288136
93500,0.0,99.1769547325103
93750,0.0,99.45652173913044
94000,0.0,99.59432048681542
94250,0.0,99.67637540453075
94500,0.0,99.7308209959623
94750,0.0,99.76958525345621
95000,0.0,99.79859013091642
95250,1.6,99.14893617021276
95500,0.0,99.17525773195877
95750,0.0,99.45578231292517
96000,0.0,99.59390862944163
96250,0.0,99.67611336032388
96500,0.0,99.73063973063972
96750,0.0,99.76945244956772
97000,0.0,99.7984886649874
97250,1.6,99.14529914529915
97500,0.0,99.17355371900827
97750,0.0,99.45504087193461
98000,0.0,99.59349593495935
98250,0.0,99.67585089141005
98500,0.0,99.73045822102425
98750,0.0,99.76931949250289
99000,0.0,99.79838709677419
99250,1.6,99.14163090128756
99500,0.0,99.17184265010351
99750,0.0,99.45429740791269
100000,0.0,99.59308240081384
100250,0.0,99.67558799675588
100500,0.0,99.73027646662172
100750,0.0,99.76918638199653
101000,0.0,99.79828542612204
101250,1.6,99.13793103448276
101500,0.0,99.1701244813278
101750,0.0,99.4535519125683
102000,0.0,99.59266802443992
102250,0.0,99.67532467532467
102500,0.0,99.73009446693656
102750,0.0,99.76905311778292
103000,0.0,99.79818365287588
103250,1.6,99.13419913419914
103500,0.0,99.16839916839916
103750,0.0,99.45280437756497
104000,0.0,99.59225280326199
104250,89.2,99.60317460317461
104500,68.8,91.86507936507937
104750,0.0,71.82539682539682
105000,0.0,96.62698412698413
105250,1.6,99.0909090909091
105500,0.0,99.14893617021276
105750,0.0,99.44444444444444
106000,0.0,99.58762886597938
106250,89.2,99.5987963891675
106500,68.8,91.7753259779338
106750,0.0,72.61785356068205
107000,0.0,97.69307923771315
107250,1.6,99.13419913419914
107500,0.0,99.16839916839916
107750,0.0,99.45280437756497
108000,0.0,99.59225280326199
108250,89.2,99.60317460317461
108500,68.8,91.86507936507937
108750,0.0,71.82539682539682
109000,0.0,96.62698412698413
109250,1.6,99.0909090909091
109500,0.0,99.14893617021276
109750,0.0,99.44444444444444
110000,0.0,99.58762886597938
110250,89.2,99.5987963891675
110500,68.8,91.7753259779338
110750,0.0,72.61785356068205
111000,0.0,97.69307923771315
111250,1.6,99.13419913419914
111500,0.0,99.16839916839916
111750,0.0,99.45280437756497
112000,0.0,99.59225280326199
112250,89.2,99.60317460317461
112500,68.8,91.86507936507937
112750,0.0,71.82539682539682
113000,0.0,96.62698412698413
113250,1.6,99.0909090909091
113500,0.0,99.14893617021276
113750,0.0,99.44444444444444
114000,0.0,99.58762886597938
114250,89.2,99.5987963891675
114500,68.8,91.7753259779338
114750,0.0,72.61785356068205
115000,0.0,97.69307923771315
115250,1.6,99.13419913419914
115500,0.0,99.16839916839916
115750,0.0,99.45280437756497
116000,0.0,99.59225280326199
116250,89.2,99.60317460317461
116500,68.8,91.86507936507937
116750,0.0,71.82539682539682
117000,0.0,96.62698412698413
117250,1.6,99.0909090909091
117500,0.0,99.14893617021276
117750,0.0,99.44444444444444
118000,0.0,99.58762886597938
118250,89.2,99.5987963891675
118500,68.8,91.7753259779338
118750,0.0,72.61785356068205
119000,0.0,97.69307923771315
119250,1.6,99.13419913419914
119500,0.0,99.16839916839916
119750,0.0,99.45280437756497
120000,0.0,99.59225280326199
120250,89.2,99.60317460317461
120500,68.8,91.86507936507937
120750,0.0,71.82539682539682
121000,0.0,96.62698412698413
121250,1.6,99.0909090909091
121500,0.0,99.14893617021276
121750,0.0,99.44444444444444
122000,0.0,99.58762886597938
122250,89.2,99.5987963891675
122500,68.8,91.7753259779338
122750,0.0,72.61785356068205
123000,0.0,97.69307923771315
123250,1.6,99.13419913419914
123500,0.0,99.16839916839916
123750,0.0,99.45280437756497
124000,0.0,99.59225280326199
124250,89.2,99.60317460317461
124500,68.8,91.86507936507937
124750,0.0,71.82539682539682
125000,0.0,96.62698412698413
125250,1.6,99.0909090909091
125500,0.0,99.14893617021276
125750,0.0,99.44444444444444
126000,0.0,99.58762886597938
126250,89.2,99.5987963891675
126500,68.8,91.7753259779338
126750,0.0,72.61785356068205
127000,0.0,97.69307923771315
127250,1.6,99.13419913419914
127500,0.0,99.16839916839916
127750,0.0,99.45280437756497
128000,0.0,99.59225280326199
128250,89.2,99.60317460317461
128500,68.8,91.86507936507937
128750,0.0,71.82539682539682
129000,0.0,96.62698412698413
129250,1.6,99.0909090909091
129500,0.0,99.14893617021276
129750,0.0,99.44444444444444
130000,0.0,99.58762886597938
130250,89.2,99.5987963891675
130500,68.8,91.7753259779338
130750,0.0,72.61785356068205
131000,0.0,97.69307923771315
131250,1.6,99.13419913419914
131500,0.0,99.16839916839916
131750,0.0,99.45280437756497
132000,0.0,99.59225280326199
132250,89.2,99.60317460317461
132500,68.8,91.86507936507937
132750,0.0,71.82539682539682
133000,0.0,96.62698412698413
133250,1.6,99.0909090909091
133500,0.0,99.14893617021276
133750,0.0,99.44444444444444
134000,0.0,99.58762886597938
134250,89.2,99.5987963891675
134500,68.8,91.7753259779338
134750,0.0,72.61785356068205
135000,0.0,97.69307923771315
135250,1.6,99.13419913419914
135500,0.0,99.16839916839916
135750,0.0,99.45280437756497
136000,0.0,99.59225280326199
136250,89.2,99.60317460317461
136500,68.8,91.86507936507937
136750,0.0,71.82539682539682
137000,0.0,96.62698412698413
137250,1.6,99.0909090909091
137500,0.0,99.14893617021276
137750,0.0,99.44444444444444
138000,0.0,99.58762886597938
138250,89.2,99.5987963891675
138500,68.8,91.7753259779338
138750,0.0,72.61785356068205
139000,0.0,97.69307923771315
139250,1.6,99.13419913419914
139500,0.0,99.16839916839916
139750,0.0,99.45280437756497
140000,0.0,99.59225280326199
140250,89.2,99.60317460317461
140500,68.8,91.86507936507937
140750,0.0,71.82539682539682
141000,0.0,96.62698412698413
141250,1.6,99.0909090909091
141500,0.0,99.14893617021276
141750,0.0,99.44444444444444
142000,0.0,99.58762886597938
142250,89.2,99.5987963891675
142500,68.8,91.7753259779338
142750,0.0,72.61785356068205
143000,0.0,97.69307923771315
143250,1.6,99.13419913419914
143500,0.0,99.16839916839916
143750,0.0,99.45280437756497
144000,0.0,99.59225280326199
144250,89.2,99.60317460317461
144500,68.8,91.86507936507937
144750,0.0,71.82539682539682
145000,0.0,96.62698412698413
145250,1.6,99.0909090909091
145500,0.0,99.14893617021276
145750,0.0,99.44444444444444
146000,0.0,99.58762886597938
146250,89.2,99.5987963891675
146500,68.8,91.7753259779338
146750,0.0,72.61785356068205
147000,0.0,97.69307923771315
147250,1.6,99.13419913419914
147500,0.0,99.16839916839916
147750,0.0,100.0
148000,0.0,50.0
148250,89.2,100.0
148500,68.8,100.0
148750,0.0,100.0
149000,0.0,99.3127147766323
149250,0.0,98.63636363636363
149500,0.0,99.14893617021276
149750,0.0,100.0
150000,0.0,50.0
150250,89.2,100.0
150500,68.8,100.0
150750,0.0,100.0
151000,0.0,99.3127147766323
151250,0.0,98.7012987012987
151500,0.0,99.16839916839916
151750,0.0,100.0
152000,0.0,50.0
152250,89.2,50.0
152500,68.8,97.5609756097561
152750,0.0,99.3975903614458
153000,0.0,99.3127147766323
153250,0.0,98.63636363636363
153500,0.0,99.14893617021276
153750,0.0,99.44444444444444
154000,0.0,99.58762886597938
154250,89.2,99.19759277833501
154500,69.19999999999999,91.47442326980942
154750,0.0,72.51755265797392
155000,0.0,97.59277833500502
155250,1.6,99.1304347826087
155500,0.0,99.16666666666667
155750,0.0,99.45205479452055
156000,0.0,99.59183673469387
156250,0.0,99.67479674796748
156500,0.0,99.72972972972973
156750,0.0,99.76878612716763
157000,0.0,99.79797979797979
157250,1.6,99.12663755458514
157500,0.0,99.16492693110646
157750,0.0,99.45130315500685
158000,0.0,99.59141981613891
158250,0.0,99.67453213995118
158500,0.0,99.72954699121027
158750,0.0,99.76865240023135
159000,0.0,99.79787771601819
159250,1.6,99.12280701754386
159500,0.0,99.16317991631799
159750,0.0,99.45054945054946
160000,0.0,99.59100204498978
160250,0.0,99.6742671009772
160500,0.0,99.72936400541272
160750,0.0,99.76851851851852
161000,0.0,99.79777553083923
161250,1.6,99.11894273127754
161500,0.0,99.16142557651992
161750,0.0,99.44979367262724
162000,0.0,99.59058341862846
162250,0.0,99.67400162999185
162500,0.0,99.7291807718348
162750,0.0,99.76838448176028
163000,0.0,99.7976732422863
163250,1.6,99.11504424778761
163500,0.0,99.15966386554622
163750,0.0,99.44903581267218
164000,0.0,99.59016393442623
164250,0.0,99.673735725938
164500,0.0,99.7289972899729
164750,0.0,99.76825028968713
165000,0.0,99.79757085020243
165250,1.6,99.11111111111111
165500,0.0,99.1578947368421
165750,0.0,99.44827586206897
166000,0.0,99.58974358974359
166250,0.0,99.67346938775509
166500,0.0,99.72881355932203
166750,0.0,99.76811594202898
167000,0.0,99.79746835443038
167250,1.6,99.10714285714286
167500,0.0,99.15611814345992
167750,0.0,99.4475138121547
168000,0.0,99.58932238193019
168250,0.0,99.67320261437908
168500,0.0,99.72862957937585
168750,0.0,99.76798143851508
169000,0.0,99.79736575481256
169250,1.6,99.10313901345292
169500,0.0,99.15433403805497
169750,0.0,99.44674965421854
170000,0.0,99.58890030832477
170250,0.0,99.67293540474243
170500,0.0,99.72844534962661
170750,0.0,99.76784677887406
171000,0.0,99.79726305119108
171250,1.6,99.09909909909909
171500,0.0,99.15254237288136
171750,0.0,99.44598337950139
172000,0.0,99.58847736625515
172250,0.0,99.67266775777414
172500,0.0,99.72826086956522
172750,0.0,99.76771196283391
173000,0.0,99.79716024340772
173250,1.6,99.09502262443439
173500,0.0,99.15074309978769
173750,0.0,99.44521497919555
174000,0.0,99.58805355303811
174250,0.0,99.67239967239966
174500,0.0,99.72807613868116
174750,0.0,99.76757699012202
175000,0.0,99.7970573313039
175250,1.6,99.0909090909091
175500,0.0,99.14893617021276
175750,0.0,99.44444444444444
176000,0.0,99.58762886597938
176250,0.0,99.672131147541
176500,0.0,99.72789115646259
176750,0.0,99.76744186046511
177000,0.0,99.79695431472081
177250,1.6,99.08675799086758
177500,0.0,99.14712153518124
177750,0.0,99.44367176634215
178000,0.0,99.58720330237358
178250,0.0,99.67186218211648
178500,0.0,99.7277059223962
178750,0.0,99.7673065735893
179000,0.0,99.79685119349924
179250,1.6,99.08256880733946
179500,0.0,99.14529914529915
179750,0.0,99.44289693593315
180000,0.0,99.58677685950413
180250,0.0,99.67159277504105
180500,0.0,99.72752043596729
180750,0.0,99.76717112922002
181000,0.0,99.79674796747967
181250,1.6,99.07834101382488
181500,0.0,99.14346895074947
181750,0.0,99.442119944212
182000,0.0,99.58634953464323
182250,0.0,99.67132292522597
182500,0.0,99.72733469665985
182750,0.0,99.76703552708211
183000,0.0,99.79664463650228
183250,1.6,99.07407407407408
183500,0.0,99.14163090128756
183750,0.0,99.4413407821229
184000,0.0,99.58592132505176
184250,0.0,99.67105263157895
184500,0.0,99.72714870395635
184750,0.0,99.76689976689977
185000,0.0,99.79654120040692
185250,1.6,99.06976744186046
185500,0.0,99.13978494623656
185750,0.0,99.44055944055944
186000,0.0,99.58549222797927
186250,0.0,99.67078189300412
186500,0.0,99.72696245733789
186750,0.0,99.7667638483965
187000,0.0,99.79643765903307
187250,1.6,99.06542056074767
187500,0.0,99.13793103448276
187750,0.0,99.43977591036415
188000,0.0,99.5850622406639
188250,0.0,99.67051070840198
188500,0.0,99.72677595628416
188750,0.0,99.76662777129522
189000,0.0,99.79633401221996
189250,1.6,99.06103286384976
189500,0.0,99.13606911447084
189750,0.0,99.4389901823282
190000,0.0,99.5846313603323
190250,0.0,99.67023907666942
190500,0.0,99.72658920027341
190750,0.0,99.76649153531815
191000,0.0,99.79623025980642
191250,1.6,99.05660377358491
191500,0.0,99.13419913419914
191750,0.0,99.43820224719101
192000,0.0,99.58419958419958
192250,0.0,99.66996699669967
192500,0.0,99.72640218878249
192750,0.0,99.76635514018692
193000,0.0,99.79612640163099
193250,1.6,99.0521327014218
193500,0.0,99.13232104121475
193750,0.0,99.43741209563994
194000,0.0,99.5837669094693
194250,0.0,99.66969446738233
194500,0.0,99.7262149212868
194750,0.0,99.76621858562244
195000,0.0,99.79602243753187
195250,1.6,99.04761904761905
195500,0.0,99.1304347826087
195750,0.0,99.43661971830986
196000,0.0,99.58333333333333
196250,0.0,99.6694214876033
196500,0.0,99.72602739726028
196750,0.0,99.76608187134502
197000,0.0,99.79591836734694
197250,1.6,99.04306220095694
197500,0.0,99.12854030501089
197750,0.0,99.4358251057828
198000,0.0,99.58289885297185
198250,0.0,99.66914805624482
198500,0.0,99.72583961617546
198750,0.0,99.76594499707431
199000,0.0,99.79581419091373
199250,1.6,99.03846153846155
199500,0.0,99.12663755458514
199750,0.0,99.43502824858757
200000,0.0,99.58246346555325
200250,0.0,99.66887417218543
200500,0.0,99.72565157750343
200750,0.0,99.76580796252928
201000,0.0,99.79570990806947
201250,1.6,99.03381642512076
201500,0.0,99.12472647702407
201750,0.0,99.43422913719944
202000,0.0,99.58202716823406
202250,0.0,99.66859983429993
202500,0.0,99.7254632807138
202750,0.0,99.76567076742823
203000,0.0,99.795605518651
203250,1.6,99.02912621359224
203500,0.0,99.12280701754386
203750,0.0,99.43342776203966
204000,0.0,99.581589958159
204250,0.0,99.66832504145937
204500,0.0,99.72527472527473
204750,0.0,99.76553341148886
205000,0.0,99.79550102249489
205250,1.6,99.02439024390245
205500,0.0,99.12087912087912
205750,0.0,99.43262411347517
206000,0.0,99.58115183246073
206250,78.8,99.60317460317461
206500,79.2,94.44444444444444
206750,0.0,69.64285714285714
207000,0.0,94.04761904761905
207250,1.6,98.96907216494846
207500,0.0,99.09909909909909
207750,0.0,99.42363112391931
208000,0.0,99.57627118644068
208250,78.8,99.5987963891675
208500,79.2,94.38314944834504
208750,0.0,70.01003009027082
209000,0.0,95.0852557673019
209250,1.6,99.02439024390245
209500,0.0,99.12087912087912
209750,0.0,99.43262411347517
210000,0.0,99.58115183246073
210250,78.8,99.60317460317461
210500,79.2,94.44444444444444
210750,0.0,69.64285714285714
211000,0.0,94.04761904761905
211250,1.6,98.96907216494846
211500,0.0,99.09909909909909
211750,0.0,99.42363112391931
212000,0.0,99.57627118644068
212250,78.8,99.5987963891675
212500,79.2,94.38314944834504
212750,0.0,70.01003009027082
213000,0.0,95.0852557673019
213250,1.6,99.02439024390245
213500,0.0,99.12087912087912
213750,0.0,99.43262411347517
214000,0.0,99.58115183246073
214250,78.8,99.60317460317461
214500,79.2,94.44444444444444
214750,0.0,69.64285714285714
215000,0.0,94.04761904761905
215250,1.6,98.96907216494846
215500,0.0,99.09909909909909
215750,0.0,99.42363112391931
216000,0.0,99.57627118644068
216250,78.8,99.5987963891675
216500,79.2,94.38314944834504
216750,0.0,70.01003009027082
217000,0.0,95.0852557673019
217250,1.6,99.02439024390245
217500,0.0,99.12087912087912
217750,0.0,99.43262411347517
218000,0.0,99.58115183246073
218250,78.8,99.60317460317461
218500,79.2,94.44444444444444
218750,0.0,69.64285714285714
219000,0.0,94.04761904761905
219250,1.6,98.96907216494846
219500,0.0,99.09909909909909
219750,0.0,99.42363112391931
220000,0.0,99.57627118644068
220250,78.8,99.5987963891675
220500,79.2,94.38314944834504
220750,0.0,70.01003009027082
221000,0.0,95.0852557673019
221250,1.6,99.02439024390245
221500,0.0,99.12087912087912
221750,0.0,99.43262411347517
222000,0.0,99.58115183246073
222250,78.8,99.60317460317461
222500,79.2,94.44444444444444
222750,0.0,69.64285714285714
223000,0.0,94.04761904761905
223250,1.6,98.96907216494846
223500,0.0,99.09909909909909
223750,0.0,99.42363112391931
224000,0.0,99.57627118644068
224250,78.8,99.5987963891675
224500,79.2,94.38314944834504
224750,0.0,70.01003009027082
225000,0.0,95.0852557673019
225250,1.6,99.02439024390245
225500,0.0,99.12087912087912
225750,0.0,99.43262411347517
226000,0.0,99.58115183246073
226250,78.8,99.60317460317461
226500,79.2,94.44444444444444
226750,0.0,69.64285714285714
227000,0.0,94.04761904761905
227250,1.6,98.96907216494846
227500,0.0,99.09909909909909
227750,0.0,99.42363112391931
228000,0.0,99.57627118644068
228250,78.8,99.5987963891675
228500,79.2,94.38314944834504
228750,0.0,70.01003009027082
229000,0.0,95.0852557673019
229250,1.6,99.02439024390245
229500,0.0,99.12087912087912
229750,0.0,99.43262411347517
230000,0.0,99.58115183246073
230250,78.8,99.60317460317461
230500,79.2,94.44444444444444
230750,0.0,69.64285714285714
231000,0.0,94.04761904761905
231250,1.6,98.96907216494846
231500,0.0,99.09909909909909
231750,0.0,99.42363112391931
232000,0.0,99.57627118644068
232250,78.8,99.5987963891675
232500,79.2,94.38314944834504
232750,0.0,70.01003009027082
233000,0.0,95.0852557673019
233250,1.6,99.02439024390245
233500,0.0,99.12087912087912
233750,0.0,99.43262411347517
234000,0.0,99.58115183246073
234250,78.8,99.60317460317461
234500,79.2,94.44444444444444
234750,0.0,69.64285714285714
235000,0.0,94.04761904761905
235250,1.6,98.96907216494846
235500,0.0,99.09909909909909
235750,0.0,99.42363112391931
236000,0.0,99.57627118644068
236250,78.8,99.5987963891675
236500,79.2,94.38314944834504
236750,0.0,70.01003009027082
237000,0.0,95.0852557673019
237250,1.6,99.02439024390245
237500,0.0,99.12087912087912
237750,0.0,99.43262411347517
238000,0.0,99.58115183246073
238250,78.8,99.60317460317461
238500,79.2,94.44444444444444
238750,0.0,69.64285714285714
239000,0.0,94.04761904761905
239250,1.6,98.96907216494846
239500,0.0,99.09909909909909
239750,0.0,99.42363112391931
240000,0.0,99.57627118644068
240250,78.8,99.5987963891675
240500,79.2,94.38314944834504
240750,0.0,70.01003009027082
241000,0.0,95.0852557673019
241250,1.6,99.02439024390245
241500,0.0,99.12087912087912
241750,0.0,99.43262411347517
242000,0.0,99.58115183246073
242250,78.8,99.60317460317461
242500,79.2,94.44444444444444
242750,0.0,69.64285714285714
243000,0.0,94.04761904761905
243250,1.6,98.96907216494846
243500,0.0,99.09909909909909
243750,0.0,99.42363112391931
244000,0.0,99.57627118644068
244250,78.8,99.5987963891675
244500,79.2,94.38314944834504
244750,0.0,70.01003009027082
245000,0.0,95.0852557673019
245250,1.6,99.02439024390245
245500,0.0,99.12087912087912
245750,0.0,99.43262411347517
246000,0.0,99.58115183246073
246250,78.8,99.60317460317461
246500,79.2,94.44444444444444
246750,0.0,69.64285714285714
247000,0.0,94.04761904761905
247250,1.6,98.96907216494846
247500,0.0,99.09909909909909
247750,0.0,99.42363112391931
248000,0.0,99.57627118644068
248250,78.8,99.5987963891675
248500,79.2,94.38314944834504
248750,0.0,70.01003009027082
249000,0.0,95.0852557673019
249250,1.6,99.02439024390245
249500,0.0,99.12087912087912
249750,0.0,99.43262411347517
250000,0.0,99.58115183246073
250250,78.8,99.60317460317461
250500,79.2,94.44444444444444
250750,0.0,69.64285714285714
251000,0.0,94.04761904761905
251250,1.6,98.96907216494846
251500,0.0,99.09909909909909
251750,0.0,99.42363112391931
252000,0.0,99.57627118644068
252250,78.8,99.5987963891675
252500,79.2,94.38314944834504
252750,0.0,70.01003009027082
253000,0.0,95.0852557673019
253250,1.6,99.02439024390245
253500,0.0,99.12087912087912
253750,0.0,99.43262411347517
254000,0.0,99.58115183246073
254250,78.8,99.60317460317461
254500,79.2,94.44444444444444
254750,0.0,69.64285714285714
255000,0.0,94.04761904761905
255250,1.6,98.96907216494846
255500,0.0,99.09909909909909
255750,0.0,99.42363112391931
256000,0.0,99.57627118644068
256250,78.8,99.5987963891675
256500,79.60000000000001,94.48345035105315
256750,0.0,69.90972918756269
257000,0.0,94.98495486459379
257250,1.6,99.01960784313727
257500,0.0,99.11894273127754
257750,0.0,99.43181818181817
258000,0.0,99.58071278825996
258250,0.0,75.0
258500,0.0,98.14814814814815
258750,0.0,99.67105263157895
259000,0.0,99.27797833935018
259250,0.0,98.52216748768473
259500,0.0,99.11699779249447
259750,0.0,100.0
260000,0.0,50.0
260250,0.0,50.0
260500,0.0,98.11320754716981
260750,0.0,99.66996699669967
261000,0.0,99.27667269439421
261250,0.0,98.51485148514851
261500,0.0,99.11504424778761
261750,0.0,99.43019943019942
262000,0.0,99.57983193277312
262250,0.0,99.66722129783693
262500,0.0,99.72451790633609
262750,0.0,99.76498237367802
263000,0.0,99.79508196721312
263250,1.6,99.00497512437812
263500,0.0,99.1130820399113
263750,0.0,99.42938659058488
264000,0.0,99.57939011566772
264250,0.0,99.6669442131557
264500,0.0,99.72432804962095
264750,0.0,99.76484420928865
265000,0.0,99.79497693490518
265250,1.6,99.0
265500,0.0,99.11111111111111
265750,0.0,99.42857142857143
266000,0.0,99.57894736842105
266250,0.0,99.66666666666667
266500,0.0,99.72413793103449
266750,0.0,99.76470588235294
267000,0.0,99.7948717948718
267250,1.6,98.99497487437185
267500,0.0,99.10913140311804
267750,0.0,99.4277539341917
268000,0.0,99.57850368809274
268250,0.0,99.66638865721434
268500,0.0,99.72394755003451
268750,0.0,99.76456739258387
269000,0.0,99.79476654694716
269250,1.6,98.98989898989899
269500,0.0,99.10714285714286
269750,0.0,99.42693409742121
270000,0.0,99.57805907172997
270250,0.0,99.6661101836394
270500,0.0,99.72375690607734
270750,0.0,99.76442873969376
271000,0.0,99.7946611909651
271250,1.6,98.98477157360406
271500,0.0,99.10514541387025
271750,0.0,99.4261119081779
272000,0.0,99.57761351636748
272250,0.0,99.66583124477862
272500,0.0,99.72356599861783
272750,0.0,99.76428992339422
273000,0.0,99.79455572675911
273250,1.6,98.9795918367347
273500,0.0,99.10313901345292
273750,0.0,99.42528735632183
274000,0.0,99.57716701902748
274250,0.0,99.66555183946488
274500,0.0,99.72337482710927
274750,0.0,99.76415094339622
275000,0.0,99.79445015416239
275250,1.6,98.97435897435898
275500,0.0,99.10112359550561
275750,0.0,99.42446043165467
276000,0.0,99.57671957671957
276250,0.0,99.66527196652719
276500,0.0,99.72318339100346
276750,0.0,99.76401179941003
277000,0.0,99.79434447300771
277250,1.6,98.96907216494846
277500,0.0,99.09909909909909
277750,0.0,99.42363112391931
278000,0.0,99.57627118644068
278250,0.0,99.66499162479062
278500,0.0,99.7229916897507
278750,0.0,99.76387249114522
279000,0.0,99.79423868312757
279250,1.6,98.96373056994818
279500,0.0,99.09706546275395
279750,0.0,99.42279942279943
280000,0.0,99.57582184517497
280250,0.0,99.66471081307627
280500,0.0,99.72279972279972
280750,0.0,99.7637330183107
281000,0.0,99.79413278435409
281250,1.6,98.95833333333334
281500,0.0,99.09502262443439
281750,0.0,99.42196531791907
282000,0.0,99.57537154989384
282250,0.0,99.66442953020133
282500,0.0,99.72260748959778
282750,0.0,99.76359338061465
283000,0.0,99.79402677651905
283250,1.6,98.95287958115183
283500,0.0,99.09297052154194
283750,0.0,99.42112879884226
284000,0.0,99.57492029755579
284250,0.0,99.664147774979
284500,0.0,99.72241498959056
284750,0.0,99.76345357776464
285000,0.0,99.79392065945389
285250,1.6,98.94736842105263
285500,0.0,99.0909090909091
285750,0.0,99.42028985507247
286000,0.0,99.57446808510639
286250,0.0,99.66386554621849
286500,0.0,99.72222222222223
286750,0.0,99.76331360946745
287000,0.0,99.79381443298969
287250,1.6,98.94179894179894
287500,0.0,99.08883826879271
287750,0.0,99.41944847605225
288000,0.0,99.57401490947817
288250,0.0,99.66358284272498
288500,0.0,99.72202918693537
288750,0.0,99.76317347542924
289000,0.0,99.79370809695719
289250,1.6,98.93617021276596
289500,0.0,99.08675799086758
289750,0.0,99.4186046511628
290000,0.0,99.57356076759062
290250,0.0,99.66329966329967
290500,0.0,99.72183588317107
290750,0.0,99.76303317535546
291000,0.0,99.79360165118679
291250,1.6,98.93048128342245
291500,0.0,99.08466819221968
291750,0.0,99.41775836972343
292000,0.0,99.57310565635005
292250,0.0,99.66301600673968
292500,0.0,99.72164231036882
292750,0.0,99.7628927089508
293000,0.0,99.79349509550852
293250,1.6,98.9247311827957
293500,0.0,99.08256880733946
293750,0.0,99.41690962099126
294000,0.0,99.57264957264957
294250,0.0,99.6627318718381
294500,0.0,99.72144846796658
294750,0.0,99.76275207591934
295000,0.0,99.79338842975206
295250,1.6,98.91891891891892
295500,0.0,99.08045977011494
295750,0.0,99.41605839416059
296000,0.0,99.57219251336899
296250,0.0,99.66244725738397
296500,0.0,99.7212543554007
296750,0.0,99.7626112759644
297000,0.0,99.79328165374677
297250,1.6,98.91304347826086
297500,0.0,99.07834101382488
297750,0.0,99.41520467836257
298000,0.0,99.57173447537473
298250,0.0,99.66216216216216
298500,0.0,99.72105997210599
298750,0.0,99.7624703087886
299000,0.0,99.79317476732162
299250,1.6,98.90710382513662
299500,0.0,99.07621247113164
299750,0.0,99.41434846266472
300000,0.0,99.57127545551982
300250,0.0,99.66187658495352
300500,0.0,99.7208653175157
300750,0.0,99.76232917409388
301000,0.0,99.79306777030523
301250,1.6,98.9010989010989
301500,0.0,99.07407407407408
301750,0.0,99.41348973607037
302000,0.0,99.57081545064378
302250,0.0,99.66159052453469
302500,0.0,99.72067039106145
302750,0.0,99.76218787158146
303000,0.0,99.79296066252587
303250,1.6,98.89502762430939
303500,0.0,99.07192575406032
303750,0.0,99.41262848751835
304000,0.0,99.5703544575725
304250,0.0,99.66130397967824
304500,0.0,99.72047519217331
304750,0.0,99.7620464009518
305000,0.0,99.7928534438115
305250,1.6,98.88888888888889
305500,0.0,99.06976744186046
305750,0.0,99.41176470588235
306000,0.0,99.56989247311829
