250,0.0,100.0
500,0.0,100.0
750,0.0,100.0
1000,0.0,100.0
1250,0.0,88.0
1500,0.0,73.33333333333333
1750,0.0,62.857142857142854
2000,0.0,55.00000000000001
2250,4.0,62.78538812785388
2500,0.0,73.23568575233023
2750,0.0,87.8594249201278
3000,35.199999999999996,100.0
3250,40.400000000000006,88.7812752219532
3500,0.0,73.87508394895903
3750,0.0,63.25474410580794
4000,0.0,55.30417295123178
4250,4.0,63.182079264790346
4500,0.0,73.77598926894701
4750,0.0,88.638195004029
5000,39.6,100.0
5250,40.400000000000006,88.8529886914378
5500,0.0,73.97444519166106
5750,0.0,73.97444519166106
6000,0.0,73.97444519166106
6250,99.6,73.9247311827957
6500,100.0,73.9247311827957
6750,0.8,73.9247311827957
7000,40.0,73.9247311827957
7250,100.0,73.9247311827957
7500,95.19999999999999,100.0
7750,0.0,100.0
8000,0.0,100.0
8250,99.6,100.0
8500,100.0,100.0
8750,100.0,100.0
9000,100.0,100.0
9250,40.0,100.0
9500,0.0,100.0
9750,0.0,100.0
10000,0.0,100.0
10250,99.6,100.0
10500,100.0,100.0
10750,100.0,100.0
11000,100.0,100.0
11250,40.0,100.0
11500,0.0,100.0
11750,0.0,100.0
12000,0.0,100.0
12250,99.6,100.0
12500,100.0,100.0
12750,100.0,100.0
13000,100.0,100.0
13250,35.6,88.0
13500,0.0,73.33333333333333
13750,0.0,62.857142857142854
14000,0.0,55.00000000000001
14250,99.6,54.97251374312844
14500,100.0,54.97251374312844
14750,100.0,54.97251374312844
15000,100.0,54.97251374312844
15250,35.6,54.97251374312844
15500,0.0,54.97251374312844
15750,0.0,54.97251374312844
16000,4.0,54.97251374312844
16250,100.0,100.0
16500,100.0,100.0
16750,100.0,100.0
17000,100.0,100.0
17250,40.0,100.0
17500,0.0,100.0
17750,0.0,100.0
18000,0.0,100.0
18250,99.6,100.0
18500,100.0,100.0
18750,100.0,100.0
19000,100.0,100.0
19250,35.6,88.0
19500,0.0,73.33333333333333
19750,0.0,62.857142857142854
20000,0.0,55.00000000000001
20250,99.6,54.97251374312844
20500,100.0,54.97251374312844
20750,100.0,54.97251374312844
21000,100.0,54.97251374312844
21250,35.6,54.97251374312844
21500,0.0,54.97251374312844
21750,0.0,54.97251374312844
22000,4.0,54.97251374312844
22250,100.0,100.0
22500,100.0,100.0
22750,100.0,100.0
23000,100.0,100.0
23250,40.0,100.0
23500,0.0,100.0
23750,0.0,100.0
24000,0.0,100.0
24250,99.6,100.0
24500,100.0,100.0
24750,100.0,100.0
25000,100.0,100.0
25250,35.6,88.0
25500,0.0,73.33333333333333
25750,0.0,62.857142857142854
26000,0.0,55.00000000000001
26250,99.6,54.97251374312844
26500,100.0,54.97251374312844
26750,100.0,54.97251374312844
27000,100.0,54.97251374312844
27250,35.6,54.97251374312844
27500,0.0,54.97251374312844
27750,0.0,54.97251374312844
28000,4.0,54.97251374312844
28250,100.0,100.0
28500,100.0,100.0
28750,100.0,100.0
29000,100.0,100.0
29250,40.0,100.0
29500,0.0,100.0
29750,0.0,100.0
30000,0.0,100.0
30250,99.6,100.0
30500,100.0,100.0
30750,100.0,100.0
31000,100.0,100.0
31250,35.6,88.0
31500,0.0,73.33333333333333
31750,0.0,62.857142857142854
32000,0.0,55.00000000000001
32250,99.6,54.97251374312844
32500,100.0,54.97251374312844
32750,100.0,54.97251374312844
33000,100.0,54.97251374312844
33250,35.6,54.97251374312844
33500,0.0,54.97251374312844
33750,0.0,54.97251374312844
34000,4.0,54.97251374312844
34250,100.0,100.0
34500,100.0,100.0
34750,100.0,100.0
35000,100.0,100.0
35250,40.0,100.0
35500,0.0,100.0
35750,0.0,100.0
36000,0.0,100.0
36250,99.6,100.0
36500,100.0,100.0
36750,100.0,100.0
37000,100.0,100.0
37250,35.6,88.0
37500,0.0,73.33333333333333
37750,0.0,62.857142857142854
38000,0.0,55.00000000000001
38250,99.6,54.97251374312844
38500,100.0,54.97251374312844
38750,100.0,54.97251374312844
39000,100.0,54.97251374312844
39250,35.6,54.97251374312844
39500,0.0,54.97251374312844
39750,0.0,54.97251374312844
40000,4.0,54.97251374312844
40250,100.0,100.0
40500,100.0,100.0
40750,100.0,100.0
41000,100.0,100.0
41250,40.0,100.0
41500,0.0,100.0
41750,0.0,100.0
42000,0.0,100.0
42250,99.6,100.0
42500,100.0,100.0
42750,100.0,100.0
43000,100.0,100.0
43250,40.0,88.0
43500,0.0,73.33333333333333
43750,0.0,62.857142857142854
44000,0.0,55.00000000000001
44250,99.6,54.97251374312844
44500,100.0,54.97251374312844
44750,100.0,54.97251374312844
45000,100.0,54.97251374312844
45250,35.6,54.97251374312844
45500,0.0,54.97251374312844
45750,0.0,54.97251374312844
46000,4.0,54.97251374312844
46250,100.0,100.0
46500,100.0,100.0
46750,100.0,100.0
47000,100.0,100.0
47250,40.0,100.0
47500,0.0,100.0
47750,0.0,100.0
48000,0.0,100.0
48250,99.6,100.0
48500,100.0,100.0
48750,100.0,100.0
49000,100.0,100.0
49250,40.0,88.0
49500,0.0,73.33333333333333
49750,0.0,62.857142857142854
50000,0.0,55.00000000000001
50250,99.6,54.97251374312844
50500,100.0,54.97251374312844
50750,100.0,54.97251374312844
51000,100.0,54.97251374312844
51250,35.6,54.97251374312844
51500,0.0,54.97251374312844
51750,0.0,54.97251374312844
52000,4.0,54.97251374312844
52250,100.0,100.0
52500,100.0,100.0
52750,100.0,100.0
53000,100.0,100.0
53250,40.400000000000006,100.0
53500,0.0,100.0
53750,0.0,100.0
54000,0.0,100.0
54250,0.0,100.0
54500,0.0,100.0
54750,0.0,100.0
55000,0.0,100.0
55250,0.0,100.0
55500,0.0,100.0
55750,0.0,100.0
56000,0.0,100.0
56250,0.0,100.0
56500,0.0,100.0
56750,0.0,87.78930566640064
57000,0.0,73.18695941450433
57250,0.0,62.74957216200798
57500,0.8,54.97251374312844
57750,0.4,62.57110352673493
58000,2.8000000000000003,54.97251374312844
58250,0.4,100.0
58500,0.0,100.0
58750,0.0,87.8594249201278
59000,0.0,73.23568575233023
59250,0.0,62.78538812785388
59500,0.4,54.97251374312844
59750,0.8,62.606715993170184
60000,2.4,54.97251374312844
60250,0.8,100.0
60500,0.0,100.0
60750,0.0,87.92965627498002
61000,0.0,73.28447701532312
61250,0.0,62.821245002855505
61500,0.0,54.97251374312844
61750,1.2,62.64236902050114
62000,2.0,54.97251374312844
62250,1.2,100.0
62500,0.0,100.0
62750,0.0,88.0
63000,0.0,73.33333333333333
63250,0.0,62.857142857142854
63500,0.0,55.00000000000001
63750,1.2,62.67806267806267
64000,1.6,54.97251374312844
64250,1.6,100.0
64500,0.0,100.0
64750,0.0,88.07045636509207
65000,0.0,73.3822548365577
65250,0.0,62.893081761006286
65500,0.0,55.02751375687844
65750,1.2,62.713797035347774
66000,1.2,54.97251374312844
66250,2.0,100.0
66500,0.0,100.0
66750,0.0,88.14102564102564
67000,0.0,73.43124165554073
67250,0.0,62.92906178489702
67500,0.0,55.05505505505506
67750,1.2,62.74957216200798
68000,0.8,54.97251374312844
68250,2.4,100.0
68500,0.0,100.0
68750,0.0,88.21170809943865
69000,0.0,73.48029392117569
69250,0.0,62.965082999427594
69500,0.0,55.082623935903854
69750,1.2,62.78538812785388
70000,0.4,54.97251374312844
70250,2.8000000000000003,100.0
70500,0.0,100.0
70750,0.0,88.28250401284109
71000,0.0,73.52941176470588
71250,0.0,63.001145475372276
71500,0.0,55.11022044088176
71750,1.2,62.821245002855505
72000,0.0,54.97251374312844
72250,3.2,100.0
72500,0.0,100.0
72750,0.0,88.35341365461848
73000,0.0,73.57859531772574
73250,0.0,63.03724928366762
73500,0.0,55.13784461152882
73750,1.2,62.857142857142854
74000,0.0,55.00000000000001
74250,3.2,100.0
74500,0.0,100.0
74750,0.0,88.42443729903538
75000,0.0,73.62784471218207
75250,0.0,63.07339449541285
75500,0.0,55.1654964894684
75750,1.2,62.893081761006286
76000,0.0,55.02751375687844
76250,3.2,100.0
76500,0.0,100.0
76750,0.0,88.49557522123894
77000,0.0,73.67716008037507
77250,0.0,63.10958118187033
77500,0.0,55.19317611640743
77750,1.2,62.92906178489702
78000,0.0,55.05505505505506
78250,3.2,100.0
78500,0.0,100.0
78750,0.0,88.56682769726248
79000,0.0,73.7265415549598
79250,0.0,63.145809414466136
79500,0.0,55.22088353413655
79750,1.2,62.965082999427594
80000,0.0,55.082623935903854
80250,3.2,100.0
80500,0.0,100.0
80750,0.0,88.638195004029
81000,0.0,73.77598926894701
81250,0.0,63.182079264790346
81500,0.0,55.24861878453039
81750,1.2,63.001145475372276
82000,0.0,55.11022044088176
82250,3.2,100.0
82500,0.0,100.0
82750,0.0,88.70967741935483
83000,0.0,73.8255033557047
83250,0.0,63.2183908045977
83500,0.0,55.27638190954774
83750,1.2,63.03724928366762
84000,0.0,55.13784461152882
84250,3.2,100.0
84500,0.0,100.0
84750,0.0,88.7812752219532
85000,0.0,73.87508394895903
85250,0.0,63.25474410580794
85500,0.0,55.30417295123178
85750,1.2,63.07339449541285
86000,0.0,55.1654964894684
86250,3.2,100.0
86500,0.0,100.0
86750,0.0,88.8529886914378
87000,0.0,73.9247311827957
87250,0.0,63.29113924050633
87500,0.0,55.33199195171026
87750,1.2,63.10958118187033
88000,0.0,55.19317611640743
88250,3.2,100.0
88500,0.0,100.0
88750,0.0,88.9248181083266
89000,0.0,73.97444519166106
89250,0.0,63.32757628094415
89500,0.0,55.35983895319577
89750,1.2,63.145809414466136
90000,0.0,55.22088353413655
90250,3.2,100.0
90500,0.0,100.0
90750,0.0,88.9967637540453
91000,0.0,74.02422611036339
91250,0.0,63.36405529953917
91500,0.0,55.3877139979859
91750,1.2,63.182079264790346
92000,0.0,55.24861878453039
92250,3.2,100.0
92500,0.0,100.0
92750,0.0,89.06882591093117
93000,0.0,74.07407407407408
93250,0.0,63.40057636887608
93500,0.0,55.41561712846348
93750,1.2,63.2183908045977
94000,0.0,55.27638190954774
94250,3.2,100.0
94500,0.0,100.0
94750,0.0,89.14100486223663
95000,0.0,74.12398921832884
95250,0.0,63.437139561707035
95500,0.0,55.443548387096776
95750,1.2,63.25474410580794
96000,0.0,55.30417295123178
96250,3.2,100.0
96500,0.0,100.0
96750,0.0,89.213300892133
97000,0.0,74.173971679029
97250,0.0,63.4737449509521
97500,0.0,55.47150781643973
97750,1.2,63.29113924050633
98000,0.0,55.33199195171026
98250,3.2,100.0
98500,0.0,100.0
98750,0.0,89.28571428571429
99000,0.0,74.22402159244264
99250,0.0,63.51039260969977
99500,0.0,55.499495459132184
99750,1.2,63.32757628094415
100000,0.0,55.35983895319577
100250,3.2,100.0
100500,0.0,100.0
100750,0.0,89.35824532900081
101000,0.0,74.27413909520594
101250,0.0,63.547082611207394
101500,0.0,55.52751135790005
101750,1.2,63.36405529953917
102000,0.0,55.3877139979859
102250,3.2,100.0
102500,0.0,100.0
102750,0.0,89.43089430894308
103000,0.0,74.32432432432432
103250,0.0,63.58381502890174
103500,0.0,55.55555555555556
103750,1.2,63.40057636887608
104000,0.0,55.41561712846348
104250,92.4,100.0
104500,100.0,100.0
104750,100.0,100.0
105000,100.0,100.0
105250,50.4,90.09009009009009
105500,0.0,74.77906186267845
105750,0.0,63.91632771644393
106000,0.0,55.80923389142567
106250,89.2,55.05505505505506
106500,100.0,55.05505505505506
106750,100.0,55.05505505505506
107000,100.0,55.05505505505506
107250,46.0,55.05505505505506
107500,0.0,55.05505505505506
107750,1.2,55.05505505505506
108000,0.0,55.05505505505506
108250,92.4,100.0
108500,100.0,100.0
108750,100.0,100.0
109000,100.0,100.0
109250,50.4,90.09009009009009
109500,0.0,74.77906186267845
109750,0.0,63.91632771644393
110000,0.0,55.80923389142567
110250,89.2,55.05505505505506
110500,100.0,55.05505505505506
110750,100.0,55.05505505505506
111000,100.0,55.05505505505506
111250,46.0,55.05505505505506
111500,0.0,55.05505505505506
111750,1.2,55.05505505505506
112000,0.0,55.05505505505506
112250,92.4,100.0
112500,100.0,100.0
112750,100.0,100.0
113000,100.0,100.0
113250,50.4,90.09009009009009
113500,0.0,74.77906186267845
113750,0.0,63.91632771644393
114000,0.0,55.80923389142567
114250,89.2,55.05505505505506
114500,100.0,55.05505505505506
114750,100.0,55.05505505505506
115000,100.0,55.05505505505506
115250,46.0,55.05505505505506
115500,0.0,55.05505505505506
115750,1.2,55.05505505505506
116000,0.0,55.05505505505506
116250,92.4,100.0
116500,100.0,100.0
116750,100.0,100.0
117000,100.0,100.0
117250,50.4,90.09009009009009
117500,0.0,74.77906186267845
117750,0.0,63.91632771644393
118000,0.0,55.80923389142567
118250,89.2,55.05505505505506
118500,100.0,55.05505505505506
118750,100.0,55.05505505505506
119000,100.0,55.05505505505506
119250,46.0,55.05505505505506
119500,0.0,55.05505505505506
119750,1.2,55.05505505505506
120000,0.0,55.05505505505506
120250,92.4,100.0
120500,100.0,100.0
120750,100.0,100.0
121000,100.0,100.0
121250,50.4,90.09009009009009
121500,0.0,74.77906186267845
121750,0.0,63.91632771644393
122000,0.0,55.80923389142567
122250,89.2,55.05505505505506
122500,100.0,55.05505505505506
122750,100.0,55.05505505505506
123000,100.0,55.05505505505506
123250,46.0,55.05505505505506
123500,0.0,55.05505505505506
123750,1.2,55.05505505505506
124000,0.0,55.05505505505506
124250,92.4,100.0
124500,100.0,100.0
124750,100.0,100.0
125000,100.0,100.0
125250,50.4,90.09009009009009
125500,0.0,74.77906186267845
125750,0.0,63.91632771644393
126000,0.0,55.80923389142567
126250,89.2,55.05505505505506
126500,100.0,55.05505505505506
126750,100.0,55.05505505505506
127000,100.0,55.05505505505506
127250,46.0,55.05505505505506
127500,0.0,55.05505505505506
127750,1.2,55.05505505505506
128000,0.0,55.05505505505506
128250,92.4,100.0
128500,100.0,100.0
128750,100.0,100.0
129000,100.0,100.0
129250,50.4,90.09009009009009
129500,0.0,74.77906186267845
129750,0.0,63.91632771644393
130000,0.0,55.80923389142567
130250,89.2,55.05505505505506
130500,100.0,55.05505505505506
130750,100.0,55.05505505505506
131000,100.0,55.05505505505506
131250,46.0,55.05505505505506
131500,0.0,55.05505505505506
131750,1.2,55.05505505505506
132000,0.0,55.05505505505506
132250,92.4,100.0
132500,100.0,100.0
132750,100.0,100.0
133000,100.0,100.0
133250,50.4,90.09009009009009
133500,0.0,74.77906186267845
133750,0.0,63.91632771644393
134000,0.0,55.80923389142567
134250,89.2,55.05505505505506
134500,100.0,55.05505505505506
134750,100.0,55.05505505505506
135000,100.0,55.05505505505506
135250,46.0,55.05505505505506
135500,0.0,55.05505505505506
135750,1.2,55.05505505505506
136000,0.0,55.05505505505506
136250,92.4,100.0
136500,100.0,100.0
136750,100.0,100.0
137000,100.0,100.0
137250,50.4,90.09009009009009
137500,0.0,74.77906186267845
137750,0.0,63.91632771644393
138000,0.0,55.80923389142567
138250,89.2,55.05505505505506
138500,100.0,55.05505505505506
138750,100.0,55.05505505505506
139000,100.0,55.05505505505506
139250,46.0,55.05505505505506
139500,0.0,55.05505505505506
139750,1.2,55.05505505505506
140000,0.0,55.05505505505506
140250,92.4,100.0
140500,100.0,100.0
140750,100.0,100.0
141000,100.0,100.0
141250,50.4,90.09009009009009
141500,0.0,74.77906186267845
141750,0.0,63.91632771644393
142000,0.0,55.80923389142567
142250,89.2,55.05505505505506
142500,100.0,55.05505505505506
142750,100.0,55.05505505505506
143000,100.0,55.05505505505506
143250,46.0,55.05505505505506
143500,0.0,55.05505505505506
143750,1.2,55.05505505505506
144000,0.0,55.05505505505506
144250,92.4,100.0
144500,100.0,100.0
144750,100.0,100.0
145000,100.0,100.0
145250,50.4,90.09009009009009
145500,0.0,74.77906186267845
145750,0.0,63.91632771644393
146000,0.0,55.80923389142567
146250,89.2,55.05505505505506
146500,100.0,55.05505505505506
146750,100.0,55.05505505505506
147000,100.0,55.05505505505506
147250,46.0,55.05505505505506
147500,0.0,55.05505505505506
147750,1.2,55.05505505505506
148000,0.0,55.05505505505506
148250,92.4,100.0
148500,100.0,100.0
148750,100.0,100.0
149000,100.0,100.0
149250,50.4,90.09009009009009
149500,0.0,74.77906186267845
149750,0.0,63.91632771644393
150000,0.0,55.80923389142567
150250,89.2,55.05505505505506
150500,100.0,55.05505505505506
150750,100.0,55.05505505505506
151000,100.0,55.05505505505506
151250,46.0,55.05505505505506
151500,0.0,55.05505505505506
151750,1.2,55.05505505505506
152000,0.0,55.05505505505506
152250,92.4,100.0
152500,100.0,100.0
152750,100.0,100.0
153000,100.0,100.0
153250,50.4,90.09009009009009
153500,0.0,74.77906186267845
153750,0.0,63.91632771644393
154000,0.0,55.80923389142567
154250,89.2,55.05505505505506
154500,100.0,55.05505505505506
154750,100.0,55.05505505505506
155000,100.0,55.05505505505506
155250,46.400000000000006,55.05505505505506
155500,0.0,55.05505505505506
155750,1.2,55.05505505505506
156000,0.0,55.05505505505506
156250,3.2,100.0
156500,0.0,100.0
156750,0.0,89.57654723127035
157000,0.0,74.42489851150202
157250,0.0,63.657407407407405
157500,0.0,55.61172901921132
157750,1.2,63.4737449509521
158000,0.0,55.47150781643973
158250,3.2,100.0
158500,0.0,100.0
158750,0.0,89.64955175224124
159000,0.0,74.47528774542992
159250,0.0,63.69426751592356
159500,0.0,55.639858371269604
159750,1.2,63.51039260969977
160000,0.0,55.499495459132184
160250,3.2,100.0
160500,0.0,100.0
160750,0.0,89.72267536704732
161000,0.0,74.52574525745257
161250,0.0,63.73117033603708
161500,0.0,55.66801619433198
161750,1.2,63.547082611207394
162000,0.0,55.52751135790005
162250,3.2,100.0
162500,0.0,100.0
162750,0.0,89.79591836734694
163000,0.0,74.57627118644068
163250,0.0,63.76811594202898
163500,0.0,55.69620253164557
163750,1.2,63.58381502890174
164000,0.0,55.55555555555556
164250,3.2,100.0
164500,0.0,100.0
164750,0.0,89.86928104575163
165000,0.0,74.6268656716418
165250,0.0,63.80510440835266
165500,0.0,55.72441742654508
165750,1.2,63.62058993637941
166000,0.0,55.58362809499747
166250,3.2,100.0
166500,0.0,100.0
166750,0.0,89.94276369582992
167000,0.0,74.6775288526816
167250,0.0,63.84213580963436
167500,0.0,55.75266092245311
167750,1.2,63.657407407407405
168000,0.0,55.61172901921132
168250,3.2,100.0
168500,0.0,100.0
168750,0.0,90.0163666121113
169000,0.0,74.72826086956522
169250,0.0,63.879210220673635
169500,0.0,55.78093306288032
169750,1.2,63.69426751592356
170000,0.0,55.639858371269604
170250,3.2,100.0
170500,0.0,100.0
170750,0.0,90.09009009009009
171000,0.0,74.77906186267845
171250,0.0,63.91632771644393
171500,0.0,55.80923389142567
171750,1.2,63.73117033603708
172000,0.0,55.66801619433198
172250,3.2,100.0
172500,0.0,100.0
172750,0.0,90.1639344262295
173000,0.0,74.82993197278913
173250,0.0,63.95348837209303
173500,0.0,55.83756345177665
173750,1.2,63.76811594202898
174000,0.0,55.69620253164557
174250,3.2,100.0
174500,0.0,100.0
174750,0.0,90.23789991796555
175000,0.0,74.88087134104833
175250,0.0,63.99069226294357
175500,0.0,55.865921787709496
175750,1.2,63.80510440835266
176000,0.0,55.72441742654508
176250,3.2,100.0
176500,0.0,100.0
176750,0.0,90.311986863711
177000,0.0,74.93188010899182
177250,0.0,64.0279394644936
177500,0.0,55.894308943089435
177750,1.2,63.84213580963436
178000,0.0,55.75266092245311
178250,3.2,100.0
178500,0.0,100.0
178750,0.0,90.3861955628595
179000,0.0,74.98295841854124
179250,0.0,64.06523005241701
179500,0.0,55.92272496187087
179750,1.2,63.879210220673635
180000,0.0,55.78093306288032
180250,3.2,100.0
180500,0.0,100.0
180750,0.0,90.46052631578947
181000,0.0,75.03410641200546
181250,0.0,64.1025641025641
181500,0.0,55.95116988809766
181750,1.2,63.91632771644393
182000,0.0,55.80923389142567
182250,3.2,100.0
182500,0.0,100.0
182750,0.0,90.53497942386831
183000,0.0,75.0853242320819
183250,0.0,64.1399416909621
183500,0.0,55.97964376590331
183750,1.2,63.95348837209303
184000,0.0,55.83756345177665
184250,3.2,100.0
184500,0.0,100.0
184750,0.0,90.60955518945634
185000,0.0,75.13661202185791
185250,0.0,64.17736289381564
185500,0.0,56.0081466395112
185750,1.2,63.99069226294357
186000,0.0,55.865921787709496
186250,3.2,100.0
186500,0.0,100.0
186750,0.0,90.68425391591096
187000,0.0,75.18796992481202
187250,0.0,64.2148277875073
187500,0.0,56.03667855323484
187750,1.2,64.0279394644936
188000,0.0,55.894308943089435
188250,3.2,100.0
188500,0.0,100.0
188750,0.0,90.75907590759076
189000,0.0,75.23939808481532
189250,0.0,64.25233644859813
189500,0.0,56.065239551478086
189750,1.2,64.06523005241701
190000,0.0,55.92272496187087
190250,3.2,100.0
190500,0.0,100.0
190750,0.0,90.83402146985962
191000,0.0,75.2908966461328
191250,0.0,64.28988895382817
191500,0.0,56.09382967873534
191750,1.2,64.1025641025641
192000,0.0,55.95116988809766
192250,3.2,100.0
192500,0.0,100.0
192750,0.0,90.9090909090909
193000,0.0,75.34246575342466
193250,0.0,64.32748538011695
193500,0.0,56.12244897959183
193750,1.2,64.1399416909621
194000,0.0,55.97964376590331
194250,3.2,100.0
194500,0.0,100.0
194750,0.0,90.98428453267164
195000,0.0,75.39410555174777
195250,0.0,64.36512580456407
195500,0.0,56.151097498723836
195750,1.2,64.17736289381564
196000,0.0,56.0081466395112
196250,3.2,100.0
196500,0.0,100.0
196750,0.0,91.05960264900662
197000,0.0,75.44581618655693
197250,0.0,64.40281030444966
197500,0.0,56.17977528089888
197750,1.2,64.2148277875073
198000,0.0,56.03667855323484
198250,3.2,100.0
198500,0.0,100.0
198750,0.0,91.13504556752278
199000,0.0,75.49759780370626
199250,0.0,64.44053895723492
199500,0.0,56.208482370975986
199750,1.2,64.25233644859813
200000,0.0,56.065239551478086
200250,3.2,100.0
200500,0.0,100.0
200750,0.0,91.21061359867329
201000,0.0,75.54945054945054
201250,0.0,64.47831184056272
201500,0.0,56.23721881390593
201750,1.2,64.28988895382817
202000,0.0,56.09382967873534
202250,3.2,100.0
202500,0.0,100.0
202750,0.0,91.28630705394191
203000,0.0,75.60137457044674
203250,0.0,64.51612903225806
203500,0.0,56.26598465473146
203750,1.2,64.32748538011695
204000,0.0,56.12244897959183
204250,3.2,100.0
204500,0.0,100.0
204750,0.0,91.36212624584718
205000,0.0,75.65337001375516
205250,0.0,64.55399061032864
205500,0.0,56.29477993858751
205750,1.2,64.36512580456407
206000,0.0,56.151097498723836
206250,82.0,100.0
206500,100.0,100.0
206750,100.0,100.0
207000,100.0,100.0
207250,60.8,92.05020920502092
207500,0.0,76.12456747404845
207750,0.0,64.89675516224189
208000,0.0,56.555269922879184
208250,78.8,55.05505505505506
208500,100.0,55.05505505505506
208750,100.0,55.05505505505506
209000,100.0,55.05505505505506
209250,56.39999999999999,55.05505505505506
209500,0.0,55.05505505505506
209750,1.2,55.05505505505506
210000,0.0,55.05505505505506
210250,82.0,100.0
210500,100.0,100.0
210750,100.0,100.0
211000,100.0,100.0
211250,60.8,92.05020920502092
211500,0.0,76.12456747404845
211750,0.0,64.89675516224189
212000,0.0,56.555269922879184
212250,78.8,55.05505505505506
212500,100.0,55.05505505505506
212750,100.0,55.05505505505506
213000,100.0,55.05505505505506
213250,56.39999999999999,55.05505505505506
213500,0.0,55.05505505505506
213750,1.2,55.05505505505506
214000,0.0,55.05505505505506
214250,82.0,100.0
214500,100.0,100.0
214750,100.0,100.0
215000,100.0,100.0
215250,60.8,92.05020920502092
215500,0.0,76.12456747404845
215750,0.0,64.89675516224189
216000,0.0,56.555269922879184
216250,78.8,55.05505505505506
216500,100.0,55.05505505505506
216750,100.0,55.05505505505506
217000,100.0,55.05505505505506
217250,56.39999999999999,55.05505505505506
217500,0.0,55.05505505505506
217750,1.2,55.05505505505506
218000,0.0,55.05505505505506
218250,82.0,100.0
218500,100.0,100.0
218750,100.0,100.0
219000,100.0,100.0
219250,60.8,92.05020920502092
219500,0.0,76.12456747404845
219750,0.0,64.89675516224189
220000,0.0,56.555269922879184
220250,78.8,55.05505505505506
220500,100.0,55.05505505505506
220750,100.0,55.05505505505506
221000,100.0,55.05505505505506
221250,56.39999999999999,55.05505505505506
221500,0.0,55.05505505505506
221750,1.2,55.05505505505506
222000,0.0,55.05505505505506
222250,82.0,100.0
222500,100.0,100.0
222750,100.0,100.0
223000,100.0,100.0
223250,60.8,92.05020920502092
223500,0.0,76.12456747404845
223750,0.0,64.89675516224189
224000,0.0,56.555269922879184
224250,78.8,55.05505505505506
224500,100.0,55.05505505505506
224750,100.0,55.05505505505506
225000,100.0,55.05505505505506
225250,56.39999999999999,55.05505505505506
225500,0.0,55.05505505505506
225750,1.2,55.05505505505506
226000,0.0,55.05505505505506
226250,82.0,100.0
226500,100.0,100.0
226750,100.0,100.0
227000,100.0,100.0
227250,60.8,92.05020920502092
227500,0.0,76.12456747404845
227750,0.0,64.89675516224189
228000,0.0,56.555269922879184
228250,78.8,55.05505505505506
228500,100.0,55.05505505505506
228750,100.0,55.05505505505506
229000,100.0,55.05505505505506
229250,56.39999999999999,55.05505505505506
229500,0.0,55.05505505505506
229750,1.2,55.05505505505506
230000,0.0,55.05505505505506
230250,82.0,100.0
230500,100.0,100.0
230750,100.0,100.0
231000,100.0,100.0
231250,60.8,92.05020920502092
231500,0.0,76.12456747404845
231750,0.0,64.89675516224189
232000,0.0,56.555269922879184
232250,78.8,55.05505505505506
232500,100.0,55.05505505505506
232750,100.0,55.05505505505506
233000,100.0,55.05505505505506
233250,56.39999999999999,55.05505505505506
233500,0.0,55.05505505505506
233750,1.2,55.05505505505506
234000,0.0,55.05505505505506
234250,82.0,100.0
234500,100.0,100.0
234750,100.0,100.0
235000,100.0,100.0
235250,60.8,92.05020920502092
235500,0.0,76.12456747404845
235750,0.0,64.89675516224189
236000,0.0,56.555269922879184
236250,78.8,55.05505505505506
236500,100.0,55.05505505505506
236750,100.0,55.05505505505506
237000,100.0,55.05505505505506
237250,56.39999999999999,55.05505505505506
237500,0.0,55.05505505505506
237750,1.2,55.05505505505506
238000,0.0,55.05505505505506
238250,82.0,100.0
238500,100.0,100.0
238750,100.0,100.0
239000,100.0,100.0
239250,60.8,92.05020920502092
239500,0.0,76.12456747404845
239750,0.0,64.89675516224189
240000,0.0,56.555269922879184
240250,78.8,55.05505505505506
240500,100.0,55.05505505505506
240750,100.0,55.05505505505506
241000,100.0,55.05505505505506
241250,56.39999999999999,55.05505505505506
241500,0.0,55.05505505505506
241750,1.2,55.05505505505506
242000,0.0,55.05505505505506
242250,82.0,100.0
242500,100.0,100.0
242750,100.0,100.0
243000,100.0,100.0
243250,60.8,92.05020920502092
243500,0.0,76.12456747404845
243750,0.0,64.89675516224189
244000,0.0,56.555269922879184
244250,78.8,55.05505505505506
244500,100.0,55.05505505505506
244750,100.0,55.05505505505506
245000,100.0,55.05505505505506
245250,56.39999999999999,55.05505505505506
245500,0.0,55.05505505505506
245750,1.2,55.05505505505506
246000,0.0,55.05505505505506
246250,82.0,100.0
246500,100.0,100.0
246750,100.0,100.0
247000,100.0,100.0
247250,60.8,92.05020920502092
247500,0.0,76.12456747404845
247750,0.0,64.89675516224189
248000,0.0,56.555269922879184
248250,78.8,55.05505505505506
248500,100.0,55.05505505505506
248750,100.0,55.05505505505506
249000,100.0,55.05505505505506
249250,56.39999999999999,55.05505505505506
249500,0.0,55.05505505505506
249750,1.2,55.05505505505506
250000,0.0,55.05505505505506
250250,82.0,100.0
250500,100.0,100.0
250750,100.0,100.0
251000,100.0,100.0
251250,60.8,92.05020920502092
251500,0.0,76.12456747404845
251750,0.0,64.89675516224189
252000,0.0,56.555269922879184
252250,78.8,55.05505505505506
252500,100.0,55.05505505505506
252750,100.0,55.05505505505506
253000,100.0,55.05505505505506
253250,56.39999999999999,55.05505505505506
253500,0.0,55.05505505505506
253750,1.2,55.05505505505506
254000,0.0,55.05505505505506
254250,82.0,100.0
254500,100.0,100.0
254750,100.0,100.0
255000,100.0,100.0
255250,60.8,92.05020920502092
255500,0.0,76.12456747404845
255750,0.0,64.89675516224189
256000,0.0,56.555269922879184
256250,78.8,55.05505505505506
256500,100.0,55.05505505505506
256750,100.0,55.05505505505506
257000,100.0,55.05505505505506
257250,56.8,55.05505505505506
257500,0.0,55.05505505505506
257750,1.2,55.05505505505506
258000,0.0,55.05505505505506
258250,3.2,100.0
258500,0.0,100.0
258750,0.0,91.51414309484193
259000,0.0,75.75757575757575
259250,0.0,64.6298472385429
259500,0.0,56.35245901639344
259750,1.2,64.44053895723492
260000,0.0,56.208482370975986
260250,3.2,100.0
260500,0.0,100.0
260750,0.0,91.59034138218152
261000,0.0,75.80978635423845
261250,0.0,64.66784244562022
261500,0.0,56.38134290107637
261750,1.2,64.47831184056272
262000,0.0,56.23721881390593
262250,3.2,100.0
262500,0.0,100.0
262750,0.0,91.66666666666666
263000,0.0,75.86206896551724
263250,0.0,64.70588235294117
263500,0.0,56.41025641025641
263750,1.2,64.51612903225806
264000,0.0,56.26598465473146
264250,3.2,100.0
264500,0.0,100.0
264750,0.0,91.74311926605505
265000,0.0,75.9144237405107
265250,0.0,64.74396703943496
265500,0.0,56.4391995895331
265750,1.2,64.55399061032864
266000,0.0,56.29477993858751
266250,3.2,100.0
266500,0.0,100.0
266750,0.0,91.81969949916528
267000,0.0,75.96685082872928
267250,0.0,64.78209658421673
267500,0.0,56.46817248459959
267750,1.2,64.59189665296535
268000,0.0,56.32360471070148
268250,3.2,100.0
268500,0.0,100.0
268750,0.0,91.89640768588137
269000,0.0,76.01935038009675
269250,0.0,64.82027106658809
269500,0.0,56.49717514124294
269750,1.2,64.6298472385429
270000,0.0,56.35245901639344
270250,3.2,100.0
270500,0.0,100.0
270750,0.0,91.9732441471572
271000,0.0,76.07192254495159
271250,0.0,64.85849056603774
271500,0.0,56.52620760534429
271750,1.2,64.66784244562022
272000,0.0,56.38134290107637
272250,3.2,100.0
272500,0.0,100.0
272750,0.0,92.05020920502092
273000,0.0,76.12456747404845
273250,0.0,64.89675516224189
273500,0.0,56.555269922879184
273750,1.2,64.70588235294117
274000,0.0,56.41025641025641
274250,3.2,100.0
274500,0.0,100.0
274750,0.0,92.12730318257957
275000,0.0,76.17728531855957
275250,0.0,64.93506493506493
275500,0.0,56.5843621399177
275750,1.2,64.74396703943496
276000,0.0,56.4391995895331
276250,3.2,100.0
276500,0.0,100.0
276750,0.0,92.20452640402347
277000,0.0,76.23007623007622
277250,0.0,64.97341996455995
277500,0.0,56.613484302624805
277750,1.2,64.78209658421673
278000,0.0,56.46817248459959
278250,3.2,100.0
278500,0.0,100.0
278750,0.0,92.28187919463086
279000,0.0,76.28294036061027
279250,0.0,65.01182033096927
279500,0.0,56.64263645726055
279750,1.2,64.82027106658809
280000,0.0,56.49717514124294
280250,3.2,100.0
280500,0.0,100.0
280750,0.0,92.35936188077247
281000,0.0,76.33587786259542
281250,0.0,65.05026611472502
281500,0.0,56.67181865018031
281750,1.2,64.85849056603774
282000,0.0,56.52620760534429
282250,3.2,100.0
282500,0.0,100.0
282750,0.0,92.43697478991596
283000,0.0,76.38888888888889
283250,0.0,65.08875739644971
283500,0.0,56.70103092783505
283750,1.2,64.89675516224189
284000,0.0,56.555269922879184
284250,3.2,100.0
284500,0.0,100.0
284750,0.0,92.51471825063078
285000,0.0,76.44197359277275
285250,0.0,65.12729425695679
285500,0.0,56.73027333677153
285750,1.2,64.93506493506493
286000,0.0,56.5843621399177
286250,3.2,100.0
286500,0.0,100.0
286750,0.0,92.5925925925926
287000,0.0,76.49513212795549
287250,0.0,65.16587677725119
287500,0.0,56.759545923632615
287750,1.2,64.97341996455995
288000,0.0,56.613484302624805
288250,3.2,100.0
288500,0.0,100.0
288750,0.0,92.67059814658803
289000,0.0,76.54836464857343
289250,0.0,65.20450503852993
289500,0.0,56.78884873515746
289750,1.2,65.01182033096927
290000,0.0,56.64263645726055
290250,3.2,100.0
290500,0.0,100.0
290750,0.0,92.7487352445194
291000,0.0,76.6016713091922
291250,0.0,65.24317912218268
291500,0.0,56.81818181818182
291750,1.2,65.05026611472502
292000,0.0,56.67181865018031
292250,3.2,100.0
292500,0.0,100.0
292750,0.0,92.82700421940928
293000,0.0,76.65505226480836
293250,0.0,65.28189910979229
293500,0.0,56.84754521963824
293750,1.2,65.08875739644971
294000,0.0,56.70103092783505
294250,3.2,100.0
294500,0.0,100.0
294750,0.0,92.9054054054054
295000,0.0,76.70850767085076
295250,0.0,65.32066508313538
295500,0.0,56.87693898655636
295750,1.2,65.12729425695679
296000,0.0,56.73027333677153
296250,3.2,100.0
296500,0.0,100.0
296750,0.0,92.98393913778528
297000,0.0,76.76203768318214
297250,0.0,65.359477124183
297500,0.0,56.90636316606311
297750,1.2,65.16587677725119
298000,0.0,56.759545923632615
298250,3.2,100.0
298500,0.0,100.0
298750,0.0,93.06260575296108
299000,0.0,76.81564245810057
299250,0.0,65.39833531510108
299500,0.0,56.935817805383024
299750,1.2,65.20450503852993
300000,0.0,56.78884873515746
300250,3.2,100.0
300500,0.0,100.0
300750,0.0,93.14140558848433
301000,0.0,76.86932215234103
301250,0.0,65.43723973825104
301500,0.0,56.965302951838424
301750,1.2,65.24317912218268
302000,0.0,56.81818181818182
302250,3.2,100.0
302500,0.0,100.0
302750,0.0,93.22033898305084
303000,0.0,76.92307692307693
303250,0.0,65.47619047619048
303500,0.0,56.994818652849744
303750,1.2,65.28189910979229
304000,0.0,56.84754521963824
304250,3.2,100.0
304500,0.0,100.0
304750,0.0,93.29940627650551
305000,0.0,76.97690692792163
305250,0.0,65.51518761167362
305500,0.0,57.02436495593572
305750,1.2,65.32066508313538
306000,0.0,56.87693898655636
