250,0.0,100.0
500,0.0,100.0
750,0.0,20.8
1000,0.0,40.6
1250,0.0,52.480000000000004
1500,0.0,60.4
1750,0.0,66.05714285714286
2000,0.0,70.3
2250,2.0,66.38127853881278
2500,0.0,60.78561917443409
2750,0.0,20.694259012016023
3000,0.0,40.54054054054054
3250,0.0,52.44195356285029
3500,0.0,60.37358238825884
3750,0.0,66.0377358490566
4000,0.0,70.28514257128565
4250,2.0,66.36207881210737
4500,0.0,60.75949367088608
4750,0.0,20.694259012016023
5000,0.0,40.54054054054054
5250,0.0,52.44195356285029
5500,0.0,60.37358238825884
5750,0.0,66.0377358490566
6000,0.0,70.28514257128565
6250,2.0,58.099999999999994
6500,0.0,45.6
6750,0.0,37.5
7000,0.0,50.0
7250,0.0,62.5
7500,37.6,75.0
7750,100.0,87.5
8000,100.0,33.33333333333333
8250,99.6,100.0
8500,100.0,100.0
8750,40.0,99.19893190921229
9000,0.0,99.3993993993994
9250,0.0,99.51961569255404
9500,0.0,99.59973315543695
9750,0.0,99.65694682675816
10000,0.0,99.69984992496248
10250,99.6,99.7
10500,100.0,99.7
10750,37.6,91.9
11000,0.0,79.4
11250,0.0,66.9
11500,0.0,75.0
11750,0.0,87.5
12000,2.4,33.33333333333333
12250,99.6,50.0
12500,100.0,16.666666666666664
12750,40.0,83.33333333333334
13000,0.0,50.0
13250,0.0,16.666666666666664
13500,0.0,83.33333333333334
13750,0.0,50.0
14000,0.0,16.666666666666664
14250,99.6,66.66666666666666
14500,100.0,33.33333333333333
14750,40.0,100.0
15000,0.0,66.66666666666666
15250,0.0,33.33333333333333
15500,0.0,100.0
15750,0.0,66.66666666666666
16000,0.0,33.33333333333333
16250,99.6,50.0
16500,100.0,16.666666666666664
16750,40.0,83.33333333333334
17000,0.0,50.0
17250,0.0,16.666666666666664
17500,0.0,83.33333333333334
17750,0.0,50.0
18000,0.0,100.0
18250,99.6,100.0
18500,100.0,100.0
18750,40.0,99.19786096256684
19000,0.0,99.39879759519037
19250,0.0,99.51923076923077
19500,0.0,99.59946595460613
19750,0.0,99.65675057208237
20000,0.0,99.69969969969969
20250,99.6,99.69984992496248
20500,100.0,99.69984992496248
20750,37.6,91.89594797398699
21000,0.0,79.38969484742371
21250,0.0,66.88344172086043
21500,0.0,75.03751875937968
21750,0.0,87.54377188594297
22000,2.4,14.285714285714285
22250,99.6,98.38709677419355
22500,100.0,99.19678714859438
22750,40.0,99.19786096256684
23000,0.0,99.39879759519037
23250,0.0,99.51923076923077
23500,0.0,99.59946595460613
23750,0.0,99.65675057208237
24000,0.0,99.69969969969969
24250,99.6,99.69984992496248
24500,100.0,99.69984992496248
24750,37.6,91.89594797398699
25000,0.0,79.38969484742371
25250,0.0,66.88344172086043
25500,0.0,75.03751875937968
25750,0.0,87.54377188594297
26000,2.4,42.857142857142854
26250,99.6,100.0
26500,100.0,100.0
26750,40.0,99.19786096256684
27000,0.0,99.49849548645938
27250,0.0,100.0
27500,0.0,66.66666666666666
27750,0.0,33.33333333333333
28000,0.0,100.0
28250,99.6,66.66666666666666
28500,100.0,33.33333333333333
28750,40.0,100.0
29000,0.0,66.66666666666666
29250,0.0,33.33333333333333
29500,0.0,100.0
29750,0.0,66.66666666666666
30000,0.0,28.57142857142857
30250,99.6,98.38709677419355
30500,100.0,99.19678714859438
30750,40.0,99.19786096256684
31000,0.0,99.39879759519037
31250,0.0,99.51923076923077
31500,0.0,99.59946595460613
31750,0.0,99.65675057208237
32000,0.0,99.44944944944945
32250,99.6,99.39969984992496
32500,100.0,99.39969984992496
32750,37.6,91.59579789894947
33000,0.0,79.08954477238619
33250,0.0,66.58329164582291
33500,0.0,75.03751875937968
33750,0.0,87.54377188594297
34000,2.4,42.857142857142854
34250,99.6,100.0
34500,100.0,100.0
34750,40.0,99.19786096256684
35000,0.0,99.39879759519037
35250,0.0,99.51923076923077
35500,0.0,99.59946595460613
35750,0.0,99.65675057208237
36000,0.0,99.74962443665498
36250,99.6,99.74974974974975
36500,100.0,99.74974974974975
36750,37.6,91.94194194194193
37000,0.0,79.42942942942943
37250,0.0,66.91691691691692
37500,0.0,75.07507507507508
37750,0.0,87.58758758758759
38000,2.0,33.33333333333333
38250,99.6,50.0
38500,100.0,16.666666666666664
38750,39.6,83.33333333333334
39000,0.0,50.0
39250,0.0,16.666666666666664
39500,0.0,83.33333333333334
39750,0.0,50.0
40000,0.0,16.666666666666664
40250,99.6,66.66666666666666
40500,100.0,33.33333333333333
40750,40.0,100.0
41000,0.0,66.66666666666666
41250,0.0,33.33333333333333
41500,0.0,100.0
41750,0.0,66.66666666666666
42000,0.0,33.33333333333333
42250,99.6,50.0
42500,100.0,16.666666666666664
42750,40.0,83.33333333333334
43000,0.0,50.0
43250,0.0,16.666666666666664
43500,0.0,83.33333333333334
43750,0.0,50.0
44000,0.0,16.666666666666664
44250,99.6,83.33333333333334
44500,100.0,50.0
44750,40.0,16.666666666666664
45000,0.0,71.42857142857143
45250,0.0,99.22178988326849
45500,0.0,99.60552268244575
45750,0.0,99.20739762219286
46000,0.0,99.40417080436941
46250,99.6,99.40476190476191
46500,100.0,99.40476190476191
46750,37.6,83.92857142857143
47000,0.0,99.20634920634922
47250,2.4,98.38709677419355
47500,0.0,99.19678714859438
47750,0.0,99.19786096256684
48000,0.0,99.39879759519037
48250,99.6,99.3993993993994
48500,100.0,99.3993993993994
48750,37.6,83.78378378378379
49000,2.4,42.857142857142854
49250,0.0,98.44357976653697
49500,0.0,99.21104536489152
49750,0.0,99.20739762219286
50000,0.0,99.40417080436941
50250,99.6,99.40476190476191
50500,100.0,99.40476190476191
50750,37.6,83.92857142857143
51000,0.0,99.20634920634922
51250,2.4,66.66666666666666
51500,0.0,33.33333333333333
51750,0.0,100.0
52000,0.0,66.66666666666666
52250,99.6,100.0
52500,100.0,66.66666666666666
52750,40.400000000000006,33.33333333333333
53000,0.0,100.0
53250,0.0,66.66666666666666
53500,0.0,33.33333333333333
53750,0.0,100.0
54000,0.0,66.66666666666666
54250,0.0,100.0
54500,0.0,66.66666666666666
54750,0.0,98.7012987012987
55000,0.0,0.7518796992481203
55250,0.0,99.2156862745098
55500,0.0,83.33333333333334
55750,0.0,50.0
56000,0.0,16.666666666666664
56250,0.0,50.0
56500,0.0,16.666666666666664
56750,0.0,97.38562091503267
57000,0.0,100.0
57250,0.0,99.69183359013869
57500,0.0,99.77753058954394
57750,0.0,99.82593559617058
58000,0.0,99.85704074338814
58250,0.0,99.87871437234688
58500,0.0,99.89468141126909
58750,0.8,99.77194982896236
59000,1.2,99.95002498750625
59250,0.4,99.69135802469135
59500,0.0,99.77728285077951
59750,0.0,99.82578397212544
60000,0.0,99.85693848354794
60250,0.0,99.87864077669903
60500,0.0,99.89462592202318
60750,0.8,99.7718197375927
61000,0.8,99.9000499750125
61250,0.8,99.69088098918083
61500,0.0,99.77703455964325
61750,0.0,99.8256320836966
62000,0.0,99.85683607730851
62250,0.0,99.87856709168184
62500,0.0,99.89457037427518
62750,0.8,99.77168949771689
63000,0.4,99.85007496251875
63250,1.2,99.69040247678018
63500,0.0,99.77678571428571
63750,0.0,99.82547993019197
64000,0.0,99.8567335243553
64250,0.0,99.87849331713244
64500,0.0,99.89451476793249
64750,0.8,99.77155910908053
65000,0.0,99.80009995002499
65250,1.6,99.68992248062015
65500,0.0,99.77653631284916
65750,0.0,99.82532751091703
66000,0.0,99.85663082437276
66250,0.0,99.87841945288753
66500,0.0,99.89445910290237
66750,0.8,99.77142857142857
67000,0.0,99.8
67250,1.6,99.68944099378882
67500,0.0,99.77628635346755
67750,0.0,99.82517482517483
68000,0.0,99.85652797704448
68250,0.0,99.87834549878345
68500,0.0,99.89440337909187
68750,0.8,99.77129788450543
69000,0.0,99.79989994997499
69250,1.6,99.68895800933126
69500,0.0,99.77603583426652
69750,0.0,99.82502187226596
70000,0.0,99.85642498205313
70250,0.0,99.87827145465612
70500,0.0,99.89434759640781
70750,0.8,99.77116704805492
71000,0.0,99.7997997997998
71250,1.6,99.68847352024922
71500,0.0,99.77578475336323
71750,0.0,99.82486865148861
72000,0.0,99.85632183908046
72250,0.0,99.87819732034104
72500,0.0,99.89429175475686
72750,0.8,99.77103606182027
73000,0.0,99.79969954932399
73250,1.6,99.68798751950078
73500,0.0,99.77553310886644
73750,0.0,99.82471516213847
74000,0.0,99.85621854780733
74250,0.0,99.87812309567336
74500,0.0,99.89423585404548
74750,0.8,99.7709049255441
75000,0.0,99.79959919839679
75250,1.6,99.6875
75500,0.0,99.7752808988764
75750,0.0,99.82456140350877
76000,0.0,99.85611510791367
76250,0.0,99.8780487804878
76500,0.0,99.89417989417989
76750,0.8,99.77077363896848
77000,0.0,99.79949874686717
77250,1.6,99.68701095461658
77500,0.0,99.77502812148481
77750,0.0,99.82440737489026
78000,0.0,99.85601151907846
78250,0.0,99.87797437461867
78500,0.0,99.89412387506617
78750,0.8,99.77064220183486
79000,0.0,99.79939819458376
79250,1.6,99.68652037617555
79500,0.0,99.77477477477478
79750,0.0,99.82425307557118
80000,0.0,99.85590778097982
80250,0.0,99.87789987789988
80500,0.0,99.89406779661016
80750,0.8,99.77051061388411
81000,0.0,99.79929754139488
81250,1.6,99.68602825745683
81500,0.0,99.77452085682074
81750,0.0,99.8240985048373
82000,0.0,99.85580389329488
82250,0.0,99.87782529016494
82500,0.0,99.89401165871755
82750,0.8,99.77037887485649
83000,0.0,99.79919678714859
83250,1.6,99.68553459119497
83500,0.0,99.77426636568849
83750,0.0,99.82394366197182
84000,0.0,99.85569985569985
84250,0.0,99.87775061124694
84500,0.0,99.89395546129374
84750,0.8,99.77024698449168
85000,0.0,99.79909593169262
85250,1.6,99.68503937007874
85500,0.0,99.77401129943503
85750,0.0,99.82378854625551
86000,0.0,99.85559566787003
86250,0.0,99.8776758409786
86500,0.0,99.89389920424404
86750,0.8,99.77011494252874
87000,0.0,99.79899497487436
87250,1.6,99.6845425867508
87500,0.0,99.77375565610859
87750,0.0,99.82363315696648
88000,0.0,99.85549132947978
88250,0.0,99.87760097919217
88500,0.0,99.89384288747345
88750,0.8,99.76998274870616
89000,0.0,99.79889391654098
89250,1.6,99.68404423380727
89500,0.0,99.77349943374858
89750,0.0,99.82347749338041
90000,0.0,99.85538684020246
90250,0.0,99.87752602571953
90500,0.0,99.89378651088688
90750,0.8,99.76985040276179
91000,0.0,99.79879275653923
91250,1.6,99.68354430379746
91500,0.0,99.77324263038548
91750,0.0,99.82332155477032
92000,0.0,99.85528219971056
92250,0.0,99.87745098039215
92500,0.0,99.89373007438896
92750,0.8,99.76971790443294
93000,0.0,99.79869149471565
93250,1.6,99.68304278922345
93500,0.0,99.77298524404085
93750,0.0,99.82316534040672
94000,0.0,99.8551774076756
94250,0.0,99.87737584304108
94500,0.0,99.8936735778841
94750,0.8,99.76958525345621
95000,0.0,99.79859013091642
95250,1.6,99.68253968253968
95500,0.0,99.77272727272727
95750,0.0,99.82300884955752
96000,0.0,99.85507246376811
96250,0.0,99.87730061349693
96500,0.0,99.8936170212766
96750,0.8,99.76945244956772
97000,0.0,99.7984886649874
97250,1.6,99.68203497615262
97500,0.0,99.77246871444824
97750,0.0,99.82285208148805
98000,0.0,99.85496736765772
98250,0.0,99.87722529158994
98500,0.0,99.89356040447046
98750,0.8,99.76931949250289
99000,0.0,99.79838709677419
99250,1.6,99.68152866242038
99500,0.0,99.77220956719817
99750,0.0,99.822695035461
100000,0.0,99.85486211901306
100250,0.0,99.87714987714988
100500,0.0,99.89350372736953
100750,0.8,99.76918638199653
101000,0.0,99.79828542612204
101250,1.6,99.68102073365232
101500,0.0,99.77194982896236
101750,0.0,99.82253771073647
102000,0.0,99.85475671750181
102250,0.0,99.87707437000614
102500,0.0,99.89344698987746
102750,0.8,99.76905311778292
103000,0.0,99.79818365287588
103250,1.6,99.68051118210862
103500,0.0,99.77168949771689
103750,0.0,99.82238010657194
104000,0.0,99.8546511627907
104250,89.2,99.85744832501781
104500,100.0,99.85744832501781
104750,48.0,90.59158945117605
105000,0.0,72.77263007840342
105250,1.6,87.2416250890948
105500,0.8,15.53191489361702
105750,0.0,99.44444444444444
106000,0.0,99.58762886597938
106250,89.2,99.5987963891675
106500,100.0,99.5987963891675
106750,48.8,86.76028084252758
107000,0.0,97.69307923771315
107250,1.6,99.68051118210862
107500,0.0,99.77168949771689
107750,0.0,99.82238010657194
108000,0.0,99.8546511627907
108250,89.2,99.85744832501781
108500,100.0,99.85744832501781
108750,48.0,90.59158945117605
109000,0.0,72.77263007840342
109250,1.6,87.2416250890948
109500,0.8,15.53191489361702
109750,0.0,99.44444444444444
110000,0.0,99.58762886597938
110250,89.2,99.5987963891675
110500,100.0,99.5987963891675
110750,48.8,86.76028084252758
111000,0.0,97.69307923771315
111250,1.6,99.68051118210862
111500,0.0,99.77168949771689
111750,0.0,99.82238010657194
112000,0.0,99.8546511627907
112250,89.2,99.85744832501781
112500,100.0,99.85744832501781
112750,48.0,90.59158945117605
113000,0.0,72.77263007840342
113250,1.6,87.2416250890948
113500,0.8,15.53191489361702
113750,0.0,99.44444444444444
114000,0.0,99.58762886597938
114250,89.2,99.5987963891675
114500,100.0,99.5987963891675
114750,48.8,86.76028084252758
115000,0.0,97.69307923771315
115250,1.6,99.68051118210862
115500,0.0,99.77168949771689
115750,0.0,99.82238010657194
116000,0.0,99.8546511627907
116250,89.2,99.85744832501781
116500,100.0,99.85744832501781
116750,48.0,90.59158945117605
117000,0.0,72.77263007840342
117250,1.6,87.2416250890948
117500,0.8,15.53191489361702
117750,0.0,99.44444444444444
118000,0.0,99.58762886597938
118250,89.2,99.5987963891675
118500,100.0,99.5987963891675
118750,48.8,86.76028084252758
119000,0.0,97.69307923771315
119250,1.6,99.68051118210862
119500,0.0,99.77168949771689
119750,0.0,99.82238010657194
120000,0.0,99.8546511627907
120250,89.2,99.85744832501781
120500,100.0,99.85744832501781
120750,48.0,90.59158945117605
121000,0.0,72.77263007840342
121250,1.6,87.2416250890948
121500,0.8,15.53191489361702
121750,0.0,99.44444444444444
122000,0.0,99.58762886597938
122250,89.2,99.5987963891675
122500,100.0,99.5987963891675
122750,48.8,86.76028084252758
123000,0.0,97.69307923771315
123250,1.6,99.68051118210862
123500,0.0,99.77168949771689
123750,0.0,99.82238010657194
124000,0.0,99.8546511627907
124250,89.2,99.85744832501781
124500,100.0,99.85744832501781
124750,48.0,90.59158945117605
125000,0.0,72.77263007840342
125250,1.6,87.2416250890948
125500,0.8,15.53191489361702
125750,0.0,99.44444444444444
126000,0.0,99.58762886597938
126250,89.2,99.5987963891675
126500,100.0,99.5987963891675
126750,48.8,86.76028084252758
127000,0.0,97.69307923771315
127250,1.6,99.68051118210862
127500,0.0,99.77168949771689
127750,0.0,99.82238010657194
128000,0.0,99.8546511627907
128250,89.2,99.85744832501781
128500,100.0,99.85744832501781
128750,48.0,90.59158945117605
129000,0.0,72.77263007840342
129250,1.6,87.2416250890948
129500,0.8,15.53191489361702
129750,0.0,99.44444444444444
130000,0.0,99.58762886597938
130250,89.2,99.5987963891675
130500,100.0,99.5987963891675
130750,48.8,86.76028084252758
131000,0.0,97.69307923771315
131250,1.6,99.68051118210862
131500,0.0,99.77168949771689
131750,0.0,99.82238010657194
132000,0.0,99.8546511627907
132250,89.2,99.85744832501781
132500,100.0,99.85744832501781
132750,48.0,90.59158945117605
133000,0.0,72.77263007840342
133250,1.6,87.2416250890948
133500,0.8,15.53191489361702
133750,0.0,99.44444444444444
134000,0.0,99.58762886597938
134250,89.2,99.5987963891675
134500,100.0,99.5987963891675
134750,48.8,86.76028084252758
135000,0.0,97.69307923771315
135250,1.6,99.68051118210862
135500,0.0,99.77168949771689
135750,0.0,99.82238010657194
136000,0.0,99.8546511627907
136250,89.2,99.85744832501781
136500,100.0,99.85744832501781
136750,48.0,90.59158945117605
137000,0.0,72.77263007840342
137250,1.6,87.2416250890948
137500,0.8,15.53191489361702
137750,0.0,99.44444444444444
138000,0.0,99.58762886597938
138250,89.2,99.5987963891675
138500,100.0,99.5987963891675
138750,48.8,86.76028084252758
139000,0.0,97.69307923771315
139250,1.6,99.68051118210862
139500,0.0,99.77168949771689
139750,0.0,99.82238010657194
140000,0.0,99.8546511627907
140250,89.2,99.85744832501781
140500,100.0,99.85744832501781
140750,48.0,90.59158945117605
141000,0.0,72.77263007840342
141250,1.6,87.2416250890948
141500,0.8,15.53191489361702
141750,0.0,99.44444444444444
142000,0.0,99.58762886597938
142250,89.2,99.5987963891675
142500,100.0,99.5987963891675
142750,48.8,86.76028084252758
143000,0.0,97.69307923771315
143250,1.6,99.68051118210862
143500,0.0,99.77168949771689
143750,0.0,99.82238010657194
144000,0.0,99.8546511627907
144250,89.2,99.85744832501781
144500,100.0,99.85744832501781
144750,48.0,90.59158945117605
145000,0.0,72.77263007840342
145250,1.6,87.2416250890948
145500,0.8,15.53191489361702
145750,0.0,99.44444444444444
146000,0.0,99.58762886597938
146250,89.2,99.5987963891675
146500,100.0,99.5987963891675
146750,48.8,86.76028084252758
147000,0.0,97.69307923771315
147250,1.6,99.68051118210862
147500,0.0,99.77168949771689
147750,0.0,99.82238010657194
148000,0.0,99.8546511627907
148250,89.2,99.85744832501781
148500,100.0,99.85744832501781
148750,48.0,90.59158945117605
149000,0.0,72.77263007840342
149250,1.6,87.2416250890948
149500,0.8,15.53191489361702
149750,0.0,99.44444444444444
150000,0.0,99.58762886597938
150250,89.2,50.0
150500,100.0,16.666666666666664
150750,48.8,97.76119402985076
151000,0.0,99.21875
151250,0.0,99.68051118210862
151500,0.0,99.77168949771689
151750,0.0,99.82238010657194
152000,0.0,99.8546511627907
152250,89.2,16.666666666666664
152500,100.0,83.33333333333334
152750,48.0,99.26470588235294
153000,0.0,99.74093264248705
153250,0.0,99.68354430379746
153500,0.0,15.319148936170212
153750,0.0,99.44444444444444
154000,0.0,99.58762886597938
154250,89.2,99.5987963891675
154500,100.0,99.5987963891675
154750,49.2,86.8605817452357
155000,0.0,97.59277833500502
155250,1.6,99.68
155500,0.0,99.77142857142857
155750,0.0,99.82222222222222
156000,0.0,99.85454545454544
156250,0.0,99.87692307692308
156500,0.0,99.89333333333333
156750,0.8,99.76878612716763
157000,0.0,99.79797979797979
157250,1.6,99.67948717948718
157500,0.0,99.77116704805492
157750,0.0,99.8220640569395
158000,0.0,99.85443959243085
158250,0.0,99.8768472906404
158500,0.0,99.89327641408752
158750,0.8,99.76865240023135
159000,0.0,99.79787771601819
159250,1.6,99.67897271268058
159500,0.0,99.7709049255441
159750,0.0,99.82190560997329
160000,0.0,99.8543335761107
160250,0.0,99.87677141096735
160500,0.0,99.893219434063
160750,0.8,99.76851851851852
161000,0.0,99.79777553083923
161250,1.6,99.67845659163987
161500,0.0,99.77064220183486
161750,0.0,99.8217468805704
162000,0.0,99.85422740524781
162250,0.0,99.8766954377312
162500,0.0,99.8931623931624
162750,0.8,99.76838448176028
163000,0.0,99.7976732422863
163250,1.6,99.6779388083736
163500,0.0,99.77037887485649
163750,0.0,99.82158786797503
164000,0.0,99.85412107950401
164250,0.0,99.87661937075879
164500,0.0,99.89310529128808
164750,0.8,99.76825028968713
165000,0.0,99.79757085020243
165250,1.6,99.67741935483872
165500,0.0,99.77011494252874
165750,0.0,99.82142857142857
166000,0.0,99.85401459854015
166250,0.0,99.87654320987654
166500,0.0,99.89304812834224
166750,0.8,99.76811594202898
167000,0.0,99.79746835443038
167250,1.6,99.67689822294022
167500,0.0,99.76985040276179
167750,0.0,99.8212689901698
168000,0.0,99.85390796201608
168250,0.0,99.87646695491044
168500,0.0,99.89299090422686
168750,0.8,99.76798143851508
169000,0.0,99.79736575481256
169250,1.6,99.67637540453075
169500,0.0,99.76958525345621
169750,0.0,99.82110912343471
170000,0.0,99.85380116959064
170250,0.0,99.87639060568603
170500,0.0,99.89293361884368
170750,0.8,99.76784677887406
171000,0.0,99.79726305119108
171250,1.6,99.67585089141005
171500,0.0,99.76931949250289
171750,0.0,99.82094897045658
172000,0.0,99.85369422092172
172250,0.0,99.87631416202845
172500,0.0,99.89287627209427
172750,0.8,99.76771196283391
173000,0.0,99.79716024340772
173250,1.6,99.67532467532467
173500,0.0,99.76905311778292
173750,0.0,99.82078853046595
174000,0.0,99.85358711566617
174250,0.0,99.87623762376238
174500,0.0,99.89281886387997
174750,0.8,99.76757699012202
175000,0.0,99.7970573313039
175250,1.6,99.67479674796748
175500,0.0,99.76878612716763
175750,0.0,99.82062780269058
176000,0.0,99.85347985347985
176250,0.0,99.87616099071207
176500,0.0,99.89276139410188
176750,0.8,99.76744186046511
177000,0.0,99.79695431472081
177250,1.6,99.6742671009772
177500,0.0,99.76851851851852
177750,0.0,99.82046678635548
178000,0.0,99.8533724340176
178250,0.0,99.87608426270135
178500,0.0,99.89270386266095
178750,0.8,99.7673065735893
179000,0.0,99.79685119349924
179250,1.6,99.673735725938
179500,0.0,99.76825028968713
179750,0.0,99.82030548068283
180000,0.0,99.85326485693324
180250,0.0,99.87600743955363
180500,0.0,99.89264626945786
180750,0.8,99.76717112922002
181000,0.0,99.79674796747967
181250,1.6,99.67320261437908
181500,0.0,99.76798143851508
181750,0.0,99.82014388489209
182000,0.0,99.85315712187959
182250,0.0,99.87593052109182
182500,0.0,99.89258861439313
182750,0.8,99.76703552708211
183000,0.0,99.79664463650228
183250,1.6,99.67266775777414
183500,0.0,99.76771196283391
183750,0.0,99.81998199819982
184000,0.0,99.85304922850845
184250,0.0,99.87585350713843
184500,0.0,99.89253089736701
184750,0.8,99.76689976689977
185000,0.0,99.79654120040692
185250,1.6,99.672131147541
185500,0.0,99.76744186046511
185750,0.0,99.81981981981983
186000,0.0,99.8529411764706
186250,0.0,99.87577639751552
186500,0.0,99.89247311827957
186750,0.8,99.7667638483965
187000,0.0,99.79643765903307
187250,1.6,99.67159277504105
187500,0.0,99.76717112922002
187750,0.0,99.81965734896303
188000,0.0,99.85283296541574
188250,0.0,99.87569919204475
188500,0.0,99.89241527703066
188750,0.8,99.76662777129522
189000,0.0,99.79633401221996
189250,1.6,99.67105263157895
189500,0.0,99.76689976689977
189750,0.0,99.81949458483754
190000,0.0,99.85272459499264
190250,0.0,99.87562189054727
190500,0.0,99.89235737351991
190750,0.8,99.76649153531815
191000,0.0,99.79623025980642
191250,1.6,99.67051070840198
191500,0.0,99.76662777129522
191750,0.0,99.8193315266486
192000,0.0,99.85261606484893
192250,0.0,99.8755444928438
192500,0.0,99.89229940764675
192750,0.8,99.76635514018692
193000,0.0,99.79612640163099
193250,1.6,99.66996699669967
193500,0.0,99.76635514018692
193750,0.0,99.81916817359856
194000,0.0,99.85250737463127
194250,0.0,99.87546699875467
194500,0.0,99.89224137931035
194750,0.8,99.76621858562244
195000,0.0,99.79602243753187
195250,1.6,99.6694214876033
195500,0.0,99.76608187134502
195750,0.0,99.81900452488688
196000,0.0,99.85239852398524
196250,0.0,99.8753894080997
196500,0.0,99.89218328840971
196750,0.8,99.76608187134502
197000,0.0,99.79591836734694
197250,1.6,99.66887417218543
197500,0.0,99.76580796252928
197750,0.0,99.81884057971014
198000,0.0,99.85228951255539
198250,0.0,99.87531172069825
198500,0.0,99.89212513484358
198750,0.8,99.76594499707431
199000,0.0,99.79581419091373
199250,1.6,99.66832504145937
199500,0.0,99.76553341148886
199750,0.0,99.81867633726202
200000,0.0,99.85218033998522
200250,0.0,99.87523393636931
200500,0.0,99.89206691851052
200750,0.8,99.76580796252928
201000,0.0,99.79570990806947
201250,1.6,99.66777408637874
201500,0.0,99.76525821596243
201750,0.0,99.8185117967332
202000,0.0,99.85207100591717
202250,0.0,99.87515605493134
202500,0.0,99.89200863930886
202750,0.8,99.76567076742823
203000,0.0,99.795605518651
203250,1.6,99.66722129783693
203500,0.0,99.76498237367802
203750,0.0,99.81834695731153
204000,0.0,99.85196150999259
204250,0.0,99.87507807620237
204500,0.0,99.89195029713667
204750,0.8,99.76553341148886
205000,0.0,99.79550102249489
205250,1.6,33.83333333333333
205500,0.0,99.76470588235294
205750,0.0,99.81818181818181
206000,0.0,99.85185185185185
206250,78.8,99.85744832501781
206500,100.0,99.85744832501781
206750,58.4,92.4447612259444
207000,0.0,74.62580185317177
207250,1.6,85.38845331432644
207500,0.8,10.585585585585585
207750,0.0,99.42363112391931
208000,0.0,99.57627118644068
208250,78.8,99.5987963891675
208500,100.0,99.5987963891675
208750,59.199999999999996,89.36810431293881
209000,0.0,95.0852557673019
209250,1.6,33.83333333333333
209500,0.0,99.76470588235294
209750,0.0,99.81818181818181
210000,0.0,99.85185185185185
210250,78.8,99.85744832501781
210500,100.0,99.85744832501781
210750,58.4,92.4447612259444
211000,0.0,74.62580185317177
211250,1.6,85.38845331432644
211500,0.8,10.585585585585585
211750,0.0,99.42363112391931
212000,0.0,99.57627118644068
212250,78.8,99.5987963891675
212500,100.0,99.5987963891675
212750,59.199999999999996,89.36810431293881
213000,0.0,95.0852557673019
213250,1.6,33.83333333333333
213500,0.0,99.76470588235294
213750,0.0,99.81818181818181
214000,0.0,99.85185185185185
214250,78.8,99.85744832501781
214500,100.0,99.85744832501781
214750,58.4,92.4447612259444
215000,0.0,74.62580185317177
215250,1.6,85.38845331432644
215500,0.8,10.585585585585585
215750,0.0,99.42363112391931
216000,0.0,99.57627118644068
216250,78.8,99.5987963891675
216500,100.0,99.5987963891675
216750,59.199999999999996,89.36810431293881
217000,0.0,95.0852557673019
217250,1.6,33.83333333333333
217500,0.0,99.76470588235294
217750,0.0,99.81818181818181
218000,0.0,99.85185185185185
218250,78.8,99.85744832501781
218500,100.0,99.85744832501781
218750,58.4,92.4447612259444
219000,0.0,74.62580185317177
219250,1.6,85.38845331432644
219500,0.8,10.585585585585585
219750,0.0,99.42363112391931
220000,0.0,99.57627118644068
220250,78.8,99.5987963891675
220500,100.0,99.5987963891675
220750,59.199999999999996,89.36810431293881
221000,0.0,95.0852557673019
221250,1.6,33.83333333333333
221500,0.0,99.76470588235294
221750,0.0,99.81818181818181
222000,0.0,99.85185185185185
222250,78.8,99.85744832501781
222500,100.0,99.85744832501781
222750,58.4,92.4447612259444
223000,0.0,74.62580185317177
223250,1.6,85.38845331432644
223500,0.8,10.585585585585585
223750,0.0,99.42363112391931
224000,0.0,99.57627118644068
224250,78.8,99.5987963891675
224500,100.0,99.5987963891675
224750,59.199999999999996,89.36810431293881
225000,0.0,95.0852557673019
225250,1.6,33.83333333333333
225500,0.0,99.76470588235294
225750,0.0,99.81818181818181
226000,0.0,99.85185185185185
226250,78.8,99.85744832501781
226500,100.0,99.85744832501781
226750,58.4,92.4447612259444
227000,0.0,74.62580185317177
227250,1.6,85.38845331432644
227500,0.8,10.585585585585585
227750,0.0,99.42363112391931
228000,0.0,99.57627118644068
228250,78.8,99.5987963891675
228500,100.0,99.5987963891675
228750,59.199999999999996,89.36810431293881
229000,0.0,95.0852557673019
229250,1.6,33.83333333333333
229500,0.0,99.76470588235294
229750,0.0,99.81818181818181
230000,0.0,99.85185185185185
230250,78.8,99.85744832501781
230500,100.0,99.85744832501781
230750,58.4,92.4447612259444
231000,0.0,74.62580185317177
231250,1.6,85.38845331432644
231500,0.8,10.585585585585585
231750,0.0,99.42363112391931
232000,0.0,99.57627118644068
232250,78.8,99.5987963891675
232500,100.0,99.5987963891675
232750,59.199999999999996,89.36810431293881
233000,0.0,95.0852557673019
233250,1.6,33.83333333333333
233500,0.0,99.76470588235294
233750,0.0,99.81818181818181
234000,0.0,99.85185185185185
234250,78.8,99.85744832501781
234500,100.0,99.85744832501781
234750,58.4,92.4447612259444
235000,0.0,74.62580185317177
235250,1.6,85.38845331432644
235500,0.8,10.585585585585585
235750,0.0,99.42363112391931
236000,0.0,99.57627118644068
236250,78.8,99.5987963891675
236500,100.0,99.5987963891675
236750,59.199999999999996,89.36810431293881
237000,0.0,95.0852557673019
237250,1.6,33.83333333333333
237500,0.0,99.76470588235294
237750,0.0,99.81818181818181
238000,0.0,99.85185185185185
238250,78.8,99.85744832501781
238500,100.0,99.85744832501781
238750,58.4,92.4447612259444
239000,0.0,74.62580185317177
239250,1.6,85.38845331432644
239500,0.8,10.585585585585585
239750,0.0,99.42363112391931
240000,0.0,99.57627118644068
240250,78.8,99.5987963891675
240500,100.0,99.5987963891675
240750,59.199999999999996,89.36810431293881
241000,0.0,95.0852557673019
241250,1.6,33.83333333333333
241500,0.0,99.76470588235294
241750,0.0,99.81818181818181
242000,0.0,99.85185185185185
242250,78.8,99.85744832501781
242500,100.0,99.85744832501781
242750,58.4,92.4447612259444
243000,0.0,74.62580185317177
243250,1.6,85.38845331432644
243500,0.8,10.585585585585585
243750,0.0,99.42363112391931
244000,0.0,99.57627118644068
244250,78.8,99.5987963891675
244500,100.0,99.5987963891675
244750,59.199999999999996,89.36810431293881
245000,0.0,95.0852557673019
245250,1.6,33.83333333333333
245500,0.0,99.76470588235294
245750,0.0,99.81818181818181
246000,0.0,99.85185185185185
246250,78.8,99.85744832501781
246500,100.0,99.85744832501781
246750,58.4,92.4447612259444
247000,0.0,74.62580185317177
247250,1.6,85.38845331432644
247500,0.8,10.585585585585585
247750,0.0,99.42363112391931
248000,0.0,99.57627118644068
248250,78.8,99.5987963891675
248500,100.0,99.5987963891675
248750,59.199999999999996,89.36810431293881
249000,0.0,95.0852557673019
249250,1.6,33.83333333333333
249500,0.0,99.76470588235294
249750,0.0,99.81818181818181
250000,0.0,99.85185185185185
250250,78.8,99.85744832501781
250500,100.0,99.85744832501781
250750,58.4,92.4447612259444
251000,0.0,74.62580185317177
251250,1.6,85.38845331432644
251500,0.8,10.585585585585585
251750,0.0,99.42363112391931
252000,0.0,99.57627118644068
252250,78.8,99.5987963891675
252500,100.0,99.5987963891675
252750,59.199999999999996,89.36810431293881
253000,0.0,95.0852557673019
253250,1.6,33.83333333333333
253500,0.0,99.76470588235294
253750,0.0,99.81818181818181
254000,0.0,99.85185185185185
254250,78.8,99.85744832501781
254500,100.0,99.85744832501781
254750,58.4,92.4447612259444
255000,0.0,74.62580185317177
255250,1.6,85.38845331432644
255500,0.8,10.585585585585585
255750,0.0,99.42363112391931
256000,0.0,99.57627118644068
256250,78.8,99.5987963891675
256500,100.0,99.5987963891675
256750,59.599999999999994,89.46840521564694
257000,0.0,94.98495486459379
257250,1.6,33.7228714524207
257500,0.0,99.76442873969376
257750,0.0,99.81801637852593
258000,0.0,99.85174203113417
258250,0.0,99.87492182614133
258500,0.0,99.89183342347215
258750,0.8,99.76525821596243
259000,0.0,99.79529170931423
259250,1.6,33.61204013377927
259500,0.0,99.76415094339622
259750,0.0,99.81785063752277
260000,0.0,99.85163204747775
260250,0.0,99.87484355444305
260500,0.0,99.89177489177489
260750,0.8,99.7651203758074
261000,0.0,99.79518689196108
261250,1.6,33.50083752093803
261500,0.0,99.76387249114522
261750,0.0,99.81768459434822
262000,0.0,99.85152190051967
262250,0.0,99.87476518472135
262500,0.0,99.89171629669734
262750,0.8,99.76498237367802
263000,0.0,99.79508196721312
263250,1.6,33.38926174496644
263500,0.0,99.76359338061465
263750,0.0,99.81751824817519
264000,0.0,99.85141158989599
264250,0.0,99.87468671679198
264500,0.0,99.89165763813651
264750,0.8,99.76484420928865
265000,0.0,99.79497693490518
265250,1.6,33.27731092436974
265500,0.0,99.76331360946745
265750,0.0,99.81735159817352
266000,0.0,99.85130111524163
266250,0.0,99.87460815047022
266500,0.0,99.89159891598915
266750,0.8,99.76470588235294
267000,0.0,99.7948717948718
267250,1.6,33.16498316498316
267500,0.0,99.76303317535546
267750,0.0,99.81718464351006
268000,0.0,99.85119047619048
268250,0.0,99.87452948557089
268500,0.0,99.89154013015184
268750,0.8,99.76456739258387
269000,0.0,99.79476654694716
269250,1.6,33.05227655986509
269500,0.0,99.76275207591934
269750,0.0,99.81701738334858
270000,0.0,99.85107967237528
270250,0.0,99.87445072190835
270500,0.0,99.89148128052089
270750,0.8,99.76442873969376
271000,0.0,99.7946611909651
271250,1.6,32.939189189189186
271500,0.0,99.7624703087886
271750,0.0,99.81684981684981
272000,0.0,99.85096870342772
272250,0.0,99.87437185929649
272500,0.0,99.8914223669924
272750,0.8,99.76428992339422
273000,0.0,99.79455572675911
273250,1.6,32.82571912013537
273500,0.0,99.76218787158146
273750,0.0,99.8166819431714
274000,0.0,99.85085756897838
274250,0.0,99.87429289754871
274500,0.0,99.89136338946226
274750,0.8,99.76415094339622
275000,0.0,99.79445015416239
275250,1.6,32.71186440677966
275500,0.0,99.76190476190476
275750,0.0,99.81651376146789
276000,0.0,99.85074626865672
276250,0.0,99.87421383647799
276500,0.0,99.89130434782608
276750,0.8,99.76401179941003
277000,0.0,99.79434447300771
277250,1.6,32.597623089983024
277500,0.0,99.761620977354
277750,0.0,99.81634527089072
278000,0.0,99.85063480209111
278250,0.0,99.87413467589678
278500,0.0,99.89124524197933
278750,0.8,99.76387249114522
279000,0.0,99.79423868312757
279250,1.6,32.482993197278915
279500,0.0,99.76133651551312
279750,0.0,99.81617647058823
280000,0.0,99.85052316890882
280250,0.0,99.87405541561712
280500,0.0,99.8911860718172
280750,0.8,99.7637330183107
281000,0.0,99.79413278435409
281250,1.6,32.36797274275979
281500,0.0,99.7610513739546
281750,0.0,99.81600735970562
282000,0.0,99.85041136873598
282250,0.0,99.87397605545053
282500,0.0,99.89112683723462
282750,0.8,99.76359338061465
283000,0.0,99.79402677651905
283250,1.6,32.25255972696246
283500,0.0,99.76076555023924
283750,0.0,99.8158379373849
284000,0.0,99.8502994011976
284250,0.0,99.87389659520807
284500,0.0,99.89106753812636
284750,0.8,99.76345357776464
285000,0.0,99.79392065945389
285250,1.6,32.136752136752136
285500,0.0,99.76047904191617
285750,0.0,99.81566820276497
286000,0.0,99.8501872659176
286250,0.0,99.87381703470032
286500,0.0,99.89100817438693
286750,0.8,99.76331360946745
287000,0.0,99.79381443298969
287250,1.6,32.02054794520548
287500,0.0,99.76019184652279
287750,0.0,99.81549815498155
288000,0.0,99.85007496251875
288250,0.0,99.87373737373737
288500,0.0,99.89094874591058
288750,0.8,99.76317347542924
289000,0.0,99.79370809695719
289250,1.6,31.903945111492284
289500,0.0,99.75990396158463
289750,0.0,99.81532779316713
290000,0.0,99.84996249062266
290250,0.0,99.87365761212888
290500,0.0,99.89088925259138
290750,0.8,99.76303317535546
291000,0.0,99.79360165118679
291250,1.6,31.78694158075601
291500,0.0,99.75961538461539
291750,0.0,99.81515711645102
292000,0.0,99.84984984984985
292250,0.0,99.87357774968395
292500,0.0,99.89082969432314
292750,0.8,99.7628927089508
293000,0.0,99.79349509550852
293250,1.6,31.669535283993117
293500,0.0,99.75932611311673
293750,0.0,99.81498612395929
294000,0.0,99.84973703981969
294250,0.0,99.87349778621126
294500,0.0,99.89077007099945
294750,0.8,99.76275207591934
295000,0.0,99.79338842975206
295250,1.6,31.551724137931036
295500,0.0,99.75903614457832
295750,0.0,99.81481481481481
296000,0.0,99.84962406015038
296250,0.0,99.87341772151899
296500,0.0,99.89071038251366
296750,0.8,99.7626112759644
297000,0.0,99.79328165374677
297250,1.6,31.43350604490501
297500,0.0,99.75874547647769
297750,0.0,99.81464318813717
298000,0.0,99.84951091045899
298250,0.0,99.87333755541482
298500,0.0,99.89065062875888
298750,0.8,99.7624703087886
299000,0.0,99.79317476732162
299250,1.6,31.314878892733567
299500,0.0,99.7584541062802
299750,0.0,99.81447124304268
300000,0.0,99.84939759036145
300250,0.0,99.87325728770595
300500,0.0,99.89059080962801
300750,0.8,99.76232917409388
301000,0.0,99.79306777030523
301250,1.6,31.195840554592717
301500,0.0,99.75816203143893
301750,0.0,99.81429897864437
302000,0.0,99.84928409947248
302250,0.0,99.8731769181991
302500,0.0,99.89053092501369
302750,0.8,99.76218787158146
303000,0.0,99.79296066252587
303250,1.6,31.07638888888889
303500,0.0,99.75786924939467
303750,0.0,99.81412639405205
304000,0.0,99.84917043740573
304250,0.0,99.8730964467005
304500,0.0,99.89047097480832
304750,0.8,99.7620464009518
305000,0.0,99.7928534438115
305250,1.6,30.956521739130434
305500,0.0,99.75757575757575
305750,0.0,99.81395348837209
306000,0.0,99.84905660377359
