250,0.0,60.8
500,0.0,80.4
750,0.0,86.93333333333332
1000,0.0,90.2
1250,0.0,92.16
1500,0.0,93.46666666666667
1750,0.0,94.39999999999999
2000,0.0,95.1
2250,0.4,60.6425702811245
2500,0.0,80.36072144288578
2750,0.0,86.91588785046729
3000,0.0,90.1901901901902
3250,0.0,92.1537229783827
3500,0.0,93.46230820547031
3750,0.0,94.39679817038308
4000,0.0,95.09754877438719
4250,0.4,60.6425702811245
4500,0.0,80.36072144288578
4750,0.0,86.91588785046729
5000,0.0,90.1901901901902
5250,0.0,92.1537229783827
5500,0.0,93.46230820547031
5750,0.0,94.39679817038308
6000,0.0,95.09754877438719
6250,0.4,82.69999999999999
6500,0.0,70.19999999999999
6750,0.0,57.699999999999996
7000,0.0,50.0
7250,0.0,62.5
7500,0.0,75.0
7750,0.0,87.5
8000,39.2,100.0
8250,39.6,99.19678714859438
8500,0.0,99.59919839679358
8750,0.0,99.73297730307075
9000,0.0,99.7997997997998
9250,0.0,99.83987189751802
9500,0.0,99.866577718479
9750,0.0,99.88564894225271
10000,0.0,99.89994997498749
10250,38.800000000000004,92.30000000000001
10500,0.0,79.80000000000001
10750,0.0,67.30000000000001
11000,0.0,54.800000000000004
11250,0.0,62.5
11500,0.0,75.0
11750,0.0,87.5
12000,0.8,100.0
12250,39.6,50.0
12500,0.0,50.0
12750,0.0,50.0
13000,0.0,50.0
13250,0.0,50.0
13500,0.0,50.0
13750,0.0,50.0
14000,0.0,50.0
14250,39.6,50.0
14500,0.0,50.0
14750,0.0,50.0
15000,0.0,100.0
15250,0.0,99.2094861660079
15500,0.0,99.60238568588468
15750,0.0,99.734395750332
16000,0.0,100.0
16250,39.6,100.0
16500,0.0,100.0
16750,0.0,100.0
17000,0.0,100.0
17250,0.0,100.0
17500,0.0,100.0
17750,0.0,100.0
18000,0.0,66.66666666666666
18250,39.6,99.19354838709677
18500,0.0,99.59839357429718
18750,0.0,99.73262032085562
19000,0.0,99.79959919839679
19250,0.0,99.83974358974359
19500,0.0,99.86648865153538
19750,0.0,99.88558352402745
20000,0.0,99.84984984984985
20250,38.800000000000004,92.19609804902451
20500,0.0,79.68984492246123
20750,0.0,67.18359179589794
21000,0.0,54.67733866933466
21250,0.0,62.531265632816414
21500,0.0,75.03751875937968
21750,0.0,87.54377188594297
22000,0.8,100.0
22250,39.6,99.19354838709677
22500,0.0,99.59839357429718
22750,0.0,99.73262032085562
23000,0.0,99.79959919839679
23250,0.0,99.83974358974359
23500,0.0,99.86648865153538
23750,0.0,99.88558352402745
24000,0.0,99.8998998998999
24250,38.800000000000004,92.29614807403702
24500,0.0,79.78989494747374
24750,0.0,67.28364182091046
25000,0.0,54.777388694347174
25250,0.0,62.531265632816414
25500,0.0,75.03751875937968
25750,0.0,87.54377188594297
26000,0.8,33.33333333333333
26250,39.6,99.19354838709677
26500,0.0,99.59839357429718
26750,0.0,99.73262032085562
27000,0.0,99.89969909729187
27250,0.0,100.0
27500,0.0,100.0
27750,0.0,100.0
28000,0.0,100.0
28250,39.6,100.0
28500,0.0,100.0
28750,0.0,100.0
29000,0.0,100.0
29250,0.0,100.0
29500,0.0,100.0
29750,0.0,100.0
30000,0.0,100.0
30250,39.6,98.7012987012987
30500,0.0,99.5049504950495
30750,0.0,99.69418960244649
31000,0.0,99.77876106194691
31250,0.0,99.8266897746967
31500,0.0,99.85754985754986
31750,0.0,99.87908101571948
32000,0.0,33.33333333333333
32250,38.800000000000004,98.69281045751634
32500,0.0,99.50372208436724
32750,0.0,99.69372128637059
33000,0.0,99.77851605758582
33250,0.0,99.82653946227234
33500,0.0,99.85744832501781
33750,0.0,99.87900786448881
34000,0.0,99.84235417761428
34250,38.800000000000004,91.80672268907563
34500,0.0,78.67647058823529
34750,0.0,65.54621848739495
35000,0.0,52.52100840336135
35250,0.0,65.65126050420169
35500,0.0,78.78151260504201
35750,0.0,91.91176470588235
36000,0.8,100.0
36250,39.6,98.69281045751634
36500,0.0,99.50372208436724
36750,0.0,99.69372128637059
37000,0.0,99.77851605758582
37250,0.0,99.82653946227234
37500,0.0,99.85744832501781
37750,0.0,99.87900786448881
38000,0.0,99.8949027850762
38250,38.800000000000004,91.91176470588235
38500,0.0,78.78151260504201
38750,0.0,65.65126050420169
39000,0.0,52.52100840336135
39250,0.0,65.65126050420169
39500,0.0,78.78151260504201
39750,0.0,91.91176470588235
40000,0.8,1.0204081632653061
40250,39.6,98.68421052631578
40500,0.0,99.50248756218906
40750,0.0,99.69325153374233
41000,0.0,99.77827050997783
41250,0.0,99.82638888888889
41500,0.0,99.85734664764621
41750,0.0,99.87893462469734
42000,0.0,100.0
42250,39.6,100.0
42500,0.0,100.0
42750,0.0,100.0
43000,0.0,100.0
43250,0.0,100.0
43500,0.0,100.0
43750,0.0,100.0
44000,0.0,100.0
44250,39.6,100.0
44500,0.0,100.0
44750,0.0,100.0
45000,0.0,66.66666666666666
45250,0.0,99.2094861660079
45500,0.0,99.60238568588468
45750,0.0,99.734395750332
46000,0.0,99.70089730807578
46250,38.800000000000004,84.4621513944223
46500,0.0,59.561752988047814
46750,0.0,74.7011952191235
47000,0.0,99.60159362549801
47250,0.8,99.19354838709677
47500,0.0,99.59839357429718
47750,0.0,99.73262032085562
48000,0.0,99.6993987975952
48250,38.800000000000004,84.38438438438438
48500,0.0,59.35935935935935
48750,0.0,75.07507507507508
49000,0.8,100.0
49250,0.0,99.2094861660079
49500,0.0,99.60238568588468
49750,0.0,99.734395750332
50000,0.0,99.80059820538385
50250,38.800000000000004,84.66135458167331
50500,0.0,59.76095617529881
50750,0.0,74.7011952191235
51000,0.0,99.60159362549801
51250,0.8,100.0
51500,0.0,100.0
51750,0.0,100.0
52000,0.0,100.0
52250,40.0,50.0
52500,0.0,50.0
52750,0.0,50.0
53000,0.0,50.0
53250,0.0,50.0
53500,0.0,50.0
53750,0.0,50.0
54000,0.0,50.0
54250,0.0,98.66666666666667
54500,0.0,99.5
54750,0.0,99.6923076923077
55000,0.0,99.77777777777777
55250,0.0,99.82608695652175
55500,0.0,99.85714285714286
55750,0.0,99.87878787878788
56000,0.0,100.0
56250,0.0,98.65771812080537
56500,0.0,99.49874686716792
56750,0.0,99.69183359013869
57000,0.0,99.77753058954394
57250,0.0,99.82593559617058
57500,0.0,99.85704074338814
57750,0.0,99.87871437234688
58000,0.0,99.89468141126909
58250,0.8,98.64864864864865
58500,0.0,99.49748743718592
58750,0.0,99.69135802469135
59000,0.0,99.77728285077951
59250,0.0,99.82578397212544
59500,0.0,99.85693848354794
59750,0.0,99.87864077669903
60000,0.0,99.89462592202318
60250,0.8,98.63945578231292
60500,0.0,99.49622166246851
60750,0.0,99.69088098918083
61000,0.0,99.77703455964325
61250,0.0,99.8256320836966
61500,0.0,99.85683607730851
61750,0.0,99.87856709168184
62000,0.0,99.89457037427518
62250,0.8,98.63013698630137
62500,0.0,99.4949494949495
62750,0.0,99.69040247678018
63000,0.0,99.77678571428571
63250,0.0,99.82547993019197
63500,0.0,99.8567335243553
63750,0.0,99.87849331713244
64000,0.0,99.89451476793249
64250,0.8,98.62068965517241
64500,0.0,99.49367088607595
64750,0.0,99.68992248062015
65000,0.0,99.77653631284916
65250,0.0,99.82532751091703
65500,0.0,99.85663082437276
65750,0.0,99.87841945288753
66000,0.0,99.89445910290237
66250,0.8,98.61111111111111
66500,0.0,99.49238578680203
66750,0.0,99.68944099378882
67000,0.0,99.77628635346755
67250,0.0,99.82517482517483
67500,0.0,99.85652797704448
67750,0.0,99.87834549878345
68000,0.0,99.89440337909187
68250,0.8,98.6013986013986
68500,0.0,99.49109414758269
68750,0.0,99.68895800933126
69000,0.0,99.77603583426652
69250,0.0,99.82502187226596
69500,0.0,99.85642498205313
69750,0.0,99.87827145465612
70000,0.0,99.89434759640781
70250,0.8,98.59154929577466
70500,0.0,99.48979591836735
70750,0.0,99.68847352024922
71000,0.0,99.77578475336323
71250,0.0,99.82486865148861
71500,0.0,99.85632183908046
71750,0.0,99.87819732034104
72000,0.0,99.89429175475686
72250,0.8,98.58156028368793
72500,0.0,99.48849104859335
72750,0.0,99.68798751950078
73000,0.0,99.77553310886644
73250,0.0,99.82471516213847
73500,0.0,99.85621854780733
73750,0.0,99.87812309567336
74000,0.0,99.89423585404548
74250,0.8,98.57142857142858
74500,0.0,99.48717948717949
74750,0.0,99.6875
75000,0.0,99.7752808988764
75250,0.0,99.82456140350877
75500,0.0,99.85611510791367
75750,0.0,99.8780487804878
76000,0.0,99.89417989417989
76250,0.8,98.56115107913669
76500,0.0,99.48586118251927
76750,0.0,99.68701095461658
77000,0.0,99.77502812148481
77250,0.0,99.82440737489026
77500,0.0,99.85601151907846
77750,0.0,99.87797437461867
78000,0.0,99.89412387506617
78250,0.8,98.55072463768117
78500,0.0,99.48453608247422
78750,0.0,99.68652037617555
79000,0.0,99.77477477477478
79250,0.0,99.82425307557118
79500,0.0,99.85590778097982
79750,0.0,99.87789987789988
80000,0.0,99.89406779661016
80250,0.8,98.54014598540147
80500,0.0,99.48320413436691
80750,0.0,99.68602825745683
81000,0.0,99.77452085682074
81250,0.0,99.8240985048373
81500,0.0,99.85580389329488
81750,0.0,99.87782529016494
82000,0.0,99.89401165871755
82250,0.8,98.52941176470588
82500,0.0,99.48186528497409
82750,0.0,99.68553459119497
83000,0.0,99.77426636568849
83250,0.0,99.82394366197182
83500,0.0,99.85569985569985
83750,0.0,99.87775061124694
84000,0.0,99.89395546129374
84250,0.8,98.51851851851852
84500,0.0,99.48051948051948
84750,0.0,99.68503937007874
85000,0.0,99.77401129943503
85250,0.0,99.82378854625551
85500,0.0,99.85559566787003
85750,0.0,99.8776758409786
86000,0.0,99.89389920424404
86250,0.8,98.50746268656717
86500,0.0,99.47916666666666
86750,0.0,99.6845425867508
87000,0.0,99.77375565610859
87250,0.0,99.82363315696648
87500,0.0,99.85549132947978
87750,0.0,99.87760097919217
88000,0.0,99.89384288747345
88250,0.8,98.49624060150376
88500,0.0,99.47780678851174
88750,0.0,99.68404423380727
89000,0.0,99.77349943374858
89250,0.0,99.82347749338041
89500,0.0,99.85538684020246
89750,0.0,99.87752602571953
90000,0.0,99.89378651088688
90250,0.8,98.48484848484848
90500,0.0,99.47643979057592
90750,0.0,99.68354430379746
91000,0.0,99.77324263038548
91250,0.0,99.82332155477032
91500,0.0,99.85528219971056
91750,0.0,99.87745098039215
92000,0.0,99.89373007438896
92250,0.8,98.47328244274809
92500,0.0,99.47506561679789
92750,0.0,99.68304278922345
93000,0.0,99.77298524404085
93250,0.0,99.82316534040672
93500,0.0,99.8551774076756
93750,0.0,99.87737584304108
94000,0.0,99.8936735778841
94250,0.8,98.46153846153847
94500,0.0,99.47368421052632
94750,0.0,99.68253968253968
95000,0.0,99.77272727272727
95250,0.0,99.82300884955752
95500,0.0,99.85507246376811
95750,0.0,99.87730061349693
96000,0.0,99.8936170212766
96250,0.8,98.44961240310077
96500,0.0,99.47229551451187
96750,0.0,99.68203497615262
97000,0.0,99.77246871444824
97250,0.0,99.82285208148805
97500,0.0,99.85496736765772
97750,0.0,99.87722529158994
98000,0.0,99.89356040447046
98250,0.8,98.4375
98500,0.0,99.47089947089947
98750,0.0,99.68152866242038
99000,0.0,99.77220956719817
99250,0.0,99.822695035461
99500,0.0,99.85486211901306
99750,0.0,99.87714987714988
100000,0.0,99.89350372736953
100250,0.8,98.4251968503937
100500,0.0,99.46949602122017
100750,0.0,99.68102073365232
101000,0.0,99.77194982896236
101250,0.0,99.82253771073647
101500,0.0,99.85475671750181
101750,0.0,99.87707437000614
102000,0.0,99.89344698987746
102250,0.8,98.4126984126984
102500,0.0,99.46808510638297
102750,0.0,99.68051118210862
103000,0.0,99.77168949771689
103250,0.0,99.82238010657194
103500,0.0,99.8546511627907
103750,0.0,99.87699876998771
104000,0.0,99.89339019189765
104250,38.800000000000004,93.27377824487651
104500,0.0,80.13662637940094
104750,0.0,66.99947451392538
105000,0.0,53.86232264844981
105250,0.0,64.31949553336837
105500,0.0,77.45664739884393
105750,0.0,90.5937992643195
106000,0.8,100.0
106250,39.6,98.4126984126984
106500,0.0,99.46808510638297
106750,0.0,99.68051118210862
107000,0.0,99.77168949771689
107250,0.0,99.82238010657194
107500,0.0,99.8546511627907
107750,0.0,99.87699876998771
108000,0.0,99.89339019189765
108250,38.800000000000004,93.27377824487651
108500,0.0,80.13662637940094
108750,0.0,66.99947451392538
109000,0.0,53.86232264844981
109250,0.0,64.31949553336837
109500,0.0,77.45664739884393
109750,0.0,90.5937992643195
110000,0.8,1.36986301369863
110250,39.6,98.4126984126984
110500,0.0,99.46808510638297
110750,0.0,99.68051118210862
111000,0.0,99.77168949771689
111250,0.0,99.82238010657194
111500,0.0,99.8546511627907
111750,0.0,99.87699876998771
112000,0.0,99.89339019189765
112250,38.800000000000004,93.27377824487651
112500,0.0,80.13662637940094
112750,0.0,66.99947451392538
113000,0.0,53.86232264844981
113250,0.0,64.31949553336837
113500,0.0,77.45664739884393
113750,0.0,90.5937992643195
114000,0.8,100.0
114250,39.6,98.4126984126984
114500,0.0,99.46808510638297
114750,0.0,99.68051118210862
115000,0.0,99.77168949771689
115250,0.0,99.82238010657194
115500,0.0,99.8546511627907
115750,0.0,99.87699876998771
116000,0.0,99.89339019189765
116250,38.800000000000004,93.27377824487651
116500,0.0,80.13662637940094
116750,0.0,66.99947451392538
117000,0.0,53.86232264844981
117250,0.0,64.31949553336837
117500,0.0,77.45664739884393
117750,0.0,90.5937992643195
118000,0.8,1.36986301369863
118250,39.6,98.4126984126984
118500,0.0,99.46808510638297
118750,0.0,99.68051118210862
119000,0.0,99.77168949771689
119250,0.0,99.82238010657194
119500,0.0,99.8546511627907
119750,0.0,99.87699876998771
120000,0.0,99.89339019189765
120250,38.800000000000004,93.27377824487651
120500,0.0,80.13662637940094
120750,0.0,66.99947451392538
121000,0.0,53.86232264844981
121250,0.0,64.31949553336837
121500,0.0,77.45664739884393
121750,0.0,90.5937992643195
122000,0.8,100.0
122250,39.6,98.4126984126984
122500,0.0,99.46808510638297
122750,0.0,99.68051118210862
123000,0.0,99.77168949771689
123250,0.0,99.82238010657194
123500,0.0,99.8546511627907
123750,0.0,99.87699876998771
124000,0.0,99.89339019189765
124250,38.800000000000004,93.27377824487651
124500,0.0,80.13662637940094
124750,0.0,66.99947451392538
125000,0.0,53.86232264844981
125250,0.0,64.31949553336837
125500,0.0,77.45664739884393
125750,0.0,90.5937992643195
126000,0.8,1.36986301369863
126250,39.6,98.4126984126984
126500,0.0,99.46808510638297
126750,0.0,99.68051118210862
127000,0.0,99.77168949771689
127250,0.0,99.82238010657194
127500,0.0,99.8546511627907
127750,0.0,99.87699876998771
128000,0.0,99.89339019189765
128250,38.800000000000004,93.27377824487651
128500,0.0,80.13662637940094
128750,0.0,66.99947451392538
129000,0.0,53.86232264844981
129250,0.0,64.31949553336837
129500,0.0,77.45664739884393
129750,0.0,90.5937992643195
130000,0.8,100.0
130250,39.6,98.4126984126984
130500,0.0,99.46808510638297
130750,0.0,99.68051118210862
131000,0.0,99.77168949771689
131250,0.0,99.82238010657194
131500,0.0,99.8546511627907
131750,0.0,99.87699876998771
132000,0.0,99.89339019189765
132250,38.800000000000004,93.27377824487651
132500,0.0,80.13662637940094
132750,0.0,66.99947451392538
133000,0.0,53.86232264844981
133250,0.0,64.31949553336837
133500,0.0,77.45664739884393
133750,0.0,90.5937992643195
134000,0.8,1.36986301369863
134250,39.6,98.4126984126984
134500,0.0,99.46808510638297
134750,0.0,99.68051118210862
135000,0.0,99.77168949771689
135250,0.0,99.82238010657194
135500,0.0,99.8546511627907
135750,0.0,99.87699876998771
136000,0.0,99.89339019189765
136250,38.800000000000004,93.27377824487651
136500,0.0,80.13662637940094
136750,0.0,66.99947451392538
137000,0.0,53.86232264844981
137250,0.0,64.31949553336837
137500,0.0,77.45664739884393
137750,0.0,90.5937992643195
138000,0.8,100.0
138250,39.6,98.4126984126984
138500,0.0,99.46808510638297
138750,0.0,99.68051118210862
139000,0.0,99.77168949771689
139250,0.0,99.82238010657194
139500,0.0,99.8546511627907
139750,0.0,99.87699876998771
140000,0.0,99.89339019189765
140250,38.800000000000004,93.27377824487651
140500,0.0,80.13662637940094
140750,0.0,66.99947451392538
141000,0.0,53.86232264844981
141250,0.0,64.31949553336837
141500,0.0,77.45664739884393
141750,0.0,90.5937992643195
142000,0.8,1.36986301369863
142250,39.6,98.4126984126984
142500,0.0,99.46808510638297
142750,0.0,99.68051118210862
143000,0.0,99.77168949771689
143250,0.0,99.82238010657194
143500,0.0,99.8546511627907
143750,0.0,99.87699876998771
144000,0.0,99.89339019189765
144250,38.800000000000004,93.27377824487651
144500,0.0,80.13662637940094
144750,0.0,66.99947451392538
145000,0.0,53.86232264844981
145250,0.0,64.31949553336837
145500,0.0,77.45664739884393
145750,0.0,90.5937992643195
146000,0.8,100.0
146250,39.6,98.4126984126984
146500,0.0,99.46808510638297
146750,0.0,99.68051118210862
147000,0.0,99.77168949771689
147250,0.0,99.82238010657194
147500,0.0,99.8546511627907
147750,0.0,99.87699876998771
148000,0.0,99.89339019189765
148250,38.800000000000004,98.4375
148500,0.0,99.47089947089947
148750,0.0,99.68152866242038
149000,0.0,99.77220956719817
149250,0.0,99.822695035461
149500,0.0,99.85486211901306
149750,0.0,99.87714987714988
150000,0.0,1.36986301369863
150250,39.6,98.4126984126984
150500,0.0,99.46808510638297
150750,0.0,99.68051118210862
151000,0.0,99.77168949771689
151250,0.0,99.82238010657194
151500,0.0,99.8546511627907
151750,0.0,99.87699876998771
152000,0.0,99.89339019189765
152250,38.800000000000004,93.16868102995271
152500,0.0,80.03152916447715
152750,0.0,66.89437729900158
153000,0.0,53.75722543352601
153250,0.0,64.31949553336837
153500,0.0,77.45664739884393
153750,0.0,90.5937992643195
154000,0.8,100.0
154250,40.0,98.4
154500,0.0,99.46666666666667
154750,0.0,99.68
155000,0.0,99.77142857142857
155250,0.0,99.82222222222222
155500,0.0,99.85454545454544
155750,0.0,99.87692307692308
156000,0.0,99.89333333333333
156250,0.8,98.38709677419355
156500,0.0,99.46524064171123
156750,0.0,99.67948717948718
157000,0.0,99.77116704805492
157250,0.0,99.8220640569395
157500,0.0,99.85443959243085
157750,0.0,99.8768472906404
158000,0.0,99.89327641408752
158250,0.0,98.3739837398374
158500,0.0,99.46380697050938
158750,0.0,99.67897271268058
159000,0.0,99.7709049255441
159250,0.0,99.82190560997329
159500,0.0,99.8543335761107
159750,0.0,99.87677141096735
160000,0.0,99.893219434063
160250,0.8,98.36065573770492
160500,0.0,99.46236559139786
160750,0.0,99.67845659163987
161000,0.0,99.77064220183486
161250,0.0,99.8217468805704
161500,0.0,99.85422740524781
161750,0.0,99.8766954377312
162000,0.0,99.8931623931624
162250,0.8,98.34710743801654
162500,0.0,99.46091644204851
162750,0.0,99.6779388083736
163000,0.0,99.77037887485649
163250,0.0,99.82158786797503
163500,0.0,99.85412107950401
163750,0.0,99.87661937075879
164000,0.0,99.89310529128808
164250,0.8,98.33333333333333
164500,0.0,99.45945945945947
164750,0.0,99.67741935483872
165000,0.0,99.77011494252874
165250,0.0,99.82142857142857
165500,0.0,99.85401459854015
165750,0.0,99.87654320987654
166000,0.0,99.89304812834224
166250,0.8,98.31932773109243
166500,0.0,99.45799457994579
166750,0.0,99.67689822294022
167000,0.0,99.76985040276179
167250,0.0,99.8212689901698
167500,0.0,99.85390796201608
167750,0.0,99.87646695491044
168000,0.0,99.89299090422686
168250,0.8,98.30508474576271
168500,0.0,99.45652173913044
168750,0.0,99.67637540453075
169000,0.0,99.76958525345621
169250,0.0,99.82110912343471
169500,0.0,99.85380116959064
169750,0.0,99.87639060568603
170000,0.0,99.89293361884368
170250,0.8,98.29059829059828
170500,0.0,99.45504087193461
170750,0.0,99.67585089141005
171000,0.0,99.76931949250289
171250,0.0,99.82094897045658
171500,0.0,99.85369422092172
171750,0.0,99.87631416202845
172000,0.0,99.89287627209427
172250,0.8,98.27586206896551
172500,0.0,99.4535519125683
172750,0.0,99.67532467532467
173000,0.0,99.76905311778292
173250,0.0,99.82078853046595
173500,0.0,99.85358711566617
173750,0.0,99.87623762376238
174000,0.0,99.89281886387997
174250,0.8,98.26086956521739
174500,0.0,99.45205479452055
174750,0.0,99.67479674796748
175000,0.0,99.76878612716763
175250,0.0,99.82062780269058
175500,0.0,99.85347985347985
175750,0.0,99.87616099071207
176000,0.0,99.89276139410188
176250,0.8,98.24561403508771
176500,0.0,99.45054945054946
176750,0.0,99.6742671009772
177000,0.0,99.76851851851852
177250,0.0,99.82046678635548
177500,0.0,99.8533724340176
177750,0.0,99.87608426270135
178000,0.0,99.89270386266095
178250,0.8,98.23008849557522
178500,0.0,99.44903581267218
178750,0.0,99.673735725938
179000,0.0,99.76825028968713
179250,0.0,99.82030548068283
179500,0.0,99.85326485693324
179750,0.0,99.87600743955363
180000,0.0,99.89264626945786
180250,0.8,98.21428571428571
180500,0.0,99.4475138121547
180750,0.0,99.67320261437908
181000,0.0,99.76798143851508
181250,0.0,99.82014388489209
181500,0.0,99.85315712187959
181750,0.0,99.87593052109182
182000,0.0,99.89258861439313
182250,0.8,98.1981981981982
182500,0.0,99.44598337950139
182750,0.0,99.67266775777414
183000,0.0,99.76771196283391
183250,0.0,99.81998199819982
183500,0.0,99.85304922850845
183750,0.0,99.87585350713843
184000,0.0,99.89253089736701
184250,0.8,98.18181818181819
184500,0.0,99.44444444444444
184750,0.0,99.672131147541
185000,0.0,99.76744186046511
185250,0.0,99.81981981981983
185500,0.0,99.8529411764706
185750,0.0,99.87577639751552
186000,0.0,99.89247311827957
186250,0.8,98.1651376146789
186500,0.0,99.44289693593315
186750,0.0,99.67159277504105
187000,0.0,99.76717112922002
187250,0.0,99.81965734896303
187500,0.0,99.85283296541574
187750,0.0,99.87569919204475
188000,0.0,99.89241527703066
188250,0.8,98.14814814814815
188500,0.0,99.4413407821229
188750,0.0,99.67105263157895
189000,0.0,99.76689976689977
189250,0.0,99.81949458483754
189500,0.0,99.85272459499264
189750,0.0,99.87562189054727
190000,0.0,99.89235737351991
190250,0.8,98.13084112149532
190500,0.0,99.43977591036415
190750,0.0,99.67051070840198
191000,0.0,99.76662777129522
191250,0.0,99.8193315266486
191500,0.0,99.85261606484893
191750,0.0,99.8755444928438
192000,0.0,99.89229940764675
192250,0.8,98.11320754716981
192500,0.0,99.43820224719101
192750,0.0,99.66996699669967
193000,0.0,99.76635514018692
193250,0.0,99.81916817359856
193500,0.0,99.85250737463127
193750,0.0,99.87546699875467
194000,0.0,99.89224137931035
194250,0.8,98.09523809523809
194500,0.0,99.43661971830986
194750,0.0,99.6694214876033
195000,0.0,99.76608187134502
195250,0.0,99.81900452488688
195500,0.0,99.85239852398524
195750,0.0,99.8753894080997
196000,0.0,99.89218328840971
196250,0.8,98.07692307692307
196500,0.0,99.43502824858757
196750,0.0,99.66887417218543
197000,0.0,99.76580796252928
197250,0.0,99.81884057971014
197500,0.0,99.85228951255539
197750,0.0,99.87531172069825
198000,0.0,99.89212513484358
198250,0.8,98.05825242718447
198500,0.0,99.43342776203966
198750,0.0,99.66832504145937
199000,0.0,99.76553341148886
199250,0.0,99.81867633726202
199500,0.0,99.85218033998522
199750,0.0,99.87523393636931
200000,0.0,99.89206691851052
200250,0.8,98.0392156862745
200500,0.0,99.43181818181817
200750,0.0,99.66777408637874
201000,0.0,99.76525821596243
201250,0.0,99.8185117967332
201500,0.0,99.85207100591717
201750,0.0,99.87515605493134
202000,0.0,99.89200863930886
202250,0.8,98.01980198019803
202500,0.0,99.43019943019942
202750,0.0,99.66722129783693
203000,0.0,99.76498237367802
203250,0.0,99.81834695731153
203500,0.0,99.85196150999259
203750,0.0,99.87507807620237
204000,0.0,99.89195029713667
204250,0.8,100.0
204500,0.0,99.42857142857143
204750,0.0,99.66666666666667
205000,0.0,99.76470588235294
205250,0.0,99.81818181818181
205500,0.0,99.85185185185185
205750,0.0,99.875
206000,0.0,99.89189189189189
206250,38.800000000000004,94.64004203888598
206500,0.0,81.5028901734104
206750,0.0,68.36573830793485
207000,0.0,55.228586442459275
207250,0.0,62.953231739358905
207500,0.0,76.09038360483447
207750,0.0,89.22753547031004
208000,0.8,100.0
208250,39.6,100.0
208500,0.0,99.42857142857143
208750,0.0,99.66666666666667
209000,0.0,99.76470588235294
209250,0.0,99.81818181818181
209500,0.0,99.85185185185185
209750,0.0,99.875
210000,0.0,99.89189189189189
210250,38.800000000000004,94.64004203888598
210500,0.0,81.5028901734104
210750,0.0,68.36573830793485
211000,0.0,55.228586442459275
211250,0.0,62.953231739358905
211500,0.0,76.09038360483447
211750,0.0,89.22753547031004
212000,0.8,2.127659574468085
212250,39.6,100.0
212500,0.0,99.42857142857143
212750,0.0,99.66666666666667
213000,0.0,99.76470588235294
213250,0.0,99.81818181818181
213500,0.0,99.85185185185185
213750,0.0,99.875
214000,0.0,99.89189189189189
214250,38.800000000000004,94.64004203888598
214500,0.0,81.5028901734104
214750,0.0,68.36573830793485
215000,0.0,55.228586442459275
215250,0.0,62.953231739358905
215500,0.0,76.09038360483447
215750,0.0,89.22753547031004
216000,0.8,100.0
216250,39.6,100.0
216500,0.0,99.42857142857143
216750,0.0,99.66666666666667
217000,0.0,99.76470588235294
217250,0.0,99.81818181818181
217500,0.0,99.85185185185185
217750,0.0,99.875
218000,0.0,99.89189189189189
218250,38.800000000000004,94.64004203888598
218500,0.0,81.5028901734104
218750,0.0,68.36573830793485
219000,0.0,55.228586442459275
219250,0.0,62.953231739358905
219500,0.0,76.09038360483447
219750,0.0,89.22753547031004
220000,0.8,2.127659574468085
220250,39.6,100.0
220500,0.0,99.42857142857143
220750,0.0,99.66666666666667
221000,0.0,99.76470588235294
221250,0.0,99.81818181818181
221500,0.0,99.85185185185185
221750,0.0,99.875
222000,0.0,99.89189189189189
222250,38.800000000000004,94.64004203888598
222500,0.0,81.5028901734104
222750,0.0,68.36573830793485
223000,0.0,55.228586442459275
223250,0.0,62.953231739358905
223500,0.0,76.09038360483447
223750,0.0,89.22753547031004
224000,0.8,100.0
224250,39.6,100.0
224500,0.0,99.42857142857143
224750,0.0,99.66666666666667
225000,0.0,99.76470588235294
225250,0.0,99.81818181818181
225500,0.0,99.85185185185185
225750,0.0,99.875
226000,0.0,99.89189189189189
226250,38.800000000000004,94.64004203888598
226500,0.0,81.5028901734104
226750,0.0,68.36573830793485
227000,0.0,55.228586442459275
227250,0.0,62.953231739358905
227500,0.0,76.09038360483447
227750,0.0,89.22753547031004
228000,0.8,2.127659574468085
228250,39.6,100.0
228500,0.0,99.42857142857143
228750,0.0,99.66666666666667
229000,0.0,99.76470588235294
229250,0.0,99.81818181818181
229500,0.0,99.85185185185185
229750,0.0,99.875
230000,0.0,99.89189189189189
230250,38.800000000000004,94.64004203888598
230500,0.0,81.5028901734104
230750,0.0,68.36573830793485
231000,0.0,55.228586442459275
231250,0.0,62.953231739358905
231500,0.0,76.09038360483447
231750,0.0,89.22753547031004
232000,0.8,100.0
232250,39.6,100.0
232500,0.0,99.42857142857143
232750,0.0,99.66666666666667
233000,0.0,99.76470588235294
233250,0.0,99.81818181818181
233500,0.0,99.85185185185185
233750,0.0,99.875
234000,0.0,99.89189189189189
234250,38.800000000000004,94.64004203888598
234500,0.0,81.5028901734104
234750,0.0,68.36573830793485
235000,0.0,55.228586442459275
235250,0.0,62.953231739358905
235500,0.0,76.09038360483447
235750,0.0,89.22753547031004
236000,0.8,2.127659574468085
236250,39.6,100.0
236500,0.0,99.42857142857143
236750,0.0,99.66666666666667
237000,0.0,99.76470588235294
237250,0.0,99.81818181818181
237500,0.0,99.85185185185185
237750,0.0,99.875
238000,0.0,99.89189189189189
238250,38.800000000000004,94.64004203888598
238500,0.0,81.5028901734104
238750,0.0,68.36573830793485
239000,0.0,55.228586442459275
239250,0.0,62.953231739358905
239500,0.0,76.09038360483447
239750,0.0,89.22753547031004
240000,0.8,100.0
240250,39.6,100.0
240500,0.0,99.42857142857143
240750,0.0,99.66666666666667
241000,0.0,99.76470588235294
241250,0.0,99.81818181818181
241500,0.0,99.85185185185185
241750,0.0,99.875
242000,0.0,99.89189189189189
242250,38.800000000000004,94.64004203888598
242500,0.0,81.5028901734104
242750,0.0,68.36573830793485
243000,0.0,55.228586442459275
243250,0.0,62.953231739358905
243500,0.0,76.09038360483447
243750,0.0,89.22753547031004
244000,0.8,2.127659574468085
244250,39.6,100.0
244500,0.0,99.42857142857143
244750,0.0,99.66666666666667
245000,0.0,99.76470588235294
245250,0.0,99.81818181818181
245500,0.0,99.85185185185185
245750,0.0,99.875
246000,0.0,99.89189189189189
246250,38.800000000000004,94.64004203888598
246500,0.0,81.5028901734104
246750,0.0,68.36573830793485
247000,0.0,55.228586442459275
247250,0.0,62.953231739358905
247500,0.0,76.09038360483447
247750,0.0,89.22753547031004
248000,0.8,100.0
248250,39.6,100.0
248500,0.0,99.42857142857143
248750,0.0,99.66666666666667
249000,0.0,99.76470588235294
249250,0.0,99.81818181818181
249500,0.0,99.85185185185185
249750,0.0,99.875
250000,0.0,99.89189189189189
250250,38.800000000000004,94.64004203888598
250500,0.0,81.5028901734104
250750,0.0,68.36573830793485
251000,0.0,55.228586442459275
251250,0.0,62.953231739358905
251500,0.0,76.09038360483447
251750,0.0,89.22753547031004
252000,0.8,2.127659574468085
252250,39.6,100.0
252500,0.0,99.42857142857143
252750,0.0,99.66666666666667
253000,0.0,99.76470588235294
253250,0.0,99.81818181818181
253500,0.0,99.85185185185185
253750,0.0,99.875
254000,0.0,99.89189189189189
254250,38.800000000000004,94.64004203888598
254500,0.0,81.5028901734104
254750,0.0,68.36573830793485
255000,0.0,55.228586442459275
255250,0.0,62.953231739358905
255500,0.0,76.09038360483447
255750,0.0,89.22753547031004
256000,0.8,100.0
256250,40.0,100.0
256500,0.0,99.42693409742121
256750,0.0,99.6661101836394
257000,0.0,99.76442873969376
257250,0.0,99.81801637852593
257500,0.0,99.85174203113417
257750,0.0,99.87492182614133
258000,0.0,99.89183342347215
258250,0.8,100.0
258500,0.0,99.42528735632183
258750,0.0,99.66555183946488
259000,0.0,99.76415094339622
259250,0.0,99.81785063752277
259500,0.0,99.85163204747775
259750,0.0,99.87484355444305
260000,0.0,99.89177489177489
260250,0.8,100.0
260500,0.0,99.42363112391931
260750,0.0,99.66499162479062
261000,0.0,99.76387249114522
261250,0.0,99.81768459434822
261500,0.0,99.85152190051967
261750,0.0,99.87476518472135
262000,0.0,99.89171629669734
262250,0.8,100.0
262500,0.0,99.42196531791907
262750,0.0,99.66442953020133
263000,0.0,99.76359338061465
263250,0.0,99.81751824817519
263500,0.0,99.85141158989599
263750,0.0,99.87468671679198
264000,0.0,99.89165763813651
264250,0.8,100.0
264500,0.0,99.42028985507247
264750,0.0,99.66386554621849
265000,0.0,99.76331360946745
265250,0.0,99.81735159817352
265500,0.0,99.85130111524163
265750,0.0,99.87460815047022
266000,0.0,99.89159891598915
266250,0.8,100.0
266500,0.0,99.4186046511628
266750,0.0,99.66329966329967
267000,0.0,99.76303317535546
267250,0.0,99.81718464351006
267500,0.0,99.85119047619048
267750,0.0,99.87452948557089
268000,0.0,99.89154013015184
268250,0.8,100.0
268500,0.0,99.41690962099126
268750,0.0,99.6627318718381
269000,0.0,99.76275207591934
269250,0.0,99.81701738334858
269500,0.0,99.85107967237528
269750,0.0,99.87445072190835
270000,0.0,99.89148128052089
270250,0.8,100.0
270500,0.0,99.41520467836257
270750,0.0,99.66216216216216
271000,0.0,99.7624703087886
271250,0.0,99.81684981684981
271500,0.0,99.85096870342772
271750,0.0,99.87437185929649
272000,0.0,99.8914223669924
272250,0.8,100.0
272500,0.0,99.41348973607037
272750,0.0,99.66159052453469
273000,0.0,99.76218787158146
273250,0.0,99.8166819431714
273500,0.0,99.85085756897838
273750,0.0,99.87429289754871
274000,0.0,99.89136338946226
274250,0.8,100.0
274500,0.0,99.41176470588235
274750,0.0,99.66101694915255
275000,0.0,99.76190476190476
275250,0.0,99.81651376146789
275500,0.0,99.85074626865672
275750,0.0,99.87421383647799
276000,0.0,99.89130434782608
276250,0.8,100.0
276500,0.0,99.41002949852508
276750,0.0,99.66044142614601
277000,0.0,99.761620977354
277250,0.0,99.81634527089072
277500,0.0,99.85063480209111
277750,0.0,99.87413467589678
278000,0.0,99.89124524197933
278250,0.8,100.0
278500,0.0,99.40828402366864
278750,0.0,99.65986394557824
279000,0.0,99.76133651551312
279250,0.0,99.81617647058823
279500,0.0,99.85052316890882
279750,0.0,99.87405541561712
280000,0.0,99.8911860718172
280250,0.8,100.0
280500,0.0,99.40652818991099
280750,0.0,99.65928449744463
281000,0.0,99.7610513739546
281250,0.0,99.81600735970562
281500,0.0,99.85041136873598
281750,0.0,99.87397605545053
282000,0.0,99.89112683723462
282250,0.8,100.0
282500,0.0,99.40476190476191
282750,0.0,99.65870307167235
283000,0.0,99.76076555023924
283250,0.0,99.8158379373849
283500,0.0,99.8502994011976
283750,0.0,99.87389659520807
284000,0.0,99.89106753812636
284250,0.8,100.0
284500,0.0,99.40298507462687
284750,0.0,99.65811965811966
285000,0.0,99.76047904191617
285250,0.0,99.81566820276497
285500,0.0,99.8501872659176
285750,0.0,99.87381703470032
286000,0.0,99.89100817438693
286250,0.8,100.0
286500,0.0,99.40119760479041
286750,0.0,99.65753424657534
287000,0.0,99.76019184652279
287250,0.0,99.81549815498155
287500,0.0,99.85007496251875
287750,0.0,99.87373737373737
288000,0.0,99.89094874591058
288250,0.8,100.0
288500,0.0,99.3993993993994
288750,0.0,99.65694682675816
289000,0.0,99.75990396158463
289250,0.0,99.81532779316713
289500,0.0,99.84996249062266
289750,0.0,99.87365761212888
290000,0.0,99.89088925259138
290250,0.8,100.0
290500,0.0,99.3975903614458
290750,0.0,99.65635738831615
291000,0.0,99.75961538461539
291250,0.0,99.81515711645102
291500,0.0,99.84984984984985
291750,0.0,99.87357774968395
292000,0.0,99.89082969432314
292250,0.8,100.0
292500,0.0,99.39577039274926
292750,0.0,99.65576592082617
293000,0.0,99.75932611311673
293250,0.0,99.81498612395929
293500,0.0,99.84973703981969
293750,0.0,99.87349778621126
294000,0.0,99.89077007099945
294250,0.8,100.0
294500,0.0,99.39393939393939
294750,0.0,99.6551724137931
295000,0.0,99.75903614457832
295250,0.0,99.81481481481481
295500,0.0,99.84962406015038
295750,0.0,99.87341772151899
296000,0.0,99.89071038251366
296250,0.8,100.0
296500,0.0,99.3920972644377
296750,0.0,99.65457685664938
297000,0.0,99.75874547647769
297250,0.0,99.81464318813717
297500,0.0,99.84951091045899
297750,0.0,99.87333755541482
298000,0.0,99.89065062875888
298250,0.8,100.0
298500,0.0,99.39024390243902
298750,0.0,99.65397923875432
299000,0.0,99.7584541062802
299250,0.0,99.81447124304268
299500,0.0,99.84939759036145
299750,0.0,99.87325728770595
300000,0.0,99.89059080962801
300250,0.8,100.0
300500,0.0,99.38837920489296
300750,0.0,99.65337954939342
301000,0.0,99.75816203143893
301250,0.0,99.81429897864437
301500,0.0,99.84928409947248
301750,0.0,99.8731769181991
302000,0.0,99.89053092501369
302250,0.8,100.0
302500,0.0,99.38650306748467
302750,0.0,99.65277777777779
303000,0.0,99.75786924939467
303250,0.0,99.81412639405205
303500,0.0,99.84917043740573
303750,0.0,99.8730964467005
304000,0.0,99.89047097480832
304250,0.8,100.0
304500,0.0,99.38461538461539
304750,0.0,99.65217391304347
305000,0.0,99.75757575757575
305250,0.0,99.81395348837209
305500,0.0,99.84905660377359
305750,0.0,99.87301587301587
306000,0.0,99.89041095890411
