250,0.0,20.8
500,0.0,60.4
750,0.0,73.6
1000,0.0,80.2
1250,0.0,84.16
1500,0.0,86.8
1750,0.0,88.68571428571428
2000,0.0,90.10000000000001
2250,0.4,20.481927710843372
2500,0.0,60.320641282565134
2750,0.0,73.56475300400534
3000,0.0,80.18018018018019
3250,0.0,84.14731785428343
3500,0.0,86.79119412941961
3750,0.0,88.67924528301887
4000,0.0,90.09504752376188
4250,0.4,20.481927710843372
4500,0.0,60.320641282565134
4750,0.0,73.56475300400534
5000,0.0,80.18018018018019
5250,0.0,84.14731785428343
5500,0.0,86.79119412941961
5750,0.0,88.67924528301887
6000,0.0,90.09504752376188
6250,0.4,77.7
6500,0.0,65.2
6750,0.0,52.7
7000,0.0,50.0
7250,0.0,62.5
7500,0.0,75.0
7750,0.0,87.5
8000,79.2,100.0
8250,79.60000000000001,99.19678714859438
8500,0.0,99.59919839679358
8750,0.0,99.73297730307075
9000,0.0,99.7997997997998
9250,0.0,99.83987189751802
9500,0.0,99.866577718479
9750,0.0,99.88564894225271
10000,0.0,99.89994997498749
10250,78.8,97.3
10500,0.0,84.8
10750,0.0,72.3
11000,0.0,59.8
11250,0.0,62.5
11500,0.0,75.0
11750,0.0,87.5
12000,0.8,100.0
12250,79.60000000000001,50.0
12500,0.0,50.0
12750,0.0,50.0
13000,0.0,50.0
13250,0.0,50.0
13500,0.0,50.0
13750,0.0,50.0
14000,0.0,50.0
14250,79.60000000000001,50.0
14500,0.0,50.0
14750,0.0,50.0
15000,0.0,100.0
15250,0.0,99.2094861660079
15500,0.0,99.60238568588468
15750,0.0,99.734395750332
16000,0.0,100.0
16250,79.60000000000001,100.0
16500,0.0,100.0
16750,0.0,100.0
17000,0.0,100.0
17250,0.0,100.0
17500,0.0,100.0
17750,0.0,100.0
18000,0.0,66.66666666666666
18250,79.60000000000001,99.19354838709677
18500,0.0,99.59839357429718
18750,0.0,99.73262032085562
19000,0.0,99.79959919839679
19250,0.0,99.83974358974359
19500,0.0,99.86648865153538
19750,0.0,99.88558352402745
20000,0.0,99.84984984984985
20250,78.8,97.19859929964983
20500,0.0,84.69234617308655
20750,0.0,72.18609304652325
21000,0.0,59.679839919959974
21250,0.0,62.531265632816414
21500,0.0,75.03751875937968
21750,0.0,87.54377188594297
22000,0.8,100.0
22250,79.60000000000001,99.19354838709677
22500,0.0,99.59839357429718
22750,0.0,99.73262032085562
23000,0.0,99.79959919839679
23250,0.0,99.83974358974359
23500,0.0,99.86648865153538
23750,0.0,99.88558352402745
24000,0.0,99.8998998998999
24250,78.8,97.29864932466234
24500,0.0,84.79239619809906
24750,0.0,72.28614307153578
25000,0.0,59.77988994497249
25250,0.0,62.531265632816414
25500,0.0,75.03751875937968
25750,0.0,87.54377188594297
26000,0.8,33.33333333333333
26250,79.60000000000001,99.19354838709677
26500,0.0,99.59839357429718
26750,0.0,99.73262032085562
27000,0.0,99.89969909729187
27250,0.0,100.0
27500,0.0,100.0
27750,0.0,100.0
28000,0.0,100.0
28250,79.60000000000001,100.0
28500,0.0,100.0
28750,0.0,100.0
29000,0.0,100.0
29250,0.0,100.0
29500,0.0,100.0
29750,0.0,100.0
30000,0.0,66.66666666666666
30250,79.60000000000001,99.19354838709677
30500,0.0,99.59839357429718
30750,0.0,99.73262032085562
31000,0.0,99.79959919839679
31250,0.0,99.83974358974359
31500,0.0,99.86648865153538
31750,0.0,99.88558352402745
32000,0.0,33.33333333333333
32250,78.8,100.0
32500,0.0,99.3421052631579
32750,0.0,99.63898916967509
33000,0.0,99.75124378109453
33250,0.0,99.81024667931689
33500,0.0,99.84662576687117
33750,0.0,99.87129987129987
34000,0.0,99.88913525498891
34250,78.8,97.00831024930748
34500,0.0,83.15789473684211
34750,0.0,69.30747922437673
35000,0.0,55.45706371191136
35250,0.0,69.25207756232687
35500,0.0,83.10249307479224
35750,0.0,96.95290858725761
36000,0.8,100.0
36250,79.60000000000001,100.0
36500,0.0,99.3421052631579
36750,0.0,99.63898916967509
37000,0.0,99.75124378109453
37250,0.0,99.81024667931689
37500,0.0,99.84662576687117
37750,0.0,99.87129987129987
38000,0.0,99.88913525498891
38250,78.8,97.00831024930748
38500,0.0,83.15789473684211
38750,0.0,69.30747922437673
39000,0.0,55.45706371191136
39250,0.0,69.25207756232687
39500,0.0,83.10249307479224
39750,0.0,96.95290858725761
40000,0.8,0.5076142131979695
40250,79.60000000000001,100.0
40500,0.0,99.33774834437085
40750,0.0,99.63768115942028
41000,0.0,99.75062344139651
41250,0.0,99.80988593155894
41500,0.0,99.84639016897081
41750,0.0,99.87113402061856
42000,0.0,100.0
42250,79.60000000000001,100.0
42500,0.0,100.0
42750,0.0,100.0
43000,0.0,100.0
43250,0.0,100.0
43500,0.0,100.0
43750,0.0,100.0
44000,0.0,100.0
44250,79.60000000000001,100.0
44500,0.0,100.0
44750,0.0,100.0
45000,0.0,66.66666666666666
45250,0.0,99.2094861660079
45500,0.0,99.60238568588468
45750,0.0,99.734395750332
46000,0.0,99.70089730807578
46250,78.8,94.42231075697211
46500,0.0,69.52191235059762
46750,0.0,74.7011952191235
47000,0.0,99.60159362549801
47250,0.8,99.19354838709677
47500,0.0,99.59839357429718
47750,0.0,99.73262032085562
48000,0.0,99.6993987975952
48250,78.8,94.3943943943944
48500,0.0,69.36936936936937
48750,0.0,75.07507507507508
49000,0.8,100.0
49250,0.0,99.2094861660079
49500,0.0,99.60238568588468
49750,0.0,99.734395750332
50000,0.0,99.80059820538385
50250,78.8,94.62151394422311
50500,0.0,69.7211155378486
50750,0.0,74.7011952191235
51000,0.0,99.60159362549801
51250,0.8,100.0
51500,0.0,100.0
51750,0.0,100.0
52000,0.0,100.0
52250,80.0,50.0
52500,0.0,50.0
52750,0.0,50.0
53000,0.0,50.0
53250,0.0,50.0
53500,0.0,50.0
53750,0.0,50.0
54000,0.0,50.0
54250,0.0,98.0
54500,0.0,99.33333333333333
54750,0.0,99.63636363636364
55000,0.0,99.75
55250,0.0,99.80952380952381
55500,0.0,99.84615384615385
55750,0.0,99.87096774193547
56000,0.0,100.0
56250,0.0,97.95918367346938
56500,0.0,99.33110367892976
56750,0.0,99.63570127504553
57000,0.0,99.7496871088861
57250,0.0,99.80934223069589
57500,0.0,99.84603541185527
57750,0.0,99.87088444157521
58000,0.0,99.88882712618121
58250,0.8,100.0
58500,0.0,99.32885906040269
58750,0.0,99.63503649635037
59000,0.0,99.74937343358395
59250,0.0,99.80916030534351
59500,0.0,99.84591679506933
59750,0.0,99.87080103359173
60000,0.0,99.88876529477196
60250,0.8,100.0
60500,0.0,99.32659932659934
60750,0.0,99.6343692870201
61000,0.0,99.74905897114178
61250,0.0,99.80897803247373
61500,0.0,99.84579799537394
61750,0.0,99.87071751777634
62000,0.0,99.88870339454647
62250,0.8,100.0
62500,0.0,99.32432432432432
62750,0.0,99.63369963369964
63000,0.0,99.74874371859298
63250,0.0,99.80879541108987
63500,0.0,99.84567901234568
63750,0.0,99.87063389391979
64000,0.0,99.88864142538975
64250,0.8,100.0
64500,0.0,99.32203389830508
64750,0.0,99.63302752293578
65000,0.0,99.74842767295597
65250,0.0,99.8086124401914
65500,0.0,99.84555984555985
65750,0.0,99.8705501618123
66000,0.0,99.88857938718662
66250,0.8,100.0
66500,0.0,99.31972789115646
66750,0.0,99.63235294117648
67000,0.0,99.74811083123426
67250,0.0,99.80842911877394
67500,0.0,99.84544049459042
67750,0.0,99.87046632124353
68000,0.0,99.88851727982163
68250,0.8,100.0
68500,0.0,99.31740614334471
68750,0.0,99.6316758747698
69000,0.0,99.74779319041615
69250,0.0,99.80824544582933
69500,0.0,99.84532095901005
69750,0.0,99.8703823720026
70000,0.0,99.88845510317903
70250,0.8,100.0
70500,0.0,99.31506849315068
70750,0.0,99.63099630996311
71000,0.0,99.74747474747475
71250,0.0,99.80806142034548
71500,0.0,99.84520123839009
71750,0.0,99.87029831387808
72000,0.0,99.88839285714286
72250,0.8,100.0
72500,0.0,99.3127147766323
72750,0.0,99.63031423290202
73000,0.0,99.74715549936789
73250,0.0,99.80787704130644
73500,0.0,99.84508133230054
73750,0.0,99.87021414665801
74000,0.0,99.88833054159687
74250,0.8,100.0
74500,0.0,99.3103448275862
74750,0.0,99.62962962962963
75000,0.0,99.74683544303798
75250,0.0,99.8076923076923
75500,0.0,99.84496124031008
75750,0.0,99.87012987012987
76000,0.0,99.88826815642457
76250,0.8,100.0
76500,0.0,99.30795847750865
76750,0.0,99.62894248608535
77000,0.0,99.74651457541192
77250,0.0,99.8075072184793
77500,0.0,99.84484096198604
77750,0.0,99.87004548408058
78000,0.0,99.88820570150922
78250,0.8,100.0
78500,0.0,99.30555555555556
78750,0.0,99.62825278810409
79000,0.0,99.74619289340102
79250,0.0,99.8073217726397
79500,0.0,99.84472049689441
79750,0.0,99.8699609882965
80000,0.0,99.88814317673378
80250,0.8,100.0
80500,0.0,99.30313588850174
80750,0.0,99.62756052141528
81000,0.0,99.74587039390089
81250,0.0,99.80713596914175
81500,0.0,99.84459984459984
81750,0.0,99.86987638256343
82000,0.0,99.88808058198097
82250,0.8,100.0
82500,0.0,99.3006993006993
82750,0.0,99.6268656716418
83000,0.0,99.74554707379136
83250,0.0,99.8069498069498
83500,0.0,99.84447900466563
83750,0.0,99.86979166666666
84000,0.0,99.88801791713325
84250,0.8,100.0
84500,0.0,99.29824561403508
84750,0.0,99.62616822429906
85000,0.0,99.7452229299363
85250,0.0,99.80676328502416
85500,0.0,99.8443579766537
85750,0.0,99.86970684039088
86000,0.0,99.88795518207283
86250,0.8,100.0
86500,0.0,99.29577464788733
86750,0.0,99.625468164794
87000,0.0,99.74489795918367
87250,0.0,99.80657640232108
87500,0.0,99.84423676012462
87750,0.0,99.86962190352021
88000,0.0,99.88789237668162
88250,0.8,100.0
88500,0.0,99.29328621908127
88750,0.0,99.62476547842401
89000,0.0,99.74457215836526
89250,0.0,99.80638915779284
89500,0.0,99.84411535463757
89750,0.0,99.86953685583822
90000,0.0,99.88782950084128
90250,0.8,100.0
90500,0.0,99.29078014184397
90750,0.0,99.62406015037594
91000,0.0,99.74424552429667
91250,0.0,99.8062015503876
91500,0.0,99.84399375975039
91750,0.0,99.86945169712794
92000,0.0,99.88776655443323
92250,0.8,100.0
92500,0.0,99.28825622775801
92750,0.0,99.62335216572504
93000,0.0,99.74391805377721
93250,0.0,99.80601357904946
93500,0.0,99.84387197501951
93750,0.0,99.86936642717178
94000,0.0,99.88770353733858
94250,0.8,100.0
94500,0.0,99.28571428571429
94750,0.0,99.62264150943396
95000,0.0,99.74358974358975
95250,0.0,99.80582524271846
95500,0.0,99.84375
95750,0.0,99.86928104575163
96000,0.0,99.8876404494382
96250,0.8,100.0
96500,0.0,99.2831541218638
96750,0.0,99.62192816635161
97000,0.0,99.74326059050064
97250,0.0,99.80563654033043
97500,0.0,99.84362783424551
97750,0.0,99.86919555264879
98000,0.0,99.88757729061271
98250,0.8,100.0
98500,0.0,99.28057553956835
98750,0.0,99.62121212121212
99000,0.0,99.74293059125964
99250,0.0,99.80544747081711
99500,0.0,99.8435054773083
99750,0.0,99.86910994764398
100000,0.0,99.8875140607424
100250,0.8,100.0
100500,0.0,99.27797833935018
100750,0.0,99.62049335863378
101000,0.0,99.74259974259975
101250,0.0,99.80525803310614
101500,0.0,99.84338292873923
101750,0.0,99.86902423051735
102000,0.0,99.88745075970738
102250,0.8,100.0
102500,0.0,99.27536231884058
102750,0.0,99.61977186311786
103000,0.0,99.74226804123711
103250,0.0,99.80506822612085
103500,0.0,99.84326018808778
103750,0.0,99.8689384010485
104000,0.0,99.88738738738738
104250,78.8,98.44703272323905
104500,0.0,84.58125346644482
104750,0.0,70.71547420965058
105000,0.0,56.84969495285635
105250,0.0,67.88685524126456
105500,0.0,81.7526344980588
105750,0.0,95.61841375485302
106000,0.8,100.0
106250,79.60000000000001,100.0
106500,0.0,99.27536231884058
106750,0.0,99.61977186311786
107000,0.0,99.74226804123711
107250,0.0,99.80506822612085
107500,0.0,99.84326018808778
107750,0.0,99.8689384010485
108000,0.0,99.88738738738738
108250,78.8,98.44703272323905
108500,0.0,84.58125346644482
108750,0.0,70.71547420965058
109000,0.0,56.84969495285635
109250,0.0,67.88685524126456
109500,0.0,81.7526344980588
109750,0.0,95.61841375485302
110000,0.8,0.5780346820809248
110250,79.60000000000001,100.0
110500,0.0,99.27536231884058
110750,0.0,99.61977186311786
111000,0.0,99.74226804123711
111250,0.0,99.80506822612085
111500,0.0,99.84326018808778
111750,0.0,99.8689384010485
112000,0.0,99.88738738738738
112250,78.8,98.44703272323905
112500,0.0,84.58125346644482
112750,0.0,70.71547420965058
113000,0.0,56.84969495285635
113250,0.0,67.88685524126456
113500,0.0,81.7526344980588
113750,0.0,95.61841375485302
114000,0.8,100.0
114250,79.60000000000001,100.0
114500,0.0,99.27536231884058
114750,0.0,99.61977186311786
115000,0.0,99.74226804123711
115250,0.0,99.80506822612085
115500,0.0,99.84326018808778
115750,0.0,99.8689384010485
116000,0.0,99.88738738738738
116250,78.8,98.44703272323905
116500,0.0,84.58125346644482
116750,0.0,70.71547420965058
117000,0.0,56.84969495285635
117250,0.0,67.88685524126456
117500,0.0,81.7526344980588
117750,0.0,95.61841375485302
118000,0.8,0.5780346820809248
118250,79.60000000000001,100.0
118500,0.0,99.27536231884058
118750,0.0,99.61977186311786
119000,0.0,99.74226804123711
119250,0.0,99.80506822612085
119500,0.0,99.84326018808778
119750,0.0,99.8689384010485
120000,0.0,99.88738738738738
120250,78.8,98.44703272323905
120500,0.0,84.58125346644482
120750,0.0,70.71547420965058
121000,0.0,56.84969495285635
121250,0.0,67.88685524126456
121500,0.0,81.7526344980588
121750,0.0,95.61841375485302
122000,0.8,100.0
122250,79.60000000000001,100.0
122500,0.0,99.27536231884058
122750,0.0,99.61977186311786
123000,0.0,99.74226804123711
123250,0.0,99.80506822612085
123500,0.0,99.84326018808778
123750,0.0,99.8689384010485
124000,0.0,99.88738738738738
124250,78.8,98.44703272323905
124500,0.0,84.58125346644482
124750,0.0,70.71547420965058
125000,0.0,56.84969495285635
125250,0.0,67.88685524126456
125500,0.0,81.7526344980588
125750,0.0,95.61841375485302
126000,0.8,0.5780346820809248
126250,79.60000000000001,100.0
126500,0.0,99.27536231884058
126750,0.0,99.61977186311786
127000,0.0,99.74226804123711
127250,0.0,99.80506822612085
127500,0.0,99.84326018808778
127750,0.0,99.8689384010485
128000,0.0,99.88738738738738
128250,78.8,98.44703272323905
128500,0.0,84.58125346644482
128750,0.0,70.71547420965058
129000,0.0,56.84969495285635
129250,0.0,67.88685524126456
129500,0.0,81.7526344980588
129750,0.0,95.61841375485302
130000,0.8,100.0
130250,79.60000000000001,100.0
130500,0.0,99.27536231884058
130750,0.0,99.61977186311786
131000,0.0,99.74226804123711
131250,0.0,99.80506822612085
131500,0.0,99.84326018808778
131750,0.0,99.8689384010485
132000,0.0,99.88738738738738
132250,78.8,98.44703272323905
132500,0.0,84.58125346644482
132750,0.0,70.71547420965058
133000,0.0,56.84969495285635
133250,0.0,67.88685524126456
133500,0.0,81.7526344980588
133750,0.0,95.61841375485302
134000,0.8,0.5780346820809248
134250,79.60000000000001,100.0
134500,0.0,99.27536231884058
134750,0.0,99.61977186311786
135000,0.0,99.74226804123711
135250,0.0,99.80506822612085
135500,0.0,99.84326018808778
135750,0.0,99.8689384010485
136000,0.0,99.88738738738738
136250,78.8,98.44703272323905
136500,0.0,84.58125346644482
136750,0.0,70.71547420965058
137000,0.0,56.84969495285635
137250,0.0,67.88685524126456
137500,0.0,81.7526344980588
137750,0.0,95.61841375485302
138000,0.8,100.0
138250,79.60000000000001,100.0
138500,0.0,99.27536231884058
138750,0.0,99.61977186311786
139000,0.0,99.74226804123711
139250,0.0,99.80506822612085
139500,0.0,99.84326018808778
139750,0.0,99.8689384010485
140000,0.0,99.88738738738738
140250,78.8,98.44703272323905
140500,0.0,84.58125346644482
140750,0.0,70.71547420965058
141000,0.0,56.84969495285635
141250,0.0,67.88685524126456
141500,0.0,81.7526344980588
141750,0.0,95.61841375485302
142000,0.8,0.5780346820809248
142250,79.60000000000001,100.0
142500,0.0,99.27536231884058
142750,0.0,99.61977186311786
143000,0.0,99.74226804123711
143250,0.0,99.80506822612085
143500,0.0,99.84326018808778
143750,0.0,99.8689384010485
144000,0.0,99.88738738738738
144250,78.8,98.44703272323905
144500,0.0,84.58125346644482
144750,0.0,70.71547420965058
145000,0.0,56.84969495285635
145250,0.0,67.88685524126456
145500,0.0,81.7526344980588
145750,0.0,95.61841375485302
146000,0.8,100.0
146250,79.60000000000001,100.0
146500,0.0,99.27536231884058
146750,0.0,99.61977186311786
147000,0.0,99.74226804123711
147250,0.0,99.80506822612085
147500,0.0,99.84326018808778
147750,0.0,99.8689384010485
148000,0.0,99.88738738738738
148250,78.8,98.44703272323905
148500,0.0,84.58125346644482
148750,0.0,70.71547420965058
149000,0.0,56.84969495285635
149250,0.0,67.88685524126456
149500,0.0,81.7526344980588
149750,0.0,95.61841375485302
150000,0.8,0.5780346820809248
150250,79.60000000000001,100.0
150500,0.0,99.27536231884058
150750,0.0,99.61977186311786
151000,0.0,99.74226804123711
151250,0.0,99.80506822612085
151500,0.0,99.84326018808778
151750,0.0,99.8689384010485
152000,0.0,100.0
152250,78.8,100.0
152500,0.0,99.28057553956835
152750,0.0,99.62121212121212
153000,0.0,99.74293059125964
153250,0.0,99.80544747081711
153500,0.0,99.8435054773083
153750,0.0,99.86910994764398
154000,0.0,100.0
154250,80.0,100.0
154500,0.0,99.27272727272727
154750,0.0,99.61904761904762
155000,0.0,99.74193548387098
155250,0.0,99.8048780487805
155500,0.0,99.84313725490196
155750,0.0,99.8688524590164
156000,0.0,50.0
156250,0.0,95.83333333333334
156500,0.0,99.27007299270073
156750,0.0,99.61832061068702
157000,0.0,99.74160206718346
157250,0.0,99.8046875
157500,0.0,99.84301412872841
157750,0.0,99.86876640419948
158000,0.0,99.88726042841037
158250,0.8,100.0
158500,0.0,99.26739926739927
158750,0.0,99.61759082217974
159000,0.0,99.74126778783958
159250,0.0,99.80449657869013
159500,0.0,99.84289080911233
159750,0.0,99.86868023637557
160000,0.0,99.88719684151157
160250,0.8,100.0
160500,0.0,99.26470588235294
160750,0.0,99.61685823754789
161000,0.0,99.74093264248705
161250,0.0,99.80430528375733
161500,0.0,99.84276729559748
161750,0.0,99.86859395532196
162000,0.0,99.88713318284425
162250,0.8,100.0
162500,0.0,99.2619926199262
162750,0.0,99.61612284069098
163000,0.0,99.74059662775616
163250,0.0,99.80411361410381
163500,0.0,99.8426435877262
163750,0.0,99.86850756081526
164000,0.0,99.88706945228685
164250,0.8,100.0
164500,0.0,99.25925925925925
164750,0.0,99.61538461538461
165000,0.0,99.74025974025975
165250,0.0,99.80392156862746
165500,0.0,99.84251968503936
165750,0.0,99.86842105263159
166000,0.0,99.88700564971752
166250,0.8,100.0
166500,0.0,99.25650557620817
166750,0.0,99.61464354527938
167000,0.0,99.73992197659298
167250,0.0,99.80372914622178
167500,0.0,99.84239558707644
167750,0.0,99.86833443054641
168000,0.0,99.88694177501414
168250,0.8,100.0
168500,0.0,99.25373134328358
168750,0.0,99.61389961389962
169000,0.0,99.73958333333334
169250,0.0,99.80353634577604
169500,0.0,99.84227129337539
169750,0.0,99.86824769433466
170000,0.0,99.8868778280543
170250,0.8,100.0
170500,0.0,99.25093632958801
170750,0.0,99.61315280464217
171000,0.0,99.73924380704041
171250,0.0,99.80334316617503
171500,0.0,99.84214680347277
171750,0.0,99.86816084377061
172000,0.0,99.88681380871533
172250,0.8,100.0
172500,0.0,99.24812030075188
172750,0.0,99.6124031007752
173000,0.0,99.73890339425587
173250,0.0,99.80314960629921
173500,0.0,99.84202211690362
173750,0.0,99.86807387862797
174000,0.0,99.88674971687429
174250,0.8,100.0
174500,0.0,99.24528301886792
174750,0.0,99.6116504854369
175000,0.0,99.73856209150327
175250,0.0,99.80295566502463
175500,0.0,99.84189723320158
175750,0.0,99.86798679867987
176000,0.0,99.88668555240793
176250,0.8,100.0
176500,0.0,99.24242424242425
176750,0.0,99.61089494163424
177000,0.0,99.73821989528795
177250,0.0,99.80276134122288
177500,0.0,99.84177215189874
177750,0.0,99.8678996036988
178000,0.0,99.88662131519274
178250,0.8,100.0
178500,0.0,99.23954372623575
178750,0.0,99.61013645224172
179000,0.0,99.73787680209698
179250,0.0,99.8025666337611
179500,0.0,99.84164687252573
179750,0.0,99.86781229345671
180000,0.0,99.88655700510493
180250,0.8,100.0
180500,0.0,99.23664122137404
180750,0.0,99.609375
181000,0.0,99.73753280839895
181250,0.0,99.80237154150198
181500,0.0,99.84152139461173
181750,0.0,99.86772486772487
182000,0.0,99.88649262202043
182250,0.8,100.0
182500,0.0,99.23371647509579
182750,0.0,99.60861056751467
183000,0.0,99.73718791064388
183250,0.0,99.80217606330366
183500,0.0,99.84139571768438
183750,0.0,99.867637326274
184000,0.0,99.88642816581488
184250,0.8,100.0
184500,0.0,99.23076923076923
184750,0.0,99.6078431372549
185000,0.0,99.73684210526315
185250,0.0,99.8019801980198
185500,0.0,99.84126984126985
185750,0.0,99.86754966887416
186000,0.0,99.88636363636364
186250,0.8,100.0
186500,0.0,99.22779922779922
186750,0.0,99.60707269155206
187000,0.0,99.7364953886693
187250,0.0,99.8017839444995
187500,0.0,99.84114376489276
187750,0.0,99.8674618952949
188000,0.0,99.88629903354177
188250,0.8,100.0
188500,0.0,99.2248062015504
188750,0.0,99.60629921259843
189000,0.0,99.73614775725594
189250,0.0,99.8015873015873
189500,0.0,99.84101748807632
189750,0.0,99.86737400530504
190000,0.0,99.88623435722411
190250,0.8,100.0
190500,0.0,99.22178988326849
190750,0.0,99.60552268244575
191000,0.0,99.73579920739762
191250,0.0,99.80139026812313
191500,0.0,99.84089101034208
191750,0.0,99.86728599867286
192000,0.0,99.88616960728514
192250,0.8,100.0
192500,0.0,99.21875
192750,0.0,99.60474308300395
193000,0.0,99.73544973544973
193250,0.0,99.80119284294234
193500,0.0,99.84076433121018
193750,0.0,99.867197875166
194000,0.0,99.88610478359908
194250,0.8,100.0
194500,0.0,99.2156862745098
194750,0.0,99.60396039603961
195000,0.0,99.73509933774835
195250,0.0,99.80099502487563
195500,0.0,99.8406374501992
195750,0.0,99.8671096345515
196000,0.0,99.8860398860399
196250,0.8,100.0
196500,0.0,99.21259842519686
196750,0.0,99.60317460317461
197000,0.0,99.73474801061008
197250,0.0,99.800796812749
197500,0.0,99.84051036682615
197750,0.0,99.86702127659575
198000,0.0,99.8859749144812
198250,0.8,100.0
198500,0.0,99.2094861660079
198750,0.0,99.60238568588468
199000,0.0,99.734395750332
199250,0.0,99.80059820538385
199500,0.0,99.84038308060654
199750,0.0,99.86693280106454
200000,0.0,99.88590986879635
200250,0.8,100.0
200500,0.0,99.20634920634922
200750,0.0,99.60159362549801
201000,0.0,99.7340425531915
201250,0.0,99.8003992015968
201500,0.0,99.84025559105432
201750,0.0,99.86684420772303
202000,0.0,99.88584474885845
202250,0.4,99.95002498750625
202500,0.4,99.20318725099602
202750,0.0,99.60079840319361
203000,0.0,99.73368841544608
203250,0.0,99.80019980019979
203500,0.0,99.84012789768185
203750,0.0,99.86675549633578
204000,0.0,99.88577955454026
204250,0.0,99.9000499750125
204500,0.8,99.2
204750,0.0,99.6
205000,0.0,99.73333333333333
205250,0.0,99.8
205500,0.0,99.83999999999999
205750,0.0,99.86666666666667
206000,0.0,99.88571428571429
206250,78.8,99.88907376594565
206500,0.0,86.02329450915141
206750,0.0,72.15751525235719
207000,0.0,58.29173599556295
207250,0.0,66.44481419855795
207500,0.0,80.31059345535219
207750,0.0,94.17637271214643
208000,0.8,100.0
208250,78.8,100.0
208500,0.8,99.2
208750,0.0,99.6
209000,0.0,99.73333333333333
209250,0.0,99.8
209500,0.0,99.83999999999999
209750,0.0,99.86666666666667
210000,0.0,99.88571428571429
210250,78.8,99.88907376594565
210500,0.0,86.02329450915141
210750,0.0,72.15751525235719
211000,0.0,58.29173599556295
211250,0.0,66.44481419855795
211500,0.0,80.31059345535219
211750,0.0,94.17637271214643
212000,0.8,0.6802721088435374
212250,78.8,99.0
212500,0.8,99.2
212750,0.0,99.6
213000,0.0,99.73333333333333
213250,0.0,99.8
213500,0.0,99.83999999999999
213750,0.0,99.86666666666667
214000,0.0,99.88571428571429
214250,78.8,99.88907376594565
214500,0.0,86.02329450915141
214750,0.0,72.15751525235719
215000,0.0,58.29173599556295
215250,0.0,66.44481419855795
215500,0.0,80.31059345535219
215750,0.0,94.17637271214643
216000,0.8,100.0
216250,78.8,100.0
216500,0.8,99.2
216750,0.0,99.6
217000,0.0,99.73333333333333
217250,0.0,99.8
217500,0.0,99.83999999999999
217750,0.0,99.86666666666667
218000,0.0,99.88571428571429
218250,78.8,99.88907376594565
218500,0.0,86.02329450915141
218750,0.0,72.15751525235719
219000,0.0,58.29173599556295
219250,0.0,66.44481419855795
219500,0.0,80.31059345535219
219750,0.0,94.17637271214643
220000,0.8,0.6802721088435374
220250,78.8,99.0
220500,0.8,99.2
220750,0.0,99.6
221000,0.0,99.73333333333333
221250,0.0,99.8
221500,0.0,99.83999999999999
221750,0.0,99.86666666666667
222000,0.0,99.88571428571429
222250,78.8,99.88907376594565
222500,0.0,86.02329450915141
222750,0.0,72.15751525235719
223000,0.0,58.29173599556295
223250,0.0,66.44481419855795
223500,0.0,80.31059345535219
223750,0.0,94.17637271214643
224000,0.8,100.0
224250,78.8,100.0
224500,0.8,99.2
224750,0.0,99.6
225000,0.0,99.73333333333333
225250,0.0,99.8
225500,0.0,99.83999999999999
225750,0.0,99.86666666666667
226000,0.0,99.88571428571429
226250,78.8,99.88907376594565
226500,0.0,86.02329450915141
226750,0.0,72.15751525235719
227000,0.0,58.29173599556295
227250,0.0,66.44481419855795
227500,0.0,80.31059345535219
227750,0.0,94.17637271214643
228000,0.8,0.6802721088435374
228250,78.8,99.0
228500,0.8,99.2
228750,0.0,99.6
229000,0.0,99.73333333333333
229250,0.0,99.8
229500,0.0,99.83999999999999
229750,0.0,99.86666666666667
230000,0.0,99.88571428571429
230250,78.8,99.88907376594565
230500,0.0,86.02329450915141
230750,0.0,72.15751525235719
231000,0.0,58.29173599556295
231250,0.0,66.44481419855795
231500,0.0,80.31059345535219
231750,0.0,94.17637271214643
232000,0.8,100.0
232250,78.8,100.0
232500,0.8,99.2
232750,0.0,99.6
233000,0.0,99.73333333333333
233250,0.0,99.8
233500,0.0,99.83999999999999
233750,0.0,99.86666666666667
234000,0.0,99.88571428571429
234250,78.8,99.88907376594565
234500,0.0,86.02329450915141
234750,0.0,72.15751525235719
235000,0.0,58.29173599556295
235250,0.0,66.44481419855795
235500,0.0,80.31059345535219
235750,0.0,94.17637271214643
236000,0.8,0.6802721088435374
236250,78.8,99.0
236500,0.8,99.2
236750,0.0,99.6
237000,0.0,99.73333333333333
237250,0.0,99.8
237500,0.0,99.83999999999999
237750,0.0,99.86666666666667
238000,0.0,99.88571428571429
238250,78.8,99.88907376594565
238500,0.0,86.02329450915141
238750,0.0,72.15751525235719
239000,0.0,58.29173599556295
239250,0.0,66.44481419855795
239500,0.0,80.31059345535219
239750,0.0,94.17637271214643
240000,0.8,100.0
240250,78.8,100.0
240500,0.8,99.2
240750,0.0,99.6
241000,0.0,99.73333333333333
241250,0.0,99.8
241500,0.0,99.83999999999999
241750,0.0,99.86666666666667
242000,0.0,99.88571428571429
242250,78.8,99.88907376594565
242500,0.0,86.02329450915141
242750,0.0,72.15751525235719
243000,0.0,58.29173599556295
243250,0.0,66.44481419855795
243500,0.0,80.31059345535219
243750,0.0,94.17637271214643
244000,0.8,0.6802721088435374
244250,78.8,99.0
244500,0.8,99.2
244750,0.0,99.6
245000,0.0,99.73333333333333
245250,0.0,99.8
245500,0.0,99.83999999999999
245750,0.0,99.86666666666667
246000,0.0,99.88571428571429
246250,78.8,99.88907376594565
246500,0.0,86.02329450915141
246750,0.0,72.15751525235719
247000,0.0,58.29173599556295
247250,0.0,66.44481419855795
247500,0.0,80.31059345535219
247750,0.0,94.17637271214643
248000,0.8,100.0
248250,78.8,100.0
248500,0.8,99.2
248750,0.0,99.6
249000,0.0,99.73333333333333
249250,0.0,99.8
249500,0.0,99.83999999999999
249750,0.0,99.86666666666667
250000,0.0,99.88571428571429
250250,78.8,99.88907376594565
250500,0.0,86.02329450915141
250750,0.0,72.15751525235719
251000,0.0,58.29173599556295
251250,0.0,66.44481419855795
251500,0.0,80.31059345535219
251750,0.0,94.17637271214643
252000,0.8,0.6802721088435374
252250,78.8,99.0
252500,0.8,99.2
252750,0.0,99.6
253000,0.0,99.73333333333333
253250,0.0,99.8
253500,0.0,99.83999999999999
253750,0.0,99.86666666666667
254000,0.0,99.88571428571429
254250,78.8,99.88907376594565
254500,0.0,86.02329450915141
254750,0.0,72.15751525235719
255000,0.0,58.29173599556295
255250,0.0,66.44481419855795
255500,0.0,80.31059345535219
255750,0.0,94.17637271214643
256000,0.8,100.0
256250,78.8,100.0
256500,1.2,99.19678714859438
256750,0.0,99.59919839679358
257000,0.0,99.73297730307075
257250,0.0,99.7997997997998
257500,0.0,99.83987189751802
257750,0.0,99.866577718479
258000,0.0,99.88564894225271
258250,0.0,90.09504752376188
258500,0.8,99.19354838709677
258750,0.0,99.59839357429718
259000,0.0,99.73262032085562
259250,0.0,99.79959919839679
259500,0.0,99.83974358974359
259750,0.0,99.86648865153538
260000,0.0,99.88558352402745
260250,0.0,99.8998998998999
260500,0.8,99.19028340080972
260750,0.0,99.59758551307847
261000,0.0,99.73226238286479
261250,0.0,99.79939819458376
261500,0.0,99.83961507618284
261750,0.0,99.86639946559787
262000,0.0,99.88551803091013
262250,0.0,99.899849774662
262500,0.8,99.1869918699187
262750,0.0,99.59677419354838
263000,0.0,99.73190348525469
263250,0.0,99.79919678714859
263500,0.0,99.83948635634029
263750,0.0,99.8663101604278
264000,0.0,99.88545246277205
264250,0.0,99.8997995991984
264500,0.8,99.18367346938776
264750,0.0,99.5959595959596
265000,0.0,99.73154362416108
265250,0.0,99.79899497487436
265500,0.0,99.83935742971887
265750,0.0,99.86622073578594
266000,0.0,99.88538681948424
266250,0.0,99.8997493734336
266500,0.8,99.18032786885246
266750,0.0,99.59514170040485
267000,0.0,99.73118279569893
267250,0.0,99.79879275653923
267500,0.0,99.83922829581994
267750,0.0,99.8661311914324
268000,0.0,99.88532110091744
268250,0.0,99.89969909729187
268500,0.8,99.1769547325103
268750,0.0,99.59432048681542
269000,0.0,99.7308209959623
269250,0.0,99.79859013091642
269500,0.0,99.8390989541432
269750,0.0,99.8660415271266
270000,0.0,99.88525530694206
270250,0.0,99.89964877069744
270500,0.8,99.17355371900827
270750,0.0,99.59349593495935
271000,0.0,99.73045822102425
271250,0.0,99.79838709677419
271500,0.0,99.8389694041868
271750,0.0,99.86595174262735
272000,0.0,99.88518943742825
272250,0.0,99.8995983935743
272500,0.8,99.1701244813278
272750,0.0,99.59266802443992
273000,0.0,99.73009446693656
273250,0.0,99.79818365287588
273500,0.0,99.83883964544722
273750,0.0,99.86586183769283
274000,0.0,99.88512349224582
274250,0.0,99.89954796584631
274500,0.8,99.16666666666667
274750,0.0,99.59183673469387
275000,0.0,99.72972972972973
275250,0.0,99.79797979797979
275500,0.0,99.83870967741936
275750,0.0,99.86577181208054
276000,0.0,99.88505747126437
276250,0.0,99.89949748743719
276500,0.8,99.16317991631799
276750,0.0,99.59100204498978
277000,0.0,99.72936400541272
277250,0.0,99.79777553083923
277500,0.0,99.83857949959645
277750,0.0,99.86568166554734
278000,0.0,99.88499137435308
278250,0.0,99.89944695827049
278500,0.8,99.15966386554622
278750,0.0,99.59016393442623
279000,0.0,99.7289972899729
279250,0.0,99.79757085020243
279500,0.0,99.83844911147011
279750,0.0,99.86559139784946
280000,0.0,99.88492520138091
280250,0.0,99.89939637826963
280500,0.8,99.15611814345992
280750,0.0,99.58932238193019
281000,0.0,99.72862957937585
281250,0.0,99.79736575481256
281500,0.0,99.83831851253031
281750,0.0,99.86550100874243
282000,0.0,99.88485895221646
282250,0.0,99.89934574735783
282500,0.8,99.15254237288136
282750,0.0,99.58847736625515
283000,0.0,99.72826086956522
283250,0.0,99.79716024340772
283500,0.0,99.83818770226537
283750,0.0,99.86541049798116
284000,0.0,99.88479262672811
284250,0.0,99.8992950654582
284500,0.8,99.14893617021276
284750,0.0,99.58762886597938
285000,0.0,99.72789115646259
285250,0.0,99.79695431472081
285500,0.0,99.83805668016194
285750,0.0,99.86531986531986
286000,0.0,99.88472622478386
286250,0.0,99.8992443324937
286500,0.8,99.14529914529915
286750,0.0,99.58677685950413
287000,0.0,99.72752043596729
287250,0.0,99.79674796747967
287500,0.0,99.83792544570503
287750,0.0,99.86522911051213
288000,0.0,99.88465974625143
288250,0.0,99.8991935483871
288500,0.8,99.14163090128756
288750,0.0,99.58592132505176
289000,0.0,99.72714870395635
289250,0.0,99.79654120040692
289500,0.0,99.83779399837795
289750,0.0,99.86513823331086
290000,0.0,99.88459319099827
290250,0.0,99.89914271306102
290500,0.8,99.13793103448276
290750,0.0,99.5850622406639
291000,0.0,99.72677595628416
291250,0.0,99.79633401221996
291500,0.0,99.83766233766234
291750,0.0,99.86504723346829
292000,0.0,99.88452655889145
292250,0.0,99.89909182643795
292500,0.8,99.13419913419914
292750,0.0,99.58419958419958
293000,0.0,99.72640218878249
293250,0.0,99.79612640163099
293500,0.0,99.83753046303818
293750,0.0,99.86495611073599
294000,0.0,99.8844598497978
294250,0.0,99.89904088844018
294500,0.8,99.1304347826087
294750,0.0,99.58333333333333
295000,0.0,99.72602739726028
295250,0.0,99.79591836734694
295500,0.0,99.83739837398375
295750,0.0,99.86486486486487
296000,0.0,99.88439306358381
296250,0.0,99.8989898989899
296500,0.8,99.12663755458514
296750,0.0,99.58246346555325
297000,0.0,99.72565157750343
297250,0.0,99.79570990806947
297500,0.0,99.8372660699756
297750,0.0,99.86477349560514
298000,0.0,99.88432620011567
298250,0.0,99.8989388580091
298500,0.8,99.12280701754386
298750,0.0,99.581589958159
299000,0.0,99.72527472527473
299250,0.0,99.79550102249489
299500,0.0,99.8371335504886
299750,0.0,99.86468200270636
300000,0.0,99.88425925925925
300250,0.0,99.89888776541962
300500,0.8,99.11894273127754
300750,0.0,99.58071278825996
301000,0.0,99.72489683631362
301250,0.0,99.79529170931423
301500,0.0,99.83700081499592
301750,0.0,99.8645903859174
302000,0.0,99.88419224088014
302250,0.0,99.89883662114315
302500,0.8,99.11504424778761
302750,0.0,99.57983193277312
303000,0.0,99.72451790633609
303250,0.0,99.79508196721312
303500,0.0,99.836867862969
303750,0.0,99.86449864498645
304000,0.0,99.88412514484357
304250,0.0,99.89878542510121
304500,0.8,99.11111111111111
304750,0.0,99.57894736842105
305000,0.0,99.72413793103449
305250,0.0,99.7948717948718
305500,0.0,99.83673469387755
305750,0.0,99.86440677966102
306000,0.0,99.8840579710145
