250,0.0,100.0
500,0.0,100.0
750,0.0,100.0
1000,0.0,100.0
1250,0.0,100.0
1500,0.0,100.0
1750,0.0,15.142857142857144
2000,0.0,25.75
2250,5.6000000000000005,16.038812785388128
2500,0.0,33.288948069241016
2750,93.60000000000001,50.47106325706595
3000,100.0,67.29475100942126
3250,100.0,84.11843876177659
3500,100.0,1.0680907877169559
3750,0.4,15.11161991986262
4000,0.0,25.7386079118678
4250,5.6000000000000005,15.894797026872498
4500,0.0,33.3555703802535
4750,94.8,50.47106325706595
5000,100.0,67.29475100942126
5250,100.0,84.11843876177659
5500,100.0,1.0774410774410774
5750,0.4,17.912457912457914
6000,0.0,34.74747474747475
6250,99.6,34.79138627187079
6500,100.0,34.79138627187079
6750,100.0,15.814266487213995
7000,100.0,32.63795423956931
7250,100.0,49.46164199192463
7500,100.0,1.6494845360824744
7750,0.0,27.422680412371136
8000,0.0,53.1958762886598
8250,99.6,53.29896907216495
8500,100.0,53.29896907216495
8750,100.0,24.22680412371134
9000,100.0,6.593406593406594
9250,100.0,61.53846153846154
9500,100.0,16.483516483516482
9750,0.0,71.42857142857143
10000,0.0,26.373626373626376
10250,99.6,28.79120879120879
10500,100.0,13.392857142857142
10750,100.0,87.79761904761905
11000,100.0,62.202380952380956
11250,100.0,36.607142857142854
11500,99.6,11.011904761904761
11750,0.0,85.41666666666666
12000,0.0,59.82142857142857
12250,99.6,14.880952380952381
12500,100.0,20.588235294117645
12750,100.0,4.411764705882353
13000,100.0,88.23529411764706
13250,100.0,72.05882352941177
13500,100.0,55.88235294117647
13750,0.0,39.705882352941174
14000,0.0,23.52941176470588
14250,99.6,60.0
14500,100.0,26.666666666666668
14750,100.0,93.33333333333333
15000,100.0,56.25
15250,100.0,97.36842105263158
15500,100.0,98.64341085271317
15750,0.0,99.08616187989556
16000,0.0,99.31102362204724
16250,99.6,99.3117010816126
16500,100.0,99.3117010816126
16750,100.0,99.3117010816126
17000,100.0,99.3117010816126
17250,100.0,13.333333333333334
17500,100.0,75.0
17750,0.0,98.49624060150376
18000,0.0,99.2248062015504
18250,99.6,99.22630560928434
18500,100.0,99.22630560928434
18750,100.0,93.33333333333333
19000,100.0,56.25
19250,100.0,97.36842105263158
19500,100.0,98.64341085271317
19750,0.0,99.08616187989556
20000,0.0,99.31102362204724
20250,99.6,99.3117010816126
20500,100.0,99.3117010816126
20750,100.0,99.3117010816126
21000,100.0,99.3117010816126
21250,100.0,13.333333333333334
21500,100.0,80.0
21750,0.0,46.666666666666664
22000,0.0,13.333333333333334
22250,99.6,60.0
22500,100.0,26.666666666666668
22750,100.0,93.33333333333333
23000,100.0,56.25
23250,100.0,97.36842105263158
23500,100.0,98.64341085271317
23750,0.0,99.08616187989556
24000,0.0,99.31102362204724
24250,99.6,99.3117010816126
24500,100.0,99.3117010816126
24750,100.0,99.3117010816126
25000,100.0,99.3117010816126
25250,100.0,13.333333333333334
25500,100.0,80.0
25750,0.0,46.666666666666664
26000,0.0,13.333333333333334
26250,99.6,60.0
26500,100.0,25.0
26750,100.0,80.0
27000,100.0,43.75
27250,100.0,96.61654135338345
27500,100.0,98.25581395348837
27750,0.0,98.82506527415144
28000,0.0,99.11417322834646
28250,99.6,99.11504424778761
28500,100.0,99.11504424778761
28750,100.0,99.11504424778761
29000,100.0,99.11504424778761
29250,100.0,26.666666666666668
29500,100.0,93.33333333333333
29750,0.0,60.0
30000,0.0,26.666666666666668
30250,99.6,46.666666666666664
30500,100.0,12.5
30750,100.0,94.73684210526315
31000,100.0,97.28682170542635
31250,100.0,98.17232375979113
31500,100.0,98.62204724409449
31750,0.0,98.89415481832543
32000,0.0,99.01055408970977
32250,99.6,99.0112063282795
32500,100.0,99.0112063282795
32750,100.0,99.0112063282795
33000,100.0,99.0112063282795
33250,100.0,99.0112063282795
33500,94.0,98.87936717205011
33750,6.0,66.66666666666666
34000,0.0,33.33333333333333
34250,99.6,40.0
34500,100.0,6.666666666666667
34750,100.0,73.33333333333333
35000,100.0,40.0
35250,100.0,6.666666666666667
35500,100.0,73.33333333333333
35750,0.0,40.0
36000,0.0,6.666666666666667
36250,99.6,73.33333333333333
36500,100.0,40.0
36750,100.0,6.666666666666667
37000,100.0,73.33333333333333
37250,100.0,40.0
37500,100.0,100.0
37750,0.0,100.0
38000,0.0,100.0
38250,99.6,100.0
38500,100.0,100.0
38750,100.0,100.0
39000,100.0,100.0
39250,100.0,100.0
39500,100.0,100.0
39750,0.0,100.0
40000,0.0,100.0
40250,99.6,100.0
40500,100.0,100.0
40750,100.0,100.0
41000,100.0,100.0
41250,100.0,100.0
41500,100.0,18.75
41750,0.0,0.37593984962406013
42000,0.0,0.1937984496124031
42250,99.6,48.35589941972921
42500,100.0,96.71179883945842
42750,100.0,66.66666666666666
43000,100.0,33.33333333333333
43250,100.0,100.0
43500,100.0,66.66666666666666
43750,0.0,33.33333333333333
44000,0.0,100.0
44250,99.6,66.66666666666666
44500,100.0,33.33333333333333
44750,100.0,100.0
45000,100.0,66.66666666666666
45250,100.0,33.33333333333333
45500,100.0,93.75
45750,0.0,99.62406015037594
46000,0.0,99.8062015503876
46250,99.6,99.80657640232108
46500,100.0,99.80657640232108
46750,100.0,73.33333333333333
47000,100.0,37.5
47250,100.0,96.2406015037594
47500,100.0,98.06201550387597
47750,0.0,98.69451697127938
48000,0.0,0.09842519685039369
48250,99.6,24.582104228121928
48500,100.0,49.164208456243855
48750,100.0,73.74631268436578
49000,100.0,98.32841691248771
49250,100.0,66.66666666666666
49500,100.0,31.25
49750,0.0,95.86466165413535
50000,0.0,97.86821705426357
50250,99.6,97.87234042553192
50500,100.0,97.87234042553192
50750,100.0,40.0
51000,100.0,6.666666666666667
51250,100.0,73.33333333333333
51500,100.0,37.5
51750,0.0,96.2406015037594
52000,0.0,98.06201550387597
52250,99.6,98.06576402321083
52500,100.0,98.06576402321083
52750,100.0,26.666666666666668
53000,100.0,93.33333333333333
53250,100.0,60.0
53500,100.0,65.51724137931035
53750,0.4,96.415770609319
54000,0.0,98.10964083175804
54250,0.0,98.71630295250321
54500,0.0,99.02818270165209
54750,0.0,99.21813917122752
55000,0.0,99.01896664486593
55250,0.0,99.15682967959528
55500,6.0,53.57142857142857
55750,0.0,95.32374100719424
56000,0.0,97.53787878787878
56250,0.0,98.32904884318766
56500,0.0,98.73540856031128
56750,0.0,98.98278560250391
57000,0.0,99.01832460732984
57250,0.0,99.15635545556806
57500,6.0,51.85185185185185
57750,0.0,95.30685920577618
58000,0.0,97.53320683111954
58250,0.0,98.32689832689833
58500,0.0,98.73417721518987
58750,0.0,98.981989036805
59000,0.0,99.01768172888016
59250,0.0,99.15588069780529
59500,6.0,50.0
59750,0.0,95.28985507246377
60000,0.0,97.52851711026615
60250,0.0,98.32474226804123
60500,0.0,98.73294346978557
60750,0.0,98.98119122257053
61000,0.0,99.0170380078637
61250,0.0,99.1554054054054
61500,6.0,48.0
61750,0.0,95.27272727272728
62000,0.0,97.52380952380952
62250,0.0,98.3225806451613
62500,0.0,98.73170731707317
62750,0.0,98.98039215686273
63000,0.0,99.01639344262296
63250,0.0,99.15492957746478
63500,6.0,45.83333333333333
63750,0.0,95.25547445255475
64000,0.0,97.51908396946564
64250,0.0,98.3204134366925
64500,0.0,98.73046875
64750,0.0,98.9795918367347
65000,0.0,99.01574803149606
65250,0.0,99.15445321307779
65500,6.0,43.47826086956522
65750,0.0,95.23809523809523
66000,0.0,97.51434034416826
66250,0.0,98.31824062095731
66500,0.0,98.72922776148583
66750,0.0,98.97879025923017
67000,0.0,99.0151017728168
67250,0.0,99.15397631133672
67500,6.0,40.909090909090914
67750,0.0,95.22058823529412
68000,0.0,97.5095785440613
68250,0.0,98.31606217616581
68500,0.0,98.72798434442271
68750,0.0,98.97798742138365
69000,0.0,99.01445466491458
69250,0.0,99.15349887133182
69500,6.0,38.095238095238095
69750,0.0,95.20295202952029
70000,0.0,97.50479846449136
70250,0.0,98.31387808041504
70500,0.0,98.72673849167482
70750,0.0,98.97718332022029
71000,0.0,99.0138067061144
71250,0.0,99.15302089215132
71500,6.0,35.0
71750,0.0,95.18518518518519
72000,0.0,97.5
72250,0.0,98.31168831168831
72500,0.0,98.72549019607844
72750,0.0,98.9763779527559
73000,0.0,99.01315789473685
73250,0.0,99.15254237288136
73500,6.0,31.57894736842105
73750,0.0,95.16728624535315
74000,0.0,97.495183044316
74250,0.0,98.30949284785436
74500,0.0,98.72423945044162
74750,0.0,98.97557131599685
75000,0.0,99.01250822909809
75250,0.0,99.15206331260599
75500,6.0,27.77777777777778
75750,0.0,95.1492537313433
76000,0.0,97.49034749034749
76250,0.0,98.30729166666666
76500,0.0,98.72298624754421
76750,0.0,98.97476340694006
77000,0.0,99.01185770750988
77250,0.0,99.15158371040724
77500,6.0,23.52941176470588
77750,0.0,95.13108614232209
78000,0.0,97.48549323017409
78250,0.0,98.30508474576271
78500,0.0,98.72173058013766
78750,0.0,98.973954222573
79000,0.0,99.0112063282795
79250,0.0,99.15110356536503
79500,6.0,18.75
79750,0.0,95.11278195488721
80000,0.0,97.48062015503875
80250,0.0,98.30287206266318
80500,0.0,98.72047244094489
80750,0.0,98.97314375987362
81000,0.0,99.01055408970977
81250,0.0,99.1506228765572
81500,6.0,13.333333333333334
81750,0.0,95.09433962264151
82000,0.0,97.47572815533981
82250,0.0,98.30065359477123
82500,0.0,98.7192118226601
82750,0.0,98.97233201581027
83000,0.0,99.00990099009901
83250,0.0,99.15014164305948
83500,5.6000000000000005,99.95002498750625
83750,0.4,95.07575757575758
84000,0.0,97.47081712062257
84250,0.0,98.29842931937172
84500,0.0,98.71794871794873
84750,0.0,98.97151898734177
85000,0.0,99.00924702774108
85250,0.0,99.14965986394559
85500,5.2,99.9000499750125
85750,0.8,95.05703422053232
86000,0.0,97.46588693957115
86250,0.0,98.2961992136304
86500,0.0,98.7166831194472
86750,0.0,98.97070467141727
87000,0.0,99.00859220092532
87250,0.0,99.14917753828702
87500,4.8,99.85007496251875
87750,1.2,95.0381679389313
88000,0.0,97.4609375
88250,0.0,98.29396325459318
88500,0.0,98.71541501976284
88750,0.0,98.96988906497623
89000,0.0,99.0079365079365
89250,0.0,99.14869466515324
89500,4.3999999999999995,99.80009995002499
89750,1.6,95.01915708812261
90000,0.0,97.4559686888454
90250,0.0,98.29172141918528
90500,0.0,98.7141444114738
90750,0.0,98.96907216494846
91000,0.0,99.00727994705493
91250,0.0,99.14821124361158
91500,4.0,99.75012493753124
91750,2.0,95.0
92000,0.0,97.45098039215686
92250,0.0,98.28947368421052
92500,0.0,98.7128712871287
92750,0.0,98.96825396825398
93000,0.0,99.00662251655629
93250,0.0,99.14772727272727
93500,3.5999999999999996,99.70014992503748
93750,2.4,94.98069498069498
94000,0.0,97.44597249508841
94250,0.0,98.28722002635047
94500,0.0,98.71159563924678
94750,0.0,98.96743447180302
95000,0.0,99.00596421471172
95250,0.0,99.1472427515634
95500,3.2,99.65017491254373
95750,2.8000000000000003,94.96124031007753
96000,0.0,97.44094488188976
96250,0.0,98.28496042216359
96500,0.0,98.71031746031747
96750,0.0,98.96661367249602
97000,0.0,99.0053050397878
97250,0.0,99.14675767918088
97500,2.8000000000000003,99.60019990004997
97750,3.2,94.94163424124513
98000,0.0,97.43589743589743
98250,0.0,98.28269484808455
98500,0.0,98.7090367428004
98750,0.0,98.96579156722355
99000,0.0,99.00464499004646
99250,0.0,99.14627205463859
99500,2.4,99.55022488755623
99750,3.5999999999999996,94.921875
100000,0.0,97.4308300395257
100250,0.0,98.28042328042328
100500,0.0,98.70775347912524
100750,0.0,98.96496815286623
101000,0.0,99.00398406374502
101250,0.0,99.14578587699316
101500,2.0,99.50024987506248
101750,4.0,94.90196078431372
102000,0.0,97.42574257425743
102250,0.0,98.27814569536424
102500,0.0,98.70646766169155
102750,0.0,98.96414342629483
103000,0.0,99.00332225913621
103250,0.0,99.14529914529915
103500,1.6,99.4502748625687
103750,4.3999999999999995,94.88188976377953
104000,0.0,97.42063492063492
104250,89.2,97.5517890772128
104500,100.0,97.5517890772128
104750,100.0,100.0
105000,100.0,100.0
105250,100.0,100.0
105500,100.0,100.0
105750,10.4,100.0
106000,0.0,100.0
106250,89.2,100.0
106500,100.0,100.0
106750,100.0,100.0
107000,100.0,100.0
107250,100.0,100.0
107500,100.0,100.0
107750,10.4,100.0
108000,0.0,100.0
108250,89.2,100.0
108500,100.0,100.0
108750,100.0,93.75
109000,100.0,97.16157205240175
109250,100.0,98.1638418079096
109500,100.0,98.64300626304802
109750,10.4,0.08278145695364239
110000,0.0,0.06858710562414265
110250,89.2,15.084175084175083
110500,100.0,31.91919191919192
110750,100.0,48.754208754208754
111000,100.0,65.58922558922559
111250,100.0,82.42424242424242
111500,100.0,99.25925925925925
111750,10.4,94.88188976377953
112000,0.0,97.42063492063492
112250,89.2,97.5517890772128
112500,100.0,97.5517890772128
112750,100.0,100.0
113000,100.0,100.0
113250,100.0,100.0
113500,100.0,100.0
113750,10.4,100.0
114000,0.0,100.0
114250,89.2,100.0
114500,100.0,100.0
114750,100.0,100.0
115000,100.0,100.0
115250,100.0,100.0
115500,100.0,100.0
115750,10.4,100.0
116000,0.0,100.0
116250,89.2,100.0
116500,100.0,100.0
116750,100.0,93.75
117000,100.0,97.16157205240175
117250,100.0,98.1638418079096
117500,100.0,98.64300626304802
117750,10.4,0.08278145695364239
118000,0.0,0.06858710562414265
118250,89.2,15.084175084175083
118500,100.0,31.91919191919192
118750,100.0,48.754208754208754
119000,100.0,65.58922558922559
119250,100.0,82.42424242424242
119500,100.0,99.25925925925925
119750,10.4,94.88188976377953
120000,0.0,97.42063492063492
120250,89.2,97.5517890772128
120500,100.0,97.5517890772128
120750,100.0,100.0
121000,100.0,100.0
121250,100.0,100.0
121500,100.0,100.0
121750,10.4,100.0
122000,0.0,100.0
122250,89.2,100.0
122500,100.0,100.0
122750,100.0,100.0
123000,100.0,100.0
123250,100.0,100.0
123500,100.0,100.0
123750,10.4,100.0
124000,0.0,100.0
124250,89.2,100.0
124500,100.0,100.0
124750,100.0,93.75
125000,100.0,97.16157205240175
125250,100.0,98.1638418079096
125500,100.0,98.64300626304802
125750,10.4,0.08278145695364239
126000,0.0,0.06858710562414265
126250,89.2,15.084175084175083
126500,100.0,31.91919191919192
126750,100.0,48.754208754208754
127000,100.0,65.58922558922559
127250,100.0,82.42424242424242
127500,100.0,99.25925925925925
127750,10.4,94.88188976377953
128000,0.0,97.42063492063492
128250,89.2,97.5517890772128
128500,100.0,97.5517890772128
128750,100.0,100.0
129000,100.0,100.0
129250,100.0,100.0
129500,100.0,100.0
129750,10.4,100.0
130000,0.0,100.0
130250,89.2,100.0
130500,100.0,100.0
130750,100.0,100.0
131000,100.0,100.0
131250,100.0,100.0
131500,100.0,100.0
131750,10.4,100.0
132000,0.0,100.0
132250,89.2,100.0
132500,100.0,100.0
132750,100.0,93.75
133000,100.0,97.16157205240175
133250,100.0,98.1638418079096
133500,100.0,98.64300626304802
133750,10.4,0.08278145695364239
134000,0.0,0.06858710562414265
134250,89.2,15.084175084175083
134500,100.0,31.91919191919192
134750,100.0,48.754208754208754
135000,100.0,65.58922558922559
135250,100.0,82.42424242424242
135500,100.0,99.25925925925925
135750,10.4,94.88188976377953
136000,0.0,97.42063492063492
136250,89.2,97.5517890772128
136500,100.0,97.5517890772128
136750,100.0,100.0
137000,100.0,100.0
137250,100.0,100.0
137500,100.0,100.0
137750,10.4,100.0
138000,0.0,100.0
138250,89.2,100.0
138500,100.0,100.0
138750,100.0,100.0
139000,100.0,100.0
139250,100.0,100.0
139500,100.0,100.0
139750,10.4,100.0
140000,0.0,100.0
140250,89.2,100.0
140500,100.0,100.0
140750,100.0,93.75
141000,100.0,97.16157205240175
141250,100.0,98.1638418079096
141500,100.0,98.64300626304802
141750,10.4,0.08278145695364239
142000,0.0,0.06858710562414265
142250,89.2,15.084175084175083
142500,100.0,31.91919191919192
142750,100.0,48.754208754208754
143000,100.0,65.58922558922559
143250,100.0,82.42424242424242
143500,100.0,99.25925925925925
143750,10.4,94.88188976377953
144000,0.0,97.42063492063492
144250,89.2,97.5517890772128
144500,100.0,97.5517890772128
144750,100.0,100.0
145000,100.0,100.0
145250,100.0,100.0
145500,100.0,100.0
145750,10.4,100.0
146000,0.0,100.0
146250,89.2,100.0
146500,100.0,100.0
146750,100.0,100.0
147000,100.0,100.0
147250,100.0,100.0
147500,100.0,100.0
147750,10.4,100.0
148000,0.0,100.0
148250,89.2,100.0
148500,100.0,100.0
148750,100.0,93.75
149000,100.0,97.16157205240175
149250,100.0,98.1638418079096
149500,100.0,98.64300626304802
149750,10.4,0.08278145695364239
150000,0.0,0.06858710562414265
150250,89.2,15.084175084175083
150500,100.0,31.91919191919192
150750,100.0,48.754208754208754
151000,100.0,65.58922558922559
151250,100.0,82.42424242424242
151500,100.0,99.25925925925925
151750,10.4,94.88188976377953
152000,0.0,97.42063492063492
152250,89.2,97.5517890772128
152500,100.0,97.5517890772128
152750,100.0,100.0
153000,100.0,100.0
153250,100.0,100.0
153500,100.0,100.0
153750,10.4,100.0
154000,0.0,100.0
154250,89.2,100.0
154500,100.0,100.0
154750,100.0,100.0
155000,100.0,100.0
155250,100.0,100.0
155500,100.0,100.0
155750,10.8,100.0
156000,0.0,100.0
156250,0.0,1.9920318725099602
156500,0.0,1.4955134596211366
156750,0.0,1.1971268954509178
157000,0.0,0.0665335994677312
157250,0.0,0.057045065601825436
157500,0.8,0.14992503748125938
157750,5.2,94.84126984126983
158000,0.0,97.41035856573706
158250,0.0,98.27127659574468
158500,0.0,98.70259481037924
158750,0.0,98.96166134185303
159000,0.0,99.00133155792277
159250,0.0,99.14383561643835
159500,0.4,99.30034982508745
159750,5.6000000000000005,94.82071713147411
160000,0.0,97.40518962075848
160250,0.0,98.26897470039947
160500,0.0,98.7012987012987
160750,0.0,98.96083133493205
161000,0.0,99.00066622251832
161250,0.0,99.14334665905197
161500,0.0,99.2503748125937
161750,6.0,94.8
162000,0.0,97.39999999999999
162250,0.0,98.26666666666667
162500,0.0,98.7
162750,0.0,98.96000000000001
163000,0.0,99.13333333333333
163250,0.0,99.14285714285714
163500,0.0,99.25
163750,6.0,94.77911646586345
164000,0.0,97.39478957915831
164250,0.0,98.26435246995995
164500,0.0,98.69869869869869
164750,0.0,98.9591673338671
165000,0.0,99.13275517011341
165250,0.0,99.14236706689536
165500,0.0,99.2496248124062
165750,6.0,94.75806451612904
166000,0.0,97.38955823293173
166250,0.0,98.2620320855615
166500,0.0,98.69739478957916
166750,0.0,98.95833333333334
167000,0.0,99.13217623497998
167250,0.0,99.14187643020595
167500,0.0,99.24924924924925
167750,6.0,94.73684210526315
168000,0.0,97.38430583501007
168250,0.0,98.25970548862115
168500,0.0,98.69608826479438
168750,0.0,98.95749799518845
169000,0.0,99.1315965263861
169250,0.0,99.14138523182598
169500,0.0,99.24887330996495
169750,6.0,94.71544715447155
170000,0.0,97.37903225806451
170250,0.0,98.25737265415549
170500,0.0,98.69477911646585
170750,0.0,98.95666131621188
171000,0.0,99.13101604278076
171250,0.0,99.14089347079039
171500,0.0,99.24849699398798
171750,6.0,94.6938775510204
172000,0.0,97.37373737373738
172250,0.0,98.25503355704697
172500,0.0,98.69346733668341
172750,0.0,98.9558232931727
173000,0.0,99.1304347826087
173250,0.0,99.14040114613181
173500,0.0,99.24812030075188
173750,6.0,94.67213114754098
174000,0.0,97.36842105263158
174250,0.0,98.25268817204301
174500,0.0,98.69215291750503
174750,0.0,98.95498392282958
175000,0.0,99.12985274431058
175250,0.0,99.13990825688074
175500,0.0,99.24774322968906
175750,6.0,94.65020576131687
176000,0.0,97.3630831643002
176250,0.0,98.25033647375506
176500,0.0,98.69083585095669
176750,0.0,98.9541432019308
177000,0.0,99.12926992632283
177250,0.0,99.1394148020654
177500,0.0,99.24736578023081
177750,6.0,94.62809917355372
178000,0.0,97.35772357723577
178250,0.0,98.24797843665768
178500,0.0,98.68951612903226
178750,0.0,98.95330112721416
179000,0.0,99.12868632707776
179250,0.0,99.13892078071183
179500,0.0,99.24698795180723
179750,6.0,94.6058091286307
180000,0.0,97.35234215885947
180250,0.0,98.24561403508771
180500,0.0,98.68819374369325
180750,0.0,98.95245769540692
181000,0.0,99.12810194500335
181250,0.0,99.13842619184376
181500,0.0,99.24660974384732
181750,6.0,94.58333333333333
182000,0.0,97.34693877551021
182250,0.0,98.24324324324324
182500,0.0,98.68686868686869
182750,0.0,98.95161290322581
183000,0.0,99.1275167785235
183250,0.0,99.13793103448276
183500,0.0,99.2462311557789
183750,6.0,94.56066945606695
184000,0.0,97.34151329243353
184250,0.0,98.24086603518268
184500,0.0,98.685540950455
184750,0.0,98.95076674737692
185000,0.0,99.12693082605776
185250,0.0,99.13743530764808
185500,0.0,99.24585218702866
185750,6.0,94.53781512605042
186000,0.0,97.3360655737705
186250,0.0,98.23848238482384
186500,0.0,98.68421052631578
186750,0.0,98.94991922455574
187000,0.0,99.1263440860215
187250,0.0,99.13693901035673
187500,0.0,99.24547283702213
187750,6.0,94.51476793248945
188000,0.0,97.3305954825462
188250,0.0,98.23609226594301
188500,0.0,98.68287740628166
188750,0.0,98.94907033144705
189000,0.0,99.12575655682583
189250,0.0,99.13644214162349
189500,0.0,99.24509310518368
189750,6.0,94.49152542372882
190000,0.0,97.32510288065843
190250,0.0,98.2336956521739
190500,0.0,98.6815415821501
190750,0.0,98.94822006472492
191000,0.0,99.12516823687753
191250,0.0,99.13594470046083
191500,0.0,99.24471299093656
191750,6.0,94.46808510638299
192000,0.0,97.31958762886597
192250,0.0,98.2312925170068
192500,0.0,98.68020304568527
192750,0.0,98.94736842105263
193000,0.0,99.12457912457913
193250,0.0,99.13544668587896
193500,0.0,99.24433249370277
193750,6.0,94.44444444444444
194000,0.0,97.31404958677686
194250,0.0,98.22888283378747
194500,0.0,98.6788617886179
194750,0.0,98.94651539708266
195000,0.0,99.12398921832884
195250,0.0,99.13494809688581
195500,0.0,99.24395161290323
195750,6.0,94.4206008583691
196000,0.0,97.30848861283644
196250,0.0,98.22646657571623
196500,0.0,98.67751780264497
196750,0.0,98.94566098945661
197000,0.0,99.12339851652057
197250,0.0,99.13444893248702
197500,0.0,99.24357034795764
197750,6.0,94.39655172413794
198000,0.0,97.30290456431536
198250,0.0,98.224043715847
198500,0.0,98.67617107942974
198750,0.0,98.9448051948052
199000,0.0,99.12280701754386
199250,0.0,99.13394919168591
199500,0.0,99.24318869828456
199750,6.0,94.37229437229438
200000,0.0,97.2972972972973
200250,0.0,98.22161422708618
200500,0.0,98.67482161060143
200750,0.0,98.94394800974817
201000,0.0,99.12221471978393
201250,0.0,99.13344887348353
201500,0.0,99.24280666330137
201750,6.0,94.34782608695652
202000,0.0,97.29166666666667
202250,0.0,98.21917808219179
202500,0.0,98.67346938775509
202750,0.0,98.9430894308943
203000,0.0,99.12162162162163
203250,0.0,99.13294797687861
203500,0.0,99.24242424242425
203750,6.0,94.32314410480349
204000,0.0,97.28601252609603
204250,0.0,98.21673525377228
204500,0.0,98.67211440245148
204750,0.0,98.94222945484134
205000,0.0,99.12102772143339
205250,0.0,99.13244650086756
205500,0.0,99.24204143506822
205750,6.0,94.2982456140351
206000,0.0,97.28033472803347
206250,78.8,97.5517890772128
206500,100.0,97.5517890772128
206750,100.0,100.0
207000,100.0,100.0
207250,100.0,100.0
207500,100.0,100.0
207750,20.8,100.0
208000,0.0,100.0
208250,78.8,100.0
208500,100.0,100.0
208750,100.0,100.0
209000,100.0,100.0
209250,100.0,100.0
209500,100.0,100.0
209750,20.8,100.0
210000,0.0,100.0
210250,78.8,100.0
210500,100.0,100.0
210750,100.0,92.85714285714286
211000,100.0,96.99074074074075
211250,100.0,98.09384164222874
211500,100.0,98.60515021459227
211750,20.8,0.08460236886632826
212000,0.0,0.06983240223463687
212250,78.8,13.333333333333334
212500,100.0,30.168350168350166
212750,100.0,47.003367003367
213000,100.0,63.83838383838384
213250,100.0,80.67340067340068
213500,100.0,97.50841750841751
213750,20.8,94.2982456140351
214000,0.0,97.28033472803347
214250,78.8,97.5517890772128
214500,100.0,97.5517890772128
214750,100.0,100.0
215000,100.0,100.0
215250,100.0,100.0
215500,100.0,100.0
215750,20.8,100.0
216000,0.0,100.0
216250,78.8,100.0
216500,100.0,100.0
216750,100.0,100.0
217000,100.0,100.0
217250,100.0,100.0
217500,100.0,100.0
217750,20.8,100.0
218000,0.0,100.0
218250,78.8,100.0
218500,100.0,100.0
218750,100.0,92.85714285714286
219000,100.0,96.99074074074075
219250,100.0,98.09384164222874
219500,100.0,98.60515021459227
219750,20.8,0.08460236886632826
220000,0.0,0.06983240223463687
220250,78.8,13.333333333333334
220500,100.0,30.168350168350166
220750,100.0,47.003367003367
221000,100.0,63.83838383838384
221250,100.0,80.67340067340068
221500,100.0,97.50841750841751
221750,20.8,94.2982456140351
222000,0.0,97.28033472803347
222250,78.8,97.5517890772128
222500,100.0,97.5517890772128
222750,100.0,100.0
223000,100.0,100.0
223250,100.0,100.0
223500,100.0,100.0
223750,20.8,100.0
224000,0.0,100.0
224250,78.8,100.0
224500,100.0,100.0
224750,100.0,100.0
225000,100.0,100.0
225250,100.0,100.0
225500,100.0,100.0
225750,20.8,100.0
226000,0.0,100.0
226250,78.8,100.0
226500,100.0,100.0
226750,100.0,92.85714285714286
227000,100.0,96.99074074074075
227250,100.0,98.09384164222874
227500,100.0,98.60515021459227
227750,20.8,0.08460236886632826
228000,0.0,0.06983240223463687
228250,78.8,13.333333333333334
228500,100.0,30.168350168350166
228750,100.0,47.003367003367
229000,100.0,63.83838383838384
229250,100.0,80.67340067340068
229500,100.0,97.50841750841751
229750,20.8,94.2982456140351
230000,0.0,97.28033472803347
230250,78.8,97.5517890772128
230500,100.0,97.5517890772128
230750,100.0,100.0
231000,100.0,100.0
231250,100.0,100.0
231500,100.0,100.0
231750,20.8,100.0
232000,0.0,100.0
232250,78.8,100.0
232500,100.0,100.0
232750,100.0,100.0
233000,100.0,100.0
233250,100.0,100.0
233500,100.0,100.0
233750,20.8,100.0
234000,0.0,100.0
234250,78.8,100.0
234500,100.0,100.0
234750,100.0,92.85714285714286
235000,100.0,96.99074074074075
235250,100.0,98.09384164222874
235500,100.0,98.60515021459227
235750,20.8,0.08460236886632826
236000,0.0,0.06983240223463687
236250,78.8,13.333333333333334
236500,100.0,30.168350168350166
236750,100.0,47.003367003367
237000,100.0,63.83838383838384
237250,100.0,80.67340067340068
237500,100.0,97.50841750841751
237750,20.8,94.2982456140351
238000,0.0,97.28033472803347
238250,78.8,97.5517890772128
238500,100.0,97.5517890772128
238750,100.0,100.0
239000,100.0,100.0
239250,100.0,100.0
239500,100.0,100.0
239750,20.8,100.0
240000,0.0,100.0
240250,78.8,100.0
240500,100.0,100.0
240750,100.0,100.0
241000,100.0,100.0
241250,100.0,100.0
241500,100.0,100.0
241750,20.8,100.0
242000,0.0,100.0
242250,78.8,100.0
242500,100.0,100.0
242750,100.0,92.85714285714286
243000,100.0,96.99074074074075
243250,100.0,98.09384164222874
243500,100.0,98.60515021459227
243750,20.8,0.08460236886632826
244000,0.0,0.06983240223463687
244250,78.8,13.333333333333334
244500,100.0,30.168350168350166
244750,100.0,47.003367003367
245000,100.0,63.83838383838384
245250,100.0,80.67340067340068
245500,100.0,97.50841750841751
245750,20.8,94.2982456140351
246000,0.0,97.28033472803347
246250,78.8,97.5517890772128
246500,100.0,97.5517890772128
246750,100.0,100.0
247000,100.0,100.0
247250,100.0,100.0
247500,100.0,100.0
247750,20.8,100.0
248000,0.0,100.0
248250,78.8,100.0
248500,100.0,100.0
248750,100.0,100.0
249000,100.0,100.0
249250,100.0,100.0
249500,100.0,100.0
249750,20.8,100.0
250000,0.0,100.0
250250,78.8,100.0
250500,100.0,100.0
250750,100.0,92.85714285714286
251000,100.0,96.99074074074075
251250,100.0,98.09384164222874
251500,100.0,98.60515021459227
251750,20.8,0.08460236886632826
252000,0.0,0.06983240223463687
252250,78.8,13.333333333333334
252500,100.0,30.168350168350166
252750,100.0,47.003367003367
253000,100.0,63.83838383838384
253250,100.0,80.67340067340068
253500,100.0,97.50841750841751
253750,20.8,94.2982456140351
254000,0.0,97.28033472803347
254250,78.8,97.5517890772128
254500,100.0,97.5517890772128
254750,100.0,100.0
255000,100.0,100.0
255250,100.0,100.0
255500,100.0,100.0
255750,20.8,100.0
256000,0.0,100.0
256250,78.8,100.0
256500,100.0,100.0
256750,100.0,100.0
257000,100.0,100.0
257250,100.0,100.0
257500,100.0,100.0
257750,21.2,100.0
258000,0.0,100.0
258250,0.0,2.063273727647868
258500,0.0,1.5353121801432956
258750,0.0,1.2224938875305624
259000,0.0,1.0155721056194988
259250,0.0,0.05790387955993051
259500,0.0,0.05058168942842691
259750,6.0,94.24778761061947
260000,0.0,97.26890756302521
260250,0.0,98.20936639118457
260500,0.0,98.66803278688525
260750,0.0,98.93964110929853
261000,0.0,99.11924119241192
261250,0.0,99.13093858632676
261500,0.0,99.24089068825911
261750,6.0,94.22222222222221
262000,0.0,97.26315789473684
262250,0.0,98.20689655172414
262500,0.0,98.66666666666667
262750,0.0,98.93877551020408
263000,0.0,99.11864406779661
263250,0.0,99.1304347826087
263500,0.0,99.24050632911391
263750,6.0,94.19642857142857
264000,0.0,97.25738396624473
264250,0.0,98.20441988950276
264500,0.0,98.66529774127311
264750,0.0,98.93790849673204
265000,0.0,99.1180461329715
265250,0.0,99.12993039443155
265500,0.0,99.24012158054711
265750,6.0,94.17040358744396
266000,0.0,97.25158562367865
266250,0.0,98.20193637621023
266500,0.0,98.6639260020555
266750,0.0,98.93704006541292
267000,0.0,99.1174473862865
267250,0.0,99.12942542077772
267500,0.0,99.23973644196656
267750,6.0,94.14414414414415
268000,0.0,97.2457627118644
268250,0.0,98.19944598337949
268500,0.0,98.66255144032921
268750,0.0,98.93617021276596
269000,0.0,99.11684782608695
269250,0.0,99.12891986062718
269500,0.0,99.2393509127789
269750,6.0,94.11764705882352
270000,0.0,97.23991507430998
270250,0.0,98.19694868238558
270500,0.0,98.66117404737385
270750,0.0,98.93529893529893
271000,0.0,99.1162474507138
271250,0.0,99.12841371295758
271500,0.0,99.23896499238964
271750,6.0,94.0909090909091
272000,0.0,97.23404255319149
272250,0.0,98.19444444444444
272500,0.0,98.65979381443299
272750,0.0,98.9344262295082
273000,0.0,99.1156462585034
273250,0.0,99.12790697674419
273500,0.0,99.23857868020305
273750,6.0,94.06392694063926
274000,0.0,97.22814498933901
274250,0.0,98.19193324061196
274500,0.0,98.65841073271415
274750,0.0,98.93355209187858
275000,0.0,99.11504424778761
275250,0.0,99.12739965095986
275500,0.0,99.23819197562214
275750,6.0,94.03669724770643
276000,0.0,97.22222222222221
276250,0.0,98.18941504178274
276500,0.0,98.65702479338843
276750,0.0,98.93267651888341
277000,0.0,99.11444141689373
277250,0.0,99.12689173457508
277500,0.0,99.23780487804879
277750,6.0,94.00921658986175
278000,0.0,97.21627408993577
278250,0.0,98.18688981868898
278500,0.0,98.65563598759049
278750,0.0,98.93179950698439
279000,0.0,99.1138377641445
279250,0.0,99.12638322655795
279500,0.0,99.23741738688358
279750,6.0,93.98148148148148
280000,0.0,97.21030042918454
280250,0.0,98.18435754189943
280500,0.0,98.65424430641822
280750,0.0,98.93092105263158
281000,0.0,99.11323328785812
281250,0.0,99.12587412587412
281500,0.0,99.23702950152594
281750,6.0,93.95348837209302
282000,0.0,97.20430107526882
282250,0.0,98.18181818181819
282500,0.0,98.65284974093265
282750,0.0,98.93004115226337
283000,0.0,99.11262798634812
283250,0.0,99.12536443148689
283500,0.0,99.23664122137404
283750,6.0,93.92523364485982
284000,0.0,97.19827586206897
284250,0.0,98.17927170868347
284500,0.0,98.65145228215768
284750,0.0,98.92915980230642
285000,0.0,99.1120218579235
285250,0.0,99.12485414235705
285500,0.0,99.23625254582484
285750,6.0,93.89671361502347
286000,0.0,97.19222462203024
286250,0.0,98.17671809256662
286500,0.0,98.65005192107996
286750,0.0,98.92827699917561
287000,0.0,99.11141490088859
287250,0.0,99.12434325744309
287500,0.0,99.23586347427407
287750,6.0,93.86792452830188
288000,0.0,97.18614718614718
288250,0.0,98.17415730337079
288500,0.0,98.64864864864865
288750,0.0,98.92739273927393
289000,0.0,99.11080711354309
289250,0.0,99.12383177570094
289500,0.0,99.2354740061162
289750,6.0,93.8388625592417
290000,0.0,97.18004338394793
290250,0.0,98.17158931082982
290500,0.0,98.64724245577523
290750,0.0,98.92650701899257
291000,0.0,99.11019849418207
291250,0.0,99.12331969608417
291500,0.0,99.23508414074452
291750,6.0,93.80952380952381
292000,0.0,97.17391304347827
292250,0.0,98.16901408450704
292500,0.0,98.64583333333333
292750,0.0,98.92561983471074
293000,0.0,99.10958904109589
293250,0.0,99.12280701754386
293500,0.0,99.23469387755102
293750,6.0,93.77990430622009
294000,0.0,97.1677559912854
294250,0.0,98.16643159379407
294500,0.0,98.6444212721585
294750,0.0,98.9247311827957
295000,0.0,99.10897875257025
295250,0.0,99.12229373902866
295500,0.0,99.23430321592649
295750,6.0,93.75
296000,0.0,97.16157205240175
296250,0.0,98.1638418079096
296500,0.0,98.64300626304802
296750,0.0,98.92384105960265
297000,0.0,99.10836762688614
297250,0.0,99.12177985948477
297500,0.0,99.23391215526047
297750,6.0,93.71980676328504
298000,0.0,97.15536105032822
298250,0.0,98.16124469589816
298500,0.0,98.6415882967607
298750,0.0,98.92294946147473
299000,0.0,99.10775566231985
299250,0.0,99.12126537785588
299500,0.0,99.23352069494123
299750,6.0,93.68932038834951
300000,0.0,97.14912280701753
300250,0.0,98.15864022662889
300500,0.0,98.64016736401673
300750,0.0,98.92205638474294
301000,0.0,99.10714285714286
301250,0.0,99.12075029308323
301500,0.0,99.23312883435584
301750,6.0,93.65853658536587
302000,0.0,97.14285714285714
302250,0.0,98.15602836879432
302500,0.0,98.63874345549738
302750,0.0,98.92116182572614
303000,0.0,99.106529209622
303250,0.0,99.12023460410558
303500,0.0,99.23273657289002
303750,6.0,93.62745098039215
304000,0.0,97.13656387665198
304250,0.0,98.1534090909091
304500,0.0,98.63731656184487
304750,0.0,98.9202657807309
305000,0.0,99.10591471801926
305250,0.0,99.11971830985915
305500,0.0,99.23234390992836
305750,6.0,93.59605911330048
306000,0.0,97.13024282560706
