250,0.0,40.0
500,0.0,20.0
750,0.0,13.333333333333334
1000,0.0,10.0
1250,0.0,8.0
1500,0.0,6.666666666666667
1750,0.0,5.714285714285714
2000,0.0,5.0
2250,0.4,40.16064257028113
2500,0.0,20.04008016032064
2750,0.0,13.351134846461948
3000,0.0,10.01001001001001
3250,0.0,8.00640512409928
3500,0.0,6.671114076050701
3750,0.0,5.717552887364208
4000,0.0,5.002501250625312
4250,0.4,40.32258064516129
4500,0.0,20.080321285140563
4750,0.0,13.368983957219251
5000,0.0,10.02004008016032
5250,0.0,8.012820512820513
5500,0.0,6.675567423230974
5750,0.0,5.720823798627003
6000,0.0,5.005005005005005
6250,0.4,5.002501250625312
6500,0.0,5.002501250625312
6750,0.0,5.002501250625312
7000,0.0,5.002501250625312
7250,0.0,5.002501250625312
7500,0.0,5.002501250625312
7750,0.0,5.002501250625312
8000,39.2,100.0
8250,39.6,65.78947368421053
8500,0.0,24.875621890547265
8750,0.0,15.337423312883436
9000,0.0,11.086474501108649
9250,0.0,8.680555555555555
9500,0.0,7.132667617689016
9750,0.0,6.053268765133172
10000,0.0,5.257623554153523
10250,38.800000000000004,5.254860746190226
10500,0.0,5.254860746190226
10750,0.0,5.254860746190226
11000,0.0,5.254860746190226
11250,0.0,5.254860746190226
11500,0.0,5.254860746190226
11750,0.0,5.254860746190226
12000,0.8,100.0
12250,39.6,100.0
12500,0.0,100.0
12750,0.0,39.52569169960474
13000,0.0,19.880715705765407
13250,0.0,13.280212483399733
13500,0.0,9.970089730807578
13750,0.0,7.980845969672785
14000,0.0,6.657789613848203
14250,38.800000000000004,6.65335994677312
14500,0.0,6.65335994677312
14750,0.0,6.65335994677312
15000,0.0,6.65335994677312
15250,0.0,6.65335994677312
15500,0.0,6.65335994677312
15750,0.4,100.0
16000,0.0,100.0
16250,39.6,100.0
16500,0.0,100.0
16750,0.0,100.0
17000,0.0,100.0
17250,0.0,100.0
17500,0.0,100.0
17750,0.0,100.0
18000,0.0,100.0
18250,39.6,100.0
18500,0.0,100.0
18750,0.0,39.52569169960474
19000,0.0,19.880715705765407
19250,0.0,13.280212483399733
19500,0.0,9.970089730807578
19750,0.0,7.980845969672785
20000,0.0,6.65335994677312
20250,38.800000000000004,6.648936170212766
20500,0.0,6.648936170212766
20750,0.0,6.648936170212766
21000,0.0,6.648936170212766
21250,0.0,6.648936170212766
21500,0.0,6.648936170212766
21750,0.8,100.0
22000,0.0,100.0
22250,39.6,100.0
22500,0.0,100.0
22750,0.0,39.52569169960474
23000,0.0,19.880715705765407
23250,0.0,13.280212483399733
23500,0.0,9.970089730807578
23750,0.0,7.980845969672785
24000,0.0,6.65335994677312
24250,38.800000000000004,6.648936170212766
24500,0.0,6.648936170212766
24750,0.0,6.648936170212766
25000,0.0,6.648936170212766
25250,0.0,6.648936170212766
25500,0.0,6.648936170212766
25750,0.8,100.0
26000,0.0,100.0
26250,39.6,100.0
26500,0.0,100.0
26750,0.0,100.0
27000,0.0,100.0
27250,0.0,39.52569169960474
27500,0.0,19.880715705765407
27750,0.0,13.280212483399733
28000,0.0,100.0
28250,39.6,40.16064257028113
28500,0.0,20.04008016032064
28750,0.0,13.351134846461948
29000,0.0,10.01001001001001
29250,0.0,8.00640512409928
29500,0.0,6.671114076050701
29750,0.0,5.717552887364208
30000,0.0,5.002501250625312
30250,38.800000000000004,5.0
30500,0.0,5.0
30750,0.0,5.0
31000,0.0,5.0
31250,0.0,5.0
31500,0.0,5.0
31750,0.0,5.0
32000,0.8,100.0
32250,39.6,100.0
32500,0.0,100.0
32750,0.0,100.0
33000,0.0,100.0
33250,0.0,100.0
33500,0.0,100.0
33750,0.0,40.32258064516129
34000,0.0,100.0
34250,39.6,40.16064257028113
34500,0.0,100.0
34750,0.0,39.52569169960474
35000,0.0,19.880715705765407
35250,0.0,13.280212483399733
35500,0.0,9.970089730807578
35750,0.0,7.980845969672785
36000,0.0,6.65335994677312
36250,38.800000000000004,6.648936170212766
36500,0.0,6.648936170212766
36750,0.0,6.648936170212766
37000,0.0,6.648936170212766
37250,0.0,6.648936170212766
37500,0.0,6.648936170212766
37750,0.8,100.0
38000,0.0,100.0
38250,39.6,40.16064257028113
38500,0.0,100.0
38750,0.0,39.52569169960474
39000,0.0,19.880715705765407
39250,0.0,13.280212483399733
39500,0.0,9.970089730807578
39750,0.0,7.980845969672785
40000,0.0,6.65335994677312
40250,38.800000000000004,6.648936170212766
40500,0.0,6.648936170212766
40750,0.0,6.648936170212766
41000,0.0,6.648936170212766
41250,0.0,6.648936170212766
41500,0.0,6.648936170212766
41750,0.8,100.0
42000,0.0,100.0
42250,39.6,100.0
42500,0.0,100.0
42750,0.0,100.0
43000,0.0,100.0
43250,0.0,39.52569169960474
43500,0.0,19.880715705765407
43750,0.0,13.280212483399733
44000,0.0,100.0
44250,39.6,40.16064257028113
44500,0.0,20.04008016032064
44750,0.0,13.351134846461948
45000,0.0,10.01001001001001
45250,0.0,8.00640512409928
45500,0.0,6.671114076050701
45750,0.0,5.717552887364208
46000,0.0,5.002501250625312
46250,38.800000000000004,5.0
46500,0.0,5.0
46750,0.0,5.0
47000,0.0,5.0
47250,0.0,5.0
47500,0.0,5.0
47750,0.0,5.0
48000,0.8,100.0
48250,39.6,100.0
48500,0.0,100.0
48750,0.0,100.0
49000,0.0,100.0
49250,0.0,39.52569169960474
49500,0.0,19.880715705765407
49750,0.0,40.32258064516129
50000,0.0,100.0
50250,39.6,40.16064257028113
50500,0.0,100.0
50750,0.0,39.52569169960474
51000,0.0,19.880715705765407
51250,0.0,13.280212483399733
51500,0.0,9.970089730807578
51750,0.0,7.980845969672785
52000,0.0,6.65335994677312
52250,39.2,6.648936170212766
52500,0.0,6.648936170212766
52750,0.0,6.648936170212766
53000,0.0,6.648936170212766
53250,0.0,6.648936170212766
53500,0.0,6.648936170212766
53750,0.8,40.48582995951417
54000,0.0,100.0
54250,0.0,66.66666666666666
54500,0.0,25.0
54750,0.0,15.384615384615385
55000,0.0,11.11111111111111
55250,0.0,8.695652173913043
55500,0.0,7.142857142857142
55750,0.0,6.0606060606060606
56000,0.0,5.263157894736842
56250,0.8,67.11409395973155
56500,0.0,25.062656641604008
56750,0.0,15.408320493066254
57000,0.0,11.123470522803114
57250,0.0,8.703220191470844
57500,0.0,7.147962830593281
57750,0.0,6.064281382656155
58000,0.0,5.26592943654555
58250,0.8,67.56756756756756
58500,0.0,25.125628140703515
58750,0.0,15.432098765432098
59000,0.0,11.1358574610245
59250,0.0,8.710801393728223
59500,0.0,7.1530758226037205
59750,0.0,6.067961165048544
60000,0.0,5.268703898840886
60250,0.8,68.02721088435374
60500,0.0,25.188916876574307
60750,0.0,15.455950540958268
61000,0.0,11.148272017837236
61250,0.0,8.718395815170009
61500,0.0,7.158196134574088
61750,0.0,6.071645415907711
62000,0.0,5.271481286241434
62250,0.8,68.4931506849315
62500,0.0,25.252525252525253
62750,0.0,15.479876160990713
63000,0.0,11.160714285714286
63250,0.0,8.726003490401396
63500,0.0,7.163323782234957
63750,0.0,6.075334143377885
64000,0.0,5.274261603375527
64250,0.8,68.96551724137932
64500,0.0,25.31645569620253
64750,0.0,15.503875968992247
65000,0.0,11.1731843575419
65250,0.0,8.73362445414847
65500,0.0,7.168458781362006
65750,0.0,6.079027355623101
66000,0.0,5.277044854881266
66250,0.8,69.44444444444444
66500,0.0,25.380710659898476
66750,0.0,15.527950310559005
67000,0.0,11.185682326621924
67250,0.0,8.741258741258742
67500,0.0,7.173601147776183
67750,0.0,6.082725060827251
68000,0.0,5.279831045406547
68250,0.8,69.93006993006993
68500,0.0,25.44529262086514
68750,0.0,15.552099533437014
69000,0.0,11.198208286674133
69250,0.0,8.748906386701663
69500,0.0,7.178750897343862
69750,0.0,6.086427267194157
70000,0.0,5.282620179609086
70250,0.8,70.4225352112676
70500,0.0,25.510204081632654
70750,0.0,15.57632398753894
71000,0.0,11.210762331838566
71250,0.0,8.756567425569177
71500,0.0,7.183908045977011
71750,0.0,6.090133982947625
72000,0.0,5.2854122621564485
72250,0.8,70.92198581560284
72500,0.0,25.575447570332482
72750,0.0,15.600624024960998
73000,0.0,11.22334455667789
73250,0.0,8.76424189307625
73500,0.0,7.189072609633357
73750,0.0,6.0938452163315056
74000,0.0,5.288207297726071
74250,0.8,71.42857142857143
74500,0.0,25.64102564102564
74750,0.0,15.625
75000,0.0,11.235955056179774
75250,0.0,8.771929824561402
75500,0.0,7.194244604316546
75750,0.0,6.097560975609756
76000,0.0,5.291005291005291
76250,0.8,71.94244604316546
76500,0.0,25.70694087403599
76750,0.0,15.64945226917058
77000,0.0,11.24859392575928
77250,0.0,8.779631255487269
77500,0.0,7.199424046076314
77750,0.0,6.1012812690665035
78000,0.0,5.293806246691371
78250,0.8,72.46376811594203
78500,0.0,25.773195876288657
78750,0.0,15.673981191222571
79000,0.0,11.26126126126126
79250,0.0,8.787346221441124
79500,0.0,7.204610951008646
79750,0.0,6.105006105006105
80000,0.0,5.296610169491525
80250,0.8,72.99270072992701
80500,0.0,25.839793281653744
80750,0.0,15.698587127158556
81000,0.0,11.273957158962796
81250,0.0,8.795074758135444
81500,0.0,7.209805335255948
81750,0.0,6.108735491753206
82000,0.0,5.299417064122947
82250,0.8,73.52941176470588
82500,0.0,25.906735751295333
82750,0.0,15.723270440251572
83000,0.0,11.286681715575622
83250,0.0,8.80281690140845
83500,0.0,7.215007215007215
83750,0.0,6.112469437652812
84000,0.0,5.302226935312832
84250,0.8,74.07407407407408
84500,0.0,25.97402597402597
84750,0.0,15.748031496062993
85000,0.0,11.299435028248588
85250,0.0,8.81057268722467
85500,0.0,7.2202166064981945
85750,0.0,6.116207951070336
86000,0.0,5.305039787798409
86250,0.8,74.6268656716418
86500,0.0,26.041666666666668
86750,0.0,15.772870662460567
87000,0.0,11.312217194570136
87250,0.0,8.818342151675484
87500,0.0,7.225433526011561
87750,0.0,6.119951040391677
88000,0.0,5.3078556263269645
88250,0.8,75.18796992481202
88500,0.0,26.109660574412537
88750,0.0,15.797788309636651
89000,0.0,11.325028312570781
89250,0.0,8.8261253309797
89500,0.0,7.230657989877079
89750,0.0,6.12369871402327
90000,0.0,5.310674455655868
90250,0.8,75.75757575757575
90500,0.0,26.17801047120419
90750,0.0,15.822784810126583
91000,0.0,11.337868480725625
91250,0.0,8.8339222614841
91500,0.0,7.23589001447178
91750,0.0,6.127450980392156
92000,0.0,5.313496280552603
92250,0.8,76.33587786259542
92500,0.0,26.246719160104988
92750,0.0,15.847860538827257
93000,0.0,11.350737797956867
93250,0.0,8.841732979664014
93500,0.0,7.241129616220131
93750,0.0,6.131207847946046
94000,0.0,5.31632110579479
94250,0.8,76.92307692307693
94500,0.0,26.31578947368421
94750,0.0,15.873015873015872
95000,0.0,11.363636363636363
95250,0.0,8.849557522123893
95500,0.0,7.246376811594203
95750,0.0,6.134969325153374
96000,0.0,5.319148936170213
96250,0.8,77.51937984496125
96500,0.0,26.385224274406333
96750,0.0,15.89825119236884
97000,0.0,11.376564277588168
97250,0.0,8.857395925597874
97500,0.0,7.25163161711385
97750,0.0,6.138735420503377
98000,0.0,5.321979776476849
98250,0.8,78.125
98500,0.0,26.455026455026452
98750,0.0,15.92356687898089
99000,0.0,11.389521640091116
99250,0.0,8.865248226950355
99500,0.0,7.256894049346879
99750,0.0,6.142506142506143
100000,0.0,5.324813631522897
100250,0.8,78.74015748031496
100500,0.0,26.525198938992045
100750,0.0,15.94896331738437
101000,0.0,11.402508551881414
101250,0.0,8.873114463176575
101500,0.0,7.262164124909224
101750,0.0,6.146281499692686
102000,0.0,5.327650506126798
102250,0.8,79.36507936507937
102500,0.0,26.595744680851062
102750,0.0,15.974440894568689
103000,0.0,11.415525114155251
103250,0.0,8.880994671403197
103500,0.0,7.267441860465117
103750,0.0,6.150061500615006
104000,0.0,5.330490405117271
104250,38.800000000000004,5.254860746190226
104500,0.0,5.254860746190226
104750,0.0,5.254860746190226
105000,0.0,5.254860746190226
105250,0.0,5.254860746190226
105500,0.0,5.254860746190226
105750,0.0,5.254860746190226
106000,0.8,100.0
106250,39.6,79.36507936507937
106500,0.0,26.595744680851062
106750,0.0,15.974440894568689
107000,0.0,11.415525114155251
107250,0.0,8.880994671403197
107500,0.0,7.267441860465117
107750,0.0,6.150061500615006
108000,0.0,5.330490405117271
108250,38.800000000000004,5.254860746190226
108500,0.0,5.254860746190226
108750,0.0,5.254860746190226
109000,0.0,5.254860746190226
109250,0.0,5.254860746190226
109500,0.0,5.254860746190226
109750,0.0,5.254860746190226
110000,0.8,100.0
110250,39.6,79.36507936507937
110500,0.0,26.595744680851062
110750,0.0,15.974440894568689
111000,0.0,11.415525114155251
111250,0.0,8.880994671403197
111500,0.0,7.267441860465117
111750,0.0,6.150061500615006
112000,0.0,5.330490405117271
112250,38.800000000000004,5.254860746190226
112500,0.0,5.254860746190226
112750,0.0,5.254860746190226
113000,0.0,5.254860746190226
113250,0.0,5.254860746190226
113500,0.0,5.254860746190226
113750,0.0,5.254860746190226
114000,0.8,100.0
114250,39.6,79.36507936507937
114500,0.0,26.595744680851062
114750,0.0,15.974440894568689
115000,0.0,11.415525114155251
115250,0.0,8.880994671403197
115500,0.0,7.267441860465117
115750,0.0,6.150061500615006
116000,0.0,5.330490405117271
116250,38.800000000000004,5.254860746190226
116500,0.0,5.254860746190226
116750,0.0,5.254860746190226
117000,0.0,5.254860746190226
117250,0.0,5.254860746190226
117500,0.0,5.254860746190226
117750,0.0,5.254860746190226
118000,0.8,100.0
118250,39.6,79.36507936507937
118500,0.0,26.595744680851062
118750,0.0,15.974440894568689
119000,0.0,11.415525114155251
119250,0.0,8.880994671403197
119500,0.0,7.267441860465117
119750,0.0,6.150061500615006
120000,0.0,5.330490405117271
120250,38.800000000000004,5.254860746190226
120500,0.0,5.254860746190226
120750,0.0,5.254860746190226
121000,0.0,5.254860746190226
121250,0.0,5.254860746190226
121500,0.0,5.254860746190226
121750,0.0,5.254860746190226
122000,0.8,100.0
122250,39.6,79.36507936507937
122500,0.0,26.595744680851062
122750,0.0,15.974440894568689
123000,0.0,11.415525114155251
123250,0.0,8.880994671403197
123500,0.0,7.267441860465117
123750,0.0,6.150061500615006
124000,0.0,5.330490405117271
124250,38.800000000000004,5.254860746190226
124500,0.0,5.254860746190226
124750,0.0,5.254860746190226
125000,0.0,5.254860746190226
125250,0.0,5.254860746190226
125500,0.0,5.254860746190226
125750,0.0,5.254860746190226
126000,0.8,100.0
126250,39.6,79.36507936507937
126500,0.0,26.595744680851062
126750,0.0,15.974440894568689
127000,0.0,11.415525114155251
127250,0.0,8.880994671403197
127500,0.0,7.267441860465117
127750,0.0,6.150061500615006
128000,0.0,5.330490405117271
128250,38.800000000000004,5.254860746190226
128500,0.0,5.254860746190226
128750,0.0,5.254860746190226
129000,0.0,5.254860746190226
129250,0.0,5.254860746190226
129500,0.0,5.254860746190226
129750,0.0,5.254860746190226
130000,0.8,100.0
130250,39.6,79.36507936507937
130500,0.0,26.595744680851062
130750,0.0,15.974440894568689
131000,0.0,11.415525114155251
131250,0.0,8.880994671403197
131500,0.0,7.267441860465117
131750,0.0,6.150061500615006
132000,0.0,5.330490405117271
132250,38.800000000000004,5.254860746190226
132500,0.0,5.254860746190226
132750,0.0,5.254860746190226
133000,0.0,5.254860746190226
133250,0.0,5.254860746190226
133500,0.0,5.254860746190226
133750,0.0,5.254860746190226
134000,0.8,100.0
134250,39.6,79.36507936507937
134500,0.0,26.595744680851062
134750,0.0,15.974440894568689
135000,0.0,11.415525114155251
135250,0.0,8.880994671403197
135500,0.0,7.267441860465117
135750,0.0,6.150061500615006
136000,0.0,5.330490405117271
136250,38.800000000000004,5.254860746190226
136500,0.0,5.254860746190226
136750,0.0,5.254860746190226
137000,0.0,5.254860746190226
137250,0.0,5.254860746190226
137500,0.0,5.254860746190226
137750,0.0,5.254860746190226
138000,0.8,100.0
138250,39.6,79.36507936507937
138500,0.0,26.595744680851062
138750,0.0,15.974440894568689
139000,0.0,11.415525114155251
139250,0.0,8.880994671403197
139500,0.0,7.267441860465117
139750,0.0,6.150061500615006
140000,0.0,5.330490405117271
140250,38.800000000000004,5.254860746190226
140500,0.0,5.254860746190226
140750,0.0,5.254860746190226
141000,0.0,5.254860746190226
141250,0.0,5.254860746190226
141500,0.0,5.254860746190226
141750,0.0,5.254860746190226
142000,0.8,100.0
142250,39.6,79.36507936507937
142500,0.0,26.595744680851062
142750,0.0,15.974440894568689
143000,0.0,11.415525114155251
143250,0.0,8.880994671403197
143500,0.0,7.267441860465117
143750,0.0,6.150061500615006
144000,0.0,5.330490405117271
144250,38.800000000000004,5.254860746190226
144500,0.0,5.254860746190226
144750,0.0,5.254860746190226
145000,0.0,5.254860746190226
145250,0.0,5.254860746190226
145500,0.0,5.254860746190226
145750,0.0,5.254860746190226
146000,0.8,100.0
146250,39.6,79.36507936507937
146500,0.0,26.595744680851062
146750,0.0,15.974440894568689
147000,0.0,11.415525114155251
147250,0.0,8.880994671403197
147500,0.0,7.267441860465117
147750,0.0,6.150061500615006
148000,0.0,5.330490405117271
148250,38.800000000000004,5.254860746190226
148500,0.0,5.254860746190226
148750,0.0,5.254860746190226
149000,0.0,5.254860746190226
149250,0.0,5.254860746190226
149500,0.0,5.254860746190226
149750,0.0,5.254860746190226
150000,0.8,100.0
150250,39.6,79.36507936507937
150500,0.0,26.595744680851062
150750,0.0,15.974440894568689
151000,0.0,11.415525114155251
151250,0.0,8.880994671403197
151500,0.0,7.267441860465117
151750,0.0,6.150061500615006
152000,0.0,5.330490405117271
152250,38.800000000000004,5.254860746190226
152500,0.0,5.254860746190226
152750,0.0,5.254860746190226
153000,0.0,5.254860746190226
153250,0.0,5.254860746190226
153500,0.0,5.254860746190226
153750,0.0,5.254860746190226
154000,0.8,100.0
154250,40.0,80.0
154500,0.0,26.666666666666668
154750,0.0,16.0
155000,0.0,11.428571428571429
155250,0.0,8.88888888888889
155500,0.0,7.2727272727272725
155750,0.0,6.153846153846154
156000,0.0,5.333333333333334
156250,0.8,80.64516129032258
156500,0.0,26.737967914438503
156750,0.0,16.025641025641026
157000,0.0,11.441647597254006
157250,0.0,8.896797153024911
157500,0.0,7.278020378457059
157750,0.0,6.157635467980295
158000,0.0,5.3361792956243335
158250,0.8,81.30081300813008
158500,0.0,26.80965147453083
158750,0.0,16.051364365971107
159000,0.0,11.45475372279496
159250,0.0,8.904719501335707
159500,0.0,7.283321194464676
159750,0.0,6.161429451632778
160000,0.0,5.339028296849974
160250,0.8,81.9672131147541
160500,0.0,26.881720430107524
160750,0.0,16.077170418006432
161000,0.0,11.46788990825688
161250,0.0,8.9126559714795
161500,0.0,7.288629737609329
161750,0.0,6.165228113440198
162000,0.0,5.3418803418803416
162250,0.8,82.64462809917356
162500,0.0,26.954177897574123
162750,0.0,16.10305958132045
163000,0.0,11.481056257175661
163250,0.0,8.920606601248885
163500,0.0,7.293946024799417
163750,0.0,6.169031462060456
164000,0.0,5.344735435595938
164250,0.8,83.33333333333334
164500,0.0,27.027027027027028
164750,0.0,16.129032258064516
165000,0.0,11.494252873563218
165250,0.0,8.928571428571429
165500,0.0,7.2992700729927
165750,0.0,6.172839506172839
166000,0.0,5.347593582887701
166250,0.8,84.03361344537815
166500,0.0,27.100271002710024
166750,0.0,16.15508885298869
167000,0.0,11.507479861910241
167250,0.0,8.936550491510276
167500,0.0,7.304601899196493
167750,0.0,6.176652254478073
168000,0.0,5.350454788657036
168250,0.8,84.7457627118644
168500,0.0,27.173913043478258
168750,0.0,16.181229773462782
169000,0.0,11.52073732718894
169250,0.0,8.94454382826476
169500,0.0,7.309941520467836
169750,0.0,6.180469715698393
170000,0.0,5.353319057815846
170250,0.8,85.47008547008546
170500,0.0,27.247956403269757
170750,0.0,16.207455429497568
171000,0.0,11.534025374855824
171250,0.0,8.952551477170994
171500,0.0,7.315288953913679
171750,0.0,6.184291898577613
172000,0.0,5.356186395286556
172250,0.8,86.20689655172413
172500,0.0,27.322404371584703
172750,0.0,16.233766233766232
173000,0.0,11.547344110854503
173250,0.0,8.960573476702509
173500,0.0,7.320644216691069
173750,0.0,6.188118811881188
174000,0.0,5.359056806002144
174250,0.8,86.95652173913044
174500,0.0,27.397260273972602
174750,0.0,16.260162601626014
175000,0.0,11.560693641618498
175250,0.0,8.968609865470851
175500,0.0,7.326007326007327
175750,0.0,6.191950464396285
176000,0.0,5.361930294906166
176250,0.8,87.71929824561403
176500,0.0,27.472527472527474
176750,0.0,16.286644951140065
177000,0.0,11.574074074074074
177250,0.0,8.976660682226212
177500,0.0,7.331378299120235
177750,0.0,6.195786864931847
178000,0.0,5.36480686695279
178250,0.8,88.49557522123894
178500,0.0,27.548209366391184
178750,0.0,16.31321370309951
179000,0.0,11.587485515643106
179250,0.0,8.984725965858042
179500,0.0,7.336757153338224
179750,0.0,6.199628022318661
180000,0.0,5.367686527106817
180250,0.8,89.28571428571429
180500,0.0,27.624309392265197
180750,0.0,16.33986928104575
181000,0.0,11.600928074245939
181250,0.0,8.992805755395683
181500,0.0,7.342143906020558
181750,0.0,6.20347394540943
182000,0.0,5.370569280343716
182250,0.8,90.09009009009009
182500,0.0,27.70083102493075
182750,0.0,16.366612111292962
183000,0.0,11.614401858304298
183250,0.0,9.000900090009
183500,0.0,7.347538574577516
183750,0.0,6.207324643078833
184000,0.0,5.373455131649651
184250,0.8,90.9090909090909
184500,0.0,27.77777777777778
184750,0.0,16.39344262295082
185000,0.0,11.627906976744185
185250,0.0,9.00900900900901
185500,0.0,7.352941176470589
185750,0.0,6.211180124223603
186000,0.0,5.376344086021505
186250,0.8,91.74311926605505
186500,0.0,27.85515320334262
186750,0.0,16.420361247947454
187000,0.0,11.641443538998836
187250,0.0,9.017132551848512
187500,0.0,7.358351729212656
187750,0.0,6.215040397762586
188000,0.0,5.3792361484669176
188250,0.8,92.5925925925926
188500,0.0,27.932960893854748
188750,0.0,16.447368421052634
189000,0.0,11.655011655011654
189250,0.0,9.025270758122744
189500,0.0,7.363770250368189
189750,0.0,6.218905472636816
190000,0.0,5.382131324004305
190250,0.8,93.45794392523365
190500,0.0,28.011204481792717
190750,0.0,16.474464579901152
191000,0.0,11.668611435239207
191250,0.0,9.033423667570009
191500,0.0,7.369196757553427
191750,0.0,6.222775357809583
192000,0.0,5.385029617662897
192250,0.8,94.33962264150944
192500,0.0,28.08988764044944
192750,0.0,16.5016501650165
193000,0.0,11.682242990654206
193250,0.0,9.041591320072333
193500,0.0,7.374631268436578
193750,0.0,6.226650062266501
194000,0.0,5.387931034482758
194250,0.8,95.23809523809523
194500,0.0,28.169014084507044
194750,0.0,16.528925619834713
195000,0.0,11.695906432748536
195250,0.0,9.049773755656108
195500,0.0,7.380073800738007
195750,0.0,6.230529595015576
196000,0.0,5.3908355795148255
196250,0.8,96.15384615384616
196500,0.0,28.24858757062147
196750,0.0,16.55629139072848
197000,0.0,11.7096018735363
197250,0.0,9.057971014492754
197500,0.0,7.385524372230429
197750,0.0,6.234413965087282
198000,0.0,5.393743257820928
198250,0.8,97.0873786407767
198500,0.0,28.328611898016998
198750,0.0,16.58374792703151
199000,0.0,11.723329425556859
199250,0.0,9.066183136899365
199500,0.0,7.390983000739099
199750,0.0,6.238303181534623
200000,0.0,5.396654074473826
200250,0.8,98.0392156862745
200500,0.0,28.40909090909091
200750,0.0,16.611295681063122
201000,0.0,11.737089201877934
201250,0.0,9.074410163339383
201500,0.0,7.396449704142012
201750,0.0,6.242197253433209
202000,0.0,5.399568034557236
202250,0.8,99.00990099009901
202500,0.0,28.49002849002849
202750,0.0,16.638935108153078
203000,0.0,11.750881316098708
203250,0.0,9.08265213442325
203500,0.0,7.401924500370097
203750,0.0,6.2460961898813245
204000,0.0,5.4024851431658565
204250,0.8,100.0
204500,0.0,28.57142857142857
204750,0.0,16.666666666666664
205000,0.0,11.76470588235294
205250,0.0,9.090909090909092
205500,0.0,7.4074074074074066
205750,0.0,6.25
206000,0.0,5.405405405405405
206250,38.800000000000004,5.254860746190226
206500,0.0,5.254860746190226
206750,0.0,5.254860746190226
207000,0.0,5.254860746190226
207250,0.0,5.254860746190226
207500,0.0,5.254860746190226
207750,0.0,5.254860746190226
208000,0.8,100.0
208250,39.6,100.0
208500,0.0,28.57142857142857
208750,0.0,16.666666666666664
209000,0.0,11.76470588235294
209250,0.0,9.090909090909092
209500,0.0,7.4074074074074066
209750,0.0,6.25
210000,0.0,5.405405405405405
210250,38.800000000000004,5.254860746190226
210500,0.0,5.254860746190226
210750,0.0,5.254860746190226
211000,0.0,5.254860746190226
211250,0.0,5.254860746190226
211500,0.0,5.254860746190226
211750,0.0,5.254860746190226
212000,0.8,100.0
212250,39.6,100.0
212500,0.0,28.57142857142857
212750,0.0,16.666666666666664
213000,0.0,11.76470588235294
213250,0.0,9.090909090909092
213500,0.0,7.4074074074074066
213750,0.0,6.25
214000,0.0,5.405405405405405
214250,38.800000000000004,5.254860746190226
214500,0.0,5.254860746190226
214750,0.0,5.254860746190226
215000,0.0,5.254860746190226
215250,0.0,5.254860746190226
215500,0.0,5.254860746190226
215750,0.0,5.254860746190226
216000,0.8,100.0
216250,39.6,100.0
216500,0.0,28.57142857142857
216750,0.0,16.666666666666664
217000,0.0,11.76470588235294
217250,0.0,9.090909090909092
217500,0.0,7.4074074074074066
217750,0.0,6.25
218000,0.0,5.405405405405405
218250,38.800000000000004,5.254860746190226
218500,0.0,5.254860746190226
218750,0.0,5.254860746190226
219000,0.0,5.254860746190226
219250,0.0,5.254860746190226
219500,0.0,5.254860746190226
219750,0.0,5.254860746190226
220000,0.8,100.0
220250,39.6,100.0
220500,0.0,28.57142857142857
220750,0.0,16.666666666666664
221000,0.0,11.76470588235294
221250,0.0,9.090909090909092
221500,0.0,7.4074074074074066
221750,0.0,6.25
222000,0.0,5.405405405405405
222250,38.800000000000004,5.254860746190226
222500,0.0,5.254860746190226
222750,0.0,5.254860746190226
223000,0.0,5.254860746190226
223250,0.0,5.254860746190226
223500,0.0,5.254860746190226
223750,0.0,5.254860746190226
224000,0.8,100.0
224250,39.6,100.0
224500,0.0,28.57142857142857
224750,0.0,16.666666666666664
225000,0.0,11.76470588235294
225250,0.0,9.090909090909092
225500,0.0,7.4074074074074066
225750,0.0,6.25
226000,0.0,5.405405405405405
226250,38.800000000000004,5.254860746190226
226500,0.0,5.254860746190226
226750,0.0,5.254860746190226
227000,0.0,5.254860746190226
227250,0.0,5.254860746190226
227500,0.0,5.254860746190226
227750,0.0,5.254860746190226
228000,0.8,100.0
228250,39.6,100.0
228500,0.0,28.57142857142857
228750,0.0,16.666666666666664
229000,0.0,11.76470588235294
229250,0.0,9.090909090909092
229500,0.0,7.4074074074074066
229750,0.0,6.25
230000,0.0,5.405405405405405
230250,38.800000000000004,5.254860746190226
230500,0.0,5.254860746190226
230750,0.0,5.254860746190226
231000,0.0,5.254860746190226
231250,0.0,5.254860746190226
231500,0.0,5.254860746190226
231750,0.0,5.254860746190226
232000,0.8,100.0
232250,39.6,100.0
232500,0.0,28.57142857142857
232750,0.0,16.666666666666664
233000,0.0,11.76470588235294
233250,0.0,9.090909090909092
233500,0.0,7.4074074074074066
233750,0.0,6.25
234000,0.0,5.405405405405405
234250,38.800000000000004,5.254860746190226
234500,0.0,5.254860746190226
234750,0.0,5.254860746190226
235000,0.0,5.254860746190226
235250,0.0,5.254860746190226
235500,0.0,5.254860746190226
235750,0.0,5.254860746190226
236000,0.8,100.0
236250,39.6,100.0
236500,0.0,28.57142857142857
236750,0.0,16.666666666666664
237000,0.0,11.76470588235294
237250,0.0,9.090909090909092
237500,0.0,7.4074074074074066
237750,0.0,6.25
238000,0.0,5.405405405405405
238250,38.800000000000004,5.254860746190226
238500,0.0,5.254860746190226
238750,0.0,5.254860746190226
239000,0.0,5.254860746190226
239250,0.0,5.254860746190226
239500,0.0,5.254860746190226
239750,0.0,5.254860746190226
240000,0.8,100.0
240250,39.6,100.0
240500,0.0,28.57142857142857
240750,0.0,16.666666666666664
241000,0.0,11.76470588235294
241250,0.0,9.090909090909092
241500,0.0,7.4074074074074066
241750,0.0,6.25
242000,0.0,5.405405405405405
242250,38.800000000000004,5.254860746190226
242500,0.0,5.254860746190226
242750,0.0,5.254860746190226
243000,0.0,5.254860746190226
243250,0.0,5.254860746190226
243500,0.0,5.254860746190226
243750,0.0,5.254860746190226
244000,0.8,100.0
244250,39.6,100.0
244500,0.0,28.57142857142857
244750,0.0,16.666666666666664
245000,0.0,11.76470588235294
245250,0.0,9.090909090909092
245500,0.0,7.4074074074074066
245750,0.0,6.25
246000,0.0,5.405405405405405
246250,38.800000000000004,5.254860746190226
246500,0.0,5.254860746190226
246750,0.0,5.254860746190226
247000,0.0,5.254860746190226
247250,0.0,5.254860746190226
247500,0.0,5.254860746190226
247750,0.0,5.254860746190226
248000,0.8,100.0
248250,39.6,100.0
248500,0.0,28.57142857142857
248750,0.0,16.666666666666664
249000,0.0,11.76470588235294
249250,0.0,9.090909090909092
249500,0.0,7.4074074074074066
249750,0.0,6.25
250000,0.0,5.405405405405405
250250,38.800000000000004,5.254860746190226
250500,0.0,5.254860746190226
250750,0.0,5.254860746190226
251000,0.0,5.254860746190226
251250,0.0,5.254860746190226
251500,0.0,5.254860746190226
251750,0.0,5.254860746190226
252000,0.8,100.0
252250,39.6,100.0
252500,0.0,28.57142857142857
252750,0.0,16.666666666666664
253000,0.0,11.76470588235294
253250,0.0,9.090909090909092
253500,0.0,7.4074074074074066
253750,0.0,6.25
254000,0.0,5.405405405405405
254250,38.800000000000004,5.254860746190226
254500,0.0,5.254860746190226
254750,0.0,5.254860746190226
255000,0.0,5.254860746190226
255250,0.0,5.254860746190226
255500,0.0,5.254860746190226
255750,0.0,5.254860746190226
256000,0.8,100.0
256250,40.0,100.0
256500,0.0,28.653295128939828
256750,0.0,16.69449081803005
257000,0.0,11.778563015312132
257250,0.0,9.099181073703367
257500,0.0,7.412898443291327
257750,0.0,6.2539086929330825
258000,0.0,5.408328826392644
258250,0.8,100.0
258500,0.0,28.735632183908045
258750,0.0,16.722408026755854
259000,0.0,11.79245283018868
259250,0.0,9.107468123861565
259500,0.0,7.418397626112759
259750,0.0,6.25782227784731
260000,0.0,5.411255411255411
260250,0.8,100.0
260500,0.0,28.818443804034583
260750,0.0,16.750418760469014
261000,0.0,11.80637544273908
261250,0.0,9.115770282588878
261500,0.0,7.423904974016332
261750,0.0,6.261740763932373
262000,0.0,5.414185165132648
262250,0.8,100.0
262500,0.0,28.901734104046245
262750,0.0,16.778523489932887
263000,0.0,11.82033096926714
263250,0.0,9.124087591240876
263500,0.0,7.429420505200595
263750,0.0,6.265664160401002
264000,0.0,5.417118093174431
264250,0.8,100.0
264500,0.0,28.985507246376812
264750,0.0,16.80672268907563
265000,0.0,11.834319526627219
265250,0.0,9.1324200913242
265500,0.0,7.434944237918216
265750,0.0,6.269592476489027
266000,0.0,5.420054200542006
266250,0.8,100.0
266500,0.0,29.069767441860467
266750,0.0,16.835016835016837
267000,0.0,11.848341232227488
267250,0.0,9.140767824497258
267500,0.0,7.440476190476191
267750,0.0,6.273525721455458
268000,0.0,5.42299349240781
268250,0.8,100.0
268500,0.0,29.154518950437318
268750,0.0,16.863406408094438
269000,0.0,11.862396204033216
269250,0.0,9.149130832570906
269500,0.0,7.4460163812360385
269750,0.0,6.277463904582549
270000,0.0,5.425935973955507
270250,0.8,100.0
270500,0.0,29.239766081871345
270750,0.0,16.89189189189189
271000,0.0,11.87648456057007
271250,0.0,9.157509157509157
271500,0.0,7.451564828614009
271750,0.0,6.281407035175879
272000,0.0,5.428881650380022
272250,0.8,100.0
272500,0.0,29.32551319648094
272750,0.0,16.920473773265652
273000,0.0,11.890606420927467
273250,0.0,9.165902841429881
273500,0.0,7.457121551081284
273750,0.0,6.285355122564424
274000,0.0,5.431830526887562
274250,0.8,100.0
274500,0.0,29.411764705882355
274750,0.0,16.94915254237288
275000,0.0,11.904761904761903
275250,0.0,9.174311926605505
275500,0.0,7.462686567164178
275750,0.0,6.289308176100629
276000,0.0,5.434782608695652
276250,0.8,100.0
276500,0.0,29.49852507374631
276750,0.0,16.97792869269949
277000,0.0,11.918951132300357
277250,0.0,9.182736455463727
277500,0.0,7.468259895444361
277750,0.0,6.293266205160478
278000,0.0,5.43773790103317
278250,0.8,100.0
278500,0.0,29.585798816568047
278750,0.0,17.006802721088434
279000,0.0,11.933174224343675
279250,0.0,9.191176470588236
279500,0.0,7.473841554559043
279750,0.0,6.297229219143577
280000,0.0,5.44069640914037
280250,0.8,100.0
280500,0.0,29.673590504451035
280750,0.0,17.035775127768314
281000,0.0,11.947431302270012
281250,0.0,9.19963201471941
281500,0.0,7.479431563201197
281750,0.0,6.301197227473219
282000,0.0,5.443658138268917
282250,0.8,100.0
282500,0.0,29.761904761904763
282750,0.0,17.064846416382252
283000,0.0,11.961722488038278
283250,0.0,9.208103130755065
283500,0.0,7.48502994011976
283750,0.0,6.305170239596469
284000,0.0,5.446623093681917
284250,0.8,100.0
284500,0.0,29.850746268656714
284750,0.0,17.094017094017094
285000,0.0,11.976047904191617
285250,0.0,9.216589861751153
285500,0.0,7.490636704119851
285750,0.0,6.309148264984227
286000,0.0,5.449591280653951
286250,0.8,100.0
286500,0.0,29.94011976047904
286750,0.0,17.123287671232877
287000,0.0,11.990407673860911
287250,0.0,9.22509225092251
287500,0.0,7.496251874062969
287750,0.0,6.313131313131313
288000,0.0,5.452562704471101
288250,0.8,100.0
288500,0.0,30.03003003003003
288750,0.0,17.152658662092623
289000,0.0,12.004801920768307
289250,0.0,9.233610341643583
289500,0.0,7.501875468867217
289750,0.0,6.3171193935565375
290000,0.0,5.455537370430987
290250,0.8,100.0
290500,0.0,30.120481927710845
290750,0.0,17.18213058419244
291000,0.0,12.01923076923077
291250,0.0,9.242144177449168
291500,0.0,7.5075075075075075
291750,0.0,6.32111251580278
292000,0.0,5.458515283842795
292250,0.8,100.0
292500,0.0,30.211480362537763
292750,0.0,17.21170395869191
293000,0.0,12.033694344163658
293250,0.0,9.250693802035153
293500,0.0,7.513148009015777
293750,0.0,6.325110689437065
294000,0.0,5.461496450027307
294250,0.8,100.0
294500,0.0,30.303030303030305
294750,0.0,17.24137931034483
295000,0.0,12.048192771084338
295250,0.0,9.25925925925926
295500,0.0,7.518796992481203
295750,0.0,6.329113924050633
296000,0.0,5.46448087431694
296250,0.8,100.0
296500,0.0,30.3951367781155
296750,0.0,17.271157167530223
297000,0.0,12.062726176115802
297250,0.0,9.267840593141798
297500,0.0,7.524454477050415
297750,0.0,6.3331222292590255
298000,0.0,5.467468562055768
298250,0.8,100.0
298500,0.0,30.48780487804878
298750,0.0,17.301038062283737
299000,0.0,12.077294685990339
299250,0.0,9.276437847866418
299500,0.0,7.530120481927711
299750,0.0,6.337135614702155
300000,0.0,5.470459518599562
300250,0.8,100.0
300500,0.0,30.58103975535168
300750,0.0,17.33102253032929
301000,0.0,12.091898428053206
301250,0.0,9.285051067780872
301500,0.0,7.5357950263752835
301750,0.0,6.3411540900443875
302000,0.0,5.473453749315818
302250,0.8,100.0
302500,0.0,30.67484662576687
302750,0.0,17.36111111111111
303000,0.0,12.106537530266344
303250,0.0,9.293680297397769
303500,0.0,7.541478129713424
303750,0.0,6.345177664974619
304000,0.0,5.476451259583789
304250,0.8,100.0
304500,0.0,30.76923076923077
304750,0.0,17.391304347826086
305000,0.0,12.121212121212121
305250,0.0,9.30232558139535
305500,0.0,7.547169811320755
305750,0.0,6.349206349206349
306000,0.0,5.47945205479452
