250,0.0,100.0
500,0.0,100.0
750,0.0,100.0
1000,0.0,100.0
1250,0.0,100.0
1500,0.0,100.0
1750,0.0,100.0
2000,0.0,5.949999999999999
2250,59.199999999999996,13.283740701381507
2500,100.0,26.567481402763015
2750,100.0,39.851222104144526
3000,100.0,53.13496280552603
3250,100.0,66.41870350690755
3500,100.0,79.70244420828905
3750,100.0,92.98618490967057
4000,60.4,5.0
4250,67.2,13.007284079084286
4500,100.0,26.014568158168572
4750,100.0,39.021852237252865
5000,100.0,52.029136316337144
5250,100.0,65.03642039542143
5500,100.0,78.04370447450573
5750,100.0,91.05098855359
6000,76.4,3.2429558745348217
6250,99.6,10.095642933049948
6500,100.0,23.379383634431456
6750,100.0,36.66312433581297
7000,100.0,49.94686503719448
7250,100.0,63.23060573857598
7500,100.0,76.51434643995749
7750,100.0,89.798087141339
8000,60.0,6.589785831960461
8250,99.6,7.193849533223504
8500,100.0,20.922570016474467
8750,100.0,34.65129049972543
9000,100.0,48.38001098297639
9250,100.0,62.108731466227354
9500,100.0,75.83745194947831
9750,100.0,89.56617243272927
10000,60.0,10.517038777908343
10250,99.6,4.230317273795535
10500,100.0,18.91891891891892
10750,100.0,33.607520564042304
11000,100.0,48.29612220916569
11250,100.0,62.98472385428907
11500,100.0,77.67332549941246
11750,100.0,3.149606299212598
12000,59.599999999999994,19.553805774278217
12250,99.6,19.619422572178475
12500,100.0,13.32020997375328
12750,100.0,29.7244094488189
13000,100.0,46.128608923884514
13250,100.0,62.53280839895014
13500,100.0,78.93700787401575
13750,100.0,18.418907905460472
14000,59.599999999999994,38.79380603096985
14250,99.6,38.87530562347188
14500,100.0,2.037489812550937
14750,100.0,22.41238793806031
15000,100.0,42.78728606356968
15250,100.0,3.0585106382978724
15500,100.0,36.3031914893617
15750,100.0,69.54787234042553
16000,59.599999999999994,2.7925531914893615
16250,99.6,30.585106382978722
16500,100.0,63.829787234042556
16750,100.0,97.07446808510637
17000,100.0,33.87978142076503
17250,100.0,68.0327868852459
17500,100.0,2.185792349726776
17750,100.0,36.33879781420765
18000,59.599999999999994,70.49180327868852
18250,99.6,70.62841530054644
18500,100.0,70.62841530054644
18750,100.0,8.294930875576037
19000,100.0,23.502304147465438
19250,100.0,38.70967741935484
19500,100.0,53.91705069124424
19750,100.0,69.12442396313364
20000,60.0,84.33179723502305
20250,99.6,94.28571428571428
20500,100.0,8.571428571428571
20750,100.0,22.857142857142858
21000,100.0,37.142857142857146
21250,100.0,51.42857142857142
21500,100.0,65.71428571428571
21750,100.0,80.0
22000,59.599999999999994,94.28571428571428
22250,99.6,47.368421052631575
22500,100.0,63.1578947368421
22750,100.0,78.94736842105263
23000,100.0,94.73684210526315
23250,100.0,10.526315789473683
23500,100.0,25.0
23750,100.0,94.44444444444444
24000,59.599999999999994,72.97297297297297
24250,99.6,89.60000000000001
24500,100.0,94.8
24750,100.0,96.53333333333333
25000,100.0,97.39999999999999
25250,100.0,97.92
25500,100.0,98.26666666666667
25750,100.0,98.5142857142857
26000,60.0,99.95
26250,99.6,99.95002498750625
26500,100.0,99.95002498750625
26750,100.0,99.95002498750625
27000,100.0,99.95002498750625
27250,100.0,99.95002498750625
27500,100.0,99.95002498750625
27750,100.0,99.95002498750625
28000,59.599999999999994,73.91304347826086
28250,100.0,80.0
28500,100.0,90.0
28750,100.0,93.33333333333333
29000,100.0,95.0
29250,100.0,96.0
29500,100.0,96.66666666666667
29750,100.0,97.14285714285714
30000,60.0,26.31578947368421
30250,99.6,89.88095238095238
30500,100.0,95.93301435406698
30750,100.0,97.45508982035929
31000,100.0,98.14814814814815
31250,100.0,98.5445205479452
31500,100.0,98.80112834978844
31750,100.0,98.98081534772182
32000,52.400000000000006,99.00938477580813
32250,99.6,99.00990099009901
32500,100.0,99.00990099009901
32750,100.0,99.00990099009901
33000,100.0,99.00990099009901
33250,100.0,99.00990099009901
33500,100.0,99.00990099009901
33750,100.0,99.00990099009901
34000,60.0,89.47368421052632
34250,99.6,31.57894736842105
34500,100.0,47.368421052631575
34750,100.0,63.1578947368421
35000,100.0,78.94736842105263
35250,100.0,94.73684210526315
35500,100.0,10.526315789473683
35750,100.0,26.31578947368421
36000,60.0,42.10526315789473
36250,99.6,78.94736842105263
36500,100.0,90.0
36750,100.0,99.25925925925925
37000,100.0,99.61538461538461
37250,100.0,99.74025974025975
37500,100.0,99.80392156862746
37750,100.0,99.84251968503936
38000,60.0,99.86842105263159
38250,99.6,99.9342105263158
38500,100.0,99.9342105263158
38750,100.0,99.9342105263158
39000,100.0,99.9342105263158
39250,100.0,99.9342105263158
39500,100.0,99.9342105263158
39750,100.0,26.31578947368421
40000,60.0,42.10526315789473
40250,99.6,99.40476190476191
40500,100.0,99.76076555023924
40750,100.0,99.8502994011976
41000,100.0,99.89106753812636
41250,100.0,99.91438356164383
41500,100.0,99.92947813822285
41750,100.0,99.9400479616307
42000,59.599999999999994,55.55555555555556
42250,99.6,92.4
42500,100.0,96.2
42750,100.0,97.46666666666667
43000,100.0,98.1
43250,100.0,98.48
43500,100.0,98.73333333333333
43750,100.0,98.91428571428571
44000,52.400000000000006,99.9
44250,99.6,99.95
44500,100.0,99.95
44750,100.0,99.95
45000,100.0,99.95
45250,100.0,99.95
45500,100.0,99.95
45750,100.0,99.95
46000,59.599999999999994,68.42105263157895
46250,99.6,52.63157894736842
46500,100.0,68.42105263157895
46750,100.0,84.21052631578947
47000,100.0,100.0
47250,100.0,15.789473684210526
47500,100.0,31.57894736842105
47750,100.0,47.368421052631575
48000,59.599999999999994,63.1578947368421
48250,99.6,57.89473684210527
48500,100.0,70.0
48750,100.0,97.77777777777777
49000,100.0,98.84615384615385
49250,100.0,99.22077922077922
49500,100.0,99.41176470588235
49750,100.0,99.5275590551181
50000,60.0,99.60526315789474
50250,99.6,99.67105263157895
50500,100.0,99.67105263157895
50750,100.0,99.67105263157895
51000,100.0,99.67105263157895
51250,100.0,99.67105263157895
51500,100.0,99.67105263157895
51750,100.0,47.368421052631575
52000,60.0,63.1578947368421
52250,99.6,52.63157894736842
52500,100.0,68.42105263157895
52750,100.0,97.76951672862454
53000,100.0,98.84393063583815
53250,100.0,99.21976592977893
53500,100.0,99.41118743866537
53750,100.0,99.52718676122932
54000,60.0,89.47368421052632
54250,0.0,92.16867469879519
54500,7.199999999999999,96.875
54750,0.4,98.04804804804806
55000,0.0,98.58078602620087
55250,0.0,98.88507718696398
55500,0.0,99.0819209039548
55750,0.0,99.21968787515006
56000,0.0,99.00835073068893
56250,7.6,59.67741935483871
56500,0.0,79.91967871485943
56750,0.0,86.63101604278076
57000,0.0,89.97995991983969
57250,0.0,91.98717948717949
57500,0.0,93.32443257676903
57750,0.0,94.27917620137299
58000,0.0,99.94994994994994
58250,7.6,59.51417004048582
58500,0.0,79.87927565392354
58750,0.0,86.61311914323963
59000,0.0,89.96990972918756
59250,0.0,91.98075380914193
59500,0.0,93.31997327989312
59750,0.0,94.27590154550658
60000,0.0,99.949924887331
60250,7.6,59.34959349593496
60500,0.0,79.83870967741935
60750,0.0,86.59517426273459
61000,0.0,89.95983935742971
61250,0.0,91.97431781701445
61500,0.0,93.31550802139037
61750,0.0,94.27262313860251
62000,0.0,99.9498997995992
62250,7.6,59.183673469387756
62500,0.0,79.7979797979798
62750,0.0,86.57718120805369
63000,0.0,89.9497487437186
63250,0.0,91.96787148594377
63500,0.0,93.31103678929766
63750,0.0,94.26934097421203
64000,0.0,99.94987468671678
64250,7.6,59.01639344262295
64500,0.0,79.75708502024291
64750,0.0,86.55913978494624
65000,0.0,89.93963782696177
65250,0.0,91.96141479099678
65500,0.0,93.3065595716198
65750,0.0,94.26605504587155
66000,0.0,99.94984954864594
66250,7.6,58.8477366255144
66500,0.0,79.71602434077079
66750,0.0,86.54104979811575
67000,0.0,89.92950654582074
67250,0.0,91.9549477071601
67500,0.0,93.30207635632954
67750,0.0,94.2627653471027
68000,0.0,99.94982438534872
68250,7.6,58.67768595041323
68500,0.0,79.67479674796748
68750,0.0,86.52291105121293
69000,0.0,89.91935483870968
69250,0.0,91.94847020933977
69500,0.0,93.2975871313673
69750,0.0,94.25947187141217
70000,0.0,99.94979919678715
70250,7.6,58.50622406639005
70500,0.0,79.63340122199592
70750,0.0,86.5047233468286
71000,0.0,89.90918264379415
71250,0.0,91.941982272361
71500,0.0,93.29309188464117
71750,0.0,94.25617461229179
72000,0.0,99.94977398292315
72250,7.6,58.333333333333336
72500,0.0,79.59183673469387
72750,0.0,86.48648648648648
73000,0.0,89.8989898989899
73250,0.0,91.93548387096774
73500,0.0,93.28859060402685
73750,0.0,94.25287356321839
74000,0.0,99.94974874371859
74250,7.6,58.15899581589959
74500,0.0,79.55010224948876
74750,0.0,86.468200270636
75000,0.0,89.88877654196158
75250,0.0,91.92897497982244
75500,0.0,93.28408327736736
75750,0.0,94.24956871765382
76000,0.0,99.94972347913524
76250,7.6,57.98319327731093
76500,0.0,79.50819672131148
76750,0.0,86.44986449864498
77000,0.0,89.87854251012146
77250,0.0,91.92245557350566
77500,0.0,93.27956989247312
77750,0.0,94.24626006904488
78000,0.0,99.9496981891348
78250,7.6,57.80590717299579
78500,0.0,79.46611909650923
78750,0.0,86.43147896879239
79000,0.0,89.86828774062816
79250,0.0,91.91592562651576
79500,0.0,93.27505043712172
79750,0.0,94.24294761082325
80000,0.0,99.9496728736789
80250,7.6,57.6271186440678
80500,0.0,79.42386831275721
80750,0.0,86.41304347826086
81000,0.0,89.8580121703854
81250,0.0,91.9093851132686
81500,0.0,93.27052489905788
81750,0.0,94.23963133640552
82000,0.0,99.9496475327291
82250,7.6,57.446808510638306
82500,0.0,79.38144329896907
82750,0.0,86.39455782312925
83000,0.0,89.84771573604061
83250,0.0,91.90283400809717
83500,0.0,93.26599326599326
83750,0.0,94.23631123919309
84000,0.0,99.94962216624685
84250,7.6,57.26495726495726
84500,0.0,79.33884297520662
84750,0.0,86.37602179836512
85000,0.0,89.83739837398373
85250,0.0,91.89627228525121
85500,0.0,93.26145552560648
85750,0.0,94.23298731257209
86000,0.0,99.94959677419355
86250,7.6,57.08154506437768
86500,0.0,79.29606625258799
86750,0.0,86.3574351978172
87000,0.0,89.82706002034588
87250,0.0,91.889699918897
87500,0.0,93.25691166554282
87750,0.0,94.22965954991345
88000,0.0,99.94957135653051
88250,7.6,56.896551724137936
88500,0.0,79.25311203319502
88750,0.0,86.33879781420765
89000,0.0,89.81670061099797
89250,0.0,91.88311688311688
89500,0.0,93.25236167341431
89750,0.0,94.22632794457274
90000,0.0,99.94954591321897
90250,7.6,56.709956709956714
90500,0.0,79.20997920997921
90750,0.0,86.32010943912448
91000,0.0,89.80632008154944
91250,0.0,91.87652315190901
91500,0.0,93.24780553679946
91750,0.0,94.22299248989023
92000,0.0,99.94952044422008
92250,7.6,56.52173913043478
92500,0.0,79.16666666666666
92750,0.0,86.3013698630137
93000,0.0,89.79591836734694
93250,0.0,91.869918699187
93500,0.0,93.24324324324324
93750,0.0,94.21965317919076
94000,0.0,99.94949494949495
94250,7.6,56.33187772925764
94500,0.0,79.12317327766179
94750,0.0,86.28257887517147
95000,0.0,89.78549540347294
95250,0.0,91.86330349877949
95500,0.0,93.23867478025693
95750,0.0,94.21631000578368
96000,0.0,99.94946942900455
96250,7.6,56.14035087719298
96500,0.0,79.07949790794979
96750,0.0,86.26373626373626
97000,0.0,89.77505112474438
97250,0.0,91.85667752442997
97500,0.0,93.234100135318
97750,0.0,94.21296296296296
98000,0.0,99.94944388270982
98250,7.6,55.947136563876654
98500,0.0,79.03563941299791
98750,0.0,86.24484181568089
99000,0.0,89.76458546571136
99250,0.0,91.85004074979625
99500,0.0,93.22951929587
99750,0.0,94.20961204400695
100000,0.0,99.94941831057157
100250,7.6,55.75221238938053
100500,0.0,78.99159663865547
100750,0.0,86.22589531680441
101000,0.0,89.75409836065575
101250,0.0,91.84339314845025
101500,0.0,93.22493224932249
101750,0.0,94.20625724217845
102000,0.0,99.9493927125506
102250,7.6,55.55555555555556
102500,0.0,78.94736842105263
102750,0.0,86.20689655172413
103000,0.0,89.74358974358975
103250,0.0,91.83673469387756
103500,0.0,93.22033898305084
103750,0.0,94.20289855072464
104000,0.0,99.9493670886076
104250,89.60000000000001,99.06152241918666
104500,100.0,99.06152241918666
104750,100.0,99.06152241918666
105000,100.0,99.06152241918666
105250,100.0,99.06152241918666
105500,100.0,99.06152241918666
105750,100.0,99.06152241918666
106000,70.39999999999999,99.94934143870314
106250,89.2,99.95002498750625
106500,100.0,99.95002498750625
106750,100.0,99.95002498750625
107000,100.0,99.95002498750625
107250,100.0,99.95002498750625
107500,100.0,99.95002498750625
107750,100.0,99.95002498750625
108000,70.0,98.65067466266866
108250,89.60000000000001,99.06152241918666
108500,100.0,99.06152241918666
108750,100.0,99.06152241918666
109000,100.0,99.06152241918666
109250,100.0,99.06152241918666
109500,100.0,99.06152241918666
109750,100.0,99.06152241918666
110000,70.39999999999999,99.94934143870314
110250,89.2,99.95002498750625
110500,100.0,99.95002498750625
110750,100.0,99.95002498750625
111000,100.0,99.95002498750625
111250,100.0,99.95002498750625
111500,100.0,99.95002498750625
111750,100.0,15.234613040828762
112000,70.0,26.441036488630353
112250,89.60000000000001,39.08918406072106
112500,100.0,86.52751423149905
112750,100.0,97.64868603042876
113000,100.0,98.25282631038027
113250,100.0,98.60997547015535
113500,100.0,98.8458927359131
113750,100.0,99.01334881021474
114000,63.6,99.08768373035986
114250,89.2,99.1
114500,100.0,99.1
114750,100.0,99.1
115000,100.0,99.1
115250,100.0,99.1
115500,100.0,99.1
115750,100.0,99.1
116000,63.2,98.7
116250,96.39999999999999,42.314990512333964
116500,100.0,89.75332068311197
116750,100.0,100.0
117000,100.0,100.0
117250,100.0,100.0
117500,100.0,100.0
117750,100.0,100.0
118000,70.39999999999999,99.08768373035986
118250,89.2,99.1
118500,100.0,99.1
118750,100.0,99.1
119000,100.0,99.1
119250,100.0,99.1
119500,100.0,99.1
119750,100.0,99.1
120000,63.2,98.7
120250,96.39999999999999,42.314990512333964
120500,100.0,89.75332068311197
120750,100.0,100.0
121000,100.0,100.0
121250,100.0,100.0
121500,100.0,100.0
121750,100.0,100.0
122000,70.39999999999999,99.08768373035986
122250,89.2,99.1
122500,100.0,99.1
122750,100.0,99.1
123000,100.0,99.1
123250,100.0,99.1
123500,100.0,99.1
123750,100.0,99.1
124000,63.2,98.7
124250,96.39999999999999,42.314990512333964
124500,100.0,89.75332068311197
124750,100.0,100.0
125000,100.0,100.0
125250,100.0,100.0
125500,100.0,100.0
125750,100.0,100.0
126000,70.39999999999999,99.08768373035986
126250,89.2,99.1
126500,100.0,99.1
126750,100.0,99.1
127000,100.0,99.1
127250,100.0,99.1
127500,100.0,99.1
127750,100.0,99.1
128000,63.2,98.7
128250,96.39999999999999,42.314990512333964
128500,100.0,89.75332068311197
128750,100.0,100.0
129000,100.0,100.0
129250,100.0,100.0
129500,100.0,100.0
129750,100.0,100.0
130000,70.39999999999999,99.08768373035986
130250,89.2,99.1
130500,100.0,99.1
130750,100.0,99.1
131000,100.0,99.1
131250,100.0,99.1
131500,100.0,99.1
131750,100.0,99.1
132000,63.2,98.7
132250,96.39999999999999,42.314990512333964
132500,100.0,89.75332068311197
132750,100.0,100.0
133000,100.0,100.0
133250,100.0,100.0
133500,100.0,100.0
133750,100.0,100.0
134000,70.39999999999999,99.08768373035986
134250,89.2,99.1
134500,100.0,99.1
134750,100.0,99.1
135000,100.0,99.1
135250,100.0,99.1
135500,100.0,99.1
135750,100.0,99.1
136000,63.2,98.7
136250,96.39999999999999,42.314990512333964
136500,100.0,89.75332068311197
136750,100.0,100.0
137000,100.0,100.0
137250,100.0,100.0
137500,100.0,100.0
137750,100.0,100.0
138000,70.39999999999999,99.08768373035986
138250,89.2,99.1
138500,100.0,99.1
138750,100.0,99.1
139000,100.0,99.1
139250,100.0,99.1
139500,100.0,99.1
139750,100.0,99.1
140000,63.2,98.7
140250,96.39999999999999,100.0
140500,100.0,100.0
140750,100.0,100.0
141000,100.0,100.0
141250,100.0,100.0
141500,100.0,100.0
141750,100.0,100.0
142000,70.39999999999999,99.08768373035986
142250,89.2,99.1
142500,100.0,99.1
142750,100.0,99.1
143000,100.0,99.1
143250,100.0,99.1
143500,100.0,99.1
143750,100.0,99.1
144000,63.2,98.7
144250,96.39999999999999,100.0
144500,100.0,100.0
144750,100.0,100.0
145000,100.0,100.0
145250,100.0,100.0
145500,100.0,100.0
145750,100.0,100.0
146000,70.39999999999999,99.08768373035986
146250,89.2,99.1
146500,100.0,99.1
146750,100.0,99.1
147000,100.0,99.1
147250,100.0,99.1
147500,100.0,99.1
147750,100.0,99.1
148000,63.2,98.7
148250,96.39999999999999,100.0
148500,100.0,100.0
148750,100.0,100.0
149000,100.0,100.0
149250,100.0,100.0
149500,100.0,100.0
149750,100.0,100.0
150000,70.39999999999999,99.08768373035986
150250,89.2,99.1
150500,100.0,99.1
150750,100.0,99.1
151000,100.0,99.1
151250,100.0,99.1
151500,100.0,99.1
151750,100.0,99.1
152000,63.2,98.7
152250,96.39999999999999,100.0
152500,100.0,100.0
152750,100.0,100.0
153000,100.0,100.0
153250,100.0,100.0
153500,100.0,100.0
153750,100.0,100.0
154000,70.39999999999999,99.08768373035986
154250,89.2,99.1
154500,100.0,99.1
154750,100.0,99.1
155000,100.0,99.1
155250,100.0,99.1
155500,100.0,99.1
155750,100.0,99.1
156000,63.6,98.65
156250,7.199999999999999,69.44444444444444
156500,0.0,82.75261324041811
156750,0.0,87.98543689320388
157000,0.0,90.78212290502793
157250,0.0,92.5226586102719
157500,0.0,93.71029224904701
157750,0.0,94.57236842105263
158000,0.4,99.09593169261677
158250,7.199999999999999,69.3498452012384
158500,0.0,82.72251308900523
158750,0.0,87.97083839611179
159000,0.0,90.77353215284249
159250,0.0,92.51700680272108
159500,0.0,93.7062937062937
159750,0.0,94.5693911135491
160000,0.4,99.09547738693468
160250,7.199999999999999,69.25465838509317
160500,0.0,82.6923076923077
160750,0.0,87.95620437956204
161000,0.0,90.76492537313433
161250,0.0,92.51134644478064
161500,0.0,93.70229007633588
161750,0.0,94.56641053787047
162000,0.4,99.09502262443439
162250,7.199999999999999,69.1588785046729
162500,0.0,82.66199649737302
162750,0.0,87.9415347137637
163000,0.0,90.75630252100841
163250,0.0,92.50567751703255
163500,0.0,93.69828134945894
163750,0.0,94.56342668863262
164000,0.4,99.09456740442656
164250,7.199999999999999,69.0625
164500,0.0,82.63157894736842
164750,0.0,87.92682926829268
165000,0.0,90.74766355140187
165250,0.0,92.5
165500,0.0,93.69426751592357
165750,0.0,94.56043956043956
166000,0.4,99.09411172622043
166250,7.199999999999999,68.96551724137932
166500,0.0,82.60105448154658
166750,0.0,87.91208791208791
167000,0.0,90.73900841908326
167250,0.0,92.49431387414708
167500,0.0,93.69024856596559
167750,0.0,94.55744914788346
168000,0.4,99.09365558912387
168250,7.199999999999999,68.86792452830188
168500,0.0,82.57042253521126
168750,0.0,87.89731051344744
169000,0.0,90.73033707865169
169250,0.0,92.4886191198786
169500,0.0,93.68622448979592
169750,0.0,94.55445544554455
170000,0.4,99.09319899244332
170250,7.199999999999999,68.76971608832808
170500,0.0,82.53968253968253
170750,0.0,87.88249694002448
171000,0.0,90.72164948453609
171250,0.0,92.48291571753985
171500,0.0,93.68219527760051
171750,0.0,94.5514584479912
172000,0.4,99.09274193548387
172250,7.199999999999999,68.67088607594937
172500,0.0,82.50883392226149
172750,0.0,87.86764705882352
173000,0.0,90.71294559099438
173250,0.0,92.47720364741642
173500,0.0,93.67816091954023
173750,0.0,94.54845814977973
174000,0.4,99.09228441754917
174250,7.199999999999999,68.57142857142857
174500,0.0,82.47787610619469
174750,0.0,87.85276073619632
175000,0.0,90.70422535211267
175250,0.0,92.47148288973384
175500,0.0,93.6741214057508
175750,0.0,94.54545454545455
176000,0.4,99.09182643794148
176250,7.199999999999999,68.47133757961782
176500,0.0,82.4468085106383
176750,0.0,87.83783783783784
177000,0.0,90.69548872180451
177250,0.0,92.46575342465754
177500,0.0,93.67007672634271
177750,0.0,94.54244762954796
178000,0.4,99.09136799596163
178250,7.199999999999999,68.370607028754
178500,0.0,82.41563055062167
178750,0.0,87.82287822878229
179000,0.0,90.68673565380998
179250,0.0,92.46001523229246
179500,0.0,93.66602687140116
179750,0.0,94.53943739658025
180000,0.4,99.0909090909091
180250,7.199999999999999,68.26923076923077
180500,0.0,82.38434163701068
180750,0.0,87.807881773399
181000,0.0,90.67796610169492
181250,0.0,92.45426829268293
181500,0.0,93.66197183098592
181750,0.0,94.5364238410596
182000,0.4,99.09044972208186
182250,7.199999999999999,68.16720257234726
182500,0.0,82.35294117647058
182750,0.0,87.79284833538841
183000,0.0,90.66918001885014
183250,0.0,92.44851258581235
183500,0.0,93.65791159513132
183750,0.0,94.53340695748206
184000,0.4,99.08998988877654
184250,7.199999999999999,68.06451612903226
184500,0.0,82.32142857142857
184750,0.0,87.77777777777777
185000,0.0,90.66037735849056
185250,0.0,92.44274809160305
185500,0.0,93.65384615384616
185750,0.0,94.5303867403315
186000,0.4,99.08952959028832
186250,7.199999999999999,67.96116504854369
186500,0.0,82.28980322003578
186750,0.0,87.76266996291719
187000,0.0,90.6515580736544
187250,0.0,92.43697478991596
187500,0.0,93.64977549711352
187750,0.0,94.5273631840796
188000,0.4,99.08906882591093
188250,7.199999999999999,67.85714285714286
188500,0.0,82.25806451612904
188750,0.0,87.74752475247524
189000,0.0,90.64272211720227
189250,0.0,92.43119266055045
189500,0.0,93.64569961489089
189750,0.0,94.52433628318585
190000,0.4,99.0886075949367
190250,7.199999999999999,67.75244299674267
190500,0.0,82.2262118491921
190750,0.0,87.73234200743495
191000,0.0,90.63386944181646
191250,0.0,92.42540168324408
191500,0.0,93.64161849710982
191750,0.0,94.5213060320974
192000,0.4,99.08814589665653
192250,7.199999999999999,67.64705882352942
192500,0.0,82.19424460431655
192750,0.0,87.71712158808933
193000,0.0,90.625
193250,0.0,92.41960183767229
193500,0.0,93.63753213367609
193750,0.0,94.51827242524917
194000,0.4,99.08768373035986
194250,7.199999999999999,67.54098360655738
194500,0.0,82.16216216216216
194750,0.0,87.70186335403727
195000,0.0,90.61611374407583
195250,0.0,92.41379310344827
195500,0.0,93.63344051446946
195750,0.0,94.51523545706371
196000,0.4,99.08722109533468
196250,7.199999999999999,67.43421052631578
196500,0.0,82.12996389891697
196750,0.0,87.68656716417911
197000,0.0,90.60721062618596
197250,0.0,92.4079754601227
197500,0.0,93.62934362934364
197750,0.0,94.51219512195121
198000,0.4,99.08675799086758
198250,7.199999999999999,67.32673267326733
198500,0.0,82.09764918625679
198750,0.0,87.67123287671232
199000,0.0,90.5982905982906
199250,0.0,92.40214888718342
199500,0.0,93.6252414681262
199750,0.0,94.50915141430949
200000,0.4,99.08629441624366
200250,7.199999999999999,67.21854304635761
200500,0.0,82.06521739130434
200750,0.0,87.65586034912718
201000,0.0,90.5893536121673
201250,0.0,92.3963133640553
201500,0.0,93.62113402061856
201750,0.0,94.50610432852386
202000,0.4,99.08583037074658
202250,7.199999999999999,67.109634551495
202500,0.0,82.03266787658802
202750,0.0,87.64044943820225
203000,0.0,90.58039961941009
203250,0.0,92.39046887009992
203500,0.0,93.61702127659575
203750,0.0,94.50305385896725
204000,0.4,99.08536585365853
204250,7.199999999999999,67.0
204500,0.0,82.0
204750,0.0,87.625
205000,0.0,90.57142857142857
205250,0.0,92.38461538461539
205500,0.0,93.61290322580645
205750,0.0,94.5
206000,0.4,99.08490086426029
206250,86.0,100.0
206500,100.0,100.0
206750,100.0,100.0
207000,100.0,100.0
207250,100.0,100.0
207500,100.0,100.0
207750,100.0,100.0
208000,80.80000000000001,99.07550077041603
208250,78.8,99.1
208500,100.0,99.1
208750,100.0,99.1
209000,100.0,99.1
209250,100.0,99.1
209500,100.0,99.1
209750,100.0,99.1
210000,73.6,97.39999999999999
210250,86.0,100.0
210500,100.0,100.0
210750,100.0,100.0
211000,100.0,100.0
211250,100.0,100.0
211500,100.0,100.0
211750,100.0,100.0
212000,80.80000000000001,99.07550077041603
212250,78.8,99.1
212500,100.0,99.1
212750,100.0,99.1
213000,100.0,99.1
213250,100.0,99.1
213500,100.0,99.1
213750,100.0,99.1
214000,73.6,97.39999999999999
214250,86.0,100.0
214500,100.0,100.0
214750,100.0,100.0
215000,100.0,100.0
215250,100.0,100.0
215500,100.0,100.0
215750,100.0,100.0
216000,80.80000000000001,99.07550077041603
216250,78.8,99.1
216500,100.0,99.1
216750,100.0,99.1
217000,100.0,99.1
217250,100.0,99.1
217500,100.0,99.1
217750,100.0,99.1
218000,73.6,97.39999999999999
218250,86.0,100.0
218500,100.0,100.0
218750,100.0,100.0
219000,100.0,100.0
219250,100.0,100.0
219500,100.0,100.0
219750,100.0,100.0
220000,80.80000000000001,99.07550077041603
220250,78.8,99.1
220500,100.0,99.1
220750,100.0,99.1
221000,100.0,99.1
221250,100.0,99.1
221500,100.0,99.1
221750,100.0,99.1
222000,73.6,97.39999999999999
222250,86.0,100.0
222500,100.0,100.0
222750,100.0,100.0
223000,100.0,100.0
223250,100.0,100.0
223500,100.0,100.0
223750,100.0,100.0
224000,80.80000000000001,99.07550077041603
224250,78.8,99.1
224500,100.0,99.1
224750,100.0,99.1
225000,100.0,99.1
225250,100.0,99.1
225500,100.0,99.1
225750,100.0,99.1
226000,73.6,97.39999999999999
226250,86.0,100.0
226500,100.0,100.0
226750,100.0,100.0
227000,100.0,100.0
227250,100.0,100.0
227500,100.0,100.0
227750,100.0,100.0
228000,80.80000000000001,99.07550077041603
228250,78.8,99.1
228500,100.0,99.1
228750,100.0,99.1
229000,100.0,99.1
229250,100.0,99.1
229500,100.0,99.1
229750,100.0,99.1
230000,73.6,97.39999999999999
230250,86.0,100.0
230500,100.0,100.0
230750,100.0,100.0
231000,100.0,100.0
231250,100.0,100.0
231500,100.0,100.0
231750,100.0,100.0
232000,80.80000000000001,99.07550077041603
232250,78.8,99.1
232500,100.0,99.1
232750,100.0,99.1
233000,100.0,99.1
233250,100.0,99.1
233500,100.0,99.1
233750,100.0,99.1
234000,73.6,97.39999999999999
234250,86.0,100.0
234500,100.0,100.0
234750,100.0,100.0
235000,100.0,100.0
235250,100.0,100.0
235500,100.0,100.0
235750,100.0,100.0
236000,80.80000000000001,99.07550077041603
236250,78.8,99.1
236500,100.0,99.1
236750,100.0,99.1
237000,100.0,99.1
237250,100.0,99.1
237500,100.0,99.1
237750,100.0,99.1
238000,73.6,97.39999999999999
238250,86.0,100.0
238500,100.0,100.0
238750,100.0,100.0
239000,100.0,100.0
239250,100.0,100.0
239500,100.0,100.0
239750,100.0,100.0
240000,80.80000000000001,99.07550077041603
240250,78.8,99.1
240500,100.0,99.1
240750,100.0,99.1
241000,100.0,99.1
241250,100.0,99.1
241500,100.0,99.1
241750,100.0,99.1
242000,73.6,97.39999999999999
242250,86.0,100.0
242500,100.0,100.0
242750,100.0,100.0
243000,100.0,100.0
243250,100.0,100.0
243500,100.0,100.0
243750,100.0,100.0
244000,80.80000000000001,99.07550077041603
244250,78.8,99.1
244500,100.0,99.1
244750,100.0,99.1
245000,100.0,99.1
245250,100.0,99.1
245500,100.0,99.1
245750,100.0,99.1
246000,73.6,97.39999999999999
246250,86.0,100.0
246500,100.0,100.0
246750,100.0,100.0
247000,100.0,100.0
247250,100.0,100.0
247500,100.0,100.0
247750,100.0,100.0
248000,80.80000000000001,99.07550077041603
248250,78.8,99.1
248500,100.0,99.1
248750,100.0,99.1
249000,100.0,99.1
249250,100.0,99.1
249500,100.0,99.1
249750,100.0,99.1
250000,73.6,97.39999999999999
250250,86.0,100.0
250500,100.0,100.0
250750,100.0,100.0
251000,100.0,100.0
251250,100.0,100.0
251500,100.0,100.0
251750,100.0,100.0
252000,80.80000000000001,99.07550077041603
252250,78.8,99.1
252500,100.0,99.1
252750,100.0,99.1
253000,100.0,99.1
253250,100.0,99.1
253500,100.0,99.1
253750,100.0,99.1
254000,73.6,97.39999999999999
254250,86.0,100.0
254500,100.0,100.0
254750,100.0,100.0
255000,100.0,100.0
255250,100.0,100.0
255500,100.0,100.0
255750,100.0,100.0
256000,80.80000000000001,99.07550077041603
256250,78.8,99.1
256500,100.0,99.1
256750,100.0,99.1
257000,100.0,99.1
257250,100.0,99.1
257500,100.0,99.1
257750,100.0,99.1
258000,74.0,97.35000000000001
258250,7.199999999999999,66.77852348993288
258500,0.0,81.93430656934306
258750,0.0,87.59398496240601
259000,0.0,90.55343511450383
259250,0.0,92.37288135593221
259500,0.0,93.6046511627907
259750,0.0,94.49388209121246
260000,0.4,99.08396946564886
260250,7.199999999999999,66.66666666666666
260500,0.0,81.90127970749543
260750,0.0,87.5784190715182
261000,0.0,90.54441260744986
261250,0.0,92.36700077101003
261500,0.0,93.60051712992889
261750,0.0,94.49081803005008
262000,0.4,99.08350305498982
262250,7.199999999999999,66.55405405405406
262500,0.0,81.86813186813187
262750,0.0,87.56281407035176
263000,0.0,90.53537284894837
263250,0.0,92.36111111111111
263500,0.0,93.59637774902976
263750,0.0,94.48775055679288
264000,0.4,99.08303616912887
264250,7.199999999999999,66.44067796610169
264500,0.0,81.8348623853211
264750,0.0,87.54716981132076
265000,0.0,90.52631578947368
265250,0.0,92.35521235521236
265500,0.0,93.59223300970874
265750,0.0,94.48467966573816
266000,0.4,99.08256880733946
266250,7.199999999999999,66.3265306122449
266500,0.0,81.80147058823529
266750,0.0,87.53148614609572
267000,0.0,90.51724137931035
267250,0.0,92.34930448222566
267500,0.0,93.5880829015544
267750,0.0,94.48160535117057
268000,0.4,99.08210096889341
268250,7.199999999999999,66.21160409556313
268500,0.0,81.76795580110497
268750,0.0,87.51576292559899
269000,0.0,90.50814956855226
269250,0.0,92.34338747099768
269500,0.0,93.58392741412833
269750,0.0,94.47852760736197
270000,0.4,99.08163265306122
270250,7.199999999999999,66.0958904109589
270500,0.0,81.73431734317343
270750,0.0,87.5
271000,0.0,90.49904030710174
271250,0.0,92.3374613003096
271500,0.0,93.57976653696498
271750,0.0,94.47544642857143
272000,0.4,99.08116385911178
272250,7.199999999999999,65.97938144329896
272500,0.0,81.70055452865064
272750,0.0,87.48419721871049
273000,0.0,90.48991354466858
273250,0.0,92.33152594887683
273500,0.0,93.57560025957171
273750,0.0,94.47236180904522
274000,0.4,99.08069458631257
274250,7.199999999999999,65.86206896551724
274500,0.0,81.66666666666667
274750,0.0,87.46835443037975
275000,0.0,90.48076923076923
275250,0.0,92.32558139534883
275500,0.0,93.57142857142857
275750,0.0,94.46927374301676
276000,0.4,99.08022483392949
276250,7.199999999999999,65.7439446366782
276500,0.0,81.63265306122449
276750,0.0,87.45247148288973
277000,0.0,90.4716073147257
277250,0.0,92.31962761830876
277500,0.0,93.56725146198829
277750,0.0,94.46618222470654
278000,0.4,99.079754601227
278250,7.199999999999999,65.625
278500,0.0,81.59851301115242
278750,0.0,87.43654822335026
279000,0.0,90.46242774566474
279250,0.0,92.3136645962733
279500,0.0,93.5630689206762
279750,0.0,94.46308724832215
280000,0.4,99.07928388746802
280250,7.199999999999999,65.50522648083623
280500,0.0,81.56424581005587
280750,0.0,87.42058449809403
281000,0.0,90.45323047251688
281250,0.0,92.3076923076923
281500,0.0,93.55888093689005
281750,0.0,94.4599888080582
282000,0.4,99.07881269191402
282250,7.199999999999999,65.38461538461539
282500,0.0,81.52985074626866
282750,0.0,87.40458015267176
283000,0.0,90.44401544401545
283250,0.0,92.30171073094868
283500,0.0,93.5546875
283750,0.0,94.4568868980963
284000,0.4,99.07834101382488
284250,7.199999999999999,65.26315789473685
284500,0.0,81.49532710280374
284750,0.0,87.38853503184714
285000,0.0,90.43478260869566
285250,0.0,92.29571984435798
285500,0.0,93.55048859934854
285750,0.0,94.45378151260503
286000,0.4,99.07786885245902
286250,7.199999999999999,65.14084507042254
286500,0.0,81.46067415730337
286750,0.0,87.37244897959184
287000,0.0,90.42553191489363
287250,0.0,92.28971962616822
287500,0.0,93.54628422425033
287750,0.0,94.45067264573991
288000,0.4,99.07739620707329
288250,7.199999999999999,65.01766784452296
288500,0.0,81.42589118198875
288750,0.0,87.35632183908046
289000,0.0,90.4162633107454
289250,0.0,92.28371005455963
289500,0.0,93.54207436399217
289750,0.0,94.4475602916433
290000,0.4,99.07692307692308
290250,7.199999999999999,64.8936170212766
290500,0.0,81.39097744360903
290750,0.0,87.34015345268543
291000,0.0,90.40697674418605
291250,0.0,92.27769110764432
291500,0.0,93.5378590078329
291750,0.0,94.44444444444444
292000,0.4,99.07644946126219
292250,7.199999999999999,64.76868327402136
292500,0.0,81.35593220338984
292750,0.0,87.32394366197182
293000,0.0,90.3976721629486
293250,0.0,92.27166276346604
293500,0.0,93.53363814500327
293750,0.0,94.44132509825941
294000,0.4,99.07597535934292
294250,7.199999999999999,64.64285714285715
294500,0.0,81.32075471698114
294750,0.0,87.3076923076923
295000,0.0,90.3883495145631
295250,0.0,92.265625
295500,0.0,93.52941176470588
295750,0.0,94.43820224719101
296000,0.4,99.07550077041603
296250,7.199999999999999,64.51612903225806
296500,0.0,81.28544423440454
296750,0.0,87.29139922978177
297000,0.0,90.37900874635568
297250,0.0,92.25957779515245
297500,0.0,93.5251798561151
297750,0.0,94.43507588532883
298000,0.4,99.07502569373074
298250,7.199999999999999,64.38848920863309
298500,0.0,81.25
298750,0.0,87.27506426735219
299000,0.0,90.36964980544747
299250,0.0,92.25352112676056
299500,0.0,93.52094240837697
299750,0.0,94.43194600674916
300000,0.4,99.0745501285347
300250,7.199999999999999,64.25992779783394
300500,0.0,81.21442125237192
300750,0.0,87.25868725868726
301000,0.0,90.36027263875364
301250,0.0,92.24745497259201
301500,0.0,93.51669941060904
301750,0.0,94.4288126055149
302000,0.4,99.07407407407408
302250,7.199999999999999,64.13043478260869
302500,0.0,81.1787072243346
302750,0.0,87.24226804123711
303000,0.0,90.35087719298247
303250,0.0,92.24137931034483
303500,0.0,93.5124508519004
303750,0.0,94.42567567567568
304000,0.4,99.07359752959341
304250,7.199999999999999,64.0
304500,0.0,81.14285714285714
304750,0.0,87.22580645161291
305000,0.0,90.34146341463415
305250,0.0,92.23529411764706
305500,0.0,93.50819672131148
305750,0.0,94.42253521126761
306000,0.4,99.07312049433573
