250,0.0,100.0
500,0.0,60.0
750,0.0,40.0
1000,0.0,30.0
1250,0.0,24.0
1500,0.0,20.0
1750,0.0,17.142857142857142
2000,0.0,15.0
2250,0.8,17.123287671232877
2500,0.0,60.120240480961925
2750,0.0,40.053404539385845
3000,0.0,30.03003003003003
3250,0.0,24.01921537229784
3500,0.0,20.0133422281521
3750,0.0,17.152658662092623
4000,0.0,15.007503751875939
4250,0.8,17.133066818960593
4500,0.0,60.36217303822937
4750,0.0,40.16064257028113
5000,0.0,30.090270812437314
5250,0.0,24.057738572574177
5500,0.0,20.04008016032064
5750,0.0,17.172295363480252
6000,0.0,15.022533800701051
6250,0.8,15.015015015015015
6500,0.0,15.015015015015015
6750,0.0,15.015015015015015
7000,0.0,15.015015015015015
7250,0.0,15.015015015015015
7500,0.0,15.015015015015015
7750,19.6,15.015015015015015
8000,99.2,100.0
8250,99.6,100.0
8500,20.0,100.0
8750,0.0,66.22516556291392
9000,0.0,42.67425320056899
9250,0.0,31.47953830010493
9500,0.0,24.93765586034913
9750,0.0,20.646937370956643
10000,0.0,17.615971814445096
10250,99.6,17.6056338028169
10500,18.8,17.6056338028169
10750,0.0,17.6056338028169
11000,0.0,17.6056338028169
11250,0.0,17.6056338028169
11500,0.0,17.6056338028169
11750,1.2,100.0
12000,0.0,100.0
12250,99.6,100.0
12500,20.0,100.0
12750,0.0,100.0
13000,0.0,100.0
13250,0.0,100.0
13500,0.0,59.523809523809526
13750,0.0,39.787798408488065
14000,0.0,29.94011976047904
14250,99.6,29.910269192422735
14500,18.8,29.910269192422735
14750,0.0,29.910269192422735
15000,0.0,29.910269192422735
15250,0.4,100.0
15500,0.0,100.0
15750,0.0,100.0
16000,0.0,100.0
16250,99.6,100.0
16500,20.0,100.0
16750,0.0,100.0
17000,0.0,100.0
17250,0.0,100.0
17500,0.0,59.523809523809526
17750,0.0,39.787798408488065
18000,0.0,29.880478087649404
18250,99.6,29.850746268656714
18500,18.8,29.850746268656714
18750,0.0,29.850746268656714
19000,0.0,29.850746268656714
19250,1.2,100.0
19500,0.0,100.0
19750,0.0,100.0
20000,0.0,100.0
20250,99.6,100.0
20500,20.0,100.0
20750,0.0,100.0
21000,0.0,59.64214711729622
21250,0.0,39.8406374501992
21500,0.0,29.910269192422735
21750,0.0,23.942537909018355
22000,0.0,19.960079840319363
22250,99.6,19.9468085106383
22500,18.8,19.9468085106383
22750,0.0,19.9468085106383
23000,0.0,19.9468085106383
23250,0.4,19.9468085106383
23500,0.0,19.9468085106383
23750,0.8,100.0
24000,0.0,100.0
24250,99.6,100.0
24500,20.0,100.0
24750,0.0,100.0
25000,0.0,100.0
25250,0.0,100.0
25500,0.0,100.0
25750,0.0,100.0
26000,0.0,100.0
26250,99.6,100.0
26500,20.0,100.0
26750,0.0,100.0
27000,0.0,59.523809523809526
27250,0.0,39.787798408488065
27500,0.0,29.880478087649404
27750,0.0,23.923444976076556
28000,0.0,19.9468085106383
28250,99.6,19.93355481727575
28500,18.8,19.93355481727575
28750,0.0,19.93355481727575
29000,0.0,19.93355481727575
29250,0.0,19.93355481727575
29500,0.0,19.93355481727575
29750,1.2,100.0
30000,0.0,100.0
30250,99.6,100.0
30500,20.0,100.0
30750,0.0,100.0
31000,0.0,100.0
31250,0.0,100.0
31500,0.0,100.0
31750,0.0,100.0
32000,0.0,100.0
32250,99.6,100.0
32500,20.0,100.0
32750,0.0,100.0
33000,0.0,59.523809523809526
33250,0.0,39.787798408488065
33500,0.0,29.880478087649404
33750,0.0,23.923444976076556
34000,0.0,19.9468085106383
34250,99.6,19.93355481727575
34500,18.8,19.93355481727575
34750,0.0,19.93355481727575
35000,0.0,19.93355481727575
35250,0.0,19.93355481727575
35500,0.0,19.93355481727575
35750,1.2,100.0
36000,0.0,100.0
36250,99.6,100.0
36500,20.0,100.0
36750,0.0,100.0
37000,0.0,100.0
37250,0.0,100.0
37500,0.0,59.523809523809526
37750,0.0,100.0
38000,0.0,100.0
38250,99.6,100.0
38500,18.8,60.120240480961925
38750,0.0,40.053404539385845
39000,0.0,30.03003003003003
39250,0.0,24.01921537229784
39500,0.0,20.0133422281521
39750,0.0,17.152658662092623
40000,0.0,15.007503751875939
40250,99.6,15.0
40500,18.8,15.0
40750,0.0,15.0
41000,0.0,15.0
41250,0.0,15.0
41500,0.0,15.0
41750,0.0,15.0
42000,1.2,100.0
42250,99.6,100.0
42500,20.0,100.0
42750,0.0,100.0
43000,0.0,100.0
43250,0.0,100.0
43500,0.0,100.0
43750,0.0,100.0
44000,0.0,100.0
44250,99.6,100.0
44500,20.0,100.0
44750,0.0,100.0
45000,0.0,59.523809523809526
45250,0.0,39.787798408488065
45500,0.0,29.880478087649404
45750,0.0,23.923444976076556
46000,0.0,19.9468085106383
46250,99.6,19.93355481727575
46500,18.8,19.93355481727575
46750,0.0,19.93355481727575
47000,0.0,19.93355481727575
47250,0.0,19.93355481727575
47500,0.0,19.93355481727575
47750,1.2,100.0
48000,0.0,100.0
48250,99.6,100.0
48500,20.0,100.0
48750,0.0,100.0
49000,0.0,100.0
49250,0.0,100.0
49500,0.0,59.523809523809526
49750,0.0,100.0
50000,0.0,100.0
50250,99.6,100.0
50500,20.0,60.120240480961925
50750,0.0,40.053404539385845
51000,0.0,30.03003003003003
51250,0.0,24.01921537229784
51500,0.0,20.0133422281521
51750,0.0,17.152658662092623
52000,0.0,15.007503751875939
52250,99.6,15.0
52500,19.2,15.0
52750,0.0,15.0
53000,0.0,15.0
53250,0.0,15.0
53500,0.0,15.0
53750,0.0,15.0
54000,0.8,15.0
54250,0.4,100.0
54500,0.0,100.0
54750,0.0,100.0
55000,0.0,100.0
55250,0.0,100.0
55500,0.0,100.0
55750,0.0,100.0
56000,0.0,100.0
56250,0.0,100.0
56500,0.0,100.0
56750,0.0,100.0
57000,0.0,59.64214711729622
57250,0.0,39.8406374501992
57500,0.0,29.910269192422735
57750,0.0,23.942537909018355
58000,0.0,19.960079840319363
58250,0.0,17.113519680547633
58500,0.8,14.992503748125937
58750,0.4,100.0
59000,0.0,59.76095617529881
59250,0.0,39.8936170212766
59500,0.0,29.94011976047904
59750,0.0,23.961661341853034
60000,0.0,19.973368841544605
60250,0.0,17.123287671232877
60500,0.4,14.992503748125937
60750,0.8,100.0
61000,0.0,59.88023952095808
61250,0.0,39.94673768308921
61500,0.0,29.97002997002997
61750,0.0,23.980815347721823
62000,0.0,19.986675549633578
62250,0.0,17.133066818960593
62500,0.0,14.992503748125937
62750,1.2,100.0
63000,0.0,60.0
63250,0.0,40.0
63500,0.0,30.0
63750,0.0,24.0
64000,0.0,20.0
64250,0.0,17.142857142857142
64500,0.0,15.0
64750,1.2,100.0
65000,0.0,60.120240480961925
65250,0.0,40.053404539385845
65500,0.0,30.03003003003003
65750,0.0,24.01921537229784
66000,0.0,20.0133422281521
66250,0.0,17.152658662092623
66500,0.0,15.007503751875939
66750,1.2,100.0
67000,0.0,60.24096385542169
67250,0.0,40.106951871657756
67500,0.0,30.060120240480963
67750,0.0,24.03846153846154
68000,0.0,20.026702269692922
68250,0.0,17.162471395881006
68500,0.0,15.015015015015015
68750,1.2,100.0
69000,0.0,60.36217303822937
69250,0.0,40.16064257028113
69500,0.0,30.090270812437314
69750,0.0,24.057738572574177
70000,0.0,20.04008016032064
70250,0.0,17.172295363480252
70500,0.0,15.022533800701051
70750,1.2,100.0
71000,0.0,60.483870967741936
71250,0.0,40.21447721179624
71500,0.0,30.120481927710845
71750,0.0,24.077046548956663
72000,0.0,20.053475935828878
72250,0.0,17.18213058419244
72500,0.0,15.030060120240481
72750,1.2,100.0
73000,0.0,60.60606060606061
73250,0.0,40.26845637583892
73500,0.0,30.15075376884422
73750,0.0,24.096385542168676
74000,0.0,20.066889632107024
74250,0.0,17.191977077363894
74500,0.0,15.037593984962406
74750,1.2,100.0
75000,0.0,60.72874493927125
75250,0.0,40.32258064516129
75500,0.0,30.181086519114686
75750,0.0,24.115755627009648
76000,0.0,20.080321285140563
76250,0.0,17.201834862385322
76500,0.0,15.045135406218657
76750,1.2,100.0
77000,0.0,60.85192697768763
77250,0.0,40.376850605652756
77500,0.0,30.211480362537763
77750,0.0,24.13515687851971
78000,0.0,20.093770931011388
78250,0.0,17.21170395869191
78500,0.0,15.052684395383844
78750,1.2,100.0
79000,0.0,60.97560975609756
79250,0.0,40.43126684636118
79500,0.0,30.241935483870968
79750,0.0,24.154589371980677
80000,0.0,20.10723860589812
80250,0.0,17.221584385763492
80500,0.0,15.060240963855422
80750,1.2,100.0
81000,0.0,61.099796334012225
81250,0.0,40.48582995951417
81500,0.0,30.272452068617557
81750,0.0,24.174053182917003
82000,0.0,20.12072434607646
82250,0.0,17.23147616312464
82500,0.0,15.067805123053743
82750,1.2,100.0
83000,0.0,61.224489795918366
83250,0.0,40.54054054054054
83500,0.0,30.303030303030305
83750,0.0,24.193548387096776
84000,0.0,20.13422818791946
84250,0.0,17.24137931034483
84500,0.0,15.07537688442211
84750,1.2,100.0
85000,0.0,61.34969325153374
85250,0.0,40.59539918809202
85500,0.0,30.33367037411527
85750,0.0,24.213075060532688
86000,0.0,20.147750167897918
86250,0.0,17.25129384703853
86500,0.0,15.082956259426847
86750,1.2,100.0
87000,0.0,61.47540983606557
87250,0.0,40.65040650406504
87500,0.0,30.364372469635626
87750,0.0,24.232633279483036
88000,0.0,20.161290322580644
88250,0.0,17.26121979286536
88500,0.0,15.090543259557343
88750,1.2,100.0
89000,0.0,61.601642710472284
89250,0.0,40.70556309362279
89500,0.0,30.3951367781155
89750,0.0,24.252223120452708
90000,0.0,20.174848688634835
90250,0.0,17.271157167530223
90500,0.0,15.098137896326119
90750,1.2,100.0
91000,0.0,61.72839506172839
91250,0.0,40.76086956521739
91500,0.0,30.425963488843816
91750,0.0,24.271844660194176
92000,0.0,20.188425302826378
92250,0.0,17.28110599078341
92500,0.0,15.105740181268882
92750,1.2,100.0
93000,0.0,61.855670103092784
93250,0.0,40.816326530612244
93500,0.0,30.456852791878177
93750,0.0,24.291497975708502
94000,0.0,20.2020202020202
94250,0.0,17.29106628242075
94500,0.0,15.113350125944585
94750,1.2,100.0
95000,0.0,61.98347107438017
95250,0.0,40.87193460490463
95500,0.0,30.48780487804878
95750,0.0,24.311183144246353
96000,0.0,20.21563342318059
96250,0.0,17.301038062283737
96500,0.0,15.120967741935484
96750,1.2,100.0
97000,0.0,62.11180124223602
97250,0.0,40.92769440654843
97500,0.0,30.51881993896236
97750,0.0,24.330900243309003
98000,0.0,20.229265003371545
98250,0.0,17.311021350259665
98500,0.0,15.128593040847202
98750,1.2,100.0
99000,0.0,62.24066390041494
99250,0.0,40.98360655737705
99500,0.0,30.549898167006113
99750,0.0,24.350649350649352
100000,0.0,20.242914979757085
100250,0.0,17.321016166281755
100500,0.0,15.136226034308779
100750,1.2,100.0
101000,0.0,62.37006237006237
101250,0.0,41.03967168262654
101500,0.0,30.58103975535168
101750,0.0,24.37043054427295
102000,0.0,20.25658338960162
102250,0.0,17.33102253032929
102500,0.0,15.143866733972741
102750,1.2,100.0
103000,0.0,62.5
103250,0.0,41.0958904109589
103500,0.0,30.612244897959183
103750,0.0,24.390243902439025
104000,0.0,20.27027027027027
104250,89.2,19.907100199071
104500,29.2,19.907100199071
104750,0.0,19.907100199071
105000,0.0,19.907100199071
105250,0.0,19.907100199071
105500,0.0,19.907100199071
105750,1.2,100.0
106000,0.0,63.829787234042556
106250,89.2,60.36217303822937
106500,29.2,60.36217303822937
106750,1.2,100.0
107000,0.0,62.5
107250,0.0,41.0958904109589
107500,0.0,30.612244897959183
107750,0.0,24.390243902439025
108000,0.0,20.27027027027027
108250,89.2,19.907100199071
108500,29.2,19.907100199071
108750,0.0,19.907100199071
109000,0.0,19.907100199071
109250,0.0,19.907100199071
109500,0.0,19.907100199071
109750,1.2,100.0
110000,0.0,63.829787234042556
110250,89.2,60.36217303822937
110500,29.2,60.36217303822937
110750,1.2,100.0
111000,0.0,62.5
111250,0.0,41.0958904109589
111500,0.0,30.612244897959183
111750,0.0,24.390243902439025
112000,0.0,20.27027027027027
112250,89.2,19.907100199071
112500,29.2,19.907100199071
112750,0.0,19.907100199071
113000,0.0,19.907100199071
113250,0.0,19.907100199071
113500,0.0,19.907100199071
113750,1.2,100.0
114000,0.0,63.829787234042556
114250,89.2,60.36217303822937
114500,29.2,60.36217303822937
114750,1.2,100.0
115000,0.0,62.5
115250,0.0,41.0958904109589
115500,0.0,30.612244897959183
115750,0.0,24.390243902439025
116000,0.0,20.27027027027027
116250,89.2,19.907100199071
116500,29.2,19.907100199071
116750,0.0,19.907100199071
117000,0.0,19.907100199071
117250,0.0,19.907100199071
117500,0.0,19.907100199071
117750,1.2,100.0
118000,0.0,63.829787234042556
118250,89.2,60.36217303822937
118500,29.2,60.36217303822937
118750,1.2,100.0
119000,0.0,62.5
119250,0.0,41.0958904109589
119500,0.0,30.612244897959183
119750,0.0,24.390243902439025
120000,0.0,20.27027027027027
120250,89.2,19.907100199071
120500,29.2,19.907100199071
120750,0.0,19.907100199071
121000,0.0,19.907100199071
121250,0.0,19.907100199071
121500,0.0,19.907100199071
121750,1.2,100.0
122000,0.0,63.829787234042556
122250,89.2,60.36217303822937
122500,29.2,60.36217303822937
122750,1.2,100.0
123000,0.0,62.5
123250,0.0,41.0958904109589
123500,0.0,30.612244897959183
123750,0.0,24.390243902439025
124000,0.0,20.27027027027027
124250,89.2,19.907100199071
124500,29.2,19.907100199071
124750,0.0,19.907100199071
125000,0.0,19.907100199071
125250,0.0,19.907100199071
125500,0.0,19.907100199071
125750,1.2,100.0
126000,0.0,63.829787234042556
126250,89.2,60.36217303822937
126500,29.2,60.36217303822937
126750,1.2,100.0
127000,0.0,62.5
127250,0.0,41.0958904109589
127500,0.0,30.612244897959183
127750,0.0,24.390243902439025
128000,0.0,20.27027027027027
128250,89.2,19.907100199071
128500,29.2,19.907100199071
128750,0.0,19.907100199071
129000,0.0,19.907100199071
129250,0.0,19.907100199071
129500,0.0,19.907100199071
129750,1.2,100.0
130000,0.0,63.829787234042556
130250,89.2,60.36217303822937
130500,29.2,60.36217303822937
130750,1.2,100.0
131000,0.0,62.5
131250,0.0,41.0958904109589
131500,0.0,30.612244897959183
131750,0.0,24.390243902439025
132000,0.0,20.27027027027027
132250,89.2,19.907100199071
132500,29.2,19.907100199071
132750,0.0,19.907100199071
133000,0.0,19.907100199071
133250,0.0,19.907100199071
133500,0.0,19.907100199071
133750,1.2,100.0
134000,0.0,63.829787234042556
134250,89.2,60.36217303822937
134500,29.2,60.36217303822937
134750,1.2,100.0
135000,0.0,62.5
135250,0.0,41.0958904109589
135500,0.0,30.612244897959183
135750,0.0,24.390243902439025
136000,0.0,20.27027027027027
136250,89.2,19.907100199071
136500,29.2,19.907100199071
136750,0.0,19.907100199071
137000,0.0,19.907100199071
137250,0.0,19.907100199071
137500,0.0,19.907100199071
137750,1.2,100.0
138000,0.0,63.829787234042556
138250,89.2,60.36217303822937
138500,29.2,60.36217303822937
138750,1.2,100.0
139000,0.0,62.5
139250,0.0,41.0958904109589
139500,0.0,30.612244897959183
139750,0.0,24.390243902439025
140000,0.0,20.27027027027027
140250,89.2,19.907100199071
140500,29.2,19.907100199071
140750,0.0,19.907100199071
141000,0.0,19.907100199071
141250,0.0,19.907100199071
141500,0.0,19.907100199071
141750,1.2,100.0
142000,0.0,63.829787234042556
142250,89.2,60.36217303822937
142500,29.2,60.36217303822937
142750,1.2,100.0
143000,0.0,62.5
143250,0.0,41.0958904109589
143500,0.0,30.612244897959183
143750,0.0,24.390243902439025
144000,0.0,20.27027027027027
144250,89.2,19.907100199071
144500,29.2,19.907100199071
144750,0.0,19.907100199071
145000,0.0,19.907100199071
145250,0.0,19.907100199071
145500,0.0,19.907100199071
145750,1.2,100.0
146000,0.0,100.0
146250,89.2,100.0
146500,29.2,63.424947145877375
146750,0.0,100.0
147000,0.0,62.5
147250,0.0,41.0958904109589
147500,0.0,30.612244897959183
147750,0.0,100.0
148000,0.0,100.0
148250,89.2,100.0
148500,29.2,63.424947145877375
148750,0.0,41.49377593360996
149000,0.0,30.832476875642346
149250,0.0,24.529844644317254
149500,0.0,20.366598778004075
149750,0.0,100.0
150000,0.0,63.829787234042556
150250,89.2,60.36217303822937
150500,29.2,60.36217303822937
150750,1.2,100.0
151000,0.0,62.5
151250,0.0,41.0958904109589
151500,0.0,30.612244897959183
151750,0.0,24.390243902439025
152000,0.0,20.27027027027027
152250,89.2,19.907100199071
152500,29.2,19.907100199071
152750,0.0,19.907100199071
153000,0.0,19.907100199071
153250,0.0,19.907100199071
153500,0.0,19.907100199071
153750,1.2,100.0
154000,0.0,100.0
154250,89.2,100.0
154500,29.599999999999998,63.559322033898304
154750,0.0,100.0
155000,0.0,62.63048016701461
155250,0.0,41.1522633744856
155500,0.0,30.643513789581206
155750,0.0,100.0
156000,0.0,100.0
156250,0.0,100.0
156500,0.0,100.0
156750,0.0,100.0
157000,0.0,62.76150627615063
157250,0.0,41.208791208791204
157500,0.0,30.67484662576687
157750,0.0,24.429967426710096
158000,0.0,20.29769959404601
158250,0.0,17.36111111111111
158500,0.0,15.166835187057634
158750,1.2,100.0
159000,0.0,62.893081761006286
159250,0.0,41.26547455295736
159500,0.0,30.706243602865918
159750,0.0,24.449877750611247
160000,0.0,20.31144211238998
160250,0.0,17.371163867979156
160500,0.0,15.174506828528072
160750,1.2,100.0
161000,0.0,63.02521008403361
161250,0.0,41.32231404958678
161500,0.0,30.737704918032787
161750,0.0,24.469820554649267
162000,0.0,20.32520325203252
162250,0.0,17.381228273464657
162500,0.0,15.182186234817813
162750,1.2,100.0
163000,0.0,63.1578947368421
163250,0.0,41.37931034482759
163500,0.0,30.76923076923077
163750,0.0,24.489795918367346
164000,0.0,20.33898305084746
164250,0.0,17.391304347826086
164500,0.0,15.18987341772152
164750,1.2,100.0
165000,0.0,63.29113924050633
165250,0.0,41.43646408839779
165500,0.0,30.800821355236142
165750,0.0,24.509803921568626
166000,0.0,20.352781546811396
166250,0.0,17.40139211136891
166500,0.0,15.19756838905775
166750,1.2,100.0
167000,0.0,63.424947145877375
167250,0.0,41.49377593360996
167500,0.0,30.832476875642346
167750,0.0,24.529844644317254
168000,0.0,20.366598778004075
168250,0.0,17.411491584445734
168500,0.0,15.205271160669032
168750,1.2,100.0
169000,0.0,63.559322033898304
169250,0.0,41.55124653739612
169500,0.0,30.864197530864196
169750,0.0,24.549918166939445
170000,0.0,20.380434782608695
170250,0.0,17.421602787456447
170500,0.0,15.212981744421908
170750,1.2,100.0
171000,0.0,63.69426751592356
171250,0.0,41.60887656033287
171500,0.0,30.895983522142124
171750,0.0,24.57002457002457
172000,0.0,20.394289598912305
172250,0.0,17.431725740848343
172500,0.0,15.220700152207002
172750,1.2,100.0
173000,0.0,63.829787234042556
173250,0.0,41.66666666666667
173500,0.0,30.927835051546392
173750,0.0,24.59016393442623
174000,0.0,20.408163265306122
174250,0.0,17.441860465116278
174500,0.0,15.228426395939088
174750,1.2,100.0
175000,0.0,63.965884861407254
175250,0.0,41.72461752433936
175500,0.0,30.959752321981426
175750,0.0,24.61033634126333
176000,0.0,20.42205582028591
176250,0.0,17.452006980802793
176500,0.0,15.236160487557134
176750,1.2,100.0
177000,0.0,64.1025641025641
177250,0.0,41.78272980501393
177500,0.0,30.991735537190085
177750,0.0,24.63054187192118
178000,0.0,20.435967302452315
178250,0.0,17.462165308498253
178500,0.0,15.24390243902439
178750,1.2,100.0
179000,0.0,64.23982869379014
179250,0.0,41.84100418410041
179500,0.0,31.023784901758017
179750,0.0,24.65078060805259
180000,0.0,20.449897750511248
180250,0.0,17.472335468841003
180500,0.0,15.251652262328419
180750,1.2,100.0
181000,0.0,64.37768240343348
181250,0.0,41.899441340782126
181500,0.0,31.05590062111801
181750,0.0,24.671052631578945
182000,0.0,20.463847203274216
182250,0.0,17.482517482517483
182500,0.0,15.25940996948118
182750,1.2,100.0
183000,0.0,64.51612903225806
183250,0.0,41.95804195804196
183500,0.0,31.088082901554404
183750,0.0,24.691358024691358
184000,0.0,20.477815699658702
184250,0.0,17.49271137026239
184500,0.0,15.267175572519085
184750,1.2,100.0
185000,0.0,64.65517241379311
185250,0.0,42.016806722689076
185500,0.0,31.12033195020747
185750,0.0,24.71169686985173
186000,0.0,20.491803278688526
186250,0.0,17.50291715285881
186500,0.0,15.274949083503056
186750,1.2,100.0
187000,0.0,64.79481641468684
187250,0.0,42.07573632538569
187500,0.0,31.15264797507788
187750,0.0,24.732069249793902
188000,0.0,20.50580997949419
188250,0.0,17.513134851138354
188500,0.0,15.282730514518594
188750,1.2,100.0
189000,0.0,64.93506493506493
189250,0.0,42.13483146067416
189500,0.0,31.185031185031185
189750,0.0,24.752475247524753
190000,0.0,20.51983584131327
190250,0.0,17.523364485981308
190500,0.0,15.29051987767584
190750,1.2,100.0
191000,0.0,65.0759219088937
191250,0.0,42.19409282700422
191500,0.0,31.21748178980229
191750,0.0,24.77291494632535
192000,0.0,20.533880903490758
192250,0.0,17.533606078316772
192500,0.0,15.298317185109639
192750,1.2,100.0
193000,0.0,65.21739130434783
193250,0.0,42.25352112676056
193500,0.0,31.25
193750,0.0,24.793388429752067
194000,0.0,20.54794520547945
194250,0.0,17.543859649122805
194500,0.0,15.306122448979592
194750,1.2,100.0
195000,0.0,65.359477124183
195250,0.0,42.31311706629055
195500,0.0,31.282586027111574
195750,0.0,24.81389578163772
196000,0.0,20.5620287868403
196250,0.0,17.554125219426563
196500,0.0,15.313935681470136
196750,1.2,100.0
197000,0.0,65.50218340611353
197250,0.0,42.3728813559322
197500,0.0,31.315240083507305
197750,0.0,24.834437086092713
198000,0.0,20.5761316872428
198250,0.0,17.56440281030445
198500,0.0,15.321756894790603
198750,1.2,100.0
199000,0.0,65.64551422319475
199250,0.0,42.432814710042436
199500,0.0,31.347962382445143
199750,0.0,24.855012427506214
200000,0.0,20.59025394646534
200250,0.0,17.57469244288225
200500,0.0,15.329586101175268
200750,1.2,100.0
201000,0.0,65.78947368421053
201250,0.0,42.492917847025495
201500,0.0,31.380753138075313
201750,0.0,24.875621890547265
202000,0.0,20.604395604395602
202250,0.0,17.584994138335286
202500,0.0,15.337423312883436
202750,1.2,100.0
203000,0.0,65.93406593406593
203250,0.0,42.5531914893617
203500,0.0,31.413612565445025
203750,0.0,24.896265560165975
204000,0.0,20.618556701030926
204250,0.0,17.595307917888565
204500,0.0,15.34526854219949
204750,1.2,100.0
205000,0.0,66.07929515418502
205250,0.0,42.61363636363637
205500,0.0,31.446540880503143
205750,0.0,24.916943521594686
206000,0.0,20.63273727647868
206250,78.8,19.907100199071
206500,39.6,19.907100199071
206750,0.0,19.907100199071
207000,0.0,19.907100199071
207250,0.0,19.907100199071
207500,0.0,19.907100199071
207750,1.2,100.0
208000,0.0,67.56756756756756
208250,78.8,60.36217303822937
208500,39.6,60.36217303822937
208750,1.2,100.0
209000,0.0,66.07929515418502
209250,0.0,42.61363636363637
209500,0.0,31.446540880503143
209750,0.0,24.916943521594686
210000,0.0,20.63273727647868
210250,78.8,19.907100199071
210500,39.6,19.907100199071
210750,0.0,19.907100199071
211000,0.0,19.907100199071
211250,0.0,19.907100199071
211500,0.0,19.907100199071
211750,1.2,100.0
212000,0.0,67.56756756756756
212250,78.8,60.36217303822937
212500,39.6,60.36217303822937
212750,1.2,100.0
213000,0.0,66.07929515418502
213250,0.0,42.61363636363637
213500,0.0,31.446540880503143
213750,0.0,24.916943521594686
214000,0.0,20.63273727647868
214250,78.8,19.907100199071
214500,39.6,19.907100199071
214750,0.0,19.907100199071
215000,0.0,19.907100199071
215250,0.0,19.907100199071
215500,0.0,19.907100199071
215750,1.2,100.0
216000,0.0,67.56756756756756
216250,78.8,60.36217303822937
216500,39.6,60.36217303822937
216750,1.2,100.0
217000,0.0,66.07929515418502
217250,0.0,42.61363636363637
217500,0.0,31.446540880503143
217750,0.0,24.916943521594686
218000,0.0,20.63273727647868
218250,78.8,19.907100199071
218500,39.6,19.907100199071
218750,0.0,19.907100199071
219000,0.0,19.907100199071
219250,0.0,19.907100199071
219500,0.0,19.907100199071
219750,1.2,100.0
220000,0.0,67.56756756756756
220250,78.8,60.36217303822937
220500,39.6,60.36217303822937
220750,1.2,100.0
221000,0.0,66.07929515418502
221250,0.0,42.61363636363637
221500,0.0,31.446540880503143
221750,0.0,24.916943521594686
222000,0.0,20.63273727647868
222250,78.8,19.907100199071
222500,39.6,19.907100199071
222750,0.0,19.907100199071
223000,0.0,19.907100199071
223250,0.0,19.907100199071
223500,0.0,19.907100199071
223750,1.2,100.0
224000,0.0,67.56756756756756
224250,78.8,60.36217303822937
224500,39.6,60.36217303822937
224750,1.2,100.0
225000,0.0,66.07929515418502
225250,0.0,42.61363636363637
225500,0.0,31.446540880503143
225750,0.0,24.916943521594686
226000,0.0,20.63273727647868
226250,78.8,19.907100199071
226500,39.6,19.907100199071
226750,0.0,19.907100199071
227000,0.0,19.907100199071
227250,0.0,19.907100199071
227500,0.0,19.907100199071
227750,1.2,100.0
228000,0.0,67.56756756756756
228250,78.8,60.36217303822937
228500,39.6,60.36217303822937
228750,1.2,100.0
229000,0.0,66.07929515418502
229250,0.0,42.61363636363637
229500,0.0,31.446540880503143
229750,0.0,24.916943521594686
230000,0.0,20.63273727647868
230250,78.8,19.907100199071
230500,39.6,19.907100199071
230750,0.0,19.907100199071
231000,0.0,19.907100199071
231250,0.0,19.907100199071
231500,0.0,19.907100199071
231750,1.2,100.0
232000,0.0,67.56756756756756
232250,78.8,60.36217303822937
232500,39.6,60.36217303822937
232750,1.2,100.0
233000,0.0,66.07929515418502
233250,0.0,42.61363636363637
233500,0.0,31.446540880503143
233750,0.0,24.916943521594686
234000,0.0,20.63273727647868
234250,78.8,19.907100199071
234500,39.6,19.907100199071
234750,0.0,19.907100199071
235000,0.0,19.907100199071
235250,0.0,19.907100199071
235500,0.0,19.907100199071
235750,1.2,100.0
236000,0.0,67.56756756756756
236250,78.8,60.36217303822937
236500,39.6,60.36217303822937
236750,1.2,100.0
237000,0.0,66.07929515418502
237250,0.0,42.61363636363637
237500,0.0,31.446540880503143
237750,0.0,24.916943521594686
238000,0.0,20.63273727647868
238250,78.8,19.907100199071
238500,39.6,19.907100199071
238750,0.0,19.907100199071
239000,0.0,19.907100199071
239250,0.0,19.907100199071
239500,0.0,19.907100199071
239750,1.2,100.0
240000,0.0,67.56756756756756
240250,78.8,60.36217303822937
240500,39.6,60.36217303822937
240750,1.2,100.0
241000,0.0,66.07929515418502
241250,0.0,42.61363636363637
241500,0.0,31.446540880503143
241750,0.0,24.916943521594686
242000,0.0,20.63273727647868
242250,78.8,19.907100199071
242500,39.6,19.907100199071
242750,0.0,19.907100199071
243000,0.0,19.907100199071
243250,0.0,19.907100199071
243500,0.0,19.907100199071
243750,1.2,100.0
244000,0.0,67.56756756756756
244250,78.8,60.36217303822937
244500,39.6,60.36217303822937
244750,1.2,100.0
245000,0.0,66.07929515418502
245250,0.0,42.61363636363637
245500,0.0,31.446540880503143
245750,0.0,24.916943521594686
246000,0.0,20.63273727647868
246250,78.8,19.907100199071
246500,39.6,19.907100199071
246750,0.0,19.907100199071
247000,0.0,19.907100199071
247250,0.0,19.907100199071
247500,0.0,19.907100199071
247750,1.2,100.0
248000,0.0,67.56756756756756
248250,78.8,60.36217303822937
248500,39.6,60.36217303822937
248750,1.2,100.0
249000,0.0,66.07929515418502
249250,0.0,42.61363636363637
249500,0.0,31.446540880503143
249750,0.0,24.916943521594686
250000,0.0,20.63273727647868
250250,78.8,19.907100199071
250500,39.6,19.907100199071
250750,0.0,19.907100199071
251000,0.0,19.907100199071
251250,0.0,19.907100199071
251500,0.0,19.907100199071
251750,1.2,100.0
252000,0.0,67.56756756756756
252250,78.8,60.36217303822937
252500,39.6,60.36217303822937
252750,1.2,100.0
253000,0.0,66.07929515418502
253250,0.0,42.61363636363637
253500,0.0,31.446540880503143
253750,0.0,24.916943521594686
254000,0.0,20.63273727647868
254250,78.8,19.907100199071
254500,39.6,19.907100199071
254750,0.0,19.907100199071
255000,0.0,19.907100199071
255250,0.0,19.907100199071
255500,0.0,19.907100199071
255750,1.2,100.0
256000,0.0,100.0
256250,78.8,100.0
256500,40.0,67.2645739910314
256750,0.0,100.0
257000,0.0,66.22516556291392
257250,0.0,42.67425320056899
257500,0.0,31.47953830010493
257750,0.0,24.93765586034913
258000,0.0,20.646937370956643
258250,0.0,100.0
258500,0.0,100.0
258750,0.0,100.0
259000,0.0,66.3716814159292
259250,0.0,42.73504273504273
259500,0.0,31.512605042016805
259750,0.0,24.958402662229616
260000,0.0,20.66115702479339
260250,0.0,17.62632197414806
260500,0.0,15.368852459016393
260750,1.2,100.0
261000,0.0,66.51884700665188
261250,0.0,42.796005706134096
261500,0.0,31.545741324921135
261750,0.0,24.979184013322232
262000,0.0,20.67539627842867
262250,0.0,17.636684303350968
262500,0.0,15.376729882111736
262750,1.2,100.0
263000,0.0,66.66666666666666
263250,0.0,42.857142857142854
263500,0.0,31.57894736842105
263750,0.0,25.0
264000,0.0,20.689655172413794
264250,0.0,17.647058823529413
264500,0.0,15.384615384615385
264750,1.2,100.0
265000,0.0,66.815144766147
265250,0.0,42.91845493562232
265500,0.0,31.612223393045312
265750,0.0,25.0208507089241
266000,0.0,20.70393374741201
266250,0.0,17.657445556209534
266500,0.0,15.392508978963571
266750,1.2,100.0
267000,0.0,66.96428571428571
267250,0.0,42.97994269340974
267500,0.0,31.645569620253166
267750,0.0,25.041736227045075
268000,0.0,20.718232044198896
268250,0.0,17.6678445229682
268500,0.0,15.400410677618071
268750,1.2,100.0
269000,0.0,67.11409395973155
269250,0.0,43.0416068866571
269500,0.0,31.678986272439282
269750,0.0,25.062656641604008
270000,0.0,20.73255010366275
270250,0.0,17.678255745433116
270500,0.0,15.408320493066254
270750,1.2,100.0
271000,0.0,67.2645739910314
271250,0.0,43.103448275862064
271500,0.0,31.712473572938688
271750,0.0,25.08361204013378
272000,0.0,20.74688796680498
272250,0.0,17.68867924528302
272500,0.0,15.416238437821173
272750,1.2,100.0
273000,0.0,67.41573033707866
273250,0.0,43.16546762589928
273500,0.0,31.746031746031743
273750,0.0,25.10460251046025
274000,0.0,20.761245674740483
274250,0.0,17.699115044247787
274500,0.0,15.424164524421593
274750,1.2,100.0
275000,0.0,67.56756756756756
275250,0.0,43.22766570605187
275500,0.0,31.779661016949152
275750,0.0,25.125628140703515
276000,0.0,20.77562326869806
276250,0.0,17.70956316410862
276500,0.0,15.432098765432098
276750,1.2,100.0
277000,0.0,67.72009029345372
277250,0.0,43.290043290043286
277500,0.0,31.81336161187699
277750,0.0,25.14668901927913
278000,0.0,20.79002079002079
278250,0.0,17.72002362669817
278500,0.0,15.440041173443127
278750,1.2,100.0
279000,0.0,67.87330316742081
279250,0.0,43.35260115606936
279500,0.0,31.84713375796178
279750,0.0,25.16778523489933
280000,0.0,20.804438280166433
280250,0.0,17.73049645390071
280500,0.0,15.447991761071062
280750,1.2,100.0
281000,0.0,68.02721088435374
281250,0.0,43.41534008683068
281500,0.0,31.88097768331562
281750,0.0,25.188916876574307
282000,0.0,20.81887578070784
282250,0.0,17.740981667652278
282500,0.0,15.455950540958268
282750,1.2,100.0
283000,0.0,68.18181818181817
283250,0.0,43.47826086956522
283500,0.0,31.914893617021278
283750,0.0,25.210084033613445
284000,0.0,20.833333333333336
284250,0.0,17.75147928994083
284500,0.0,15.463917525773196
284750,1.2,100.0
285000,0.0,68.3371298405467
285250,0.0,43.54136429608128
285500,0.0,31.948881789137378
285750,0.0,25.231286795626577
286000,0.0,20.847810979847118
286250,0.0,17.761989342806395
286500,0.0,15.471892728210419
286750,1.2,100.0
287000,0.0,68.4931506849315
287250,0.0,43.604651162790695
287500,0.0,31.982942430703627
287750,0.0,25.252525252525253
288000,0.0,20.86230876216968
288250,0.0,17.77251184834123
288500,0.0,15.479876160990713
288750,1.2,100.0
289000,0.0,68.64988558352402
289250,0.0,43.66812227074236
289500,0.0,32.017075773745994
289750,0.0,25.273799494524006
290000,0.0,20.876826722338205
290250,0.0,17.783046828689983
290500,0.0,15.487867836861124
290750,1.2,100.0
291000,0.0,68.80733944954129
291250,0.0,43.731778425655975
291500,0.0,32.05128205128205
291750,0.0,25.29510961214165
292000,0.0,20.891364902506965
292250,0.0,17.793594306049823
292500,0.0,15.495867768595042
292750,1.2,100.0
293000,0.0,68.96551724137932
293250,0.0,43.79562043795621
293500,0.0,32.0855614973262
293750,0.0,25.31645569620253
294000,0.0,20.905923344947734
294250,0.0,17.804154302670625
294500,0.0,15.503875968992247
294750,1.2,100.0
295000,0.0,69.12442396313364
295250,0.0,43.859649122807014
295500,0.0,32.11991434689507
295750,0.0,25.33783783783784
296000,0.0,20.920502092050206
296250,0.0,17.81472684085511
296500,0.0,15.511892450879008
296750,1.2,100.0
297000,0.0,69.28406466512702
297250,0.0,43.92386530014642
297500,0.0,32.154340836012864
297750,0.0,25.359256128486894
298000,0.0,20.9351011863224
298250,0.0,17.825311942959
298500,0.0,15.51991722710812
298750,1.2,100.0
299000,0.0,69.44444444444444
299250,0.0,43.988269794721404
299500,0.0,32.18884120171674
299750,0.0,25.380710659898476
300000,0.0,20.949720670391063
300250,0.0,17.8359096313912
300500,0.0,15.527950310559005
300750,1.2,100.0
301000,0.0,69.60556844547564
301250,0.0,44.052863436123346
301500,0.0,32.2234156820623
301750,0.0,25.40220152413209
302000,0.0,20.964360587002094
302250,0.0,17.846519928613922
302500,0.0,15.535991714137754
302750,1.2,100.0
303000,0.0,69.76744186046511
303250,0.0,44.11764705882353
303500,0.0,32.25806451612903
303750,0.0,25.423728813559322
304000,0.0,20.97902097902098
304250,0.0,17.857142857142858
304500,0.0,15.544041450777202
304750,1.2,100.0
305000,0.0,69.93006993006993
305250,0.0,44.18262150220913
305500,0.0,32.29278794402583
305750,0.0,25.44529262086514
306000,0.0,20.99370188943317
