250,0.0,100.0
500,0.0,100.0
750,0.0,100.0
1000,0.0,100.0
1250,0.0,20.8
1500,0.0,34.0
1750,0.0,43.42857142857143
2000,0.0,50.5
2250,3.5999999999999996,44.00684931506849
2500,0.0,34.68708388814913
2750,0.0,59.904153354632584
3000,0.0,1.001001001001001
3250,0.0,20.736589271417134
3500,0.0,33.95597064709806
3750,0.0,43.39622641509434
4000,0.0,50.47523761880941
4250,3.5999999999999996,43.974871501998855
4500,0.0,34.6435709526982
4750,0.0,59.95203836930456
5000,0.0,1.001001001001001
5250,0.0,20.736589271417134
5500,0.0,33.95597064709806
5750,0.0,43.39622641509434
6000,0.0,50.70351758793969
6250,3.5999999999999996,38.67403314917127
6500,0.0,26.117528879959817
6750,0.0,37.669512807634355
7000,0.0,50.22601707684581
7250,96.0,62.782521346057266
7500,100.0,75.33902561526871
7750,100.0,87.89552988448015
8000,96.39999999999999,10.0
8250,99.6,10.0
8500,100.0,10.0
8750,100.0,10.0
9000,100.0,10.0
9250,0.0,10.0
9500,0.0,10.0
9750,0.0,10.0
10000,0.0,10.0
10250,99.6,10.0
10500,100.0,10.0
10750,100.0,10.0
11000,100.0,10.0
11250,0.0,10.0
11500,0.0,10.0
11750,0.0,10.0
12000,0.0,100.0
12250,99.6,100.0
12500,100.0,100.0
12750,100.0,100.0
13000,100.0,100.0
13250,0.0,99.19871794871796
13500,0.0,99.3324432576769
13750,0.0,99.4279176201373
14000,0.0,99.4994994994995
14250,99.6,99.49974987493746
14500,100.0,99.49974987493746
14750,100.0,99.49974987493746
15000,96.0,98.99949974987494
15250,0.0,86.49324662331166
15500,0.0,75.03751875937968
15750,0.0,87.54377188594297
16000,4.0,9.090909090909092
16250,99.6,96.7741935483871
16500,100.0,98.39357429718876
16750,100.0,98.93048128342245
17000,100.0,99.19839679358718
17250,0.0,99.19871794871796
17500,0.0,99.3324432576769
17750,0.0,99.4279176201373
18000,0.0,99.4994994994995
18250,99.6,99.49974987493746
18500,100.0,99.49974987493746
18750,100.0,99.49974987493746
19000,96.0,98.99949974987494
19250,0.0,86.49324662331166
19500,0.0,75.03751875937968
19750,0.0,87.54377188594297
20000,4.0,27.27272727272727
20250,99.6,100.0
20500,100.0,100.0
20750,100.0,100.0
21000,100.0,0.10030090270812438
21250,0.0,20.0
21500,0.0,20.0
21750,0.0,20.0
22000,0.0,20.0
22250,99.6,90.0
22500,100.0,90.0
22750,100.0,90.0
23000,100.0,90.0
23250,0.0,90.0
23500,0.0,90.0
23750,0.0,90.0
24000,0.0,81.81818181818183
24250,99.6,97.58064516129032
24500,100.0,98.79518072289156
24750,100.0,99.19786096256684
25000,100.0,99.39879759519037
25250,0.0,99.19871794871796
25500,0.0,99.3324432576769
25750,0.0,99.4279176201373
26000,0.0,99.4994994994995
26250,99.6,99.49974987493746
26500,100.0,99.49974987493746
26750,100.0,99.49974987493746
27000,96.0,98.99949974987494
27250,0.0,86.49324662331166
27500,0.0,75.03751875937968
27750,0.0,87.54377188594297
28000,4.0,27.27272727272727
28250,99.6,100.0
28500,100.0,100.0
28750,100.0,100.0
29000,100.0,100.0
29250,0.0,99.19871794871796
29500,0.0,99.3324432576769
29750,0.0,99.4279176201373
30000,0.0,99.54932398597897
30250,99.6,99.54954954954955
30500,100.0,99.54954954954955
30750,100.0,99.54954954954955
31000,96.0,99.04904904904906
31250,0.0,86.53653653653653
31500,0.0,75.07507507507508
31750,0.0,87.58758758758759
32000,3.5999999999999996,20.0
32250,99.6,90.0
32500,100.0,90.0
32750,100.0,90.0
33000,99.6,90.0
33250,0.0,90.0
33500,0.0,90.0
33750,0.0,90.0
34000,0.0,90.0
34250,99.6,10.0
34500,100.0,10.0
34750,100.0,10.0
35000,100.0,10.0
35250,0.0,10.0
35500,0.0,10.0
35750,0.0,10.0
36000,0.0,10.0
36250,99.6,100.0
36500,100.0,100.0
36750,100.0,100.0
37000,100.0,100.0
37250,0.0,100.0
37500,0.0,100.0
37750,0.0,100.0
38000,0.0,5.555555555555555
38250,99.6,30.0
38500,100.0,30.0
38750,100.0,30.0
39000,100.0,27.27272727272727
39250,0.0,96.93486590038314
39500,0.0,98.43444227005871
39750,0.0,98.94875164257556
40000,0.0,99.0108803165183
40250,99.6,99.01185770750988
40500,100.0,99.01185770750988
40750,100.0,99.01185770750988
41000,96.0,98.81422924901186
41250,4.0,96.7741935483871
41500,0.0,98.39357429718876
41750,0.0,98.93048128342245
42000,0.0,99.19839679358718
42250,99.6,99.1991991991992
42500,100.0,99.1991991991992
42750,100.0,99.1991991991992
43000,100.0,100.0
43250,0.0,100.0
43500,0.0,100.0
43750,0.0,100.0
44000,0.0,99.0108803165183
44250,99.6,99.01185770750988
44500,100.0,99.01185770750988
44750,100.0,99.01185770750988
45000,96.0,98.81422924901186
45250,4.0,100.0
45500,0.0,100.0
45750,0.0,100.0
46000,0.0,100.0
46250,99.6,100.0
46500,100.0,100.0
46750,100.0,100.0
47000,100.0,100.0
47250,0.0,100.0
47500,0.0,100.0
47750,0.0,100.0
48000,0.0,100.0
48250,99.6,100.0
48500,100.0,100.0
48750,100.0,100.0
49000,100.0,100.0
49250,0.0,100.0
49500,0.0,100.0
49750,0.0,100.0
50000,0.0,5.263157894736842
50250,99.6,20.0
50500,100.0,20.0
50750,100.0,20.0
51000,100.0,18.181818181818183
51250,0.0,96.55172413793103
51500,0.0,98.23874755381604
51750,0.0,98.8173455978975
52000,0.0,98.12067260138477
52250,99.6,98.02371541501977
52500,100.0,98.02371541501977
52750,100.0,98.02371541501977
53000,96.39999999999999,98.71541501976284
53250,4.0,96.76113360323887
53500,0.0,98.39034205231388
53750,0.0,98.92904953145917
54000,0.0,99.19759277833501
54250,0.0,99.19807538091419
54500,0.0,99.33199732798931
54750,0.0,99.42759015455066
55000,0.0,99.49924887330997
55250,4.0,96.7479674796748
55500,0.0,98.38709677419355
55750,0.0,98.92761394101876
56000,0.0,99.19678714859438
56250,0.0,99.19743178170144
56500,0.0,99.33155080213903
56750,0.0,99.42726231386025
57000,0.0,99.49899799599199
57250,4.0,96.73469387755102
57500,0.0,98.38383838383838
57750,0.0,98.9261744966443
58000,0.0,99.19597989949749
58250,0.0,99.19678714859438
58500,0.0,99.33110367892976
58750,0.0,99.42693409742121
59000,0.0,99.49874686716792
59250,4.0,96.72131147540983
59500,0.0,98.38056680161942
59750,0.0,98.9247311827957
60000,0.0,99.19517102615694
60250,0.0,99.19614147909968
60500,0.0,99.33065595716198
60750,0.0,99.42660550458714
61000,0.0,99.49849548645938
61250,4.0,96.70781893004116
61500,0.0,98.37728194726166
61750,0.0,98.92328398384926
62000,0.0,99.19436052366567
62250,0.0,99.19549477071601
62500,0.0,99.33020763563295
62750,0.0,99.42627653471027
63000,0.0,99.4982438534872
63250,4.0,96.69421487603306
63500,0.0,98.3739837398374
63750,0.0,98.92183288409704
64000,0.0,99.19354838709677
64250,0.0,99.19484702093398
64500,0.0,99.32975871313673
64750,0.0,99.42594718714122
65000,0.0,99.49799196787149
65250,4.0,96.6804979253112
65500,0.0,98.37067209775967
65750,0.0,98.9203778677463
66000,0.0,99.19273461150352
66250,0.0,99.1941982272361
66500,0.0,99.32930918846412
66750,0.0,99.42561746122918
67000,0.0,99.49773982923155
67250,4.0,96.66666666666667
67500,0.0,98.36734693877551
67750,0.0,98.91891891891892
68000,0.0,99.19191919191918
68250,0.0,99.19354838709677
68500,0.0,99.32885906040269
68750,0.0,99.42528735632183
69000,0.0,99.49748743718592
69250,4.0,96.65271966527197
69500,0.0,98.3640081799591
69750,0.0,98.91745602165088
70000,0.0,99.19110212335693
70250,0.0,99.19289749798224
70500,0.0,99.32840832773674
70750,0.0,99.42495687176537
71000,0.0,99.49723479135244
71250,4.0,96.63865546218487
71500,0.0,98.36065573770492
71750,0.0,98.91598915989161
72000,0.0,99.19028340080972
72250,0.0,99.19224555735056
72500,0.0,99.32795698924731
72750,0.0,99.42462600690449
73000,0.0,99.49698189134809
73250,4.0,96.62447257383965
73500,0.0,98.35728952772074
73750,0.0,98.9145183175034
74000,0.0,99.18946301925025
74250,0.0,99.19159256265158
74500,0.0,99.32750504371216
74750,0.0,99.42429476108232
75000,0.0,99.49672873678914
75250,4.0,96.61016949152543
75500,0.0,98.35390946502058
75750,0.0,98.91304347826086
76000,0.0,99.18864097363083
76250,0.0,99.19093851132686
76500,0.0,99.32705248990578
76750,0.0,99.42396313364056
77000,0.0,99.49647532729104
77250,4.0,96.59574468085106
77500,0.0,98.35051546391752
77750,0.0,98.91156462585035
78000,0.0,99.18781725888324
78250,0.0,99.19028340080972
78500,0.0,99.32659932659934
78750,0.0,99.42363112391931
79000,0.0,99.49622166246851
79250,4.0,96.58119658119658
79500,0.0,98.34710743801654
79750,0.0,98.9100817438692
80000,0.0,99.1869918699187
80250,0.0,99.18962722852513
80500,0.0,99.32614555256065
80750,0.0,99.4232987312572
81000,0.0,99.49596774193549
81250,4.0,96.56652360515021
81500,0.0,98.34368530020704
81750,0.0,98.90859481582538
82000,0.0,99.18616480162767
82250,0.0,99.18896999188969
82500,0.0,99.3256911665543
82750,0.0,99.42296595499135
83000,0.0,99.4957135653051
83250,4.0,96.55172413793103
83500,0.0,98.3402489626556
83750,0.0,98.90710382513662
84000,0.0,99.18533604887983
84250,0.0,99.18831168831169
84500,0.0,99.32523616734143
84750,0.0,99.42263279445727
85000,0.0,99.49545913218971
85250,4.0,96.53679653679653
85500,0.0,98.33679833679834
85750,0.0,98.90560875512996
86000,0.0,99.18450560652396
86250,0.0,99.1876523151909
86500,0.0,99.32478055367994
86750,0.0,99.42229924898902
87000,0.0,99.49520444220092
87250,4.0,96.52173913043478
87500,0.0,98.33333333333333
87750,0.0,98.9041095890411
88000,0.0,99.18367346938776
88250,0.0,99.1869918699187
88500,0.0,99.32432432432432
88750,0.0,99.42196531791907
89000,0.0,99.4949494949495
89250,4.0,96.50655021834062
89500,0.0,98.32985386221294
89750,0.0,98.90260631001372
90000,0.0,99.18283963227783
90250,0.0,99.18633034987795
90500,0.0,99.32386747802569
90750,0.0,99.42163100057837
91000,0.0,99.49469429004549
91250,4.0,96.49122807017544
91500,0.0,98.32635983263597
91750,0.0,98.9010989010989
92000,0.0,99.18200408997954
92250,0.0,99.185667752443
92500,0.0,99.3234100135318
92750,0.0,99.42129629629629
93000,0.0,99.49443882709808
93250,4.0,96.47577092511013
93500,0.0,98.32285115303984
93750,0.0,98.89958734525447
94000,0.0,99.18116683725691
94250,0.0,99.18500407497962
94500,0.0,99.322951929587
94750,0.0,99.4209612044007
95000,0.0,99.49418310571573
95250,4.0,96.46017699115043
95500,0.0,98.31932773109243
95750,0.0,98.89807162534436
96000,0.0,99.18032786885246
96250,0.0,99.18433931484503
96500,0.0,99.32249322493224
96750,0.0,99.42062572421784
97000,0.0,99.49392712550608
97250,4.0,96.44444444444444
97500,0.0,98.3157894736842
97750,0.0,98.89655172413792
98000,0.0,99.17948717948718
98250,0.0,99.18367346938776
98500,0.0,99.32203389830508
98750,0.0,99.42028985507247
99000,0.0,99.49367088607595
99250,4.0,96.42857142857143
99500,0.0,98.31223628691983
99750,0.0,98.89502762430939
100000,0.0,99.17864476386036
100250,0.0,99.18300653594771
100500,0.0,99.32157394843962
100750,0.0,99.4199535962877
101000,0.0,99.49341438703141
101250,4.0,96.41255605381166
101500,0.0,98.30866807610994
101750,0.0,98.89349930843707
102000,0.0,99.17780061664953
102250,0.0,99.18233851185609
102500,0.0,99.32111337406653
102750,0.0,99.41961694718515
103000,0.0,99.4931576279777
103250,4.0,96.3963963963964
103500,0.0,98.30508474576271
103750,0.0,98.89196675900277
104000,0.0,99.1769547325103
104250,89.2,99.1991991991992
104500,100.0,99.1991991991992
104750,100.0,99.1991991991992
105000,100.0,99.1991991991992
105250,10.4,100.0
105500,0.0,100.0
105750,0.0,100.0
106000,0.0,100.0
106250,89.2,99.01185770750988
106500,100.0,99.01185770750988
106750,100.0,99.01185770750988
107000,100.0,99.01185770750988
107250,10.4,96.3963963963964
107500,0.0,98.30508474576271
107750,0.0,98.89196675900277
108000,0.0,99.1769547325103
108250,89.2,99.1991991991992
108500,100.0,99.1991991991992
108750,100.0,99.1991991991992
109000,100.0,99.1991991991992
109250,10.4,100.0
109500,0.0,100.0
109750,0.0,100.0
110000,0.0,100.0
110250,89.2,99.01185770750988
110500,100.0,99.01185770750988
110750,100.0,99.01185770750988
111000,100.0,99.01185770750988
111250,10.4,96.3963963963964
111500,0.0,98.30508474576271
111750,0.0,98.89196675900277
112000,0.0,99.1769547325103
112250,89.2,99.1991991991992
112500,100.0,99.1991991991992
112750,100.0,99.1991991991992
113000,100.0,99.1991991991992
113250,10.4,100.0
113500,0.0,100.0
113750,0.0,100.0
114000,0.0,100.0
114250,89.2,99.01185770750988
114500,100.0,99.01185770750988
114750,100.0,99.01185770750988
115000,100.0,99.01185770750988
115250,10.4,96.3963963963964
115500,0.0,98.30508474576271
115750,0.0,98.89196675900277
116000,0.0,99.1769547325103
116250,89.2,99.1991991991992
116500,100.0,99.1991991991992
116750,100.0,99.1991991991992
117000,100.0,99.1991991991992
117250,10.4,100.0
117500,0.0,100.0
117750,0.0,100.0
118000,0.0,100.0
118250,89.2,99.01185770750988
118500,100.0,99.01185770750988
118750,100.0,99.01185770750988
119000,100.0,99.01185770750988
119250,10.4,96.3963963963964
119500,0.0,98.30508474576271
119750,0.0,98.89196675900277
120000,0.0,99.1769547325103
120250,89.2,99.1991991991992
120500,100.0,99.1991991991992
120750,100.0,99.1991991991992
121000,100.0,99.1991991991992
121250,10.4,100.0
121500,0.0,100.0
121750,0.0,100.0
122000,0.0,100.0
122250,89.2,99.01185770750988
122500,100.0,99.01185770750988
122750,100.0,99.01185770750988
123000,100.0,99.01185770750988
123250,10.4,96.3963963963964
123500,0.0,98.30508474576271
123750,0.0,98.89196675900277
124000,0.0,99.1769547325103
124250,89.2,99.1991991991992
124500,100.0,99.1991991991992
124750,100.0,99.1991991991992
125000,100.0,99.1991991991992
125250,10.4,100.0
125500,0.0,100.0
125750,0.0,100.0
126000,0.0,100.0
126250,89.2,99.01185770750988
126500,100.0,99.01185770750988
126750,100.0,99.01185770750988
127000,100.0,99.01185770750988
127250,10.4,96.3963963963964
127500,0.0,98.30508474576271
127750,0.0,98.89196675900277
128000,0.0,99.1769547325103
128250,89.2,99.1991991991992
128500,100.0,99.1991991991992
128750,100.0,99.1991991991992
129000,100.0,99.1991991991992
129250,10.4,100.0
129500,0.0,100.0
129750,0.0,100.0
130000,0.0,100.0
130250,89.2,99.01185770750988
130500,100.0,99.01185770750988
130750,100.0,99.01185770750988
131000,100.0,99.01185770750988
131250,10.4,96.3963963963964
131500,0.0,98.30508474576271
131750,0.0,98.89196675900277
132000,0.0,99.1769547325103
132250,89.2,99.1991991991992
132500,100.0,99.1991991991992
132750,100.0,99.1991991991992
133000,100.0,99.1991991991992
133250,10.4,100.0
133500,0.0,100.0
133750,0.0,100.0
134000,0.0,100.0
134250,89.2,99.01185770750988
134500,100.0,99.01185770750988
134750,100.0,99.01185770750988
135000,100.0,99.01185770750988
135250,10.4,96.3963963963964
135500,0.0,98.30508474576271
135750,0.0,98.89196675900277
136000,0.0,99.1769547325103
136250,89.2,99.1991991991992
136500,100.0,99.1991991991992
136750,100.0,99.1991991991992
137000,100.0,99.1991991991992
137250,10.4,100.0
137500,0.0,100.0
137750,0.0,100.0
138000,0.0,100.0
138250,89.2,99.01185770750988
138500,100.0,99.01185770750988
138750,100.0,99.01185770750988
139000,100.0,99.01185770750988
139250,10.4,96.3963963963964
139500,0.0,98.30508474576271
139750,0.0,98.89196675900277
140000,0.0,99.1769547325103
140250,89.2,99.1991991991992
140500,100.0,99.1991991991992
140750,100.0,99.1991991991992
141000,100.0,99.1991991991992
141250,10.4,100.0
141500,0.0,100.0
141750,0.0,100.0
142000,0.0,100.0
142250,89.2,99.01185770750988
142500,100.0,99.01185770750988
142750,100.0,99.01185770750988
143000,100.0,99.01185770750988
143250,10.4,96.3963963963964
143500,0.0,98.30508474576271
143750,0.0,98.89196675900277
144000,0.0,99.1769547325103
144250,89.2,99.1991991991992
144500,100.0,99.1991991991992
144750,100.0,99.1991991991992
145000,100.0,99.1991991991992
145250,10.4,100.0
145500,0.0,100.0
145750,0.0,100.0
146000,0.0,100.0
146250,89.2,99.01185770750988
146500,100.0,99.01185770750988
146750,100.0,99.01185770750988
147000,100.0,99.01185770750988
147250,10.4,40.0
147500,0.0,40.0
147750,0.0,40.0
148000,0.0,40.0
148250,89.2,40.0
148500,100.0,40.0
148750,100.0,40.0
149000,100.0,40.0
149250,10.4,20.0
149500,0.0,20.0
149750,0.0,20.0
150000,0.0,20.0
150250,89.2,70.0
150500,100.0,70.0
150750,100.0,70.0
151000,100.0,70.0
151250,6.4,50.0
151500,0.0,50.0
151750,0.0,50.0
152000,0.0,50.0
152250,89.2,60.0
152500,100.0,60.0
152750,100.0,60.0
153000,100.0,60.0
153250,10.0,98.29787234042553
153500,0.0,99.17525773195877
153750,0.0,99.45578231292517
154000,0.0,99.59390862944163
154250,89.2,99.01185770750988
154500,100.0,99.01185770750988
154750,100.0,99.01185770750988
155000,100.0,99.01185770750988
155250,10.8,96.38009049773756
155500,0.0,98.30148619957538
155750,0.0,98.89042995839112
156000,0.0,99.1761071060762
156250,0.0,99.18099918099918
156500,0.0,99.32019034670292
156750,0.0,99.41894247530504
157000,0.0,99.49264332825976
157250,4.0,96.36363636363636
157500,0.0,98.29787234042553
157750,0.0,98.88888888888889
158000,0.0,99.17525773195877
158250,0.0,99.18032786885246
158500,0.0,99.31972789115646
158750,0.0,99.4186046511628
159000,0.0,99.49238578680203
159250,4.0,96.34703196347031
159500,0.0,98.29424307036247
159750,0.0,98.88734353268428
160000,0.0,99.17440660474716
160250,0.0,99.17965545529123
160500,0.0,99.31926480599047
160750,0.0,99.41826643397323
161000,0.0,99.49212798374809
161250,4.0,96.3302752293578
161500,0.0,98.29059829059828
161750,0.0,98.88579387186628
162000,0.0,99.17355371900827
162250,0.0,99.17898193760263
162500,0.0,99.31880108991825
162750,0.0,99.41792782305005
163000,0.0,99.49186991869918
163250,4.0,96.31336405529954
163500,0.0,98.28693790149893
163750,0.0,98.88423988842399
164000,0.0,99.17269906928645
164250,0.0,99.17830731306492
164500,0.0,99.31833674164963
164750,0.0,99.41758881770531
165000,0.0,99.49161159125572
165250,4.0,96.29629629629629
165500,0.0,98.28326180257511
165750,0.0,98.88268156424581
166000,0.0,99.17184265010351
166250,0.0,99.17763157894737
166500,0.0,99.31787175989086
166750,0.0,99.41724941724942
167000,0.0,99.49135300101729
167250,4.0,96.27906976744185
167500,0.0,98.27956989247312
167750,0.0,98.88111888111888
168000,0.0,99.17098445595855
168250,0.0,99.1769547325103
168500,0.0,99.31740614334471
168750,0.0,99.41690962099126
169000,0.0,99.49109414758269
169250,4.0,96.26168224299066
169500,0.0,98.27586206896551
169750,0.0,98.8795518207283
170000,0.0,99.1701244813278
170250,0.0,99.17627677100495
170500,0.0,99.31693989071039
170750,0.0,99.41656942823805
171000,0.0,99.4908350305499
171250,4.0,96.24413145539906
171500,0.0,98.27213822894169
171750,0.0,98.87798036465638
172000,0.0,99.16926272066459
172250,0.0,99.17559769167353
172500,0.0,99.31647300068353
172750,0.0,99.41622883829538
173000,0.0,99.49057564951605
173250,4.0,96.22641509433963
173500,0.0,98.26839826839827
173750,0.0,98.87640449438202
174000,0.0,99.16839916839916
174250,0.0,99.17491749174917
174500,0.0,99.31600547195623
174750,0.0,99.41588785046729
175000,0.0,99.49031600407747
175250,4.0,96.2085308056872
175500,0.0,98.2646420824295
175750,0.0,98.87482419127988
176000,0.0,99.16753381893861
176250,0.0,99.17423616845582
176500,0.0,99.31553730321697
176750,0.0,99.4155464640561
177000,0.0,99.49005609382968
177250,4.0,96.19047619047619
177500,0.0,98.26086956521739
177750,0.0,98.87323943661971
178000,0.0,99.16666666666667
178250,0.0,99.17355371900827
178500,0.0,99.31506849315068
178750,0.0,99.41520467836257
179000,0.0,99.48979591836735
179250,4.0,96.17224880382776
179500,0.0,98.25708061002179
179750,0.0,98.8716502115656
180000,0.0,99.16579770594369
180250,0.0,99.17287014061208
180500,0.0,99.31459904043865
180750,0.0,99.41486249268578
181000,0.0,99.48953547728433
181250,4.0,96.15384615384616
181500,0.0,98.2532751091703
181750,0.0,98.87005649717514
182000,0.0,99.16492693110646
182250,0.0,99.17218543046357
182500,0.0,99.31412894375858
182750,0.0,99.41451990632318
183000,0.0,99.48927477017364
183250,4.0,96.1352657004831
183500,0.0,98.24945295404814
183750,0.0,98.86845827439888
184000,0.0,99.16405433646813
184250,0.0,99.17149958574979
184500,0.0,99.31365820178449
184750,0.0,99.41417691857059
185000,0.0,99.48901379662749
185250,4.0,96.11650485436894
185500,0.0,98.24561403508771
185750,0.0,98.86685552407933
186000,0.0,99.16317991631799
186250,0.0,99.17081260364843
186500,0.0,99.31318681318682
186750,0.0,99.41383352872217
187000,0.0,99.48875255623722
187250,4.0,96.09756097560975
187500,0.0,98.24175824175823
187750,0.0,98.86524822695036
188000,0.0,99.16230366492147
188250,0.0,99.1701244813278
188500,0.0,99.3127147766323
188750,0.0,99.41348973607037
189000,0.0,99.48849104859335
189250,4.0,96.07843137254902
189500,0.0,98.23788546255507
189750,0.0,98.86363636363636
190000,0.0,99.16142557651992
190250,0.0,99.16943521594685
190500,0.0,99.31224209078404
190750,0.0,99.4131455399061
191000,0.0,99.48822927328557
191250,4.0,96.05911330049261
191500,0.0,98.23399558498896
191750,0.0,98.86201991465148
192000,0.0,99.16054564533053
192250,0.0,99.16874480465503
192500,0.0,99.31176875430144
192750,0.0,99.41280093951849
193000,0.0,99.48796722990272
193250,4.0,96.03960396039604
193500,0.0,98.23008849557522
193750,0.0,98.86039886039886
194000,0.0,99.15966386554622
194250,0.0,99.16805324459234
194500,0.0,99.31129476584022
194750,0.0,99.41245593419507
195000,0.0,99.48770491803278
195250,4.0,96.01990049751244
195500,0.0,98.22616407982262
195750,0.0,98.85877318116975
196000,0.0,99.15878023133544
196250,0.0,99.16736053288926
196500,0.0,99.31082012405238
196750,0.0,99.41211052322163
197000,0.0,99.48744233726295
197250,4.0,96.0
197500,0.0,98.22222222222223
197750,0.0,98.85714285714286
198000,0.0,99.1578947368421
198250,0.0,99.16666666666667
198500,0.0,99.3103448275862
198750,0.0,99.41176470588235
199000,0.0,99.48717948717949
199250,4.0,95.97989949748744
199500,0.0,98.21826280623608
199750,0.0,98.85550786838341
200000,0.0,99.15700737618546
200250,0.0,99.16597164303586
200500,0.0,99.30986887508627
200750,0.0,99.41141848145968
201000,0.0,99.48691636736788
201250,4.0,95.95959595959596
201500,0.0,98.21428571428571
201750,0.0,98.8538681948424
202000,0.0,99.15611814345992
202250,0.0,99.1652754590985
202500,0.0,99.30939226519338
202750,0.0,99.41107184923439
203000,0.0,99.48665297741273
203250,4.0,95.93908629441624
203500,0.0,98.2102908277405
203750,0.0,98.85222381635582
204000,0.0,99.15522703273496
204250,0.0,99.16457811194654
204500,0.0,99.30891499654457
204750,0.0,99.41072480848557
205000,0.0,99.4863893168978
205250,4.0,95.91836734693877
205500,0.0,98.20627802690582
205750,0.0,98.85057471264368
206000,0.0,99.15433403805497
206250,78.8,99.1991991991992
206500,100.0,99.1991991991992
206750,100.0,99.1991991991992
207000,100.0,99.1991991991992
207250,20.8,100.0
207500,0.0,100.0
207750,0.0,100.0
208000,0.0,100.0
208250,78.8,99.01185770750988
208500,100.0,99.01185770750988
208750,100.0,99.01185770750988
209000,100.0,99.01185770750988
209250,20.8,95.91836734693877
209500,0.0,98.20627802690582
209750,0.0,98.85057471264368
210000,0.0,99.15433403805497
210250,78.8,99.1991991991992
210500,100.0,99.1991991991992
210750,100.0,99.1991991991992
211000,100.0,99.1991991991992
211250,20.8,100.0
211500,0.0,100.0
211750,0.0,100.0
212000,0.0,100.0
212250,78.8,99.01185770750988
212500,100.0,99.01185770750988
212750,100.0,99.01185770750988
213000,100.0,99.01185770750988
213250,20.8,95.91836734693877
213500,0.0,98.20627802690582
213750,0.0,98.85057471264368
214000,0.0,99.15433403805497
214250,78.8,99.1991991991992
214500,100.0,99.1991991991992
214750,100.0,99.1991991991992
215000,100.0,99.1991991991992
215250,20.8,100.0
215500,0.0,100.0
215750,0.0,100.0
216000,0.0,100.0
216250,78.8,99.01185770750988
216500,100.0,99.01185770750988
216750,100.0,99.01185770750988
217000,100.0,99.01185770750988
217250,20.8,95.91836734693877
217500,0.0,98.20627802690582
217750,0.0,98.85057471264368
218000,0.0,99.15433403805497
218250,78.8,99.1991991991992
218500,100.0,99.1991991991992
218750,100.0,99.1991991991992
219000,100.0,99.1991991991992
219250,20.8,100.0
219500,0.0,100.0
219750,0.0,100.0
220000,0.0,100.0
220250,78.8,99.01185770750988
220500,100.0,99.01185770750988
220750,100.0,99.01185770750988
221000,100.0,99.01185770750988
221250,20.8,95.91836734693877
221500,0.0,98.20627802690582
221750,0.0,98.85057471264368
222000,0.0,99.15433403805497
222250,78.8,99.1991991991992
222500,100.0,99.1991991991992
222750,100.0,99.1991991991992
223000,100.0,99.1991991991992
223250,20.8,100.0
223500,0.0,100.0
223750,0.0,100.0
224000,0.0,100.0
224250,78.8,99.01185770750988
224500,100.0,99.01185770750988
224750,100.0,99.01185770750988
225000,100.0,99.01185770750988
225250,20.8,95.91836734693877
225500,0.0,98.20627802690582
225750,0.0,98.85057471264368
226000,0.0,99.15433403805497
226250,78.8,99.1991991991992
226500,100.0,99.1991991991992
226750,100.0,99.1991991991992
227000,100.0,99.1991991991992
227250,20.8,100.0
227500,0.0,100.0
227750,0.0,100.0
228000,0.0,100.0
228250,78.8,99.01185770750988
228500,100.0,99.01185770750988
228750,100.0,99.01185770750988
229000,100.0,99.01185770750988
229250,20.8,95.91836734693877
229500,0.0,98.20627802690582
229750,0.0,98.85057471264368
230000,0.0,99.15433403805497
230250,78.8,99.1991991991992
230500,100.0,99.1991991991992
230750,100.0,99.1991991991992
231000,100.0,99.1991991991992
231250,20.8,100.0
231500,0.0,100.0
231750,0.0,100.0
232000,0.0,100.0
232250,78.8,99.01185770750988
232500,100.0,99.01185770750988
232750,100.0,99.01185770750988
233000,100.0,99.01185770750988
233250,20.8,95.91836734693877
233500,0.0,98.20627802690582
233750,0.0,98.85057471264368
234000,0.0,99.15433403805497
234250,78.8,99.1991991991992
234500,100.0,99.1991991991992
234750,100.0,99.1991991991992
235000,100.0,99.1991991991992
235250,20.8,100.0
235500,0.0,100.0
235750,0.0,100.0
236000,0.0,100.0
236250,78.8,99.01185770750988
236500,100.0,99.01185770750988
236750,100.0,99.01185770750988
237000,100.0,99.01185770750988
237250,20.8,95.91836734693877
237500,0.0,98.20627802690582
237750,0.0,98.85057471264368
238000,0.0,99.15433403805497
238250,78.8,99.1991991991992
238500,100.0,99.1991991991992
238750,100.0,99.1991991991992
239000,100.0,99.1991991991992
239250,20.8,100.0
239500,0.0,100.0
239750,0.0,100.0
240000,0.0,100.0
240250,78.8,99.01185770750988
240500,100.0,99.01185770750988
240750,100.0,99.01185770750988
241000,100.0,99.01185770750988
241250,20.8,95.91836734693877
241500,0.0,98.20627802690582
241750,0.0,98.85057471264368
242000,0.0,99.15433403805497
242250,78.8,99.1991991991992
242500,100.0,99.1991991991992
242750,100.0,99.1991991991992
243000,100.0,99.1991991991992
243250,20.8,100.0
243500,0.0,100.0
243750,0.0,100.0
244000,0.0,100.0
244250,78.8,99.01185770750988
244500,100.0,99.01185770750988
244750,100.0,99.01185770750988
245000,100.0,99.01185770750988
245250,20.8,95.91836734693877
245500,0.0,98.20627802690582
245750,0.0,98.85057471264368
246000,0.0,99.15433403805497
246250,78.8,99.1991991991992
246500,100.0,99.1991991991992
246750,100.0,99.1991991991992
247000,100.0,99.1991991991992
247250,20.8,100.0
247500,0.0,100.0
247750,0.0,100.0
248000,0.0,100.0
248250,78.8,99.01185770750988
248500,100.0,99.01185770750988
248750,100.0,99.01185770750988
249000,100.0,99.01185770750988
249250,20.8,95.91836734693877
249500,0.0,98.20627802690582
249750,0.0,98.85057471264368
250000,0.0,99.15433403805497
250250,78.8,99.1991991991992
250500,100.0,99.1991991991992
250750,100.0,99.1991991991992
251000,100.0,99.1991991991992
251250,20.8,100.0
251500,0.0,100.0
251750,0.0,100.0
252000,0.0,100.0
252250,78.8,99.01185770750988
252500,100.0,99.01185770750988
252750,100.0,99.01185770750988
253000,100.0,99.01185770750988
253250,20.8,95.91836734693877
253500,0.0,98.20627802690582
253750,0.0,98.85057471264368
254000,0.0,99.15433403805497
254250,78.8,99.1991991991992
254500,100.0,99.1991991991992
254750,100.0,99.1991991991992
255000,100.0,99.1991991991992
255250,20.8,70.0
255500,0.0,70.0
255750,0.0,70.0
256000,0.0,70.0
256250,78.8,90.0
256500,100.0,90.0
256750,100.0,90.0
257000,100.0,90.0
257250,17.2,70.0
257500,0.0,70.0
257750,0.0,70.0
258000,0.0,70.0
258250,0.0,30.0
258500,0.0,30.0
258750,0.0,30.0
259000,0.0,30.0
259250,0.0,10.0
259500,0.0,10.0
259750,0.0,10.0
260000,0.0,10.0
260250,0.0,90.0
260500,0.0,90.0
260750,0.0,90.0
261000,0.0,90.0
261250,0.0,95.33678756476684
261500,0.0,97.96839729119638
261750,0.0,98.7012987012987
262000,0.0,99.0455991516437
262250,0.0,99.16177703269071
262500,0.0,99.30699930699932
262750,0.0,99.40933254577673
263000,0.0,99.48533196088522
263250,4.0,95.83333333333334
263500,0.0,98.19004524886877
263750,0.0,98.84393063583815
264000,0.0,99.15074309978769
264250,0.0,99.16107382550335
264500,0.0,99.30651872399446
264750,0.0,99.40898345153664
265000,0.0,99.48506694129763
265250,4.0,95.81151832460732
265500,0.0,98.1859410430839
265750,0.0,98.84225759768451
266000,0.0,99.14984059511158
266250,0.0,99.16036943744753
266500,0.0,99.3060374739764
266750,0.0,99.40863394441159
267000,0.0,99.48480164863473
267250,4.0,95.78947368421052
267500,0.0,98.18181818181819
267750,0.0,98.84057971014492
268000,0.0,99.14893617021276
268250,0.0,99.15966386554622
268500,0.0,99.30555555555556
268750,0.0,99.40828402366864
269000,0.0,99.48453608247422
269250,4.0,95.76719576719577
269500,0.0,98.17767653758543
269750,0.0,98.8388969521045
270000,0.0,99.14802981895635
270250,0.0,99.15895710681245
270500,0.0,99.30507296733843
270750,0.0,99.40793368857312
271000,0.0,99.484270242393
271250,4.0,95.74468085106383
271500,0.0,98.17351598173516
271750,0.0,98.83720930232558
272000,0.0,99.14712153518124
272250,0.0,99.15824915824916
272500,0.0,99.30458970792768
272750,0.0,99.40758293838863
273000,0.0,99.48400412796697
273250,4.0,95.72192513368985
273500,0.0,98.16933638443935
273750,0.0,98.83551673944687
274000,0.0,99.1462113127001
274250,0.0,99.1575400168492
274500,0.0,99.30410577592205
274750,0.0,99.407231772377
275000,0.0,99.4837377387713
275250,4.0,95.6989247311828
275500,0.0,98.1651376146789
275750,0.0,98.83381924198251
276000,0.0,99.14529914529915
276250,0.0,99.15682967959528
276500,0.0,99.30362116991644
276750,0.0,99.40688018979834
277000,0.0,99.48347107438018
277250,4.0,95.67567567567568
277500,0.0,98.16091954022988
277750,0.0,98.83211678832117
278000,0.0,99.14438502673796
278250,0.0,99.15611814345992
278500,0.0,99.30313588850174
278750,0.0,99.40652818991099
279000,0.0,99.48320413436691
279250,4.0,95.65217391304348
279500,0.0,98.15668202764977
279750,0.0,98.83040935672514
280000,0.0,99.14346895074947
280250,0.0,99.1554054054054
280500,0.0,99.30264993026499
280750,0.0,99.40617577197149
281000,0.0,99.48293691830403
281250,4.0,95.62841530054644
281500,0.0,98.15242494226328
281750,0.0,98.82869692532942
282000,0.0,99.14255091103966
282250,0.0,99.15469146238377
282500,0.0,99.30216329378926
282750,0.0,99.4058229352347
283000,0.0,99.48266942576306
283250,4.0,95.6043956043956
283500,0.0,98.14814814814815
283750,0.0,98.82697947214076
284000,0.0,99.14163090128756
284250,0.0,99.15397631133672
284500,0.0,99.30167597765363
284750,0.0,99.40546967895362
285000,0.0,99.4824016563147
285250,4.0,95.58011049723757
285500,0.0,98.14385150812065
285750,0.0,98.82525697503671
286000,0.0,99.140708915145
286250,0.0,99.15325994919559
286500,0.0,99.30118798043326
286750,0.0,99.40511600237953
287000,0.0,99.48213360952874
287250,4.0,95.55555555555556
287500,0.0,98.13953488372093
287750,0.0,98.82352941176471
288000,0.0,99.13978494623656
288250,0.0,99.15254237288136
288500,0.0,99.3006993006993
288750,0.0,99.40476190476191
289000,0.0,99.48186528497409
289250,4.0,95.53072625698324
289500,0.0,98.13519813519814
289750,0.0,98.8217967599411
290000,0.0,99.13885898815931
290250,0.0,99.1518235793045
290500,0.0,99.30020993701889
290750,0.0,99.40440738534842
291000,0.0,99.48159668221876
291250,4.0,95.50561797752809
291500,0.0,98.13084112149532
291750,0.0,98.82005899705014
292000,0.0,99.13793103448276
292250,0.0,99.15110356536503
292500,0.0,99.29971988795518
292750,0.0,99.40405244338498
293000,0.0,99.48132780082987
293250,4.0,95.48022598870057
293500,0.0,98.12646370023418
293750,0.0,98.81831610044313
294000,0.0,99.13700107874865
294250,0.0,99.15038232795243
294500,0.0,99.29922915206727
294750,0.0,99.40369707811568
295000,0.0,99.48105864037365
295250,4.0,95.45454545454545
295500,0.0,98.12206572769952
295750,0.0,98.81656804733728
296000,0.0,99.13606911447084
296250,0.0,99.14965986394559
296500,0.0,99.29873772791024
296750,0.0,99.40334128878283
297000,0.0,99.48078920041536
297250,4.0,95.42857142857143
297500,0.0,98.11764705882354
297750,0.0,98.81481481481481
298000,0.0,99.13513513513513
298250,0.0,99.14893617021276
298500,0.0,99.29824561403508
298750,0.0,99.40298507462687
299000,0.0,99.48051948051948
299250,4.0,95.40229885057471
299500,0.0,98.11320754716981
299750,0.0,98.81305637982196
300000,0.0,99.13419913419914
300250,0.0,99.14821124361158
300500,0.0,99.29775280898876
300750,0.0,99.4026284348865
301000,0.0,99.48024948024948
301250,4.0,95.37572254335261
301500,0.0,98.10874704491725
301750,0.0,98.81129271916791
302000,0.0,99.1332611050921
302250,0.0,99.14748508098891
302500,0.0,99.29725931131412
302750,0.0,99.40227136879857
303000,0.0,99.47997919916797
303250,4.0,95.34883720930233
303500,0.0,98.10426540284361
303750,0.0,98.80952380952381
304000,0.0,99.13232104121475
304250,0.0,99.14675767918088
304500,0.0,99.29676511954993
304750,0.0,99.4019138755981
305000,0.0,99.47970863683663
305250,4.0,95.32163742690058
305500,0.0,98.09976247030879
305750,0.0,98.80774962742176
306000,0.0,99.1313789359392
