250,0.0,100.0
500,0.0,100.0
750,0.0,34.0
1000,0.0,50.5
1250,0.0,60.4
1500,0.0,67.0
1750,0.0,71.71428571428572
2000,0.0,75.25
2250,1.6,71.97488584474885
2500,0.0,1.002004008016032
2750,0.0,33.91188251001335
3000,0.0,50.45045045045045
3250,0.0,60.368294635708565
3500,0.0,66.97798532354902
3750,0.0,71.69811320754717
4000,0.0,75.23761880940471
4250,1.6,71.95888063963449
4500,0.0,1.002004008016032
4750,0.0,33.91188251001335
5000,0.0,50.45045045045045
5250,0.0,60.368294635708565
5500,0.0,66.97798532354902
5750,0.0,71.69811320754717
6000,0.0,75.23761880940471
6250,1.6,63.0
6500,0.0,50.5
6750,0.0,38.0
7000,0.0,50.0
7250,0.0,62.5
7500,0.0,75.0
7750,98.0,87.5
8000,100.0,40.0
8250,99.6,100.0
8500,100.0,100.0
8750,0.0,99.3324432576769
9000,0.0,99.4994994994995
9250,0.0,99.59967974379504
9500,0.0,99.66644429619747
9750,0.0,99.71412235563179
10000,0.0,99.74987493746873
10250,99.6,99.75
10500,98.0,99.5
10750,0.0,87.0
11000,0.0,74.5
11250,0.0,62.5
11500,0.0,75.0
11750,0.0,87.5
12000,2.0,40.0
12250,99.6,80.0
12500,100.0,80.0
12750,0.0,80.0
13000,0.0,80.0
13250,0.0,80.0
13500,0.0,80.0
13750,0.0,80.0
14000,0.0,80.0
14250,99.6,20.0
14500,100.0,20.0
14750,0.0,20.0
15000,0.0,20.0
15250,0.0,20.0
15500,0.0,20.0
15750,0.0,20.0
16000,0.0,20.0
16250,99.6,20.0
16500,100.0,20.0
16750,0.0,20.0
17000,0.0,20.0
17250,0.0,20.0
17500,0.0,20.0
17750,0.0,20.0
18000,0.0,12.5
18250,99.6,98.78048780487805
18500,100.0,99.39516129032258
18750,0.0,99.32975871313673
19000,0.0,99.49799196787149
19250,0.0,99.59871589085071
19500,0.0,99.66577540106952
19750,0.0,99.71363115693012
20000,0.0,99.74949899799599
20250,99.6,99.74962443665498
20500,98.0,99.49924887330997
20750,0.0,86.9804707060591
21000,0.0,74.46169253880821
21250,0.0,62.59389083625438
21500,0.0,75.11266900350526
21750,0.0,87.63144717075613
22000,2.0,62.5
22250,99.6,100.0
22500,100.0,100.0
22750,0.0,99.32975871313673
23000,0.0,99.49799196787149
23250,0.0,99.59871589085071
23500,0.0,99.66577540106952
23750,0.0,99.71363115693012
24000,0.0,99.74949899799599
24250,99.6,99.74962443665498
24500,98.0,99.49924887330997
24750,0.0,86.9804707060591
25000,0.0,74.46169253880821
25250,0.0,62.59389083625438
25500,0.0,75.11266900350526
25750,0.0,87.63144717075613
26000,2.0,62.5
26250,99.6,100.0
26500,100.0,100.0
26750,0.0,99.32975871313673
27000,0.0,99.59798994974875
27250,0.0,40.0
27500,0.0,40.0
27750,0.0,40.0
28000,0.0,40.0
28250,99.6,80.0
28500,100.0,80.0
28750,0.0,80.0
29000,0.0,80.0
29250,0.0,80.0
29500,0.0,80.0
29750,0.0,80.0
30000,0.0,66.66666666666666
30250,99.6,99.59677419354838
30500,100.0,99.79919678714859
30750,0.0,99.33155080213903
31000,0.0,99.49899799599199
31250,0.0,99.59935897435898
31500,0.0,99.66622162883844
31750,0.0,99.71395881006865
32000,0.0,99.94984954864594
32250,99.6,99.94987468671678
32500,98.0,99.69924812030075
32750,0.0,87.16791979949875
33000,0.0,74.63659147869674
33250,0.0,62.65664160401002
33500,0.0,75.18796992481202
33750,0.0,87.71929824561403
34000,0.4,99.79989994997499
34250,99.6,99.8
34500,98.4,99.6
34750,0.0,87.1
35000,0.0,74.6
35250,0.0,62.5
35500,0.0,75.0
35750,0.0,87.5
36000,1.6,99.94984954864594
36250,99.6,99.94987468671678
36500,99.6,99.8997493734336
36750,0.0,87.36842105263159
37000,0.0,74.83709273182957
37250,0.0,62.65664160401002
37500,0.0,75.18796992481202
37750,0.0,87.71929824561403
38000,0.4,40.0
38250,99.6,80.0
38500,98.4,80.0
38750,0.0,80.0
39000,0.0,66.66666666666666
39250,0.0,99.21875
39500,0.0,99.01185770750988
39750,0.0,100.0
40000,0.0,100.0
40250,99.6,100.0
40500,100.0,100.0
40750,0.0,100.0
41000,0.0,99.00990099009901
41250,0.0,99.33774834437085
41500,0.0,99.50248756218906
41750,0.0,100.0
42000,0.0,83.33333333333334
42250,99.6,99.19354838709677
42500,100.0,99.59839357429718
42750,0.0,99.33155080213903
43000,0.0,99.49899799599199
43250,0.0,99.59935897435898
43500,0.0,99.66622162883844
43750,0.0,99.71395881006865
44000,0.0,99.54954954954955
44250,99.6,99.49974987493746
44500,98.0,99.2496248124062
44750,0.0,86.74337168584292
45000,0.0,74.23711855927964
45250,0.0,62.531265632816414
45500,0.0,75.03751875937968
45750,0.0,87.54377188594297
46000,2.0,50.0
46250,99.6,100.0
46500,100.0,100.0
46750,0.0,99.33155080213903
47000,0.0,99.49899799599199
47250,0.0,99.59935897435898
47500,0.0,99.66622162883844
47750,0.0,99.71395881006865
48000,0.0,99.74974974974975
48250,99.6,99.74987493746873
48500,98.0,99.49974987493746
48750,0.0,86.99349674837418
49000,0.0,74.4872436218109
49250,0.0,62.531265632816414
49500,0.0,75.03751875937968
49750,0.0,87.54377188594297
50000,2.0,50.0
50250,99.6,100.0
50500,100.0,100.0
50750,0.0,99.33155080213903
51000,0.0,99.5987963891675
51250,0.0,40.0
51500,0.0,40.0
51750,0.0,40.0
52000,0.0,40.0
52250,99.6,60.0
52500,100.0,60.0
52750,0.4,60.0
53000,0.0,60.0
53250,0.0,60.0
53500,0.0,60.0
53750,0.0,60.0
54000,0.0,60.0
54250,0.0,99.2156862745098
54500,0.0,99.00990099009901
54750,0.0,99.33774834437085
55000,0.0,99.50248756218906
55250,0.0,99.60159362549801
55500,0.0,99.66777408637874
55750,0.0,99.71509971509973
56000,1.6,99.95002498750625
56250,0.4,97.2
56500,0.0,99.8
56750,0.0,99.86666666666667
57000,0.0,99.9
57250,0.0,99.92
57500,0.0,99.93333333333332
57750,0.0,99.94285714285715
58000,0.0,99.95
58250,2.0,97.59036144578313
58500,0.0,98.79759519038076
58750,0.0,99.86648865153538
59000,0.0,99.8998998998999
59250,0.0,99.919935948759
59500,0.0,99.93328885923948
59750,0.0,99.94282447112636
60000,0.0,99.94997498749375
60250,2.0,97.58064516129032
60500,0.0,98.79518072289156
60750,0.0,99.8663101604278
61000,0.0,99.8997995991984
61250,0.0,99.9198717948718
61500,0.0,99.93324432576769
61750,0.0,99.94279176201373
62000,0.0,99.94994994994994
62250,2.0,97.57085020242914
62500,0.0,98.79275653923541
62750,0.0,99.8661311914324
63000,0.0,99.89969909729187
63250,0.0,99.91980753809142
63500,0.0,99.93319973279893
63750,0.0,99.94275901545507
64000,0.0,99.949924887331
64250,2.0,97.5609756097561
64500,0.0,98.79032258064517
64750,0.0,99.86595174262735
65000,0.0,99.8995983935743
65250,0.0,99.91974317817014
65500,0.0,99.93315508021391
65750,0.0,99.94272623138602
66000,0.0,99.9498997995992
66250,2.0,97.55102040816327
66500,0.0,98.7878787878788
66750,0.0,99.86577181208054
67000,0.0,99.89949748743719
67250,0.0,99.91967871485944
67500,0.0,99.93311036789298
67750,0.0,99.94269340974212
68000,0.0,99.94987468671678
68250,2.0,97.54098360655738
68500,0.0,98.78542510121457
68750,0.0,99.86559139784946
69000,0.0,99.89939637826963
69250,0.0,99.91961414790997
69500,0.0,99.9330655957162
69750,0.0,99.94266055045871
70000,0.0,99.94984954864594
70250,2.0,97.53086419753086
70500,0.0,98.78296146044624
70750,0.0,99.86541049798116
71000,0.0,99.8992950654582
71250,0.0,99.9195494770716
71500,0.0,99.93302076356329
71750,0.0,99.94262765347102
72000,0.0,99.94982438534872
72250,2.0,97.52066115702479
72500,0.0,98.78048780487805
72750,0.0,99.86522911051213
73000,0.0,99.8991935483871
73250,0.0,99.9194847020934
73500,0.0,99.93297587131367
73750,0.0,99.94259471871412
74000,0.0,99.94979919678715
74250,2.0,97.5103734439834
74500,0.0,98.77800407331976
74750,0.0,99.86504723346829
75000,0.0,99.89909182643795
75250,0.0,99.91941982272361
75500,0.0,99.93293091884641
75750,0.0,99.94256174612292
76000,0.0,99.94977398292315
76250,2.0,97.5
76500,0.0,98.77551020408163
76750,0.0,99.86486486486487
77000,0.0,99.8989898989899
77250,0.0,99.91935483870968
77500,0.0,99.93288590604027
77750,0.0,99.94252873563218
78000,0.0,99.94974874371859
78250,2.0,97.48953974895397
78500,0.0,98.77300613496932
78750,0.0,99.86468200270636
79000,0.0,99.89888776541962
79250,0.0,99.91928974979822
79500,0.0,99.93284083277368
79750,0.0,99.94249568717653
80000,0.0,99.94972347913524
80250,2.0,97.47899159663865
80500,0.0,98.77049180327869
80750,0.0,99.86449864498645
81000,0.0,99.89878542510121
81250,0.0,99.91922455573506
81500,0.0,99.93279569892472
81750,0.0,99.94246260069045
82000,0.0,99.9496981891348
82250,2.0,97.46835443037975
82500,0.0,98.76796714579056
82750,0.0,99.86431478968792
83000,0.0,99.89868287740629
83250,0.0,99.91915925626516
83500,0.0,99.93275050437121
83750,0.0,99.94242947610823
84000,0.0,99.9496728736789
84250,2.0,97.45762711864407
84500,0.0,98.76543209876543
84750,0.0,99.86413043478261
85000,0.0,99.89858012170384
85250,0.0,99.91909385113269
85500,0.0,99.93270524899059
85750,0.0,99.94239631336406
86000,0.0,99.9496475327291
86250,2.0,97.44680851063829
86500,0.0,98.76288659793815
86750,0.0,99.8639455782313
87000,0.0,99.8984771573604
87250,0.0,99.91902834008097
87500,0.0,99.93265993265993
87750,0.0,99.94236311239193
88000,0.0,99.94962216624685
88250,2.0,97.43589743589743
88500,0.0,98.7603305785124
88750,0.0,99.86376021798365
89000,0.0,99.89837398373984
89250,0.0,99.91896272285251
89500,0.0,99.93261455525607
89750,0.0,99.94232987312573
90000,0.0,99.94959677419355
90250,2.0,97.42489270386267
90500,0.0,98.75776397515527
90750,0.0,99.86357435197817
91000,0.0,99.89827060020346
91250,0.0,99.91889699918897
91500,0.0,99.93256911665543
91750,0.0,99.94229659549913
92000,0.0,99.94957135653051
92250,2.0,97.41379310344827
92500,0.0,98.7551867219917
92750,0.0,99.86338797814209
93000,0.0,99.89816700610999
93250,0.0,99.91883116883116
93500,0.0,99.93252361673414
93750,0.0,99.94226327944573
94000,0.0,99.94954591321897
94250,2.0,97.40259740259741
94500,0.0,98.75259875259876
94750,0.0,99.86320109439124
95000,0.0,99.89806320081549
95250,0.0,99.91876523151909
95500,0.0,99.932478055368
95750,0.0,99.94222992489891
96000,0.0,99.94952044422008
96250,2.0,97.3913043478261
96500,0.0,98.75
96750,0.0,99.86301369863013
97000,0.0,99.89795918367346
97250,0.0,99.91869918699187
97500,0.0,99.93243243243242
97750,0.0,99.94219653179191
98000,0.0,99.94949494949495
98250,2.0,97.37991266375546
98500,0.0,98.74739039665971
98750,0.0,99.86282578875172
99000,0.0,99.89785495403473
99250,0.0,99.91863303498779
99500,0.0,99.93238674780257
99750,0.0,99.94216310005784
100000,0.0,99.94946942900455
100250,2.0,97.36842105263158
100500,0.0,98.74476987447699
100750,0.0,99.86263736263736
101000,0.0,99.89775051124744
101250,0.0,99.9185667752443
101500,0.0,99.93234100135318
101750,0.0,99.94212962962963
102000,0.0,99.94944388270982
102250,2.0,97.3568281938326
102500,0.0,98.74213836477988
102750,0.0,99.86244841815682
103000,0.0,99.89764585465711
103250,0.0,99.91850040749797
103500,0.0,99.93229519295869
103750,0.0,99.94209612044007
104000,0.0,99.94941831057157
104250,89.60000000000001,99.8
104500,100.0,99.8
104750,8.799999999999999,88.4
105000,0.0,75.9
105250,0.0,63.4
105500,0.0,73.7
105750,0.0,86.2
106000,0.0,98.7
106250,90.8,99.94997498749375
106500,100.0,99.94997498749375
106750,10.0,88.69434717358679
107000,0.0,76.18809404702351
107250,0.0,63.68184092046023
107500,0.0,73.7368684342171
107750,0.0,86.2431215607804
108000,0.0,98.74937468734367
108250,89.60000000000001,99.8
108500,100.0,99.8
108750,8.799999999999999,88.4
109000,0.0,75.9
109250,0.0,63.4
109500,0.0,73.7
109750,0.0,86.2
110000,0.0,98.7
110250,90.8,99.94997498749375
110500,100.0,99.94997498749375
110750,10.0,88.69434717358679
111000,0.0,76.18809404702351
111250,0.0,99.67293540474243
111500,0.0,99.72844534962661
111750,0.0,99.76784677887406
112000,0.0,99.79726305119108
112250,89.2,99.8
112500,100.0,99.8
112750,8.4,98.2532751091703
113000,0.0,99.16492693110646
113250,0.0,99.31412894375858
113500,0.0,99.48927477017364
113750,0.0,99.59316517493897
114000,0.0,99.66193373901284
114250,89.2,99.66799468791501
114500,100.0,99.66799468791501
114750,8.4,84.4621513944223
115000,0.0,67.86188579017264
115250,0.0,81.27490039840637
115500,0.0,97.87516600265604
115750,2.0,98.65470852017937
116000,0.0,99.36575052854123
116250,89.2,99.4
116500,100.0,99.4
116750,10.4,100.0
117000,0.0,100.0
117250,0.0,99.31412894375858
117500,0.0,99.48927477017364
117750,0.0,99.59316517493897
118000,0.0,99.66193373901284
118250,89.2,99.66799468791501
118500,100.0,99.66799468791501
118750,8.4,84.4621513944223
119000,0.0,67.86188579017264
119250,0.0,81.27490039840637
119500,0.0,97.87516600265604
119750,2.0,98.65470852017937
120000,0.0,99.36575052854123
120250,89.2,99.4
120500,100.0,99.4
120750,10.4,100.0
121000,0.0,100.0
121250,0.0,99.31412894375858
121500,0.0,99.48927477017364
121750,0.0,99.59316517493897
122000,0.0,99.66193373901284
122250,89.2,99.66799468791501
122500,100.0,99.66799468791501
122750,8.4,84.4621513944223
123000,0.0,67.86188579017264
123250,0.0,81.27490039840637
123500,0.0,97.87516600265604
123750,2.0,98.65470852017937
124000,0.0,99.36575052854123
124250,89.2,99.4
124500,100.0,99.4
124750,10.4,100.0
125000,0.0,100.0
125250,0.0,99.31412894375858
125500,0.0,99.48927477017364
125750,0.0,99.59316517493897
126000,0.0,99.66193373901284
126250,89.2,99.66799468791501
126500,100.0,99.66799468791501
126750,8.4,84.4621513944223
127000,0.0,67.86188579017264
127250,0.0,81.27490039840637
127500,0.0,97.87516600265604
127750,2.0,98.65470852017937
128000,0.0,99.36575052854123
128250,89.2,99.4
128500,100.0,99.4
128750,10.4,100.0
129000,0.0,100.0
129250,0.0,99.31412894375858
129500,0.0,99.48927477017364
129750,0.0,99.59316517493897
130000,0.0,99.66193373901284
130250,89.2,99.66799468791501
130500,100.0,99.66799468791501
130750,8.4,84.4621513944223
131000,0.0,67.86188579017264
131250,0.0,81.27490039840637
131500,0.0,97.87516600265604
131750,2.0,98.65470852017937
132000,0.0,99.36575052854123
132250,89.2,99.4
132500,100.0,99.4
132750,10.4,100.0
133000,0.0,100.0
133250,0.0,99.31412894375858
133500,0.0,99.48927477017364
133750,0.0,99.59316517493897
134000,0.0,99.66193373901284
134250,89.2,99.66799468791501
134500,100.0,99.66799468791501
134750,8.4,84.4621513944223
135000,0.0,67.86188579017264
135250,0.0,81.27490039840637
135500,0.0,97.87516600265604
135750,2.0,98.65470852017937
136000,0.0,99.36575052854123
136250,89.2,99.4
136500,100.0,99.4
136750,10.4,100.0
137000,0.0,100.0
137250,0.0,99.31412894375858
137500,0.0,99.48927477017364
137750,0.0,99.59316517493897
138000,0.0,99.66193373901284
138250,89.2,99.66799468791501
138500,100.0,99.66799468791501
138750,8.4,84.4621513944223
139000,0.0,67.86188579017264
139250,0.0,81.27490039840637
139500,0.0,97.87516600265604
139750,2.0,98.65470852017937
140000,0.0,99.36575052854123
140250,89.2,99.4
140500,100.0,99.4
140750,10.4,100.0
141000,0.0,100.0
141250,0.0,99.31412894375858
141500,0.0,99.48927477017364
141750,0.0,99.59316517493897
142000,0.0,99.66193373901284
142250,89.2,99.66799468791501
142500,100.0,99.66799468791501
142750,8.4,84.4621513944223
143000,0.0,67.86188579017264
143250,0.0,81.27490039840637
143500,0.0,97.87516600265604
143750,2.0,98.65470852017937
144000,0.0,99.36575052854123
144250,89.2,99.4
144500,100.0,99.4
144750,10.4,100.0
145000,0.0,100.0
145250,0.0,99.31412894375858
145500,0.0,99.48927477017364
145750,0.0,99.59316517493897
146000,0.0,99.66193373901284
146250,89.2,99.66799468791501
146500,100.0,99.66799468791501
146750,8.4,84.4621513944223
147000,0.0,67.86188579017264
147250,0.0,81.27490039840637
147500,0.0,97.87516600265604
147750,2.0,98.65470852017937
148000,0.0,99.36575052854123
148250,89.2,99.4
148500,100.0,99.4
148750,10.4,100.0
149000,0.0,100.0
149250,0.0,99.31412894375858
149500,0.0,99.48927477017364
149750,0.0,99.59316517493897
150000,0.0,99.66193373901284
150250,89.2,99.66799468791501
150500,100.0,99.66799468791501
150750,8.4,84.4621513944223
151000,0.0,67.86188579017264
151250,0.0,81.27490039840637
151500,0.0,97.87516600265604
151750,2.0,98.65470852017937
152000,0.0,99.36575052854123
152250,89.2,99.4
152500,100.0,99.4
152750,10.4,100.0
153000,0.0,100.0
153250,0.0,99.31412894375858
153500,0.0,99.48927477017364
153750,0.0,99.59316517493897
154000,0.0,99.66193373901284
154250,89.2,99.93342210386152
154500,100.0,99.93342210386152
154750,8.799999999999999,84.75366178428762
155000,0.0,68.10918774966711
155250,0.0,81.42476697736352
155500,0.0,98.06924101198402
155750,0.4,99.76771196283391
156000,0.0,99.79716024340772
156250,1.6,96.88888888888889
156500,0.0,98.52631578947368
156750,0.0,99.86206896551724
157000,0.0,99.8974358974359
157250,0.0,99.91836734693878
157500,0.0,99.9322033898305
157750,0.0,99.94202898550725
158000,0.0,99.9493670886076
158250,2.0,97.32142857142857
158500,0.0,98.73417721518987
158750,0.0,99.86187845303867
159000,0.0,99.89733059548254
159250,0.0,99.91830065359477
159500,0.0,99.93215739484395
159750,0.0,99.94199535962876
160000,0.0,99.94934143870314
160250,2.0,97.30941704035875
160500,0.0,98.73150105708245
160750,0.0,99.86168741355463
161000,0.0,99.8972250770812
161250,0.0,99.91823385118562
161500,0.0,99.93211133740665
161750,0.0,99.94196169471851
162000,0.0,99.94931576279778
162250,2.0,97.2972972972973
162500,0.0,98.72881355932203
162750,0.0,99.86149584487535
163000,0.0,99.8971193415638
163250,0.0,99.91816693944354
163500,0.0,99.93206521739131
163750,0.0,99.94192799070848
164000,0.0,99.94929006085192
164250,2.0,97.28506787330316
164500,0.0,98.72611464968153
164750,0.0,99.86130374479889
165000,0.0,99.89701338825952
165250,0.0,99.91809991809993
165500,0.0,99.93201903467029
165750,0.0,99.9418942475305
166000,0.0,99.94926433282598
166250,2.0,97.27272727272728
166500,0.0,98.72340425531915
166750,0.0,99.86111111111111
167000,0.0,99.89690721649484
167250,0.0,99.91803278688525
167500,0.0,99.93197278911565
167750,0.0,99.94186046511628
168000,0.0,99.9492385786802
168250,2.0,97.26027397260275
168500,0.0,98.72068230277186
168750,0.0,99.86091794158554
169000,0.0,99.89680082559339
169250,0.0,99.91796554552911
169500,0.0,99.93192648059905
169750,0.0,99.94182664339732
170000,0.0,99.94921279837482
170250,2.0,97.24770642201835
170500,0.0,98.71794871794873
170750,0.0,99.86072423398329
171000,0.0,99.89669421487604
171250,0.0,99.91789819376025
171500,0.0,99.93188010899182
171750,0.0,99.941792782305
172000,0.0,99.94918699186992
172250,2.0,97.23502304147466
172500,0.0,98.7152034261242
172750,0.0,99.86052998605301
173000,0.0,99.8965873836608
173250,0.0,99.9178307313065
173500,0.0,99.93183367416496
173750,0.0,99.94175888177053
174000,0.0,99.94916115912558
174250,2.0,97.22222222222221
174500,0.0,98.71244635193133
174750,0.0,99.86033519553072
175000,0.0,99.89648033126294
175250,0.0,99.91776315789474
175500,0.0,99.93178717598909
175750,0.0,99.94172494172494
176000,0.0,99.94913530010173
176250,2.0,97.20930232558139
176500,0.0,98.70967741935483
176750,0.0,99.86013986013987
177000,0.0,99.89637305699482
177250,0.0,99.91769547325103
177500,0.0,99.93174061433447
177750,0.0,99.94169096209913
178000,0.0,99.94910941475827
178250,2.0,97.19626168224299
178500,0.0,98.70689655172413
178750,0.0,99.85994397759103
179000,0.0,99.89626556016597
179250,0.0,99.9176276771005
179500,0.0,99.93169398907104
179750,0.0,99.94165694282381
180000,0.0,99.949083503055
180250,2.0,97.1830985915493
180500,0.0,98.70410367170626
180750,0.0,99.85974754558204
181000,0.0,99.89615784008308
181250,0.0,99.91755976916735
181500,0.0,99.93164730006835
181750,0.0,99.94162288382954
182000,0.0,99.9490575649516
182250,2.0,97.16981132075472
182500,0.0,98.7012987012987
182750,0.0,99.85955056179775
183000,0.0,99.8960498960499
183250,0.0,99.91749174917491
183500,0.0,99.93160054719561
183750,0.0,99.94158878504673
184000,0.0,99.94903160040775
184250,2.0,97.1563981042654
184500,0.0,98.69848156182212
184750,0.0,99.85935302390999
185000,0.0,99.89594172736732
185250,0.0,99.91742361684558
185500,0.0,99.9315537303217
185750,0.0,99.9415546464056
186000,0.0,99.94900560938297
186250,2.0,97.14285714285714
186500,0.0,98.69565217391305
186750,0.0,99.85915492957747
187000,0.0,99.89583333333333
187250,0.0,99.91735537190083
187500,0.0,99.93150684931507
187750,0.0,99.94152046783626
188000,0.0,99.94897959183675
188250,2.0,97.1291866028708
188500,0.0,98.69281045751634
188750,0.0,99.8589562764457
189000,0.0,99.89572471324296
189250,0.0,99.9172870140612
189500,0.0,99.93145990404386
189750,0.0,99.94148624926858
190000,0.0,99.94895354772844
190250,2.0,97.11538461538461
190500,0.0,98.68995633187772
190750,0.0,99.85875706214689
191000,0.0,99.89561586638831
191250,0.0,99.91721854304636
191500,0.0,99.93141289437585
191750,0.0,99.94145199063233
192000,0.0,99.94892747701736
192250,2.0,97.10144927536231
192500,0.0,98.6870897155361
192750,0.0,99.85855728429985
193000,0.0,99.89550679205851
193250,0.0,99.91714995857498
193500,0.0,99.93136582017846
193750,0.0,99.94141769185705
194000,0.0,99.94890137966274
194250,2.0,97.0873786407767
194500,0.0,98.68421052631578
194750,0.0,99.85835694050992
195000,0.0,99.89539748953975
195250,0.0,99.91708126036484
195500,0.0,99.93131868131869
195750,0.0,99.94138335287221
196000,0.0,99.94887525562373
196250,2.0,97.07317073170731
196500,0.0,98.68131868131869
196750,0.0,99.8581560283688
197000,0.0,99.89528795811519
197250,0.0,99.91701244813278
197500,0.0,99.93127147766323
197750,0.0,99.94134897360703
198000,0.0,99.94884910485933
198250,2.0,97.05882352941177
198500,0.0,98.6784140969163
198750,0.0,99.85795454545455
199000,0.0,99.895178197065
199250,0.0,99.91694352159467
199500,0.0,99.93122420907841
199750,0.0,99.94131455399061
200000,0.0,99.94882292732856
200250,2.0,97.04433497536947
200500,0.0,98.67549668874173
200750,0.0,99.85775248933145
201000,0.0,99.89506820566632
201250,0.0,99.9168744804655
201500,0.0,99.93117687543015
201750,0.0,99.94128009395185
202000,0.0,99.94879672299028
202250,2.0,97.02970297029702
202500,0.0,98.67256637168141
202750,0.0,99.85754985754986
203000,0.0,99.89495798319328
203250,0.0,99.91680532445923
203500,0.0,99.93112947658402
203750,0.0,99.94124559341951
204000,0.0,99.94877049180327
204250,2.0,97.01492537313433
204500,0.0,98.66962305986696
204750,0.0,99.85734664764621
205000,0.0,99.89484752891693
205250,0.0,99.91673605328893
205500,0.0,99.93108201240524
205750,0.0,99.94121105232216
206000,0.0,99.94874423372629
206250,79.2,99.8
206500,100.0,99.8
206750,19.2,89.7
207000,0.0,77.2
207250,0.0,64.7
207500,0.0,72.39999999999999
207750,0.0,84.89999999999999
208000,0.0,97.39999999999999
208250,80.4,99.94997498749375
208500,100.0,99.94997498749375
208750,20.4,89.99499749874937
209000,0.0,77.48874437218609
209250,0.0,64.98249124562281
209500,0.0,72.43621810905452
209750,0.0,84.94247123561782
210000,0.0,97.4487243621811
210250,79.2,99.8
210500,100.0,99.8
210750,19.2,89.7
211000,0.0,77.2
211250,0.0,64.7
211500,0.0,72.39999999999999
211750,0.0,84.89999999999999
212000,0.0,97.39999999999999
212250,80.4,99.94997498749375
212500,100.0,99.94997498749375
212750,20.4,89.99499749874937
213000,0.0,77.48874437218609
213250,0.0,64.98249124562281
213500,0.0,72.43621810905452
213750,0.0,84.94247123561782
214000,0.0,97.4487243621811
214250,79.2,99.8
214500,100.0,99.8
214750,19.2,89.7
215000,0.0,77.2
215250,0.0,64.7
215500,0.0,72.39999999999999
215750,0.0,84.89999999999999
216000,0.0,97.39999999999999
216250,80.4,99.94997498749375
216500,100.0,99.94997498749375
216750,20.4,89.99499749874937
217000,0.0,77.48874437218609
217250,0.0,64.98249124562281
217500,0.0,72.43621810905452
217750,0.0,84.94247123561782
218000,0.0,97.4487243621811
218250,79.2,99.8
218500,100.0,99.8
218750,19.2,89.7
219000,0.0,77.2
219250,0.0,64.7
219500,0.0,72.39999999999999
219750,0.0,84.89999999999999
220000,0.0,97.39999999999999
220250,80.4,99.94997498749375
220500,100.0,99.94997498749375
220750,20.4,89.99499749874937
221000,0.0,77.48874437218609
221250,0.0,64.98249124562281
221500,0.0,72.43621810905452
221750,0.0,84.94247123561782
222000,0.0,97.4487243621811
222250,79.2,99.8
222500,100.0,99.8
222750,19.2,89.7
223000,0.0,77.2
223250,0.0,64.7
223500,0.0,72.39999999999999
223750,0.0,84.89999999999999
224000,0.0,97.39999999999999
224250,80.4,99.94997498749375
224500,100.0,99.94997498749375
224750,20.4,89.99499749874937
225000,0.0,77.48874437218609
225250,0.0,64.98249124562281
225500,0.0,72.43621810905452
225750,0.0,84.94247123561782
226000,0.0,97.4487243621811
226250,79.2,99.8
226500,100.0,99.8
226750,19.2,89.7
227000,0.0,77.2
227250,0.0,64.7
227500,0.0,72.39999999999999
227750,0.0,84.89999999999999
228000,0.0,97.39999999999999
228250,80.4,97.96954314720813
228500,100.0,99.10514541387025
228750,20.4,99.28263988522238
229000,0.0,99.47201689545935
229250,0.0,99.58228905597326
229500,0.0,99.65445749827228
229750,0.0,99.70536240424278
230000,0.0,99.7431946584489
230250,78.8,97.96954314720813
230500,100.0,99.10514541387025
230750,18.8,99.28263988522238
231000,0.0,99.47201689545935
231250,0.0,99.58228905597326
231500,0.0,99.65445749827228
231750,0.0,99.70536240424278
232000,0.0,99.7431946584489
232250,78.8,97.96954314720813
232500,100.0,99.10514541387025
232750,18.8,99.28263988522238
233000,0.0,99.47201689545935
233250,0.0,99.58228905597326
233500,0.0,99.65445749827228
233750,0.0,99.70536240424278
234000,0.0,99.7431946584489
234250,78.8,97.95918367346938
234500,100.0,99.10313901345292
234750,18.8,99.2816091954023
235000,0.0,99.47145877378436
235250,0.0,99.5819397993311
235500,0.0,99.65421853388659
235750,0.0,99.70518867924528
236000,0.0,99.74306269270298
236250,78.8,97.96954314720813
236500,100.0,99.10514541387025
236750,18.8,99.28263988522238
237000,0.0,99.47201689545935
237250,0.0,99.58228905597326
237500,0.0,99.65445749827228
237750,0.0,99.70536240424278
238000,0.0,99.7431946584489
238250,78.8,97.95918367346938
238500,100.0,99.10313901345292
238750,18.8,99.2816091954023
239000,0.0,99.47145877378436
239250,0.0,99.5819397993311
239500,0.0,99.65421853388659
239750,0.0,99.70518867924528
240000,0.0,99.74306269270298
240250,78.8,99.94987468671678
240500,100.0,99.94987468671678
240750,18.8,89.77443609022556
241000,0.0,77.24310776942356
241250,0.0,64.71177944862156
241500,0.0,72.58145363408521
241750,0.0,85.11278195488721
242000,0.0,97.64411027568923
242250,79.2,99.84992496248124
242500,100.0,99.84992496248124
242750,19.2,89.7448724362181
243000,0.0,77.23861930965484
243250,0.0,64.73236618309156
243500,0.0,72.43621810905452
243750,0.0,84.94247123561782
244000,0.0,97.4487243621811
244250,80.0,97.96954314720813
244500,100.0,99.10514541387025
244750,20.0,99.28263988522238
245000,0.0,99.47201689545935
245250,0.0,99.58228905597326
245500,0.0,99.65445749827228
245750,0.0,99.70536240424278
246000,0.0,99.7431946584489
246250,78.8,97.96954314720813
246500,100.0,99.10514541387025
246750,18.8,99.28263988522238
247000,0.0,99.47201689545935
247250,0.0,99.58228905597326
247500,0.0,99.65445749827228
247750,0.0,99.70536240424278
248000,0.0,99.7431946584489
248250,78.8,97.96954314720813
248500,100.0,99.10514541387025
248750,18.8,99.28263988522238
249000,0.0,99.47201689545935
249250,0.0,99.58228905597326
249500,0.0,99.65445749827228
249750,0.0,99.70536240424278
250000,0.0,99.7431946584489
250250,78.8,97.96954314720813
250500,100.0,99.10514541387025
250750,18.8,99.28263988522238
251000,0.0,99.47201689545935
251250,0.0,99.58228905597326
251500,0.0,99.65445749827228
251750,0.0,99.70536240424278
252000,0.0,99.7431946584489
252250,78.8,97.96954314720813
252500,100.0,99.10514541387025
252750,18.8,99.28263988522238
253000,0.0,99.47201689545935
253250,0.0,99.58228905597326
253500,0.0,99.65445749827228
253750,0.0,99.70536240424278
254000,0.0,99.7431946584489
254250,78.8,97.96954314720813
254500,100.0,99.10514541387025
254750,18.8,99.28263988522238
255000,0.0,99.47201689545935
255250,0.0,99.58228905597326
255500,0.0,99.65445749827228
255750,0.0,99.70536240424278
256000,0.0,99.7431946584489
256250,78.8,97.95918367346938
256500,100.0,99.10313901345292
256750,19.2,99.2816091954023
257000,0.0,99.47145877378436
257250,0.0,99.5819397993311
257500,0.0,99.65421853388659
257750,0.0,99.70518867924528
258000,0.0,99.74306269270298
258250,2.0,98.46153846153847
258500,0.0,99.32584269662922
258750,0.0,99.28057553956835
259000,0.0,99.47089947089947
259250,0.0,99.581589958159
259500,0.0,99.65397923875432
259750,0.0,99.70501474926253
260000,0.0,99.74293059125964
260250,2.0,98.4536082474227
260500,0.0,99.32432432432432
260750,0.0,99.27953890489914
261000,0.0,99.47033898305084
261250,0.0,99.58123953098827
261500,0.0,99.65373961218836
261750,0.0,99.70484061393152
262000,0.0,99.74279835390946
262250,2.0,98.44559585492227
262500,0.0,99.32279909706546
262750,0.0,99.27849927849928
263000,0.0,99.46977730646871
263250,0.0,99.58088851634534
263500,0.0,99.65349965349965
263750,0.0,99.70466627288836
264000,0.0,99.74266598044261
264250,2.0,98.4375
264500,0.0,99.3212669683258
264750,0.0,99.27745664739885
265000,0.0,99.4692144373673
265250,0.0,99.58053691275168
265500,0.0,99.65325936199723
265750,0.0,99.70449172576832
266000,0.0,99.74253347064882
266250,2.0,98.42931937172776
266500,0.0,99.31972789115646
266750,0.0,99.27641099855282
267000,0.0,99.46865037194475
267250,0.0,99.58018471872376
267500,0.0,99.6530187369882
267750,0.0,99.7043169722058
268000,0.0,99.74240082431737
268250,2.0,98.42105263157895
268500,0.0,99.31818181818181
268750,0.0,99.27536231884058
269000,0.0,99.46808510638297
269250,0.0,99.57983193277312
269500,0.0,99.65277777777779
269750,0.0,99.70414201183432
270000,0.0,99.74226804123711
270250,2.0,98.4126984126984
270500,0.0,99.31662870159454
270750,0.0,99.2743105950653
271000,0.0,99.4675186368477
271250,0.0,99.57947855340622
271500,0.0,99.65253648366922
271750,0.0,99.70396684428657
272000,0.0,99.7421351211965
272250,2.0,98.40425531914893
272500,0.0,99.31506849315068
272750,0.0,99.27325581395348
273000,0.0,99.46695095948827
273250,0.0,99.57912457912458
273500,0.0,99.65229485396384
273750,0.0,99.70379146919431
274000,0.0,99.74200206398349
274250,2.0,98.3957219251337
274500,0.0,99.31350114416476
274750,0.0,99.2721979621543
275000,0.0,99.46638207043756
275250,0.0,99.5787700084246
275500,0.0,99.65205288796103
275750,0.0,99.7036158861885
276000,0.0,99.74186886938566
276250,2.0,98.38709677419355
276500,0.0,99.31192660550458
276750,0.0,99.27113702623906
277000,0.0,99.46581196581197
277250,0.0,99.57841483979763
277500,0.0,99.65181058495823
277750,0.0,99.70344009489916
278000,0.0,99.74173553719008
278250,2.0,98.37837837837839
278500,0.0,99.3103448275862
278750,0.0,99.27007299270073
279000,0.0,99.46524064171123
279250,0.0,99.57805907172997
279500,0.0,99.65156794425087
279750,0.0,99.70326409495549
280000,0.0,99.74160206718346
280250,2.0,98.36956521739131
280500,0.0,99.30875576036865
280750,0.0,99.26900584795322
281000,0.0,99.46466809421841
281250,0.0,99.5777027027027
281500,0.0,99.65132496513249
281750,0.0,99.70308788598575
282000,0.0,99.74146845915202
282250,2.0,98.36065573770492
282500,0.0,99.30715935334872
282750,0.0,99.26793557833089
283000,0.0,99.46409431939979
283250,0.0,99.57734573119188
283500,0.0,99.65108164689462
283750,0.0,99.70291146761735
284000,0.0,99.74133471288154
284250,2.0,98.35164835164835
284500,0.0,99.30555555555556
284750,0.0,99.26686217008798
285000,0.0,99.46351931330472
285250,0.0,99.57698815566836
285500,0.0,99.65083798882681
285750,0.0,99.70273483947682
286000,0.0,99.74120082815735
286250,2.0,98.34254143646409
286500,0.0,99.30394431554525
286750,0.0,99.26578560939795
287000,0.0,99.46294307196563
287250,0.0,99.5766299745978
287500,0.0,99.65059399021663
287750,0.0,99.70255800118977
288000,0.0,99.74106680476437
288250,2.0,98.33333333333333
288500,0.0,99.30232558139535
288750,0.0,99.26470588235294
289000,0.0,99.46236559139786
289250,0.0,99.57627118644068
289500,0.0,99.65034965034964
289750,0.0,99.70238095238095
290000,0.0,99.74093264248705
290250,2.0,98.32402234636871
290500,0.0,99.3006993006993
290750,0.0,99.26362297496318
291000,0.0,99.46178686759957
291250,0.0,99.57591178965225
291500,0.0,99.65010496850944
291750,0.0,99.7022036926742
292000,0.0,99.74079834110938
292250,2.0,98.31460674157303
292500,0.0,99.29906542056075
292750,0.0,99.26253687315634
293000,0.0,99.46120689655173
293250,0.0,99.57555178268251
293500,0.0,99.64985994397759
293750,0.0,99.70202622169249
294000,0.0,99.74066390041494
294250,2.0,98.30508474576271
294500,0.0,99.29742388758783
294750,0.0,99.26144756277697
295000,0.0,99.46062567421791
295250,0.0,99.5751911639762
295500,0.0,99.64961457603364
295750,0.0,99.70184853905785
296000,0.0,99.74052932018682
296250,2.0,98.29545454545455
296500,0.0,99.29577464788733
296750,0.0,99.2603550295858
297000,0.0,99.46004319654428
297250,0.0,99.57482993197279
297500,0.0,99.64936886395512
297750,0.0,99.7016706443914
298000,0.0,99.74039460020768
298250,2.0,98.28571428571429
298500,0.0,99.29411764705883
298750,0.0,99.25925925925925
299000,0.0,99.45945945945947
299250,0.0,99.57446808510639
299500,0.0,99.64912280701755
299750,0.0,99.70149253731343
300000,0.0,99.74025974025975
300250,2.0,98.27586206896551
300500,0.0,99.29245283018868
300750,0.0,99.25816023738872
301000,0.0,99.45887445887446
301250,0.0,99.5741056218058
301500,0.0,99.64887640449437
301750,0.0,99.70131421744325
302000,0.0,99.74012474012474
302250,2.0,98.26589595375722
302500,0.0,99.29078014184397
302750,0.0,99.25705794947994
303000,0.0,99.45828819068255
303250,0.0,99.57374254049446
303500,0.0,99.64862965565706
303750,0.0,99.70113568439928
304000,0.0,99.73998959958398
304250,2.0,98.25581395348837
304500,0.0,99.28909952606635
304750,0.0,99.25595238095238
305000,0.0,99.45770065075922
305250,0.0,99.57337883959045
305500,0.0,99.64838255977496
305750,0.0,99.70095693779905
306000,0.0,99.73985431841832
