250,0.0,100.0
500,0.0,100.0
750,0.0,100.0
1000,0.0,100.0
1250,0.0,100.0
1500,0.0,100.0
1750,0.0,100.0
2000,0.0,100.0
2250,99.2,12.619888944977284
2500,100.0,25.239777889954567
2750,100.0,37.85966683493186
3000,100.0,50.479555779909134
3250,100.0,63.099444724886425
3500,100.0,75.71933366986372
3750,100.0,88.33922261484098
4000,100.0,1.0606060606060608
4250,100.0,11.616161616161616
4500,100.0,24.242424242424242
4750,100.0,36.868686868686865
5000,100.0,49.494949494949495
5250,100.0,62.121212121212125
5500,100.0,74.74747474747475
5750,100.0,87.37373737373737
6000,100.0,100.0
6250,99.6,12.626262626262626
6500,100.0,25.252525252525253
6750,100.0,37.878787878787875
7000,100.0,50.505050505050505
7250,100.0,63.13131313131313
7500,100.0,75.75757575757575
7750,100.0,88.38383838383838
8000,100.0,1.0101010101010102
8250,99.6,11.666666666666666
8500,100.0,24.292929292929294
8750,100.0,36.91919191919192
9000,100.0,49.54545454545455
9250,100.0,62.17171717171717
9500,100.0,74.79797979797979
9750,100.0,87.42424242424242
10000,100.0,0.050505050505050504
10250,99.6,12.626262626262626
10500,100.0,25.252525252525253
10750,100.0,37.878787878787875
11000,100.0,50.505050505050505
11250,100.0,63.13131313131313
11500,100.0,75.75757575757575
11750,100.0,88.38383838383838
12000,100.0,1.0101010101010102
12250,99.6,11.666666666666666
12500,100.0,24.292929292929294
12750,100.0,36.91919191919192
13000,100.0,49.54545454545455
13250,100.0,62.17171717171717
13500,100.0,74.79797979797979
13750,100.0,87.42424242424242
14000,100.0,0.050505050505050504
14250,99.6,12.626262626262626
14500,100.0,25.252525252525253
14750,100.0,37.878787878787875
15000,100.0,50.505050505050505
15250,100.0,63.13131313131313
15500,100.0,75.75757575757575
15750,100.0,88.38383838383838
16000,100.0,1.0101010101010102
16250,99.6,11.666666666666666
16500,100.0,24.292929292929294
16750,100.0,36.91919191919192
17000,100.0,49.54545454545455
17250,100.0,62.17171717171717
17500,100.0,74.79797979797979
17750,100.0,87.42424242424242
18000,100.0,0.050505050505050504
18250,99.6,12.626262626262626
18500,100.0,25.252525252525253
18750,100.0,37.878787878787875
19000,100.0,50.505050505050505
19250,100.0,63.13131313131313
19500,100.0,75.75757575757575
19750,100.0,88.38383838383838
20000,100.0,1.0101010101010102
20250,99.6,11.666666666666666
20500,100.0,24.292929292929294
20750,100.0,36.91919191919192
21000,100.0,49.54545454545455
21250,100.0,62.17171717171717
21500,100.0,74.79797979797979
21750,100.0,87.42424242424242
22000,100.0,0.050505050505050504
22250,99.6,12.626262626262626
22500,100.0,25.252525252525253
22750,100.0,37.878787878787875
23000,100.0,50.505050505050505
23250,100.0,63.13131313131313
23500,100.0,75.75757575757575
23750,100.0,88.38383838383838
24000,100.0,1.0101010101010102
24250,99.6,11.666666666666666
24500,100.0,24.292929292929294
24750,100.0,36.91919191919192
25000,100.0,49.54545454545455
25250,100.0,62.17171717171717
25500,100.0,74.79797979797979
25750,100.0,87.42424242424242
26000,100.0,0.050505050505050504
26250,99.6,12.626262626262626
26500,100.0,25.252525252525253
26750,100.0,37.878787878787875
27000,100.0,50.505050505050505
27250,100.0,63.13131313131313
27500,100.0,75.75757575757575
27750,100.0,88.38383838383838
28000,100.0,1.0101010101010102
28250,99.6,11.666666666666666
28500,100.0,24.292929292929294
28750,100.0,36.91919191919192
29000,100.0,49.54545454545455
29250,100.0,62.17171717171717
29500,100.0,74.79797979797979
29750,100.0,87.42424242424242
30000,100.0,0.050505050505050504
30250,99.6,12.626262626262626
30500,100.0,25.252525252525253
30750,100.0,37.878787878787875
31000,100.0,50.505050505050505
31250,100.0,63.13131313131313
31500,100.0,75.75757575757575
31750,100.0,88.38383838383838
32000,100.0,1.0101010101010102
32250,99.6,11.666666666666666
32500,100.0,24.292929292929294
32750,100.0,36.91919191919192
33000,100.0,49.54545454545455
33250,100.0,62.17171717171717
33500,100.0,74.79797979797979
33750,100.0,87.42424242424242
34000,100.0,0.050505050505050504
34250,99.6,12.626262626262626
34500,100.0,25.252525252525253
34750,100.0,37.878787878787875
35000,100.0,50.505050505050505
35250,100.0,63.13131313131313
35500,100.0,75.75757575757575
35750,100.0,88.38383838383838
36000,100.0,1.0101010101010102
36250,99.6,11.666666666666666
36500,100.0,24.292929292929294
36750,100.0,36.91919191919192
37000,100.0,49.54545454545455
37250,100.0,62.17171717171717
37500,100.0,74.79797979797979
37750,100.0,87.42424242424242
38000,100.0,0.050505050505050504
38250,99.6,12.626262626262626
38500,100.0,25.252525252525253
38750,100.0,37.878787878787875
39000,100.0,50.505050505050505
39250,100.0,63.13131313131313
39500,100.0,75.75757575757575
39750,100.0,88.38383838383838
40000,100.0,1.0101010101010102
40250,99.6,11.666666666666666
40500,100.0,24.292929292929294
40750,100.0,36.91919191919192
41000,100.0,49.54545454545455
41250,100.0,62.17171717171717
41500,100.0,74.79797979797979
41750,100.0,87.42424242424242
42000,100.0,0.050505050505050504
42250,99.6,12.626262626262626
42500,100.0,25.252525252525253
42750,100.0,37.878787878787875
43000,100.0,50.505050505050505
43250,100.0,63.13131313131313
43500,100.0,75.75757575757575
43750,100.0,88.38383838383838
44000,100.0,1.0101010101010102
44250,99.6,11.666666666666666
44500,100.0,24.292929292929294
44750,100.0,36.91919191919192
45000,100.0,49.54545454545455
45250,100.0,62.17171717171717
45500,100.0,74.79797979797979
45750,100.0,87.42424242424242
46000,100.0,0.050505050505050504
46250,99.6,12.626262626262626
46500,100.0,25.252525252525253
46750,100.0,37.878787878787875
47000,100.0,50.505050505050505
47250,100.0,63.13131313131313
47500,100.0,75.75757575757575
47750,100.0,88.38383838383838
48000,100.0,1.0101010101010102
48250,99.6,11.666666666666666
48500,100.0,24.292929292929294
48750,100.0,36.91919191919192
49000,100.0,49.54545454545455
49250,100.0,62.17171717171717
49500,100.0,74.79797979797979
49750,100.0,87.42424242424242
50000,100.0,0.050505050505050504
50250,99.6,12.626262626262626
50500,100.0,25.252525252525253
50750,100.0,37.878787878787875
51000,100.0,50.505050505050505
51250,100.0,63.13131313131313
51500,100.0,75.75757575757575
51750,100.0,88.38383838383838
52000,100.0,1.0101010101010102
52250,99.6,11.616161616161616
52500,100.0,24.242424242424242
52750,100.0,36.868686868686865
53000,100.0,49.494949494949495
53250,100.0,62.121212121212125
53500,100.0,74.74747474747475
53750,100.0,87.37373737373737
54000,100.0,100.0
54250,0.4,12.626262626262626
54500,0.0,25.252525252525253
54750,0.0,37.878787878787875
55000,0.0,50.505050505050505
55250,0.0,63.13131313131313
55500,0.0,75.75757575757575
55750,0.0,88.38383838383838
56000,0.0,1.0101010101010102
56250,0.0,13.636363636363635
56500,0.0,26.262626262626267
56750,91.60000000000001,12.493753123438282
57000,100.0,24.987506246876563
57250,100.0,37.48125937031484
57500,100.0,49.97501249375313
57750,100.0,62.4687656171914
58000,100.0,74.96251874062968
58250,100.0,87.45627186406797
58500,100.0,99.95002498750625
58750,0.4,12.676767676767678
59000,0.0,25.303030303030305
59250,0.0,37.92929292929293
59500,0.0,50.55555555555556
59750,0.0,63.18181818181819
60000,0.0,75.80808080808082
60250,0.0,88.43434343434343
60500,0.0,1.0606060606060608
60750,0.0,13.686868686868687
61000,0.0,26.31313131313131
61250,0.0,38.93939393939394
61500,0.0,51.56565656565657
61750,0.0,64.19191919191918
62000,0.0,76.81818181818181
62250,91.60000000000001,12.493753123438282
62500,100.0,24.987506246876563
62750,100.0,37.48125937031484
63000,100.0,49.97501249375313
63250,100.0,62.4687656171914
63500,100.0,74.96251874062968
63750,100.0,87.45627186406797
64000,100.0,99.95002498750625
64250,1.2,12.676767676767678
64500,0.0,25.303030303030305
64750,0.0,37.92929292929293
65000,0.0,50.55555555555556
65250,0.0,63.18181818181819
65500,0.0,75.80808080808082
65750,0.0,88.43434343434343
66000,0.0,1.0606060606060608
66250,0.0,13.686868686868687
66500,0.0,26.31313131313131
66750,0.0,38.93939393939394
67000,0.0,51.56565656565657
67250,91.60000000000001,12.493753123438282
67500,100.0,24.987506246876563
67750,100.0,37.48125937031484
68000,100.0,49.97501249375313
68250,100.0,62.4687656171914
68500,100.0,74.96251874062968
68750,100.0,87.45627186406797
69000,100.0,99.95002498750625
69250,0.4,12.676767676767678
69500,0.0,25.303030303030305
69750,0.0,37.92929292929293
70000,0.0,50.55555555555556
70250,0.0,63.18181818181819
70500,0.0,75.80808080808082
70750,0.0,88.43434343434343
71000,0.0,1.0606060606060608
71250,0.0,13.686868686868687
71500,0.0,26.31313131313131
71750,0.0,38.93939393939394
72000,0.0,51.56565656565657
72250,0.0,64.19191919191918
72500,0.0,76.81818181818181
72750,91.60000000000001,12.493753123438282
73000,100.0,24.987506246876563
73250,100.0,37.48125937031484
73500,100.0,49.97501249375313
73750,100.0,62.4687656171914
74000,100.0,74.96251874062968
74250,100.0,87.45627186406797
74500,100.0,99.95002498750625
74750,0.4,12.676767676767678
75000,0.0,25.303030303030305
75250,0.0,37.92929292929293
75500,0.0,50.55555555555556
75750,0.0,63.18181818181819
76000,0.0,75.80808080808082
76250,0.0,88.43434343434343
76500,0.0,1.0606060606060608
76750,0.0,13.686868686868687
77000,0.0,26.31313131313131
77250,0.0,38.93939393939394
77500,0.0,51.56565656565657
77750,91.60000000000001,12.493753123438282
78000,100.0,24.987506246876563
78250,100.0,37.48125937031484
78500,100.0,49.97501249375313
78750,100.0,62.4687656171914
79000,100.0,74.96251874062968
79250,100.0,87.45627186406797
79500,100.0,99.95002498750625
79750,0.4,12.676767676767678
80000,0.0,25.303030303030305
80250,0.0,37.92929292929293
80500,0.0,50.55555555555556
80750,0.0,63.18181818181819
81000,0.0,75.80808080808082
81250,0.0,88.43434343434343
81500,0.0,1.0606060606060608
81750,0.0,13.686868686868687
82000,0.0,26.31313131313131
82250,0.0,38.93939393939394
82500,0.0,51.56565656565657
82750,0.0,64.19191919191918
83000,0.0,76.81818181818181
83250,91.60000000000001,12.493753123438282
83500,100.0,24.987506246876563
83750,100.0,37.48125937031484
84000,100.0,49.97501249375313
84250,100.0,62.4687656171914
84500,100.0,74.96251874062968
84750,100.0,87.45627186406797
85000,100.0,99.95002498750625
85250,0.4,12.676767676767678
85500,0.0,25.303030303030305
85750,0.0,37.92929292929293
86000,0.0,50.55555555555556
86250,0.0,63.18181818181819
86500,0.0,75.80808080808082
86750,0.0,88.43434343434343
87000,0.0,1.0606060606060608
87250,0.0,13.686868686868687
87500,0.0,26.31313131313131
87750,0.0,38.93939393939394
88000,0.0,51.56565656565657
88250,91.60000000000001,12.493753123438282
88500,100.0,24.987506246876563
88750,100.0,37.48125937031484
89000,100.0,49.97501249375313
89250,100.0,62.4687656171914
89500,100.0,74.96251874062968
89750,100.0,87.45627186406797
90000,100.0,99.95002498750625
90250,3.2,12.676767676767678
90500,0.0,25.303030303030305
90750,0.0,37.92929292929293
91000,0.0,50.55555555555556
91250,0.0,63.18181818181819
91500,0.0,75.80808080808082
91750,0.0,88.43434343434343
92000,0.0,1.0606060606060608
92250,0.0,13.686868686868687
92500,0.0,26.31313131313131
92750,0.0,38.93939393939394
93000,0.0,51.56565656565657
93250,0.0,64.19191919191918
93500,0.0,76.81818181818181
93750,91.60000000000001,12.493753123438282
94000,100.0,24.987506246876563
94250,100.0,37.48125937031484
94500,100.0,49.97501249375313
94750,100.0,62.4687656171914
95000,100.0,74.96251874062968
95250,100.0,87.45627186406797
95500,100.0,99.95002498750625
95750,0.4,12.676767676767678
96000,0.0,25.303030303030305
96250,0.0,37.92929292929293
96500,0.0,50.55555555555556
96750,0.0,63.18181818181819
97000,0.0,75.80808080808082
97250,0.0,88.43434343434343
97500,0.0,1.0606060606060608
97750,0.0,13.686868686868687
98000,0.0,26.31313131313131
98250,0.0,38.93939393939394
98500,0.0,51.56565656565657
98750,91.60000000000001,12.493753123438282
99000,100.0,24.987506246876563
99250,100.0,37.48125937031484
99500,100.0,49.97501249375313
99750,100.0,62.4687656171914
100000,100.0,74.96251874062968
100250,100.0,87.45627186406797
100500,100.0,99.95002498750625
100750,0.4,12.676767676767678
101000,0.0,25.303030303030305
101250,0.0,37.92929292929293
101500,0.0,50.55555555555556
101750,0.0,63.18181818181819
102000,0.0,75.80808080808082
102250,0.0,88.43434343434343
102500,0.0,1.0606060606060608
102750,0.0,13.686868686868687
103000,0.0,26.31313131313131
103250,0.0,38.93939393939394
103500,0.0,51.56565656565657
103750,0.0,64.19191919191918
104000,0.0,76.81818181818181
104250,91.2,11.15
104500,100.0,23.65
104750,100.0,36.15
105000,100.0,48.65
105250,100.0,61.150000000000006
105500,100.0,73.65
105750,100.0,86.15
106000,100.0,98.65
106250,100.0,11.341772151898734
106500,100.0,24.0
106750,100.0,36.65822784810126
107000,100.0,49.31645569620253
107250,100.0,61.9746835443038
107500,100.0,74.63291139240506
107750,100.0,87.29113924050634
108000,100.0,99.9493670886076
108250,99.2,10.126582278481013
108500,100.0,22.78481012658228
108750,100.0,35.44303797468354
109000,100.0,48.10126582278481
109250,100.0,60.75949367088608
109500,100.0,73.41772151898735
109750,100.0,86.07594936708861
110000,100.0,98.73417721518987
110250,99.6,10.251153254741158
110500,100.0,23.065094823167605
110750,100.0,35.879036391594056
111000,100.0,48.6929779600205
111250,100.0,61.50691952844694
111500,100.0,74.3208610968734
111750,100.0,87.13480266529984
112000,100.0,1.1935651271406331
112250,99.2,9.133367929423974
112500,100.0,22.10690192008303
112750,100.0,35.08043591074209
113000,100.0,48.05396990140114
113250,100.0,61.027503892060196
113500,100.0,74.00103788271926
113750,100.0,86.97457187337831
114000,100.0,2.5013304949441193
114250,99.2,8.08940926024481
114500,100.0,21.394358701436936
114750,100.0,34.69930814262906
115000,100.0,48.00425758382118
115250,100.0,61.3092070250133
115500,100.0,74.61415646620543
115750,100.0,87.91910590739755
116000,100.0,5.257332595462092
116250,99.2,5.755395683453238
116500,100.0,19.590481460985057
116750,100.0,33.42556723851688
117000,100.0,47.2606530160487
117250,100.0,61.09573879358052
117500,100.0,74.93082457111234
117750,100.0,88.76591034864416
118000,100.0,9.89922940130409
118250,99.2,1.896858328393598
118500,100.0,16.71606401896858
118750,100.0,31.535269709543567
119000,100.0,46.35447540011855
119250,100.0,61.17368109069354
119500,100.0,75.99288678126852
119750,100.0,2.4749163879598663
120000,100.0,19.19732441471572
120250,99.2,21.003344481605353
120500,100.0,10.836120401337793
120750,100.0,27.55852842809365
121000,100.0,44.2809364548495
121250,100.0,61.003344481605346
121500,100.0,77.7257525083612
121750,100.0,19.357565511411664
122000,100.0,40.490278951817416
122250,99.2,42.772612003381234
122500,100.0,42.772612003381234
122750,100.0,18.59678782755706
123000,100.0,39.72950126796281
123250,100.0,6.0382916053019144
123500,100.0,42.857142857142854
123750,100.0,79.6759941089838
124000,100.0,16.49484536082474
124250,99.2,12.812960235640647
124500,100.0,49.63181148748159
124750,100.0,8.302583025830259
125000,100.0,54.4280442804428
125250,100.0,0.5535055350553505
125500,100.0,46.678966789667896
125750,100.0,92.80442804428044
126000,100.0,38.92988929889299
126250,99.2,43.91143911439114
126500,100.0,43.91143911439114
126750,100.0,59.47712418300654
127000,100.0,41.17647058823529
127250,100.0,22.875816993464053
127500,100.0,4.57516339869281
127750,100.0,86.27450980392157
128000,100.0,67.97385620915033
128250,99.2,76.79738562091504
128500,100.0,30.136986301369863
128750,100.0,72.6027397260274
129000,100.0,15.068493150684931
129250,100.0,57.534246575342465
129500,100.0,100.0
129750,100.0,42.465753424657535
130000,100.0,84.93150684931507
130250,99.2,55.932203389830505
130500,100.0,79.66101694915254
130750,100.0,3.389830508474576
131000,100.0,27.11864406779661
131250,100.0,50.847457627118644
131500,100.0,74.57627118644068
131750,100.0,98.30508474576271
132000,100.0,22.033898305084744
132250,99.2,85.71428571428571
132500,100.0,76.19047619047619
132750,100.0,66.66666666666666
133000,100.0,57.14285714285714
133250,100.0,47.61904761904761
133500,100.0,38.095238095238095
133750,100.0,28.57142857142857
134000,100.0,19.047619047619047
134250,99.2,87.05357142857143
134500,100.0,93.88185654008439
134750,100.0,95.99447513812154
135000,100.0,97.02258726899385
135250,100.0,97.63071895424837
135500,100.0,98.03256445047491
135750,100.0,98.31786542923435
136000,100.0,98.53090172239108
136250,99.2,100.0
136500,100.0,100.0
136750,100.0,100.0
137000,100.0,100.0
137250,100.0,100.0
137500,100.0,100.0
137750,100.0,100.0
138000,100.0,100.0
138250,99.2,99.05000000000001
138500,100.0,99.05000000000001
138750,100.0,99.05000000000001
139000,100.0,99.05000000000001
139250,100.0,99.05000000000001
139500,100.0,99.05000000000001
139750,100.0,99.05000000000001
140000,100.0,99.05000000000001
140250,99.2,100.0
140500,100.0,100.0
140750,100.0,100.0
141000,100.0,100.0
141250,100.0,100.0
141500,100.0,100.0
141750,100.0,100.0
142000,100.0,100.0
142250,99.2,99.05000000000001
142500,100.0,99.05000000000001
142750,100.0,99.05000000000001
143000,100.0,99.05000000000001
143250,100.0,99.05000000000001
143500,100.0,99.05000000000001
143750,100.0,99.05000000000001
144000,100.0,99.05000000000001
144250,99.2,100.0
144500,100.0,100.0
144750,100.0,100.0
145000,100.0,100.0
145250,100.0,18.827415359207265
145500,100.0,32.71731690622861
145750,100.0,15.0
146000,100.0,65.0
146250,99.2,25.0
146500,100.0,75.0
146750,100.0,98.14814814814815
147000,100.0,99.03846153846155
147250,100.0,99.35064935064936
147500,100.0,99.50980392156863
147750,100.0,99.60629921259843
148000,100.0,99.67105263157895
148250,99.2,99.74126778783958
148500,100.0,99.74126778783958
148750,100.0,99.74126778783958
149000,100.0,99.74126778783958
149250,100.0,99.74126778783958
149500,100.0,99.74126778783958
149750,100.0,10.672853828306264
150000,100.0,21.98581560283688
150250,99.6,91.4798206278027
150500,100.0,95.9830866807611
150750,100.0,97.37206085753803
151000,100.0,98.04727646454265
151250,100.0,98.44644317252657
151500,100.0,98.7101154107264
151750,100.0,98.89727219965178
152000,100.0,99.03699949315762
152250,99.6,99.09954977488744
152500,100.0,99.09954977488744
152750,100.0,99.09954977488744
153000,100.0,99.09954977488744
153250,100.0,99.09954977488744
153500,100.0,99.09954977488744
153750,100.0,99.09954977488744
154000,100.0,99.09954977488744
154250,99.6,15.0
154500,100.0,65.0
154750,100.0,15.0
155000,100.0,65.0
155250,100.0,15.0
155500,100.0,65.0
155750,100.0,15.0
156000,100.0,65.0
156250,10.4,15.0
156500,0.0,65.0
156750,0.0,15.0
157000,0.0,65.0
157250,0.0,15.0
157500,0.0,65.0
157750,0.0,89.453125
158000,0.0,94.66403162055336
158250,0.0,96.94148936170212
158500,0.0,97.70459081836327
158750,0.0,98.1629392971246
159000,0.0,98.46870838881492
159250,0.0,98.68721461187214
159500,7.199999999999999,99.9000499750125
159750,6.0,12.94254207777133
160000,0.0,23.97364419665484
160250,1.6,29.294274300932088
160500,0.0,46.95304695304695
160750,0.0,57.55395683453237
161000,0.0,64.62358427714857
161250,0.0,69.67447173043975
161500,0.0,99.85007496251875
161750,6.4,12.89198606271777
162000,0.0,23.935091277890468
162250,1.6,29.2
162500,0.0,46.9
162750,0.0,57.52
163000,0.0,64.60000000000001
163250,0.0,69.65714285714286
163500,0.0,73.45
163750,6.4,12.84137129575828
164000,0.0,23.896499238964992
164250,1.6,29.10547396528705
164500,0.0,46.846846846846844
164750,0.0,57.485988791032824
165000,0.0,64.57638425617078
165250,0.0,69.63979416809606
165500,0.0,73.4367183591796
165750,6.4,12.790697674418606
166000,0.0,23.85786802030457
166250,1.6,29.010695187165776
166500,0.0,46.7935871743487
166750,0.0,57.45192307692307
167000,0.0,64.55273698264352
167250,0.0,69.62242562929062
167500,0.0,73.42342342342343
167750,6.4,12.739965095986038
168000,0.0,23.819197562214324
168250,1.6,28.915662650602407
168500,0.0,46.74022066198596
168750,0.0,57.41780272654371
169000,0.0,64.52905811623246
169250,0.0,69.60503720663995
169500,0.0,73.41011517275913
169750,6.4,12.689173457508732
170000,0.0,23.78048780487805
170250,1.6,28.820375335120644
170500,0.0,46.68674698795181
170750,0.0,57.38362760834671
171000,0.0,64.50534759358288
171250,0.0,69.58762886597938
171500,0.0,73.39679358717434
171750,6.4,12.638322655794992
172000,0.0,23.741738688357906
172250,1.6,28.7248322147651
172500,0.0,46.63316582914573
172750,0.0,57.34939759036145
173000,0.0,64.48160535117057
173250,0.0,69.5702005730659
173500,0.0,73.38345864661655
173750,6.4,12.587412587412588
174000,0.0,23.7029501525941
174250,1.6,28.62903225806452
174500,0.0,46.579476861167
174750,0.0,57.31511254019293
175000,0.0,64.45783132530121
175250,0.0,69.55275229357798
175500,0.0,73.37011033099297
175750,6.4,12.536443148688047
176000,0.0,23.66412213740458
176250,1.6,28.532974427994617
176500,0.0,46.52567975830816
176750,0.0,57.28077232502011
177000,0.0,64.43402545210985
177250,0.0,69.53528399311531
177500,0.0,73.35674862017059
177750,6.4,12.485414235705951
178000,0.0,23.625254582484725
178250,1.6,28.4366576819407
178500,0.0,46.471774193548384
178750,0.0,57.2463768115942
179000,0.0,64.41018766756032
179250,0.0,69.51779563719862
179500,0.0,73.3433734939759
179750,6.4,12.43432574430823
180000,0.0,23.58634742740703
180250,1.6,28.34008097165992
180500,0.0,46.41775983854692
180750,0.0,57.2119258662369
181000,0.0,64.38631790744466
181250,0.0,69.50028719126938
181500,0.0,73.32998493219488
181750,6.4,12.383177570093459
182000,0.0,23.547400611620795
182250,1.6,28.243243243243242
182500,0.0,46.36363636363636
182750,0.0,57.17741935483871
183000,0.0,64.36241610738254
183250,0.0,69.48275862068965
183500,0.0,73.31658291457288
183750,6.4,12.33196960841613
184000,0.0,23.50841407445181
184250,1.6,28.146143437077132
184500,0.0,46.30940343781597
184750,0.0,57.14285714285714
185000,0.0,64.33848220282069
185250,0.0,69.4652098907418
185500,0.0,73.30316742081448
185750,6.4,12.280701754385964
186000,0.0,23.46938775510204
186250,1.6,28.04878048780488
186500,0.0,46.25506072874494
186750,0.0,57.10823909531503
187000,0.0,64.31451612903226
187250,0.0,69.44764096662831
187500,0.0,73.28973843058351
187750,6.4,12.229373902867174
188000,0.0,23.43032159264931
188250,1.6,27.951153324287652
188500,0.0,46.20060790273556
188750,0.0,57.0735650767987
189000,0.0,64.29051782111634
189250,0.0,69.43005181347151
189500,0.0,73.27629592350277
189750,6.4,12.177985948477751
190000,0.0,23.391215526046988
190250,1.6,27.853260869565215
190500,0.0,46.14604462474645
190750,0.0,57.03883495145631
191000,0.0,64.26648721399731
191250,0.0,69.41244239631337
191500,0.0,73.26283987915407
191750,6.4,12.126537785588752
192000,0.0,23.352069494123658
192250,1.6,27.755102040816325
192500,0.0,46.09137055837563
192750,0.0,57.00404858299595
193000,0.0,64.24242424242425
193250,0.0,69.39481268011527
193500,0.0,73.24937027707809
193750,6.4,12.075029308323563
194000,0.0,23.31288343558282
194250,1.6,27.656675749318797
194500,0.0,46.03658536585366
194750,0.0,56.969205834683954
195000,0.0,64.21832884097036
195250,0.0,69.37716262975778
195500,0.0,73.23588709677419
195750,6.4,12.023460410557185
196000,0.0,23.273657289002557
196250,1.6,27.55798090040928
196500,0.0,45.98168870803662
196750,0.0,56.934306569343065
197000,0.0,64.19420094403236
197250,0.0,69.3594922100404
197500,0.0,73.22239031770046
197750,6.4,11.971830985915492
198000,0.0,23.23439099283521
198250,1.6,27.459016393442624
198500,0.0,45.926680244399186
198750,0.0,56.899350649350644
199000,0.0,64.17004048582996
199250,0.0,69.3418013856813
199500,0.0,73.20887991927346
199750,6.4,11.920140927774515
200000,0.0,23.195084485407065
200250,1.6,27.359781121751027
200500,0.0,45.87155963302752
200750,0.0,56.86433793663688
201000,0.0,64.14584740040513
201250,0.0,69.32409012131716
201500,0.0,73.19535588086825
201750,6.4,11.868390129259694
202000,0.0,23.15573770491803
202250,1.6,27.26027397260274
202500,0.0,45.816326530612244
202750,0.0,56.82926829268292
203000,0.0,64.12162162162161
203250,0.0,69.30635838150289
203500,0.0,73.18181818181819
203750,6.4,11.816578483245149
204000,0.0,23.11635058944131
204250,1.6,27.160493827160494
204500,0.0,45.76098059244127
204750,0.0,56.79414157851912
205000,0.0,64.09736308316431
205250,0.0,69.2886061307114
205500,0.0,73.16826680141486
205750,6.4,11.76470588235294
206000,0.0,23.076923076923077
206250,79.60000000000001,99.9000499750125
206500,100.0,99.9000499750125
206750,100.0,99.9000499750125
207000,100.0,99.9000499750125
207250,100.0,99.9000499750125
207500,100.0,99.9000499750125
207750,100.0,99.9000499750125
208000,100.0,99.9000499750125
208250,99.6,99.9000499750125
208500,100.0,99.9000499750125
208750,100.0,99.9000499750125
209000,100.0,99.9000499750125
209250,100.0,99.9000499750125
209500,100.0,99.9000499750125
209750,100.0,99.9000499750125
210000,100.0,99.9000499750125
210250,99.6,100.0
210500,100.0,100.0
210750,100.0,100.0
211000,100.0,100.0
211250,100.0,100.0
211500,100.0,100.0
211750,100.0,100.0
212000,100.0,100.0
212250,99.6,100.0
212500,100.0,100.0
212750,100.0,100.0
213000,100.0,100.0
213250,100.0,100.0
213500,100.0,100.0
213750,100.0,100.0
214000,100.0,100.0
214250,99.6,90.86294416243655
214500,100.0,95.9731543624161
214750,100.0,97.41750358680056
215000,100.0,98.09926082365365
215250,100.0,98.49624060150376
215500,100.0,98.75604699378023
215750,100.0,98.93930465527401
216000,100.0,99.07550077041603
216250,99.6,90.35532994923858
216500,100.0,95.74944071588367
216750,100.0,97.27403156384506
217000,100.0,97.9936642027455
217250,100.0,98.4126984126984
217500,100.0,98.6869384934347
217750,100.0,98.88037713612256
218000,100.0,99.02413970210581
218250,99.6,99.05000000000001
218500,100.0,99.05000000000001
218750,100.0,99.05000000000001
219000,100.0,99.05000000000001
219250,100.0,99.05000000000001
219500,100.0,99.05000000000001
219750,100.0,99.05000000000001
220000,100.0,99.05000000000001
220250,99.6,100.0
220500,100.0,100.0
220750,100.0,100.0
221000,100.0,100.0
221250,100.0,100.0
221500,100.0,100.0
221750,100.0,100.0
222000,100.0,100.0
222250,99.6,100.0
222500,100.0,100.0
222750,100.0,100.0
223000,100.0,100.0
223250,100.0,100.0
223500,100.0,100.0
223750,100.0,100.0
224000,100.0,100.0
224250,99.6,90.86294416243655
224500,100.0,95.9731543624161
224750,100.0,97.41750358680056
225000,100.0,98.09926082365365
225250,100.0,98.49624060150376
225500,100.0,98.75604699378023
225750,100.0,98.93930465527401
226000,100.0,99.07550077041603
226250,99.6,90.35532994923858
226500,100.0,95.74944071588367
226750,100.0,97.27403156384506
227000,100.0,97.9936642027455
227250,100.0,98.4126984126984
227500,100.0,98.6869384934347
227750,100.0,98.88037713612256
228000,100.0,99.02413970210581
228250,99.6,99.05000000000001
228500,100.0,99.05000000000001
228750,100.0,99.05000000000001
229000,100.0,99.05000000000001
229250,100.0,99.05000000000001
229500,100.0,99.05000000000001
229750,100.0,99.05000000000001
230000,100.0,99.05000000000001
230250,99.6,100.0
230500,100.0,100.0
230750,100.0,100.0
231000,100.0,100.0
231250,100.0,100.0
231500,100.0,100.0
231750,100.0,100.0
232000,100.0,100.0
232250,99.6,100.0
232500,100.0,100.0
232750,100.0,100.0
233000,100.0,100.0
233250,100.0,100.0
233500,100.0,100.0
233750,100.0,100.0
234000,100.0,100.0
234250,99.6,90.86294416243655
234500,100.0,95.9731543624161
234750,100.0,97.41750358680056
235000,100.0,98.09926082365365
235250,100.0,98.49624060150376
235500,100.0,98.75604699378023
235750,100.0,98.93930465527401
236000,100.0,99.07550077041603
236250,99.6,90.35532994923858
236500,100.0,95.74944071588367
236750,100.0,97.27403156384506
237000,100.0,97.9936642027455
237250,100.0,98.4126984126984
237500,100.0,98.6869384934347
237750,100.0,98.88037713612256
238000,100.0,99.02413970210581
238250,99.6,99.05000000000001
238500,100.0,99.05000000000001
238750,100.0,99.05000000000001
239000,100.0,99.05000000000001
239250,100.0,99.05000000000001
239500,100.0,99.05000000000001
239750,100.0,99.05000000000001
240000,100.0,99.05000000000001
240250,99.6,100.0
240500,100.0,100.0
240750,100.0,100.0
241000,100.0,100.0
241250,100.0,100.0
241500,100.0,100.0
241750,100.0,100.0
242000,100.0,100.0
242250,99.6,100.0
242500,100.0,100.0
242750,100.0,100.0
243000,100.0,100.0
243250,100.0,100.0
243500,100.0,100.0
243750,100.0,100.0
244000,100.0,100.0
244250,99.6,90.86294416243655
244500,100.0,95.9731543624161
244750,100.0,97.41750358680056
245000,100.0,98.09926082365365
245250,100.0,98.49624060150376
245500,100.0,98.75604699378023
245750,100.0,98.93930465527401
246000,100.0,99.07550077041603
246250,99.6,90.35532994923858
246500,100.0,95.74944071588367
246750,100.0,97.27403156384506
247000,100.0,97.9936642027455
247250,100.0,98.4126984126984
247500,100.0,98.6869384934347
247750,100.0,98.88037713612256
248000,100.0,99.02413970210581
248250,99.6,99.05000000000001
248500,100.0,99.05000000000001
248750,100.0,99.05000000000001
249000,100.0,99.05000000000001
249250,100.0,99.05000000000001
249500,100.0,99.05000000000001
249750,100.0,99.05000000000001
250000,100.0,99.05000000000001
250250,99.6,100.0
250500,100.0,100.0
250750,100.0,100.0
251000,100.0,100.0
251250,100.0,100.0
251500,100.0,100.0
251750,100.0,100.0
252000,100.0,100.0
252250,99.6,100.0
252500,100.0,100.0
252750,100.0,100.0
253000,100.0,100.0
253250,100.0,100.0
253500,100.0,100.0
253750,100.0,100.0
254000,100.0,100.0
254250,99.6,90.86294416243655
254500,100.0,95.9731543624161
254750,100.0,97.41750358680056
255000,100.0,98.09926082365365
255250,100.0,98.49624060150376
255500,100.0,98.75604699378023
255750,100.0,98.93930465527401
256000,100.0,99.07550077041603
256250,99.6,90.3061224489796
256500,100.0,95.73991031390135
256750,100.0,97.27011494252874
257000,100.0,97.99154334038055
257250,100.0,98.41137123745818
257500,100.0,98.68603042876902
257750,100.0,98.87971698113208
258000,100.0,99.02363823227132
258250,29.2,90.76923076923077
258500,0.0,95.95505617977528
258750,0.0,97.41007194244604
259000,0.0,98.09523809523809
259250,0.0,98.49372384937239
259500,0.0,98.75432525951557
259750,0.0,98.93805309734513
260000,0.0,99.0745501285347
260250,8.0,90.72164948453609
260500,0.0,95.94594594594594
260750,0.0,97.40634005763688
261000,0.0,98.09322033898306
261250,0.0,98.49246231155779
261500,0.0,98.75346260387812
261750,0.0,98.93742621015348
262000,0.0,99.07407407407408
262250,8.0,90.67357512953367
262500,0.0,95.93679458239278
262750,0.0,97.40259740259741
263000,0.0,98.09119830328738
263250,0.0,98.49119865884325
263500,0.0,98.75259875259876
263750,0.0,98.93679858239811
264000,0.0,99.07359752959341
264250,8.0,90.625
264500,0.0,95.92760180995475
264750,0.0,97.39884393063583
265000,0.0,98.08917197452229
265250,0.0,98.48993288590604
265500,0.0,98.75173370319001
265750,0.0,98.93617021276596
266000,0.0,99.07312049433573
266250,8.0,90.57591623036649
266500,0.0,95.91836734693877
266750,0.0,97.39507959479016
267000,0.0,98.08714133900106
267250,0.0,98.48866498740554
267500,0.0,98.75086745315753
267750,0.0,98.93554109994086
268000,0.0,99.0726429675425
268250,8.0,90.52631578947368
268500,0.0,95.9090909090909
268750,0.0,97.3913043478261
269000,0.0,98.08510638297872
269250,0.0,98.4873949579832
269500,0.0,98.75
269750,0.0,98.93491124260355
270000,0.0,99.0721649484536
270250,8.0,90.47619047619048
270500,0.0,95.8997722095672
270750,0.0,97.38751814223512
271000,0.0,98.08306709265176
271250,0.0,98.4861227922624
271500,0.0,98.74913134120918
271750,0.0,98.93428063943162
272000,0.0,99.07168643630737
272250,8.0,90.42553191489363
272500,0.0,95.8904109589041
272750,0.0,97.38372093023256
273000,0.0,98.08102345415777
273250,0.0,98.48484848484848
273500,0.0,98.74826147426981
273750,0.0,98.93364928909952
274000,0.0,99.07120743034056
274250,8.0,90.37433155080214
274500,0.0,95.88100686498856
274750,0.0,97.37991266375546
275000,0.0,98.07897545357524
275250,0.0,98.48357203032856
275500,0.0,98.74739039665971
275750,0.0,98.9330171902786
276000,0.0,99.07072792978833
276250,8.0,90.32258064516128
276500,0.0,95.87155963302753
276750,0.0,97.37609329446065
277000,0.0,98.07692307692307
277250,0.0,98.4822934232715
277500,0.0,98.74651810584957
277750,0.0,98.93238434163702
278000,0.0,99.07024793388429
278250,8.0,90.27027027027027
278500,0.0,95.86206896551724
278750,0.0,97.37226277372262
279000,0.0,98.07486631016043
279250,0.0,98.48101265822785
279500,0.0,98.74564459930313
279750,0.0,98.93175074183976
280000,0.0,99.06976744186046
280250,8.0,90.21739130434783
280500,0.0,95.85253456221197
280750,0.0,97.36842105263158
281000,0.0,98.07280513918629
281250,0.0,98.47972972972973
281500,0.0,98.74476987447699
281750,0.0,98.93111638954869
282000,0.0,99.06928645294725
282250,8.0,90.1639344262295
282500,0.0,95.84295612009238
282750,0.0,97.36456808199122
283000,0.0,98.07073954983923
283250,0.0,98.47844463229079
283500,0.0,98.74389392882065
283750,0.0,98.93048128342245
284000,0.0,99.06880496637352
284250,8.0,90.10989010989012
284500,0.0,95.83333333333334
284750,0.0,97.36070381231671
285000,0.0,98.068669527897
285250,0.0,98.47715736040608
285500,0.0,98.74301675977654
285750,0.0,98.92984542211653
286000,0.0,99.06832298136646
286250,8.0,90.05524861878453
286500,0.0,95.82366589327145
286750,0.0,97.3568281938326
287000,0.0,98.06659505907626
287250,0.0,98.47586790855208
287500,0.0,98.74213836477988
287750,0.0,98.92920880428316
288000,0.0,99.06784049715174
288250,8.0,90.0
288500,0.0,95.81395348837209
288750,0.0,97.35294117647058
289000,0.0,98.06451612903226
289250,0.0,98.47457627118644
289500,0.0,98.74125874125875
289750,0.0,98.92857142857143
290000,0.0,99.06735751295336
290250,8.0,89.94413407821229
290500,0.0,95.8041958041958
290750,0.0,97.34904270986745
291000,0.0,98.06243272335846
291250,0.0,98.47328244274809
291500,0.0,98.74037788663401
291750,0.0,98.92793329362716
292000,0.0,99.06687402799378
292250,8.0,89.8876404494382
292500,0.0,95.7943925233645
292750,0.0,97.34513274336283
293000,0.0,98.0603448275862
293250,0.0,98.47198641765704
293500,0.0,98.73949579831933
293750,0.0,98.92729439809297
294000,0.0,99.06639004149378
294250,8.0,89.83050847457628
294500,0.0,95.78454332552693
294750,0.0,97.34121122599704
295000,0.0,98.05825242718447
295250,0.0,98.47068819031436
295500,0.0,98.73861247372109
295750,0.0,98.92665474060823
296000,0.0,99.06590555267255
296250,8.0,89.77272727272727
296500,0.0,95.77464788732394
296750,0.0,97.33727810650888
297000,0.0,98.0561555075594
297250,0.0,98.46938775510205
297500,0.0,98.73772791023842
297750,0.0,98.92601431980907
298000,0.0,99.06542056074767
298250,8.0,89.71428571428571
298500,0.0,95.76470588235294
298750,0.0,97.33333333333334
299000,0.0,98.05405405405405
299250,0.0,98.46808510638297
299500,0.0,98.73684210526315
299750,0.0,98.92537313432835
300000,0.0,99.06493506493507
300250,8.0,89.65517241379311
300500,0.0,95.75471698113208
300750,0.0,97.3293768545994
301000,0.0,98.05194805194806
301250,0.0,98.46678023850085
301500,0.0,98.73595505617978
301750,0.0,98.9247311827957
302000,0.0,99.06444906444906
302250,8.0,89.59537572254335
302500,0.0,95.74468085106383
302750,0.0,97.32540861812778
303000,0.0,98.0498374864572
303250,0.0,98.46547314578005
303500,0.0,98.73506676036541
303750,0.0,98.92408846383742
304000,0.0,99.06396255850234
304250,8.0,89.53488372093024
304500,0.0,95.73459715639811
304750,0.0,97.32142857142857
305000,0.0,98.0477223427332
305250,0.0,98.46416382252559
305500,0.0,98.73417721518987
305750,0.0,98.92344497607655
306000,0.0,99.06347554630594
