250,0.0,100.0
500,0.0,100.0
750,0.0,100.0
1000,0.0,80.0
1250,0.0,64.0
1500,0.0,53.333333333333336
1750,0.0,45.714285714285715
2000,0.0,40.0
2250,2.8000000000000003,45.662100456621005
2500,0.0,53.26231691078562
2750,0.0,63.897763578274756
3000,0.0,80.08008008008008
3250,0.0,64.05124099279423
3500,0.0,53.36891260840561
3750,0.0,45.740423098913666
4000,0.0,40.0200100050025
4250,2.8000000000000003,45.68817818389492
4500,0.0,53.297801465689545
4750,0.0,63.94884092725819
5000,0.0,80.64516129032258
5250,0.0,64.4122383252818
5500,0.0,53.61930294906166
5750,0.0,45.924225028702644
6000,0.0,40.16064257028113
6250,2.8000000000000003,40.14049172102358
6500,0.0,40.14049172102358
6750,0.0,40.14049172102358
7000,0.0,40.14049172102358
7250,19.6,40.14049172102358
7500,100.0,40.14049172102358
7750,100.0,40.14049172102358
8000,97.2,100.0
8250,99.6,100.0
8500,100.0,100.0
8750,100.0,100.0
9000,20.0,100.0
9250,0.0,100.0
9500,0.0,100.0
9750,0.0,83.50730688935282
10000,0.0,66.28003314001657
10250,99.6,66.22516556291392
10500,100.0,66.22516556291392
10750,100.0,66.22516556291392
11000,16.8,66.22516556291392
11250,2.8000000000000003,100.0
11500,0.0,100.0
11750,0.0,100.0
12000,0.0,100.0
12250,99.6,100.0
12500,100.0,100.0
12750,100.0,100.0
13000,20.0,100.0
13250,0.0,100.0
13500,0.0,100.0
13750,0.0,100.0
14000,0.0,100.0
14250,99.6,100.0
14500,100.0,100.0
14750,100.0,100.0
15000,20.0,80.0
15250,0.0,64.0
15500,0.0,53.333333333333336
15750,0.0,45.714285714285715
16000,0.0,40.0
16250,99.6,39.9800099950025
16500,100.0,39.9800099950025
16750,100.0,39.9800099950025
17000,16.8,39.9800099950025
17250,0.0,39.9800099950025
17500,0.0,39.9800099950025
17750,0.0,39.9800099950025
18000,2.8000000000000003,39.9800099950025
18250,100.0,100.0
18500,100.0,100.0
18750,100.0,100.0
19000,20.0,100.0
19250,0.0,100.0
19500,0.0,100.0
19750,0.0,100.0
20000,0.0,100.0
20250,99.6,100.0
20500,100.0,100.0
20750,100.0,100.0
21000,20.0,80.0
21250,0.0,64.0
21500,0.0,53.333333333333336
21750,0.0,45.714285714285715
22000,0.0,40.0
22250,99.6,39.9800099950025
22500,100.0,39.9800099950025
22750,100.0,39.9800099950025
23000,16.8,39.9800099950025
23250,0.0,39.9800099950025
23500,0.0,39.9800099950025
23750,0.0,39.9800099950025
24000,2.8000000000000003,39.9800099950025
24250,100.0,100.0
24500,100.0,100.0
24750,100.0,100.0
25000,20.0,100.0
25250,0.0,100.0
25500,0.0,100.0
25750,0.0,100.0
26000,0.0,100.0
26250,99.6,100.0
26500,100.0,100.0
26750,100.0,100.0
27000,20.0,80.0
27250,0.0,64.0
27500,0.0,53.333333333333336
27750,0.0,45.714285714285715
28000,0.0,40.0
28250,99.6,39.9800099950025
28500,100.0,39.9800099950025
28750,100.0,39.9800099950025
29000,16.8,39.9800099950025
29250,0.0,39.9800099950025
29500,0.0,39.9800099950025
29750,0.0,39.9800099950025
30000,2.8000000000000003,39.9800099950025
30250,100.0,100.0
30500,100.0,100.0
30750,100.0,100.0
31000,20.0,100.0
31250,0.0,100.0
31500,0.0,100.0
31750,0.0,100.0
32000,0.0,100.0
32250,99.6,100.0
32500,100.0,100.0
32750,100.0,100.0
33000,20.0,80.0
33250,0.0,64.0
33500,0.0,53.333333333333336
33750,0.0,45.714285714285715
34000,0.0,40.0
34250,99.6,39.9800099950025
34500,100.0,39.9800099950025
34750,100.0,39.9800099950025
35000,16.8,39.9800099950025
35250,0.0,39.9800099950025
35500,0.0,39.9800099950025
35750,0.0,39.9800099950025
36000,2.8000000000000003,39.9800099950025
36250,100.0,100.0
36500,100.0,100.0
36750,100.0,100.0
37000,20.0,100.0
37250,0.0,100.0
37500,0.0,100.0
37750,0.0,100.0
38000,0.0,100.0
38250,99.6,100.0
38500,100.0,100.0
38750,100.0,100.0
39000,20.0,100.0
39250,0.0,100.0
39500,0.0,100.0
39750,0.0,100.0
40000,0.0,79.28642220019822
40250,99.6,79.20792079207921
40500,100.0,79.20792079207921
40750,100.0,79.20792079207921
41000,16.8,79.20792079207921
41250,3.2,100.0
41500,0.0,100.0
41750,0.0,100.0
42000,0.0,100.0
42250,99.6,100.0
42500,100.0,100.0
42750,100.0,100.0
43000,20.0,80.08008008008008
43250,0.0,64.05124099279423
43500,0.0,53.36891260840561
43750,0.0,45.740423098913666
44000,0.0,40.0200100050025
44250,99.6,40.0
44500,100.0,40.0
44750,100.0,40.0
45000,16.8,40.0
45250,0.0,40.0
45500,0.0,40.0
45750,0.0,40.0
46000,3.2,100.0
46250,99.6,100.0
46500,100.0,100.0
46750,100.0,100.0
47000,20.0,100.0
47250,0.0,100.0
47500,0.0,100.0
47750,0.0,100.0
48000,0.0,100.0
48250,99.6,100.0
48500,100.0,100.0
48750,100.0,100.0
49000,20.0,100.0
49250,0.0,100.0
49500,0.0,100.0
49750,0.0,100.0
50000,0.0,100.0
50250,99.6,100.0
50500,100.0,100.0
50750,100.0,100.0
51000,20.0,100.0
51250,0.0,100.0
51500,0.0,100.0
51750,0.0,100.0
52000,0.0,100.0
52250,99.6,100.0
52500,100.0,100.0
52750,100.0,100.0
53000,20.4,80.2407221664995
53250,0.0,64.15396952686447
53500,0.0,53.44021376085505
53750,0.0,45.79278763594734
54000,0.0,40.060090135202806
54250,3.2,100.0
54500,0.0,100.0
54750,0.0,100.0
55000,0.0,80.32128514056225
55250,0.0,64.20545746388443
55500,0.0,53.475935828877006
55750,0.0,45.81901489117984
56000,0.0,40.08016032064128
56250,3.2,100.0
56500,0.0,100.0
56750,0.0,100.0
57000,0.0,80.40201005025126
57250,0.0,64.2570281124498
57500,0.0,53.51170568561873
57750,0.0,45.845272206303726
58000,0.0,40.100250626566414
58250,3.2,100.0
58500,0.0,100.0
58750,0.0,100.0
59000,0.0,80.48289738430584
59250,0.0,64.30868167202573
59500,0.0,53.5475234270415
59750,0.0,45.87155963302752
60000,0.0,40.12036108324975
60250,3.2,100.0
60500,0.0,100.0
60750,0.0,100.0
61000,0.0,80.56394763343404
61250,0.0,64.36041834271923
61500,0.0,53.583389149363704
61750,0.0,45.897877223178426
62000,0.0,40.14049172102358
62250,3.2,100.0
62500,0.0,100.0
62750,0.0,100.0
63000,0.0,80.64516129032258
63250,0.0,64.4122383252818
63500,0.0,53.61930294906166
63750,0.0,45.924225028702644
64000,0.0,40.16064257028113
64250,3.2,100.0
64500,0.0,100.0
64750,0.0,100.0
65000,0.0,80.72653884964683
65250,0.0,64.46414182111201
65500,0.0,53.65526492287056
65750,0.0,45.95060310166571
66000,0.0,40.18081366147664
66250,3.2,100.0
66500,0.0,100.0
66750,0.0,100.0
67000,0.0,80.8080808080808
67250,0.0,64.51612903225806
67500,0.0,53.691275167785236
67750,0.0,45.97701149425287
68000,0.0,40.20100502512563
68250,3.2,100.0
68500,0.0,100.0
68750,0.0,100.0
69000,0.0,80.88978766430738
69250,0.0,64.56820016142049
69500,0.0,53.72733378106111
69750,0.0,46.003450258769405
70000,0.0,40.221216691804926
70250,3.2,100.0
70500,0.0,100.0
70750,0.0,100.0
71000,0.0,80.97165991902834
71250,0.0,64.62035541195476
71500,0.0,53.76344086021505
71750,0.0,46.029919447640964
72000,0.0,40.24144869215292
72250,3.2,100.0
72500,0.0,100.0
72750,0.0,100.0
73000,0.0,81.05369807497466
73250,0.0,64.6725949878739
73500,0.0,53.79959650302622
73750,0.0,46.05641911341393
74000,0.0,40.261701056869654
74250,3.2,100.0
74500,0.0,100.0
74750,0.0,100.0
75000,0.0,81.13590263691684
75250,0.0,64.72491909385113
75500,0.0,53.83580080753701
75750,0.0,46.08294930875576
76000,0.0,40.28197381671702
76250,3.2,100.0
76500,0.0,100.0
76750,0.0,100.0
77000,0.0,81.21827411167513
77250,0.0,64.77732793522267
77500,0.0,53.87205387205387
77750,0.0,46.10951008645533
78000,0.0,40.302267002518896
78250,3.2,100.0
78500,0.0,100.0
78750,0.0,100.0
79000,0.0,81.30081300813008
79250,0.0,64.82982171799027
79500,0.0,53.908355795148246
79750,0.0,46.1361014994233
80000,0.0,40.32258064516129
80250,3.2,100.0
80500,0.0,100.0
80750,0.0,100.0
81000,0.0,81.38351983723297
81250,0.0,64.882400648824
81500,0.0,53.94470667565745
81750,0.0,46.16272360069244
82000,0.0,40.34291477559254
82250,3.2,100.0
82500,0.0,100.0
82750,0.0,100.0
83000,0.0,81.4663951120163
83250,0.0,64.93506493506493
83500,0.0,53.98110661268556
83750,0.0,46.18937644341801
84000,0.0,40.363269424823415
84250,3.2,100.0
84500,0.0,100.0
84750,0.0,100.0
85000,0.0,81.54943934760448
85250,0.0,64.98781478472786
85500,0.0,54.01755570560432
85750,0.0,46.21606008087811
86000,0.0,40.38364462392731
86250,3.2,100.0
86500,0.0,100.0
86750,0.0,100.0
87000,0.0,81.63265306122449
87250,0.0,65.04065040650406
87500,0.0,54.054054054054056
87750,0.0,46.24277456647399
88000,0.0,40.4040404040404
88250,3.2,100.0
88500,0.0,100.0
88750,0.0,100.0
89000,0.0,81.71603677221655
89250,0.0,65.09357200976403
89500,0.0,54.090601757944555
89750,0.0,46.26951995373048
90000,0.0,40.424456796361795
90250,3.2,100.0
90500,0.0,100.0
90750,0.0,100.0
91000,0.0,81.79959100204499
91250,0.0,65.14657980456026
91500,0.0,54.12719891745602
91750,0.0,46.2962962962963
92000,0.0,40.44489383215369
92250,3.2,100.0
92500,0.0,100.0
92750,0.0,100.0
93000,0.0,81.88331627430911
93250,0.0,65.19967400162999
93500,0.0,54.16384563303994
93750,0.0,46.323103647944414
94000,0.0,40.46535154274153
94250,3.2,100.0
94500,0.0,100.0
94750,0.0,100.0
95000,0.0,81.9672131147541
95250,0.0,65.25285481239804
95500,0.0,54.20054200542005
95750,0.0,46.349942062572424
96000,0.0,40.48582995951417
96250,3.2,100.0
96500,0.0,100.0
96750,0.0,100.0
97000,0.0,82.05128205128204
97250,0.0,65.3061224489796
97500,0.0,54.23728813559322
97750,0.0,46.3768115942029
98000,0.0,40.50632911392405
98250,3.2,100.0
98500,0.0,100.0
98750,0.0,100.0
99000,0.0,82.13552361396303
99250,0.0,65.359477124183
99500,0.0,54.27408412483039
99750,0.0,46.403712296983755
100000,0.0,40.52684903748733
100250,3.2,100.0
100500,0.0,100.0
100750,0.0,100.0
101000,0.0,82.21993833504625
101250,0.0,65.41291905151267
101500,0.0,54.31093007467753
101750,0.0,46.43064422518862
102000,0.0,40.54738976178409
102250,3.2,100.0
102500,0.0,100.0
102750,0.0,100.0
103000,0.0,82.3045267489712
103250,0.0,65.46644844517185
103500,0.0,54.347826086956516
103750,0.0,46.45760743321719
104000,0.0,40.56795131845842
104250,89.2,40.0200100050025
104500,100.0,40.0200100050025
104750,100.0,40.0200100050025
105000,27.200000000000003,40.0200100050025
105250,0.0,40.0200100050025
105500,0.0,40.0200100050025
105750,0.0,40.0200100050025
106000,0.0,40.0200100050025
106250,92.4,100.0
106500,100.0,100.0
106750,100.0,100.0
107000,30.4,82.3045267489712
107250,0.0,65.46644844517185
107500,0.0,54.347826086956516
107750,0.0,46.45760743321719
108000,0.0,40.56795131845842
108250,89.2,40.0200100050025
108500,100.0,40.0200100050025
108750,100.0,40.0200100050025
109000,27.200000000000003,40.0200100050025
109250,0.0,40.0200100050025
109500,0.0,40.0200100050025
109750,0.0,40.0200100050025
110000,0.0,40.0200100050025
110250,92.4,100.0
110500,100.0,100.0
110750,100.0,100.0
111000,30.4,82.3045267489712
111250,0.0,65.46644844517185
111500,0.0,54.347826086956516
111750,0.0,46.45760743321719
112000,0.0,40.56795131845842
112250,89.2,40.0200100050025
112500,100.0,40.0200100050025
112750,100.0,40.0200100050025
113000,27.200000000000003,40.0200100050025
113250,0.0,40.0200100050025
113500,0.0,40.0200100050025
113750,0.0,40.0200100050025
114000,0.0,40.0200100050025
114250,92.4,100.0
114500,100.0,100.0
114750,100.0,100.0
115000,30.4,82.3045267489712
115250,0.0,65.46644844517185
115500,0.0,54.347826086956516
115750,0.0,46.45760743321719
116000,0.0,40.56795131845842
116250,89.2,40.0200100050025
116500,100.0,40.0200100050025
116750,100.0,40.0200100050025
117000,27.200000000000003,40.0200100050025
117250,0.0,40.0200100050025
117500,0.0,40.0200100050025
117750,0.0,40.0200100050025
118000,0.0,40.0200100050025
118250,92.4,100.0
118500,100.0,100.0
118750,100.0,100.0
119000,30.4,82.3045267489712
119250,0.0,65.46644844517185
119500,0.0,54.347826086956516
119750,0.0,46.45760743321719
120000,0.0,40.56795131845842
120250,89.2,40.0200100050025
120500,100.0,40.0200100050025
120750,100.0,40.0200100050025
121000,27.200000000000003,40.0200100050025
121250,0.0,40.0200100050025
121500,0.0,40.0200100050025
121750,0.0,40.0200100050025
122000,0.0,40.0200100050025
122250,92.4,100.0
122500,100.0,100.0
122750,100.0,100.0
123000,30.4,82.3045267489712
123250,0.0,65.46644844517185
123500,0.0,54.347826086956516
123750,0.0,46.45760743321719
124000,0.0,40.56795131845842
124250,89.2,40.0200100050025
124500,100.0,40.0200100050025
124750,100.0,40.0200100050025
125000,27.200000000000003,40.0200100050025
125250,0.0,40.0200100050025
125500,0.0,40.0200100050025
125750,0.0,40.0200100050025
126000,0.0,40.0200100050025
126250,92.4,100.0
126500,100.0,100.0
126750,100.0,100.0
127000,30.4,82.3045267489712
127250,0.0,65.46644844517185
127500,0.0,54.347826086956516
127750,0.0,46.45760743321719
128000,0.0,40.56795131845842
128250,89.2,40.0200100050025
128500,100.0,40.0200100050025
128750,100.0,40.0200100050025
129000,27.200000000000003,40.0200100050025
129250,0.0,40.0200100050025
129500,0.0,40.0200100050025
129750,0.0,40.0200100050025
130000,0.0,40.0200100050025
130250,92.4,100.0
130500,100.0,100.0
130750,100.0,100.0
131000,30.4,82.3045267489712
131250,0.0,65.46644844517185
131500,0.0,54.347826086956516
131750,0.0,46.45760743321719
132000,0.0,40.56795131845842
132250,89.2,40.0200100050025
132500,100.0,40.0200100050025
132750,100.0,40.0200100050025
133000,27.200000000000003,40.0200100050025
133250,0.0,40.0200100050025
133500,0.0,40.0200100050025
133750,0.0,40.0200100050025
134000,0.0,40.0200100050025
134250,92.4,100.0
134500,100.0,100.0
134750,100.0,100.0
135000,30.4,82.3045267489712
135250,0.0,65.46644844517185
135500,0.0,54.347826086956516
135750,0.0,46.45760743321719
136000,0.0,40.56795131845842
136250,89.2,40.0200100050025
136500,100.0,40.0200100050025
136750,100.0,40.0200100050025
137000,27.200000000000003,40.0200100050025
137250,0.0,40.0200100050025
137500,0.0,40.0200100050025
137750,0.0,40.0200100050025
138000,0.0,40.0200100050025
138250,92.4,100.0
138500,100.0,100.0
138750,100.0,100.0
139000,30.4,82.3045267489712
139250,0.0,65.46644844517185
139500,0.0,54.347826086956516
139750,0.0,46.45760743321719
140000,0.0,40.56795131845842
140250,89.2,40.0200100050025
140500,100.0,40.0200100050025
140750,100.0,40.0200100050025
141000,27.200000000000003,40.0200100050025
141250,0.0,40.0200100050025
141500,0.0,40.0200100050025
141750,0.0,40.0200100050025
142000,0.0,40.0200100050025
142250,92.4,100.0
142500,100.0,100.0
142750,100.0,100.0
143000,30.4,82.3045267489712
143250,0.0,65.46644844517185
143500,0.0,54.347826086956516
143750,0.0,46.45760743321719
144000,0.0,40.56795131845842
144250,89.2,40.0200100050025
144500,100.0,40.0200100050025
144750,100.0,40.0200100050025
145000,27.200000000000003,40.0200100050025
145250,0.0,40.0200100050025
145500,0.0,40.0200100050025
145750,0.0,40.0200100050025
146000,0.0,40.0200100050025
146250,92.4,100.0
146500,100.0,100.0
146750,100.0,100.0
147000,30.4,82.3045267489712
147250,0.0,65.46644844517185
147500,0.0,54.347826086956516
147750,0.0,46.45760743321719
148000,0.0,40.56795131845842
148250,89.2,40.0200100050025
148500,100.0,40.0200100050025
148750,100.0,40.0200100050025
149000,27.200000000000003,40.0200100050025
149250,0.0,40.0200100050025
149500,0.0,40.0200100050025
149750,0.0,40.0200100050025
150000,0.0,40.0200100050025
150250,92.4,100.0
150500,100.0,100.0
150750,100.0,100.0
151000,30.4,82.3045267489712
151250,0.0,65.46644844517185
151500,0.0,54.347826086956516
151750,0.0,46.45760743321719
152000,0.0,40.56795131845842
152250,89.2,40.0200100050025
152500,100.0,40.0200100050025
152750,100.0,40.0200100050025
153000,27.200000000000003,40.0200100050025
153250,0.0,40.0200100050025
153500,0.0,40.0200100050025
153750,0.0,40.0200100050025
154000,0.0,40.0200100050025
154250,92.4,100.0
154500,100.0,100.0
154750,100.0,100.0
155000,30.8,82.389289392379
155250,0.0,65.52006552006551
155500,0.0,54.384772263766145
155750,0.0,46.48460197559559
156000,0.0,40.58853373921867
156250,3.2,100.0
156500,0.0,100.0
156750,0.0,100.0
157000,0.0,82.4742268041237
157250,0.0,65.57377049180327
157500,0.0,54.421768707483
157750,0.0,46.51162790697674
158000,0.0,40.609137055837564
158250,3.2,100.0
158500,0.0,100.0
158750,0.0,100.0
159000,0.0,82.55933952528379
159250,0.0,65.62756357670222
159500,0.0,54.45881552076243
159750,0.0,46.538685282140776
160000,0.0,40.62976130015236
160250,3.2,100.0
160500,0.0,100.0
160750,0.0,100.0
161000,0.0,82.64462809917356
161250,0.0,65.68144499178982
161500,0.0,54.495912806539515
161750,0.0,46.56577415599534
162000,0.0,40.65040650406504
162250,3.2,100.0
162500,0.0,100.0
162750,0.0,100.0
163000,0.0,82.7300930713547
163250,0.0,65.7354149548069
163500,0.0,54.53306066803
163750,0.0,46.592894583576005
164000,0.0,40.67107269954245
164250,3.2,100.0
164500,0.0,100.0
164750,0.0,100.0
165000,0.0,82.81573498964804
165250,0.0,65.78947368421053
165500,0.0,54.570259208731244
165750,0.0,46.620046620046615
166000,0.0,40.691759918616484
166250,3.2,100.0
166500,0.0,100.0
166750,0.0,100.0
167000,0.0,82.90155440414507
167250,0.0,65.84362139917695
167500,0.0,54.60750853242321
167750,0.0,46.647230320699705
168000,0.0,40.71246819338422
168250,3.2,100.0
168500,0.0,100.0
168750,0.0,100.0
169000,0.0,82.98755186721992
169250,0.0,65.89785831960461
169500,0.0,54.644808743169406
169750,0.0,46.67444574095683
170000,0.0,40.73319755600815
170250,3.2,100.0
170500,0.0,100.0
170750,0.0,100.0
171000,0.0,83.07372793354102
171250,0.0,65.95218466611706
171500,0.0,54.68215994531784
171750,0.0,46.70169293636894
172000,0.0,40.75394803871625
172250,3.2,100.0
172500,0.0,100.0
172750,0.0,100.0
173000,0.0,83.16008316008316
173250,0.0,66.006600660066
173500,0.0,54.719562243502054
173750,0.0,46.728971962616825
174000,0.0,40.77471967380224
174250,3.2,100.0
174500,0.0,100.0
174750,0.0,100.0
175000,0.0,83.24661810613944
175250,0.0,66.06110652353428
175500,0.0,54.757015742642025
175750,0.0,46.756282875511396
176000,0.0,40.7955124936257
176250,3.2,100.0
176500,0.0,100.0
176750,0.0,100.0
177000,0.0,83.33333333333334
177250,0.0,66.11570247933885
177500,0.0,54.794520547945204
177750,0.0,46.783625730994146
178000,0.0,40.816326530612244
178250,3.2,100.0
178500,0.0,100.0
178750,0.0,100.0
179000,0.0,83.42022940563086
179250,0.0,66.17038875103391
179500,0.0,54.83207676490747
179750,0.0,46.811000585137506
180000,0.0,40.8371618172537
180250,3.2,100.0
180500,0.0,100.0
180750,0.0,100.0
181000,0.0,83.50730688935282
181250,0.0,66.22516556291392
181500,0.0,54.86968449931413
181750,0.0,46.8384074941452
182000,0.0,40.85801838610828
182250,3.2,100.0
182500,0.0,100.0
182750,0.0,100.0
183000,0.0,83.59456635318703
183250,0.0,66.28003314001657
183500,0.0,54.90734385724091
183750,0.0,46.86584651435267
184000,0.0,40.87889626980071
184250,3.2,100.0
184500,0.0,100.0
184750,0.0,100.0
185000,0.0,83.68200836820083
185250,0.0,66.33499170812604
185500,0.0,54.94505494505495
185750,0.0,46.893317702227435
186000,0.0,40.899795501022496
186250,3.2,100.0
186500,0.0,100.0
186750,0.0,100.0
187000,0.0,83.7696335078534
187250,0.0,66.39004149377593
187500,0.0,54.98281786941581
187750,0.0,46.9208211143695
188000,0.0,40.92071611253197
188250,3.2,100.0
188500,0.0,100.0
188750,0.0,100.0
189000,0.0,83.85744234800838
189250,0.0,66.44518272425249
189500,0.0,55.02063273727648
189750,0.0,46.948356807511736
190000,0.0,40.941658137154555
190250,3.2,100.0
190500,0.0,100.0
190750,0.0,100.0
191000,0.0,83.94543546694648
191250,0.0,66.50041562759768
191500,0.0,55.058499655884376
191750,0.0,46.975924838520264
192000,0.0,40.9626216077829
192250,3.2,100.0
192500,0.0,100.0
192750,0.0,100.0
193000,0.0,84.03361344537815
193250,0.0,66.55574043261231
193500,0.0,55.09641873278237
193750,0.0,47.00352526439483
194000,0.0,40.98360655737705
194250,3.2,100.0
194500,0.0,100.0
194750,0.0,100.0
195000,0.0,84.12197686645636
195250,0.0,66.61115736885928
195500,0.0,55.13439007580979
195750,0.0,47.031158142269256
196000,0.0,41.00461301896463
196250,3.2,100.0
196500,0.0,100.0
196750,0.0,100.0
197000,0.0,84.21052631578947
197250,0.0,66.66666666666666
197500,0.0,55.172413793103445
197750,0.0,47.05882352941176
198000,0.0,41.02564102564102
198250,3.2,100.0
198500,0.0,100.0
198750,0.0,100.0
199000,0.0,84.29926238145417
199250,0.0,66.72226855713093
199500,0.0,55.21048999309869
199750,0.0,47.086521483225425
200000,0.0,41.04669061056953
200250,3.2,100.0
200500,0.0,100.0
200750,0.0,100.0
201000,0.0,84.38818565400844
201250,0.0,66.7779632721202
201500,0.0,55.24861878453039
201750,0.0,47.11425206124853
202000,0.0,41.067761806981515
202250,3.2,100.0
202500,0.0,100.0
202750,0.0,100.0
203000,0.0,84.47729672650475
203250,0.0,66.83375104427736
203500,0.0,55.286800276434
203750,0.0,47.14201532115498
204000,0.0,41.08885464817668
204250,3.2,100.0
204500,0.0,100.0
204750,0.0,100.0
205000,0.0,84.56659619450318
205250,0.0,66.88963210702342
205500,0.0,55.325034578146614
205750,0.0,47.16981132075472
206000,0.0,41.109969167523126
206250,78.8,40.0200100050025
206500,100.0,40.0200100050025
206750,100.0,40.0200100050025
207000,37.6,40.0200100050025
207250,0.0,40.0200100050025
207500,0.0,40.0200100050025
207750,0.0,40.0200100050025
208000,0.0,40.0200100050025
208250,82.0,100.0
208500,100.0,100.0
208750,100.0,100.0
209000,40.8,84.56659619450318
209250,0.0,66.88963210702342
209500,0.0,55.325034578146614
209750,0.0,47.16981132075472
210000,0.0,41.109969167523126
210250,78.8,40.0200100050025
210500,100.0,40.0200100050025
210750,100.0,40.0200100050025
211000,37.6,40.0200100050025
211250,0.0,40.0200100050025
211500,0.0,40.0200100050025
211750,0.0,40.0200100050025
212000,0.0,40.0200100050025
212250,82.0,100.0
212500,100.0,100.0
212750,100.0,100.0
213000,40.8,84.56659619450318
213250,0.0,66.88963210702342
213500,0.0,55.325034578146614
213750,0.0,47.16981132075472
214000,0.0,41.109969167523126
214250,78.8,40.0200100050025
214500,100.0,40.0200100050025
214750,100.0,40.0200100050025
215000,37.6,40.0200100050025
215250,0.0,40.0200100050025
215500,0.0,40.0200100050025
215750,0.0,40.0200100050025
216000,0.0,40.0200100050025
216250,82.0,100.0
216500,100.0,100.0
216750,100.0,100.0
217000,40.8,84.56659619450318
217250,0.0,66.88963210702342
217500,0.0,55.325034578146614
217750,0.0,47.16981132075472
218000,0.0,41.109969167523126
218250,78.8,40.0200100050025
218500,100.0,40.0200100050025
218750,100.0,40.0200100050025
219000,37.6,40.0200100050025
219250,0.0,40.0200100050025
219500,0.0,40.0200100050025
219750,0.0,40.0200100050025
220000,0.0,40.0200100050025
220250,82.0,100.0
220500,100.0,100.0
220750,100.0,100.0
221000,40.8,84.56659619450318
221250,0.0,66.88963210702342
221500,0.0,55.325034578146614
221750,0.0,47.16981132075472
222000,0.0,41.109969167523126
222250,78.8,40.0200100050025
222500,100.0,40.0200100050025
222750,100.0,40.0200100050025
223000,37.6,40.0200100050025
223250,0.0,40.0200100050025
223500,0.0,40.0200100050025
223750,0.0,40.0200100050025
224000,0.0,40.0200100050025
224250,82.0,100.0
224500,100.0,100.0
224750,100.0,100.0
225000,40.8,84.56659619450318
225250,0.0,66.88963210702342
225500,0.0,55.325034578146614
225750,0.0,47.16981132075472
226000,0.0,41.109969167523126
226250,78.8,40.0200100050025
226500,100.0,40.0200100050025
226750,100.0,40.0200100050025
227000,37.6,40.0200100050025
227250,0.0,40.0200100050025
227500,0.0,40.0200100050025
227750,0.0,40.0200100050025
228000,0.0,40.0200100050025
228250,82.0,100.0
228500,100.0,100.0
228750,100.0,100.0
229000,40.8,84.56659619450318
229250,0.0,66.88963210702342
229500,0.0,55.325034578146614
229750,0.0,47.16981132075472
230000,0.0,41.109969167523126
230250,78.8,40.0200100050025
230500,100.0,40.0200100050025
230750,100.0,40.0200100050025
231000,37.6,40.0200100050025
231250,0.0,40.0200100050025
231500,0.0,40.0200100050025
231750,0.0,40.0200100050025
232000,0.0,40.0200100050025
232250,82.0,100.0
232500,100.0,100.0
232750,100.0,100.0
233000,40.8,84.56659619450318
233250,0.0,66.88963210702342
233500,0.0,55.325034578146614
233750,0.0,47.16981132075472
234000,0.0,41.109969167523126
234250,78.8,40.0200100050025
234500,100.0,40.0200100050025
234750,100.0,40.0200100050025
235000,37.6,40.0200100050025
235250,0.0,40.0200100050025
235500,0.0,40.0200100050025
235750,0.0,40.0200100050025
236000,0.0,40.0200100050025
236250,82.0,100.0
236500,100.0,100.0
236750,100.0,100.0
237000,40.8,84.56659619450318
237250,0.0,66.88963210702342
237500,0.0,55.325034578146614
237750,0.0,47.16981132075472
238000,0.0,41.109969167523126
238250,78.8,40.0200100050025
238500,100.0,40.0200100050025
238750,100.0,40.0200100050025
239000,37.6,40.0200100050025
239250,0.0,40.0200100050025
239500,0.0,40.0200100050025
239750,0.0,40.0200100050025
240000,0.0,40.0200100050025
240250,82.0,100.0
240500,100.0,100.0
240750,100.0,100.0
241000,40.8,84.56659619450318
241250,0.0,66.88963210702342
241500,0.0,55.325034578146614
241750,0.0,47.16981132075472
242000,0.0,41.109969167523126
242250,78.8,40.0200100050025
242500,100.0,40.0200100050025
242750,100.0,40.0200100050025
243000,37.6,40.0200100050025
243250,0.0,40.0200100050025
243500,0.0,40.0200100050025
243750,0.0,40.0200100050025
244000,0.0,40.0200100050025
244250,82.0,100.0
244500,100.0,100.0
244750,100.0,100.0
245000,40.8,84.56659619450318
245250,0.0,66.88963210702342
245500,0.0,55.325034578146614
245750,0.0,47.16981132075472
246000,0.0,41.109969167523126
246250,78.8,40.0200100050025
246500,100.0,40.0200100050025
246750,100.0,40.0200100050025
247000,37.6,40.0200100050025
247250,0.0,40.0200100050025
247500,0.0,40.0200100050025
247750,0.0,40.0200100050025
248000,0.0,40.0200100050025
248250,82.0,100.0
248500,100.0,100.0
248750,100.0,100.0
249000,40.8,84.56659619450318
249250,0.0,66.88963210702342
249500,0.0,55.325034578146614
249750,0.0,47.16981132075472
250000,0.0,41.109969167523126
250250,78.8,40.0200100050025
250500,100.0,40.0200100050025
250750,100.0,40.0200100050025
251000,37.6,40.0200100050025
251250,0.0,40.0200100050025
251500,0.0,40.0200100050025
251750,0.0,40.0200100050025
252000,0.0,40.0200100050025
252250,82.0,100.0
252500,100.0,100.0
252750,100.0,100.0
253000,40.8,84.56659619450318
253250,0.0,66.88963210702342
253500,0.0,55.325034578146614
253750,0.0,47.16981132075472
254000,0.0,41.109969167523126
254250,78.8,40.0200100050025
254500,100.0,40.0200100050025
254750,100.0,40.0200100050025
255000,37.6,40.0200100050025
255250,0.0,40.0200100050025
255500,0.0,40.0200100050025
255750,0.0,40.0200100050025
256000,0.0,40.0200100050025
256250,82.0,100.0
256500,100.0,100.0
256750,100.0,100.0
257000,41.199999999999996,84.65608465608466
257250,0.0,66.94560669456067
257500,0.0,55.36332179930796
257750,0.0,47.1976401179941
258000,0.0,41.131105398457585
258250,3.2,100.0
258500,0.0,100.0
258750,0.0,100.0
259000,0.0,84.7457627118644
259250,0.0,67.00167504187606
259500,0.0,55.4016620498615
259750,0.0,47.22550177095632
260000,0.0,41.1522633744856
260250,3.2,100.0
260500,0.0,100.0
260750,0.0,100.0
261000,0.0,84.83563096500531
261250,0.0,67.05783738474435
261500,0.0,55.44005544005544
261750,0.0,47.25339633786179
262000,0.0,41.17344312918168
262250,3.2,100.0
262500,0.0,100.0
262750,0.0,100.0
263000,0.0,84.92569002123143
263250,0.0,67.11409395973155
263500,0.0,55.478502080443825
263750,0.0,47.28132387706856
264000,0.0,41.1946446961895
264250,3.2,100.0
264500,0.0,100.0
264750,0.0,100.0
265000,0.0,85.01594048884165
265250,0.0,67.17044500419816
265500,0.0,55.517002081887576
265750,0.0,47.309284447072734
266000,0.0,41.21586810922205
266250,3.2,100.0
266500,0.0,100.0
266750,0.0,100.0
267000,0.0,85.1063829787234
267250,0.0,67.22689075630252
267500,0.0,55.55555555555556
267750,0.0,47.337278106508876
268000,0.0,41.23711340206185
268250,3.2,100.0
268500,0.0,100.0
268750,0.0,100.0
269000,0.0,85.19701810436635
269250,0.0,67.2834314550042
269500,0.0,55.59416261292564
269750,0.0,47.365304914150386
270000,0.0,41.25838060856111
270250,3.2,100.0
270500,0.0,100.0
270750,0.0,100.0
271000,0.0,85.28784648187633
271250,0.0,67.34006734006735
271500,0.0,55.63282336578581
271750,0.0,47.39336492890995
272000,0.0,41.279669762641895
272250,3.2,100.0
272500,0.0,100.0
272750,0.0,100.0
273000,0.0,85.37886872998934
273250,0.0,67.39679865206402
273500,0.0,55.67153792623522
273750,0.0,47.42145820983995
274000,0.0,41.30098089829634
274250,3.2,100.0
274500,0.0,100.0
274750,0.0,100.0
275000,0.0,85.47008547008546
275250,0.0,67.45362563237775
275500,0.0,55.71030640668524
275750,0.0,47.44958481613286
276000,0.0,41.32231404958678
276250,3.2,100.0
276500,0.0,100.0
276750,0.0,100.0
277000,0.0,85.56149732620321
277250,0.0,67.51054852320675
277500,0.0,55.749128919860624
277750,0.0,47.47774480712167
278000,0.0,41.343669250645995
278250,3.2,100.0
278500,0.0,100.0
278750,0.0,100.0
279000,0.0,85.65310492505354
279250,0.0,67.56756756756756
279500,0.0,55.78800557880056
279750,0.0,47.50593824228028
280000,0.0,41.36504653567735
280250,3.2,100.0
280500,0.0,100.0
280750,0.0,100.0
281000,0.0,85.7449088960343
281250,0.0,67.6246830092984
281500,0.0,55.82693649685974
281750,0.0,47.534165181224004
282000,0.0,41.38644593895499
282250,3.2,100.0
282500,0.0,100.0
282750,0.0,100.0
283000,0.0,85.83690987124464
283250,0.0,67.68189509306261
283500,0.0,55.865921787709496
283750,0.0,47.56242568370987
284000,0.0,41.40786749482402
284250,3.2,100.0
284500,0.0,100.0
284750,0.0,100.0
285000,0.0,85.92910848549946
285250,0.0,67.73920406435224
285500,0.0,55.90496156533893
285750,0.0,47.59071980963712
286000,0.0,41.429311237700674
286250,3.2,100.0
286500,0.0,100.0
286750,0.0,100.0
287000,0.0,86.02150537634408
287250,0.0,67.79661016949152
287500,0.0,55.94405594405595
287750,0.0,47.61904761904761
288000,0.0,41.45077720207254
288250,3.2,100.0
288500,0.0,100.0
288750,0.0,100.0
289000,0.0,86.11410118406889
289250,0.0,67.85411365564038
289500,0.0,55.98320503848845
289750,0.0,47.64740917212627
290000,0.0,41.47226542249871
290250,3.2,100.0
290500,0.0,100.0
290750,0.0,100.0
291000,0.0,86.20689655172413
291250,0.0,67.91171477079796
291500,0.0,56.022408963585434
291750,0.0,47.67580452920143
292000,0.0,41.49377593360996
292250,3.2,100.0
292500,0.0,100.0
292750,0.0,100.0
293000,0.0,86.29989212513485
293250,0.0,67.96941376380629
293500,0.0,56.06166783461808
293750,0.0,47.70423375074538
294000,0.0,41.51530877010898
294250,3.2,100.0
294500,0.0,100.0
294750,0.0,100.0
295000,0.0,86.39308855291577
295250,0.0,68.02721088435374
295500,0.0,56.100981767180926
295750,0.0,47.7326968973747
296000,0.0,41.53686396677051
296250,3.2,100.0
296500,0.0,100.0
296750,0.0,100.0
297000,0.0,86.48648648648648
297250,0.0,68.08510638297872
297500,0.0,56.14035087719298
297750,0.0,47.76119402985074
298000,0.0,41.55844155844156
298250,3.2,100.0
298500,0.0,100.0
298750,0.0,100.0
299000,0.0,86.58008658008657
299250,0.0,68.14310051107326
299500,0.0,56.17977528089888
299750,0.0,47.789725209080046
300000,0.0,41.58004158004158
300250,3.2,100.0
300500,0.0,100.0
300750,0.0,100.0
301000,0.0,86.6738894907909
301250,0.0,68.20119352088662
301500,0.0,56.21925509486999
301750,0.0,47.81829049611476
302000,0.0,41.60166406656266
302250,3.2,100.0
302500,0.0,100.0
302750,0.0,100.0
303000,0.0,86.76789587852495
303250,0.0,68.25938566552901
303500,0.0,56.258790436005626
303750,0.0,47.84688995215311
304000,0.0,41.62330905306972
304250,3.2,100.0
304500,0.0,100.0
304750,0.0,100.0
305000,0.0,86.86210640608036
305250,0.0,68.31767719897523
305500,0.0,56.298381421534124
305750,0.0,47.875523638539796
306000,0.0,41.64497657470068
