250,0.0,100.0
500,0.0,100.0
750,0.0,100.0
1000,0.0,10.9
1250,0.0,28.720000000000002
1500,0.0,40.6
1750,0.0,49.08571428571429
2000,0.0,55.45
2250,3.2,49.60045662100457
2500,0.0,41.211717709720375
2750,0.0,59.904153354632584
3000,0.0,10.81081081081081
3250,0.0,28.662930344275424
3500,0.0,40.56037358238826
3750,0.0,49.056603773584904
4000,0.0,55.42771385692846
4250,3.2,49.571673329525986
4500,0.0,41.17255163224517
4750,0.0,59.95203836930456
5000,0.0,10.81081081081081
5250,0.0,28.662930344275424
5500,0.0,40.56037358238826
5750,0.0,49.056603773584904
6000,0.0,55.42771385692846
6250,3.2,43.4
6500,0.0,30.9
6750,0.0,37.5
7000,0.0,50.0
7250,56.39999999999999,62.5
7500,100.0,75.0
7750,100.0,87.5
8000,100.0,22.22222222222222
8250,99.6,66.66666666666666
8500,100.0,44.44444444444444
8750,100.0,22.22222222222222
9000,60.0,99.08256880733946
9250,0.0,99.72144846796658
9500,0.0,99.83579638752053
9750,0.0,99.88358556461002
10000,0.0,99.90917347865576
10250,99.6,99.90925589836661
10500,100.0,99.90925589836661
10750,100.0,99.90925589836661
11000,56.39999999999999,90.74410163339383
11250,0.4,66.66666666666666
11500,0.0,44.44444444444444
11750,0.0,22.22222222222222
12000,0.0,100.0
12250,99.6,77.77777777777779
12500,100.0,55.55555555555556
12750,100.0,33.33333333333333
13000,60.0,11.11111111111111
13250,0.0,88.88888888888889
13500,0.0,66.66666666666666
13750,0.0,44.44444444444444
14000,0.0,22.22222222222222
14250,99.6,66.66666666666666
14500,100.0,44.44444444444444
14750,100.0,22.22222222222222
15000,60.0,90.0
15250,0.0,99.61538461538461
15500,0.0,99.80392156862746
15750,0.0,99.86842105263159
16000,0.0,99.10891089108911
16250,99.6,99.10979228486647
16500,100.0,99.10979228486647
16750,100.0,99.10979228486647
17000,56.39999999999999,98.91196834817013
17250,3.5999999999999996,97.17741935483872
17500,0.0,98.59437751004016
17750,0.0,99.06417112299465
18000,0.0,99.09819639278558
18250,99.6,99.09909909909909
18500,100.0,99.09909909909909
18750,100.0,99.09909909909909
19000,60.0,30.0
19250,0.0,97.3076923076923
19500,0.0,98.62745098039215
19750,0.0,99.07894736842105
20000,0.0,99.10891089108911
20250,99.6,99.10979228486647
20500,100.0,99.10979228486647
20750,100.0,99.10979228486647
21000,56.39999999999999,98.91196834817013
21250,3.5999999999999996,77.77777777777779
21500,0.0,55.55555555555556
21750,0.0,33.33333333333333
22000,0.0,11.11111111111111
22250,99.6,88.88888888888889
22500,100.0,66.66666666666666
22750,100.0,44.44444444444444
23000,60.0,22.22222222222222
23250,0.0,100.0
23500,0.0,77.77777777777779
23750,0.0,55.55555555555556
24000,0.0,33.33333333333333
24250,99.6,55.55555555555556
24500,100.0,33.33333333333333
24750,100.0,11.11111111111111
25000,60.0,88.88888888888889
25250,0.0,66.66666666666666
25500,0.0,44.44444444444444
25750,0.0,22.22222222222222
26000,0.0,100.0
26250,99.6,77.77777777777779
26500,100.0,55.55555555555556
26750,100.0,33.33333333333333
27000,60.0,100.0
27250,0.0,100.0
27500,0.0,100.0
27750,0.0,100.0
28000,0.0,99.10891089108911
28250,99.6,99.10979228486647
28500,100.0,99.10979228486647
28750,100.0,99.10979228486647
29000,56.39999999999999,98.91196834817013
29250,3.5999999999999996,97.17741935483872
29500,0.0,98.59437751004016
29750,0.0,99.06417112299465
30000,0.0,98.29659318637275
30250,99.6,98.1981981981982
30500,100.0,98.1981981981982
30750,100.0,98.1981981981982
31000,60.0,30.0
31250,0.0,97.3076923076923
31500,0.0,98.62745098039215
31750,0.0,99.07894736842105
32000,0.0,99.10891089108911
32250,99.6,99.10979228486647
32500,100.0,99.10979228486647
32750,100.0,99.10979228486647
33000,56.39999999999999,98.91196834817013
33250,3.5999999999999996,77.77777777777779
33500,0.0,55.55555555555556
33750,0.0,33.33333333333333
34000,0.0,11.11111111111111
34250,99.6,88.88888888888889
34500,100.0,66.66666666666666
34750,100.0,44.44444444444444
35000,60.0,22.22222222222222
35250,0.0,100.0
35500,0.0,77.77777777777779
35750,0.0,55.55555555555556
36000,0.0,33.33333333333333
36250,99.6,55.55555555555556
36500,100.0,33.33333333333333
36750,100.0,11.11111111111111
37000,60.0,98.30508474576271
37250,0.0,33.33333333333333
37500,0.0,11.11111111111111
37750,0.0,88.88888888888889
38000,0.0,66.66666666666666
38250,99.6,22.22222222222222
38500,100.0,100.0
38750,100.0,77.77777777777779
39000,56.39999999999999,50.0
39250,0.0,98.07692307692307
39500,0.0,99.01960784313727
39750,0.0,99.3421052631579
40000,0.0,99.10891089108911
40250,99.6,99.10979228486647
40500,100.0,99.10979228486647
40750,100.0,99.10979228486647
41000,56.39999999999999,98.91196834817013
41250,3.5999999999999996,97.17741935483872
41500,0.0,98.59437751004016
41750,0.0,99.06417112299465
42000,0.0,99.09819639278558
42250,99.6,99.09909909909909
42500,100.0,99.09909909909909
42750,100.0,99.09909909909909
43000,60.0,30.0
43250,0.0,97.3076923076923
43500,0.0,98.62745098039215
43750,0.0,99.07894736842105
44000,0.0,99.10891089108911
44250,99.6,99.10979228486647
44500,100.0,99.10979228486647
44750,100.0,99.10979228486647
45000,56.39999999999999,98.91196834817013
45250,3.5999999999999996,77.77777777777779
45500,0.0,55.55555555555556
45750,0.0,33.33333333333333
46000,0.0,11.11111111111111
46250,99.6,88.88888888888889
46500,100.0,66.66666666666666
46750,100.0,44.44444444444444
47000,56.39999999999999,20.0
47250,0.0,66.66666666666666
47500,0.0,44.44444444444444
47750,0.0,22.22222222222222
48000,0.0,90.0
48250,99.6,88.88888888888889
48500,100.0,66.66666666666666
48750,100.0,44.44444444444444
49000,60.0,93.22033898305084
49250,0.0,97.82608695652173
49500,0.0,98.70550161812298
49750,0.0,99.07834101382488
50000,0.0,99.90990990990991
50250,99.6,99.9099909990999
50500,100.0,99.9099909990999
50750,100.0,99.9099909990999
51000,56.39999999999999,90.0990099009901
51250,0.4,99.35948759007206
51500,0.0,99.46631087391594
51750,0.0,99.54259576901087
52000,0.0,99.59979989994997
52250,99.6,99.6
52500,100.0,99.6
52750,100.0,99.6
53000,57.199999999999996,94.25
53250,0.0,81.75
53500,0.0,74.95
53750,0.0,87.45
54000,2.8000000000000003,99.95
54250,0.4,44.44444444444444
54500,0.0,22.22222222222222
54750,0.0,100.0
55000,0.4,99.13793103448276
55250,0.0,22.22222222222222
55500,0.0,100.0
55750,0.0,77.77777777777779
56000,0.0,55.55555555555556
56250,0.0,11.11111111111111
56500,0.0,88.88888888888889
56750,0.0,66.66666666666666
57000,0.0,97.3913043478261
57250,0.0,99.17808219178083
57500,0.0,99.51219512195122
57750,0.0,99.65317919075144
58000,0.0,99.19282511210761
58250,0.0,99.34065934065934
58500,0.0,99.44272445820434
58750,0.0,99.51742627345844
59000,3.5999999999999996,93.85964912280701
59250,0.0,98.07692307692307
59500,0.0,98.8599348534202
59750,0.0,99.18981481481481
60000,0.0,99.19210053859963
60250,0.0,99.34017595307918
60500,0.0,99.44237918215613
60750,0.0,99.51716738197425
61000,3.5999999999999996,93.80530973451327
61250,0.0,98.07162534435263
61500,0.0,98.85807504078304
61750,0.0,99.18887601390497
62000,0.0,99.19137466307278
62250,0.0,99.33969185619956
62500,0.0,99.44203347799132
62750,0.0,99.51690821256038
63000,3.5999999999999996,93.75
63250,0.0,98.06629834254143
63500,0.0,98.8562091503268
63750,0.0,99.18793503480279
64000,0.0,99.1906474820144
64250,0.0,99.33920704845815
64500,0.0,99.44168734491315
64750,0.0,99.51664876476907
65000,3.5999999999999996,93.69369369369369
65250,0.0,98.06094182825484
65500,0.0,98.8543371522095
65750,0.0,99.1869918699187
66000,0.0,99.18991899189919
66250,0.0,99.33872152828802
66500,0.0,99.4413407821229
66750,0.0,99.51638903815153
67000,3.5999999999999996,93.63636363636364
67250,0.0,98.05555555555556
67500,0.0,98.85245901639344
67750,0.0,99.18604651162791
68000,0.0,99.1891891891892
68250,0.0,99.33823529411765
68500,0.0,99.44099378881988
68750,0.0,99.51612903225806
69000,3.5999999999999996,93.57798165137615
69250,0.0,98.05013927576601
69500,0.0,98.85057471264368
69750,0.0,99.18509895227008
70000,0.0,99.18845807033362
70250,0.0,99.33774834437085
70500,0.0,99.44064636420137
70750,0.0,99.51586874663798
71000,3.5999999999999996,93.51851851851852
71250,0.0,98.04469273743017
71500,0.0,98.84868421052632
71750,0.0,99.18414918414918
72000,0.0,99.18772563176896
72250,0.0,99.33726067746687
72500,0.0,99.44029850746269
72750,0.0,99.5156081808396
73000,3.5999999999999996,93.45794392523365
73250,0.0,98.0392156862745
73500,0.0,98.84678747940691
73750,0.0,99.18319719953325
74000,0.0,99.1869918699187
74250,0.0,99.3367722918202
74500,0.0,99.43995021779713
74750,0.0,99.51534733441034
75000,3.5999999999999996,93.39622641509435
75250,0.0,98.03370786516854
75500,0.0,98.84488448844884
75750,0.0,99.1822429906542
76000,0.0,99.18625678119349
76250,0.0,99.33628318584071
76500,0.0,99.43960149439602
76750,0.0,99.51508620689656
77000,3.5999999999999996,93.33333333333333
77250,0.0,98.02816901408451
77500,0.0,98.84297520661157
77750,0.0,99.18128654970761
78000,0.0,99.18552036199095
78250,0.0,99.33579335793358
78500,0.0,99.4392523364486
78750,0.0,99.51482479784367
79000,3.5999999999999996,93.26923076923077
79250,0.0,98.0225988700565
79500,0.0,98.84105960264901
79750,0.0,99.18032786885246
80000,0.0,99.18478260869566
80250,0.0,99.33530280649926
80500,0.0,99.43890274314214
80750,0.0,99.51456310679612
81000,3.5999999999999996,93.20388349514563
81250,0.0,98.01699716713881
81500,0.0,98.8391376451078
81750,0.0,99.17936694021103
82000,0.0,99.18404351767906
82250,0.0,99.33481152993349
82500,0.0,99.43855271366189
82750,0.0,99.51430113329735
83000,3.5999999999999996,93.13725490196079
83250,0.0,98.01136363636364
83500,0.0,98.83720930232558
83750,0.0,99.17840375586854
84000,0.0,99.18330308529946
84250,0.0,99.33431952662723
84500,0.0,99.43820224719101
84750,0.0,99.51403887688986
85000,3.5999999999999996,93.06930693069307
85250,0.0,98.00569800569801
85500,0.0,98.83527454242929
85750,0.0,99.17743830787309
86000,0.0,99.1825613079019
86250,0.0,99.3338267949667
86500,0.0,99.43785134291068
86750,0.0,99.51377633711506
87000,3.5999999999999996,93.0
87250,0.0,98.0
87500,0.0,98.83333333333333
87750,0.0,99.1764705882353
88000,0.0,99.18181818181819
88250,0.0,99.33333333333333
88500,0.0,99.4375
88750,0.0,99.51351351351352
89000,3.5999999999999996,92.92929292929293
89250,0.0,97.99426934097421
89500,0.0,98.8313856427379
89750,0.0,99.17550058892816
90000,0.0,99.18107370336669
90250,0.0,99.33283914010377
90500,0.0,99.43714821763602
90750,0.0,99.51325040562466
91000,3.5999999999999996,92.85714285714286
91250,0.0,97.98850574712644
91500,0.0,98.82943143812709
91750,0.0,99.1745283018868
92000,0.0,99.18032786885246
92250,0.0,99.33234421364985
92500,0.0,99.43679599499374
92750,0.0,99.51298701298701
93000,3.5999999999999996,92.78350515463917
93250,0.0,97.98270893371757
93500,0.0,98.82747068676717
93750,0.0,99.17355371900827
94000,0.0,99.179580674567
94250,0.0,99.33184855233853
94500,0.0,99.43644333124608
94750,0.0,99.51272333513806
95000,3.5999999999999996,92.70833333333334
95250,0.0,97.97687861271676
95500,0.0,98.8255033557047
95750,0.0,99.17257683215131
96000,0.0,99.17883211678831
96250,0.0,99.33135215453194
96500,0.0,99.43609022556392
96750,0.0,99.5124593716143
97000,3.5999999999999996,92.63157894736842
97250,0.0,97.97101449275362
97500,0.0,98.82352941176471
97750,0.0,99.1715976331361
98000,0.0,99.17808219178083
98250,0.0,99.33085501858736
98500,0.0,99.43573667711598
98750,0.0,99.51219512195122
99000,3.5999999999999996,92.5531914893617
99250,0.0,97.96511627906976
99500,0.0,98.82154882154882
99750,0.0,99.17061611374407
100000,0.0,99.17733089579525
100250,0.0,99.33035714285714
100500,0.0,99.435382685069
100750,0.0,99.51193058568329
101000,3.5999999999999996,92.47311827956989
101250,0.0,97.95918367346938
101500,0.0,98.8195615514334
101750,0.0,99.16963226571768
102000,0.0,99.17657822506862
102250,0.0,99.32985852568875
102500,0.0,99.43502824858757
102750,0.0,99.51166576234401
103000,3.5999999999999996,92.3913043478261
103250,0.0,97.953216374269
103500,0.0,98.81756756756756
103750,0.0,99.1686460807601
104000,0.0,99.17582417582418
104250,89.2,99.19571045576407
104500,100.0,99.19571045576407
104750,100.0,99.19571045576407
105000,66.8,91.77837354781055
105250,3.5999999999999996,93.85964912280701
105500,0.0,98.07692307692307
105750,0.0,98.8599348534202
106000,0.0,99.18981481481481
106250,89.2,99.21436588103255
106500,100.0,99.21436588103255
106750,100.0,99.21436588103255
107000,70.39999999999999,100.0
107250,0.0,100.0
107500,0.0,100.0
107750,0.0,100.0
108000,0.0,99.17582417582418
108250,89.2,99.19571045576407
108500,100.0,99.19571045576407
108750,100.0,99.19571045576407
109000,66.8,91.77837354781055
109250,3.5999999999999996,93.85964912280701
109500,0.0,98.07692307692307
109750,0.0,98.8599348534202
110000,0.0,99.18981481481481
110250,89.2,99.21436588103255
110500,100.0,99.21436588103255
110750,100.0,99.21436588103255
111000,70.39999999999999,100.0
111250,0.0,100.0
111500,0.0,100.0
111750,0.0,100.0
112000,0.0,99.17582417582418
112250,89.2,99.19571045576407
112500,100.0,99.19571045576407
112750,100.0,99.19571045576407
113000,66.8,91.77837354781055
113250,3.5999999999999996,93.85964912280701
113500,0.0,98.07692307692307
113750,0.0,98.8599348534202
114000,0.0,99.18981481481481
114250,89.2,99.21436588103255
114500,100.0,99.21436588103255
114750,100.0,99.21436588103255
115000,70.39999999999999,100.0
115250,0.0,100.0
115500,0.0,100.0
115750,0.0,100.0
116000,0.0,99.17582417582418
116250,89.2,99.19571045576407
116500,100.0,99.19571045576407
116750,100.0,99.19571045576407
117000,66.8,91.77837354781055
117250,3.5999999999999996,93.85964912280701
117500,0.0,98.07692307692307
117750,0.0,98.8599348534202
118000,0.0,99.18981481481481
118250,89.2,99.21436588103255
118500,100.0,99.21436588103255
118750,100.0,99.21436588103255
119000,70.39999999999999,100.0
119250,0.0,100.0
119500,0.0,100.0
119750,0.0,100.0
120000,0.0,99.17582417582418
120250,89.2,99.19571045576407
120500,100.0,99.19571045576407
120750,100.0,99.19571045576407
121000,66.8,91.77837354781055
121250,3.5999999999999996,93.85964912280701
121500,0.0,98.07692307692307
121750,0.0,98.8599348534202
122000,0.0,99.18981481481481
122250,89.2,99.21436588103255
122500,100.0,99.21436588103255
122750,100.0,99.21436588103255
123000,70.39999999999999,100.0
123250,0.0,100.0
123500,0.0,100.0
123750,0.0,100.0
124000,0.0,99.17582417582418
124250,89.2,99.19571045576407
124500,100.0,99.19571045576407
124750,100.0,99.19571045576407
125000,66.8,91.77837354781055
125250,3.5999999999999996,93.85964912280701
125500,0.0,98.07692307692307
125750,0.0,98.8599348534202
126000,0.0,99.18981481481481
126250,89.2,99.21436588103255
126500,100.0,99.21436588103255
126750,100.0,99.21436588103255
127000,70.39999999999999,100.0
127250,0.0,100.0
127500,0.0,100.0
127750,0.0,100.0
128000,0.0,99.17582417582418
128250,89.2,99.19571045576407
128500,100.0,99.19571045576407
128750,100.0,99.19571045576407
129000,66.8,91.77837354781055
129250,3.5999999999999996,93.85964912280701
129500,0.0,98.07692307692307
129750,0.0,98.8599348534202
130000,0.0,99.18981481481481
130250,89.2,99.21436588103255
130500,100.0,99.21436588103255
130750,100.0,99.21436588103255
131000,70.39999999999999,100.0
131250,0.0,100.0
131500,0.0,100.0
131750,0.0,100.0
132000,0.0,99.17582417582418
132250,89.2,99.19571045576407
132500,100.0,99.19571045576407
132750,100.0,99.19571045576407
133000,66.8,91.77837354781055
133250,3.5999999999999996,93.85964912280701
133500,0.0,98.07692307692307
133750,0.0,98.8599348534202
134000,0.0,99.18981481481481
134250,89.2,99.21436588103255
134500,100.0,99.21436588103255
134750,100.0,99.21436588103255
135000,70.39999999999999,100.0
135250,0.0,100.0
135500,0.0,100.0
135750,0.0,100.0
136000,0.0,99.17582417582418
136250,89.2,99.19571045576407
136500,100.0,99.19571045576407
136750,100.0,99.19571045576407
137000,66.8,91.77837354781055
137250,3.5999999999999996,93.85964912280701
137500,0.0,98.07692307692307
137750,0.0,98.8599348534202
138000,0.0,99.18981481481481
138250,89.2,99.21436588103255
138500,100.0,99.21436588103255
138750,100.0,99.21436588103255
139000,70.39999999999999,100.0
139250,0.0,100.0
139500,0.0,100.0
139750,0.0,100.0
140000,0.0,99.17582417582418
140250,89.2,99.19571045576407
140500,100.0,99.19571045576407
140750,100.0,99.19571045576407
141000,66.8,91.77837354781055
141250,3.5999999999999996,93.85964912280701
141500,0.0,98.07692307692307
141750,0.0,98.8599348534202
142000,0.0,99.18981481481481
142250,89.2,99.21436588103255
142500,100.0,99.21436588103255
142750,100.0,99.21436588103255
143000,70.39999999999999,100.0
143250,0.0,100.0
143500,0.0,100.0
143750,0.0,100.0
144000,0.0,99.17582417582418
144250,89.2,99.19571045576407
144500,100.0,99.19571045576407
144750,100.0,99.19571045576407
145000,66.8,91.77837354781055
145250,3.5999999999999996,93.85964912280701
145500,0.0,98.07692307692307
145750,0.0,98.8599348534202
146000,0.0,99.18981481481481
146250,89.2,99.21436588103255
146500,100.0,99.21436588103255
146750,100.0,99.21436588103255
147000,70.39999999999999,100.0
147250,0.0,66.66666666666666
147500,0.0,44.44444444444444
147750,0.0,22.22222222222222
148000,0.0,100.0
148250,89.2,11.11111111111111
148500,100.0,88.88888888888889
148750,100.0,66.66666666666666
149000,66.8,92.3913043478261
149250,0.0,88.88888888888889
149500,0.0,66.66666666666666
149750,0.0,44.44444444444444
150000,0.0,22.22222222222222
150250,89.2,100.0
150500,100.0,77.77777777777779
150750,100.0,55.55555555555556
151000,66.8,91.30434782608695
151250,0.0,97.6608187134503
151500,0.0,98.64864864864865
151750,0.0,99.04988123515439
152000,0.0,99.17582417582418
152250,89.2,99.9099909990999
152500,100.0,99.9099909990999
152750,100.0,99.9099909990999
153000,66.8,92.43924392439244
153250,0.4,77.77777777777779
153500,0.0,55.55555555555556
153750,0.0,33.33333333333333
154000,0.0,11.11111111111111
154250,89.2,77.77777777777779
154500,100.0,55.55555555555556
154750,100.0,33.33333333333333
155000,67.60000000000001,100.0
155250,0.0,55.55555555555556
155500,0.0,33.33333333333333
155750,0.0,11.11111111111111
156000,0.0,88.88888888888889
156250,0.0,82.94573643410853
156500,0.0,91.33858267716536
156750,0.0,94.1952506596306
157000,0.0,91.11111111111111
157250,0.0,97.6470588235294
157500,0.0,98.64406779661017
157750,0.0,99.04761904761905
158000,0.0,99.17431192660551
158250,0.0,99.32835820895522
158500,0.0,99.43396226415095
158750,0.0,99.51086956521739
159000,3.5999999999999996,92.13483146067416
159250,0.0,97.93510324483776
159500,0.0,98.81154499151104
159750,0.0,99.16567342073897
160000,0.0,99.17355371900827
160250,0.0,99.32785660941
160500,0.0,99.43360604153555
160750,0.0,99.510603588907
161000,3.5999999999999996,92.04545454545455
161250,0.0,97.92899408284023
161500,0.0,98.80952380952381
161750,0.0,99.16467780429595
162000,0.0,99.17279411764706
162250,0.0,99.32735426008968
162500,0.0,99.43324937027708
162750,0.0,99.51033732317737
163000,3.5999999999999996,91.95402298850574
163250,0.0,97.92284866468842
163500,0.0,98.80749574105621
163750,0.0,99.1636798088411
164000,0.0,99.17203311867524
164250,0.0,99.32685115931189
164500,0.0,99.4328922495274
164750,0.0,99.5100707675558
165000,3.5999999999999996,91.86046511627907
165250,0.0,97.91666666666666
165500,0.0,98.80546075085324
165750,0.0,99.16267942583733
166000,0.0,99.17127071823204
166250,0.0,99.32634730538922
166500,0.0,99.43253467843631
166750,0.0,99.50980392156863
167000,3.5999999999999996,91.76470588235294
167250,0.0,97.91044776119404
167500,0.0,98.80341880341881
167750,0.0,99.16167664670658
168000,0.0,99.17050691244239
168250,0.0,99.32584269662922
168500,0.0,99.43217665615141
168750,0.0,99.50953678474114
169000,3.5999999999999996,91.66666666666666
169250,0.0,97.90419161676647
169500,0.0,98.8013698630137
169750,0.0,99.16067146282974
170000,0.0,99.16974169741697
170250,0.0,99.32533733133432
170500,0.0,99.43181818181817
170750,0.0,99.5092693565976
171000,3.5999999999999996,91.56626506024097
171250,0.0,97.8978978978979
171500,0.0,98.79931389365352
171750,0.0,99.15966386554622
172000,0.0,99.16897506925207
172250,0.0,99.32483120780195
172500,0.0,99.4314592545799
172750,0.0,99.50900163666121
173000,3.5999999999999996,91.46341463414635
173250,0.0,97.89156626506023
173500,0.0,98.79725085910653
173750,0.0,99.15865384615384
174000,0.0,99.16820702402957
174250,0.0,99.32432432432432
174500,0.0,99.43109987357775
174750,0.0,99.50873362445415
175000,3.5999999999999996,91.35802469135803
175250,0.0,97.88519637462235
175500,0.0,98.79518072289156
175750,0.0,99.15764139590854
176000,0.0,99.16743755781684
176250,0.0,99.32381667918858
176500,0.0,99.43074003795066
176750,0.0,99.50846531949755
177000,3.5999999999999996,91.25
177250,0.0,97.87878787878788
177500,0.0,98.79310344827587
177750,0.0,99.1566265060241
178000,0.0,99.16666666666667
178250,0.0,99.32330827067669
178500,0.0,99.43037974683544
178750,0.0,99.50819672131146
179000,3.5999999999999996,91.13924050632912
179250,0.0,97.87234042553192
179500,0.0,98.79101899827289
179750,0.0,99.1556091676719
180000,0.0,99.16589434661724
180250,0.0,99.32279909706546
180500,0.0,99.43001899936668
180750,0.0,99.50792782941498
181000,3.5999999999999996,91.02564102564102
181250,0.0,97.86585365853658
181500,0.0,98.78892733564014
181750,0.0,99.15458937198068
182000,0.0,99.16512059369202
182250,0.0,99.32228915662651
182500,0.0,99.42965779467681
182750,0.0,99.50765864332604
183000,3.5999999999999996,90.9090909090909
183250,0.0,97.85932721712538
183500,0.0,98.78682842287695
183750,0.0,99.15356711003628
184000,0.0,99.16434540389972
184250,0.0,99.32177844762623
184500,0.0,99.42929613189601
184750,0.0,99.50738916256158
185000,3.5999999999999996,90.78947368421053
185250,0.0,97.85276073619632
185500,0.0,98.78472222222221
185750,0.0,99.15254237288136
186000,0.0,99.1635687732342
186250,0.0,99.3212669683258
186500,0.0,99.42893401015228
186750,0.0,99.50711938663746
187000,3.5999999999999996,90.66666666666666
187250,0.0,97.84615384615385
187500,0.0,98.78260869565217
187750,0.0,99.15151515151514
188000,0.0,99.16279069767442
188250,0.0,99.32075471698113
188500,0.0,99.42857142857143
188750,0.0,99.5068493150685
189000,3.5999999999999996,90.54054054054053
189250,0.0,97.8395061728395
189500,0.0,98.78048780487805
189750,0.0,99.1504854368932
190000,0.0,99.16201117318437
190250,0.0,99.32024169184291
190500,0.0,99.428208386277
190750,0.0,99.50657894736842
191000,3.5999999999999996,90.41095890410958
191250,0.0,97.8328173374613
191500,0.0,98.77835951134381
191750,0.0,99.1494532199271
192000,0.0,99.16123019571296
192250,0.0,99.31972789115646
192500,0.0,99.42784488239033
192750,0.0,99.50630828304992
193000,3.5999999999999996,90.27777777777779
193250,0.0,97.82608695652173
193500,0.0,98.77622377622379
193750,0.0,99.14841849148418
194000,0.0,99.16044776119402
194250,0.0,99.31921331316188
194500,0.0,99.42748091603053
194750,0.0,99.50603732162459
195000,3.5999999999999996,90.14084507042254
195250,0.0,97.81931464174455
195500,0.0,98.77408056042032
195750,0.0,99.14738124238734
196000,0.0,99.15966386554622
196250,0.0,99.31869795609387
196500,0.0,99.42711648631445
196750,0.0,99.50576606260296
197000,3.5999999999999996,90.0
197250,0.0,97.8125
197500,0.0,98.7719298245614
197750,0.0,99.14634146341463
198000,0.0,99.1588785046729
198250,0.0,99.31818181818181
198500,0.0,99.4267515923567
198750,0.0,99.50549450549451
199000,3.5999999999999996,89.85507246376811
199250,0.0,97.80564263322884
199500,0.0,98.76977152899823
199750,0.0,99.14529914529915
200000,0.0,99.15809167446211
200250,0.0,99.31766489764973
200500,0.0,99.4263862332696
200750,0.0,99.50522264980759
201000,3.5999999999999996,89.70588235294117
201250,0.0,97.79874213836479
201500,0.0,98.76760563380282
201750,0.0,99.14425427872861
202000,0.0,99.15730337078652
202250,0.0,99.31714719271623
202500,0.0,99.42602040816327
202750,0.0,99.5049504950495
203000,3.5999999999999996,89.55223880597015
203250,0.0,97.79179810725552
203500,0.0,98.76543209876543
203750,0.0,99.14320685434517
204000,0.0,99.15651358950328
204250,0.0,99.31662870159454
204500,0.0,99.4256541161455
204750,0.0,99.50467804072647
205000,3.5999999999999996,89.39393939393939
205250,0.0,97.78481012658227
205500,0.0,98.76325088339223
205750,0.0,99.1421568627451
206000,0.0,99.15572232645403
206250,78.8,99.19571045576407
206500,100.0,99.19571045576407
206750,100.0,99.19571045576407
207000,77.2,94.10187667560321
207250,3.5999999999999996,92.04545454545455
207500,0.0,97.92899408284023
207750,0.0,98.80952380952381
208000,0.0,99.16467780429595
208250,78.8,99.21436588103255
208500,100.0,99.21436588103255
208750,100.0,99.21436588103255
209000,80.80000000000001,100.0
209250,0.0,100.0
209500,0.0,100.0
209750,0.0,100.0
210000,0.0,99.15572232645403
210250,78.8,99.19571045576407
210500,100.0,99.19571045576407
210750,100.0,99.19571045576407
211000,77.2,94.10187667560321
211250,3.5999999999999996,92.04545454545455
211500,0.0,97.92899408284023
211750,0.0,98.80952380952381
212000,0.0,99.16467780429595
212250,78.8,99.21436588103255
212500,100.0,99.21436588103255
212750,100.0,99.21436588103255
213000,80.80000000000001,100.0
213250,0.0,100.0
213500,0.0,100.0
213750,0.0,100.0
214000,0.0,99.15572232645403
214250,78.8,99.19571045576407
214500,100.0,99.19571045576407
214750,100.0,99.19571045576407
215000,77.2,94.10187667560321
215250,3.5999999999999996,92.04545454545455
215500,0.0,97.92899408284023
215750,0.0,98.80952380952381
216000,0.0,99.16467780429595
216250,78.8,99.21436588103255
216500,100.0,99.21436588103255
216750,100.0,99.21436588103255
217000,80.80000000000001,100.0
217250,0.0,100.0
217500,0.0,100.0
217750,0.0,100.0
218000,0.0,99.15572232645403
218250,78.8,99.19571045576407
218500,100.0,99.19571045576407
218750,100.0,99.19571045576407
219000,77.2,94.10187667560321
219250,3.5999999999999996,92.04545454545455
219500,0.0,97.92899408284023
219750,0.0,98.80952380952381
220000,0.0,99.16467780429595
220250,78.8,99.21436588103255
220500,100.0,99.21436588103255
220750,100.0,99.21436588103255
221000,80.80000000000001,100.0
221250,0.0,100.0
221500,0.0,100.0
221750,0.0,100.0
222000,0.0,99.15572232645403
222250,78.8,99.19571045576407
222500,100.0,99.19571045576407
222750,100.0,99.19571045576407
223000,77.2,94.10187667560321
223250,3.5999999999999996,92.04545454545455
223500,0.0,97.92899408284023
223750,0.0,98.80952380952381
224000,0.0,99.16467780429595
224250,78.8,99.21436588103255
224500,100.0,99.21436588103255
224750,100.0,99.21436588103255
225000,80.80000000000001,100.0
225250,0.0,100.0
225500,0.0,100.0
225750,0.0,100.0
226000,0.0,99.15572232645403
226250,78.8,99.19571045576407
226500,100.0,99.19571045576407
226750,100.0,99.19571045576407
227000,77.2,94.10187667560321
227250,3.5999999999999996,92.04545454545455
227500,0.0,97.92899408284023
227750,0.0,98.80952380952381
228000,0.0,99.16467780429595
228250,78.8,99.21436588103255
228500,100.0,99.21436588103255
228750,100.0,99.21436588103255
229000,80.80000000000001,100.0
229250,0.0,100.0
229500,0.0,100.0
229750,0.0,100.0
230000,0.0,99.15572232645403
230250,78.8,99.19571045576407
230500,100.0,99.19571045576407
230750,100.0,99.19571045576407
231000,77.2,94.10187667560321
231250,3.5999999999999996,92.04545454545455
231500,0.0,97.92899408284023
231750,0.0,98.80952380952381
232000,0.0,99.16467780429595
232250,78.8,99.21436588103255
232500,100.0,99.21436588103255
232750,100.0,99.21436588103255
233000,80.80000000000001,100.0
233250,0.0,100.0
233500,0.0,100.0
233750,0.0,100.0
234000,0.0,99.15572232645403
234250,78.8,99.19571045576407
234500,100.0,99.19571045576407
234750,100.0,99.19571045576407
235000,77.2,94.10187667560321
235250,3.5999999999999996,92.04545454545455
235500,0.0,97.92899408284023
235750,0.0,98.80952380952381
236000,0.0,99.16467780429595
236250,78.8,99.21436588103255
236500,100.0,99.21436588103255
236750,100.0,99.21436588103255
237000,80.80000000000001,100.0
237250,0.0,100.0
237500,0.0,100.0
237750,0.0,100.0
238000,0.0,99.15572232645403
238250,78.8,99.19571045576407
238500,100.0,99.19571045576407
238750,100.0,99.19571045576407
239000,77.2,94.10187667560321
239250,3.5999999999999996,92.04545454545455
239500,0.0,97.92899408284023
239750,0.0,98.80952380952381
240000,0.0,99.16467780429595
240250,78.8,99.21436588103255
240500,100.0,99.21436588103255
240750,100.0,99.21436588103255
241000,80.80000000000001,100.0
241250,0.0,100.0
241500,0.0,100.0
241750,0.0,100.0
242000,0.0,99.15572232645403
242250,78.8,99.19571045576407
242500,100.0,99.19571045576407
242750,100.0,99.19571045576407
243000,77.2,94.10187667560321
243250,3.5999999999999996,92.04545454545455
243500,0.0,97.92899408284023
243750,0.0,98.80952380952381
244000,0.0,99.16467780429595
244250,78.8,99.21436588103255
244500,100.0,99.21436588103255
244750,100.0,99.21436588103255
245000,80.80000000000001,100.0
245250,0.0,100.0
245500,0.0,100.0
245750,0.0,100.0
246000,0.0,99.15572232645403
246250,78.8,99.19571045576407
246500,100.0,99.19571045576407
246750,100.0,99.19571045576407
247000,77.2,94.10187667560321
247250,3.5999999999999996,92.04545454545455
247500,0.0,97.92899408284023
247750,0.0,98.80952380952381
248000,0.0,99.16467780429595
248250,78.8,99.21436588103255
248500,100.0,99.21436588103255
248750,100.0,99.21436588103255
249000,80.80000000000001,100.0
249250,0.0,100.0
249500,0.0,100.0
249750,0.0,100.0
250000,0.0,99.15572232645403
250250,78.8,99.19571045576407
250500,100.0,99.19571045576407
250750,100.0,99.19571045576407
251000,77.2,94.10187667560321
251250,3.5999999999999996,92.04545454545455
251500,0.0,97.92899408284023
251750,0.0,98.80952380952381
252000,0.0,99.16467780429595
252250,78.8,99.21436588103255
252500,100.0,99.21436588103255
252750,100.0,99.21436588103255
253000,80.80000000000001,100.0
253250,0.0,100.0
253500,0.0,100.0
253750,0.0,100.0
254000,0.0,99.15572232645403
254250,78.8,99.19571045576407
254500,100.0,99.19571045576407
254750,100.0,99.19571045576407
255000,77.2,94.10187667560321
255250,3.5999999999999996,100.0
255500,0.0,77.77777777777779
255750,0.0,55.55555555555556
256000,0.0,33.33333333333333
256250,78.8,100.0
256500,100.0,77.77777777777779
256750,100.0,55.55555555555556
257000,81.2,87.6923076923077
257250,0.0,77.77777777777779
257500,0.0,55.55555555555556
257750,0.0,33.33333333333333
258000,0.0,11.11111111111111
258250,0.0,88.88888888888889
258500,0.0,66.66666666666666
258750,0.0,44.44444444444444
259000,0.0,87.5
259250,0.0,97.45222929936305
259500,0.0,98.58156028368793
259750,0.0,99.01719901719902
260000,0.0,99.15413533834587
260250,0.0,55.55555555555556
260500,0.0,33.33333333333333
260750,0.0,11.11111111111111
261000,3.5999999999999996,98.4126984126984
261250,0.0,99.68051118210862
261500,0.0,99.82238010657194
261750,0.0,99.87699876998771
262000,0.0,99.15333960489181
262250,0.0,99.31454683929931
262500,0.0,99.42418426103646
262750,0.0,99.50358521787092
263000,3.5999999999999996,88.70967741935483
263250,0.0,97.75641025641025
263500,0.0,98.75444839857651
263750,0.0,99.13793103448276
264000,0.0,99.15254237288136
264250,0.0,99.3140243902439
264500,0.0,99.42381562099872
264750,0.0,99.50331125827815
265000,3.5999999999999996,88.52459016393442
265250,0.0,97.7491961414791
265500,0.0,98.75222816399287
265750,0.0,99.13686806411837
266000,0.0,99.15174363807728
266250,0.0,99.31350114416476
266500,0.0,99.42344650864831
266750,0.0,99.50303699613472
267000,3.5999999999999996,88.33333333333333
267250,0.0,97.74193548387096
267500,0.0,98.75
267750,0.0,99.1358024691358
268000,0.0,99.15094339622641
268250,0.0,99.31297709923665
268500,0.0,99.42307692307692
268750,0.0,99.50276243093923
269000,3.5999999999999996,88.13559322033898
269250,0.0,97.73462783171522
269500,0.0,98.74776386404294
269750,0.0,99.13473423980223
270000,0.0,99.15014164305948
270250,0.0,99.31245225362872
270500,0.0,99.42270686337396
270750,0.0,99.50248756218906
271000,3.5999999999999996,87.93103448275862
271250,0.0,97.72727272727273
271500,0.0,98.74551971326166
271750,0.0,99.13366336633663
272000,0.0,99.14933837429112
272250,0.0,99.31192660550458
272500,0.0,99.42233632862644
272750,0.0,99.50221238938053
273000,3.5999999999999996,87.71929824561403
273250,0.0,97.71986970684038
273500,0.0,98.74326750448833
273750,0.0,99.13258983890955
274000,0.0,99.14853358561967
274250,0.0,99.31140015302219
274500,0.0,99.42196531791907
274750,0.0,99.50193691200886
275000,3.5999999999999996,87.5
275250,0.0,97.7124183006536
275500,0.0,98.7410071942446
275750,0.0,99.13151364764268
276000,0.0,99.14772727272727
276250,0.0,99.31087289433384
276500,0.0,99.42159383033419
276750,0.0,99.5016611295681
277000,3.5999999999999996,87.27272727272727
277250,0.0,97.70491803278688
277500,0.0,98.73873873873875
277750,0.0,99.1304347826087
278000,0.0,99.14691943127963
278250,0.0,99.3103448275862
278500,0.0,99.42122186495178
278750,0.0,99.50138504155125
279000,3.5999999999999996,87.03703703703704
279250,0.0,97.69736842105263
279500,0.0,98.73646209386283
279750,0.0,99.12935323383084
280000,0.0,99.14611005692599
280250,0.0,99.30981595092024
280500,0.0,99.42084942084942
280750,0.0,99.50110864745011
281000,3.5999999999999996,86.79245283018868
281250,0.0,97.6897689768977
281500,0.0,98.73417721518987
281750,0.0,99.12826899128268
282000,0.0,99.14529914529915
282250,0.0,99.30928626247122
282500,0.0,99.42047649710238
282750,0.0,99.50083194675541
283000,3.5999999999999996,86.53846153846155
283250,0.0,97.68211920529801
283500,0.0,98.73188405797102
283750,0.0,99.12718204488779
284000,0.0,99.1444866920152
284250,0.0,99.30875576036865
284500,0.0,99.4201030927835
284750,0.0,99.50055493895672
285000,3.5999999999999996,86.27450980392157
285250,0.0,97.67441860465115
285500,0.0,98.72958257713249
285750,0.0,99.12609238451935
286000,0.0,99.14367269267365
286250,0.0,99.30822444273636
286500,0.0,99.41972920696325
286750,0.0,99.50027762354247
287000,3.5999999999999996,86.0
287250,0.0,97.66666666666667
287500,0.0,98.72727272727273
287750,0.0,99.125
288000,0.0,99.14285714285714
288250,0.0,99.3076923076923
288500,0.0,99.41935483870967
288750,0.0,99.5
289000,3.5999999999999996,85.71428571428571
289250,0.0,97.65886287625418
289500,0.0,98.72495446265937
289750,0.0,99.12390488110138
290000,0.0,99.14204003813155
290250,0.0,99.30715935334872
290500,0.0,99.41897998708843
290750,0.0,99.49972206781545
291000,3.5999999999999996,85.41666666666666
291250,0.0,97.6510067114094
291500,0.0,98.72262773722628
291750,0.0,99.12280701754386
292000,0.0,99.14122137404581
292250,0.0,99.30662557781201
292500,0.0,99.4186046511628
292750,0.0,99.49944382647385
293000,3.5999999999999996,85.1063829787234
293250,0.0,97.64309764309765
293500,0.0,98.72029250457038
293750,0.0,99.12170639899624
294000,0.0,99.14040114613181
294250,0.0,99.30609097918273
294500,0.0,99.41822882999354
294750,0.0,99.4991652754591
295000,3.5999999999999996,84.78260869565217
295250,0.0,97.63513513513513
295500,0.0,98.71794871794873
295750,0.0,99.12060301507537
296000,0.0,99.1395793499044
296250,0.0,99.30555555555556
296500,0.0,99.41785252263907
296750,0.0,99.49888641425389
297000,3.5999999999999996,84.44444444444444
297250,0.0,97.6271186440678
297500,0.0,98.71559633027523
297750,0.0,99.11949685534591
298000,0.0,99.13875598086125
298250,0.0,99.3050193050193
298500,0.0,99.41747572815534
298750,0.0,99.49860724233983
299000,3.5999999999999996,84.0909090909091
299250,0.0,97.61904761904762
299500,0.0,98.71323529411765
299750,0.0,99.11838790931989
300000,0.0,99.13793103448276
300250,0.0,99.30448222565687
300500,0.0,99.41709844559585
300750,0.0,99.49832775919732
301000,3.5999999999999996,83.72093023255815
301250,0.0,97.61092150170649
301500,0.0,98.71086556169429
301750,0.0,99.11727616645649
302000,0.0,99.13710450623202
302250,0.0,99.30394431554525
302500,0.0,99.41672067401166
302750,0.0,99.49804796430564
303000,3.5999999999999996,83.33333333333334
303250,0.0,97.6027397260274
303500,0.0,98.70848708487084
303750,0.0,99.11616161616162
304000,0.0,99.1362763915547
304250,0.0,99.30340557275542
304500,0.0,99.41634241245137
304750,0.0,99.49776785714286
305000,3.5999999999999996,82.92682926829268
305250,0.0,97.59450171821305
305500,0.0,98.70609981515712
305750,0.0,99.11504424778761
306000,0.0,99.13544668587896
