250,0.0,100.0
500,0.0,100.0
750,0.0,100.0
1000,0.0,100.0
1250,0.0,100.0
1500,0.0,100.0
1750,0.0,3.8285714285714283
2000,0.0,15.85
2250,6.4,14.269406392694064
2500,72.8,29.69121140142518
2750,100.0,44.53681710213777
3000,100.0,59.38242280285036
3250,100.0,74.22802850356295
3500,100.0,89.07363420427554
3750,80.4,2.8290993071593533
4000,0.0,15.085771947527748
4250,6.4,14.417531718569782
4500,80.0,29.69121140142518
4750,100.0,44.53681710213777
5000,100.0,59.38242280285036
5250,100.0,74.22802850356295
5500,100.0,89.07363420427554
5750,80.4,4.040404040404041
6000,0.0,18.89483065953654
6250,99.6,18.94299287410926
6500,100.0,10.866983372921615
6750,100.0,25.712589073634206
7000,100.0,40.558194774346795
7250,100.0,55.403800475059384
7500,100.0,70.24940617577197
7750,80.0,4.978038067349927
8000,0.0,23.2796486090776
8250,99.6,23.352855051244507
8500,100.0,13.396778916544655
8750,100.0,31.69838945827233
9000,100.0,50.0
9250,100.0,68.30161054172767
9500,100.0,12.774070543374643
9750,80.0,36.60629170638703
10000,0.0,60.43851286939943
10250,99.6,60.53384175405148
10500,100.0,60.53384175405148
10750,100.0,11.1534795042898
11000,100.0,34.9857006673022
11250,100.0,48.31730769230769
11500,100.0,8.413461538461538
11750,79.60000000000001,68.50961538461539
12000,0.0,28.60576923076923
12250,99.6,31.73076923076923
12500,100.0,28.187919463087248
12750,100.0,12.080536912751679
13000,100.0,95.9731543624161
13250,100.0,79.86577181208054
13500,100.0,63.758389261744966
13750,79.60000000000001,47.651006711409394
14000,0.0,31.543624161073826
14250,99.6,52.68456375838926
14500,100.0,98.53658536585365
14750,100.0,20.48780487804878
15000,100.0,42.4390243902439
15250,100.0,64.39024390243902
15500,100.0,86.34146341463415
15750,80.0,8.292682926829269
16000,0.0,30.24390243902439
16250,99.6,31.25
16500,100.0,4.861111111111112
16750,100.0,78.47222222222221
17000,100.0,51.724137931034484
17250,100.0,82.27848101265823
17500,100.0,89.14728682170544
17750,80.0,92.17877094972067
18000,0.0,93.88646288209607
18250,99.6,93.89179755671903
18500,100.0,93.89179755671903
18750,100.0,93.89179755671903
19000,100.0,93.89179755671903
19250,100.0,49.29577464788733
19500,100.0,1.4084507042253522
19750,80.0,53.52112676056338
20000,0.0,5.555555555555555
20250,99.6,98.8
20500,100.0,99.4
20750,100.0,99.6
21000,100.0,99.7
21250,100.0,99.76
21500,100.0,99.8
21750,80.0,99.94285714285715
22000,0.0,99.95
22250,99.6,99.95002498750625
22500,100.0,99.95002498750625
22750,100.0,99.95002498750625
23000,100.0,99.95002498750625
23250,100.0,99.95002498750625
23500,100.0,99.95002498750625
23750,52.400000000000006,90.60469765117442
24000,27.200000000000003,18.84057971014493
24250,100.0,17.543859649122805
24500,100.0,56.14035087719298
24750,100.0,94.73684210526315
25000,100.0,33.33333333333333
25250,100.0,71.9298245614035
25500,100.0,10.526315789473683
25750,80.0,49.122807017543856
26000,0.0,87.71929824561403
26250,99.6,82.35294117647058
26500,100.0,52.94117647058824
26750,100.0,23.52941176470588
27000,100.0,94.11764705882352
27250,100.0,64.70588235294117
27500,100.0,35.294117647058826
27750,80.0,5.88235294117647
28000,0.0,72.22222222222221
28250,99.6,95.19999999999999
28500,100.0,97.6
28750,100.0,98.4
29000,100.0,98.8
29250,100.0,99.03999999999999
29500,100.0,99.2
29750,80.0,99.94285714285715
30000,0.0,99.95
30250,99.6,99.95002498750625
30500,100.0,99.95002498750625
30750,100.0,99.95002498750625
31000,100.0,99.95002498750625
31250,100.0,99.95002498750625
31500,100.0,99.95002498750625
31750,73.2,95.80209895052474
32000,6.4,99.95002498750625
32250,100.0,64.70588235294117
32500,100.0,35.294117647058826
32750,100.0,5.88235294117647
33000,100.0,76.47058823529412
33250,100.0,47.05882352941176
33500,100.0,17.647058823529413
33750,80.0,88.23529411764706
34000,0.0,58.82352941176471
34250,99.6,17.647058823529413
34500,100.0,88.23529411764706
34750,100.0,58.82352941176471
35000,100.0,27.77777777777778
35250,100.0,95.1492537313433
35500,100.0,97.49034749034749
35750,80.0,98.30729166666666
36000,0.0,98.72298624754421
36250,99.6,98.72423945044162
36500,100.0,98.72423945044162
36750,100.0,98.72423945044162
37000,100.0,98.72423945044162
37250,100.0,47.05882352941176
37500,100.0,16.666666666666664
37750,80.0,94.40298507462687
38000,0.0,97.1042471042471
38250,99.6,97.10982658959537
38500,100.0,97.10982658959537
38750,100.0,58.82352941176471
39000,100.0,27.77777777777778
39250,100.0,95.1492537313433
39500,100.0,97.49034749034749
39750,80.0,98.30729166666666
40000,0.0,98.72298624754421
40250,99.6,98.72423945044162
40500,100.0,98.72423945044162
40750,100.0,98.72423945044162
41000,100.0,98.72423945044162
41250,100.0,47.05882352941176
41500,100.0,17.647058823529413
41750,80.0,88.23529411764706
42000,0.0,58.82352941176471
42250,99.6,17.647058823529413
42500,100.0,88.23529411764706
42750,100.0,58.82352941176471
43000,100.0,27.77777777777778
43250,100.0,95.1492537313433
43500,100.0,97.49034749034749
43750,80.0,98.30729166666666
44000,0.0,98.72298624754421
44250,99.6,98.82121807465619
44500,100.0,98.82121807465619
44750,100.0,98.82121807465619
45000,100.0,98.82121807465619
45250,100.0,47.05882352941176
45500,100.0,17.647058823529413
45750,80.0,88.23529411764706
46000,0.0,58.82352941176471
46250,99.6,17.647058823529413
46500,100.0,88.23529411764706
46750,100.0,58.82352941176471
47000,100.0,27.77777777777778
47250,100.0,95.1492537313433
47500,100.0,97.49034749034749
47750,79.60000000000001,98.30729166666666
48000,0.0,98.72298624754421
48250,99.6,98.72423945044162
48500,100.0,98.72423945044162
48750,100.0,98.72423945044162
49000,100.0,98.72423945044162
49250,100.0,47.05882352941176
49500,100.0,17.647058823529413
49750,80.0,88.23529411764706
50000,0.0,58.82352941176471
50250,99.6,17.647058823529413
50500,100.0,83.33333333333334
50750,100.0,98.88059701492537
51000,100.0,99.42084942084942
51250,100.0,99.609375
51500,100.0,99.70530451866405
51750,80.0,99.76340694006309
52000,0.0,99.80237154150198
52250,99.6,99.80250164581962
52500,100.0,99.80250164581962
52750,100.0,99.80250164581962
53000,100.0,99.80250164581962
53250,100.0,99.80250164581962
53500,100.0,99.80250164581962
53750,80.4,82.35294117647058
54000,0.0,52.94117647058824
54250,0.0,17.647058823529413
54500,0.0,88.23529411764706
54750,0.0,58.82352941176471
55000,0.0,29.411764705882355
55250,0.0,100.0
55500,0.0,70.58823529411765
55750,0.0,41.17647058823529
56000,0.0,11.76470588235294
56250,0.0,76.47058823529412
56500,0.0,47.05882352941176
56750,0.0,17.647058823529413
57000,0.0,88.23529411764706
57250,0.0,58.82352941176471
57500,0.0,29.411764705882355
57750,0.0,95.50561797752809
58000,0.0,97.678916827853
58250,0.0,98.4354628422425
58500,0.0,98.82005899705014
58750,0.0,99.05288082083662
59000,0.0,99.2089650626236
59250,0.0,99.03791737408037
59500,6.4,99.95002498750625
59750,0.4,94.3609022556391
60000,0.0,97.09302325581395
60250,0.0,98.04177545691905
60500,0.0,98.5236220472441
60750,0.0,98.81516587677726
61000,0.0,99.01055408970977
61250,0.0,99.03737259343148
61500,6.0,99.9000499750125
61750,0.8,94.33962264150944
62000,0.0,97.0873786407767
62250,0.0,98.0392156862745
62500,0.0,98.52216748768473
62750,0.0,98.81422924901186
63000,0.0,99.00990099009901
63250,0.0,99.03682719546742
63500,5.6000000000000005,99.85007496251875
63750,1.2,94.31818181818183
64000,0.0,97.08171206225681
64250,0.0,98.03664921465969
64500,0.0,98.5207100591716
64750,0.0,98.8132911392405
65000,0.0,99.00924702774108
65250,0.0,99.03628117913831
65500,5.2,99.80009995002499
65750,1.6,94.29657794676805
66000,0.0,97.07602339181285
66250,0.0,98.0340760157274
66500,0.0,98.5192497532083
66750,0.0,98.812351543943
67000,0.0,99.00859220092532
67250,0.0,99.03573454339194
67500,4.8,99.75012493753124
67750,2.0,94.27480916030534
68000,0.0,97.0703125
68250,0.0,98.03149606299213
68500,0.0,98.51778656126481
68750,0.0,98.81141045958796
69000,0.0,99.0079365079365
69250,0.0,99.03518728717367
69500,4.3999999999999995,99.70014992503748
69750,2.4,94.25287356321839
70000,0.0,97.06457925636008
70250,0.0,98.02890932982918
70500,0.0,98.51632047477746
70750,0.0,98.81046788263284
71000,0.0,99.00727994705493
71250,0.0,99.03463940942646
71500,4.0,99.65017491254373
71750,2.8000000000000003,94.23076923076923
72000,0.0,97.05882352941177
72250,0.0,98.02631578947368
72500,0.0,98.51485148514851
72750,0.0,98.80952380952381
73000,0.0,99.00662251655629
73250,0.0,99.0340909090909
73500,3.5999999999999996,99.60019990004997
73750,3.2,94.20849420849422
74000,0.0,97.05304518664047
74250,0.0,98.02371541501977
74500,0.0,98.51337958374629
74750,0.0,98.8085782366958
75000,0.0,99.00596421471172
75250,0.0,99.03354178510517
75500,3.2,99.55022488755623
75750,3.5999999999999996,94.18604651162791
76000,0.0,97.04724409448819
76250,0.0,98.02110817941953
76500,0.0,98.51190476190477
76750,0.0,98.80763116057234
77000,0.0,99.0053050397878
77250,0.0,99.032992036405
77500,2.8000000000000003,99.50024987506248
77750,4.0,94.16342412451361
78000,0.0,97.0414201183432
78250,0.0,98.01849405548217
78500,0.0,98.51042701092354
78750,0.0,98.80668257756562
79000,0.0,99.00464499004646
79250,0.0,99.03244166192373
79500,2.4,99.4502748625687
79750,4.3999999999999995,94.140625
80000,0.0,97.03557312252964
80250,0.0,98.01587301587301
80500,0.0,98.50894632206759
80750,0.0,98.80573248407643
81000,0.0,99.00398406374502
81250,0.0,99.03189066059225
81500,2.0,99.40029985007496
81750,4.8,94.11764705882352
82000,0.0,97.02970297029702
82250,0.0,98.01324503311258
82500,0.0,98.50746268656717
82750,0.0,98.80478087649402
83000,0.0,99.00332225913621
83250,0.0,99.03133903133903
83500,1.6,99.35032483758121
83750,5.2,94.09448818897637
84000,0.0,97.02380952380952
84250,0.0,98.0106100795756
84500,0.0,98.50597609561753
84750,0.0,98.80382775119617
85000,0.0,99.00265957446808
85250,0.0,99.03078677309009
85500,1.2,99.30034982508745
85750,5.6000000000000005,94.0711462450593
86000,0.0,97.01789264413519
86250,0.0,98.00796812749005
86500,0.0,98.50448654037886
86750,0.0,98.80287310454908
87000,0.0,99.00199600798403
87250,0.0,99.03023388476898
87500,0.8,99.2503748125937
87750,6.0,94.04761904761905
88000,0.0,97.01195219123507
88250,0.0,98.00531914893617
88500,0.0,98.50299401197606
88750,0.0,98.80191693290735
89000,0.0,99.00133155792277
89250,0.0,99.0296803652968
89500,0.4,99.20039980009994
89750,6.4,94.02390438247012
90000,0.0,97.0059880239521
90250,0.0,98.00266311584554
90500,0.0,98.5014985014985
90750,0.0,98.8009592326139
91000,0.0,99.00066622251832
91250,0.0,99.02912621359224
91500,0.0,99.1504247876062
91750,6.800000000000001,94.0
92000,0.0,97.0
92250,0.0,98.0
92500,0.0,98.5
92750,0.0,98.8
93000,0.0,99.0
93250,0.0,99.02857142857144
93500,0.0,99.15
93750,6.800000000000001,93.97590361445783
94000,0.0,96.9939879759519
94250,0.0,97.9973297730307
94500,0.0,98.49849849849849
94750,0.0,98.79903923138511
95000,0.0,98.99933288859239
95250,0.0,99.02801600914809
95500,0.0,99.1495747873937
95750,6.800000000000001,93.95161290322581
96000,0.0,96.98795180722891
96250,0.0,97.99465240641712
96500,0.0,98.49699398797596
96750,0.0,98.79807692307693
97000,0.0,98.99866488651536
97250,0.0,99.02745995423341
97500,0.0,99.14914914914915
97750,6.800000000000001,93.92712550607287
98000,0.0,96.98189134808854
98250,0.0,97.99196787148594
98500,0.0,98.49548645937813
98750,0.0,98.79711307137129
99000,0.0,98.99799599198397
99250,0.0,99.02690326273613
99500,0.0,99.14872308462694
99750,6.800000000000001,93.90243902439023
100000,0.0,96.9758064516129
100250,0.0,97.98927613941018
100500,0.0,98.49397590361446
100750,0.0,98.79614767255217
101000,0.0,98.99732620320856
101250,0.0,99.02634593356242
101500,0.0,99.14829659318637
101750,6.800000000000001,93.87755102040816
102000,0.0,96.96969696969697
102250,0.0,97.98657718120806
102500,0.0,98.49246231155779
102750,0.0,98.79518072289156
103000,0.0,98.99665551839465
103250,0.0,99.02578796561605
103500,0.0,99.14786967418546
103750,6.800000000000001,93.85245901639344
104000,0.0,96.96356275303644
104250,89.2,97.12092130518234
104500,100.0,97.12092130518234
104750,100.0,100.0
105000,100.0,100.0
105250,100.0,100.0
105500,100.0,100.0
105750,90.4,100.0
106000,0.0,100.0
106250,89.2,100.0
106500,100.0,100.0
106750,100.0,100.0
107000,100.0,100.0
107250,100.0,100.0
107500,100.0,100.0
107750,90.4,100.0
108000,0.0,100.0
108250,89.2,100.0
108500,100.0,100.0
108750,100.0,93.18181818181817
109000,100.0,96.80851063829788
109250,100.0,97.91666666666666
109500,100.0,98.4536082474227
109750,90.4,0.08196721311475409
110000,0.0,0.06802721088435373
110250,89.2,14.963259853039412
110500,100.0,31.663326653306612
110750,100.0,48.36339345357381
111000,100.0,65.06346025384101
111250,100.0,81.76352705410822
111500,100.0,98.46359385437542
111750,90.4,93.85245901639344
112000,0.0,96.96356275303644
112250,89.2,97.12092130518234
112500,100.0,97.12092130518234
112750,100.0,100.0
113000,100.0,100.0
113250,100.0,100.0
113500,100.0,100.0
113750,90.4,100.0
114000,0.0,100.0
114250,89.2,100.0
114500,100.0,100.0
114750,100.0,100.0
115000,100.0,100.0
115250,100.0,100.0
115500,100.0,100.0
115750,90.4,100.0
116000,0.0,100.0
116250,89.2,100.0
116500,100.0,100.0
116750,100.0,93.18181818181817
117000,100.0,96.80851063829788
117250,100.0,97.91666666666666
117500,100.0,98.4536082474227
117750,90.4,0.08196721311475409
118000,0.0,0.06802721088435373
118250,89.2,14.963259853039412
118500,100.0,31.663326653306612
118750,100.0,48.36339345357381
119000,100.0,65.06346025384101
119250,100.0,81.76352705410822
119500,100.0,98.46359385437542
119750,90.4,93.85245901639344
120000,0.0,96.96356275303644
120250,89.2,97.12092130518234
120500,100.0,97.12092130518234
120750,100.0,100.0
121000,100.0,100.0
121250,100.0,100.0
121500,100.0,100.0
121750,90.4,100.0
122000,0.0,100.0
122250,89.2,100.0
122500,100.0,100.0
122750,100.0,100.0
123000,100.0,100.0
123250,100.0,100.0
123500,100.0,100.0
123750,90.4,100.0
124000,0.0,100.0
124250,89.2,100.0
124500,100.0,100.0
124750,100.0,93.18181818181817
125000,100.0,96.80851063829788
125250,100.0,97.91666666666666
125500,100.0,98.4536082474227
125750,90.4,0.08196721311475409
126000,0.0,0.06802721088435373
126250,89.2,14.963259853039412
126500,100.0,31.663326653306612
126750,100.0,48.36339345357381
127000,100.0,65.06346025384101
127250,100.0,81.76352705410822
127500,100.0,98.46359385437542
127750,90.4,93.85245901639344
128000,0.0,96.96356275303644
128250,89.2,97.12092130518234
128500,100.0,97.12092130518234
128750,100.0,100.0
129000,100.0,100.0
129250,100.0,100.0
129500,100.0,100.0
129750,90.4,100.0
130000,0.0,100.0
130250,89.2,100.0
130500,100.0,100.0
130750,100.0,100.0
131000,100.0,100.0
131250,100.0,100.0
131500,100.0,100.0
131750,90.4,100.0
132000,0.0,100.0
132250,89.2,100.0
132500,100.0,100.0
132750,100.0,93.18181818181817
133000,100.0,96.80851063829788
133250,100.0,97.91666666666666
133500,100.0,98.4536082474227
133750,90.4,0.08196721311475409
134000,0.0,0.06802721088435373
134250,89.2,14.963259853039412
134500,100.0,31.663326653306612
134750,100.0,48.36339345357381
135000,100.0,65.06346025384101
135250,100.0,81.76352705410822
135500,100.0,98.46359385437542
135750,90.4,93.85245901639344
136000,0.0,96.96356275303644
136250,89.2,97.12092130518234
136500,100.0,97.12092130518234
136750,100.0,100.0
137000,100.0,100.0
137250,100.0,100.0
137500,100.0,100.0
137750,90.4,100.0
138000,0.0,100.0
138250,89.2,100.0
138500,100.0,100.0
138750,100.0,100.0
139000,100.0,100.0
139250,100.0,100.0
139500,100.0,100.0
139750,90.4,100.0
140000,0.0,100.0
140250,89.2,100.0
140500,100.0,100.0
140750,100.0,93.18181818181817
141000,100.0,96.80851063829788
141250,100.0,97.91666666666666
141500,100.0,98.4536082474227
141750,90.4,0.08196721311475409
142000,0.0,0.06802721088435373
142250,89.2,14.963259853039412
142500,100.0,31.663326653306612
142750,100.0,48.36339345357381
143000,100.0,65.06346025384101
143250,100.0,81.76352705410822
143500,100.0,98.46359385437542
143750,90.4,93.85245901639344
144000,0.0,96.96356275303644
144250,89.2,97.12092130518234
144500,100.0,97.12092130518234
144750,100.0,100.0
145000,100.0,100.0
145250,100.0,100.0
145500,100.0,100.0
145750,90.4,100.0
146000,0.0,100.0
146250,89.2,100.0
146500,100.0,100.0
146750,100.0,100.0
147000,100.0,100.0
147250,100.0,100.0
147500,100.0,100.0
147750,90.4,100.0
148000,0.0,100.0
148250,89.2,100.0
148500,100.0,100.0
148750,100.0,93.18181818181817
149000,100.0,96.80851063829788
149250,100.0,97.91666666666666
149500,100.0,98.4536082474227
149750,90.4,0.08196721311475409
150000,0.0,0.06802721088435373
150250,89.2,14.963259853039412
150500,100.0,31.663326653306612
150750,100.0,48.36339345357381
151000,100.0,65.06346025384101
151250,100.0,81.76352705410822
151500,100.0,98.46359385437542
151750,90.4,93.85245901639344
152000,0.0,96.96356275303644
152250,89.2,97.12092130518234
152500,100.0,97.12092130518234
152750,100.0,100.0
153000,100.0,100.0
153250,100.0,100.0
153500,100.0,100.0
153750,90.4,100.0
154000,0.0,100.0
154250,89.2,100.0
154500,100.0,100.0
154750,100.0,100.0
155000,100.0,100.0
155250,100.0,100.0
155500,100.0,100.0
155750,90.8,100.0
156000,0.0,100.0
156250,0.0,2.2880215343203227
156500,0.0,1.7119838872104733
156750,0.0,1.3676588897827837
157000,0.0,1.1386470194239784
157250,0.0,0.05737234652897303
157500,0.0,0.050175614651279475
157750,6.800000000000001,93.80165289256198
158000,0.0,96.95121951219512
158250,0.0,97.97843665768194
158500,0.0,98.48790322580645
158750,0.0,98.79227053140096
159000,0.0,98.9946380697051
159250,0.0,99.02411021814007
159500,0.0,99.14658634538152
159750,6.800000000000001,93.7759336099585
160000,0.0,96.94501018329939
160250,0.0,97.97570850202429
160500,0.0,98.48637739656913
160750,0.0,98.79129734085414
161000,0.0,98.99396378269618
161250,0.0,99.0235496840896
161500,0.0,99.14615770969361
161750,6.800000000000001,93.75
162000,0.0,96.93877551020408
162250,0.0,97.97297297297297
162500,0.0,98.48484848484848
162750,0.0,98.79032258064517
163000,0.0,98.99328859060402
163250,0.0,99.02298850574712
163500,0.0,99.14572864321607
163750,6.800000000000001,93.72384937238493
164000,0.0,96.93251533742331
164250,0.0,97.9702300405954
164500,0.0,98.48331648129424
164750,0.0,98.78934624697337
165000,0.0,98.9926124916051
165250,0.0,99.02242668200115
165500,0.0,99.14529914529915
165750,6.800000000000001,93.69747899159664
166000,0.0,96.92622950819673
166250,0.0,97.96747967479675
166500,0.0,98.48178137651821
166750,0.0,98.78836833602584
167000,0.0,98.99193548387096
167250,0.0,99.02186421173764
167500,0.0,99.14486921529175
167750,6.800000000000001,93.67088607594937
168000,0.0,96.91991786447639
168250,0.0,97.96472184531886
168500,0.0,98.48024316109422
168750,0.0,98.78738884397737
169000,0.0,98.99125756556826
169250,0.0,99.02130109383995
169500,0.0,99.14443885254151
169750,6.800000000000001,93.64406779661016
170000,0.0,96.91358024691358
170250,0.0,97.96195652173914
170500,0.0,98.4787018255578
170750,0.0,98.7864077669903
171000,0.0,98.99057873485869
171250,0.0,99.02073732718894
171500,0.0,99.14400805639477
171750,6.800000000000001,93.61702127659575
172000,0.0,96.90721649484536
172250,0.0,97.95918367346938
172500,0.0,98.47715736040608
172750,0.0,98.78542510121457
173000,0.0,98.98989898989899
173250,0.0,99.02017291066284
173500,0.0,99.14357682619648
173750,6.800000000000001,93.58974358974359
174000,0.0,96.900826446281
174250,0.0,97.95640326975476
174500,0.0,98.47560975609755
174750,0.0,98.78444084278767
175000,0.0,98.98921832884096
175250,0.0,99.01960784313727
175500,0.0,99.14314516129032
175750,6.800000000000001,93.56223175965665
176000,0.0,96.8944099378882
176250,0.0,97.95361527967258
176500,0.0,98.47405900305188
176750,0.0,98.78345498783455
177000,0.0,98.98853674983143
177250,0.0,99.01904212348529
177500,0.0,99.14271306101867
177750,6.800000000000001,93.53448275862068
178000,0.0,96.88796680497926
178250,0.0,97.95081967213115
178500,0.0,98.4725050916497
178750,0.0,98.78246753246754
179000,0.0,98.98785425101214
179250,0.0,99.01847575057737
179500,0.0,99.14228052472251
179750,6.800000000000001,93.5064935064935
180000,0.0,96.88149688149689
180250,0.0,97.94801641586868
180500,0.0,98.47094801223241
180750,0.0,98.78147847278636
181000,0.0,98.98717083051991
181250,0.0,99.01790872328135
181500,0.0,99.14184755174155
181750,6.800000000000001,93.47826086956522
182000,0.0,96.875
182250,0.0,97.94520547945206
182500,0.0,98.46938775510205
182750,0.0,98.78048780487805
183000,0.0,98.98648648648648
183250,0.0,99.01734104046243
183500,0.0,99.14141414141415
183750,6.800000000000001,93.44978165938865
184000,0.0,96.86847599164928
184250,0.0,97.94238683127571
184500,0.0,98.46782431052094
184750,0.0,98.77949552481692
185000,0.0,98.98580121703854
185250,0.0,99.01677270098322
185500,0.0,99.1409802930773
185750,6.800000000000001,93.42105263157895
186000,0.0,96.86192468619247
186250,0.0,97.93956043956044
186500,0.0,98.46625766871165
186750,0.0,98.7785016286645
187000,0.0,98.9851150202977
187250,0.0,99.01620370370371
187500,0.0,99.14054600606673
187750,6.800000000000001,93.3920704845815
188000,0.0,96.85534591194968
188250,0.0,97.93672627235213
188500,0.0,98.4646878198567
188750,0.0,98.77750611246944
189000,0.0,98.9844278943805
189250,0.0,99.01563404748119
189500,0.0,99.14011127971675
189750,6.800000000000001,93.36283185840708
190000,0.0,96.84873949579831
190250,0.0,97.93388429752066
190500,0.0,98.46311475409836
190750,0.0,98.77650897226754
191000,0.0,98.98373983739837
191250,0.0,99.01506373117034
191500,0.0,99.13967611336032
191750,6.800000000000001,93.33333333333333
192000,0.0,96.84210526315789
192250,0.0,97.93103448275862
192500,0.0,98.46153846153847
192750,0.0,98.77551020408163
193000,0.0,98.98305084745763
193250,0.0,99.01449275362319
193500,0.0,99.13924050632912
193750,6.800000000000001,93.30357142857143
194000,0.0,96.83544303797468
194250,0.0,97.92817679558011
194500,0.0,98.4599589322382
194750,0.0,98.77450980392157
195000,0.0,98.98236092265942
195250,0.0,99.0139211136891
195500,0.0,99.13880445795338
195750,6.800000000000001,93.27354260089686
196000,0.0,96.82875264270614
196250,0.0,97.9253112033195
196500,0.0,98.45837615621788
196750,0.0,98.77350776778414
197000,0.0,98.98167006109979
197250,0.0,99.01334881021474
197500,0.0,99.13836796756209
197750,6.800000000000001,93.24324324324324
198000,0.0,96.82203389830508
198250,0.0,97.92243767313019
198500,0.0,98.4567901234568
198750,0.0,98.77250409165302
199000,0.0,98.98097826086956
199250,0.0,99.01277584204414
199500,0.0,99.13793103448276
199750,6.800000000000001,93.21266968325791
200000,0.0,96.81528662420382
200250,0.0,97.91955617198336
200500,0.0,98.4552008238929
200750,0.0,98.77149877149877
201000,0.0,98.9802855200544
201250,0.0,99.01220220801859
201500,0.0,99.13749365804159
201750,6.800000000000001,93.18181818181817
202000,0.0,96.80851063829788
202250,0.0,97.91666666666666
202500,0.0,98.4536082474227
202750,0.0,98.77049180327869
203000,0.0,98.9795918367347
203250,0.0,99.01162790697674
203500,0.0,99.13705583756345
203750,6.800000000000001,93.15068493150685
204000,0.0,96.80170575692964
204250,0.0,97.91376912378304
204500,0.0,98.45201238390094
204750,0.0,98.76948318293684
205000,0.0,98.9788972089857
205250,0.0,99.01105293775451
205500,0.0,99.13661757237176
205750,6.800000000000001,93.11926605504587
206000,0.0,96.7948717948718
206250,78.8,97.12092130518234
206500,100.0,97.12092130518234
206750,100.0,100.0
207000,100.0,100.0
207250,100.0,100.0
207500,100.0,100.0
207750,100.0,100.0
208000,0.8,100.0
208250,78.8,100.0
208500,100.0,100.0
208750,100.0,100.0
209000,100.0,100.0
209250,100.0,100.0
209500,100.0,100.0
209750,100.0,100.0
210000,0.8,100.0
210250,78.8,100.0
210500,100.0,100.0
210750,100.0,92.26804123711341
211000,100.0,96.62162162162163
211250,100.0,97.8386167146974
211500,100.0,98.41101694915254
211750,100.0,98.74371859296483
212000,0.8,0.06925207756232687
212250,78.8,13.226452905811623
212500,100.0,29.926519706078825
212750,100.0,46.62658650634602
213000,100.0,63.326653306613224
213250,100.0,80.02672010688042
213500,100.0,96.72678690714763
213750,100.0,93.11926605504587
214000,0.8,96.7948717948718
214250,78.8,97.12092130518234
214500,100.0,97.12092130518234
214750,100.0,100.0
215000,100.0,100.0
215250,100.0,100.0
215500,100.0,100.0
215750,100.0,100.0
216000,0.8,100.0
216250,78.8,100.0
216500,100.0,100.0
216750,100.0,100.0
217000,100.0,100.0
217250,100.0,100.0
217500,100.0,100.0
217750,100.0,100.0
218000,0.8,100.0
218250,78.8,100.0
218500,100.0,100.0
218750,100.0,92.26804123711341
219000,100.0,96.62162162162163
219250,100.0,97.8386167146974
219500,100.0,98.41101694915254
219750,100.0,98.74371859296483
220000,0.8,0.06925207756232687
220250,78.8,13.226452905811623
220500,100.0,29.926519706078825
220750,100.0,46.62658650634602
221000,100.0,63.326653306613224
221250,100.0,80.02672010688042
221500,100.0,96.72678690714763
221750,100.0,93.11926605504587
222000,0.8,96.7948717948718
222250,78.8,97.12092130518234
222500,100.0,97.12092130518234
222750,100.0,100.0
223000,100.0,100.0
223250,100.0,100.0
223500,100.0,100.0
223750,100.0,100.0
224000,0.8,100.0
224250,78.8,100.0
224500,100.0,100.0
224750,100.0,100.0
225000,100.0,100.0
225250,100.0,100.0
225500,100.0,100.0
225750,100.0,100.0
226000,0.8,100.0
226250,78.8,100.0
226500,100.0,100.0
226750,100.0,92.26804123711341
227000,100.0,96.62162162162163
227250,100.0,97.8386167146974
227500,100.0,98.41101694915254
227750,100.0,98.74371859296483
228000,0.8,0.06925207756232687
228250,78.8,13.226452905811623
228500,100.0,29.926519706078825
228750,100.0,46.62658650634602
229000,100.0,63.326653306613224
229250,100.0,80.02672010688042
229500,100.0,96.72678690714763
229750,100.0,93.11926605504587
230000,0.8,96.7948717948718
230250,78.8,97.12092130518234
230500,100.0,97.12092130518234
230750,100.0,100.0
231000,100.0,100.0
231250,100.0,100.0
231500,100.0,100.0
231750,100.0,100.0
232000,0.8,100.0
232250,78.8,100.0
232500,100.0,100.0
232750,100.0,100.0
233000,100.0,100.0
233250,100.0,100.0
233500,100.0,100.0
233750,100.0,100.0
234000,0.8,100.0
234250,78.8,100.0
234500,100.0,100.0
234750,100.0,92.26804123711341
235000,100.0,96.62162162162163
235250,100.0,97.8386167146974
235500,100.0,98.41101694915254
235750,100.0,98.74371859296483
236000,0.8,0.06925207756232687
236250,78.8,13.226452905811623
236500,100.0,29.926519706078825
236750,100.0,46.62658650634602
237000,100.0,63.326653306613224
237250,100.0,80.02672010688042
237500,100.0,96.72678690714763
237750,100.0,93.11926605504587
238000,0.8,96.7948717948718
238250,78.8,97.12092130518234
238500,100.0,97.12092130518234
238750,100.0,100.0
239000,100.0,100.0
239250,100.0,100.0
239500,100.0,100.0
239750,100.0,100.0
240000,0.8,100.0
240250,78.8,100.0
240500,100.0,100.0
240750,100.0,100.0
241000,100.0,100.0
241250,100.0,100.0
241500,100.0,100.0
241750,100.0,100.0
242000,0.8,100.0
242250,78.8,100.0
242500,100.0,100.0
242750,100.0,92.26804123711341
243000,100.0,96.62162162162163
243250,100.0,97.8386167146974
243500,100.0,98.41101694915254
243750,100.0,98.74371859296483
244000,0.8,0.06925207756232687
244250,78.8,13.226452905811623
244500,100.0,29.926519706078825
244750,100.0,46.62658650634602
245000,100.0,63.326653306613224
245250,100.0,80.02672010688042
245500,100.0,96.72678690714763
245750,100.0,93.11926605504587
246000,0.8,96.7948717948718
246250,78.8,97.12092130518234
246500,100.0,97.12092130518234
246750,100.0,100.0
247000,100.0,100.0
247250,100.0,100.0
247500,100.0,100.0
247750,100.0,100.0
248000,0.8,100.0
248250,78.8,100.0
248500,100.0,100.0
248750,100.0,100.0
249000,100.0,100.0
249250,100.0,100.0
249500,100.0,100.0
249750,100.0,100.0
250000,0.8,100.0
250250,78.8,100.0
250500,100.0,100.0
250750,100.0,92.26804123711341
251000,100.0,96.62162162162163
251250,100.0,97.8386167146974
251500,100.0,98.41101694915254
251750,100.0,98.74371859296483
252000,0.8,0.06925207756232687
252250,78.8,13.226452905811623
252500,100.0,29.926519706078825
252750,100.0,46.62658650634602
253000,100.0,63.326653306613224
253250,100.0,80.02672010688042
253500,100.0,96.72678690714763
253750,100.0,93.11926605504587
254000,0.8,96.7948717948718
254250,78.8,97.12092130518234
254500,100.0,97.12092130518234
254750,100.0,100.0
255000,100.0,100.0
255250,100.0,100.0
255500,100.0,100.0
255750,100.0,100.0
256000,0.8,100.0
256250,78.8,100.0
256500,100.0,100.0
256750,100.0,100.0
257000,100.0,100.0
257250,100.0,100.0
257500,100.0,100.0
257750,100.0,100.0
258000,1.2,100.0
258250,0.0,2.3709902370990235
258500,0.0,1.7580144777662874
258750,0.0,1.3968775677896468
259000,0.0,1.1588275391956373
259250,0.0,0.05824111822947001
259500,0.0,0.05083884087442806
259750,6.800000000000001,93.05555555555556
260000,0.0,96.78111587982833
260250,0.0,97.90502793296089
260500,0.0,98.4472049689441
260750,0.0,98.76644736842105
261000,0.0,98.97680763983628
261250,0.0,99.009324009324
261500,0.0,99.1353001017294
261750,6.800000000000001,93.02325581395348
262000,0.0,96.7741935483871
262250,0.0,97.9020979020979
262500,0.0,98.44559585492227
262750,0.0,98.76543209876543
263000,0.0,98.97610921501706
263250,0.0,99.00874635568513
263500,0.0,99.13486005089058
263750,6.800000000000001,92.99065420560748
264000,0.0,96.76724137931035
264250,0.0,97.89915966386555
264500,0.0,98.44398340248964
264750,0.0,98.76441515650741
265000,0.0,98.97540983606558
265250,0.0,99.00816802800468
265500,0.0,99.13441955193483
265750,6.800000000000001,92.95774647887323
266000,0.0,96.76025917926566
266250,0.0,97.89621318373072
266500,0.0,98.4423676012461
266750,0.0,98.7633965375103
267000,0.0,98.97470950102529
267250,0.0,99.00758902510216
267500,0.0,99.13397860417727
267750,6.800000000000001,92.9245283018868
268000,0.0,96.75324675324676
268250,0.0,97.89325842696628
268500,0.0,98.44074844074844
268750,0.0,98.76237623762376
269000,0.0,98.97400820793433
269250,0.0,99.0070093457944
269500,0.0,99.13353720693169
269750,6.800000000000001,92.89099526066352
270000,0.0,96.74620390455532
270250,0.0,97.8902953586498
270500,0.0,98.43912591050989
270750,0.0,98.76135425268373
271000,0.0,98.97330595482546
271250,0.0,99.00642898889538
271500,0.0,99.13309535951046
271750,6.800000000000001,92.85714285714286
272000,0.0,96.73913043478261
272250,0.0,97.88732394366197
272500,0.0,98.4375
272750,0.0,98.7603305785124
273000,0.0,98.97260273972603
273250,0.0,99.00584795321637
273500,0.0,99.13265306122449
273750,6.800000000000001,92.82296650717703
274000,0.0,96.73202614379085
274250,0.0,97.88434414668548
274500,0.0,98.43587069864442
274750,0.0,98.75930521091811
275000,0.0,98.97189856065799
275250,0.0,99.00526623756582
275500,0.0,99.13221031138336
275750,6.800000000000001,92.78846153846155
276000,0.0,96.72489082969432
276250,0.0,97.88135593220339
276500,0.0,98.43423799582463
276750,0.0,98.75827814569537
277000,0.0,98.97119341563786
277250,0.0,99.00468384074942
277500,0.0,99.1317671092952
277750,6.800000000000001,92.7536231884058
278000,0.0,96.71772428884027
278250,0.0,97.87835926449789
278500,0.0,98.43260188087774
278750,0.0,98.75724937862469
279000,0.0,98.97048730267673
279250,0.0,99.00410076157
279500,0.0,99.13132345426673
279750,6.800000000000001,92.71844660194175
280000,0.0,96.71052631578947
280250,0.0,97.87535410764873
280500,0.0,98.43096234309623
280750,0.0,98.75621890547264
281000,0.0,98.96978021978022
281250,0.0,99.00351699882766
281500,0.0,99.13087934560328
281750,6.800000000000001,92.6829268292683
282000,0.0,96.7032967032967
282250,0.0,97.87234042553192
282500,0.0,98.42931937172776
282750,0.0,98.7551867219917
283000,0.0,98.96907216494846
283250,0.0,99.00293255131965
283500,0.0,99.1304347826087
283750,6.800000000000001,92.64705882352942
284000,0.0,96.69603524229075
284250,0.0,97.86931818181817
284500,0.0,98.42767295597484
284750,0.0,98.75415282392026
285000,0.0,98.96836313617607
285250,0.0,99.00234741784037
285500,0.0,99.12998976458547
285750,6.800000000000001,92.61083743842364
286000,0.0,96.68874172185431
286250,0.0,97.86628733997155
286500,0.0,98.42602308499475
286750,0.0,98.75311720698254
287000,0.0,98.96765313145217
287250,0.0,99.00176159718144
287500,0.0,99.12954429083462
287750,6.800000000000001,92.57425742574257
288000,0.0,96.68141592920354
288250,0.0,97.86324786324786
288500,0.0,98.42436974789915
288750,0.0,98.75207986688852
289000,0.0,98.96694214876032
289250,0.0,99.0011750881316
289500,0.0,99.12909836065575
289750,6.800000000000001,92.53731343283582
290000,0.0,96.67405764966742
290250,0.0,97.8601997146933
290500,0.0,98.42271293375394
290750,0.0,98.7510407993339
291000,0.0,98.96623018607856
291250,0.0,99.00058788947678
291500,0.0,99.128651973347
291750,6.800000000000001,92.5
292000,0.0,96.66666666666667
292250,0.0,97.85714285714285
292500,0.0,98.42105263157895
292750,0.0,98.75
293000,0.0,98.9655172413793
293250,0.0,99.11764705882354
293500,0.0,99.12820512820512
293750,6.800000000000001,92.46231155778895
294000,0.0,96.65924276169265
294250,0.0,97.85407725321889
294500,0.0,98.41938883034773
294750,0.0,98.7489574645538
295000,0.0,98.9648033126294
295250,0.0,99.11712772218952
295500,0.0,99.1277578245254
295750,6.800000000000001,92.42424242424242
296000,0.0,96.65178571428571
296250,0.0,97.85100286532952
296500,0.0,98.41772151898735
296750,0.0,98.74791318864776
297000,0.0,98.96408839779005
297250,0.0,99.1166077738516
297500,0.0,99.12731006160165
297750,6.800000000000001,92.38578680203045
298000,0.0,96.64429530201343
298250,0.0,97.84791965566714
298500,0.0,98.41605068637803
298750,0.0,98.74686716791979
299000,0.0,98.96337249481687
299250,0.0,99.11608721272835
299500,0.0,99.12686183872624
299750,6.800000000000001,92.3469387755102
300000,0.0,96.63677130044843
300250,0.0,97.84482758620689
300500,0.0,98.41437632135307
300750,0.0,98.7458193979933
301000,0.0,98.96265560165975
301250,0.0,99.11556603773585
301500,0.0,99.12641315519014
301750,6.800000000000001,92.3076923076923
302000,0.0,96.62921348314607
302250,0.0,97.84172661870504
302500,0.0,98.4126984126984
302750,0.0,98.74476987447699
303000,0.0,98.96193771626297
303250,0.0,99.11504424778761
303500,0.0,99.12596401028277
303750,6.800000000000001,92.26804123711341
304000,0.0,96.62162162162163
304250,0.0,97.8386167146974
304500,0.0,98.41101694915254
304750,0.0,98.74371859296483
305000,0.0,98.9612188365651
305250,0.0,99.11452184179457
305500,0.0,99.12551440329219
305750,6.800000000000001,92.2279792746114
306000,0.0,96.61399548532731
