250,0.0,100.0
500,0.0,40.6
750,0.0,60.4
1000,0.0,70.3
1250,0.0,76.24
1500,0.0,80.2
1750,0.0,83.02857142857142
2000,0.0,85.15
2250,0.8,83.162100456621
2500,0.0,40.480961923847694
2750,0.0,60.34712950600801
3000,0.0,70.27027027027027
3250,0.0,76.22097678142514
3500,0.0,80.18679119412941
3750,0.0,83.01886792452831
4000,0.0,85.14257128564282
4250,0.8,83.15248429468875
4500,0.0,40.480961923847694
4750,0.0,60.34712950600801
5000,0.0,70.27027027027027
5250,0.0,76.22097678142514
5500,0.0,80.18679119412941
5750,0.0,83.01886792452831
6000,0.0,85.14257128564282
6250,0.8,72.8
6500,0.0,60.3
6750,0.0,47.8
7000,0.0,50.0
7250,0.0,62.5
7500,0.0,75.0
7750,18.8,87.5
8000,100.0,66.66666666666666
8250,99.6,100.0
8500,20.0,99.39879759519037
8750,0.0,99.59946595460613
9000,0.0,99.69969969969969
9250,0.0,99.75980784627703
9500,0.0,99.79986657771848
9750,0.0,99.82847341337907
10000,0.0,99.84992496248124
10250,99.6,99.85000000000001
10500,18.8,89.7
10750,0.0,77.2
11000,0.0,64.7
11250,0.0,62.5
11500,0.0,75.0
11750,0.0,87.5
12000,1.2,66.66666666666666
12250,99.6,66.66666666666666
12500,20.0,100.0
12750,0.0,33.33333333333333
13000,0.0,66.66666666666666
13250,0.0,100.0
13500,0.0,33.33333333333333
13750,0.0,66.66666666666666
14000,0.0,100.0
14250,99.6,33.33333333333333
14500,20.0,66.66666666666666
14750,0.0,100.0
15000,0.0,100.0
15250,0.0,100.0
15500,0.0,99.40476190476191
15750,0.0,66.66666666666666
16000,0.0,25.0
16250,99.6,33.33333333333333
16500,20.0,66.66666666666666
16750,0.0,100.0
17000,0.0,33.33333333333333
17250,0.0,66.66666666666666
17500,0.0,100.0
17750,0.0,33.33333333333333
18000,0.0,50.0
18250,99.6,99.59677419354838
18500,20.0,99.3975903614458
18750,0.0,99.59893048128342
19000,0.0,99.6993987975952
19250,0.0,99.75961538461539
19500,0.0,99.79973297730307
19750,0.0,99.8283752860412
20000,0.0,99.84984984984985
20250,99.6,99.84992496248124
20500,18.8,89.69484742371185
20750,0.0,77.18859429714857
21000,0.0,64.68234117058529
21250,0.0,62.531265632816414
21500,0.0,75.03751875937968
21750,0.0,87.54377188594297
22000,1.2,75.0
22250,99.6,100.0
22500,20.0,99.3975903614458
22750,0.0,99.59893048128342
23000,0.0,99.6993987975952
23250,0.0,99.75961538461539
23500,0.0,99.79973297730307
23750,0.0,99.8283752860412
24000,0.0,99.84984984984985
24250,99.6,99.84992496248124
24500,18.8,89.69484742371185
24750,0.0,77.18859429714857
25000,0.0,64.68234117058529
25250,0.0,62.531265632816414
25500,0.0,75.03751875937968
25750,0.0,87.54377188594297
26000,1.2,75.0
26250,99.6,100.0
26500,20.0,99.3975903614458
26750,0.0,99.59893048128342
27000,0.0,99.79939819458376
27250,0.0,100.0
27500,0.0,33.33333333333333
27750,0.0,66.66666666666666
28000,0.0,100.0
28250,99.6,33.33333333333333
28500,20.0,66.66666666666666
28750,0.0,100.0
29000,0.0,33.33333333333333
29250,0.0,66.66666666666666
29500,0.0,100.0
29750,0.0,33.33333333333333
30000,0.0,50.0
30250,99.6,99.59677419354838
30500,20.0,99.3975903614458
30750,0.0,99.59893048128342
31000,0.0,99.6993987975952
31250,0.0,99.75961538461539
31500,0.0,99.79973297730307
31750,0.0,66.66666666666666
32000,0.0,20.0
32250,99.6,100.0
32500,18.8,99.51456310679612
32750,0.0,99.3421052631579
33000,0.0,99.57507082152975
33250,0.0,99.68619246861925
33500,0.0,99.75124378109453
33750,0.0,99.79395604395604
34000,0.0,99.82415005861665
34250,99.6,99.82425307557118
34500,18.8,87.9320445225542
34750,0.0,73.28646748681898
35000,0.0,58.64089045108377
35250,0.0,73.22788517867605
35500,0.0,87.87346221441125
35750,1.2,97.82608695652173
36000,0.0,99.66216216216216
36250,99.6,99.66329966329967
36500,20.0,100.0
36750,0.0,99.3421052631579
37000,0.0,99.57507082152975
37250,0.0,99.68619246861925
37500,0.0,99.75124378109453
37750,0.0,99.79395604395604
38000,0.0,99.82415005861665
38250,99.6,99.82425307557118
38500,18.8,87.9320445225542
38750,0.0,73.28646748681898
39000,0.0,58.64089045108377
39250,0.0,73.22788517867605
39500,0.0,87.87346221441125
39750,1.2,100.0
40000,0.0,33.33333333333333
40250,99.6,66.66666666666666
40500,20.0,99.01477832512316
40750,0.0,99.33774834437085
41000,0.0,99.57325746799431
41250,0.0,99.68520461699894
41500,0.0,99.75062344139651
41750,0.0,66.66666666666666
42000,0.0,100.0
42250,99.6,33.33333333333333
42500,20.0,66.66666666666666
42750,0.0,100.0
43000,0.0,33.33333333333333
43250,0.0,66.66666666666666
43500,0.0,100.0
43750,0.0,33.33333333333333
44000,0.0,66.66666666666666
44250,99.6,100.0
44500,20.0,33.33333333333333
44750,0.0,66.66666666666666
45000,0.0,75.0
45250,0.0,99.60629921259843
45500,0.0,99.40476190476191
45750,0.0,99.60212201591511
46000,0.0,99.5019920318725
46250,99.6,99.40298507462687
46500,18.8,79.20398009950249
46750,0.0,74.6268656716418
47000,0.0,99.50248756218906
47250,1.2,99.59677419354838
47500,0.0,99.3975903614458
47750,0.0,99.59893048128342
48000,0.0,99.6993987975952
48250,99.6,99.69969969969969
48500,18.8,79.37937937937937
48750,0.0,75.07507507507508
49000,1.2,75.0
49250,0.0,99.60629921259843
49500,0.0,99.40476190476191
49750,0.0,99.60212201591511
50000,0.0,99.7011952191235
50250,99.6,99.70149253731343
50500,18.8,79.50248756218905
50750,0.0,74.6268656716418
51000,0.0,99.50248756218906
51250,1.2,99.59677419354838
51500,0.0,99.3975903614458
51750,0.0,66.66666666666666
52000,0.0,100.0
52250,99.6,100.0
52500,20.4,100.0
52750,0.0,99.33628318584071
53000,0.0,33.33333333333333
53250,0.0,99.2094861660079
53500,0.0,99.40357852882704
53750,0.0,33.33333333333333
54000,0.0,66.66666666666666
54250,0.0,100.0
54500,0.0,99.00497512437812
54750,0.0,99.33481152993349
55000,0.0,99.57203994293866
55250,0.0,99.6845425867508
55500,0.0,99.75020815986679
55750,0.0,100.0
56000,0.0,33.33333333333333
56250,0.0,100.0
56500,0.0,99.5
56750,0.0,99.33333333333333
57000,0.0,99.57142857142857
57250,0.0,99.68421052631578
57500,0.0,99.75
57750,0.0,99.79310344827587
58000,0.0,99.82352941176471
58250,0.0,99.84615384615385
58500,1.2,99.49748743718592
58750,0.0,99.33184855233853
59000,0.0,99.57081545064378
59250,0.0,99.68387776606956
59500,0.0,99.74979149291076
59750,0.0,99.79296066252587
60000,0.0,99.82342554443791
60250,0.0,99.84607491021038
60500,1.2,99.4949494949495
60750,0.0,99.33035714285714
61000,0.0,99.5702005730659
61250,0.0,99.68354430379746
61500,0.0,99.74958263772955
61750,0.0,99.79281767955801
62000,0.0,99.82332155477032
62250,0.0,99.84599589322382
62500,1.2,99.49238578680203
62750,0.0,99.32885906040269
63000,0.0,99.56958393113344
63250,0.0,99.68321013727561
63500,0.0,99.74937343358395
63750,0.0,99.79267449896338
64000,0.0,99.82321744254567
64250,0.0,99.84591679506933
64500,1.2,99.48979591836735
64750,0.0,99.32735426008968
65000,0.0,99.56896551724138
65250,0.0,99.6828752642706
65500,0.0,99.74916387959865
65750,0.0,99.79253112033194
66000,0.0,99.82311320754717
66250,0.0,99.84583761562179
66500,1.2,99.48717948717949
66750,0.0,99.32584269662922
67000,0.0,99.568345323741
67250,0.0,99.68253968253968
67500,0.0,99.7489539748954
67750,0.0,99.79238754325259
68000,0.0,99.82300884955752
68250,0.0,99.84575835475579
68500,1.2,99.48453608247422
68750,0.0,99.32432432432432
69000,0.0,99.56772334293949
69250,0.0,99.6822033898305
69500,0.0,99.74874371859298
69750,0.0,99.79224376731301
70000,0.0,99.8229043683589
70250,0.0,99.84567901234568
70500,1.2,99.48186528497409
70750,0.0,99.32279909706546
71000,0.0,99.56709956709958
71250,0.0,99.68186638388123
71500,0.0,99.74853310980721
71750,0.0,99.7920997920998
72000,0.0,99.82279976373302
72250,0.0,99.84559958826557
72500,1.2,99.47916666666666
72750,0.0,99.3212669683258
73000,0.0,99.56647398843931
73250,0.0,99.68152866242038
73500,0.0,99.74832214765101
73750,0.0,99.79195561719834
74000,0.0,99.822695035461
74250,0.0,99.8455200823893
74500,1.2,99.47643979057592
74750,0.0,99.31972789115646
75000,0.0,99.56584659913169
75250,0.0,99.68119022316685
75500,0.0,99.74811083123426
75750,0.0,99.79181124219292
76000,0.0,99.82259018332348
76250,0.0,99.84544049459042
76500,1.2,99.47368421052632
76750,0.0,99.31818181818181
77000,0.0,99.56521739130434
77250,0.0,99.68085106382979
77500,0.0,99.74789915966386
77750,0.0,99.79166666666667
78000,0.0,99.82248520710058
78250,0.0,99.84536082474227
78500,1.2,99.47089947089947
78750,0.0,99.31662870159454
79000,0.0,99.56458635703919
79250,0.0,99.68051118210862
79500,0.0,99.74768713204374
79750,0.0,99.79152189020152
80000,0.0,99.82238010657194
80250,0.0,99.8452810727179
80500,1.2,99.46808510638297
80750,0.0,99.31506849315068
81000,0.0,99.56395348837209
81250,0.0,99.68017057569296
81500,0.0,99.74747474747475
81750,0.0,99.79137691237831
82000,0.0,99.82227488151659
82250,0.0,99.84520123839009
82500,1.2,99.46524064171123
82750,0.0,99.31350114416476
83000,0.0,99.56331877729258
83250,0.0,99.67982924226254
83500,0.0,99.74726200505476
83750,0.0,99.79123173277662
84000,0.0,99.8221695317131
84250,0.0,99.8451213216314
84500,1.2,99.46236559139786
84750,0.0,99.31192660550458
85000,0.0,99.56268221574344
85250,0.0,99.67948717948718
85500,0.0,99.74704890387859
85750,0.0,99.79108635097494
86000,0.0,99.8220640569395
86250,0.0,99.84504132231406
86500,1.2,99.45945945945947
86750,0.0,99.3103448275862
87000,0.0,99.56204379562044
87250,0.0,99.67914438502675
87500,0.0,99.74683544303798
87750,0.0,99.79094076655052
88000,0.0,99.82195845697329
88250,0.0,99.84496124031008
88500,1.2,99.45652173913044
88750,0.0,99.30875576036865
89000,0.0,99.56140350877193
89250,0.0,99.67880085653104
89500,0.0,99.74662162162163
89750,0.0,99.7907949790795
90000,0.0,99.82185273159145
90250,0.0,99.84488107549122
90500,1.2,99.4535519125683
90750,0.0,99.30715935334872
91000,0.0,99.56076134699853
91250,0.0,99.67845659163987
91500,0.0,99.74640743871514
91750,0.0,99.79064898813678
92000,0.0,99.8217468805704
92250,0.0,99.84480082772892
92500,1.2,99.45054945054946
92750,0.0,99.30555555555556
93000,0.0,99.56011730205279
93250,0.0,99.67811158798283
93500,0.0,99.74619289340102
93750,0.0,99.79050279329608
94000,0.0,99.82164090368609
94250,0.0,99.84472049689441
94500,1.2,99.4475138121547
94750,0.0,99.30394431554525
95000,0.0,99.55947136563876
95250,0.0,99.67776584317937
95500,0.0,99.74597798475868
95750,0.0,99.79035639412997
96000,0.0,99.82153480071386
96250,0.0,99.84464008285863
96500,1.2,99.44444444444444
96750,0.0,99.30232558139535
97000,0.0,99.55882352941177
97250,0.0,99.67741935483872
97500,0.0,99.7457627118644
97750,0.0,99.7902097902098
98000,0.0,99.82142857142857
98250,0.0,99.84455958549223
98500,1.2,99.4413407821229
98750,0.0,99.3006993006993
99000,0.0,99.55817378497791
99250,0.0,99.67707212055974
99500,0.0,99.74554707379136
99750,0.0,99.79006298110566
100000,0.0,99.82132221560452
100250,0.0,99.84447900466563
100500,1.2,99.43820224719101
100750,0.0,99.29906542056075
101000,0.0,99.5575221238938
101250,0.0,99.67672413793103
101500,0.0,99.7453310696095
101750,0.0,99.78991596638656
102000,0.0,99.82121573301549
102250,0.0,99.84439834024896
102500,1.2,99.43502824858757
102750,0.0,99.29742388758783
103000,0.0,99.55686853766618
103250,0.0,99.67637540453075
103500,0.0,99.74511469838573
103750,0.0,99.78976874562018
104000,0.0,99.82110912343471
104250,89.2,99.82394366197182
104500,29.2,89.43661971830986
104750,0.0,74.76525821596243
105000,0.0,60.093896713615024
105250,0.0,71.83098591549296
105500,0.0,86.50234741784037
105750,1.2,95.65217391304348
106000,0.0,99.63369963369964
106250,89.2,99.66666666666667
106500,30.4,100.0
106750,0.0,99.29742388758783
107000,0.0,99.55686853766618
107250,0.0,99.67637540453075
107500,0.0,99.74511469838573
107750,0.0,99.78976874562018
108000,0.0,99.82110912343471
108250,89.2,99.82394366197182
108500,29.2,89.43661971830986
108750,0.0,74.76525821596243
109000,0.0,60.093896713615024
109250,0.0,71.83098591549296
109500,0.0,86.50234741784037
109750,1.2,95.65217391304348
110000,0.0,99.63369963369964
110250,89.2,99.66666666666667
110500,30.4,100.0
110750,0.0,99.29742388758783
111000,0.0,99.55686853766618
111250,0.0,99.67637540453075
111500,0.0,99.74511469838573
111750,0.0,99.78976874562018
112000,0.0,99.82110912343471
112250,89.2,99.82394366197182
112500,29.2,89.43661971830986
112750,0.0,74.76525821596243
113000,0.0,60.093896713615024
113250,0.0,71.83098591549296
113500,0.0,86.50234741784037
113750,1.2,95.65217391304348
114000,0.0,99.63369963369964
114250,89.2,99.66666666666667
114500,30.4,100.0
114750,0.0,99.29742388758783
115000,0.0,99.55686853766618
115250,0.0,99.67637540453075
115500,0.0,99.74511469838573
115750,0.0,99.78976874562018
116000,0.0,99.82110912343471
116250,89.2,99.82394366197182
116500,29.2,89.43661971830986
116750,0.0,74.76525821596243
117000,0.0,60.093896713615024
117250,0.0,71.83098591549296
117500,0.0,86.50234741784037
117750,1.2,95.65217391304348
118000,0.0,99.63369963369964
118250,89.2,99.66666666666667
118500,30.4,100.0
118750,0.0,99.29742388758783
119000,0.0,99.55686853766618
119250,0.0,99.67637540453075
119500,0.0,99.74511469838573
119750,0.0,99.78976874562018
120000,0.0,99.82110912343471
120250,89.2,99.82394366197182
120500,29.2,89.43661971830986
120750,0.0,74.76525821596243
121000,0.0,60.093896713615024
121250,0.0,71.83098591549296
121500,0.0,86.50234741784037
121750,1.2,95.65217391304348
122000,0.0,99.63369963369964
122250,89.2,99.66666666666667
122500,30.4,100.0
122750,0.0,99.29742388758783
123000,0.0,99.55686853766618
123250,0.0,99.67637540453075
123500,0.0,99.74511469838573
123750,0.0,99.78976874562018
124000,0.0,99.82110912343471
124250,89.2,99.82394366197182
124500,29.2,89.43661971830986
124750,0.0,74.76525821596243
125000,0.0,60.093896713615024
125250,0.0,71.83098591549296
125500,0.0,86.50234741784037
125750,1.2,95.65217391304348
126000,0.0,99.63369963369964
126250,89.2,99.66666666666667
126500,30.4,100.0
126750,0.0,99.29742388758783
127000,0.0,99.55686853766618
127250,0.0,99.67637540453075
127500,0.0,99.74511469838573
127750,0.0,99.78976874562018
128000,0.0,99.82110912343471
128250,89.2,99.82394366197182
128500,29.2,89.43661971830986
128750,0.0,74.76525821596243
129000,0.0,60.093896713615024
129250,0.0,71.83098591549296
129500,0.0,86.50234741784037
129750,1.2,95.65217391304348
130000,0.0,99.63369963369964
130250,89.2,99.66666666666667
130500,30.4,100.0
130750,0.0,99.29742388758783
131000,0.0,99.55686853766618
131250,0.0,99.67637540453075
131500,0.0,99.74511469838573
131750,0.0,99.78976874562018
132000,0.0,99.82110912343471
132250,89.2,99.82394366197182
132500,29.2,89.43661971830986
132750,0.0,74.76525821596243
133000,0.0,60.093896713615024
133250,0.0,71.83098591549296
133500,0.0,86.50234741784037
133750,1.2,95.65217391304348
134000,0.0,99.63369963369964
134250,89.2,99.66666666666667
134500,30.4,100.0
134750,0.0,99.29742388758783
135000,0.0,99.55686853766618
135250,0.0,99.67637540453075
135500,0.0,99.74511469838573
135750,0.0,99.78976874562018
136000,0.0,99.82110912343471
136250,89.2,99.82394366197182
136500,29.2,89.43661971830986
136750,0.0,74.76525821596243
137000,0.0,60.093896713615024
137250,0.0,71.83098591549296
137500,0.0,86.50234741784037
137750,1.2,95.65217391304348
138000,0.0,99.63369963369964
138250,89.2,99.66666666666667
138500,30.4,100.0
138750,0.0,99.29742388758783
139000,0.0,99.55686853766618
139250,0.0,99.67637540453075
139500,0.0,99.74511469838573
139750,0.0,99.78976874562018
140000,0.0,99.82110912343471
140250,89.2,99.82394366197182
140500,29.2,89.43661971830986
140750,0.0,74.76525821596243
141000,0.0,60.093896713615024
141250,0.0,71.83098591549296
141500,0.0,86.50234741784037
141750,1.2,95.65217391304348
142000,0.0,99.63369963369964
142250,89.2,99.66666666666667
142500,30.4,100.0
142750,0.0,99.29742388758783
143000,0.0,99.55686853766618
143250,0.0,99.67637540453075
143500,0.0,99.74511469838573
143750,0.0,99.78976874562018
144000,0.0,99.82110912343471
144250,89.2,99.82394366197182
144500,29.2,89.43661971830986
144750,0.0,74.76525821596243
145000,0.0,60.093896713615024
145250,0.0,71.83098591549296
145500,0.0,86.50234741784037
145750,1.2,95.65217391304348
146000,0.0,99.63369963369964
146250,89.2,99.66666666666667
146500,30.4,100.0
146750,0.0,99.29742388758783
147000,0.0,99.55686853766618
147250,0.0,99.67637540453075
147500,0.0,99.74511469838573
147750,0.0,100.0
148000,0.0,33.33333333333333
148250,89.2,66.66666666666666
148500,29.2,100.0
148750,0.0,99.30232558139535
149000,0.0,99.55882352941177
149250,0.0,99.67741935483872
149500,0.0,99.7457627118644
149750,0.0,100.0
150000,0.0,33.33333333333333
150250,89.2,66.66666666666666
150500,30.4,100.0
150750,0.0,99.29742388758783
151000,0.0,99.55686853766618
151250,0.0,99.67637540453075
151500,0.0,99.74511469838573
151750,0.0,99.78976874562018
152000,0.0,99.82110912343471
152250,89.2,99.76498237367802
152500,29.2,89.36545240893066
152750,0.0,74.6768507638073
153000,0.0,59.9882491186839
153250,0.0,71.91539365452408
153500,0.0,86.60399529964748
153750,0.4,90.0
154000,0.0,99.25925925925925
154250,89.2,75.08417508417509
154500,30.8,99.43181818181817
154750,0.0,99.29577464788733
155000,0.0,99.55621301775149
155250,0.0,99.67602591792657
155500,0.0,99.74489795918367
155750,0.0,99.78962131837307
156000,0.0,99.82100238663485
156250,0.0,66.66666666666666
156500,0.0,99.42857142857143
156750,0.0,99.29411764705883
157000,0.0,99.55555555555556
157250,0.0,99.67567567567568
157500,0.0,99.74468085106383
157750,0.0,33.33333333333333
158000,0.0,66.66666666666666
158250,0.0,33.33333333333333
158500,0.0,99.42528735632183
158750,0.0,99.29245283018868
159000,0.0,99.55489614243324
159250,0.0,99.67532467532467
159500,0.0,99.74446337308348
159750,0.0,99.78932584269663
160000,0.0,99.82078853046595
160250,0.0,99.84407484407485
160500,1.2,99.42196531791907
160750,0.0,99.29078014184397
161000,0.0,99.55423476968797
161250,0.0,99.67497291440954
161500,0.0,99.74424552429667
161750,0.0,99.78917779339423
162000,0.0,99.82068141063957
162250,0.0,99.84399375975039
162500,1.2,99.4186046511628
162750,0.0,99.28909952606635
163000,0.0,99.55357142857143
163250,0.0,99.67462039045553
163500,0.0,99.74402730375427
163750,0.0,99.78902953586498
164000,0.0,99.82057416267942
164250,0.0,99.84391259105098
164500,1.2,99.41520467836257
164750,0.0,99.2874109263658
165000,0.0,99.55290611028316
165250,0.0,99.6742671009772
165500,0.0,99.74380871050384
165750,0.0,99.78888106966924
166000,0.0,99.82046678635548
166250,0.0,99.84383133784488
166500,1.2,99.41176470588235
166750,0.0,99.28571428571429
167000,0.0,99.55223880597015
167250,0.0,99.67391304347825
167500,0.0,99.74358974358975
167750,0.0,99.78873239436619
168000,0.0,99.82035928143712
168250,0.0,99.84375
168500,1.2,99.40828402366864
168750,0.0,99.28400954653938
169000,0.0,99.55156950672645
169250,0.0,99.67355821545158
169500,0.0,99.74337040205303
169750,0.0,99.78858350951374
170000,0.0,99.82025164769323
170250,0.0,99.84366857738407
170500,1.2,99.40476190476191
170750,0.0,99.28229665071771
171000,0.0,99.55089820359282
171250,0.0,99.67320261437908
171500,0.0,99.7431506849315
171750,0.0,99.78843441466854
172000,0.0,99.82014388489209
172250,0.0,99.84358706986444
172500,1.2,99.40119760479041
172750,0.0,99.28057553956835
173000,0.0,99.55022488755623
173250,0.0,99.67284623773173
173500,0.0,99.74293059125964
173750,0.0,99.78828510938604
174000,0.0,99.82003599280144
174250,0.0,99.8435054773083
174500,1.2,99.3975903614458
174750,0.0,99.27884615384616
175000,0.0,99.54954954954955
175250,0.0,99.67248908296943
175500,0.0,99.74271012006861
175750,0.0,99.78813559322035
176000,0.0,99.81992797118848
176250,0.0,99.84342379958247
176500,1.2,99.39393939393939
176750,0.0,99.27710843373494
177000,0.0,99.54887218045113
177250,0.0,99.672131147541
177500,0.0,99.74248927038627
177750,0.0,99.78798586572438
178000,0.0,99.81981981981983
178250,0.0,99.84334203655352
178500,1.2,99.39024390243902
178750,0.0,99.27536231884058
179000,0.0,99.54819277108435
179250,0.0,99.67177242888403
179500,0.0,99.74226804123711
179750,0.0,99.78783592644979
180000,0.0,99.81971153846155
180250,0.0,99.84326018808778
180500,1.2,99.38650306748467
180750,0.0,99.27360774818402
181000,0.0,99.5475113122172
181250,0.0,99.67141292442497
181500,0.0,99.74204643164231
181750,0.0,99.78768577494692
182000,0.0,99.81960312687913
182250,0.0,99.84317825405122
182500,1.2,99.38271604938271
182750,0.0,99.27184466019418
183000,0.0,99.54682779456193
183250,0.0,99.67105263157895
183500,0.0,99.74182444061962
183750,0.0,99.78753541076487
184000,0.0,99.81949458483754
184250,0.0,99.84309623430963
184500,1.2,99.37888198757764
184750,0.0,99.27007299270073
185000,0.0,99.54614220877458
185250,0.0,99.67069154774973
185500,0.0,99.74160206718346
185750,0.0,99.78738483345145
186000,0.0,99.81938591210114
186250,0.0,99.84301412872841
186500,1.2,99.375
186750,0.0,99.26829268292683
187000,0.0,99.54545454545455
187250,0.0,99.67032967032966
187500,0.0,99.74137931034483
187750,0.0,99.7872340425532
188000,0.0,99.81927710843374
188250,0.0,99.84293193717278
188500,1.2,99.37106918238993
188750,0.0,99.26650366748166
189000,0.0,99.54476479514416
189250,0.0,99.66996699669967
189500,0.0,99.7411561691113
189750,0.0,99.78708303761533
190000,0.0,99.81916817359856
190250,0.0,99.84284965950759
190500,1.2,99.36708860759494
190750,0.0,99.26470588235294
191000,0.0,99.54407294832826
191250,0.0,99.66960352422907
191500,0.0,99.74093264248705
191750,0.0,99.78693181818183
192000,0.0,99.81905910735827
192250,0.0,99.84276729559748
192500,1.2,99.36305732484077
192750,0.0,99.26289926289927
193000,0.0,99.54337899543378
193250,0.0,99.66923925027564
193500,0.0,99.74070872947277
193750,0.0,99.7867803837953
194000,0.0,99.81894990947495
194250,0.0,99.84268484530676
194500,1.2,99.35897435897436
194750,0.0,99.26108374384236
195000,0.0,99.54268292682927
195250,0.0,99.66887417218543
195500,0.0,99.74048442906575
195750,0.0,99.78662873399715
196000,0.0,99.81884057971014
196250,0.0,99.84260230849948
196500,1.2,99.35483870967742
196750,0.0,99.25925925925925
197000,0.0,99.54198473282443
197250,0.0,99.66850828729282
197500,0.0,99.74025974025975
197750,0.0,99.7864768683274
198000,0.0,99.81873111782478
198250,0.0,99.84251968503936
198500,1.2,99.35064935064936
198750,0.0,99.25742574257426
199000,0.0,99.54128440366972
199250,0.0,99.66814159292035
199500,0.0,99.74003466204506
199750,0.0,99.78632478632478
200000,0.0,99.8186215235792
200250,0.0,99.84243697478992
200500,1.2,99.34640522875817
200750,0.0,99.25558312655087
201000,0.0,99.5405819295559
201250,0.0,99.66777408637874
201500,0.0,99.7398091934085
201750,0.0,99.78617248752673
202000,0.0,99.8185117967332
202250,0.0,99.84235417761428
202500,1.2,99.3421052631579
202750,0.0,99.25373134328358
203000,0.0,99.5398773006135
203250,0.0,99.66740576496674
203500,0.0,99.73958333333334
203750,0.0,99.78601997146933
204000,0.0,99.818401937046
204250,0.0,99.84227129337539
204500,1.2,99.33774834437085
204750,0.0,99.25187032418953
205000,0.0,99.53917050691244
205250,0.0,99.66703662597114
205500,0.0,99.73935708079931
205750,0.0,99.78586723768737
206000,0.0,99.8182919442762
206250,78.8,99.82394366197182
206500,39.6,90.96244131455398
206750,0.0,76.29107981220658
207000,0.0,61.61971830985915
207250,0.0,70.30516431924883
207500,0.0,84.97652582159625
207750,0.0,99.64788732394366
208000,1.2,99.59514170040485
208250,78.8,99.66666666666667
208500,40.8,100.0
208750,0.0,99.25187032418953
209000,0.0,99.53917050691244
209250,0.0,99.66703662597114
209500,0.0,99.73935708079931
209750,0.0,99.78586723768737
210000,0.0,99.8182919442762
210250,78.8,99.82394366197182
210500,39.6,90.96244131455398
210750,0.0,76.29107981220658
211000,0.0,61.61971830985915
211250,0.0,70.30516431924883
211500,0.0,84.97652582159625
211750,0.0,99.64788732394366
212000,1.2,99.59514170040485
212250,78.8,99.66666666666667
212500,40.8,100.0
212750,0.0,99.25187032418953
213000,0.0,99.53917050691244
213250,0.0,99.66703662597114
213500,0.0,99.73935708079931
213750,0.0,99.78586723768737
214000,0.0,99.8182919442762
214250,78.8,99.82394366197182
214500,39.6,90.96244131455398
214750,0.0,76.29107981220658
215000,0.0,61.61971830985915
215250,0.0,70.30516431924883
215500,0.0,84.97652582159625
215750,0.0,99.64788732394366
216000,1.2,99.59514170040485
216250,78.8,99.66666666666667
216500,40.8,100.0
216750,0.0,99.25187032418953
217000,0.0,99.53917050691244
217250,0.0,99.66703662597114
217500,0.0,99.73935708079931
217750,0.0,99.78586723768737
218000,0.0,99.8182919442762
218250,78.8,99.82394366197182
218500,39.6,90.96244131455398
218750,0.0,76.29107981220658
219000,0.0,61.61971830985915
219250,0.0,70.30516431924883
219500,0.0,84.97652582159625
219750,0.0,99.64788732394366
220000,1.2,99.59514170040485
220250,78.8,99.66666666666667
220500,40.8,100.0
220750,0.0,99.25187032418953
221000,0.0,99.53917050691244
221250,0.0,99.66703662597114
221500,0.0,99.73935708079931
221750,0.0,99.78586723768737
222000,0.0,99.8182919442762
222250,78.8,99.82394366197182
222500,39.6,90.96244131455398
222750,0.0,76.29107981220658
223000,0.0,61.61971830985915
223250,0.0,70.30516431924883
223500,0.0,84.97652582159625
223750,0.0,99.64788732394366
224000,1.2,99.59514170040485
224250,78.8,99.66666666666667
224500,40.8,100.0
224750,0.0,99.25187032418953
225000,0.0,99.53917050691244
225250,0.0,99.66703662597114
225500,0.0,99.73935708079931
225750,0.0,99.78586723768737
226000,0.0,99.8182919442762
226250,78.8,99.82394366197182
226500,39.6,90.96244131455398
226750,0.0,76.29107981220658
227000,0.0,61.61971830985915
227250,0.0,70.30516431924883
227500,0.0,84.97652582159625
227750,0.0,99.64788732394366
228000,1.2,99.59514170040485
228250,78.8,99.66666666666667
228500,40.8,100.0
228750,0.0,99.25187032418953
229000,0.0,99.53917050691244
229250,0.0,99.66703662597114
229500,0.0,99.73935708079931
229750,0.0,99.78586723768737
230000,0.0,99.8182919442762
230250,78.8,99.82394366197182
230500,39.6,90.96244131455398
230750,0.0,76.29107981220658
231000,0.0,61.61971830985915
231250,0.0,70.30516431924883
231500,0.0,84.97652582159625
231750,0.0,99.64788732394366
232000,1.2,99.59514170040485
232250,78.8,99.66666666666667
232500,40.8,100.0
232750,0.0,99.25187032418953
233000,0.0,99.53917050691244
233250,0.0,99.66703662597114
233500,0.0,99.73935708079931
233750,0.0,99.78586723768737
234000,0.0,99.8182919442762
234250,78.8,99.82394366197182
234500,39.6,90.96244131455398
234750,0.0,76.29107981220658
235000,0.0,61.61971830985915
235250,0.0,70.30516431924883
235500,0.0,84.97652582159625
235750,0.0,99.64788732394366
236000,1.2,99.59514170040485
236250,78.8,99.66666666666667
236500,40.8,100.0
236750,0.0,99.25187032418953
237000,0.0,99.53917050691244
237250,0.0,99.66703662597114
237500,0.0,99.73935708079931
237750,0.0,99.78586723768737
238000,0.0,99.8182919442762
238250,78.8,99.82394366197182
238500,39.6,90.96244131455398
238750,0.0,76.29107981220658
239000,0.0,61.61971830985915
239250,0.0,70.30516431924883
239500,0.0,84.97652582159625
239750,0.0,99.64788732394366
240000,1.2,99.59514170040485
240250,78.8,99.66666666666667
240500,40.8,100.0
240750,0.0,99.25187032418953
241000,0.0,99.53917050691244
241250,0.0,99.66703662597114
241500,0.0,99.73935708079931
241750,0.0,99.78586723768737
242000,0.0,99.8182919442762
242250,78.8,99.82394366197182
242500,39.6,90.96244131455398
242750,0.0,76.29107981220658
243000,0.0,61.61971830985915
243250,0.0,70.30516431924883
243500,0.0,84.97652582159625
243750,0.0,99.64788732394366
244000,1.2,99.59514170040485
244250,78.8,99.66666666666667
244500,40.8,100.0
244750,0.0,99.25187032418953
245000,0.0,99.53917050691244
245250,0.0,99.66703662597114
245500,0.0,99.73935708079931
245750,0.0,99.78586723768737
246000,0.0,99.8182919442762
246250,78.8,99.82394366197182
246500,39.6,90.96244131455398
246750,0.0,76.29107981220658
247000,0.0,61.61971830985915
247250,0.0,70.30516431924883
247500,0.0,84.97652582159625
247750,0.0,99.64788732394366
248000,1.2,99.59514170040485
248250,78.8,99.66666666666667
248500,40.8,100.0
248750,0.0,99.25187032418953
249000,0.0,99.53917050691244
249250,0.0,99.66703662597114
249500,0.0,99.73935708079931
249750,0.0,99.78586723768737
250000,0.0,99.8182919442762
250250,78.8,99.82394366197182
250500,39.6,90.96244131455398
250750,0.0,76.29107981220658
251000,0.0,61.61971830985915
251250,0.0,70.30516431924883
251500,0.0,84.97652582159625
251750,0.0,99.64788732394366
252000,1.2,99.59514170040485
252250,78.8,99.66666666666667
252500,40.8,100.0
252750,0.0,99.25187032418953
253000,0.0,99.53917050691244
253250,0.0,99.66703662597114
253500,0.0,99.73935708079931
253750,0.0,99.78586723768737
254000,0.0,99.8182919442762
254250,78.8,99.82394366197182
254500,39.6,90.96244131455398
254750,0.0,76.29107981220658
255000,0.0,61.61971830985915
255250,0.0,70.30516431924883
255500,0.0,84.97652582159625
255750,0.0,99.64788732394366
256000,1.2,100.0
256250,78.8,100.0
256500,41.199999999999996,98.66666666666667
256750,0.0,99.25
257000,0.0,99.53846153846155
257250,0.0,99.66666666666667
257500,0.0,99.73913043478261
257750,0.0,99.78571428571429
258000,0.0,33.33333333333333
258250,0.0,100.0
258500,0.0,99.32885906040269
258750,0.0,99.24812030075188
259000,0.0,99.53775038520801
259250,0.0,99.6662958843159
259500,0.0,99.73890339425587
259750,0.0,99.7855611150822
260000,0.0,100.0
260250,0.0,66.66666666666666
260500,0.0,99.32432432432432
260750,0.0,99.2462311557789
261000,0.0,99.53703703703704
261250,0.0,99.66592427616926
261500,0.0,99.73867595818815
261750,0.0,99.78540772532189
262000,0.0,99.81796116504854
262250,0.0,99.84193888303477
262500,1.2,99.31972789115646
262750,0.0,99.24433249370277
263000,0.0,99.53632148377125
263250,0.0,99.66555183946488
263500,0.0,99.73844812554489
263750,0.0,99.78525411596277
264000,0.0,99.81785063752277
264250,0.0,99.84185556141276
264500,1.2,99.31506849315068
264750,0.0,99.24242424242425
265000,0.0,99.53560371517027
265250,0.0,99.66517857142857
265500,0.0,99.73821989528795
265750,0.0,99.78510028653295
266000,0.0,99.81773997569866
266250,0.0,99.84177215189874
266500,1.2,99.3103448275862
266750,0.0,99.24050632911391
267000,0.0,99.53488372093024
267250,0.0,99.66480446927373
267500,0.0,99.73799126637554
267750,0.0,99.78494623655914
268000,0.0,99.8176291793313
268250,0.0,99.84168865435356
268500,1.2,99.30555555555556
268750,0.0,99.23857868020305
269000,0.0,99.53416149068323
269250,0.0,99.66442953020133
269500,0.0,99.73776223776224
269750,0.0,99.78479196556671
270000,0.0,99.81751824817519
270250,0.0,99.8416050686378
270500,1.2,99.3006993006993
270750,0.0,99.23664122137404
271000,0.0,99.53343701399689
271250,0.0,99.66405375139978
271500,0.0,99.73753280839895
271750,0.0,99.78463747307968
272000,0.0,99.81740718198418
272250,0.0,99.84152139461173
272500,1.2,99.29577464788733
272750,0.0,99.23469387755102
273000,0.0,99.53271028037383
273250,0.0,99.66367713004485
273500,0.0,99.73730297723293
273750,0.0,99.78448275862068
274000,0.0,99.81729598051157
274250,0.0,99.84143763213531
274500,1.2,99.29078014184397
274750,0.0,99.23273657289002
275000,0.0,99.53198127925117
275250,0.0,99.66329966329967
275500,0.0,99.7370727432077
275750,0.0,99.78432782171099
276000,0.0,99.81718464351006
276250,0.0,99.84135378106822
276500,1.2,99.28571428571429
276750,0.0,99.23076923076923
277000,0.0,99.53125
277250,0.0,99.6629213483146
277500,0.0,99.73684210526315
277750,0.0,99.78417266187051
278000,0.0,99.8170731707317
278250,0.0,99.84126984126985
278500,1.2,99.28057553956835
278750,0.0,99.22879177377892
279000,0.0,99.53051643192488
279250,0.0,99.66254218222723
279500,0.0,99.73661106233538
279750,0.0,99.78401727861771
280000,0.0,99.81696156192801
280250,0.0,99.84118581259925
280500,1.2,99.27536231884058
280750,0.0,99.22680412371135
281000,0.0,99.52978056426332
281250,0.0,99.66216216216216
281500,0.0,99.73637961335676
281750,0.0,99.78386167146974
282000,0.0,99.81684981684981
282250,0.0,99.84110169491525
282500,1.2,99.27007299270073
282750,0.0,99.2248062015504
283000,0.0,99.52904238618524
283250,0.0,99.66178128523111
283500,0.0,99.73614775725594
283750,0.0,99.78370583994231
284000,0.0,99.8167379352474
284250,0.0,99.84101748807632
284500,1.2,99.26470588235294
284750,0.0,99.22279792746113
285000,0.0,99.52830188679245
285250,0.0,99.66139954853274
285500,0.0,99.73591549295774
285750,0.0,99.78354978354979
286000,0.0,99.81662591687042
286250,0.0,99.84093319194062
286500,1.2,99.25925925925925
286750,0.0,99.22077922077922
287000,0.0,99.5275590551181
287250,0.0,99.66101694915255
287500,0.0,99.73568281938327
287750,0.0,99.78339350180505
288000,0.0,99.81651376146789
288250,0.0,99.84084880636604
288500,1.2,99.25373134328358
288750,0.0,99.21875
289000,0.0,99.52681388012618
289250,0.0,99.6606334841629
289500,0.0,99.73544973544973
289750,0.0,99.78323699421965
290000,0.0,99.81640146878826
290250,0.0,99.84076433121018
290500,1.2,99.24812030075188
290750,0.0,99.21671018276761
291000,0.0,99.52606635071089
291250,0.0,99.66024915062289
291500,0.0,99.73521624007061
291750,0.0,99.78308026030369
292000,0.0,99.8162890385793
292250,0.0,99.84067976633033
292500,1.2,99.24242424242425
292750,0.0,99.21465968586386
293000,0.0,99.5253164556962
293250,0.0,99.65986394557824
293500,0.0,99.73498233215548
293750,0.0,99.78292329956585
294000,0.0,99.81617647058823
294250,0.0,99.84059511158343
294500,1.2,99.23664122137404
294750,0.0,99.21259842519686
295000,0.0,99.52456418383518
295250,0.0,99.6594778660613
295500,0.0,99.73474801061008
295750,0.0,99.7827661115134
296000,0.0,99.81606376456162
296250,0.0,99.84051036682615
296500,1.2,99.23076923076923
296750,0.0,99.21052631578947
297000,0.0,99.52380952380952
297250,0.0,99.6590909090909
297500,0.0,99.73451327433628
297750,0.0,99.78260869565217
298000,0.0,99.8159509202454
298250,0.0,99.84042553191489
298500,1.2,99.2248062015504
298750,0.0,99.2084432717678
299000,0.0,99.52305246422894
299250,0.0,99.65870307167235
299500,0.0,99.73427812223207
299750,0.0,99.78245105148659
300000,0.0,99.8158379373849
300250,0.0,99.8403406067057
300500,1.2,99.21875
300750,0.0,99.20634920634922
301000,0.0,99.52229299363057
301250,0.0,99.65831435079726
301500,0.0,99.7340425531915
301750,0.0,99.7822931785196
302000,0.0,99.81572481572482
302250,0.0,99.84025559105432
302500,1.2,99.21259842519686
302750,0.0,99.20424403183023
303000,0.0,99.52153110047847
303250,0.0,99.65792474344356
303500,0.0,99.7338065661047
303750,0.0,99.78213507625271
304000,0.0,99.81561155500923
304250,0.0,99.8401704848162
304500,1.2,99.20634920634922
304750,0.0,99.20212765957447
305000,0.0,99.52076677316293
305250,0.0,99.65753424657534
305500,0.0,99.7335701598579
305750,0.0,99.78197674418605
306000,0.0,99.81549815498155
