250,0.0,100.0
500,0.0,80.0
750,0.0,53.333333333333336
1000,0.0,40.0
1250,0.0,32.0
1500,0.0,26.666666666666668
1750,0.0,22.857142857142858
2000,0.0,20.0
2250,1.2,22.831050228310502
2500,0.0,80.16032064128257
2750,0.0,53.40453938584779
3000,0.0,40.04004004004004
3250,0.0,32.02562049639712
3500,0.0,26.684456304202804
3750,0.0,22.870211549456833
4000,0.0,20.01000500250125
4250,1.2,22.84408909194746
4500,0.0,80.64516129032258
4750,0.0,53.61930294906166
5000,0.0,40.16064257028113
5250,0.0,32.102728731942214
5500,0.0,26.737967914438503
5750,0.0,22.90950744558992
6000,0.0,20.04008016032064
6250,1.2,20.030045067601403
6500,0.0,20.030045067601403
6750,0.0,20.030045067601403
7000,0.0,20.030045067601403
7250,0.0,20.030045067601403
7500,0.0,20.030045067601403
7750,59.599999999999994,20.030045067601403
8000,98.8,100.0
8250,99.6,100.0
8500,60.0,100.0
8750,0.0,100.0
9000,0.0,66.22516556291392
9250,0.0,46.8384074941452
9500,0.0,36.231884057971016
9750,0.0,29.542097488921716
10000,0.0,24.93765586034913
10250,99.6,24.922118380062305
10500,58.4,24.922118380062305
10750,0.0,24.922118380062305
11000,0.0,24.922118380062305
11250,0.0,24.922118380062305
11500,0.0,24.922118380062305
11750,1.6,100.0
12000,0.0,100.0
12250,99.6,100.0
12500,60.0,100.0
12750,0.0,100.0
13000,0.0,100.0
13250,0.0,100.0
13500,0.0,79.20792079207921
13750,0.0,52.980132450331126
14000,0.0,39.920159680638726
14250,99.6,39.88035892323031
14500,58.4,39.88035892323031
14750,0.0,39.88035892323031
15000,0.0,39.88035892323031
15250,0.4,100.0
15500,0.0,100.0
15750,0.0,100.0
16000,0.0,100.0
16250,99.6,100.0
16500,60.0,100.0
16750,0.0,100.0
17000,0.0,100.0
17250,0.0,100.0
17500,0.0,79.20792079207921
17750,0.0,52.980132450331126
18000,0.0,39.920159680638726
18250,99.6,39.88035892323031
18500,58.4,39.88035892323031
18750,0.0,39.88035892323031
19000,0.0,39.88035892323031
19250,0.4,100.0
19500,0.0,100.0
19750,0.0,100.0
20000,0.0,100.0
20250,99.6,100.0
20500,60.0,100.0
20750,0.0,100.0
21000,0.0,100.0
21250,0.0,100.0
21500,0.0,79.20792079207921
21750,0.0,52.980132450331126
22000,0.0,39.920159680638726
22250,99.6,39.88035892323031
22500,58.4,39.88035892323031
22750,0.0,39.88035892323031
23000,0.0,39.88035892323031
23250,0.4,100.0
23500,0.0,100.0
23750,0.0,100.0
24000,0.0,100.0
24250,99.6,100.0
24500,60.0,100.0
24750,0.0,100.0
25000,0.0,100.0
25250,0.0,100.0
25500,0.0,79.20792079207921
25750,0.0,52.980132450331126
26000,0.0,39.920159680638726
26250,99.6,39.88035892323031
26500,58.4,39.88035892323031
26750,0.0,39.88035892323031
27000,0.0,39.88035892323031
27250,0.4,100.0
27500,0.0,100.0
27750,0.0,100.0
28000,0.0,100.0
28250,99.6,100.0
28500,60.0,100.0
28750,0.0,100.0
29000,0.0,100.0
29250,0.0,100.0
29500,0.0,79.20792079207921
29750,0.0,100.0
30000,0.0,100.0
30250,99.6,100.0
30500,58.4,80.16032064128257
30750,0.0,53.40453938584779
31000,0.0,40.04004004004004
31250,0.0,32.02562049639712
31500,0.0,26.684456304202804
31750,0.0,22.870211549456833
32000,0.0,20.01000500250125
32250,99.6,20.0
32500,58.4,20.0
32750,0.0,20.0
33000,0.0,20.0
33250,0.0,20.0
33500,0.0,20.0
33750,0.0,20.0
34000,1.6,100.0
34250,99.6,100.0
34500,60.0,100.0
34750,0.0,100.0
35000,0.0,100.0
35250,0.0,100.0
35500,0.0,79.36507936507937
35750,0.0,100.0
36000,0.0,100.0
36250,99.6,100.0
36500,60.0,80.16032064128257
36750,0.0,53.40453938584779
37000,0.0,40.04004004004004
37250,0.0,32.02562049639712
37500,0.0,26.684456304202804
37750,0.0,22.870211549456833
38000,0.0,20.01000500250125
38250,99.6,20.0
38500,58.4,20.0
38750,0.0,20.0
39000,0.0,20.0
39250,0.0,20.0
39500,0.0,20.0
39750,0.0,20.0
40000,1.6,100.0
40250,99.6,100.0
40500,60.0,100.0
40750,0.0,100.0
41000,0.0,100.0
41250,0.0,100.0
41500,0.0,100.0
41750,0.0,100.0
42000,0.0,100.0
42250,99.6,100.0
42500,60.0,100.0
42750,0.0,100.0
43000,0.0,79.20792079207921
43250,0.0,52.980132450331126
43500,0.0,39.800995024875625
43750,0.0,31.872509960159363
44000,0.0,26.578073089701
44250,99.6,26.560424966799467
44500,58.4,26.560424966799467
44750,0.0,26.560424966799467
45000,0.0,26.560424966799467
45250,0.0,26.560424966799467
45500,0.0,26.560424966799467
45750,1.6,100.0
46000,0.0,100.0
46250,99.6,100.0
46500,60.0,100.0
46750,0.0,100.0
47000,0.0,100.0
47250,0.0,100.0
47500,0.0,100.0
47750,0.0,100.0
48000,0.0,100.0
48250,99.6,100.0
48500,60.0,100.0
48750,0.0,100.0
49000,0.0,79.20792079207921
49250,0.0,52.980132450331126
49500,0.0,39.800995024875625
49750,0.0,31.872509960159363
50000,0.0,26.578073089701
50250,99.6,26.560424966799467
50500,58.4,26.560424966799467
50750,0.0,26.560424966799467
51000,0.0,26.560424966799467
51250,0.0,26.560424966799467
51500,0.0,26.560424966799467
51750,1.6,100.0
52000,0.0,100.0
52250,99.6,100.0
52500,60.4,100.0
52750,0.0,100.0
53000,0.0,100.0
53250,0.0,100.0
53500,0.0,79.36507936507937
53750,0.0,100.0
54000,0.0,100.0
54250,0.0,100.0
54500,0.0,100.0
54750,0.0,100.0
55000,0.0,66.7779632721202
55250,0.0,47.11425206124853
55500,0.0,36.39672429481347
55750,0.0,100.0
56000,0.0,100.0
56250,0.0,100.0
56500,0.0,79.36507936507937
56750,0.0,53.05039787798409
57000,0.0,39.8406374501992
57250,0.0,31.89792663476874
57500,0.0,26.595744680851062
57750,0.0,22.80501710376283
58000,1.2,19.99000499750125
58250,0.4,100.0
58500,0.0,79.52286282306163
58750,0.0,53.12084993359893
59000,0.0,39.88035892323031
59250,0.0,31.92338387869114
59500,0.0,26.61343978709248
59750,0.0,22.818026240730177
60000,0.8,19.99000499750125
60250,0.8,100.0
60500,0.0,79.6812749003984
60750,0.0,53.191489361702125
61000,0.0,39.920159680638726
61250,0.0,31.948881789137378
61500,0.0,26.63115845539281
61750,0.0,22.831050228310502
62000,0.4,19.99000499750125
62250,1.2,100.0
62500,0.0,79.84031936127745
62750,0.0,53.26231691078562
63000,0.0,39.960039960039964
63250,0.0,31.974420463629095
63500,0.0,26.648900732844773
63750,0.0,22.84408909194746
64000,0.0,19.99000499750125
64250,1.6,100.0
64500,0.0,80.0
64750,0.0,53.333333333333336
65000,0.0,40.0
65250,0.0,32.0
65500,0.0,26.666666666666668
65750,0.0,22.857142857142858
66000,0.0,20.0
66250,1.6,100.0
66500,0.0,80.16032064128257
66750,0.0,53.40453938584779
67000,0.0,40.04004004004004
67250,0.0,32.02562049639712
67500,0.0,26.684456304202804
67750,0.0,22.870211549456833
68000,0.0,20.01000500250125
68250,1.6,100.0
68500,0.0,80.32128514056225
68750,0.0,53.475935828877006
69000,0.0,40.08016032064128
69250,0.0,32.05128205128205
69500,0.0,26.702269692923895
69750,0.0,22.883295194508012
70000,0.0,20.02002002002002
70250,1.6,100.0
70500,0.0,80.48289738430584
70750,0.0,53.5475234270415
71000,0.0,40.12036108324975
71250,0.0,32.076984763432236
71500,0.0,26.720106880427526
71750,0.0,22.89639381797367
72000,0.0,20.030045067601403
72250,1.6,100.0
72500,0.0,80.64516129032258
72750,0.0,53.61930294906166
73000,0.0,40.16064257028113
73250,0.0,32.102728731942214
73500,0.0,26.737967914438503
73750,0.0,22.90950744558992
74000,0.0,20.04008016032064
74250,1.6,100.0
74500,0.0,80.8080808080808
74750,0.0,53.691275167785236
75000,0.0,40.20100502512563
75250,0.0,32.1285140562249
75500,0.0,26.755852842809364
75750,0.0,22.922636103151863
76000,0.0,20.050125313283207
76250,1.6,100.0
76500,0.0,80.97165991902834
76750,0.0,53.76344086021505
77000,0.0,40.24144869215292
77250,0.0,32.154340836012864
77500,0.0,26.77376171352075
77750,0.0,22.93577981651376
78000,0.0,20.060180541624874
78250,1.6,100.0
78500,0.0,81.13590263691684
78750,0.0,53.83580080753701
79000,0.0,40.28197381671702
79250,0.0,32.180209171359614
79500,0.0,26.791694574681852
79750,0.0,22.948938611589213
80000,0.0,20.07024586051179
80250,1.6,100.0
80500,0.0,81.30081300813008
80750,0.0,53.908355795148246
81000,0.0,40.32258064516129
81250,0.0,32.2061191626409
81500,0.0,26.80965147453083
81750,0.0,22.962112514351322
82000,0.0,20.080321285140563
82250,1.6,100.0
82500,0.0,81.4663951120163
82750,0.0,53.98110661268556
83000,0.0,40.363269424823415
83250,0.0,32.232070910556004
83500,0.0,26.82763246143528
83750,0.0,22.975301550832857
84000,0.0,20.09040683073832
84250,1.6,100.0
84500,0.0,81.63265306122449
84750,0.0,54.054054054054056
85000,0.0,40.4040404040404
85250,0.0,32.25806451612903
85500,0.0,26.845637583892618
85750,0.0,22.988505747126435
86000,0.0,20.100502512562816
86250,1.6,100.0
86500,0.0,81.79959100204499
86750,0.0,54.12719891745602
87000,0.0,40.44489383215369
87250,0.0,32.284100080710246
87500,0.0,26.863666890530556
87750,0.0,23.001725129384702
88000,0.0,20.110608345902463
88250,1.6,100.0
88500,0.0,81.9672131147541
88750,0.0,54.20054200542005
89000,0.0,40.48582995951417
89250,0.0,32.31017770597738
89500,0.0,26.881720430107524
89750,0.0,23.014959723820482
90000,0.0,20.12072434607646
90250,1.6,100.0
90500,0.0,82.13552361396303
90750,0.0,54.27408412483039
91000,0.0,40.52684903748733
91250,0.0,32.33629749393695
91500,0.0,26.89979825151311
91750,0.0,23.028209556706965
92000,0.0,20.130850528434827
92250,1.6,100.0
92500,0.0,82.3045267489712
92750,0.0,54.347826086956516
93000,0.0,40.56795131845842
93250,0.0,32.362459546925564
93500,0.0,26.917900403768506
93750,0.0,23.04147465437788
94000,0.0,20.14098690835851
94250,1.6,100.0
94500,0.0,82.4742268041237
94750,0.0,54.421768707483
95000,0.0,40.609137055837564
95250,0.0,32.388663967611336
95500,0.0,26.936026936026934
95750,0.0,23.054755043227665
96000,0.0,20.151133501259448
96250,1.6,100.0
96500,0.0,82.64462809917356
96750,0.0,54.495912806539515
97000,0.0,40.65040650406504
97250,0.0,32.414910858995135
97500,0.0,26.954177897574123
97750,0.0,23.06805074971165
98000,0.0,20.161290322580644
98250,1.6,100.0
98500,0.0,82.81573498964804
98750,0.0,54.570259208731244
99000,0.0,40.691759918616484
99250,0.0,32.441200324412
99500,0.0,26.972353337828725
99750,0.0,23.08136180034622
100000,0.0,20.17145738779627
100250,1.6,100.0
100500,0.0,82.98755186721992
100750,0.0,54.644808743169406
101000,0.0,40.73319755600815
101250,0.0,32.467532467532465
101500,0.0,26.99055330634278
101750,0.0,23.094688221709006
102000,0.0,20.181634712411707
102250,1.6,100.0
102500,0.0,83.16008316008316
102750,0.0,54.719562243502054
103000,0.0,40.77471967380224
103250,0.0,32.49390739236393
103500,0.0,27.00877785280216
103750,0.0,23.108030040439054
104000,0.0,20.191822311963655
104250,90.8,100.0
104500,70.39999999999999,84.92569002123143
104750,0.0,55.478502080443825
105000,0.0,41.1946446961895
105250,0.0,32.76003276003276
105500,0.0,27.192386131883072
105750,0.0,23.242300987797794
106000,0.0,20.294266869609334
106250,89.2,20.02002002002002
106500,68.8,20.02002002002002
106750,0.0,20.02002002002002
107000,0.0,20.02002002002002
107250,0.0,20.02002002002002
107500,0.0,20.02002002002002
107750,0.0,20.02002002002002
108000,0.0,20.02002002002002
108250,90.8,100.0
108500,70.39999999999999,84.92569002123143
108750,0.0,55.478502080443825
109000,0.0,41.1946446961895
109250,0.0,32.76003276003276
109500,0.0,27.192386131883072
109750,0.0,23.242300987797794
110000,0.0,20.294266869609334
110250,89.2,20.02002002002002
110500,68.8,20.02002002002002
110750,0.0,20.02002002002002
111000,0.0,20.02002002002002
111250,0.0,20.02002002002002
111500,0.0,20.02002002002002
111750,0.0,20.02002002002002
112000,0.0,20.02002002002002
112250,90.8,100.0
112500,70.39999999999999,84.92569002123143
112750,0.0,55.478502080443825
113000,0.0,41.1946446961895
113250,0.0,32.76003276003276
113500,0.0,27.192386131883072
113750,0.0,23.242300987797794
114000,0.0,20.294266869609334
114250,89.2,20.02002002002002
114500,68.8,20.02002002002002
114750,0.0,20.02002002002002
115000,0.0,20.02002002002002
115250,0.0,20.02002002002002
115500,0.0,20.02002002002002
115750,0.0,20.02002002002002
116000,0.0,20.02002002002002
116250,90.8,100.0
116500,70.39999999999999,84.92569002123143
116750,0.0,55.478502080443825
117000,0.0,41.1946446961895
117250,0.0,32.76003276003276
117500,0.0,27.192386131883072
117750,0.0,23.242300987797794
118000,0.0,20.294266869609334
118250,89.2,20.02002002002002
118500,68.8,20.02002002002002
118750,0.0,20.02002002002002
119000,0.0,20.02002002002002
119250,0.0,20.02002002002002
119500,0.0,20.02002002002002
119750,0.0,20.02002002002002
120000,0.0,20.02002002002002
120250,90.8,100.0
120500,70.39999999999999,84.92569002123143
120750,0.0,55.478502080443825
121000,0.0,41.1946446961895
121250,0.0,32.76003276003276
121500,0.0,27.192386131883072
121750,0.0,23.242300987797794
122000,0.0,20.294266869609334
122250,89.2,20.02002002002002
122500,68.8,20.02002002002002
122750,0.0,20.02002002002002
123000,0.0,20.02002002002002
123250,0.0,20.02002002002002
123500,0.0,20.02002002002002
123750,0.0,20.02002002002002
124000,0.0,20.02002002002002
124250,90.8,100.0
124500,70.39999999999999,84.92569002123143
124750,0.0,55.478502080443825
125000,0.0,41.1946446961895
125250,0.0,32.76003276003276
125500,0.0,27.192386131883072
125750,0.0,23.242300987797794
126000,0.0,20.294266869609334
126250,89.2,20.02002002002002
126500,68.8,20.02002002002002
126750,0.0,20.02002002002002
127000,0.0,20.02002002002002
127250,0.0,20.02002002002002
127500,0.0,20.02002002002002
127750,0.0,20.02002002002002
128000,0.0,20.02002002002002
128250,90.8,100.0
128500,70.39999999999999,84.92569002123143
128750,0.0,55.478502080443825
129000,0.0,41.1946446961895
129250,0.0,32.76003276003276
129500,0.0,27.192386131883072
129750,0.0,23.242300987797794
130000,0.0,20.294266869609334
130250,89.2,20.02002002002002
130500,68.8,20.02002002002002
130750,0.0,20.02002002002002
131000,0.0,20.02002002002002
131250,0.0,20.02002002002002
131500,0.0,20.02002002002002
131750,0.0,20.02002002002002
132000,0.0,20.02002002002002
132250,90.8,100.0
132500,70.39999999999999,84.92569002123143
132750,0.0,55.478502080443825
133000,0.0,41.1946446961895
133250,0.0,32.76003276003276
133500,0.0,27.192386131883072
133750,0.0,23.242300987797794
134000,0.0,20.294266869609334
134250,89.2,20.02002002002002
134500,68.8,20.02002002002002
134750,0.0,20.02002002002002
135000,0.0,20.02002002002002
135250,0.0,20.02002002002002
135500,0.0,20.02002002002002
135750,0.0,20.02002002002002
136000,0.0,20.02002002002002
136250,90.8,100.0
136500,70.39999999999999,84.92569002123143
136750,0.0,55.478502080443825
137000,0.0,41.1946446961895
137250,0.0,32.76003276003276
137500,0.0,27.192386131883072
137750,0.0,23.242300987797794
138000,0.0,20.294266869609334
138250,89.2,20.02002002002002
138500,68.8,20.02002002002002
138750,0.0,20.02002002002002
139000,0.0,20.02002002002002
139250,0.0,20.02002002002002
139500,0.0,20.02002002002002
139750,0.0,20.02002002002002
140000,0.0,20.02002002002002
140250,90.8,100.0
140500,70.39999999999999,84.92569002123143
140750,0.0,55.478502080443825
141000,0.0,41.1946446961895
141250,0.0,32.76003276003276
141500,0.0,27.192386131883072
141750,0.0,23.242300987797794
142000,0.0,20.294266869609334
142250,89.2,20.02002002002002
142500,68.8,20.02002002002002
142750,0.0,20.02002002002002
143000,0.0,20.02002002002002
143250,0.0,20.02002002002002
143500,0.0,20.02002002002002
143750,0.0,20.02002002002002
144000,0.0,20.02002002002002
144250,90.8,100.0
144500,70.39999999999999,84.92569002123143
144750,0.0,55.478502080443825
145000,0.0,41.1946446961895
145250,0.0,32.76003276003276
145500,0.0,27.192386131883072
145750,0.0,23.242300987797794
146000,0.0,20.294266869609334
146250,89.2,20.02002002002002
146500,68.8,20.02002002002002
146750,0.0,20.02002002002002
147000,0.0,20.02002002002002
147250,0.0,20.02002002002002
147500,0.0,20.02002002002002
147750,0.0,20.02002002002002
148000,0.0,20.02002002002002
148250,90.8,100.0
148500,70.39999999999999,84.92569002123143
148750,0.0,55.478502080443825
149000,0.0,41.1946446961895
149250,0.0,32.76003276003276
149500,0.0,27.192386131883072
149750,0.0,23.242300987797794
150000,0.0,20.294266869609334
150250,89.2,20.02002002002002
150500,68.8,20.02002002002002
150750,0.0,20.02002002002002
151000,0.0,20.02002002002002
151250,0.0,20.02002002002002
151500,0.0,20.02002002002002
151750,0.0,20.02002002002002
152000,0.0,20.02002002002002
152250,90.8,100.0
152500,70.39999999999999,84.92569002123143
152750,0.0,55.478502080443825
153000,0.0,41.1946446961895
153250,0.0,32.76003276003276
153500,0.0,27.192386131883072
153750,0.0,23.242300987797794
154000,0.0,20.294266869609334
154250,89.2,20.02002002002002
154500,69.19999999999999,20.02002002002002
154750,0.0,20.02002002002002
155000,0.0,20.02002002002002
155250,0.0,20.02002002002002
155500,0.0,20.02002002002002
155750,0.0,20.02002002002002
156000,0.0,20.02002002002002
156250,1.6,100.0
156500,0.0,83.50730688935282
156750,0.0,54.86968449931413
157000,0.0,40.85801838610828
157250,0.0,32.546786004882016
157500,0.0,27.045300878972277
157750,0.0,23.13475997686524
158000,0.0,20.212228398180898
158250,1.6,100.0
158500,0.0,83.68200836820083
158750,0.0,54.94505494505495
159000,0.0,40.899795501022496
159250,0.0,32.57328990228013
159500,0.0,27.06359945872801
159750,0.0,23.14814814814815
160000,0.0,20.222446916076844
160250,1.6,100.0
160500,0.0,83.85744234800838
160750,0.0,55.02063273727648
161000,0.0,40.941658137154555
161250,0.0,32.59983700081499
161500,0.0,27.08192281651997
161750,0.0,23.161551823972207
162000,0.0,20.232675771370765
162250,1.6,100.0
162500,0.0,84.03361344537815
162750,0.0,55.09641873278237
163000,0.0,40.98360655737705
163250,0.0,32.62642740619902
163500,0.0,27.100271002710024
163750,0.0,23.174971031286212
164000,0.0,20.242914979757085
164250,1.6,100.0
164500,0.0,84.21052631578947
164750,0.0,55.172413793103445
165000,0.0,41.02564102564102
165250,0.0,32.6530612244898
165500,0.0,27.11864406779661
165750,0.0,23.18840579710145
166000,0.0,20.253164556962027
166250,1.6,100.0
166500,0.0,84.38818565400844
166750,0.0,55.24861878453039
167000,0.0,41.067761806981515
167250,0.0,32.6797385620915
167500,0.0,27.137042062415194
167750,0.0,23.201856148491878
168000,0.0,20.263424518743665
168250,1.6,100.0
168500,0.0,84.56659619450318
168750,0.0,55.325034578146614
169000,0.0,41.109969167523126
169250,0.0,32.70645952575634
169500,0.0,27.155465037338764
169750,0.0,23.21532211259431
170000,0.0,20.273694880892045
170250,1.6,100.0
170500,0.0,84.7457627118644
170750,0.0,55.4016620498615
171000,0.0,41.1522633744856
171250,0.0,32.733224222585925
171500,0.0,27.173913043478258
171750,0.0,23.228803716608596
172000,0.0,20.28397565922921
172250,1.6,100.0
172500,0.0,84.92569002123143
172750,0.0,55.478502080443825
173000,0.0,41.1946446961895
173250,0.0,32.76003276003276
173500,0.0,27.192386131883072
173750,0.0,23.242300987797794
174000,0.0,20.294266869609334
174250,1.6,100.0
174500,0.0,85.1063829787234
174750,0.0,55.55555555555556
175000,0.0,41.23711340206185
175250,0.0,32.78688524590164
175500,0.0,27.2108843537415
175750,0.0,23.25581395348837
176000,0.0,20.304568527918782
176250,1.6,100.0
176500,0.0,85.28784648187633
176750,0.0,55.63282336578581
177000,0.0,41.279669762641895
177250,0.0,32.81378178835111
177500,0.0,27.229407760381214
177750,0.0,23.269342641070388
178000,0.0,20.31488065007618
178250,1.6,100.0
178500,0.0,85.47008547008546
178750,0.0,55.71030640668524
179000,0.0,41.32231404958678
179250,0.0,32.84072249589491
179500,0.0,27.247956403269757
179750,0.0,23.28288707799767
180000,0.0,20.32520325203252
180250,1.6,100.0
180500,0.0,85.65310492505354
180750,0.0,55.78800557880056
181000,0.0,41.36504653567735
181250,0.0,32.86770747740345
181500,0.0,27.266530334015
181750,0.0,23.296447291788002
182000,0.0,20.335536349771225
182250,1.6,100.0
182500,0.0,85.83690987124464
182750,0.0,55.865921787709496
183000,0.0,41.40786749482402
183250,0.0,32.89473684210527
183500,0.0,27.285129604365622
183750,0.0,23.310023310023308
184000,0.0,20.345879959308242
184250,1.6,100.0
184500,0.0,86.02150537634408
184750,0.0,55.94405594405595
185000,0.0,41.45077720207254
185250,0.0,32.92181069958848
185500,0.0,27.303754266211605
185750,0.0,23.323615160349853
186000,0.0,20.35623409669211
186250,1.6,100.0
186500,0.0,86.20689655172413
186750,0.0,56.022408963585434
187000,0.0,41.49377593360996
187250,0.0,32.948929159802304
187500,0.0,27.322404371584703
187750,0.0,23.337222870478413
188000,0.0,20.366598778004075
188250,1.6,100.0
188500,0.0,86.39308855291577
188750,0.0,56.100981767180926
189000,0.0,41.53686396677051
189250,0.0,32.97609233305853
189500,0.0,27.34107997265892
189750,0.0,23.35084646818447
190000,0.0,20.376974019358126
190250,1.6,100.0
190500,0.0,86.58008658008657
190750,0.0,56.17977528089888
191000,0.0,41.58004158004158
191250,0.0,33.003300330033
191500,0.0,27.359781121751027
191750,0.0,23.364485981308412
192000,0.0,20.38735983690112
192250,1.6,100.0
192500,0.0,86.76789587852495
192750,0.0,56.258790436005626
193000,0.0,41.62330905306972
193250,0.0,33.03055326176714
193500,0.0,27.378507871321013
193750,0.0,23.378141437755698
194000,0.0,20.39775624681285
194250,1.6,100.0
194500,0.0,86.95652173913044
194750,0.0,56.33802816901409
195000,0.0,41.66666666666667
195250,0.0,33.057851239669425
195500,0.0,27.397260273972602
195750,0.0,23.391812865497073
196000,0.0,20.408163265306122
196250,1.6,100.0
196500,0.0,87.14596949891067
196750,0.0,56.41748942172073
197000,0.0,41.71011470281543
197250,0.0,33.085194375516956
197500,0.0,27.416038382453735
197750,0.0,23.405500292568753
198000,0.0,20.41858090862685
198250,1.6,100.0
198500,0.0,87.33624454148472
198750,0.0,56.49717514124294
199000,0.0,41.75365344467641
199250,0.0,33.11258278145696
199500,0.0,27.434842249657066
199750,0.0,23.4192037470726
200000,0.0,20.42900919305414
200250,1.6,100.0
200500,0.0,87.527352297593
200750,0.0,56.57708628005658
201000,0.0,41.79728317659352
201250,0.0,33.140016570008285
201500,0.0,27.453671928620455
201750,0.0,23.432923257176334
202000,0.0,20.439448134900356
202250,1.6,100.0
202500,0.0,87.71929824561403
202750,0.0,56.657223796033996
203000,0.0,41.84100418410041
203250,0.0,33.16749585406302
203500,0.0,27.472527472527474
203750,0.0,23.446658851113718
204000,0.0,20.449897750511248
204250,1.6,100.0
204500,0.0,87.91208791208791
204750,0.0,56.73758865248227
205000,0.0,41.8848167539267
205250,0.0,33.19502074688796
205500,0.0,27.491408934707906
205750,0.0,23.46041055718475
206000,0.0,20.460358056265985
206250,80.4,100.0
206500,80.80000000000001,89.8876404494382
206750,0.0,57.55395683453237
207000,0.0,42.32804232804233
207250,0.0,33.47280334728033
207500,0.0,27.68166089965398
207750,0.0,23.59882005899705
208000,0.0,20.565552699228792
208250,78.8,20.02002002002002
208500,79.2,20.02002002002002
208750,0.0,20.02002002002002
209000,0.0,20.02002002002002
209250,0.0,20.02002002002002
209500,0.0,20.02002002002002
209750,0.0,20.02002002002002
210000,0.0,20.02002002002002
210250,80.4,100.0
210500,80.80000000000001,89.8876404494382
210750,0.0,57.55395683453237
211000,0.0,42.32804232804233
211250,0.0,33.47280334728033
211500,0.0,27.68166089965398
211750,0.0,23.59882005899705
212000,0.0,20.565552699228792
212250,78.8,20.02002002002002
212500,79.2,20.02002002002002
212750,0.0,20.02002002002002
213000,0.0,20.02002002002002
213250,0.0,20.02002002002002
213500,0.0,20.02002002002002
213750,0.0,20.02002002002002
214000,0.0,20.02002002002002
214250,80.4,100.0
214500,80.80000000000001,89.8876404494382
214750,0.0,57.55395683453237
215000,0.0,42.32804232804233
215250,0.0,33.47280334728033
215500,0.0,27.68166089965398
215750,0.0,23.59882005899705
216000,0.0,20.565552699228792
216250,78.8,20.02002002002002
216500,79.2,20.02002002002002
216750,0.0,20.02002002002002
217000,0.0,20.02002002002002
217250,0.0,20.02002002002002
217500,0.0,20.02002002002002
217750,0.0,20.02002002002002
218000,0.0,20.02002002002002
218250,80.4,100.0
218500,80.80000000000001,89.8876404494382
218750,0.0,57.55395683453237
219000,0.0,42.32804232804233
219250,0.0,33.47280334728033
219500,0.0,27.68166089965398
219750,0.0,23.59882005899705
220000,0.0,20.565552699228792
220250,78.8,20.02002002002002
220500,79.2,20.02002002002002
220750,0.0,20.02002002002002
221000,0.0,20.02002002002002
221250,0.0,20.02002002002002
221500,0.0,20.02002002002002
221750,0.0,20.02002002002002
222000,0.0,20.02002002002002
222250,80.4,100.0
222500,80.80000000000001,89.8876404494382
222750,0.0,57.55395683453237
223000,0.0,42.32804232804233
223250,0.0,33.47280334728033
223500,0.0,27.68166089965398
223750,0.0,23.59882005899705
224000,0.0,20.565552699228792
224250,78.8,20.02002002002002
224500,79.2,20.02002002002002
224750,0.0,20.02002002002002
225000,0.0,20.02002002002002
225250,0.0,20.02002002002002
225500,0.0,20.02002002002002
225750,0.0,20.02002002002002
226000,0.0,20.02002002002002
226250,80.4,100.0
226500,80.80000000000001,89.8876404494382
226750,0.0,57.55395683453237
227000,0.0,42.32804232804233
227250,0.0,33.47280334728033
227500,0.0,27.68166089965398
227750,0.0,23.59882005899705
228000,0.0,20.565552699228792
228250,78.8,20.02002002002002
228500,79.2,20.02002002002002
228750,0.0,20.02002002002002
229000,0.0,20.02002002002002
229250,0.0,20.02002002002002
229500,0.0,20.02002002002002
229750,0.0,20.02002002002002
230000,0.0,20.02002002002002
230250,80.4,100.0
230500,80.80000000000001,89.8876404494382
230750,0.0,57.55395683453237
231000,0.0,42.32804232804233
231250,0.0,33.47280334728033
231500,0.0,27.68166089965398
231750,0.0,23.59882005899705
232000,0.0,20.565552699228792
232250,78.8,20.02002002002002
232500,79.2,20.02002002002002
232750,0.0,20.02002002002002
233000,0.0,20.02002002002002
233250,0.0,20.02002002002002
233500,0.0,20.02002002002002
233750,0.0,20.02002002002002
234000,0.0,20.02002002002002
234250,80.4,100.0
234500,80.80000000000001,89.8876404494382
234750,0.0,57.55395683453237
235000,0.0,42.32804232804233
235250,0.0,33.47280334728033
235500,0.0,27.68166089965398
235750,0.0,23.59882005899705
236000,0.0,20.565552699228792
236250,78.8,20.02002002002002
236500,79.2,20.02002002002002
236750,0.0,20.02002002002002
237000,0.0,20.02002002002002
237250,0.0,20.02002002002002
237500,0.0,20.02002002002002
237750,0.0,20.02002002002002
238000,0.0,20.02002002002002
238250,80.4,100.0
238500,80.80000000000001,89.8876404494382
238750,0.0,57.55395683453237
239000,0.0,42.32804232804233
239250,0.0,33.47280334728033
239500,0.0,27.68166089965398
239750,0.0,23.59882005899705
240000,0.0,20.565552699228792
240250,78.8,20.02002002002002
240500,79.2,20.02002002002002
240750,0.0,20.02002002002002
241000,0.0,20.02002002002002
241250,0.0,20.02002002002002
241500,0.0,20.02002002002002
241750,0.0,20.02002002002002
242000,0.0,20.02002002002002
242250,80.4,100.0
242500,80.80000000000001,89.8876404494382
242750,0.0,57.55395683453237
243000,0.0,42.32804232804233
243250,0.0,33.47280334728033
243500,0.0,27.68166089965398
243750,0.0,23.59882005899705
244000,0.0,20.565552699228792
244250,78.8,20.02002002002002
244500,79.2,20.02002002002002
244750,0.0,20.02002002002002
245000,0.0,20.02002002002002
245250,0.0,20.02002002002002
245500,0.0,20.02002002002002
245750,0.0,20.02002002002002
246000,0.0,20.02002002002002
246250,80.4,100.0
246500,80.80000000000001,100.0
246750,0.0,100.0
247000,0.0,72.46376811594203
247250,0.0,49.87531172069826
247500,0.0,38.02281368821293
247750,0.0,30.721966205837177
248000,0.0,25.773195876288657
248250,78.8,24.922118380062305
248500,79.2,24.922118380062305
248750,0.0,24.922118380062305
249000,0.0,24.922118380062305
249250,0.0,24.922118380062305
249500,0.0,24.922118380062305
249750,1.6,100.0
250000,0.0,100.0
250250,78.8,100.0
250500,80.80000000000001,100.0
250750,0.0,100.0
251000,0.0,72.46376811594203
251250,0.0,49.87531172069826
251500,0.0,38.02281368821293
251750,0.0,30.721966205837177
252000,0.0,25.773195876288657
252250,78.8,24.922118380062305
252500,79.2,24.922118380062305
252750,0.0,24.922118380062305
253000,0.0,24.922118380062305
253250,0.0,24.922118380062305
253500,0.0,24.922118380062305
253750,1.6,100.0
254000,0.0,100.0
254250,78.8,100.0
254500,80.80000000000001,100.0
254750,0.0,100.0
255000,0.0,72.46376811594203
255250,0.0,49.87531172069826
255500,0.0,38.02281368821293
255750,0.0,30.721966205837177
256000,0.0,25.773195876288657
256250,78.8,24.922118380062305
256500,79.60000000000001,24.922118380062305
256750,0.0,24.922118380062305
257000,0.0,24.922118380062305
257250,0.0,24.922118380062305
257500,0.0,24.922118380062305
257750,1.6,100.0
258000,0.0,100.0
258250,0.0,67.11409395973155
258500,0.0,47.28132387706856
258750,0.0,36.496350364963504
259000,0.0,29.71768202080238
259250,0.0,25.062656641604008
259500,0.0,21.668472372697725
259750,1.6,100.0
260000,0.0,100.0
260250,0.0,67.22689075630252
260500,0.0,47.337278106508876
260750,0.0,36.5296803652968
261000,0.0,29.739776951672862
261250,0.0,25.07836990595611
261500,0.0,21.680216802168022
261750,1.6,100.0
262000,0.0,100.0
262250,0.0,67.34006734006735
262500,0.0,47.39336492890995
262750,0.0,36.56307129798903
263000,0.0,29.761904761904763
263250,0.0,25.094102885821833
263500,0.0,21.69197396963124
263750,1.6,100.0
264000,0.0,100.0
264250,0.0,67.45362563237775
264500,0.0,47.44958481613286
264750,0.0,36.596523330283624
265000,0.0,29.784065524944154
265250,0.0,25.109855618330197
265500,0.0,21.70374389582203
265750,1.6,100.0
266000,0.0,100.0
266250,0.0,67.56756756756756
266500,0.0,47.50593824228028
266750,0.0,36.63003663003663
267000,0.0,29.806259314456035
267250,0.0,25.125628140703515
267500,0.0,21.71552660152009
267750,1.6,100.0
268000,0.0,100.0
268250,0.0,67.68189509306261
268500,0.0,47.56242568370987
268750,0.0,36.663611365719525
269000,0.0,29.828486204325134
269250,0.0,25.141420490257698
269500,0.0,21.727322107550247
269750,1.6,100.0
270000,0.0,100.0
270250,0.0,67.79661016949152
270500,0.0,47.61904761904761
270750,0.0,36.69724770642202
271000,0.0,29.850746268656714
271250,0.0,25.157232704402517
271500,0.0,21.73913043478261
271750,1.6,100.0
272000,0.0,100.0
272250,0.0,67.91171477079796
272500,0.0,47.67580452920143
272750,0.0,36.73094582185491
273000,0.0,29.873039581777444
273250,0.0,25.173064820641912
273500,0.0,21.75095160413268
273750,1.6,100.0
274000,0.0,100.0
274250,0.0,68.02721088435374
274500,0.0,47.7326968973747
274750,0.0,36.76470588235294
275000,0.0,29.895366218236173
275250,0.0,25.188916876574307
275500,0.0,21.76278563656148
275750,1.6,100.0
276000,0.0,100.0
276250,0.0,68.14310051107326
276500,0.0,47.789725209080046
276750,0.0,36.79852805887764
277000,0.0,29.917726252804787
277250,0.0,25.204788909892876
277500,0.0,21.77463255307567
277750,1.6,100.0
278000,0.0,100.0
278250,0.0,68.25938566552901
278500,0.0,47.84688995215311
278750,0.0,36.83241252302026
279000,0.0,29.94011976047904
279250,0.0,25.220680958385877
279500,0.0,21.78649237472767
279750,1.6,100.0
280000,0.0,100.0
280250,0.0,68.37606837606837
280500,0.0,47.90419161676647
280750,0.0,36.86635944700461
281000,0.0,29.962546816479403
281250,0.0,25.236593059936908
281500,0.0,21.798365122615802
281750,1.6,100.0
282000,0.0,100.0
282250,0.0,68.4931506849315
282500,0.0,47.961630695443645
282750,0.0,36.90036900369004
283000,0.0,29.985007496251875
283250,0.0,25.252525252525253
283500,0.0,21.810250817884405
283750,1.6,100.0
284000,0.0,100.0
284250,0.0,68.61063464837049
284500,0.0,48.019207683073226
284750,0.0,36.93444136657433
285000,0.0,30.00750187546887
285250,0.0,25.26847757422615
285500,0.0,21.822149481723947
285750,1.6,100.0
286000,0.0,100.0
286250,0.0,68.72852233676976
286500,0.0,48.07692307692308
286750,0.0,36.96857670979667
287000,0.0,30.03003003003003
287250,0.0,25.28445006321112
287500,0.0,21.83406113537118
287750,1.6,100.0
288000,0.0,100.0
288250,0.0,68.84681583476764
288500,0.0,48.13477737665463
288750,0.0,37.00277520814061
289000,0.0,30.052592036063107
289250,0.0,25.30044275774826
289500,0.0,21.84598580010923
289750,1.6,100.0
290000,0.0,100.0
290250,0.0,68.96551724137932
290500,0.0,48.19277108433735
290750,0.0,37.03703703703704
291000,0.0,30.075187969924812
291250,0.0,25.31645569620253
291500,0.0,21.85792349726776
291750,1.6,100.0
292000,0.0,100.0
292250,0.0,69.08462867012089
292500,0.0,48.25090470446321
292750,0.0,37.071362372567194
293000,0.0,30.09781790820166
293250,0.0,25.332488917036102
293500,0.0,21.869874248223073
293750,1.6,100.0
294000,0.0,100.0
294250,0.0,69.20415224913495
294500,0.0,48.309178743961354
294750,0.0,37.105751391465674
295000,0.0,30.120481927710845
295250,0.0,25.34854245880862
295500,0.0,21.88183807439825
295750,1.6,100.0
296000,0.0,100.0
296250,0.0,69.32409012131716
296500,0.0,48.36759371221282
296750,0.0,37.14020427112349
297000,0.0,30.143180105501134
297250,0.0,25.36461636017755
297500,0.0,21.893814997263274
297750,1.6,100.0
298000,0.0,100.0
298250,0.0,69.44444444444444
298500,0.0,48.426150121065376
298750,0.0,37.174721189591075
299000,0.0,30.165912518853695
299250,0.0,25.380710659898476
299500,0.0,21.905805038335156
299750,1.6,100.0
300000,0.0,100.0
300250,0.0,69.56521739130434
300500,0.0,48.484848484848484
300750,0.0,37.2093023255814
301000,0.0,30.18867924528302
301250,0.0,25.396825396825395
301500,0.0,21.91780821917808
301750,1.6,100.0
302000,0.0,100.0
302250,0.0,69.68641114982579
302500,0.0,48.54368932038835
302750,0.0,37.243947858473
303000,0.0,30.211480362537763
303250,0.0,25.412960609911057
303500,0.0,21.929824561403507
303750,1.6,100.0
304000,0.0,100.0
304250,0.0,69.80802792321117
304500,0.0,48.60267314702308
304750,0.0,37.27865796831314
305000,0.0,30.234315948601665
305250,0.0,25.429116338207248
305500,0.0,21.941854086670322
305750,1.6,100.0
306000,0.0,100.0
