250,0.0,100.0
500,0.0,100.0
750,0.0,100.0
1000,0.0,100.0
1250,0.0,100.0
1500,0.0,14.2
1750,0.0,26.457142857142856
2000,0.0,35.65
2250,4.8,27.22602739726027
2500,0.0,33.288948069241016
2750,14.399999999999999,58.22981366459628
3000,100.0,77.63975155279503
3250,100.0,97.04968944099379
3500,20.4,14.142761841227486
3750,0.0,26.41509433962264
4000,0.0,35.617808904452225
4250,4.8,27.184466019417474
4500,0.0,33.311125916055964
4750,14.799999999999999,58.22981366459628
5000,100.0,77.63975155279503
5250,100.0,97.04968944099379
5500,20.4,16.61490683229814
5750,0.0,16.319895968790636
6000,0.0,28.209459459459456
6250,4.8,14.912774338773213
6500,0.0,32.59452411994785
6750,99.2,48.9556135770235
7000,100.0,65.27415143603133
7250,100.0,81.59268929503916
7500,100.0,97.911227154047
7750,22.8,17.254901960784313
8000,0.0,36.86274509803922
8250,99.6,36.94117647058823
8500,100.0,2.431372549019608
8750,100.0,22.03921568627451
9000,100.0,41.647058823529406
9250,100.0,61.254901960784316
9500,20.0,27.915632754342433
9750,0.0,58.93300248138957
10000,0.0,89.95037220843672
10250,99.6,90.07444168734492
10500,100.0,90.07444168734492
10750,100.0,3.225806451612903
11000,100.0,36.58536585365854
11250,100.0,41.46341463414634
11500,20.0,46.34146341463415
11750,0.0,51.21951219512195
12000,0.0,56.09756097560976
12250,99.6,54.054054054054056
12500,100.0,29.72972972972973
12750,100.0,5.405405405405405
13000,100.0,81.08108108108108
13250,100.0,56.75675675675676
13500,19.6,32.432432432432435
13750,0.0,8.108108108108109
14000,0.0,83.78378378378379
14250,99.6,92.3076923076923
14500,100.0,15.384615384615385
14750,100.0,38.46153846153847
15000,100.0,61.53846153846154
15250,100.0,84.61538461538461
15500,20.0,100.0
15750,0.0,100.0
16000,0.0,100.0
16250,99.6,100.0
16500,100.0,100.0
16750,100.0,15.384615384615385
17000,100.0,35.714285714285715
17250,100.0,96.5909090909091
17500,20.0,98.24902723735408
17750,0.0,98.82198952879581
18000,0.0,99.11242603550295
18250,99.6,99.11330049261083
18500,100.0,99.11330049261083
18750,100.0,99.11330049261083
19000,100.0,99.11330049261083
19250,100.0,92.3076923076923
19500,20.0,3.8461538461538463
19750,0.0,0.36231884057971014
20000,0.0,0.19011406844106463
20250,99.6,47.43833017077799
20500,100.0,94.87666034155598
20750,100.0,92.3076923076923
21000,100.0,14.285714285714285
21250,100.0,95.45454545454545
21500,20.0,97.66536964980544
21750,0.0,98.42931937172776
22000,0.0,98.81656804733728
22250,99.6,98.81773399014779
22500,100.0,98.81773399014779
22750,100.0,98.81773399014779
23000,100.0,98.81773399014779
23250,100.0,23.076923076923077
23500,20.0,46.15384615384615
23750,0.0,69.23076923076923
24000,0.0,92.3076923076923
24250,99.6,38.46153846153847
24500,100.0,57.14285714285714
24750,100.0,97.72727272727273
25000,100.0,98.83268482490273
25250,100.0,99.21465968586386
25500,20.0,99.40828402366864
25750,0.0,99.5253164556962
26000,0.0,99.14134742404227
26250,99.6,99.14191419141915
26500,100.0,99.14191419141915
26750,100.0,99.14191419141915
27000,100.0,99.14191419141915
27250,100.0,99.14191419141915
27500,14.799999999999999,99.00990099009901
27750,5.2,23.076923076923077
28000,0.0,46.15384615384615
28250,99.6,84.61538461538461
28500,100.0,7.6923076923076925
28750,100.0,30.76923076923077
29000,100.0,53.84615384615385
29250,100.0,76.92307692307693
29500,20.0,100.0
29750,0.0,23.076923076923077
30000,0.0,46.15384615384615
30250,99.6,84.61538461538461
30500,100.0,7.6923076923076925
30750,100.0,30.76923076923077
31000,100.0,50.0
31250,100.0,97.34848484848484
31500,20.0,98.63813229571986
31750,0.0,99.08376963350786
32000,0.0,99.30966469428007
32250,99.6,99.3103448275862
32500,100.0,99.3103448275862
32750,100.0,99.3103448275862
33000,100.0,99.3103448275862
33250,100.0,76.92307692307693
33500,20.0,92.85714285714286
33750,0.0,99.62121212121212
34000,0.0,99.80544747081711
34250,99.6,99.80582524271846
34500,100.0,99.80582524271846
34750,100.0,30.76923076923077
35000,100.0,50.0
35250,100.0,97.34848484848484
35500,20.0,98.63813229571986
35750,0.0,99.08376963350786
36000,0.0,99.30966469428007
36250,99.6,99.3103448275862
36500,100.0,99.3103448275862
36750,100.0,99.3103448275862
37000,100.0,99.3103448275862
37250,100.0,76.92307692307693
37500,20.0,100.0
37750,0.0,23.076923076923077
38000,0.0,46.15384615384615
38250,99.6,84.61538461538461
38500,100.0,7.6923076923076925
38750,100.0,30.76923076923077
39000,100.0,53.84615384615385
39250,100.0,76.92307692307693
39500,20.0,97.65258215962442
39750,0.0,98.92008639308855
40000,0.0,99.29873772791024
40250,99.6,99.29971988795518
40500,100.0,99.29971988795518
40750,100.0,30.76923076923077
41000,100.0,53.84615384615385
41250,100.0,76.92307692307693
41500,20.0,100.0
41750,0.0,23.076923076923077
42000,0.0,42.857142857142854
42250,99.6,98.79032258064517
42500,100.0,99.3975903614458
42750,100.0,99.59893048128342
43000,100.0,99.6993987975952
43250,100.0,99.75961538461539
43500,20.0,99.13217623497998
43750,0.0,99.25629290617849
44000,0.0,99.34934934934935
44250,99.6,99.34967483741872
44500,100.0,99.34967483741872
44750,100.0,99.34967483741872
45000,100.0,99.34967483741872
45250,100.0,99.34967483741872
45500,14.799999999999999,88.69434717358679
45750,0.0,87.54377188594297
46000,5.2,23.076923076923077
46250,99.6,7.6923076923076925
46500,100.0,30.76923076923077
46750,100.0,53.84615384615385
47000,100.0,76.92307692307693
47250,100.0,100.0
47500,20.0,23.076923076923077
47750,0.0,46.15384615384615
48000,0.0,69.23076923076923
48250,99.6,61.53846153846154
48500,100.0,84.61538461538461
48750,100.0,7.6923076923076925
49000,100.0,30.76923076923077
49250,100.0,53.84615384615385
49500,20.0,76.92307692307693
49750,0.0,100.0
50000,0.0,21.428571428571427
50250,99.6,100.0
50500,100.0,100.0
50750,100.0,100.0
51000,100.0,100.0
51250,100.0,100.0
51500,20.0,99.13217623497998
51750,0.0,99.25629290617849
52000,0.0,99.34934934934935
52250,99.6,99.34967483741872
52500,100.0,99.34967483741872
52750,100.0,99.34967483741872
53000,100.0,99.34967483741872
53250,100.0,99.34967483741872
53500,15.2,88.74437218609305
53750,0.0,87.49374687343672
54000,5.2,15.384615384615385
54250,0.0,23.076923076923077
54500,0.0,46.15384615384615
54750,0.0,69.23076923076923
55000,0.0,92.3076923076923
55250,0.0,15.384615384615385
55500,0.0,38.46153846153847
55750,0.0,61.53846153846154
56000,0.0,84.61538461538461
56250,0.0,92.3076923076923
56500,0.0,15.384615384615385
56750,0.0,38.46153846153847
57000,0.0,61.53846153846154
57250,0.0,84.61538461538461
57500,0.0,99.52380952380952
57750,0.0,99.78260869565217
58000,0.0,99.85915492957747
58250,0.0,99.89583333333333
58500,0.0,99.91735537190083
58750,0.0,99.10958904109589
59000,0.0,99.23976608187135
59250,0.0,99.33673469387755
59500,5.2,94.73684210526315
59750,0.0,97.60348583877996
60000,0.0,98.44851904090268
60250,0.0,98.85297184567257
60500,0.0,99.09015715467329
60750,0.0,99.10897875257025
61000,0.0,99.23932124049152
61250,0.0,99.33639612046963
61500,5.2,94.71153846153845
61750,0.0,97.59825327510917
62000,0.0,98.44632768361582
62250,0.0,98.8517745302714
62500,0.0,99.08940397350993
62750,0.0,99.10836762688614
63000,0.0,99.23887587822014
63250,0.0,99.33605720122574
63500,5.2,94.68599033816425
63750,0.0,97.59299781181619
64000,0.0,98.44413012729845
64250,0.0,98.85057471264368
64500,0.0,99.08864954432477
64750,0.0,99.10775566231985
65000,0.0,99.23842999414177
65250,0.0,99.33571793561575
65500,5.2,94.66019417475728
65750,0.0,97.58771929824562
66000,0.0,98.44192634560906
66250,0.0,98.84937238493724
66500,0.0,99.08789386401327
66750,0.0,99.10714285714286
67000,0.0,99.2379835873388
67250,0.0,99.33537832310839
67500,5.2,94.6341463414634
67750,0.0,97.58241758241758
68000,0.0,98.43971631205673
68250,0.0,98.84816753926702
68500,0.0,99.08713692946058
68750,0.0,99.106529209622
69000,0.0,99.2375366568915
69250,0.0,99.33503836317136
69500,5.2,94.6078431372549
69750,0.0,97.57709251101322
70000,0.0,98.4375
70250,0.0,98.84696016771488
70500,0.0,99.08637873754152
70750,0.0,99.10591471801926
71000,0.0,99.23708920187794
71250,0.0,99.33469805527125
71500,5.2,94.58128078817734
71750,0.0,97.57174392935983
72000,0.0,98.43527738264581
72250,0.0,98.84575026232949
72500,0.0,99.08561928512053
72750,0.0,99.10529938059189
73000,0.0,99.23664122137404
73250,0.0,99.33435739887354
73500,5.2,94.55445544554455
73750,0.0,97.56637168141593
74000,0.0,98.43304843304843
74250,0.0,98.84453781512606
74500,0.0,99.08485856905158
74750,0.0,99.10468319559229
75000,0.0,99.23619271445358
75250,0.0,99.33401639344262
75500,5.2,94.5273631840796
75750,0.0,97.5609756097561
76000,0.0,98.43081312410843
76250,0.0,98.84332281808622
76500,0.0,99.08409658617818
76750,0.0,99.1040661612681
77000,0.0,99.23574368018812
77250,0.0,99.33367503844183
77500,5.2,94.5
77750,0.0,97.55555555555556
78000,0.0,98.42857142857143
78250,0.0,98.8421052631579
78500,0.0,99.08333333333333
78750,0.0,99.10344827586208
79000,0.0,99.23529411764706
79250,0.0,99.33333333333333
79500,5.2,94.47236180904522
79750,0.0,97.55011135857461
80000,0.0,98.42632331902719
80250,0.0,98.840885142255
80500,0.0,99.08256880733946
80750,0.0,99.10282953761215
81000,0.0,99.23484402589759
81250,0.0,99.33299127757824
81500,5.2,94.44444444444444
81750,0.0,97.54464285714286
82000,0.0,98.42406876790831
82250,0.0,98.83966244725738
82500,0.0,99.08180300500835
82750,0.0,99.10220994475138
83000,0.0,99.2343934040047
83250,0.0,99.33264887063655
83500,5.2,94.41624365482234
83750,0.0,97.53914988814317
84000,0.0,98.42180774748924
84250,0.0,98.83843717001056
84500,0.0,99.08103592314119
84750,0.0,99.10158949550795
85000,0.0,99.23394225103122
85250,0.0,99.33230611196713
85500,5.2,94.38775510204081
85750,0.0,97.53363228699553
86000,0.0,98.41954022988506
86250,0.0,98.83720930232558
86500,0.0,99.08026755852842
86750,0.0,99.10096818810513
87000,0.0,99.23349056603774
87250,0.0,99.33196300102775
87500,5.2,94.35897435897435
87750,0.0,97.52808988764045
88000,0.0,98.41726618705036
88250,0.0,98.83597883597884
88500,0.0,99.07949790794979
88750,0.0,99.10034602076124
89000,0.0,99.23303834808259
89250,0.0,99.33161953727506
89500,5.2,94.3298969072165
89750,0.0,97.52252252252252
90000,0.0,98.4149855907781
90250,0.0,98.83474576271186
90500,0.0,99.07872696817421
90750,0.0,99.09972299168976
91000,0.0,99.23258559622195
91250,0.0,99.33127572016461
91500,5.2,94.30051813471503
91750,0.0,97.51693002257336
92000,0.0,98.4126984126984
92250,0.0,98.83351007423119
92500,0.0,99.07795473595976
92750,0.0,99.09909909909909
93000,0.0,99.23213230950975
93250,0.0,99.3309315491508
93500,5.2,94.27083333333334
93750,0.0,97.51131221719457
94000,0.0,98.41040462427746
94250,0.0,98.83227176220807
94500,0.0,99.07718120805369
94750,0.0,99.09847434119278
95000,0.0,99.23167848699764
95250,0.0,99.33058702368692
95500,5.2,94.24083769633508
95750,0.0,97.50566893424036
96000,0.0,98.4081041968162
96250,0.0,98.83103081827844
96500,0.0,99.07640638119227
96750,0.0,99.09784871616932
97000,0.0,99.23122412773506
97250,0.0,99.33024214322515
97500,5.2,94.21052631578948
97750,0.0,97.5
98000,0.0,98.40579710144928
98250,0.0,98.82978723404256
98500,0.0,99.07563025210084
98750,0.0,99.09722222222223
99000,0.0,99.23076923076923
99250,0.0,99.3298969072165
99500,5.2,94.17989417989418
99750,0.0,97.49430523917995
100000,0.0,98.4034833091437
100250,0.0,98.82854100106496
100500,0.0,99.07485281749369
100750,0.0,99.09659485753996
101000,0.0,99.23031379514505
101250,0.0,99.32955131511089
101500,5.2,94.14893617021278
101750,0.0,97.48858447488584
102000,0.0,98.40116279069767
102250,0.0,98.8272921108742
102500,0.0,99.07407407407408
102750,0.0,99.09596662030597
103000,0.0,99.2298578199052
103250,0.0,99.32920536635706
103500,5.2,94.11764705882352
103750,0.0,97.48283752860412
104000,0.0,98.39883551673945
104250,89.2,98.45938375350141
104500,100.0,98.45938375350141
104750,100.0,100.0
105000,100.0,100.0
105250,100.0,100.0
105500,30.4,100.0
105750,0.0,100.0
106000,0.0,100.0
106250,89.2,100.0
106500,100.0,100.0
106750,100.0,100.0
107000,100.0,100.0
107250,100.0,100.0
107500,30.4,100.0
107750,0.0,100.0
108000,0.0,100.0
108250,89.2,100.0
108500,100.0,100.0
108750,100.0,52.17391304347826
109000,100.0,95.97069597069597
109250,100.0,97.89674952198853
109500,30.4,0.129366106080207
109750,0.0,0.09775171065493646
110000,0.0,0.07855459544383347
110250,89.2,17.23076923076923
110500,100.0,36.46153846153846
110750,100.0,55.69230769230769
111000,100.0,74.92307692307692
111250,100.0,94.15384615384616
111500,30.4,94.11764705882352
111750,0.0,97.48283752860412
112000,0.0,98.39883551673945
112250,89.2,98.45938375350141
112500,100.0,98.45938375350141
112750,100.0,100.0
113000,100.0,100.0
113250,100.0,100.0
113500,30.4,100.0
113750,0.0,100.0
114000,0.0,100.0
114250,89.2,100.0
114500,100.0,100.0
114750,100.0,100.0
115000,100.0,100.0
115250,100.0,100.0
115500,30.4,100.0
115750,0.0,100.0
116000,0.0,100.0
116250,89.2,100.0
116500,100.0,100.0
116750,100.0,52.17391304347826
117000,100.0,95.97069597069597
117250,100.0,97.89674952198853
117500,30.4,0.129366106080207
117750,0.0,0.09775171065493646
118000,0.0,0.07855459544383347
118250,89.2,17.23076923076923
118500,100.0,36.46153846153846
118750,100.0,55.69230769230769
119000,100.0,74.92307692307692
119250,100.0,94.15384615384616
119500,30.4,94.11764705882352
119750,0.0,97.48283752860412
120000,0.0,98.39883551673945
120250,89.2,98.45938375350141
120500,100.0,98.45938375350141
120750,100.0,100.0
121000,100.0,100.0
121250,100.0,100.0
121500,30.4,100.0
121750,0.0,100.0
122000,0.0,100.0
122250,89.2,100.0
122500,100.0,100.0
122750,100.0,100.0
123000,100.0,100.0
123250,100.0,100.0
123500,30.4,100.0
123750,0.0,100.0
124000,0.0,100.0
124250,89.2,100.0
124500,100.0,100.0
124750,100.0,52.17391304347826
125000,100.0,95.97069597069597
125250,100.0,97.89674952198853
125500,30.4,0.129366106080207
125750,0.0,0.09775171065493646
126000,0.0,0.07855459544383347
126250,89.2,17.23076923076923
126500,100.0,36.46153846153846
126750,100.0,55.69230769230769
127000,100.0,74.92307692307692
127250,100.0,94.15384615384616
127500,30.4,94.11764705882352
127750,0.0,97.48283752860412
128000,0.0,98.39883551673945
128250,89.2,98.45938375350141
128500,100.0,98.45938375350141
128750,100.0,100.0
129000,100.0,100.0
129250,100.0,100.0
129500,30.4,100.0
129750,0.0,100.0
130000,0.0,100.0
130250,89.2,100.0
130500,100.0,100.0
130750,100.0,100.0
131000,100.0,100.0
131250,100.0,100.0
131500,30.4,100.0
131750,0.0,100.0
132000,0.0,100.0
132250,89.2,100.0
132500,100.0,100.0
132750,100.0,52.17391304347826
133000,100.0,95.97069597069597
133250,100.0,97.89674952198853
133500,30.4,0.129366106080207
133750,0.0,0.09775171065493646
134000,0.0,0.07855459544383347
134250,89.2,17.23076923076923
134500,100.0,36.46153846153846
134750,100.0,55.69230769230769
135000,100.0,74.92307692307692
135250,100.0,94.15384615384616
135500,30.4,94.11764705882352
135750,0.0,97.48283752860412
136000,0.0,98.39883551673945
136250,89.2,98.45938375350141
136500,100.0,98.45938375350141
136750,100.0,100.0
137000,100.0,100.0
137250,100.0,100.0
137500,30.4,100.0
137750,0.0,100.0
138000,0.0,100.0
138250,89.2,100.0
138500,100.0,100.0
138750,100.0,100.0
139000,100.0,100.0
139250,100.0,100.0
139500,30.4,100.0
139750,0.0,100.0
140000,0.0,100.0
140250,89.2,100.0
140500,100.0,100.0
140750,100.0,52.17391304347826
141000,100.0,95.97069597069597
141250,100.0,97.89674952198853
141500,30.4,0.129366106080207
141750,0.0,0.09775171065493646
142000,0.0,0.07855459544383347
142250,89.2,17.23076923076923
142500,100.0,36.46153846153846
142750,100.0,55.69230769230769
143000,100.0,74.92307692307692
143250,100.0,94.15384615384616
143500,30.4,94.11764705882352
143750,0.0,97.48283752860412
144000,0.0,98.39883551673945
144250,89.2,98.45938375350141
144500,100.0,98.45938375350141
144750,100.0,100.0
145000,100.0,100.0
145250,100.0,100.0
145500,30.4,100.0
145750,0.0,100.0
146000,0.0,100.0
146250,89.2,100.0
146500,100.0,100.0
146750,100.0,100.0
147000,100.0,100.0
147250,100.0,100.0
147500,30.4,100.0
147750,0.0,100.0
148000,0.0,100.0
148250,89.2,100.0
148500,100.0,100.0
148750,100.0,52.17391304347826
149000,100.0,95.97069597069597
149250,100.0,97.89674952198853
149500,30.4,0.129366106080207
149750,0.0,0.09775171065493646
150000,0.0,0.07855459544383347
150250,89.2,17.23076923076923
150500,100.0,36.46153846153846
150750,100.0,55.69230769230769
151000,100.0,74.92307692307692
151250,100.0,94.15384615384616
151500,30.4,94.11764705882352
151750,0.0,97.48283752860412
152000,0.0,98.39883551673945
152250,89.2,98.45938375350141
152500,100.0,98.45938375350141
152750,100.0,100.0
153000,100.0,100.0
153250,100.0,100.0
153500,30.4,100.0
153750,0.0,100.0
154000,0.0,100.0
154250,89.2,100.0
154500,100.0,100.0
154750,100.0,100.0
155000,100.0,100.0
155250,100.0,100.0
155500,30.8,100.0
155750,0.0,100.0
156000,0.0,100.0
156250,0.0,1.3888888888888888
156500,0.0,1.0961214165261384
156750,0.0,0.06963788300835655
157000,0.0,0.05931198102016608
157250,0.0,0.05165289256198347
157500,5.2,94.05405405405406
157750,0.0,97.47126436781609
158000,0.0,98.3941605839416
158250,0.0,98.82352941176471
158500,0.0,99.07172995780591
158750,0.0,99.09407665505226
159000,0.0,99.22848664688428
159250,0.0,99.328165374677
159500,5.2,94.02173913043478
159750,0.0,97.46543778801843
160000,0.0,98.39181286549707
160250,0.0,98.82226980728052
160500,0.0,99.07094594594594
160750,0.0,99.09344490934448
161000,0.0,99.22802850356295
161250,0.0,99.32781799379524
161500,5.2,93.98907103825137
161750,0.0,97.45958429561202
162000,0.0,98.38945827232797
162250,0.0,98.82100750267952
162500,0.0,99.07016060862215
162750,0.0,99.09281228192603
163000,0.0,99.22756981580511
163250,0.0,99.32747025349198
163500,5.2,93.95604395604396
163750,0.0,97.45370370370371
164000,0.0,98.38709677419355
164250,0.0,98.8197424892704
164500,0.0,99.06937394247038
164750,0.0,99.09217877094973
165000,0.0,99.22711058263971
165250,0.0,99.32712215320912
165500,5.2,93.92265193370166
165750,0.0,97.4477958236659
166000,0.0,98.38472834067548
166250,0.0,98.81847475832438
166500,0.0,99.06858594411516
166750,0.0,99.09154437456324
167000,0.0,99.22665080309339
167250,0.0,99.32677369238736
167500,5.2,93.88888888888889
167750,0.0,97.44186046511628
168000,0.0,98.38235294117646
168250,0.0,98.81720430107526
168500,0.0,99.0677966101695
168750,0.0,99.0909090909091
169000,0.0,99.22619047619048
169250,0.0,99.32642487046633
169500,5.2,93.85474860335195
169750,0.0,97.43589743589743
170000,0.0,98.37997054491899
170250,0.0,98.81593110871906
170500,0.0,99.06700593723494
170750,0.0,99.09027291812457
171000,0.0,99.22572960095295
171250,0.0,99.3260756868844
171500,5.2,93.82022471910112
171750,0.0,97.42990654205607
172000,0.0,98.37758112094396
172250,0.0,98.8146551724138
172500,0.0,99.06621392190152
172750,0.0,99.08963585434174
173000,0.0,99.22526817640048
173250,0.0,99.32572614107885
173500,5.2,93.78531073446328
173750,0.0,97.42388758782201
174000,0.0,98.3751846381093
174250,0.0,98.8133764832794
174500,0.0,99.06542056074767
174750,0.0,99.08899789768746
175000,0.0,99.2248062015504
175250,0.0,99.32537623248572
175500,5.2,93.75
175750,0.0,97.41784037558685
176000,0.0,98.37278106508876
176250,0.0,98.81209503239741
176500,0.0,99.06462585034014
176750,0.0,99.08835904628332
177000,0.0,99.22434367541766
177250,0.0,99.32502596053997
177500,5.2,93.71428571428572
177750,0.0,97.41176470588235
178000,0.0,98.37037037037038
178250,0.0,98.8108108108108
178500,0.0,99.06382978723404
178750,0.0,99.08771929824562
179000,0.0,99.22388059701493
179250,0.0,99.32467532467533
179500,5.2,93.67816091954023
179750,0.0,97.40566037735849
180000,0.0,98.3679525222552
180250,0.0,98.80952380952381
180500,0.0,99.06303236797275
180750,0.0,99.08707865168539
181000,0.0,99.22341696535246
181250,0.0,99.32432432432432
181500,5.2,93.64161849710982
181750,0.0,97.39952718676122
182000,0.0,98.36552748885586
182250,0.0,98.80823401950163
182500,0.0,99.06223358908781
182750,0.0,99.08643710470835
183000,0.0,99.22295277943813
183250,0.0,99.32397295891836
183500,5.2,93.6046511627907
183750,0.0,97.39336492890996
184000,0.0,98.36309523809523
184250,0.0,98.80694143167028
184500,0.0,99.06143344709898
184750,0.0,99.0857946554149
185000,0.0,99.22248803827752
185250,0.0,99.32362122788761
185500,5.2,93.56725146198829
185750,0.0,97.38717339667458
186000,0.0,98.36065573770492
186250,0.0,98.8056460369164
186500,0.0,99.06063193851409
186750,0.0,99.08515130190007
187000,0.0,99.22202274087373
187250,0.0,99.32326913066112
187500,5.2,93.52941176470588
187750,0.0,97.38095238095238
188000,0.0,98.35820895522389
188250,0.0,98.80434782608695
188500,0.0,99.05982905982907
188750,0.0,99.08450704225352
189000,0.0,99.22155688622755
189250,0.0,99.32291666666667
189500,5.2,93.49112426035504
189750,0.0,97.3747016706444
190000,0.0,98.35575485799701
190250,0.0,98.80304678998912
190500,0.0,99.0590248075278
190750,0.0,99.08386187455956
191000,0.0,99.22109047333733
191250,0.0,99.3225638353309
191500,5.2,93.45238095238095
191750,0.0,97.36842105263158
192000,0.0,98.35329341317365
192250,0.0,98.80174291938998
192500,0.0,99.0582191780822
192750,0.0,99.08321579689704
193000,0.0,99.22062350119904
193250,0.0,99.32221063607925
193500,5.2,93.41317365269461
193750,0.0,97.3621103117506
194000,0.0,98.35082458770614
194250,0.0,98.80043620501637
194500,0.0,99.05741216795202
194750,0.0,99.08256880733946
195000,0.0,99.22015596880624
195250,0.0,99.32185706833594
195500,5.2,93.37349397590361
195750,0.0,97.35576923076923
196000,0.0,98.34834834834835
196250,0.0,98.7991266375546
196500,0.0,99.05660377358491
196750,0.0,99.0819209039548
197000,0.0,99.21968787515006
197250,0.0,99.32150313152401
197500,5.2,93.33333333333333
197750,0.0,97.34939759036145
198000,0.0,98.34586466165413
198250,0.0,98.79781420765028
198500,0.0,99.05579399141631
198750,0.0,99.08127208480565
199000,0.0,99.21921921921923
199250,0.0,99.32114882506528
199500,5.2,93.29268292682927
199750,0.0,97.34299516908213
200000,0.0,98.3433734939759
200250,0.0,98.7964989059081
200500,0.0,99.05498281786942
200750,0.0,99.08062234794907
201000,0.0,99.21875
201250,0.0,99.32079414838036
201500,5.2,93.25153374233128
201750,0.0,97.3365617433414
202000,0.0,98.34087481146304
202250,0.0,98.79518072289156
202500,0.0,99.05417024935511
202750,0.0,99.07997169143667
203000,0.0,99.21828021647624
203250,0.0,99.32043910088866
203500,5.2,93.20987654320987
203750,0.0,97.33009708737865
204000,0.0,98.33836858006042
204250,0.0,98.79385964912281
204500,0.0,99.05335628227195
204750,0.0,99.07932011331445
205000,0.0,99.21780986762936
205250,0.0,99.32008368200836
205500,5.2,93.16770186335404
205750,0.0,97.32360097323601
206000,0.0,98.33585476550681
206250,78.8,98.45938375350141
206500,100.0,98.45938375350141
206750,100.0,98.45938375350141
207000,100.0,100.0
207250,100.0,100.0
207500,40.8,100.0
207750,0.0,100.0
208000,0.0,100.0
208250,78.8,100.0
208500,100.0,100.0
208750,100.0,100.0
209000,100.0,100.0
209250,100.0,100.0
209500,40.8,100.0
209750,0.0,100.0
210000,0.0,100.0
210250,78.8,100.0
210500,100.0,100.0
210750,100.0,100.0
211000,100.0,95.54655870445345
211250,100.0,97.78672032193158
211500,40.8,0.13386880856760375
211750,0.0,0.10030090270812438
212000,0.0,0.08019246190858059
212250,78.8,15.230769230769232
212500,100.0,34.46153846153846
212750,100.0,53.69230769230769
213000,100.0,72.92307692307692
213250,100.0,92.15384615384615
213500,40.8,93.16770186335404
213750,0.0,97.32360097323601
214000,0.0,98.33585476550681
214250,78.8,98.45938375350141
214500,100.0,98.45938375350141
214750,100.0,98.45938375350141
215000,100.0,100.0
215250,100.0,100.0
215500,40.8,100.0
215750,0.0,100.0
216000,0.0,100.0
216250,78.8,100.0
216500,100.0,100.0
216750,100.0,100.0
217000,100.0,100.0
217250,100.0,100.0
217500,40.8,100.0
217750,0.0,100.0
218000,0.0,100.0
218250,78.8,100.0
218500,100.0,100.0
218750,100.0,100.0
219000,100.0,95.54655870445345
219250,100.0,97.78672032193158
219500,40.8,0.13386880856760375
219750,0.0,0.10030090270812438
220000,0.0,0.08019246190858059
220250,78.8,15.230769230769232
220500,100.0,34.46153846153846
220750,100.0,53.69230769230769
221000,100.0,72.92307692307692
221250,100.0,92.15384615384615
221500,40.8,93.16770186335404
221750,0.0,97.32360097323601
222000,0.0,98.33585476550681
222250,78.8,98.45938375350141
222500,100.0,98.45938375350141
222750,100.0,98.45938375350141
223000,100.0,100.0
223250,100.0,100.0
223500,40.8,100.0
223750,0.0,100.0
224000,0.0,100.0
224250,78.8,100.0
224500,100.0,100.0
224750,100.0,100.0
225000,100.0,100.0
225250,100.0,100.0
225500,40.8,100.0
225750,0.0,100.0
226000,0.0,100.0
226250,78.8,100.0
226500,100.0,100.0
226750,100.0,100.0
227000,100.0,95.54655870445345
227250,100.0,97.78672032193158
227500,40.8,0.13386880856760375
227750,0.0,0.10030090270812438
228000,0.0,0.08019246190858059
228250,78.8,15.230769230769232
228500,100.0,34.46153846153846
228750,100.0,53.69230769230769
229000,100.0,72.92307692307692
229250,100.0,92.15384615384615
229500,40.8,93.16770186335404
229750,0.0,97.32360097323601
230000,0.0,98.33585476550681
230250,78.8,98.45938375350141
230500,100.0,98.45938375350141
230750,100.0,98.45938375350141
231000,100.0,100.0
231250,100.0,100.0
231500,40.8,100.0
231750,0.0,100.0
232000,0.0,100.0
232250,78.8,100.0
232500,100.0,100.0
232750,100.0,100.0
233000,100.0,100.0
233250,100.0,100.0
233500,40.8,100.0
233750,0.0,100.0
234000,0.0,100.0
234250,78.8,100.0
234500,100.0,100.0
234750,100.0,100.0
235000,100.0,95.54655870445345
235250,100.0,97.78672032193158
235500,40.8,0.13386880856760375
235750,0.0,0.10030090270812438
236000,0.0,0.08019246190858059
236250,78.8,15.230769230769232
236500,100.0,34.46153846153846
236750,100.0,53.69230769230769
237000,100.0,72.92307692307692
237250,100.0,92.15384615384615
237500,40.8,93.16770186335404
237750,0.0,97.32360097323601
238000,0.0,98.33585476550681
238250,78.8,98.45938375350141
238500,100.0,98.45938375350141
238750,100.0,98.45938375350141
239000,100.0,100.0
239250,100.0,100.0
239500,40.8,100.0
239750,0.0,100.0
240000,0.0,100.0
240250,78.8,100.0
240500,100.0,100.0
240750,100.0,100.0
241000,100.0,100.0
241250,100.0,100.0
241500,40.8,100.0
241750,0.0,100.0
242000,0.0,100.0
242250,78.8,100.0
242500,100.0,100.0
242750,100.0,100.0
243000,100.0,95.54655870445345
243250,100.0,97.78672032193158
243500,40.8,0.13386880856760375
243750,0.0,0.10030090270812438
244000,0.0,0.08019246190858059
244250,78.8,15.230769230769232
244500,100.0,34.46153846153846
244750,100.0,53.69230769230769
245000,100.0,72.92307692307692
245250,100.0,92.15384615384615
245500,40.8,93.16770186335404
245750,0.0,97.32360097323601
246000,0.0,98.33585476550681
246250,78.8,98.45938375350141
246500,100.0,98.45938375350141
246750,100.0,98.45938375350141
247000,100.0,100.0
247250,100.0,100.0
247500,40.8,100.0
247750,0.0,100.0
248000,0.0,100.0
248250,78.8,100.0
248500,100.0,100.0
248750,100.0,100.0
249000,100.0,100.0
249250,100.0,100.0
249500,40.8,100.0
249750,0.0,100.0
250000,0.0,100.0
250250,78.8,100.0
250500,100.0,100.0
250750,100.0,100.0
251000,100.0,95.54655870445345
251250,100.0,97.78672032193158
251500,40.8,0.13386880856760375
251750,0.0,0.10030090270812438
252000,0.0,0.08019246190858059
252250,78.8,15.230769230769232
252500,100.0,34.46153846153846
252750,100.0,53.69230769230769
253000,100.0,72.92307692307692
253250,100.0,92.15384615384615
253500,40.8,93.16770186335404
253750,0.0,97.32360097323601
254000,0.0,98.33585476550681
254250,78.8,98.45938375350141
254500,100.0,98.45938375350141
254750,100.0,98.45938375350141
255000,100.0,100.0
255250,100.0,100.0
255500,40.8,100.0
255750,0.0,100.0
256000,0.0,100.0
256250,78.8,100.0
256500,100.0,100.0
256750,100.0,100.0
257000,100.0,100.0
257250,100.0,100.0
257500,41.199999999999996,100.0
257750,0.0,100.0
258000,0.0,100.0
258250,0.0,1.4285714285714286
258500,0.0,1.1206896551724137
258750,0.0,0.07092198581560284
259000,0.0,0.06024096385542169
259250,0.0,0.052356020942408384
259500,5.2,93.08176100628931
259750,0.0,97.31051344743277
260000,0.0,98.33080424886191
260250,0.0,98.78987898789879
260500,0.0,99.0509059534081
260750,0.0,99.07735982966643
261000,0.0,99.21639541892706
261250,0.0,99.31901519119958
261500,5.2,93.0379746835443
261750,0.0,97.30392156862744
262000,0.0,98.32826747720364
262250,0.0,98.7885462555066
262500,0.0,99.05008635578584
262750,0.0,99.07670454545455
263000,0.0,99.21592279855247
263250,0.0,99.31865828092243
263500,5.2,92.99363057324841
263750,0.0,97.2972972972973
264000,0.0,98.32572298325722
264250,0.0,98.78721058434398
264500,0.0,99.04926534140017
264750,0.0,99.07604832977968
265000,0.0,99.2154496077248
265250,0.0,99.31830099632931
265500,5.2,92.94871794871796
265750,0.0,97.29064039408867
266000,0.0,98.32317073170732
266250,0.0,98.78587196467991
266500,0.0,99.0484429065744
266750,0.0,99.07539118065434
267000,0.0,99.21497584541062
267250,0.0,99.31794333683106
267500,5.2,92.90322580645162
267750,0.0,97.28395061728395
268000,0.0,98.3206106870229
268250,0.0,98.78453038674033
268500,0.0,99.04761904761905
268750,0.0,99.07473309608541
269000,0.0,99.21450151057401
269250,0.0,99.31758530183727
269500,5.2,92.85714285714286
269750,0.0,97.27722772277228
270000,0.0,98.31804281345565
270250,0.0,98.78318584070797
270500,0.0,99.04679376083189
270750,0.0,99.07407407407408
271000,0.0,99.21402660217655
271250,0.0,99.3172268907563
271500,5.2,92.81045751633987
271750,0.0,97.27047146401985
272000,0.0,98.31546707503828
272250,0.0,98.78183831672203
272500,0.0,99.04596704249784
272750,0.0,99.07341411261582
273000,0.0,99.21355111917725
273250,0.0,99.31686810299527
273500,5.2,92.76315789473685
273750,0.0,97.2636815920398
274000,0.0,98.31288343558282
274250,0.0,98.78048780487805
274500,0.0,99.04513888888889
274750,0.0,99.07275320970042
275000,0.0,99.21307506053269
275250,0.0,99.31650893796005
275500,5.2,92.71523178807946
275750,0.0,97.2568578553616
276000,0.0,98.31029185867895
276250,0.0,98.77913429522752
276500,0.0,99.04430929626412
276750,0.0,99.07209136331193
277000,0.0,99.21259842519686
277250,0.0,99.31614939505523
277500,5.2,92.66666666666666
277750,0.0,97.25
278000,0.0,98.3076923076923
278250,0.0,98.77777777777777
278500,0.0,99.04347826086956
278750,0.0,99.07142857142858
279000,0.0,99.2121212121212
279250,0.0,99.31578947368422
279500,5.2,92.61744966442953
279750,0.0,97.24310776942356
280000,0.0,98.30508474576271
280250,0.0,98.77641824249166
280500,0.0,99.04264577893821
280750,0.0,99.07076483202287
281000,0.0,99.2116434202547
281250,0.0,99.31542917324909
281500,5.2,92.56756756756756
281750,0.0,97.23618090452261
282000,0.0,98.30246913580247
282250,0.0,98.7750556792873
282500,0.0,99.0418118466899
282750,0.0,99.07010014306151
283000,0.0,99.21116504854369
283250,0.0,99.31506849315068
283500,5.2,92.51700680272108
283750,0.0,97.22921914357683
284000,0.0,98.2998454404946
284250,0.0,98.7736900780379
284500,0.0,99.0409764603313
284750,0.0,99.06943450250537
285000,0.0,99.210686095932
285250,0.0,99.31470743278862
285500,5.2,92.46575342465754
285750,0.0,97.22222222222221
286000,0.0,98.29721362229103
286250,0.0,98.77232142857143
286500,0.0,99.04013961605584
286750,0.0,99.06876790830945
287000,0.0,99.21020656136086
287250,0.0,99.31434599156118
287500,5.2,92.41379310344827
287750,0.0,97.21518987341771
288000,0.0,98.29457364341086
288250,0.0,98.77094972067039
288500,0.0,99.03930131004367
288750,0.0,99.06810035842294
289000,0.0,99.209726443769
289250,0.0,99.31398416886543
289500,5.2,92.36111111111111
289750,0.0,97.20812182741116
290000,0.0,98.29192546583852
290250,0.0,98.76957494407159
290500,0.0,99.03846153846155
290750,0.0,99.0674318507891
291000,0.0,99.20924574209245
291250,0.0,99.31362196409715
291500,5.2,92.3076923076923
291750,0.0,97.20101781170484
292000,0.0,98.28926905132192
292250,0.0,98.76819708846585
292500,0.0,99.03762029746281
292750,0.0,99.06676238334529
293000,0.0,99.20876445526477
293250,0.0,99.31325937665082
293500,5.2,92.25352112676056
293750,0.0,97.1938775510204
294000,0.0,98.28660436137072
294250,0.0,98.76681614349776
294500,0.0,99.03677758318739
294750,0.0,99.06609195402298
295000,0.0,99.20828258221681
295250,0.0,99.31289640591966
295500,5.2,92.19858156028369
295750,0.0,97.18670076726342
296000,0.0,98.28393135725429
296250,0.0,98.76543209876543
296500,0.0,99.03593339176162
296750,0.0,99.06542056074767
297000,0.0,99.2078001218769
297250,0.0,99.31253305129562
297500,5.2,92.14285714285714
297750,0.0,97.17948717948718
298000,0.0,98.28125
298250,0.0,98.76404494382022
298500,0.0,99.03508771929825
298750,0.0,99.06474820143885
299000,0.0,99.20731707317073
299250,0.0,99.3121693121693
299500,5.2,92.08633093525181
299750,0.0,97.17223650385604
300000,0.0,98.27856025039124
300250,0.0,98.76265466816648
300500,0.0,99.0342405618964
300750,0.0,99.06407487401007
301000,0.0,99.20683343502135
301250,0.0,99.31180518793012
301500,5.2,92.02898550724638
301750,0.0,97.16494845360825
302000,0.0,98.27586206896551
302250,0.0,98.76126126126125
302500,0.0,99.03339191564147
302750,0.0,99.06340057636888
303000,0.0,99.20634920634922
303250,0.0,99.3114406779661
303500,5.2,91.97080291970804
303750,0.0,97.1576227390181
304000,0.0,98.27315541601256
304250,0.0,98.75986471251409
304500,0.0,99.0325417766051
304750,0.0,99.06272530641672
305000,0.0,99.20586438607208
305250,0.0,99.31107578166402
305500,5.2,91.91176470588235
305750,0.0,97.15025906735751
306000,0.0,98.27044025157232
