250,0.0,100.0
500,0.0,100.0
750,0.0,100.0
1000,0.0,100.0
1250,0.0,100.0
1500,0.0,100.0
1750,0.0,9.485714285714286
2000,0.0,20.8
2250,6.0,14.269406392694064
2500,33.2,31.545741324921135
2750,100.0,47.3186119873817
3000,100.0,63.09148264984227
3250,100.0,78.86435331230284
3500,100.0,94.6372239747634
3750,40.400000000000006,8.597807270628968
4000,0.0,20.12102874432678
4250,6.0,14.409221902017292
4500,40.0,31.545741324921135
4750,100.0,47.3186119873817
5000,100.0,63.09148264984227
5250,100.0,78.86435331230284
5500,100.0,94.6372239747634
5750,40.400000000000006,10.542929292929292
6000,0.0,26.325757575757574
6250,99.6,26.37223974763407
6500,100.0,5.299684542586751
6750,100.0,21.07255520504732
7000,100.0,36.845425867507885
7250,100.0,52.618296529968454
7500,100.0,68.39116719242902
7750,40.0,14.29794520547945
8000,0.0,35.70205479452055
8250,99.6,35.78767123287671
8500,100.0,7.191780821917808
8750,100.0,28.5958904109589
9000,100.0,50.0
9250,100.0,10.904255319148938
9500,100.0,44.148936170212764
9750,40.0,77.3936170212766
10000,0.0,10.638297872340425
10250,99.6,22.73936170212766
10500,100.0,55.98404255319149
10750,100.0,89.22872340425532
11000,100.0,36.84992570579495
11250,100.0,73.99702823179793
11500,100.0,11.144130757800893
11750,39.6,48.29123328380386
12000,0.0,85.43833580980683
12250,99.6,85.58692421991084
12500,100.0,85.58692421991084
12750,100.0,77.77777777777779
13000,100.0,30.303030303030305
13250,100.0,82.82828282828282
13500,100.0,35.35353535353536
13750,40.0,87.87878787878788
14000,0.0,40.4040404040404
14250,99.6,51.66666666666667
14500,100.0,68.33333333333333
14750,100.0,85.0
15000,100.0,1.6666666666666667
15250,100.0,18.333333333333332
15500,100.0,35.0
15750,39.6,51.66666666666667
16000,0.0,68.33333333333333
16250,99.6,87.5
16500,100.0,50.0
16750,100.0,12.5
17000,100.0,70.58823529411765
17250,100.0,98.12734082397003
17500,100.0,99.03288201160542
17750,40.0,99.34810951760105
18000,0.0,99.50835791543756
18250,99.6,99.50884086444007
18500,100.0,99.50884086444007
18750,100.0,99.50884086444007
19000,100.0,99.50884086444007
19250,100.0,93.75
19500,100.0,52.94117647058824
19750,40.0,97.00374531835206
20000,0.0,98.45261121856866
20250,99.6,98.45559845559846
20500,100.0,98.45559845559846
20750,100.0,97.58064516129032
21000,100.0,98.79518072289156
21250,100.0,99.19786096256684
21500,100.0,99.39879759519037
21750,40.0,99.51923076923077
22000,0.0,99.59946595460613
22250,99.6,99.59973315543695
22500,100.0,99.59973315543695
22750,100.0,99.59973315543695
23000,100.0,99.59973315543695
23250,100.0,99.59973315543695
23500,100.0,56.25
23750,40.0,18.75
24000,0.0,81.25
24250,99.6,87.5
24500,100.0,50.0
24750,100.0,12.5
25000,100.0,75.0
25250,100.0,37.5
25500,100.0,100.0
25750,40.0,62.5
26000,0.0,25.0
26250,99.6,43.75
26500,100.0,6.25
26750,100.0,68.75
27000,100.0,31.25
27250,100.0,93.75
27500,100.0,52.94117647058824
27750,40.0,97.00374531835206
28000,0.0,98.45261121856866
28250,99.6,98.45559845559846
28500,100.0,98.45559845559846
28750,100.0,12.5
29000,100.0,70.58823529411765
29250,100.0,98.12734082397003
29500,100.0,99.03288201160542
29750,40.0,99.34810951760105
30000,0.0,99.50835791543756
30250,99.6,99.50884086444007
30500,100.0,99.50884086444007
30750,100.0,99.50884086444007
31000,100.0,99.50884086444007
31250,100.0,93.75
31500,100.0,52.94117647058824
31750,40.0,97.00374531835206
32000,0.0,98.45261121856866
32250,99.6,98.45559845559846
32500,100.0,98.45559845559846
32750,100.0,12.5
33000,100.0,70.58823529411765
33250,100.0,98.12734082397003
33500,100.0,99.03288201160542
33750,40.0,99.34810951760105
34000,0.0,99.50835791543756
34250,99.6,99.50884086444007
34500,100.0,99.50884086444007
34750,100.0,99.50884086444007
35000,100.0,99.50884086444007
35250,100.0,93.75
35500,100.0,56.25
35750,40.0,18.75
36000,0.0,81.25
36250,99.6,87.5
36500,100.0,50.0
36750,100.0,12.5
37000,100.0,75.0
37250,100.0,37.5
37500,100.0,100.0
37750,40.0,62.5
38000,0.0,25.0
38250,99.6,43.75
38500,100.0,100.0
38750,100.0,100.0
39000,100.0,100.0
39250,100.0,100.0
39500,100.0,100.0
39750,40.0,100.0
40000,0.0,100.0
40250,99.6,100.0
40500,100.0,100.0
40750,100.0,100.0
41000,100.0,100.0
41250,100.0,100.0
41500,100.0,100.0
41750,40.0,56.25
42000,0.0,18.75
42250,99.6,50.0
42500,100.0,56.25
42750,100.0,95.0354609929078
43000,100.0,97.36842105263158
43250,100.0,98.20971867007673
43500,100.0,98.64341085271317
43750,40.0,0.078003120124805
44000,0.0,0.06527415143603134
44250,99.6,16.307893020221787
44500,100.0,32.615786040443574
44750,100.0,48.92367906066536
45000,100.0,65.23157208088715
45250,100.0,81.53946510110893
45500,100.0,97.84735812133071
45750,40.0,68.75
46000,0.0,31.25
46250,99.6,37.5
46500,100.0,100.0
46750,100.0,62.5
47000,100.0,23.52941176470588
47250,100.0,95.13108614232209
47500,100.0,97.48549323017409
47750,40.0,98.30508474576271
48000,0.0,98.72173058013766
48250,99.6,98.72298624754421
48500,100.0,98.72298624754421
48750,100.0,98.72298624754421
49000,100.0,98.72298624754421
49250,100.0,43.75
49500,100.0,6.25
49750,40.0,68.75
50000,0.0,29.411764705882355
50250,99.6,99.19354838709677
50500,100.0,100.0
50750,100.0,100.0
51000,100.0,100.0
51250,100.0,100.0
51500,100.0,100.0
51750,40.0,100.0
52000,0.0,100.0
52250,99.6,100.0
52500,100.0,100.0
52750,100.0,100.0
53000,100.0,100.0
53250,100.0,100.0
53500,100.0,100.0
53750,40.400000000000006,50.0
54000,0.0,12.5
54250,0.0,0.37735849056603776
54500,0.0,0.1941747572815534
54750,0.0,0.130718954248366
55000,0.0,0.09852216748768472
55250,0.0,0.07905138339920949
55500,0.0,0.066006600660066
55750,0.0,50.0
56000,5.6000000000000005,12.5
56250,0.8,62.5
56500,0.0,25.0
56750,0.0,87.5
57000,0.0,50.0
57250,0.0,12.5
57500,0.0,75.0
57750,0.0,98.49624060150376
58000,0.0,99.2248062015504
58250,0.0,99.47780678851174
58500,0.0,99.60629921259843
58750,0.0,99.68404423380727
59000,0.0,99.73614775725594
59250,0.0,99.09399773499433
59500,6.0,99.95002498750625
59750,0.4,94.71698113207547
60000,0.0,97.28155339805825
60250,0.0,98.16993464052287
60500,0.0,98.62068965517241
60750,0.0,98.89328063241106
61000,0.0,99.07590759075907
61250,0.0,99.09348441926346
61500,5.6000000000000005,99.9000499750125
61750,0.8,94.6969696969697
62000,0.0,97.27626459143968
62250,0.0,98.1675392670157
62500,0.0,98.61932938856016
62750,0.0,98.89240506329115
63000,0.0,99.07529722589167
63250,0.0,99.09297052154194
63500,5.2,99.85007496251875
63750,1.2,94.67680608365019
64000,0.0,97.270955165692
64250,0.0,98.1651376146789
64500,0.0,98.61796643632775
64750,0.0,98.89152810768013
65000,0.0,99.07468605419696
65250,0.0,99.09245604083948
65500,4.8,99.80009995002499
65750,1.6,94.65648854961832
66000,0.0,97.265625
66250,0.0,98.16272965879264
66500,0.0,98.61660079051383
66750,0.0,98.8906497622821
67000,0.0,99.07407407407408
67250,0.0,99.09194097616346
67500,4.3999999999999995,99.75012493753124
67750,2.0,94.6360153256705
68000,0.0,97.26027397260275
68250,0.0,98.16031537450722
68500,0.0,98.61523244312562
68750,0.0,98.88977002379065
69000,0.0,99.07346128391794
69250,0.0,99.09142532651902
69500,4.0,99.70014992503748
69750,2.4,94.61538461538461
70000,0.0,97.25490196078431
70250,0.0,98.15789473684211
70500,0.0,98.61386138613861
70750,0.0,98.88888888888889
71000,0.0,99.0728476821192
71250,0.0,99.0909090909091
71500,3.5999999999999996,99.65017491254373
71750,2.8000000000000003,94.5945945945946
72000,0.0,97.24950884086444
72250,0.0,98.15546772068511
72500,0.0,98.61248761149653
72750,0.0,98.8880063542494
73000,0.0,99.07223326706428
73250,0.0,99.09039226833428
73500,3.2,99.60019990004997
73750,3.2,94.57364341085271
74000,0.0,97.24409448818898
74250,0.0,98.15303430079155
74500,0.0,98.61111111111111
74750,0.0,98.88712241653418
75000,0.0,99.07161803713528
75250,0.0,99.08987485779295
75500,2.8000000000000003,99.55022488755623
75750,3.5999999999999996,94.55252918287937
76000,0.0,97.2386587771203
76250,0.0,98.15059445178336
76500,0.0,98.60973187686196
76750,0.0,98.8862370723946
77000,0.0,99.07100199071002
77250,0.0,99.08935685828116
77500,2.4,99.50024987506248
77750,4.0,94.53125
78000,0.0,97.23320158102767
78250,0.0,98.14814814814815
78500,0.0,98.60834990059642
78750,0.0,98.88535031847134
79000,0.0,99.07038512616202
79250,0.0,99.08883826879271
79500,2.0,99.4502748625687
79750,4.3999999999999995,94.50980392156862
80000,0.0,97.22772277227722
80250,0.0,98.1456953642384
80500,0.0,98.60696517412936
80750,0.0,98.88446215139443
81000,0.0,99.06976744186046
81250,0.0,99.08831908831908
81500,1.6,99.40029985007496
81750,4.8,94.48818897637796
82000,0.0,97.22222222222221
82250,0.0,98.14323607427056
82500,0.0,98.60557768924303
82750,0.0,98.88357256778309
83000,0.0,99.06914893617021
83250,0.0,99.0877993158495
83500,1.2,99.35032483758121
83750,5.2,94.46640316205533
84000,0.0,97.21669980119285
84250,0.0,98.14077025232405
84500,0.0,98.60418743768695
84750,0.0,98.88268156424581
85000,0.0,99.06852960745177
85250,0.0,99.08727895037079
85500,0.8,99.30034982508745
85750,5.6000000000000005,94.44444444444444
86000,0.0,97.21115537848605
86250,0.0,98.13829787234043
86500,0.0,98.60279441117764
86750,0.0,98.8817891373802
87000,0.0,99.06790945406125
87250,0.0,99.08675799086758
87500,0.4,99.2503748125937
87750,6.0,94.42231075697211
88000,0.0,97.2055888223553
88250,0.0,98.1358189081225
88500,0.0,98.6013986013986
88750,0.0,98.88089528377299
89000,0.0,99.06728847435043
89250,0.0,99.08623643632211
89500,0.0,99.20039980009994
89750,6.4,94.39999999999999
90000,0.0,97.2
90250,0.0,98.13333333333333
90500,0.0,98.6
90750,0.0,98.88
91000,0.0,99.06666666666666
91250,0.0,99.08571428571429
91500,0.0,99.2
91750,6.4,94.37751004016064
92000,0.0,97.1943887775551
92250,0.0,98.13084112149532
92500,0.0,98.5985985985986
92750,0.0,98.8791032826261
93000,0.0,99.06604402935291
93250,0.0,99.08519153802172
93500,0.0,99.19959979989996
93750,6.4,94.35483870967742
94000,0.0,97.18875502008032
94250,0.0,98.1283422459893
94500,0.0,98.59719438877755
94750,0.0,98.87820512820514
95000,0.0,99.06542056074767
95250,0.0,99.08466819221968
95500,0.0,99.1991991991992
95750,6.4,94.33198380566802
96000,0.0,97.1830985915493
96250,0.0,98.12583668005355
96500,0.0,98.59578736208626
96750,0.0,98.87730553327987
97000,0.0,99.06479625918504
97250,0.0,99.08414424728106
97500,0.0,99.19879819729594
97750,6.4,94.3089430894309
98000,0.0,97.17741935483872
98250,0.0,98.12332439678283
98500,0.0,98.59437751004016
98750,0.0,98.87640449438202
99000,0.0,99.06417112299465
99250,0.0,99.0836197021764
99500,0.0,99.19839679358718
99750,6.4,94.28571428571428
100000,0.0,97.17171717171718
100250,0.0,98.12080536912752
100500,0.0,98.5929648241206
100750,0.0,98.87550200803213
101000,0.0,99.06354515050168
101250,0.0,99.08309455587393
101500,0.0,99.19799498746868
101750,6.4,94.26229508196722
102000,0.0,97.16599190283401
102250,0.0,98.11827956989248
102500,0.0,98.59154929577466
102750,0.0,98.87459807073955
103000,0.0,99.06291834002677
103250,0.0,99.08256880733946
103500,0.0,99.19759277833501
103750,6.4,94.23868312757202
104000,0.0,97.16024340770791
104250,89.2,97.3076923076923
104500,100.0,97.3076923076923
104750,100.0,100.0
105000,100.0,100.0
105250,100.0,100.0
105500,100.0,100.0
105750,50.4,100.0
106000,0.0,100.0
106250,89.2,100.0
106500,100.0,100.0
106750,100.0,100.0
107000,100.0,100.0
107250,100.0,100.0
107500,100.0,100.0
107750,50.4,100.0
108000,0.0,100.0
108250,89.2,100.0
108500,100.0,100.0
108750,100.0,93.63636363636364
109000,100.0,97.02127659574468
109250,100.0,98.05555555555556
109500,100.0,98.55670103092784
109750,50.4,0.08196721311475409
110000,0.0,0.06802721088435373
110250,89.2,14.963259853039412
110500,100.0,31.663326653306612
110750,100.0,48.36339345357381
111000,100.0,65.06346025384101
111250,100.0,81.76352705410822
111500,100.0,98.46359385437542
111750,50.4,94.23868312757202
112000,0.0,97.16024340770791
112250,89.2,97.3076923076923
112500,100.0,97.3076923076923
112750,100.0,100.0
113000,100.0,100.0
113250,100.0,100.0
113500,100.0,100.0
113750,50.4,100.0
114000,0.0,100.0
114250,89.2,100.0
114500,100.0,100.0
114750,100.0,100.0
115000,100.0,100.0
115250,100.0,100.0
115500,100.0,100.0
115750,50.4,100.0
116000,0.0,100.0
116250,89.2,100.0
116500,100.0,100.0
116750,100.0,93.63636363636364
117000,100.0,97.02127659574468
117250,100.0,98.05555555555556
117500,100.0,98.55670103092784
117750,50.4,0.08196721311475409
118000,0.0,0.06802721088435373
118250,89.2,14.963259853039412
118500,100.0,31.663326653306612
118750,100.0,48.36339345357381
119000,100.0,65.06346025384101
119250,100.0,81.76352705410822
119500,100.0,98.46359385437542
119750,50.4,94.23868312757202
120000,0.0,97.16024340770791
120250,89.2,97.3076923076923
120500,100.0,97.3076923076923
120750,100.0,100.0
121000,100.0,100.0
121250,100.0,100.0
121500,100.0,100.0
121750,50.4,100.0
122000,0.0,100.0
122250,89.2,100.0
122500,100.0,100.0
122750,100.0,100.0
123000,100.0,100.0
123250,100.0,100.0
123500,100.0,100.0
123750,50.4,100.0
124000,0.0,100.0
124250,89.2,100.0
124500,100.0,100.0
124750,100.0,93.63636363636364
125000,100.0,97.02127659574468
125250,100.0,98.05555555555556
125500,100.0,98.55670103092784
125750,50.4,0.08196721311475409
126000,0.0,0.06802721088435373
126250,89.2,14.963259853039412
126500,100.0,31.663326653306612
126750,100.0,48.36339345357381
127000,100.0,65.06346025384101
127250,100.0,81.76352705410822
127500,100.0,98.46359385437542
127750,50.4,94.23868312757202
128000,0.0,97.16024340770791
128250,89.2,97.3076923076923
128500,100.0,97.3076923076923
128750,100.0,100.0
129000,100.0,100.0
129250,100.0,100.0
129500,100.0,100.0
129750,50.4,100.0
130000,0.0,100.0
130250,89.2,100.0
130500,100.0,100.0
130750,100.0,100.0
131000,100.0,100.0
131250,100.0,100.0
131500,100.0,100.0
131750,50.4,100.0
132000,0.0,100.0
132250,89.2,100.0
132500,100.0,100.0
132750,100.0,93.63636363636364
133000,100.0,97.02127659574468
133250,100.0,98.05555555555556
133500,100.0,98.55670103092784
133750,50.4,0.08196721311475409
134000,0.0,0.06802721088435373
134250,89.2,14.963259853039412
134500,100.0,31.663326653306612
134750,100.0,48.36339345357381
135000,100.0,65.06346025384101
135250,100.0,81.76352705410822
135500,100.0,98.46359385437542
135750,50.4,94.23868312757202
136000,0.0,97.16024340770791
136250,89.2,97.3076923076923
136500,100.0,97.3076923076923
136750,100.0,100.0
137000,100.0,100.0
137250,100.0,100.0
137500,100.0,100.0
137750,50.4,100.0
138000,0.0,100.0
138250,89.2,100.0
138500,100.0,100.0
138750,100.0,100.0
139000,100.0,100.0
139250,100.0,100.0
139500,100.0,100.0
139750,50.4,100.0
140000,0.0,100.0
140250,89.2,100.0
140500,100.0,100.0
140750,100.0,93.63636363636364
141000,100.0,97.02127659574468
141250,100.0,98.05555555555556
141500,100.0,98.55670103092784
141750,50.4,0.08196721311475409
142000,0.0,0.06802721088435373
142250,89.2,14.963259853039412
142500,100.0,31.663326653306612
142750,100.0,48.36339345357381
143000,100.0,65.06346025384101
143250,100.0,81.76352705410822
143500,100.0,98.46359385437542
143750,50.4,94.23868312757202
144000,0.0,97.16024340770791
144250,89.2,97.3076923076923
144500,100.0,97.3076923076923
144750,100.0,100.0
145000,100.0,100.0
145250,100.0,100.0
145500,100.0,100.0
145750,50.4,100.0
146000,0.0,100.0
146250,89.2,100.0
146500,100.0,100.0
146750,100.0,100.0
147000,100.0,100.0
147250,100.0,100.0
147500,100.0,100.0
147750,50.4,100.0
148000,0.0,100.0
148250,89.2,100.0
148500,100.0,100.0
148750,100.0,93.63636363636364
149000,100.0,97.02127659574468
149250,100.0,98.05555555555556
149500,100.0,98.55670103092784
149750,50.4,0.08196721311475409
150000,0.0,0.06802721088435373
150250,89.2,14.963259853039412
150500,100.0,31.663326653306612
150750,100.0,48.36339345357381
151000,100.0,65.06346025384101
151250,100.0,81.76352705410822
151500,100.0,98.46359385437542
151750,50.4,94.23868312757202
152000,0.0,97.16024340770791
152250,89.2,97.3076923076923
152500,100.0,97.3076923076923
152750,100.0,100.0
153000,100.0,100.0
153250,100.0,100.0
153500,100.0,100.0
153750,50.4,100.0
154000,0.0,100.0
154250,89.2,100.0
154500,100.0,100.0
154750,100.0,100.0
155000,100.0,100.0
155250,100.0,100.0
155500,100.0,100.0
155750,50.8,100.0
156000,0.0,100.0
156250,0.0,2.15633423180593
156500,0.0,1.6129032258064515
156750,0.0,1.288244766505636
157000,0.0,1.0723860589812333
157250,0.0,0.0574052812858783
157500,0.0,0.0502008032128514
157750,6.4,94.1908713692946
158000,0.0,97.14867617107943
158250,0.0,98.11066126855602
158500,0.0,98.58728557013117
158750,0.0,98.87187751813053
159000,0.0,99.06103286384976
159250,0.0,99.0809879379667
159500,0.0,99.19638372677046
159750,6.4,94.16666666666667
160000,0.0,97.14285714285714
160250,0.0,98.1081081081081
160500,0.0,98.58585858585859
160750,0.0,98.87096774193549
161000,0.0,99.06040268456375
161250,0.0,99.08045977011494
161500,0.0,99.19597989949749
161750,6.4,94.14225941422593
162000,0.0,97.13701431492842
162250,0.0,98.10554803788904
162500,0.0,98.58442871587462
162750,0.0,98.87005649717514
163000,0.0,99.05977165883144
163250,0.0,99.07993099482462
163500,0.0,99.1955756661639
163750,6.4,94.11764705882352
164000,0.0,97.1311475409836
164250,0.0,98.1029810298103
164500,0.0,98.582995951417
164750,0.0,98.86914378029078
165000,0.0,99.05913978494624
165250,0.0,99.07940161104717
165500,0.0,99.19517102615694
165750,6.4,94.09282700421942
166000,0.0,97.1252566735113
166250,0.0,98.10040705563094
166500,0.0,98.58156028368793
166750,0.0,98.86822958771221
167000,0.0,99.05850706119705
167250,0.0,99.07887161773172
167500,0.0,99.1947659788626
167750,6.4,94.0677966101695
168000,0.0,97.11934156378601
168250,0.0,98.09782608695652
168500,0.0,98.58012170385395
168750,0.0,98.86731391585761
169000,0.0,99.0578734858681
169250,0.0,99.07834101382488
169500,0.0,99.19436052366567
169750,6.4,94.04255319148936
170000,0.0,97.11340206185567
170250,0.0,98.09523809523809
170500,0.0,98.57868020304569
170750,0.0,98.8663967611336
171000,0.0,99.05723905723906
171250,0.0,99.07780979827089
171500,0.0,99.19395465994963
171750,6.4,94.01709401709401
172000,0.0,97.10743801652893
172250,0.0,98.09264305177112
172500,0.0,98.57723577235772
172750,0.0,98.86547811993516
173000,0.0,99.05660377358491
173250,0.0,99.07727797001154
173500,0.0,99.19354838709677
173750,6.4,93.99141630901288
174000,0.0,97.10144927536231
174250,0.0,98.09004092769442
174500,0.0,98.57578840284842
174750,0.0,98.86455798864559
175000,0.0,99.055967633176
175250,0.0,99.07674552798615
175500,0.0,99.19314170448816
175750,6.4,93.96551724137932
176000,0.0,97.0954356846473
176250,0.0,98.08743169398907
176500,0.0,98.57433808553971
176750,0.0,98.86363636363636
177000,0.0,99.05533063427801
177250,0.0,99.07621247113164
177500,0.0,99.19273461150352
177750,6.4,93.93939393939394
178000,0.0,97.0893970893971
178250,0.0,98.08481532147742
178500,0.0,98.57288481141691
178750,0.0,98.86271324126726
179000,0.0,99.05469277515192
179250,0.0,99.07567879838244
179500,0.0,99.19232710752145
179750,6.4,93.91304347826087
180000,0.0,97.08333333333333
180250,0.0,98.08219178082192
180500,0.0,98.57142857142858
180750,0.0,98.86178861788618
181000,0.0,99.05405405405405
181250,0.0,99.07514450867052
181500,0.0,99.19191919191918
181750,6.4,93.88646288209607
182000,0.0,97.07724425887265
182250,0.0,98.079561042524
182500,0.0,98.56996935648621
182750,0.0,98.86086248982913
183000,0.0,99.05341446923597
183250,0.0,99.07460960092538
183500,0.0,99.19151086407277
183750,6.4,93.85964912280701
184000,0.0,97.07112970711297
184250,0.0,98.07692307692307
184500,0.0,98.56850715746421
184750,0.0,98.8599348534202
185000,0.0,99.05277401894452
185250,0.0,99.07407407407408
185500,0.0,99.19110212335693
185750,6.4,93.83259911894272
186000,0.0,97.06498951781971
186250,0.0,98.07427785419533
186500,0.0,98.56704196519959
186750,0.0,98.85900570497147
187000,0.0,99.0521327014218
187250,0.0,99.07353792704112
187500,0.0,99.19069296914516
187750,6.4,93.80530973451327
188000,0.0,97.05882352941177
188250,0.0,98.07162534435263
188500,0.0,98.5655737704918
188750,0.0,98.85807504078304
189000,0.0,99.05149051490515
189250,0.0,99.07300115874855
189500,0.0,99.19028340080972
189750,6.4,93.77777777777779
190000,0.0,97.05263157894737
190250,0.0,98.06896551724138
190500,0.0,98.56410256410257
190750,0.0,98.85714285714286
191000,0.0,99.05084745762713
191250,0.0,99.07246376811594
191500,0.0,99.18987341772151
191750,6.4,93.75
192000,0.0,97.0464135021097
192250,0.0,98.06629834254143
192500,0.0,98.56262833675564
192750,0.0,98.8562091503268
193000,0.0,99.05020352781547
193250,0.0,99.07192575406032
193500,0.0,99.18946301925025
193750,6.4,93.72197309417041
194000,0.0,97.04016913319239
194250,0.0,98.06362378976486
194500,0.0,98.56115107913669
194750,0.0,98.85527391659853
195000,0.0,99.04955872369314
195250,0.0,99.07138711549622
195500,0.0,99.18905220476432
195750,6.4,93.69369369369369
196000,0.0,97.03389830508475
196250,0.0,98.06094182825484
196500,0.0,98.559670781893
196750,0.0,98.8543371522095
197000,0.0,99.04891304347827
197250,0.0,99.07084785133566
197500,0.0,99.18864097363083
197750,6.4,93.66515837104072
198000,0.0,97.0276008492569
198250,0.0,98.05825242718447
198500,0.0,98.55818743563337
198750,0.0,98.85339885339886
199000,0.0,99.04826648538409
199250,0.0,99.0703079604881
199500,0.0,99.18822932521563
199750,6.4,93.63636363636364
200000,0.0,97.02127659574468
200250,0.0,98.05555555555556
200500,0.0,98.55670103092784
200750,0.0,98.85245901639344
201000,0.0,99.04761904761905
201250,0.0,99.06976744186046
201500,0.0,99.18781725888324
201750,6.4,93.60730593607306
202000,0.0,97.01492537313433
202250,0.0,98.0528511821975
202500,0.0,98.55521155830753
202750,0.0,98.85151763740771
203000,0.0,99.04697072838667
203250,0.0,99.06922629435718
203500,0.0,99.18740477399696
203750,6.4,93.57798165137615
204000,0.0,97.00854700854701
204250,0.0,98.05013927576601
204500,0.0,98.55371900826447
204750,0.0,98.85057471264368
205000,0.0,99.04632152588556
205250,0.0,99.0686845168801
205500,0.0,99.1869918699187
205750,6.4,93.54838709677419
206000,0.0,97.00214132762312
206250,78.8,97.3076923076923
206500,100.0,97.3076923076923
206750,100.0,100.0
207000,100.0,100.0
207250,100.0,100.0
207500,100.0,100.0
207750,60.8,100.0
208000,0.0,100.0
208250,78.8,100.0
208500,100.0,100.0
208750,100.0,100.0
209000,100.0,100.0
209250,100.0,100.0
209500,100.0,100.0
209750,60.8,100.0
210000,0.0,100.0
210250,78.8,100.0
210500,100.0,100.0
210750,100.0,92.78350515463917
211000,100.0,96.84684684684684
211250,100.0,97.98270893371757
211500,100.0,98.51694915254238
211750,60.8,0.08375209380234507
212000,0.0,0.06925207756232687
212250,78.8,13.226452905811623
212500,100.0,29.926519706078825
212750,100.0,46.62658650634602
213000,100.0,63.326653306613224
213250,100.0,80.02672010688042
213500,100.0,96.72678690714763
213750,60.8,93.54838709677419
214000,0.0,97.00214132762312
214250,78.8,97.3076923076923
214500,100.0,97.3076923076923
214750,100.0,100.0
215000,100.0,100.0
215250,100.0,100.0
215500,100.0,100.0
215750,60.8,100.0
216000,0.0,100.0
216250,78.8,100.0
216500,100.0,100.0
216750,100.0,100.0
217000,100.0,100.0
217250,100.0,100.0
217500,100.0,100.0
217750,60.8,100.0
218000,0.0,100.0
218250,78.8,100.0
218500,100.0,100.0
218750,100.0,92.78350515463917
219000,100.0,96.84684684684684
219250,100.0,97.98270893371757
219500,100.0,98.51694915254238
219750,60.8,0.08375209380234507
220000,0.0,0.06925207756232687
220250,78.8,13.226452905811623
220500,100.0,29.926519706078825
220750,100.0,46.62658650634602
221000,100.0,63.326653306613224
221250,100.0,80.02672010688042
221500,100.0,96.72678690714763
221750,60.8,93.54838709677419
222000,0.0,97.00214132762312
222250,78.8,97.3076923076923
222500,100.0,97.3076923076923
222750,100.0,100.0
223000,100.0,100.0
223250,100.0,100.0
223500,100.0,100.0
223750,60.8,100.0
224000,0.0,100.0
224250,78.8,100.0
224500,100.0,100.0
224750,100.0,100.0
225000,100.0,100.0
225250,100.0,100.0
225500,100.0,100.0
225750,60.8,100.0
226000,0.0,100.0
226250,78.8,100.0
226500,100.0,100.0
226750,100.0,92.78350515463917
227000,100.0,96.84684684684684
227250,100.0,97.98270893371757
227500,100.0,98.51694915254238
227750,60.8,0.08375209380234507
228000,0.0,0.06925207756232687
228250,78.8,13.226452905811623
228500,100.0,29.926519706078825
228750,100.0,46.62658650634602
229000,100.0,63.326653306613224
229250,100.0,80.02672010688042
229500,100.0,96.72678690714763
229750,60.8,93.54838709677419
230000,0.0,97.00214132762312
230250,78.8,97.3076923076923
230500,100.0,97.3076923076923
230750,100.0,100.0
231000,100.0,100.0
231250,100.0,100.0
231500,100.0,100.0
231750,60.8,100.0
232000,0.0,100.0
232250,78.8,100.0
232500,100.0,100.0
232750,100.0,100.0
233000,100.0,100.0
233250,100.0,100.0
233500,100.0,100.0
233750,60.8,100.0
234000,0.0,100.0
234250,78.8,100.0
234500,100.0,100.0
234750,100.0,92.78350515463917
235000,100.0,96.84684684684684
235250,100.0,97.98270893371757
235500,100.0,98.51694915254238
235750,60.8,0.08375209380234507
236000,0.0,0.06925207756232687
236250,78.8,13.226452905811623
236500,100.0,29.926519706078825
236750,100.0,46.62658650634602
237000,100.0,63.326653306613224
237250,100.0,80.02672010688042
237500,100.0,96.72678690714763
237750,60.8,93.54838709677419
238000,0.0,97.00214132762312
238250,78.8,97.3076923076923
238500,100.0,97.3076923076923
238750,100.0,100.0
239000,100.0,100.0
239250,100.0,100.0
239500,100.0,100.0
239750,60.8,100.0
240000,0.0,100.0
240250,78.8,100.0
240500,100.0,100.0
240750,100.0,100.0
241000,100.0,100.0
241250,100.0,100.0
241500,100.0,100.0
241750,60.8,100.0
242000,0.0,100.0
242250,78.8,100.0
242500,100.0,100.0
242750,100.0,92.78350515463917
243000,100.0,96.84684684684684
243250,100.0,97.98270893371757
243500,100.0,98.51694915254238
243750,60.8,0.08375209380234507
244000,0.0,0.06925207756232687
244250,78.8,13.226452905811623
244500,100.0,29.926519706078825
244750,100.0,46.62658650634602
245000,100.0,63.326653306613224
245250,100.0,80.02672010688042
245500,100.0,96.72678690714763
245750,60.8,93.54838709677419
246000,0.0,97.00214132762312
246250,78.8,97.3076923076923
246500,100.0,97.3076923076923
246750,100.0,100.0
247000,100.0,100.0
247250,100.0,100.0
247500,100.0,100.0
247750,60.8,100.0
248000,0.0,100.0
248250,78.8,100.0
248500,100.0,100.0
248750,100.0,100.0
249000,100.0,100.0
249250,100.0,100.0
249500,100.0,100.0
249750,60.8,100.0
250000,0.0,100.0
250250,78.8,100.0
250500,100.0,100.0
250750,100.0,92.78350515463917
251000,100.0,96.84684684684684
251250,100.0,97.98270893371757
251500,100.0,98.51694915254238
251750,60.8,0.08375209380234507
252000,0.0,0.06925207756232687
252250,78.8,13.226452905811623
252500,100.0,29.926519706078825
252750,100.0,46.62658650634602
253000,100.0,63.326653306613224
253250,100.0,80.02672010688042
253500,100.0,96.72678690714763
253750,60.8,93.54838709677419
254000,0.0,97.00214132762312
254250,78.8,97.3076923076923
254500,100.0,97.3076923076923
254750,100.0,100.0
255000,100.0,100.0
255250,100.0,100.0
255500,100.0,100.0
255750,60.8,100.0
256000,0.0,100.0
256250,78.8,100.0
256500,100.0,100.0
256750,100.0,100.0
257000,100.0,100.0
257250,100.0,100.0
257500,100.0,100.0
257750,61.199999999999996,100.0
258000,0.0,100.0
258250,0.0,2.2346368715083798
258500,0.0,1.6563146997929608
258750,0.0,1.3157894736842104
259000,0.0,1.0914051841746248
259250,0.0,0.05827505827505827
259500,0.0,0.050864699898270596
259750,6.4,93.48837209302326
260000,0.0,96.98924731182795
260250,0.0,98.04195804195804
260500,0.0,98.54922279792746
260750,0.0,98.8477366255144
261000,0.0,99.0443686006826
261250,0.0,99.067055393586
261500,0.0,99.18575063613233
261750,6.4,93.45794392523365
262000,0.0,96.98275862068965
262250,0.0,98.0392156862745
262500,0.0,98.54771784232366
262750,0.0,98.84678747940691
263000,0.0,99.04371584699454
263250,0.0,99.06651108518086
263500,0.0,99.18533604887983
263750,6.4,93.42723004694837
264000,0.0,96.97624190064795
264250,0.0,98.03646563814866
264500,0.0,98.54620976116303
264750,0.0,98.84583676834295
265000,0.0,99.04306220095694
265250,0.0,99.06596614127263
265500,0.0,99.18492103922567
265750,6.4,93.39622641509435
266000,0.0,96.96969696969697
266250,0.0,98.03370786516854
266500,0.0,98.54469854469855
266750,0.0,98.84488448844884
267000,0.0,99.04240766073872
267250,0.0,99.06542056074767
267500,0.0,99.18450560652396
267750,6.4,93.36492890995261
268000,0.0,96.96312364425162
268250,0.0,98.0309423347398
268500,0.0,98.54318418314256
268750,0.0,98.84393063583815
269000,0.0,99.04175222450377
269250,0.0,99.06487434248977
269500,0.0,99.1840897501275
269750,6.4,93.33333333333333
270000,0.0,96.95652173913044
270250,0.0,98.02816901408451
270500,0.0,98.54166666666667
270750,0.0,98.84297520661157
271000,0.0,99.04109589041096
271250,0.0,99.06432748538012
271500,0.0,99.18367346938776
271750,6.4,93.30143540669856
272000,0.0,96.94989106753813
272250,0.0,98.02538787023978
272500,0.0,98.54014598540147
272750,0.0,98.84201819685691
273000,0.0,99.04043865661411
273250,0.0,99.06377998829726
273500,0.0,99.18325676365492
273750,6.4,93.26923076923077
274000,0.0,96.94323144104804
274250,0.0,98.0225988700565
274500,0.0,98.53862212943632
274750,0.0,98.84105960264901
275000,0.0,99.039780521262
275250,0.0,99.06323185011709
275500,0.0,99.18283963227783
275750,6.4,93.23671497584542
276000,0.0,96.93654266958424
276250,0.0,98.01980198019803
276500,0.0,98.53709508881923
276750,0.0,98.84009942004971
277000,0.0,99.03912148249829
277250,0.0,99.06268306971295
277500,0.0,99.18242207460398
277750,6.4,93.20388349514563
278000,0.0,96.9298245614035
278250,0.0,98.01699716713881
278500,0.0,98.5355648535565
278750,0.0,98.8391376451078
279000,0.0,99.03846153846155
279250,0.0,99.06213364595546
279500,0.0,99.18200408997954
279750,6.4,93.17073170731707
280000,0.0,96.92307692307692
280250,0.0,98.01418439716312
280500,0.0,98.53403141361257
280750,0.0,98.83817427385893
281000,0.0,99.03780068728523
281250,0.0,99.06158357771261
281500,0.0,99.18158567774937
281750,6.4,93.13725490196079
282000,0.0,96.91629955947137
282250,0.0,98.01136363636364
282500,0.0,98.53249475890985
282750,0.0,98.83720930232558
283000,0.0,99.03713892709766
283250,0.0,99.06103286384976
283500,0.0,99.18116683725691
283750,6.4,93.10344827586206
284000,0.0,96.90949227373068
284250,0.0,98.00853485064012
284500,0.0,98.53095487932843
284750,0.0,98.83624272651704
285000,0.0,99.03647625602203
285250,0.0,99.0604815032296
285500,0.0,99.18074756784434
285750,6.4,93.06930693069307
286000,0.0,96.90265486725663
286250,0.0,98.00569800569801
286500,0.0,98.52941176470588
286750,0.0,98.83527454242929
287000,0.0,99.0358126721763
287250,0.0,99.05992949471211
287500,0.0,99.18032786885246
287750,6.4,93.03482587064677
288000,0.0,96.89578713968959
288250,0.0,98.00285306704708
288500,0.0,98.52786540483702
288750,0.0,98.83430474604496
289000,0.0,99.03514817367332
289250,0.0,99.05937683715462
289500,0.0,99.17990773962072
289750,6.4,93.0
290000,0.0,96.88888888888889
290250,0.0,98.0
290500,0.0,98.52631578947368
290750,0.0,98.83333333333333
291000,0.0,99.03448275862068
291250,0.0,99.05882352941177
291500,0.0,99.17948717948718
291750,6.4,92.96482412060301
292000,0.0,96.88195991091314
292250,0.0,97.99713876967095
292500,0.0,98.52476290832455
292750,0.0,98.83236030025022
293000,0.0,99.03381642512076
293250,0.0,99.05826957033548
293500,0.0,99.1790661877886
293750,6.4,92.92929292929293
294000,0.0,96.875
294250,0.0,97.99426934097421
294500,0.0,98.52320675105484
294750,0.0,98.8313856427379
295000,0.0,99.03314917127072
295250,0.0,99.05771495877504
295500,0.0,99.17864476386036
295750,6.4,92.89340101522842
296000,0.0,96.86800894854586
296250,0.0,97.99139167862266
296500,0.0,98.52164730728616
296750,0.0,98.83040935672514
297000,0.0,99.0324809951624
297250,0.0,99.0571596935769
297500,0.0,99.17822290703646
297750,6.4,92.85714285714286
298000,0.0,96.8609865470852
298250,0.0,97.98850574712644
298500,0.0,98.5200845665962
298750,0.0,98.82943143812709
299000,0.0,99.03181189488244
299250,0.0,99.05660377358491
299500,0.0,99.17780061664953
299750,6.4,92.82051282051282
300000,0.0,96.85393258426967
300250,0.0,97.98561151079137
300500,0.0,98.51851851851852
300750,0.0,98.82845188284519
301000,0.0,99.03114186851211
301250,0.0,99.05604719764011
301500,0.0,99.17737789203085
301750,6.4,92.78350515463917
302000,0.0,96.84684684684684
302250,0.0,97.98270893371757
302500,0.0,98.51694915254238
302750,0.0,98.82747068676717
303000,0.0,99.03047091412742
303250,0.0,99.05548996458087
303500,0.0,99.1769547325103
303750,6.4,92.74611398963731
304000,0.0,96.83972911963883
304250,0.0,97.97979797979798
304500,0.0,98.5153764581124
304750,0.0,98.82648784576698
305000,0.0,99.02979902979902
305250,0.0,99.05493207324277
305500,0.0,99.17653113741636
305750,6.4,92.70833333333334
306000,0.0,96.83257918552036
