250,0.0,100.0
500,0.0,100.0
750,0.0,100.0
1000,0.0,100.0
1250,0.0,100.0
1500,0.0,100.0
1750,0.0,100.0
2000,0.0,10.9
2250,19.2,14.021312394840157
2500,100.0,28.042624789680314
2750,100.0,42.06393718452047
3000,100.0,56.08524957936063
3250,100.0,70.10656197420079
3500,100.0,84.12787436904094
3750,100.0,98.1491867638811
4000,20.4,10.045431600201917
4250,26.8,14.021312394840157
4500,100.0,28.042624789680314
4750,100.0,42.06393718452047
5000,100.0,56.08524957936063
5250,100.0,70.10656197420079
5500,100.0,84.12787436904094
5750,100.0,98.1491867638811
6000,20.4,12.289562289562289
6250,99.6,1.79472798653954
6500,100.0,15.816040381379699
6750,100.0,29.837352776219856
7000,100.0,43.85866517106001
7250,100.0,57.87997756590016
7500,100.0,71.90128996074033
7750,100.0,85.92260235558048
8000,20.0,14.002557544757032
8250,99.6,2.0460358056265986
8500,100.0,18.0306905370844
8750,100.0,34.015345268542205
9000,100.0,50.0
9250,100.0,65.98465473145781
9500,100.0,81.96930946291559
9750,100.0,13.818722139673106
10000,20.0,32.39227340267459
10250,99.6,32.466567607726596
10500,100.0,4.829123328380387
10750,100.0,23.40267459138187
11000,100.0,41.97622585438336
11250,100.0,60.54977711738484
11500,100.0,16.90450054884742
11750,100.0,44.34687156970362
12000,19.6,71.78924259055982
12250,99.6,71.89901207464325
12500,100.0,71.89901207464325
12750,100.0,10.647639956092206
13000,100.0,34.49612403100775
13250,100.0,31.3953488372093
13500,100.0,28.294573643410853
13750,100.0,25.1937984496124
14000,19.6,22.093023255813954
14250,99.6,75.1937984496124
14500,100.0,19.801980198019802
14750,100.0,43.56435643564357
15000,100.0,67.32673267326733
15250,100.0,91.0891089108911
15500,100.0,14.85148514851485
15750,100.0,38.613861386138616
16000,19.6,62.37623762376238
16250,99.6,62.33766233766234
16500,100.0,87.01298701298701
16750,100.0,11.688311688311687
17000,100.0,36.36363636363637
17250,100.0,61.038961038961034
17500,100.0,85.71428571428571
17750,100.0,10.38961038961039
18000,20.0,34.61538461538461
18250,99.6,89.60000000000001
18500,100.0,94.8
18750,100.0,96.53333333333333
19000,100.0,97.39999999999999
19250,100.0,97.92
19500,100.0,98.26666666666667
19750,100.0,98.5142857142857
20000,20.0,99.95
20250,99.6,99.95002498750625
20500,100.0,99.95002498750625
20750,100.0,99.95002498750625
21000,100.0,99.95002498750625
21250,100.0,99.95002498750625
21500,100.0,99.95002498750625
21750,99.2,99.85007496251875
22000,20.4,94.23076923076923
22250,100.0,22.22222222222222
22500,100.0,11.11111111111111
22750,100.0,100.0
23000,100.0,88.88888888888889
23250,100.0,77.77777777777779
23500,100.0,66.66666666666666
23750,100.0,55.55555555555556
24000,20.0,44.44444444444444
24250,99.6,50.0
24500,100.0,38.88888888888889
24750,100.0,27.77777777777778
25000,100.0,15.789473684210526
25250,100.0,94.05204460966543
25500,100.0,96.91714836223507
25750,100.0,97.91937581274382
26000,20.0,98.42983316977428
26250,99.6,98.4313725490196
26500,100.0,98.4313725490196
26750,100.0,98.4313725490196
27000,100.0,98.4313725490196
27250,100.0,100.0
27500,100.0,100.0
27750,100.0,100.0
28000,20.0,100.0
28250,99.6,100.0
28500,100.0,100.0
28750,100.0,100.0
29000,100.0,100.0
29250,100.0,100.0
29500,100.0,88.88888888888889
29750,100.0,77.77777777777779
30000,20.0,66.66666666666666
30250,99.6,27.77777777777778
30500,100.0,15.789473684210526
30750,100.0,94.05204460966543
31000,100.0,96.91714836223507
31250,100.0,97.91937581274382
31500,100.0,98.42983316977428
31750,100.0,98.73916469661151
32000,20.0,0.06583278472679394
32250,99.6,16.447368421052634
32500,100.0,32.89473684210527
32750,100.0,49.34210526315789
33000,100.0,65.78947368421053
33250,100.0,82.23684210526315
33500,100.0,98.68421052631578
33750,100.0,88.88888888888889
34000,20.0,77.77777777777779
34250,99.6,16.666666666666664
34500,100.0,100.0
34750,100.0,100.0
35000,100.0,100.0
35250,100.0,100.0
35500,100.0,100.0
35750,100.0,100.0
36000,20.0,100.0
36250,99.6,16.458196181698487
36500,100.0,32.91639236339697
36750,100.0,49.37458854509546
37000,100.0,65.83278472679395
37250,100.0,82.29098090849243
37500,100.0,98.74917709019093
37750,100.0,83.33333333333334
38000,20.0,72.22222222222221
38250,99.6,22.22222222222222
38500,100.0,11.11111111111111
38750,100.0,100.0
39000,100.0,88.88888888888889
39250,100.0,77.77777777777779
39500,100.0,63.1578947368421
39750,100.0,97.39776951672863
40000,19.6,68.42105263157895
40250,99.6,95.19999999999999
40500,100.0,97.6
40750,100.0,98.4
41000,100.0,98.8
41250,100.0,99.03999999999999
41500,100.0,99.2
41750,100.0,99.31428571428572
42000,20.0,99.95
42250,99.6,99.95002498750625
42500,100.0,99.95002498750625
42750,100.0,99.95002498750625
43000,100.0,99.95002498750625
43250,100.0,99.95002498750625
43500,100.0,99.95002498750625
43750,100.0,99.95002498750625
44000,19.6,99.95002498750625
44250,100.0,83.33333333333334
44500,100.0,72.22222222222221
44750,100.0,61.111111111111114
45000,100.0,50.0
45250,100.0,38.88888888888889
45500,100.0,27.77777777777778
45750,100.0,16.666666666666664
46000,20.0,5.555555555555555
46250,99.6,88.88888888888889
46500,100.0,73.68421052631578
46750,100.0,98.14126394052045
47000,100.0,99.03660886319847
47250,100.0,99.34980494148245
47500,100.0,99.50932286555447
47750,100.0,99.60598896769109
48000,20.0,99.67083607636603
48250,99.6,99.73666886109282
48500,100.0,99.73666886109282
48750,100.0,99.73666886109282
49000,100.0,99.73666886109282
49250,100.0,99.73666886109282
49500,100.0,99.73666886109282
49750,100.0,16.666666666666664
50000,20.0,5.555555555555555
50250,99.6,88.88888888888889
50500,100.0,73.68421052631578
50750,100.0,98.14126394052045
51000,100.0,99.03660886319847
51250,100.0,99.34980494148245
51500,100.0,99.50932286555447
51750,100.0,99.60598896769109
52000,19.6,83.33333333333334
52250,99.6,83.33333333333334
52500,100.0,96.51898734177216
52750,100.0,98.0565371024735
53000,100.0,98.65196078431373
53250,100.0,98.96810506566605
53500,100.0,99.16413373860182
53750,100.0,99.29757343550448
54000,20.4,99.00881057268722
54250,7.199999999999999,75.38461538461539
54500,0.0,94.92063492063491
54750,0.0,97.16814159292035
55000,0.0,98.03680981595092
55250,0.0,98.49765258215962
55500,0.0,98.78326996197718
55750,0.0,98.97763578274761
56000,0.0,99.00826446280992
56250,7.199999999999999,75.0
56500,0.0,94.90445859872611
56750,0.0,97.16312056737588
57000,0.0,98.03439803439802
57250,0.0,98.49624060150376
57500,0.0,98.78234398782344
57750,0.0,98.9769820971867
58000,0.0,99.00771775082691
58250,7.199999999999999,74.60317460317461
58500,0.0,94.88817891373802
58750,0.0,97.15808170515098
59000,0.0,98.0319803198032
59250,0.0,98.49482596425212
59500,0.0,98.78141660319878
59750,0.0,98.97632757517594
60000,0.0,99.00717043574187
60250,7.199999999999999,74.19354838709677
60500,0.0,94.87179487179486
60750,0.0,97.15302491103202
61000,0.0,98.0295566502463
61250,0.0,98.49340866290018
61500,0.0,98.78048780487805
61750,0.0,98.97567221510883
62000,0.0,99.00662251655629
62250,7.199999999999999,73.77049180327869
62500,0.0,94.85530546623794
62750,0.0,97.14795008912655
63000,0.0,98.02712700369914
63250,0.0,98.49198868991517
63500,0.0,98.77955758962625
63750,0.0,98.97501601537476
64000,0.0,99.00607399226946
64250,7.199999999999999,73.33333333333333
64500,0.0,94.83870967741936
64750,0.0,97.14285714285714
65000,0.0,98.0246913580247
65250,0.0,98.49056603773585
65500,0.0,98.77862595419847
65750,0.0,98.97435897435898
66000,0.0,99.00552486187846
66250,7.199999999999999,72.88135593220339
66500,0.0,94.8220064724919
66750,0.0,97.13774597495528
67000,0.0,98.02224969097651
67250,0.0,98.48914069877243
67500,0.0,98.77769289533995
67750,0.0,98.97370109044259
68000,0.0,99.00497512437812
68250,7.199999999999999,72.41379310344827
68500,0.0,94.8051948051948
68750,0.0,97.1326164874552
69000,0.0,98.01980198019803
69250,0.0,98.48771266540642
69500,0.0,98.77675840978594
69750,0.0,98.97304236200257
70000,0.0,99.00442477876106
70250,7.199999999999999,71.9298245614035
70500,0.0,94.78827361563518
70750,0.0,97.12746858168761
71000,0.0,98.01734820322181
71250,0.0,98.48628192999054
71500,0.0,98.77582249426166
71750,0.0,98.97238278741169
72000,0.0,99.0038738240177
72250,7.199999999999999,71.42857142857143
72500,0.0,94.77124183006535
72750,0.0,97.12230215827337
73000,0.0,98.01488833746899
73250,0.0,98.48484848484848
73500,0.0,98.7748851454824
73750,0.0,98.97172236503856
74000,0.0,99.00332225913621
74250,7.199999999999999,70.9090909090909
74500,0.0,94.75409836065573
74750,0.0,97.11711711711712
75000,0.0,98.01242236024845
75250,0.0,98.48341232227487
75500,0.0,98.77394636015325
75750,0.0,98.9710610932476
76000,0.0,99.0027700831025
76250,7.199999999999999,70.37037037037037
76500,0.0,94.73684210526315
76750,0.0,97.11191335740072
77000,0.0,98.00995024875621
77250,0.0,98.4819734345351
77500,0.0,98.77300613496932
77750,0.0,98.97039897039896
78000,0.0,99.00221729490022
78250,7.199999999999999,69.81132075471697
78500,0.0,94.71947194719472
78750,0.0,97.10669077757686
79000,0.0,98.00747198007473
79250,0.0,98.48053181386514
79500,0.0,98.7720644666155
79750,0.0,98.96973599484869
80000,0.0,99.00166389351082
80250,7.199999999999999,69.23076923076923
80500,0.0,94.70198675496688
80750,0.0,97.10144927536231
81000,0.0,98.00498753117208
81250,0.0,98.47908745247148
81500,0.0,98.77112135176651
81750,0.0,98.96907216494846
82000,0.0,99.00110987791344
82250,7.199999999999999,68.62745098039215
82500,0.0,94.6843853820598
82750,0.0,97.09618874773139
83000,0.0,98.00249687890137
83250,0.0,98.47764034253092
83500,0.0,98.77017678708685
83750,0.0,98.96840747904577
84000,0.0,99.00055524708495
84250,7.199999999999999,68.0
84500,0.0,94.66666666666667
84750,0.0,97.0909090909091
85000,0.0,98.0
85250,0.0,98.47619047619047
85500,0.0,98.76923076923076
85750,0.0,98.96774193548387
86000,0.0,99.11111111111111
86250,7.199999999999999,67.3469387755102
86500,0.0,94.64882943143813
86750,0.0,97.0856102003643
87000,0.0,97.99749687108886
87250,0.0,98.4747378455672
87500,0.0,98.76828329484219
87750,0.0,98.96707553260168
88000,0.0,99.1106170094497
88250,7.199999999999999,66.66666666666666
88500,0.0,94.63087248322147
88750,0.0,97.08029197080292
89000,0.0,97.99498746867168
89250,0.0,98.47328244274809
89500,0.0,98.7673343605547
89750,0.0,98.96640826873386
90000,0.0,99.11012235817576
90250,7.199999999999999,65.95744680851064
90500,0.0,94.61279461279462
90750,0.0,97.07495429616088
91000,0.0,97.99247176913426
91250,0.0,98.47182425978987
91500,0.0,98.76638396299153
91750,0.0,98.96574014221073
92000,0.0,99.10962715637173
92250,7.199999999999999,65.21739130434783
92500,0.0,94.5945945945946
92750,0.0,97.06959706959707
93000,0.0,97.98994974874373
93250,0.0,98.47036328871893
93500,0.0,98.76543209876543
93750,0.0,98.96507115135834
94000,0.0,99.10913140311804
94250,7.199999999999999,64.44444444444444
94500,0.0,94.57627118644068
94750,0.0,97.06422018348624
95000,0.0,97.9874213836478
95250,0.0,98.4688995215311
95500,0.0,98.76447876447877
95750,0.0,98.96440129449839
96000,0.0,99.10863509749304
96250,7.199999999999999,63.63636363636363
96500,0.0,94.5578231292517
96750,0.0,97.05882352941177
97000,0.0,97.98488664987406
97250,0.0,98.46743295019157
97500,0.0,98.76352395672335
97750,0.0,98.96373056994818
98000,0.0,99.10813823857302
98250,7.199999999999999,62.7906976744186
98500,0.0,94.53924914675767
98750,0.0,97.05340699815838
99000,0.0,97.98234552332913
99250,0.0,98.46596356663471
99500,0.0,98.76256767208044
99750,0.0,98.96305897602073
100000,0.0,99.10764082543224
100250,7.199999999999999,61.904761904761905
100500,0.0,94.52054794520548
100750,0.0,97.04797047970479
101000,0.0,97.97979797979798
101250,0.0,98.46449136276392
101500,0.0,98.76160990712074
101750,0.0,98.96238651102465
102000,0.0,99.10714285714286
102250,7.199999999999999,60.97560975609756
102500,0.0,94.50171821305841
102750,0.0,97.04251386321626
103000,0.0,97.97724399494311
103250,0.0,98.4630163304515
103500,0.0,98.76065065840433
103750,0.0,98.96171317326412
104000,0.0,99.10664433277499
104250,89.2,99.00990099009901
104500,100.0,99.00990099009901
104750,100.0,99.00990099009901
105000,100.0,99.00990099009901
105250,100.0,99.00990099009901
105500,100.0,99.00990099009901
105750,100.0,99.00990099009901
106000,30.4,90.80459770114942
106250,89.2,100.0
106500,100.0,100.0
106750,100.0,100.0
107000,100.0,100.0
107250,100.0,100.0
107500,100.0,100.0
107750,100.0,100.0
108000,30.4,100.0
108250,89.2,99.00990099009901
108500,100.0,99.00990099009901
108750,100.0,99.00990099009901
109000,100.0,99.00990099009901
109250,100.0,99.00990099009901
109500,100.0,99.00990099009901
109750,100.0,99.00990099009901
110000,30.4,90.80459770114942
110250,89.2,100.0
110500,100.0,100.0
110750,100.0,100.0
111000,100.0,100.0
111250,100.0,100.0
111500,100.0,100.0
111750,100.0,100.0
112000,30.4,100.0
112250,89.2,99.00990099009901
112500,100.0,99.00990099009901
112750,100.0,99.00990099009901
113000,100.0,99.00990099009901
113250,100.0,99.00990099009901
113500,100.0,99.00990099009901
113750,100.0,99.00990099009901
114000,30.4,90.80459770114942
114250,89.2,100.0
114500,100.0,100.0
114750,100.0,100.0
115000,100.0,100.0
115250,100.0,100.0
115500,100.0,100.0
115750,100.0,100.0
116000,30.4,100.0
116250,89.2,99.00990099009901
116500,100.0,99.00990099009901
116750,100.0,99.00990099009901
117000,100.0,99.00990099009901
117250,100.0,99.00990099009901
117500,100.0,99.00990099009901
117750,100.0,99.00990099009901
118000,30.4,90.80459770114942
118250,89.2,100.0
118500,100.0,100.0
118750,100.0,100.0
119000,100.0,100.0
119250,100.0,100.0
119500,100.0,100.0
119750,100.0,100.0
120000,30.4,100.0
120250,89.2,99.00990099009901
120500,100.0,99.00990099009901
120750,100.0,99.00990099009901
121000,100.0,99.00990099009901
121250,100.0,99.00990099009901
121500,100.0,99.00990099009901
121750,100.0,99.00990099009901
122000,30.4,90.80459770114942
122250,89.2,100.0
122500,100.0,100.0
122750,100.0,100.0
123000,100.0,100.0
123250,100.0,100.0
123500,100.0,100.0
123750,100.0,100.0
124000,30.4,100.0
124250,89.2,99.00990099009901
124500,100.0,99.00990099009901
124750,100.0,99.00990099009901
125000,100.0,99.00990099009901
125250,100.0,99.00990099009901
125500,100.0,99.00990099009901
125750,100.0,99.00990099009901
126000,30.4,90.80459770114942
126250,89.2,100.0
126500,100.0,100.0
126750,100.0,100.0
127000,100.0,100.0
127250,100.0,100.0
127500,100.0,100.0
127750,100.0,100.0
128000,30.4,100.0
128250,89.2,99.00990099009901
128500,100.0,99.00990099009901
128750,100.0,99.00990099009901
129000,100.0,99.00990099009901
129250,100.0,99.00990099009901
129500,100.0,99.00990099009901
129750,100.0,99.00990099009901
130000,30.4,90.80459770114942
130250,89.2,100.0
130500,100.0,100.0
130750,100.0,100.0
131000,100.0,100.0
131250,100.0,100.0
131500,100.0,100.0
131750,100.0,100.0
132000,30.4,100.0
132250,89.2,99.00990099009901
132500,100.0,99.00990099009901
132750,100.0,99.00990099009901
133000,100.0,99.00990099009901
133250,100.0,99.00990099009901
133500,100.0,99.00990099009901
133750,100.0,99.00990099009901
134000,30.4,90.80459770114942
134250,89.2,100.0
134500,100.0,100.0
134750,100.0,100.0
135000,100.0,100.0
135250,100.0,100.0
135500,100.0,100.0
135750,100.0,100.0
136000,30.4,100.0
136250,89.2,99.00990099009901
136500,100.0,99.00990099009901
136750,100.0,99.00990099009901
137000,100.0,99.00990099009901
137250,100.0,99.00990099009901
137500,100.0,99.00990099009901
137750,100.0,99.00990099009901
138000,30.4,90.80459770114942
138250,89.2,100.0
138500,100.0,100.0
138750,100.0,100.0
139000,100.0,100.0
139250,100.0,100.0
139500,100.0,100.0
139750,100.0,100.0
140000,30.4,100.0
140250,89.2,99.00990099009901
140500,100.0,99.00990099009901
140750,100.0,99.00990099009901
141000,100.0,99.00990099009901
141250,100.0,99.00990099009901
141500,100.0,99.00990099009901
141750,100.0,99.00990099009901
142000,30.4,90.80459770114942
142250,89.2,100.0
142500,100.0,100.0
142750,100.0,100.0
143000,100.0,100.0
143250,100.0,100.0
143500,100.0,100.0
143750,100.0,100.0
144000,30.4,100.0
144250,89.2,99.00990099009901
144500,100.0,99.00990099009901
144750,100.0,99.00990099009901
145000,100.0,99.00990099009901
145250,100.0,99.00990099009901
145500,100.0,99.00990099009901
145750,100.0,99.00990099009901
146000,30.4,90.80459770114942
146250,89.2,100.0
146500,100.0,100.0
146750,100.0,100.0
147000,100.0,100.0
147250,100.0,100.0
147500,100.0,100.0
147750,100.0,100.0
148000,30.4,100.0
148250,89.2,99.00990099009901
148500,100.0,99.00990099009901
148750,100.0,99.00990099009901
149000,100.0,99.00990099009901
149250,100.0,99.00990099009901
149500,100.0,99.00990099009901
149750,100.0,99.00990099009901
150000,30.4,90.80459770114942
150250,89.2,13.88888888888889
150500,100.0,16.666666666666664
150750,100.0,5.555555555555555
151000,100.0,94.44444444444444
151250,100.0,83.33333333333334
151500,100.0,72.22222222222221
151750,100.0,61.111111111111114
152000,30.4,98.4375
152250,89.2,55.55555555555556
152500,100.0,44.44444444444444
152750,100.0,33.33333333333333
153000,100.0,22.22222222222222
153250,100.0,11.11111111111111
153500,100.0,100.0
153750,100.0,88.88888888888889
154000,23.200000000000003,90.80459770114942
154250,89.2,11.11111111111111
154500,100.0,11.11111111111111
154750,100.0,100.0
155000,100.0,88.88888888888889
155250,100.0,77.77777777777779
155500,100.0,66.66666666666666
155750,100.0,98.12734082397003
156000,30.8,99.03288201160542
156250,0.0,87.17948717948718
156500,0.0,98.26989619377161
156750,0.0,99.07235621521335
157000,0.0,99.36628643852978
157250,0.0,99.51876804619828
157500,6.4,99.61210240496509
157750,0.8,99.67511371020143
158000,0.0,99.72051425377306
158250,7.199999999999999,57.89473684210527
158500,0.0,94.44444444444444
158750,0.0,97.02602230483272
159000,0.0,97.96954314720813
159250,0.0,98.45857418111753
159500,0.0,98.75776397515527
159750,0.0,98.95968790637191
160000,0.0,99.10514541387025
160250,7.199999999999999,56.75675675675676
160500,0.0,94.42508710801394
160750,0.0,97.02048417132217
161000,0.0,97.96696315120712
161250,0.0,98.45708775313405
161500,0.0,98.75679875679876
161750,0.0,98.95901106050748
162000,0.0,99.10464465584778
162250,7.199999999999999,55.55555555555556
162500,0.0,94.4055944055944
162750,0.0,97.01492537313433
163000,0.0,97.96437659033079
163250,0.0,98.45559845559846
163500,0.0,98.75583203732504
163750,0.0,98.95833333333334
164000,0.0,99.10414333706606
164250,7.199999999999999,54.285714285714285
164500,0.0,94.38596491228071
164750,0.0,97.00934579439252
165000,0.0,97.96178343949045
165250,0.0,98.45410628019323
165500,0.0,98.75486381322958
165750,0.0,98.95765472312704
166000,0.0,99.10364145658264
166250,7.199999999999999,52.94117647058824
166500,0.0,94.36619718309859
166750,0.0,97.00374531835206
167000,0.0,97.95918367346938
167250,0.0,98.45261121856866
167500,0.0,98.75389408099689
167750,0.0,98.95697522816167
168000,0.0,99.10313901345292
168250,7.199999999999999,51.515151515151516
168500,0.0,94.34628975265018
168750,0.0,96.99812382739212
169000,0.0,97.9565772669221
169250,0.0,98.45111326234269
169500,0.0,98.75292283710054
169750,0.0,98.9562948467058
170000,0.0,99.10263600673022
170250,7.199999999999999,50.0
170500,0.0,94.32624113475178
170750,0.0,96.99248120300751
171000,0.0,97.9539641943734
171250,0.0,98.44961240310077
171500,0.0,98.75195007800312
171750,0.0,98.9556135770235
172000,0.0,99.10213243546578
172250,7.199999999999999,48.38709677419355
172500,0.0,94.30604982206405
172750,0.0,96.98681732580037
173000,0.0,97.95134443021767
173250,0.0,98.44810863239573
173500,0.0,98.75097580015613
173750,0.0,98.95493141737427
174000,0.0,99.10162829870859
174250,7.199999999999999,46.666666666666664
174500,0.0,94.28571428571428
174750,0.0,96.98113207547169
175000,0.0,97.94871794871794
175250,0.0,98.44660194174757
175500,0.0,98.75
175750,0.0,98.95424836601308
176000,0.0,99.10112359550561
176250,7.199999999999999,44.827586206896555
176500,0.0,94.26523297491039
176750,0.0,96.97542533081285
177000,0.0,97.94608472400513
177250,0.0,98.44509232264335
177500,0.0,98.74902267396403
177750,0.0,98.95356442119032
178000,0.0,99.10061832490163
178250,7.199999999999999,42.857142857142854
178500,0.0,94.24460431654677
178750,0.0,96.96969696969697
179000,0.0,97.94344473007712
179250,0.0,98.44357976653697
179500,0.0,98.74804381846636
179750,0.0,98.95287958115183
180000,0.0,99.10011248593926
180250,7.199999999999999,40.74074074074074
180500,0.0,94.22382671480143
180750,0.0,96.9639468690702
181000,0.0,97.94079794079794
181250,0.0,98.44206426484907
181500,0.0,98.74706342991387
181750,0.0,98.95219384413883
182000,0.0,99.09960607765898
182250,7.199999999999999,38.46153846153847
182500,0.0,94.20289855072464
182750,0.0,96.95817490494296
183000,0.0,97.9381443298969
183250,0.0,98.44054580896686
183500,0.0,98.7460815047022
183750,0.0,98.95150720838795
184000,0.0,99.09909909909909
184250,7.199999999999999,36.0
184500,0.0,94.18181818181817
184750,0.0,96.95238095238096
185000,0.0,97.93548387096774
185250,0.0,98.4390243902439
185500,0.0,98.74509803921569
185750,0.0,98.95081967213115
186000,0.0,99.09859154929578
186250,7.199999999999999,33.33333333333333
186500,0.0,94.16058394160584
186750,0.0,96.94656488549617
187000,0.0,97.9328165374677
187250,0.0,98.4375
187500,0.0,98.74411302982732
187750,0.0,98.9501312335958
188000,0.0,99.09808342728297
188250,7.199999999999999,30.434782608695656
188500,0.0,94.13919413919413
188750,0.0,96.94072657743786
189000,0.0,97.93014230271669
189250,0.0,98.43597262952102
189500,0.0,98.74312647289867
189750,0.0,98.9494418910046
190000,0.0,99.0975747320925
190250,7.199999999999999,27.27272727272727
190500,0.0,94.11764705882352
190750,0.0,96.93486590038314
191000,0.0,97.92746113989638
191250,0.0,98.43444227005871
191500,0.0,98.74213836477988
191750,0.0,98.94875164257556
192000,0.0,99.09706546275395
192250,7.199999999999999,23.809523809523807
192500,0.0,94.0959409594096
192750,0.0,96.92898272552783
193000,0.0,97.92477302204928
193250,0.0,98.43290891283057
193500,0.0,98.7411487018096
193750,0.0,98.94806048652202
194000,0.0,99.09655561829474
194250,7.199999999999999,20.0
194500,0.0,94.07407407407408
194750,0.0,96.92307692307692
195000,0.0,97.92207792207792
195250,0.0,98.4313725490196
195500,0.0,98.74015748031496
195750,0.0,98.94736842105263
196000,0.0,99.09604519774011
196250,7.199999999999999,15.789473684210526
196500,0.0,94.05204460966543
196750,0.0,96.91714836223507
197000,0.0,97.91937581274382
197250,0.0,98.42983316977428
197500,0.0,98.73916469661151
197750,0.0,98.9466754443713
198000,0.0,99.09553420011305
198250,7.199999999999999,11.11111111111111
198500,0.0,94.02985074626866
198750,0.0,96.91119691119691
199000,0.0,97.91666666666666
199250,0.0,98.42829076620825
199500,0.0,98.73817034700315
199750,0.0,98.9459815546772
200000,0.0,99.09502262443439
200250,6.800000000000001,99.95002498750625
200500,0.4,94.00749063670412
200750,0.0,96.90522243713733
201000,0.0,97.91395045632333
201250,0.0,98.4267453294002
201500,0.0,98.73717442778216
201750,0.0,98.9452867501648
202000,0.0,99.09451046972269
202250,6.4,99.9000499750125
202500,0.8,93.98496240601504
202750,0.0,96.89922480620154
203000,0.0,97.911227154047
203250,0.0,98.4251968503937
203500,0.0,98.73617693522907
203750,0.0,98.94459102902374
204000,0.0,99.09399773499433
204250,6.0,99.85007496251875
204500,1.2,93.9622641509434
204750,0.0,96.89320388349515
205000,0.0,97.90849673202614
205250,0.0,98.42364532019704
205500,0.0,98.73517786561264
205750,0.0,98.94389438943895
206000,0.0,99.09348441926346
206250,78.8,99.00990099009901
206500,100.0,99.00990099009901
206750,100.0,99.00990099009901
207000,100.0,99.00990099009901
207250,100.0,99.00990099009901
207500,100.0,99.00990099009901
207750,100.0,99.00990099009901
208000,40.8,89.1891891891892
208250,78.8,7.462686567164178
208500,100.0,100.0
208750,100.0,100.0
209000,100.0,100.0
209250,100.0,100.0
209500,100.0,100.0
209750,100.0,100.0
210000,40.8,100.0
210250,78.8,99.00990099009901
210500,100.0,99.00990099009901
210750,100.0,99.00990099009901
211000,100.0,99.00990099009901
211250,100.0,99.00990099009901
211500,100.0,99.00990099009901
211750,100.0,99.00990099009901
212000,40.8,89.1891891891892
212250,78.8,7.462686567164178
212500,100.0,100.0
212750,100.0,100.0
213000,100.0,100.0
213250,100.0,100.0
213500,100.0,100.0
213750,100.0,100.0
214000,40.8,100.0
214250,78.8,99.00990099009901
214500,100.0,99.00990099009901
214750,100.0,99.00990099009901
215000,100.0,99.00990099009901
215250,100.0,99.00990099009901
215500,100.0,99.00990099009901
215750,100.0,99.00990099009901
216000,40.8,89.1891891891892
216250,78.8,7.462686567164178
216500,100.0,100.0
216750,100.0,100.0
217000,100.0,100.0
217250,100.0,100.0
217500,100.0,100.0
217750,100.0,100.0
218000,40.8,100.0
218250,78.8,99.00990099009901
218500,100.0,99.00990099009901
218750,100.0,99.00990099009901
219000,100.0,99.00990099009901
219250,100.0,99.00990099009901
219500,100.0,99.00990099009901
219750,100.0,99.00990099009901
220000,40.8,89.1891891891892
220250,78.8,7.462686567164178
220500,100.0,100.0
220750,100.0,100.0
221000,100.0,100.0
221250,100.0,100.0
221500,100.0,100.0
221750,100.0,100.0
222000,40.8,100.0
222250,78.8,99.00990099009901
222500,100.0,99.00990099009901
222750,100.0,99.00990099009901
223000,100.0,99.00990099009901
223250,100.0,99.00990099009901
223500,100.0,99.00990099009901
223750,100.0,99.00990099009901
224000,40.8,89.1891891891892
224250,78.8,7.462686567164178
224500,100.0,100.0
224750,100.0,100.0
225000,100.0,100.0
225250,100.0,100.0
225500,100.0,100.0
225750,100.0,100.0
226000,40.8,100.0
226250,78.8,99.00990099009901
226500,100.0,99.00990099009901
226750,100.0,99.00990099009901
227000,100.0,99.00990099009901
227250,100.0,99.00990099009901
227500,100.0,99.00990099009901
227750,100.0,99.00990099009901
228000,40.8,89.1891891891892
228250,78.8,7.462686567164178
228500,100.0,100.0
228750,100.0,100.0
229000,100.0,100.0
229250,100.0,100.0
229500,100.0,100.0
229750,100.0,100.0
230000,40.8,100.0
230250,78.8,99.00990099009901
230500,100.0,99.00990099009901
230750,100.0,99.00990099009901
231000,100.0,99.00990099009901
231250,100.0,99.00990099009901
231500,100.0,99.00990099009901
231750,100.0,99.00990099009901
232000,40.8,89.1891891891892
232250,78.8,7.462686567164178
232500,100.0,100.0
232750,100.0,100.0
233000,100.0,100.0
233250,100.0,100.0
233500,100.0,100.0
233750,100.0,100.0
234000,40.8,100.0
234250,78.8,99.00990099009901
234500,100.0,99.00990099009901
234750,100.0,99.00990099009901
235000,100.0,99.00990099009901
235250,100.0,99.00990099009901
235500,100.0,99.00990099009901
235750,100.0,99.00990099009901
236000,40.8,89.1891891891892
236250,78.8,7.462686567164178
236500,100.0,100.0
236750,100.0,100.0
237000,100.0,100.0
237250,100.0,100.0
237500,100.0,100.0
237750,100.0,100.0
238000,40.8,100.0
238250,78.8,99.00990099009901
238500,100.0,99.00990099009901
238750,100.0,99.00990099009901
239000,100.0,99.00990099009901
239250,100.0,99.00990099009901
239500,100.0,99.00990099009901
239750,100.0,99.00990099009901
240000,40.8,89.1891891891892
240250,78.8,7.462686567164178
240500,100.0,100.0
240750,100.0,100.0
241000,100.0,100.0
241250,100.0,100.0
241500,100.0,100.0
241750,100.0,100.0
242000,40.8,100.0
242250,78.8,99.00990099009901
242500,100.0,99.00990099009901
242750,100.0,99.00990099009901
243000,100.0,99.00990099009901
243250,100.0,99.00990099009901
243500,100.0,99.00990099009901
243750,100.0,99.00990099009901
244000,40.8,89.1891891891892
244250,78.8,7.462686567164178
244500,100.0,100.0
244750,100.0,100.0
245000,100.0,100.0
245250,100.0,100.0
245500,100.0,100.0
245750,100.0,100.0
246000,40.8,100.0
246250,78.8,99.00990099009901
246500,100.0,99.00990099009901
246750,100.0,99.00990099009901
247000,100.0,99.00990099009901
247250,100.0,99.00990099009901
247500,100.0,99.00990099009901
247750,100.0,99.00990099009901
248000,40.8,89.1891891891892
248250,78.8,7.462686567164178
248500,100.0,100.0
248750,100.0,100.0
249000,100.0,100.0
249250,100.0,100.0
249500,100.0,100.0
249750,100.0,100.0
250000,40.8,100.0
250250,78.8,99.00990099009901
250500,100.0,99.00990099009901
250750,100.0,99.00990099009901
251000,100.0,99.00990099009901
251250,100.0,99.00990099009901
251500,100.0,99.00990099009901
251750,100.0,99.00990099009901
252000,40.8,89.1891891891892
252250,78.8,7.462686567164178
252500,100.0,100.0
252750,100.0,83.33333333333334
253000,100.0,72.22222222222221
253250,100.0,61.111111111111114
253500,100.0,50.0
253750,100.0,38.88888888888889
254000,40.8,93.11926605504587
254250,78.8,94.4649446494465
254500,100.0,77.77777777777779
254750,100.0,66.66666666666666
255000,100.0,55.55555555555556
255250,100.0,97.37827715355806
255500,100.0,98.64603481624758
255750,100.0,99.08735332464146
256000,33.6,95.27027027027027
256250,78.8,2.4875621890547266
256500,100.0,96.5909090909091
256750,100.0,98.24902723735408
257000,100.0,98.82198952879581
257250,100.0,99.11242603550295
257500,100.0,99.2879746835443
257750,100.0,99.40554821664465
258000,41.199999999999996,99.48979591836735
258250,5.2,99.75012493753124
258500,2.0,93.91634980988593
258750,0.0,96.88109161793372
259000,0.0,97.90301441677587
259250,0.0,98.42053307008885
259500,0.0,98.73317498020586
259750,0.0,98.94249834765367
260000,0.0,99.09245604083948
260250,4.8,99.70014992503748
260500,2.4,93.89312977099237
260750,0.0,96.875
261000,0.0,97.9002624671916
261250,0.0,98.41897233201581
261500,0.0,98.73217115689383
261750,0.0,98.94179894179894
262000,0.0,99.09194097616346
262250,4.3999999999999995,99.65017491254373
262500,2.8000000000000003,93.86973180076629
262750,0.0,96.86888454011742
263000,0.0,97.89750328515112
263250,0.0,98.41740850642928
263500,0.0,98.73116574147502
263750,0.0,98.94109861019193
264000,0.0,99.09142532651902
264250,4.0,99.60019990004997
264500,3.2,93.84615384615384
264750,0.0,96.86274509803921
265000,0.0,97.89473684210527
265250,0.0,98.41584158415841
265500,0.0,98.73015873015873
265750,0.0,98.94039735099338
266000,0.0,99.0909090909091
266250,3.5999999999999996,99.55022488755623
266500,3.5999999999999996,93.82239382239382
266750,0.0,96.85658153241651
267000,0.0,97.89196310935442
267250,0.0,98.41427155599604
267500,0.0,98.72915011914218
267750,0.0,98.93969516235917
268000,0.0,99.09039226833428
268250,3.2,99.50024987506248
268500,4.0,93.7984496124031
268750,0.0,96.8503937007874
269000,0.0,97.8891820580475
269250,0.0,98.4126984126984
269500,0.0,98.72813990461049
269750,0.0,98.93899204244032
270000,0.0,99.08987485779295
270250,2.8000000000000003,99.4502748625687
270500,4.3999999999999995,93.77431906614785
270750,0.0,96.84418145956607
271000,0.0,97.88639365918098
271250,0.0,98.41112214498511
271500,0.0,98.72712808273667
271750,0.0,98.93828798938287
272000,0.0,99.08935685828116
272250,2.4,99.40029985007496
272500,4.8,93.75
272750,0.0,96.83794466403161
273000,0.0,97.88359788359789
273250,0.0,98.40954274353876
273500,0.0,98.72611464968153
273750,0.0,98.93758300132802
274000,0.0,99.08883826879271
274250,2.0,99.35032483758121
274500,5.2,93.72549019607843
274750,0.0,96.83168316831683
275000,0.0,97.88079470198674
275250,0.0,98.40796019900498
275500,0.0,98.72509960159363
275750,0.0,98.93687707641196
276000,0.0,99.08831908831908
276250,1.6,99.30034982508745
276500,5.6000000000000005,93.7007874015748
276750,0.0,96.82539682539682
277000,0.0,97.87798408488064
277250,0.0,98.40637450199203
277500,0.0,98.72408293460924
277750,0.0,98.93617021276596
278000,0.0,99.0877993158495
278250,1.2,99.2503748125937
278500,6.0,93.67588932806325
278750,0.0,96.81908548707754
279000,0.0,97.87516600265604
279250,0.0,98.4047856430708
279500,0.0,98.72306464485236
279750,0.0,98.9354624085163
280000,0.0,99.08727895037079
280250,0.8,99.20039980009994
280500,6.4,93.65079365079364
280750,0.0,96.81274900398407
281000,0.0,97.87234042553192
281250,0.0,98.40319361277446
281500,0.0,98.7220447284345
281750,0.0,98.93475366178428
282000,0.0,99.08675799086758
282250,0.4,99.1504247876062
282500,6.800000000000001,93.62549800796812
282750,0.0,96.8063872255489
283000,0.0,97.86950732356857
283250,0.0,98.4015984015984
283500,0.0,98.72102318145484
283750,0.0,98.93404397068622
284000,0.0,99.08623643632211
284250,0.0,99.10044977511244
284500,7.199999999999999,93.60000000000001
284750,0.0,96.8
285000,0.0,97.86666666666667
285250,0.0,98.4
285500,0.0,98.72
285750,0.0,98.93333333333332
286000,0.0,99.08571428571429
286250,0.0,99.1
286500,7.199999999999999,93.57429718875501
286750,0.0,96.79358717434869
287000,0.0,97.86381842456609
287250,0.0,98.3983983983984
287500,0.0,98.71897518014411
287750,0.0,98.93262174783189
288000,0.0,99.08519153802172
288250,0.0,99.09954977488744
288500,7.199999999999999,93.54838709677419
288750,0.0,96.78714859437751
289000,0.0,97.86096256684492
289250,0.0,98.39679358717434
289500,0.0,98.71794871794873
289750,0.0,98.93190921228305
290000,0.0,99.08466819221968
290250,0.0,99.09909909909909
290500,7.199999999999999,93.52226720647774
290750,0.0,96.78068410462777
291000,0.0,97.85809906291834
291250,0.0,98.39518555667
291500,0.0,98.7169206094627
291750,0.0,98.9311957247829
292000,0.0,99.08414424728106
292250,0.0,99.09864797195793
292500,7.199999999999999,93.4959349593496
292750,0.0,96.7741935483871
293000,0.0,97.85522788203752
293250,0.0,98.39357429718876
293500,0.0,98.7158908507223
293750,0.0,98.93048128342245
294000,0.0,99.0836197021764
294250,0.0,99.09819639278558
294500,7.199999999999999,93.46938775510203
294750,0.0,96.76767676767678
295000,0.0,97.8523489932886
295250,0.0,98.39195979899498
295500,0.0,98.714859437751
295750,0.0,98.92976588628763
296000,0.0,99.08309455587393
296250,0.0,99.09774436090225
296500,7.199999999999999,93.44262295081968
296750,0.0,96.76113360323887
297000,0.0,97.84946236559139
297250,0.0,98.39034205231388
297500,0.0,98.71382636655949
297750,0.0,98.92904953145917
298000,0.0,99.08256880733946
298250,0.0,99.09729187562688
298500,7.199999999999999,93.4156378600823
298750,0.0,96.75456389452333
299000,0.0,97.84656796769852
299250,0.0,98.38872104733132
299500,0.0,98.71279163314561
299750,0.0,98.92833221701272
300000,0.0,99.08204245553644
300250,0.0,99.09683893627697
300500,7.199999999999999,93.38842975206612
300750,0.0,96.7479674796748
301000,0.0,97.84366576819407
301250,0.0,98.38709677419355
301500,0.0,98.71175523349437
301750,0.0,98.92761394101876
302000,0.0,99.08151549942595
302250,0.0,99.09638554216868
302500,7.199999999999999,93.3609958506224
302750,0.0,96.74134419551935
303000,0.0,97.84075573549258
303250,0.0,98.38546922300706
303500,0.0,98.71071716357775
303750,0.0,98.9268947015426
304000,0.0,99.0809879379667
304250,0.0,99.09593169261677
304500,7.199999999999999,93.33333333333333
304750,0.0,96.73469387755102
305000,0.0,97.83783783783784
305250,0.0,98.38383838383838
305500,0.0,98.70967741935483
305750,0.0,98.9261744966443
306000,0.0,99.08045977011494
