250,0.0,100.0
500,0.0,100.0
750,0.0,7.6
1000,0.0,30.7
1250,0.0,44.56
1500,0.0,53.800000000000004
1750,0.0,60.4
2000,0.0,65.35
2250,2.4,60.78767123287672
2500,0.0,54.260985352862846
2750,0.0,7.476635514018691
3000,0.0,30.630630630630627
3250,0.0,44.515612489991994
3500,0.0,53.76917945296864
3750,0.0,60.37735849056604
4000,0.0,65.33266633316657
4250,2.4,60.76527698458024
4500,0.0,54.23051299133911
4750,0.0,7.476635514018691
5000,0.0,30.630630630630627
5250,0.0,44.515612489991994
5500,0.0,53.76917945296864
5750,0.0,60.37735849056604
6000,0.0,65.33266633316657
6250,2.4,53.2
6500,0.0,40.699999999999996
6750,0.0,37.5
7000,0.0,50.0
7250,0.0,62.5
7500,77.2,75.0
7750,100.0,87.5
8000,100.0,28.57142857142857
8250,99.6,100.0
8500,100.0,100.0
8750,80.0,99.06542056074767
9000,0.0,99.2992992992993
9250,0.0,99.43955164131305
9500,0.0,99.53302201467645
9750,0.0,99.59977129788452
10000,0.0,99.64982491245622
10250,99.6,99.65
10500,100.0,99.65
10750,77.2,96.8
11000,0.0,84.3
11250,0.0,71.8
11500,0.0,75.0
11750,0.0,87.5
12000,2.8000000000000003,28.57142857142857
12250,99.6,57.14285714285714
12500,100.0,28.57142857142857
12750,80.0,100.0
13000,0.0,71.42857142857143
13250,0.0,42.857142857142854
13500,0.0,14.285714285714285
13750,0.0,85.71428571428571
14000,0.0,57.14285714285714
14250,99.6,28.57142857142857
14500,100.0,100.0
14750,80.0,71.42857142857143
15000,0.0,42.857142857142854
15250,0.0,14.285714285714285
15500,0.0,85.71428571428571
15750,0.0,57.14285714285714
16000,0.0,28.57142857142857
16250,99.6,57.14285714285714
16500,100.0,28.57142857142857
16750,80.0,100.0
17000,0.0,71.42857142857143
17250,0.0,42.857142857142854
17500,0.0,14.285714285714285
17750,0.0,85.71428571428571
18000,0.0,50.0
18250,99.6,99.59677419354838
18500,100.0,99.79919678714859
18750,80.0,99.06417112299465
19000,0.0,99.29859719438878
19250,0.0,99.43910256410257
19500,0.0,99.53271028037383
19750,0.0,99.59954233409611
20000,0.0,99.64964964964965
20250,99.6,99.64982491245622
20500,100.0,99.64982491245622
20750,77.2,96.7983991995998
21000,0.0,84.29214607303652
21250,0.0,71.78589294647324
21500,0.0,75.03751875937968
21750,0.0,87.54377188594297
22000,2.8000000000000003,37.5
22250,99.6,100.0
22500,100.0,100.0
22750,80.0,99.06417112299465
23000,0.0,99.29859719438878
23250,0.0,99.43910256410257
23500,0.0,99.53271028037383
23750,0.0,99.59954233409611
24000,0.0,99.64964964964965
24250,99.6,99.64982491245622
24500,100.0,99.64982491245622
24750,77.2,96.7983991995998
25000,0.0,84.29214607303652
25250,0.0,71.78589294647324
25500,0.0,75.03751875937968
25750,0.0,87.54377188594297
26000,2.8000000000000003,37.5
26250,99.6,100.0
26500,100.0,100.0
26750,80.0,99.06417112299465
27000,0.0,99.39819458375125
27250,0.0,100.0
27500,0.0,71.42857142857143
27750,0.0,42.857142857142854
28000,0.0,14.285714285714285
28250,99.6,71.42857142857143
28500,100.0,42.857142857142854
28750,80.0,14.285714285714285
29000,0.0,85.71428571428571
29250,0.0,57.14285714285714
29500,0.0,28.57142857142857
29750,0.0,100.0
30000,0.0,62.5
30250,99.6,99.19354838709677
30500,100.0,99.59839357429718
30750,80.0,99.06417112299465
31000,0.0,99.29859719438878
31250,0.0,99.43910256410257
31500,0.0,99.53271028037383
31750,0.0,99.59954233409611
32000,0.0,99.94979919678715
32250,99.6,99.94982438534872
32500,100.0,99.94982438534872
32750,77.2,97.0898143502258
33000,0.0,84.54591068740592
33250,0.0,72.00200702458605
33500,0.0,75.26342197691922
33750,0.0,87.80732563973909
34000,0.4,99.69984992496248
34250,99.6,99.7
34500,100.0,99.7
34750,77.60000000000001,96.89999999999999
35000,0.0,84.39999999999999
35250,0.0,71.89999999999999
35500,0.0,75.0
35750,0.0,87.5
36000,2.4,99.94979919678715
36250,99.6,99.94982438534872
36500,100.0,99.94982438534872
36750,79.60000000000001,97.39086803813348
37000,0.0,84.84696437531359
37250,0.0,72.30306071249373
37500,0.0,75.26342197691922
37750,0.0,87.80732563973909
38000,0.4,28.57142857142857
38250,99.6,57.14285714285714
38500,100.0,28.57142857142857
38750,77.60000000000001,100.0
39000,0.0,62.5
39250,0.0,98.83720930232558
39500,0.0,100.0
39750,0.0,71.42857142857143
40000,0.0,42.857142857142854
40250,99.6,42.857142857142854
40500,100.0,14.285714285714285
40750,80.0,96.49122807017544
41000,0.0,99.3485342019544
41250,0.0,99.64093357271095
41500,0.0,14.285714285714285
41750,0.0,85.71428571428571
42000,0.0,50.0
42250,99.6,99.59677419354838
42500,100.0,99.79919678714859
42750,80.0,99.06417112299465
43000,0.0,99.29859719438878
43250,0.0,99.43910256410257
43500,0.0,99.53271028037383
43750,0.0,99.59954233409611
44000,0.0,99.64964964964965
44250,99.6,99.64982491245622
44500,100.0,99.64982491245622
44750,77.2,96.7983991995998
45000,0.0,84.29214607303652
45250,0.0,71.78589294647324
45500,0.0,75.03751875937968
45750,0.0,87.54377188594297
46000,2.8000000000000003,37.5
46250,99.6,100.0
46500,100.0,100.0
46750,80.0,99.06417112299465
47000,0.0,99.29859719438878
47250,0.0,99.43910256410257
47500,0.0,99.53271028037383
47750,0.0,99.59954233409611
48000,0.0,99.64964964964965
48250,99.6,99.64982491245622
48500,100.0,99.64982491245622
48750,77.2,96.7983991995998
49000,0.0,84.29214607303652
49250,0.0,71.78589294647324
49500,0.0,75.03751875937968
49750,0.0,87.54377188594297
50000,2.8000000000000003,37.5
50250,99.6,100.0
50500,100.0,100.0
50750,80.0,99.06417112299465
51000,0.0,99.39819458375125
51250,0.0,100.0
51500,0.0,71.42857142857143
51750,0.0,42.857142857142854
52000,0.0,14.285714285714285
52250,99.6,71.42857142857143
52500,100.0,42.857142857142854
52750,80.4,14.285714285714285
53000,0.0,85.71428571428571
53250,0.0,57.14285714285714
53500,0.0,28.57142857142857
53750,0.0,100.0
54000,0.0,71.42857142857143
54250,0.0,99.22178988326849
54500,0.0,99.60552268244575
54750,0.0,99.07529722589167
55000,0.0,99.30486593843099
55250,0.0,99.44311853619729
55500,0.0,99.53550099535501
55750,0.0,99.60159362549801
56000,2.4,99.95002498750625
56250,0.4,98.046875
56500,0.0,99.01185770750988
56750,0.0,99.07407407407408
57000,0.0,99.3041749502982
57250,0.0,99.44267515923568
57500,0.0,99.53519256308101
57750,0.0,99.60136674259681
58000,2.0,99.9000499750125
58250,0.8,98.0392156862745
58500,0.0,99.00990099009901
58750,0.0,99.0728476821192
59000,0.0,99.30348258706468
59250,0.0,99.44223107569721
59500,0.0,99.53488372093024
59750,0.0,99.6011396011396
60000,1.6,99.85007496251875
60250,1.2,98.03149606299213
60500,0.0,99.0079365079365
60750,0.0,99.07161803713528
61000,0.0,99.30278884462152
61250,0.0,99.44178628389155
61500,0.0,99.5345744680851
61750,0.0,99.60091220068415
62000,1.2,99.80009995002499
62250,1.6,98.02371541501977
62500,0.0,99.00596421471172
62750,0.0,99.07038512616202
63000,0.0,99.30209371884347
63250,0.0,99.4413407821229
63500,0.0,99.53426480372588
63750,0.0,99.60068454078723
64000,0.8,99.75012493753124
64250,2.0,98.01587301587301
64500,0.0,99.00398406374502
64750,0.0,99.06914893617021
65000,0.0,99.30139720558883
65250,0.0,99.4408945686901
65500,0.0,99.53395472703063
65750,0.0,99.60045662100457
66000,0.4,99.70014992503748
66250,2.4,98.00796812749005
66500,0.0,99.00199600798403
66750,0.0,99.06790945406125
67000,0.0,99.3006993006993
67250,0.0,99.4404476418865
67500,0.0,99.53364423717521
67750,0.0,99.60022844089092
68000,0.0,99.65017491254373
68250,2.8000000000000003,98.0
68500,0.0,99.0
68750,0.0,99.06666666666666
69000,0.0,99.3
69250,0.0,99.44
69500,0.0,99.53333333333333
69750,0.0,99.6
70000,0.0,99.65
70250,2.8000000000000003,97.99196787148594
70500,0.0,98.99799599198397
70750,0.0,99.06542056074767
71000,0.0,99.2992992992993
71250,0.0,99.43955164131305
71500,0.0,99.53302201467645
71750,0.0,99.59977129788452
72000,0.0,99.64982491245622
72250,2.8000000000000003,97.98387096774194
72500,0.0,98.99598393574297
72750,0.0,99.06417112299465
73000,0.0,99.29859719438878
73250,0.0,99.43910256410257
73500,0.0,99.53271028037383
73750,0.0,99.59954233409611
74000,0.0,99.64964964964965
74250,2.8000000000000003,97.97570850202429
74500,0.0,98.99396378269618
74750,0.0,99.06291834002677
75000,0.0,99.29789368104312
75250,0.0,99.43865276663993
75500,0.0,99.53239812959251
75750,0.0,99.59931310818546
76000,0.0,99.64947421131698
76250,2.8000000000000003,97.96747967479675
76500,0.0,98.99193548387096
76750,0.0,99.06166219839142
77000,0.0,99.29718875502009
77250,0.0,99.43820224719101
77500,0.0,99.53208556149733
77750,0.0,99.59908361970218
78000,0.0,99.64929859719439
78250,2.8000000000000003,97.95918367346938
78500,0.0,98.98989898989899
78750,0.0,99.06040268456375
79000,0.0,99.2964824120603
79250,0.0,99.43775100401606
79500,0.0,99.53177257525083
79750,0.0,99.59885386819485
80000,0.0,99.64912280701755
80250,2.8000000000000003,97.95081967213115
80500,0.0,98.98785425101214
80750,0.0,99.05913978494624
81000,0.0,99.29577464788733
81250,0.0,99.43729903536978
81500,0.0,99.53145917001339
81750,0.0,99.59862385321101
82000,0.0,99.64894684052157
82250,2.8000000000000003,97.94238683127571
82500,0.0,98.98580121703854
82750,0.0,99.0578734858681
83000,0.0,99.29506545820746
83250,0.0,99.4368463395012
83500,0.0,99.53114534494307
83750,0.0,99.59839357429718
84000,0.0,99.64877069744105
84250,2.8000000000000003,97.93388429752066
84500,0.0,98.98373983739837
84750,0.0,99.05660377358491
85000,0.0,99.29435483870968
85250,0.0,99.43639291465378
85500,0.0,99.53083109919572
85750,0.0,99.59816303099885
86000,0.0,99.64859437751004
86250,2.8000000000000003,97.9253112033195
86500,0.0,98.98167006109979
86750,0.0,99.05533063427801
87000,0.0,99.2936427850656
87250,0.0,99.43593875906527
87500,0.0,99.53051643192488
87750,0.0,99.59793222286044
88000,0.0,99.64841788046208
88250,2.8000000000000003,97.91666666666666
88500,0.0,98.9795918367347
88750,0.0,99.05405405405405
89000,0.0,99.29292929292929
89250,0.0,99.43548387096774
89500,0.0,99.53020134228187
89750,0.0,99.59770114942529
90000,0.0,99.64824120603015
90250,2.8000000000000003,97.90794979079497
90500,0.0,98.97750511247445
90750,0.0,99.05277401894452
91000,0.0,99.29221435793731
91250,0.0,99.43502824858757
91500,0.0,99.52988582941572
91750,0.0,99.59746981023578
92000,0.0,99.64806435394671
92250,2.8000000000000003,97.89915966386555
92500,0.0,98.97540983606558
92750,0.0,99.05149051490515
93000,0.0,99.2914979757085
93250,0.0,99.43457189014539
93500,0.0,99.52956989247312
93750,0.0,99.59723820483313
94000,0.0,99.64788732394366
94250,2.8000000000000003,97.8902953586498
94500,0.0,98.97330595482546
94750,0.0,99.05020352781547
95000,0.0,99.29078014184397
95250,0.0,99.4341147938561
95500,0.0,99.52925353059851
95750,0.0,99.59700633275763
96000,0.0,99.64771011575239
96250,2.8000000000000003,97.88135593220339
96500,0.0,98.97119341563786
96750,0.0,99.04891304347827
97000,0.0,99.29006085192698
97250,0.0,99.4336569579288
97500,0.0,99.52893674293405
97750,0.0,99.59677419354838
98000,0.0,99.64753272910373
98250,2.8000000000000003,97.87234042553192
98500,0.0,98.96907216494846
98750,0.0,99.04761904761905
99000,0.0,99.28934010152284
99250,0.0,99.43319838056681
99500,0.0,99.52861952861953
99750,0.0,99.59654178674351
100000,0.0,99.64735516372795
100250,2.8000000000000003,97.86324786324786
100500,0.0,98.96694214876032
100750,0.0,99.04632152588556
101000,0.0,99.28861788617887
101250,0.0,99.43273905996759
101500,0.0,99.52830188679245
101750,0.0,99.59630911188005
102000,0.0,99.64717741935483
102250,2.8000000000000003,97.85407725321889
102500,0.0,98.9648033126294
102750,0.0,99.0450204638472
103000,0.0,99.28789420142421
103250,0.0,99.43227899432279
103500,0.0,99.52798381658799
103750,0.0,99.59607616849394
104000,0.0,99.64699949571356
104250,92.0,100.0
104500,100.0,100.0
104750,90.4,99.03047091412742
105000,0.0,99.2798353909465
105250,0.0,99.42716857610475
105500,0.0,99.52445652173914
105750,0.0,99.59349593495935
106000,0.0,99.64503042596348
106250,89.2,99.64982491245622
106500,100.0,99.64982491245622
106750,87.6,98.09904952476238
107000,0.0,85.5927963981991
107250,0.0,73.08654327163582
107500,0.0,73.7368684342171
107750,0.0,86.2431215607804
108000,0.0,98.74937468734367
108250,92.0,100.0
108500,100.0,100.0
108750,90.4,99.03047091412742
109000,0.0,99.2798353909465
109250,0.0,99.42716857610475
109500,0.0,99.52445652173914
109750,0.0,99.59349593495935
110000,0.0,99.64503042596348
110250,89.2,99.64982491245622
110500,100.0,99.64982491245622
110750,87.6,98.09904952476238
111000,0.0,85.5927963981991
111250,0.0,73.08654327163582
111500,0.0,73.7368684342171
111750,0.0,86.2431215607804
112000,0.0,98.74937468734367
112250,92.0,100.0
112500,100.0,100.0
112750,90.4,99.03047091412742
113000,0.0,99.2798353909465
113250,0.0,99.42716857610475
113500,0.0,99.52445652173914
113750,0.0,99.59349593495935
114000,0.0,99.64503042596348
114250,89.2,99.64982491245622
114500,100.0,99.64982491245622
114750,87.6,98.09904952476238
115000,0.0,85.5927963981991
115250,0.0,73.08654327163582
115500,0.0,73.7368684342171
115750,0.0,86.2431215607804
116000,0.0,98.74937468734367
116250,92.0,100.0
116500,100.0,100.0
116750,90.4,99.03047091412742
117000,0.0,99.2798353909465
117250,0.0,99.42716857610475
117500,0.0,99.52445652173914
117750,0.0,99.59349593495935
118000,0.0,99.64503042596348
118250,89.2,99.64982491245622
118500,100.0,99.64982491245622
118750,87.6,98.09904952476238
119000,0.0,85.5927963981991
119250,0.0,73.08654327163582
119500,0.0,73.7368684342171
119750,0.0,86.2431215607804
120000,0.0,98.74937468734367
120250,92.0,100.0
120500,100.0,100.0
120750,90.4,99.03047091412742
121000,0.0,99.2798353909465
121250,0.0,99.42716857610475
121500,0.0,99.52445652173914
121750,0.0,99.59349593495935
122000,0.0,99.64503042596348
122250,89.2,99.64982491245622
122500,100.0,99.64982491245622
122750,87.6,98.09904952476238
123000,0.0,85.5927963981991
123250,0.0,73.08654327163582
123500,0.0,73.7368684342171
123750,0.0,86.2431215607804
124000,0.0,98.74937468734367
124250,92.0,100.0
124500,100.0,100.0
124750,90.4,99.03047091412742
125000,0.0,99.2798353909465
125250,0.0,99.42716857610475
125500,0.0,99.52445652173914
125750,0.0,99.59349593495935
126000,0.0,99.64503042596348
126250,89.2,99.64982491245622
126500,100.0,99.64982491245622
126750,87.6,98.09904952476238
127000,0.0,85.5927963981991
127250,0.0,73.08654327163582
127500,0.0,73.7368684342171
127750,0.0,86.2431215607804
128000,0.0,98.74937468734367
128250,92.0,100.0
128500,100.0,100.0
128750,90.4,99.03047091412742
129000,0.0,99.2798353909465
129250,0.0,99.42716857610475
129500,0.0,99.52445652173914
129750,0.0,99.59349593495935
130000,0.0,99.64503042596348
130250,89.2,99.64982491245622
130500,100.0,99.64982491245622
130750,87.6,98.09904952476238
131000,0.0,85.5927963981991
131250,0.0,73.08654327163582
131500,0.0,73.7368684342171
131750,0.0,86.2431215607804
132000,0.0,98.74937468734367
132250,92.0,100.0
132500,100.0,100.0
132750,90.4,99.03047091412742
133000,0.0,99.2798353909465
133250,0.0,99.42716857610475
133500,0.0,99.52445652173914
133750,0.0,99.59349593495935
134000,0.0,99.64503042596348
134250,89.2,99.64982491245622
134500,100.0,99.64982491245622
134750,87.6,98.09904952476238
135000,0.0,85.5927963981991
135250,0.0,73.08654327163582
135500,0.0,73.7368684342171
135750,0.0,86.2431215607804
136000,0.0,98.74937468734367
136250,92.0,100.0
136500,100.0,100.0
136750,90.4,99.03047091412742
137000,0.0,99.2798353909465
137250,0.0,99.42716857610475
137500,0.0,99.52445652173914
137750,0.0,99.59349593495935
138000,0.0,99.64503042596348
138250,89.2,99.64982491245622
138500,100.0,99.64982491245622
138750,87.6,98.09904952476238
139000,0.0,85.5927963981991
139250,0.0,73.08654327163582
139500,0.0,73.7368684342171
139750,0.0,86.2431215607804
140000,0.0,98.74937468734367
140250,92.0,100.0
140500,100.0,100.0
140750,90.4,99.03047091412742
141000,0.0,99.2798353909465
141250,0.0,99.42716857610475
141500,0.0,99.52445652173914
141750,0.0,99.59349593495935
142000,0.0,99.64503042596348
142250,89.2,99.64982491245622
142500,100.0,99.64982491245622
142750,87.6,98.09904952476238
143000,0.0,85.5927963981991
143250,0.0,73.08654327163582
143500,0.0,73.7368684342171
143750,0.0,86.2431215607804
144000,0.0,98.74937468734367
144250,92.0,100.0
144500,100.0,100.0
144750,90.4,99.03047091412742
145000,0.0,99.2798353909465
145250,0.0,99.42716857610475
145500,0.0,99.52445652173914
145750,0.0,99.59349593495935
146000,0.0,99.64503042596348
146250,89.2,99.64982491245622
146500,100.0,99.64982491245622
146750,87.6,98.09904952476238
147000,0.0,85.5927963981991
147250,0.0,73.08654327163582
147500,0.0,73.7368684342171
147750,0.0,86.2431215607804
148000,0.0,98.74937468734367
148250,92.0,100.0
148500,100.0,100.0
148750,90.4,99.03047091412742
149000,0.0,99.2798353909465
149250,0.0,99.42716857610475
149500,0.0,99.52445652173914
149750,0.0,99.59349593495935
150000,0.0,99.64503042596348
150250,89.2,99.64982491245622
150500,100.0,99.64982491245622
150750,87.6,98.09904952476238
151000,0.0,85.5927963981991
151250,0.0,73.08654327163582
151500,0.0,73.7368684342171
151750,0.0,86.2431215607804
152000,0.0,98.74937468734367
152250,92.0,100.0
152500,100.0,100.0
152750,90.4,99.03047091412742
153000,0.0,99.2798353909465
153250,0.0,99.42716857610475
153500,0.0,99.52445652173914
153750,0.0,99.59349593495935
154000,0.0,99.64503042596348
154250,89.2,99.64982491245622
154500,100.0,99.64982491245622
154750,88.0,98.14907453726863
155000,0.0,85.64282141070535
155250,0.0,73.13656828414207
155500,0.0,73.68684342171086
155750,0.0,86.19309654827414
156000,0.0,98.69934967483742
156250,2.8000000000000003,96.0
156500,0.0,98.10526315789474
156750,0.0,99.86206896551724
157000,0.0,99.8974358974359
157250,0.0,99.91836734693878
157500,0.0,99.9322033898305
157750,0.0,99.94202898550725
158000,0.0,99.9493670886076
158250,2.8000000000000003,100.0
158500,0.0,100.0
158750,0.0,99.86187845303867
159000,0.0,99.89733059548254
159250,0.0,99.91830065359477
159500,0.0,99.93215739484395
159750,0.0,99.94199535962876
160000,0.0,99.94934143870314
160250,2.8000000000000003,97.37991266375546
160500,0.0,98.74739039665971
160750,0.0,99.039780521262
161000,0.0,99.2849846782431
161250,0.0,99.43043124491456
161500,0.0,99.52670723461799
161750,0.0,99.59514170040485
162000,0.0,99.64628600303183
162250,2.8000000000000003,97.80701754385966
162500,0.0,98.9539748953975
162750,0.0,99.03846153846155
163000,0.0,99.2842535787321
163250,0.0,99.42996742671009
163500,0.0,99.52638700947226
163750,0.0,99.5949074074074
164000,0.0,99.64610717896866
164250,2.8000000000000003,97.79735682819384
164500,0.0,98.9517819706499
164750,0.0,99.03713892709766
165000,0.0,99.2835209825998
165250,0.0,99.42950285248574
165500,0.0,99.52606635071089
165750,0.0,99.59467284308049
166000,0.0,99.64592817400101
166250,2.8000000000000003,97.78761061946902
166500,0.0,98.94957983193278
166750,0.0,99.0358126721763
167000,0.0,99.2827868852459
167250,0.0,99.42903752039152
167500,0.0,99.52574525745257
167750,0.0,99.59443800695249
168000,0.0,99.64574898785426
168250,2.8000000000000003,97.77777777777777
168500,0.0,98.94736842105263
168750,0.0,99.03448275862068
169000,0.0,99.28205128205128
169250,0.0,99.42857142857143
169500,0.0,99.52542372881355
169750,0.0,99.59420289855072
170000,0.0,99.64556962025316
170250,2.8000000000000003,97.76785714285714
170500,0.0,98.94514767932489
170750,0.0,99.03314917127072
171000,0.0,99.28131416837782
171250,0.0,99.4281045751634
171500,0.0,99.52510176390773
171750,0.0,99.5939675174014
172000,0.0,99.64539007092199
172250,2.8000000000000003,97.75784753363229
172500,0.0,98.94291754756871
172750,0.0,99.03181189488244
173000,0.0,99.28057553956835
173250,0.0,99.42763695829926
173500,0.0,99.52477936184657
173750,0.0,99.5937318630296
174000,0.0,99.6452103395844
174250,2.8000000000000003,97.74774774774775
174500,0.0,98.9406779661017
174750,0.0,99.03047091412742
175000,0.0,99.2798353909465
175250,0.0,99.42716857610475
175500,0.0,99.52445652173914
175750,0.0,99.59349593495935
176000,0.0,99.64503042596348
176250,2.8000000000000003,97.73755656108597
176500,0.0,98.93842887473461
176750,0.0,99.02912621359224
177000,0.0,99.27909371781668
177250,0.0,99.42669942669943
177500,0.0,99.52413324269205
177750,0.0,99.59325973271353
178000,0.0,99.64485032978183
178250,2.8000000000000003,97.72727272727273
178500,0.0,98.93617021276596
178750,0.0,99.02777777777779
179000,0.0,99.27835051546393
179250,0.0,99.42622950819671
179500,0.0,99.52380952380952
179750,0.0,99.59302325581395
180000,0.0,99.64467005076142
180250,2.8000000000000003,97.71689497716895
180500,0.0,98.93390191897655
180750,0.0,99.02642559109874
181000,0.0,99.27760577915376
181250,0.0,99.42575881870386
181500,0.0,99.52348536419333
181750,0.0,99.59278650378127
182000,0.0,99.64448958862366
182250,2.8000000000000003,97.70642201834863
182500,0.0,98.93162393162393
182750,0.0,99.025069637883
183000,0.0,99.27685950413223
183250,0.0,99.42528735632183
183500,0.0,99.52316076294278
183750,0.0,99.59254947613503
184000,0.0,99.64430894308943
184250,2.8000000000000003,97.6958525345622
184500,0.0,98.92933618843684
184750,0.0,99.023709902371
185000,0.0,99.27611168562565
185250,0.0,99.42481511914544
185500,0.0,99.52283571915473
185750,0.0,99.59231217239372
186000,0.0,99.644128113879
186250,2.8000000000000003,97.68518518518519
186500,0.0,98.92703862660944
186750,0.0,99.02234636871509
187000,0.0,99.27536231884058
187250,0.0,99.42434210526315
187500,0.0,99.5225102319236
187750,0.0,99.5920745920746
188000,0.0,99.64394710071211
188250,2.8000000000000003,97.67441860465115
188500,0.0,98.9247311827957
188750,0.0,99.02097902097901
189000,0.0,99.27461139896373
189250,0.0,99.42386831275721
189500,0.0,99.5221843003413
189750,0.0,99.59183673469387
190000,0.0,99.6437659033079
190250,2.8000000000000003,97.66355140186917
190500,0.0,98.92241379310344
190750,0.0,99.01960784313727
191000,0.0,99.27385892116183
191250,0.0,99.42339373970346
191500,0.0,99.52185792349727
191750,0.0,99.59159859976663
192000,0.0,99.64358452138494
192250,2.8000000000000003,97.65258215962442
192500,0.0,98.92008639308855
192750,0.0,99.01823281907434
193000,0.0,99.27310488058151
193250,0.0,99.42291838417148
193500,0.0,99.52153110047847
193750,0.0,99.59136018680678
194000,0.0,99.64340295466123
194250,2.8000000000000003,97.64150943396226
194500,0.0,98.91774891774891
194750,0.0,99.01685393258427
195000,0.0,99.27234927234927
195250,0.0,99.42244224422441
195500,0.0,99.52120383036936
195750,0.0,99.5911214953271
196000,0.0,99.64322120285422
196250,2.8000000000000003,97.6303317535545
196500,0.0,98.91540130151843
196750,0.0,99.01547116736991
197000,0.0,99.27159209157128
197250,0.0,99.42196531791907
197500,0.0,99.52087611225188
197750,0.0,99.59088252483927
198000,0.0,99.64303926568078
198250,2.8000000000000003,97.61904761904762
198500,0.0,98.91304347826086
198750,0.0,99.01408450704226
199000,0.0,99.27083333333333
199250,0.0,99.42148760330578
199500,0.0,99.52054794520548
199750,0.0,99.59064327485379
200000,0.0,99.64285714285714
200250,2.8000000000000003,97.60765550239235
200500,0.0,98.91067538126362
200750,0.0,99.01269393511988
201000,0.0,99.27007299270073
201250,0.0,99.42100909842844
201500,0.0,99.52021932830706
201750,0.0,99.59040374488005
202000,0.0,99.64267483409903
202250,2.8000000000000003,97.59615384615384
202500,0.0,98.90829694323145
202750,0.0,99.01129943502825
203000,0.0,99.26931106471815
203250,0.0,99.4205298013245
203500,0.0,99.519890260631
203750,0.0,99.59016393442623
204000,0.0,99.64249233912156
204250,2.8000000000000003,97.58454106280193
204500,0.0,98.90590809628009
204750,0.0,99.00990099009901
205000,0.0,99.26854754440961
205250,0.0,99.42004971002486
205500,0.0,99.51956074124915
205750,0.0,99.58992384299941
206000,0.0,99.64230965763925
206250,81.6,100.0
206500,100.0,100.0
206750,100.0,100.0
207000,0.8,99.2600422832981
207250,0.0,99.41471571906354
207500,0.0,99.51590594744121
207750,0.0,99.5872641509434
208000,0.0,99.64028776978418
208250,78.8,99.64982491245622
208500,100.0,99.64982491245622
208750,98.0,99.39969984992496
209000,0.0,86.89344672336168
209250,0.0,74.3871935967984
209500,0.0,72.43621810905452
209750,0.0,84.94247123561782
210000,0.0,97.4487243621811
210250,81.6,100.0
210500,100.0,100.0
210750,100.0,100.0
211000,0.8,99.2600422832981
211250,0.0,99.41471571906354
211500,0.0,99.51590594744121
211750,0.0,99.5872641509434
212000,0.0,99.64028776978418
212250,78.8,99.64982491245622
212500,100.0,99.64982491245622
212750,98.0,99.39969984992496
213000,0.0,86.89344672336168
213250,0.0,74.3871935967984
213500,0.0,72.43621810905452
213750,0.0,84.94247123561782
214000,0.0,97.4487243621811
214250,81.6,100.0
214500,100.0,100.0
214750,100.0,100.0
215000,0.8,99.2600422832981
215250,0.0,99.41471571906354
215500,0.0,99.51590594744121
215750,0.0,99.5872641509434
216000,0.0,99.64028776978418
216250,78.8,99.64982491245622
216500,100.0,99.64982491245622
216750,98.0,99.39969984992496
217000,0.0,86.89344672336168
217250,0.0,74.3871935967984
217500,0.0,72.43621810905452
217750,0.0,84.94247123561782
218000,0.0,97.4487243621811
218250,81.6,100.0
218500,100.0,100.0
218750,100.0,100.0
219000,0.8,99.2600422832981
219250,0.0,99.41471571906354
219500,0.0,99.51590594744121
219750,0.0,99.5872641509434
220000,0.0,99.64028776978418
220250,78.8,99.64982491245622
220500,100.0,99.64982491245622
220750,98.0,99.39969984992496
221000,0.0,86.89344672336168
221250,0.0,74.3871935967984
221500,0.0,72.43621810905452
221750,0.0,84.94247123561782
222000,0.0,97.4487243621811
222250,81.6,100.0
222500,100.0,100.0
222750,100.0,100.0
223000,0.8,99.2600422832981
223250,0.0,99.41471571906354
223500,0.0,99.51590594744121
223750,0.0,99.5872641509434
224000,0.0,99.64028776978418
224250,78.8,99.64982491245622
224500,100.0,99.64982491245622
224750,98.0,99.39969984992496
225000,0.0,86.89344672336168
225250,0.0,74.3871935967984
225500,0.0,72.43621810905452
225750,0.0,84.94247123561782
226000,0.0,97.4487243621811
226250,81.6,100.0
226500,100.0,100.0
226750,100.0,100.0
227000,0.8,99.2600422832981
227250,0.0,99.41471571906354
227500,0.0,99.51590594744121
227750,0.0,99.5872641509434
228000,0.0,99.64028776978418
228250,78.8,99.64982491245622
228500,100.0,99.64982491245622
228750,98.0,99.39969984992496
229000,0.0,86.89344672336168
229250,0.0,74.3871935967984
229500,0.0,72.43621810905452
229750,0.0,84.94247123561782
230000,0.0,97.4487243621811
230250,81.6,100.0
230500,100.0,100.0
230750,100.0,100.0
231000,0.8,99.2600422832981
231250,0.0,99.41471571906354
231500,0.0,99.51590594744121
231750,0.0,99.5872641509434
232000,0.0,99.64028776978418
232250,78.8,99.64982491245622
232500,100.0,99.64982491245622
232750,98.0,99.39969984992496
233000,0.0,86.89344672336168
233250,0.0,74.3871935967984
233500,0.0,72.43621810905452
233750,0.0,84.94247123561782
234000,0.0,97.4487243621811
234250,81.6,100.0
234500,100.0,100.0
234750,100.0,100.0
235000,0.8,99.2600422832981
235250,0.0,99.41471571906354
235500,0.0,99.51590594744121
235750,0.0,99.5872641509434
236000,0.0,99.64028776978418
236250,78.8,99.64982491245622
236500,100.0,99.64982491245622
236750,98.0,99.39969984992496
237000,0.0,86.89344672336168
237250,0.0,74.3871935967984
237500,0.0,72.43621810905452
237750,0.0,84.94247123561782
238000,0.0,97.4487243621811
238250,81.6,100.0
238500,100.0,100.0
238750,100.0,100.0
239000,0.8,99.2600422832981
239250,0.0,99.41471571906354
239500,0.0,99.51590594744121
239750,0.0,99.5872641509434
240000,0.0,99.64028776978418
240250,78.8,99.64982491245622
240500,100.0,99.64982491245622
240750,98.0,99.39969984992496
241000,0.0,86.89344672336168
241250,0.0,74.3871935967984
241500,0.0,72.43621810905452
241750,0.0,84.94247123561782
242000,0.0,97.4487243621811
242250,81.6,100.0
242500,100.0,100.0
242750,100.0,100.0
243000,0.8,99.2600422832981
243250,0.0,99.41471571906354
243500,0.0,99.51590594744121
243750,0.0,99.5872641509434
244000,0.0,99.64028776978418
244250,78.8,99.64982491245622
244500,100.0,99.64982491245622
244750,98.0,99.39969984992496
245000,0.0,86.89344672336168
245250,0.0,74.3871935967984
245500,0.0,72.43621810905452
245750,0.0,84.94247123561782
246000,0.0,97.4487243621811
246250,81.6,100.0
246500,100.0,100.0
246750,100.0,100.0
247000,0.8,99.2600422832981
247250,0.0,99.41471571906354
247500,0.0,99.51590594744121
247750,0.0,99.5872641509434
248000,0.0,99.64028776978418
248250,78.8,99.64982491245622
248500,100.0,99.64982491245622
248750,98.0,99.39969984992496
249000,0.0,86.89344672336168
249250,0.0,74.3871935967984
249500,0.0,72.43621810905452
249750,0.0,84.94247123561782
250000,0.0,97.4487243621811
250250,81.6,100.0
250500,100.0,100.0
250750,100.0,100.0
251000,0.8,99.2600422832981
251250,0.0,99.41471571906354
251500,0.0,99.51590594744121
251750,0.0,99.5872641509434
252000,0.0,99.64028776978418
252250,78.8,99.64982491245622
252500,100.0,99.64982491245622
252750,98.0,99.39969984992496
253000,0.0,86.89344672336168
253250,0.0,74.3871935967984
253500,0.0,72.43621810905452
253750,0.0,84.94247123561782
254000,0.0,97.4487243621811
254250,81.6,100.0
254500,100.0,100.0
254750,100.0,100.0
255000,0.8,99.2600422832981
255250,0.0,99.41471571906354
255500,0.0,99.51590594744121
255750,0.0,99.5872641509434
256000,0.0,99.64028776978418
256250,78.8,99.64982491245622
256500,100.0,99.64982491245622
256750,98.4,99.44972486243121
257000,0.0,86.94347173586794
257250,0.0,74.43721860930465
257500,0.0,72.38619309654828
257750,0.0,84.89244622311155
258000,0.0,97.39869934967483
258250,2.8000000000000003,97.5609756097561
258500,0.0,98.9010989010989
258750,0.0,99.00709219858156
259000,0.0,99.26701570680628
259250,0.0,99.41908713692946
259500,0.0,99.51890034364261
259750,0.0,99.58944281524926
260000,0.0,99.64194373401534
260250,2.8000000000000003,97.54901960784314
260500,0.0,98.89867841409692
260750,0.0,99.00568181818183
261000,0.0,99.26624737945492
261250,0.0,99.4186046511628
261500,0.0,99.51856946354883
261750,0.0,99.58920187793427
262000,0.0,99.6417604912999
262250,2.8000000000000003,97.53694581280789
262500,0.0,98.89624724061811
262750,0.0,99.00426742532005
263000,0.0,99.26547743966422
263250,0.0,99.41812136325852
263500,0.0,99.51823812801102
263750,0.0,99.58896065766295
264000,0.0,99.6415770609319
264250,2.8000000000000003,97.52475247524752
264500,0.0,98.89380530973452
264750,0.0,99.002849002849
265000,0.0,99.26470588235294
265250,0.0,99.41763727121464
265500,0.0,99.51790633608816
265750,0.0,99.58871915393655
266000,0.0,99.64139344262296
266250,2.8000000000000003,97.51243781094527
266500,0.0,98.89135254988913
266750,0.0,99.00142653352354
267000,0.0,99.26393270241851
267250,0.0,99.41715237302247
267500,0.0,99.51757408683667
267750,0.0,99.58847736625515
268000,0.0,99.64120963608406
268250,2.8000000000000003,97.5
268500,0.0,98.88888888888889
268750,0.0,99.28571428571429
269000,0.0,99.26315789473684
269250,0.0,99.41666666666666
269500,0.0,99.51724137931033
269750,0.0,99.58823529411764
270000,0.0,99.64102564102564
270250,2.8000000000000003,97.48743718592965
270500,0.0,98.88641425389754
270750,0.0,99.28469241773963
271000,0.0,99.26238145416228
271250,0.0,99.4161801501251
271500,0.0,99.51690821256038
271750,0.0,99.58799293702178
272000,0.0,99.64084145715752
272250,2.8000000000000003,97.47474747474747
272500,0.0,98.88392857142857
272750,0.0,99.2836676217765
273000,0.0,99.26160337552743
273250,0.0,99.41569282136895
273500,0.0,99.51657458563537
273750,0.0,99.58775029446407
274000,0.0,99.64065708418892
274250,2.8000000000000003,97.46192893401016
274500,0.0,98.88143176733782
274750,0.0,99.28263988522238
275000,0.0,99.26082365364309
275250,0.0,99.41520467836257
275500,0.0,99.5162404975812
275750,0.0,99.5875073659399
276000,0.0,99.64047252182844
276250,2.8000000000000003,97.44897959183673
276500,0.0,98.87892376681614
276750,0.0,99.2816091954023
277000,0.0,99.2600422832981
277250,0.0,99.41471571906354
277500,0.0,99.51590594744121
277750,0.0,99.5872641509434
278000,0.0,99.64028776978418
278250,2.8000000000000003,97.43589743589743
278500,0.0,98.87640449438202
278750,0.0,99.28057553956835
279000,0.0,99.25925925925925
279250,0.0,99.4142259414226
279500,0.0,99.51557093425606
279750,0.0,99.58702064896755
280000,0.0,99.6401028277635
280250,2.8000000000000003,97.42268041237114
280500,0.0,98.87387387387388
280750,0.0,99.27953890489914
281000,0.0,99.25847457627118
281250,0.0,99.41373534338358
281500,0.0,99.51523545706371
281750,0.0,99.58677685950413
282000,0.0,99.63991769547324
282250,2.8000000000000003,97.40932642487047
282500,0.0,98.87133182844244
282750,0.0,99.27849927849928
283000,0.0,99.25768822905621
283250,0.0,99.41324392288348
283500,0.0,99.51489951489951
283750,0.0,99.58653278204372
284000,0.0,99.63973237261966
284250,2.8000000000000003,97.39583333333334
284500,0.0,98.86877828054298
284750,0.0,99.27745664739885
285000,0.0,99.25690021231422
285250,0.0,99.41275167785236
285500,0.0,99.51456310679612
285750,0.0,99.58628841607565
286000,0.0,99.63954685890835
286250,2.8000000000000003,97.38219895287958
286500,0.0,98.86621315192744
286750,0.0,99.27641099855282
287000,0.0,99.25611052072264
287250,0.0,99.41225860621327
287500,0.0,99.51422623178348
287750,0.0,99.58604376108812
288000,0.0,99.63936115404431
288250,2.8000000000000003,97.36842105263158
288500,0.0,98.86363636363636
288750,0.0,99.27536231884058
289000,0.0,99.25531914893617
289250,0.0,99.41176470588235
289500,0.0,99.51388888888889
289750,0.0,99.58579881656804
290000,0.0,99.63917525773196
290250,2.8000000000000003,97.35449735449735
290500,0.0,98.86104783599089
290750,0.0,99.2743105950653
291000,0.0,99.2545260915868
291250,0.0,99.41126997476871
291500,0.0,99.5135510771369
291750,0.0,99.58555358200118
292000,0.0,99.63898916967509
292250,2.8000000000000003,97.3404255319149
292500,0.0,98.85844748858447
292750,0.0,99.27325581395348
293000,0.0,99.25373134328358
293250,0.0,99.41077441077442
293500,0.0,99.51321279554938
293750,0.0,99.58530805687204
294000,0.0,99.63880288957688
294250,2.8000000000000003,97.32620320855615
294500,0.0,98.8558352402746
294750,0.0,99.2721979621543
295000,0.0,99.2529348986126
295250,0.0,99.41027801179445
295500,0.0,99.51287404314544
295750,0.0,99.5850622406639
296000,0.0,99.6386164171399
296250,2.8000000000000003,97.31182795698925
296500,0.0,98.85321100917432
296750,0.0,99.27113702623906
297000,0.0,99.25213675213675
297250,0.0,99.4097807757167
297500,0.0,99.5125348189415
297750,0.0,99.58481613285883
298000,0.0,99.63842975206612
298250,2.8000000000000003,97.2972972972973
298500,0.0,98.85057471264368
298750,0.0,99.27007299270073
299000,0.0,99.25133689839572
299250,0.0,99.40928270042194
299500,0.0,99.51219512195122
299750,0.0,99.5845697329377
300000,0.0,99.63824289405684
300250,2.8000000000000003,97.28260869565217
300500,0.0,98.84792626728111
300750,0.0,99.26900584795322
301000,0.0,99.25053533190578
301250,0.0,99.40878378378379
301500,0.0,99.5118549511855
301750,0.0,99.58432304038006
302000,0.0,99.63805584281282
302250,2.8000000000000003,97.26775956284153
302500,0.0,98.84526558891456
302750,0.0,99.26793557833089
303000,0.0,99.2497320471597
303250,0.0,99.40828402366864
303500,0.0,99.51151430565248
303750,0.0,99.5840760546643
304000,0.0,99.63786859803415
304250,2.8000000000000003,97.25274725274726
304500,0.0,98.8425925925926
304750,0.0,99.26686217008798
305000,0.0,99.2489270386266
305250,0.0,99.4077834179357
305500,0.0,99.51117318435753
305750,0.0,99.58382877526753
306000,0.0,99.63768115942028
