250,0.0,100.0
500,0.0,100.0
750,0.0,100.0
1000,0.0,90.0
1250,0.0,72.0
1500,0.0,60.0
1750,0.0,51.42857142857142
2000,0.0,45.0
2250,3.2,51.369863013698634
2500,0.0,59.92010652463382
2750,0.0,71.8849840255591
3000,0.0,90.09009009009009
3250,0.0,72.05764611689351
3500,0.0,60.04002668445631
3750,0.0,51.45797598627787
4000,0.0,45.02251125562781
4250,3.2,51.39920045688178
4500,0.0,59.96002664890073
4750,0.0,71.94244604316546
5000,0.0,90.81735620585268
5250,0.0,72.522159548751
5500,0.0,60.36217303822937
5750,0.0,51.69442848937392
6000,0.0,45.38577912254161
6250,3.2,45.36290322580645
6500,0.0,45.36290322580645
6750,0.0,45.36290322580645
7000,0.0,45.36290322580645
7250,59.599999999999994,45.36290322580645
7500,100.0,45.36290322580645
7750,100.0,45.36290322580645
8000,93.60000000000001,100.0
8250,99.6,100.0
8500,100.0,100.0
8750,100.0,100.0
9000,60.0,100.0
9250,0.0,100.0
9500,0.0,100.0
9750,0.0,100.0
10000,0.0,100.0
10250,99.6,100.0
10500,100.0,100.0
10750,100.0,100.0
11000,60.0,100.0
11250,0.0,100.0
11500,0.0,100.0
11750,0.0,100.0
12000,0.0,100.0
12250,99.6,100.0
12500,100.0,100.0
12750,100.0,100.0
13000,60.0,100.0
13250,0.0,100.0
13500,0.0,100.0
13750,0.0,100.0
14000,0.0,89.10891089108911
14250,99.6,89.02077151335311
14500,100.0,89.02077151335311
14750,100.0,89.02077151335311
15000,56.39999999999999,89.02077151335311
15250,3.5999999999999996,100.0
15500,0.0,100.0
15750,0.0,100.0
16000,0.0,100.0
16250,99.6,100.0
16500,100.0,100.0
16750,100.0,100.0
17000,60.0,100.0
17250,0.0,100.0
17500,0.0,100.0
17750,0.0,100.0
18000,0.0,100.0
18250,99.6,100.0
18500,100.0,100.0
18750,100.0,100.0
19000,56.39999999999999,90.09009009009009
19250,0.0,72.05764611689351
19500,0.0,60.04002668445631
19750,0.0,51.45797598627787
20000,0.0,45.02251125562781
20250,99.6,45.0
20500,100.0,45.0
20750,100.0,45.0
21000,56.39999999999999,45.0
21250,0.0,45.0
21500,0.0,45.0
21750,0.0,45.0
22000,3.5999999999999996,100.0
22250,99.6,100.0
22500,100.0,100.0
22750,100.0,100.0
23000,60.0,100.0
23250,0.0,100.0
23500,0.0,100.0
23750,0.0,100.0
24000,0.0,100.0
24250,99.6,100.0
24500,100.0,100.0
24750,100.0,100.0
25000,60.0,90.09009009009009
25250,0.0,72.05764611689351
25500,0.0,60.04002668445631
25750,0.0,51.45797598627787
26000,0.0,45.02251125562781
26250,99.6,45.0
26500,100.0,45.0
26750,100.0,45.0
27000,56.39999999999999,45.0
27250,0.0,45.0
27500,0.0,45.0
27750,0.0,45.0
28000,3.5999999999999996,100.0
28250,99.6,100.0
28500,100.0,100.0
28750,100.0,100.0
29000,60.0,100.0
29250,0.0,100.0
29500,0.0,100.0
29750,0.0,100.0
30000,0.0,100.0
30250,99.6,100.0
30500,100.0,100.0
30750,100.0,100.0
31000,60.0,90.09009009009009
31250,0.0,72.05764611689351
31500,0.0,60.04002668445631
31750,0.0,51.45797598627787
32000,0.0,45.02251125562781
32250,99.6,45.0
32500,100.0,45.0
32750,100.0,45.0
33000,56.39999999999999,45.0
33250,0.0,45.0
33500,0.0,45.0
33750,0.0,45.0
34000,3.5999999999999996,100.0
34250,99.6,100.0
34500,100.0,100.0
34750,100.0,100.0
35000,60.0,100.0
35250,0.0,100.0
35500,0.0,100.0
35750,0.0,100.0
36000,0.0,100.0
36250,99.6,100.0
36500,100.0,100.0
36750,100.0,100.0
37000,60.0,100.0
37250,0.0,100.0
37500,0.0,100.0
37750,0.0,100.0
38000,0.0,89.10891089108911
38250,99.6,89.02077151335311
38500,100.0,89.02077151335311
38750,100.0,89.02077151335311
39000,56.39999999999999,89.02077151335311
39250,3.5999999999999996,100.0
39500,0.0,100.0
39750,0.0,100.0
40000,0.0,100.0
40250,99.6,100.0
40500,100.0,100.0
40750,100.0,100.0
41000,60.0,100.0
41250,0.0,100.0
41500,0.0,100.0
41750,0.0,100.0
42000,0.0,100.0
42250,99.6,100.0
42500,100.0,100.0
42750,100.0,100.0
43000,56.39999999999999,90.09009009009009
43250,0.0,72.05764611689351
43500,0.0,60.04002668445631
43750,0.0,51.45797598627787
44000,0.0,45.02251125562781
44250,99.6,45.0
44500,100.0,45.0
44750,100.0,45.0
45000,56.39999999999999,45.0
45250,0.0,45.0
45500,0.0,45.0
45750,0.0,45.0
46000,3.5999999999999996,100.0
46250,99.6,100.0
46500,100.0,100.0
46750,100.0,100.0
47000,60.0,100.0
47250,0.0,100.0
47500,0.0,100.0
47750,0.0,100.0
48000,0.0,100.0
48250,99.6,100.0
48500,100.0,100.0
48750,100.0,100.0
49000,60.0,90.09009009009009
49250,0.0,72.05764611689351
49500,0.0,60.04002668445631
49750,0.0,51.45797598627787
50000,0.0,45.02251125562781
50250,99.6,45.0
50500,100.0,45.0
50750,100.0,45.0
51000,56.39999999999999,45.0
51250,0.0,45.0
51500,0.0,45.0
51750,0.0,45.0
52000,3.5999999999999996,100.0
52250,99.6,100.0
52500,100.0,100.0
52750,100.0,100.0
53000,60.4,100.0
53250,0.0,100.0
53500,0.0,100.0
53750,0.0,100.0
54000,0.0,100.0
54250,0.0,100.0
54500,0.0,100.0
54750,0.0,100.0
55000,0.0,100.0
55250,0.0,100.0
55500,0.0,100.0
55750,0.0,100.0
56000,0.0,100.0
56250,0.0,100.0
56500,0.0,89.197224975223
56750,0.0,71.48530579825258
57000,0.0,59.64214711729622
57250,0.0,51.16543490619671
57500,3.2,44.97751124437781
57750,0.4,100.0
58000,0.0,100.0
58250,0.0,100.0
58500,0.0,89.28571428571429
58750,0.0,71.54213036565977
59000,0.0,59.6816976127321
59250,0.0,51.19453924914675
59500,2.8000000000000003,44.97751124437781
59750,0.8,100.0
60000,0.0,100.0
60250,0.0,100.0
60500,0.0,89.37437934458788
60750,0.0,71.59904534606206
61000,0.0,59.721300597213
61250,0.0,51.22367672168468
61500,2.4,44.97751124437781
61750,1.2,100.0
62000,0.0,100.0
62250,0.0,100.0
62500,0.0,89.46322067594433
62750,0.0,71.656050955414
63000,0.0,59.76095617529881
63250,0.0,51.252847380410024
63500,2.0,44.97751124437781
63750,1.6,100.0
64000,0.0,100.0
64250,0.0,100.0
64500,0.0,89.55223880597015
64750,0.0,71.71314741035857
65000,0.0,59.800664451827245
65250,0.0,51.28205128205128
65500,1.6,44.97751124437781
65750,2.0,100.0
66000,0.0,100.0
66250,0.0,100.0
66500,0.0,89.64143426294821
66750,0.0,71.77033492822966
67000,0.0,59.840425531914896
67250,0.0,51.31128848346636
67500,1.2,44.97751124437781
67750,2.4,100.0
68000,0.0,100.0
68250,0.0,100.0
68500,0.0,89.7308075772682
68750,0.0,71.82761372705507
69000,0.0,59.88023952095808
69250,0.0,51.3405590416429
69500,0.8,44.97751124437781
69750,2.8000000000000003,100.0
70000,0.0,100.0
70250,0.0,100.0
70500,0.0,89.82035928143712
70750,0.0,71.8849840255591
71000,0.0,59.92010652463382
71250,0.0,51.369863013698634
71500,0.4,44.97751124437781
71750,3.2,100.0
72000,0.0,100.0
72250,0.0,100.0
72500,0.0,89.91008991008991
72750,0.0,71.94244604316546
73000,0.0,59.96002664890073
73250,0.0,51.39920045688178
73500,0.0,44.97751124437781
73750,3.5999999999999996,100.0
74000,0.0,100.0
74250,0.0,100.0
74500,0.0,90.0
74750,0.0,72.0
75000,0.0,60.0
75250,0.0,51.42857142857142
75500,0.0,45.0
75750,3.5999999999999996,100.0
76000,0.0,100.0
76250,0.0,100.0
76500,0.0,90.09009009009009
76750,0.0,72.05764611689351
77000,0.0,60.04002668445631
77250,0.0,51.45797598627787
77500,0.0,45.02251125562781
77750,3.5999999999999996,100.0
78000,0.0,100.0
78250,0.0,100.0
78500,0.0,90.18036072144288
78750,0.0,72.11538461538461
79000,0.0,60.08010680907877
79250,0.0,51.48741418764302
79500,0.0,45.04504504504504
79750,3.5999999999999996,100.0
80000,0.0,100.0
80250,0.0,100.0
80500,0.0,90.27081243731193
80750,0.0,72.17321571772254
81000,0.0,60.120240480961925
81250,0.0,51.516886090440764
81500,0.0,45.06760140210315
81750,3.5999999999999996,100.0
82000,0.0,100.0
82250,0.0,100.0
82500,0.0,90.36144578313254
82750,0.0,72.23113964686998
83000,0.0,60.16042780748663
83250,0.0,51.546391752577314
83500,0.0,45.09018036072144
83750,3.5999999999999996,100.0
84000,0.0,100.0
84250,0.0,100.0
84500,0.0,90.45226130653266
84750,0.0,72.28915662650603
85000,0.0,60.200668896321076
85250,0.0,51.57593123209169
85500,0.0,45.11278195488722
85750,3.5999999999999996,100.0
86000,0.0,100.0
86250,0.0,100.0
86500,0.0,90.54325955734407
86750,0.0,72.34726688102894
87000,0.0,60.24096385542169
87250,0.0,51.60550458715596
87500,0.0,45.135406218655966
87750,3.5999999999999996,100.0
88000,0.0,100.0
88250,0.0,100.0
88500,0.0,90.6344410876133
88750,0.0,72.40547063555913
89000,0.0,60.28131279303416
89250,0.0,51.63511187607573
89500,0.0,45.158053186151534
89750,3.5999999999999996,100.0
90000,0.0,100.0
90250,0.0,100.0
90500,0.0,90.7258064516129
90750,0.0,72.46376811594203
91000,0.0,60.32171581769437
91250,0.0,51.66475315729046
91500,0.0,45.18072289156627
91750,3.5999999999999996,100.0
92000,0.0,100.0
92250,0.0,100.0
92500,0.0,90.81735620585268
92750,0.0,72.522159548751
93000,0.0,60.36217303822937
93250,0.0,51.69442848937392
93500,0.0,45.20341536916123
93750,3.5999999999999996,100.0
94000,0.0,100.0
94250,0.0,100.0
94500,0.0,90.9090909090909
94750,0.0,72.58064516129032
95000,0.0,60.40268456375839
95250,0.0,51.724137931034484
95500,0.0,45.22613065326633
95750,3.5999999999999996,100.0
96000,0.0,100.0
96250,0.0,100.0
96500,0.0,91.0010111223458
96750,0.0,72.63922518159806
97000,0.0,60.443250503693754
97250,0.0,51.75388154111559
97500,0.0,45.248868778280546
97750,3.5999999999999996,100.0
98000,0.0,100.0
98250,0.0,100.0
98500,0.0,91.09311740890689
98750,0.0,72.6978998384491
99000,0.0,60.483870967741936
99250,0.0,51.78365937859609
99500,0.0,45.271629778672036
99750,3.5999999999999996,100.0
100000,0.0,100.0
100250,0.0,100.0
100500,0.0,91.1854103343465
100750,0.0,72.75666936135814
101000,0.0,60.5245460659045
101250,0.0,51.813471502590666
101500,0.0,45.29441368897836
101750,3.5999999999999996,100.0
102000,0.0,100.0
102250,0.0,100.0
102500,0.0,91.27789046653145
102750,0.0,72.81553398058253
103000,0.0,60.565275908479144
103250,0.0,51.843317972350235
103500,0.0,45.31722054380665
103750,3.5999999999999996,100.0
104000,0.0,100.0
104250,89.2,100.0
104500,100.0,100.0
104750,100.0,100.0
105000,70.39999999999999,100.0
105250,0.0,100.0
105500,0.0,92.68795056642637
105750,0.0,73.71007371007371
106000,0.0,61.18286879673691
106250,89.2,60.08010680907877
106500,100.0,60.08010680907877
106750,100.0,60.08010680907877
107000,66.8,60.08010680907877
107250,0.0,60.08010680907877
107500,0.0,60.08010680907877
107750,3.5999999999999996,100.0
108000,0.0,100.0
108250,89.2,100.0
108500,100.0,100.0
108750,100.0,100.0
109000,70.39999999999999,100.0
109250,0.0,100.0
109500,0.0,92.68795056642637
109750,0.0,73.71007371007371
110000,0.0,61.18286879673691
110250,89.2,60.08010680907877
110500,100.0,60.08010680907877
110750,100.0,60.08010680907877
111000,66.8,60.08010680907877
111250,0.0,60.08010680907877
111500,0.0,60.08010680907877
111750,3.5999999999999996,100.0
112000,0.0,100.0
112250,89.2,100.0
112500,100.0,100.0
112750,100.0,100.0
113000,70.39999999999999,100.0
113250,0.0,100.0
113500,0.0,92.68795056642637
113750,0.0,73.71007371007371
114000,0.0,61.18286879673691
114250,89.2,60.08010680907877
114500,100.0,60.08010680907877
114750,100.0,60.08010680907877
115000,66.8,60.08010680907877
115250,0.0,60.08010680907877
115500,0.0,60.08010680907877
115750,3.5999999999999996,100.0
116000,0.0,100.0
116250,89.2,100.0
116500,100.0,100.0
116750,100.0,100.0
117000,70.39999999999999,100.0
117250,0.0,100.0
117500,0.0,92.68795056642637
117750,0.0,73.71007371007371
118000,0.0,61.18286879673691
118250,89.2,60.08010680907877
118500,100.0,60.08010680907877
118750,100.0,60.08010680907877
119000,66.8,60.08010680907877
119250,0.0,60.08010680907877
119500,0.0,60.08010680907877
119750,3.5999999999999996,100.0
120000,0.0,100.0
120250,89.2,100.0
120500,100.0,100.0
120750,100.0,100.0
121000,70.39999999999999,100.0
121250,0.0,100.0
121500,0.0,92.68795056642637
121750,0.0,73.71007371007371
122000,0.0,61.18286879673691
122250,89.2,60.08010680907877
122500,100.0,60.08010680907877
122750,100.0,60.08010680907877
123000,66.8,60.08010680907877
123250,0.0,60.08010680907877
123500,0.0,60.08010680907877
123750,3.5999999999999996,100.0
124000,0.0,100.0
124250,89.2,100.0
124500,100.0,100.0
124750,100.0,100.0
125000,70.39999999999999,100.0
125250,0.0,100.0
125500,0.0,92.68795056642637
125750,0.0,73.71007371007371
126000,0.0,61.18286879673691
126250,89.2,60.08010680907877
126500,100.0,60.08010680907877
126750,100.0,60.08010680907877
127000,66.8,60.08010680907877
127250,0.0,60.08010680907877
127500,0.0,60.08010680907877
127750,3.5999999999999996,100.0
128000,0.0,100.0
128250,89.2,100.0
128500,100.0,100.0
128750,100.0,100.0
129000,70.39999999999999,100.0
129250,0.0,100.0
129500,0.0,92.68795056642637
129750,0.0,73.71007371007371
130000,0.0,61.18286879673691
130250,89.2,60.08010680907877
130500,100.0,60.08010680907877
130750,100.0,60.08010680907877
131000,66.8,60.08010680907877
131250,0.0,60.08010680907877
131500,0.0,60.08010680907877
131750,3.5999999999999996,100.0
132000,0.0,100.0
132250,89.2,100.0
132500,100.0,100.0
132750,100.0,100.0
133000,70.39999999999999,100.0
133250,0.0,100.0
133500,0.0,92.68795056642637
133750,0.0,73.71007371007371
134000,0.0,61.18286879673691
134250,89.2,60.08010680907877
134500,100.0,60.08010680907877
134750,100.0,60.08010680907877
135000,66.8,60.08010680907877
135250,0.0,60.08010680907877
135500,0.0,60.08010680907877
135750,3.5999999999999996,100.0
136000,0.0,100.0
136250,89.2,100.0
136500,100.0,100.0
136750,100.0,100.0
137000,70.39999999999999,100.0
137250,0.0,100.0
137500,0.0,92.68795056642637
137750,0.0,73.71007371007371
138000,0.0,61.18286879673691
138250,89.2,60.08010680907877
138500,100.0,60.08010680907877
138750,100.0,60.08010680907877
139000,66.8,60.08010680907877
139250,0.0,60.08010680907877
139500,0.0,60.08010680907877
139750,3.5999999999999996,100.0
140000,0.0,100.0
140250,89.2,100.0
140500,100.0,100.0
140750,100.0,100.0
141000,70.39999999999999,100.0
141250,0.0,100.0
141500,0.0,92.68795056642637
141750,0.0,73.71007371007371
142000,0.0,61.18286879673691
142250,89.2,60.08010680907877
142500,100.0,60.08010680907877
142750,100.0,60.08010680907877
143000,66.8,60.08010680907877
143250,0.0,60.08010680907877
143500,0.0,60.08010680907877
143750,3.5999999999999996,100.0
144000,0.0,100.0
144250,89.2,100.0
144500,100.0,100.0
144750,100.0,100.0
145000,70.39999999999999,100.0
145250,0.0,100.0
145500,0.0,92.68795056642637
145750,0.0,73.71007371007371
146000,0.0,61.18286879673691
146250,89.2,60.08010680907877
146500,100.0,60.08010680907877
146750,100.0,60.08010680907877
147000,66.8,60.08010680907877
147250,0.0,60.08010680907877
147500,0.0,60.08010680907877
147750,3.5999999999999996,100.0
148000,0.0,100.0
148250,89.2,100.0
148500,100.0,100.0
148750,100.0,100.0
149000,70.39999999999999,100.0
149250,0.0,100.0
149500,0.0,92.68795056642637
149750,0.0,73.71007371007371
150000,0.0,61.18286879673691
150250,89.2,60.08010680907877
150500,100.0,60.08010680907877
150750,100.0,60.08010680907877
151000,66.8,60.08010680907877
151250,0.0,60.08010680907877
151500,0.0,60.08010680907877
151750,3.5999999999999996,100.0
152000,0.0,100.0
152250,89.2,100.0
152500,100.0,100.0
152750,100.0,100.0
153000,70.39999999999999,100.0
153250,0.0,100.0
153500,0.0,100.0
153750,0.0,100.0
154000,0.0,100.0
154250,89.2,100.0
154500,100.0,100.0
154750,100.0,100.0
155000,67.2,92.5925925925926
155250,0.0,73.64975450081833
155500,0.0,61.141304347826086
155750,0.0,100.0
156000,0.0,100.0
156250,3.5999999999999996,100.0
156500,0.0,91.46341463414635
156750,0.0,72.93354943273907
157000,0.0,60.64690026954178
157250,0.0,51.903114186851205
157500,0.0,45.36290322580645
157750,3.5999999999999996,100.0
158000,0.0,100.0
158250,0.0,100.0
158500,0.0,91.55645981688708
158750,0.0,72.99270072992701
159000,0.0,60.687795010114634
159250,0.0,51.933064050778995
159500,0.0,45.38577912254161
159750,3.5999999999999996,100.0
160000,0.0,100.0
160250,0.0,100.0
160500,0.0,91.64969450101833
160750,0.0,73.05194805194806
161000,0.0,60.72874493927125
161250,0.0,51.96304849884527
161500,0.0,45.40867810292634
161750,3.5999999999999996,100.0
162000,0.0,100.0
162250,0.0,100.0
162500,0.0,91.74311926605505
162750,0.0,73.11129163281885
163000,0.0,60.76975016880486
163250,0.0,51.99306759098788
163500,0.0,45.43160020191822
163750,3.5999999999999996,100.0
164000,0.0,100.0
164250,0.0,100.0
164500,0.0,91.83673469387756
164750,0.0,73.17073170731707
165000,0.0,60.810810810810814
165250,0.0,52.02312138728323
165500,0.0,45.45454545454545
165750,3.5999999999999996,100.0
166000,0.0,100.0
166250,0.0,100.0
166500,0.0,91.93054136874362
166750,0.0,73.23026851098454
167000,0.0,60.85192697768763
167250,0.0,52.05320994794679
167500,0.0,45.47751389590702
167750,3.5999999999999996,100.0
168000,0.0,100.0
168250,0.0,100.0
168500,0.0,92.02453987730061
168750,0.0,73.28990228013029
169000,0.0,60.893098782138026
169250,0.0,52.083333333333336
169500,0.0,45.5005055611729
169750,3.5999999999999996,100.0
170000,0.0,100.0
170250,0.0,100.0
170500,0.0,92.11873080859775
170750,0.0,73.34963325183375
171000,0.0,60.93432633716994
171250,0.0,52.11349160393747
171500,0.0,45.52352048558422
171750,3.5999999999999996,100.0
172000,0.0,100.0
172250,0.0,100.0
172500,0.0,92.21311475409836
172750,0.0,73.4094616639478
173000,0.0,60.97560975609756
173250,0.0,52.14368482039398
173500,0.0,45.546558704453446
173750,3.5999999999999996,100.0
174000,0.0,100.0
174250,0.0,100.0
174500,0.0,92.3076923076923
174750,0.0,73.46938775510205
175000,0.0,61.016949152542374
175250,0.0,52.17391304347826
175500,0.0,45.56962025316456
175750,3.5999999999999996,100.0
176000,0.0,100.0
176250,0.0,100.0
176500,0.0,92.40246406570843
176750,0.0,73.52941176470588
177000,0.0,61.05834464043419
177250,0.0,52.204176334106734
177500,0.0,45.59270516717325
177750,3.5999999999999996,100.0
178000,0.0,100.0
178250,0.0,100.0
178500,0.0,92.49743062692704
178750,0.0,73.58953393295175
179000,0.0,61.099796334012225
179250,0.0,52.2344747533372
179500,0.0,45.6158134820071
179750,3.5999999999999996,100.0
180000,0.0,100.0
180250,0.0,100.0
180500,0.0,92.5925925925926
180750,0.0,73.64975450081833
181000,0.0,61.141304347826086
181250,0.0,52.264808362369344
181500,0.0,45.63894523326572
181750,3.5999999999999996,100.0
182000,0.0,100.0
182250,0.0,100.0
182500,0.0,92.68795056642637
182750,0.0,73.71007371007371
183000,0.0,61.18286879673691
183250,0.0,52.29517722254503
183500,0.0,45.662100456621005
183750,3.5999999999999996,100.0
184000,0.0,100.0
184250,0.0,100.0
184500,0.0,92.78350515463917
184750,0.0,73.77049180327869
185000,0.0,61.224489795918366
185250,0.0,52.32558139534884
185500,0.0,45.68527918781726
185750,3.5999999999999996,100.0
186000,0.0,100.0
186250,0.0,100.0
186500,0.0,92.87925696594426
186750,0.0,73.83100902378999
187000,0.0,61.26616746085772
187250,0.0,52.35602094240838
187500,0.0,45.70848146267141
187750,3.5999999999999996,100.0
188000,0.0,100.0
188250,0.0,100.0
188500,0.0,92.97520661157024
188750,0.0,73.89162561576354
189000,0.0,61.30790190735694
189250,0.0,52.386495925494756
189500,0.0,45.73170731707317
189750,3.5999999999999996,100.0
190000,0.0,100.0
190250,0.0,100.0
190500,0.0,93.07135470527405
190750,0.0,73.95234182415777
191000,0.0,61.34969325153374
191250,0.0,52.417006406523
191500,0.0,45.754956786985254
191750,3.5999999999999996,100.0
192000,0.0,100.0
192250,0.0,100.0
192500,0.0,93.16770186335404
192750,0.0,74.01315789473685
193000,0.0,61.39154160982264
193250,0.0,52.44755244755245
193500,0.0,45.77822990844354
193750,3.5999999999999996,100.0
194000,0.0,100.0
194250,0.0,100.0
194500,0.0,93.26424870466322
194750,0.0,74.07407407407408
195000,0.0,61.43344709897611
195250,0.0,52.47813411078717
195500,0.0,45.80152671755725
195750,3.5999999999999996,100.0
196000,0.0,100.0
196250,0.0,100.0
196500,0.0,93.3609958506224
196750,0.0,74.13509060955519
197000,0.0,61.47540983606557
197250,0.0,52.50875145857643
197500,0.0,45.824847250509166
197750,3.5999999999999996,100.0
198000,0.0,100.0
198250,0.0,100.0
198500,0.0,93.45794392523365
198750,0.0,74.1962077493817
199000,0.0,61.51742993848257
199250,0.0,52.53940455341506
199500,0.0,45.848191543555785
199750,3.5999999999999996,100.0
200000,0.0,100.0
200250,0.0,100.0
200500,0.0,93.55509355509356
200750,0.0,74.25742574257426
201000,0.0,61.55950752393981
201250,0.0,52.570093457943926
201500,0.0,45.87155963302752
201750,3.5999999999999996,100.0
202000,0.0,100.0
202250,0.0,100.0
202500,0.0,93.65244536940686
202750,0.0,74.31874483897604
203000,0.0,61.601642710472284
203250,0.0,52.60081823495032
203500,0.0,45.89495155532891
203750,3.5999999999999996,100.0
204000,0.0,100.0
204250,0.0,100.0
204500,0.0,93.75
204750,0.0,74.3801652892562
205000,0.0,61.64383561643836
205250,0.0,52.63157894736842
205500,0.0,45.91836734693878
205750,3.5999999999999996,100.0
206000,0.0,100.0
206250,78.8,100.0
206500,100.0,100.0
206750,100.0,100.0
207000,80.80000000000001,100.0
207250,0.0,100.0
207500,0.0,95.23809523809523
207750,0.0,75.31380753138075
208000,0.0,62.28373702422145
208250,78.8,60.08010680907877
208500,100.0,60.08010680907877
208750,100.0,60.08010680907877
209000,77.2,60.08010680907877
209250,0.0,60.08010680907877
209500,0.0,60.08010680907877
209750,3.5999999999999996,100.0
210000,0.0,100.0
210250,78.8,100.0
210500,100.0,100.0
210750,100.0,100.0
211000,80.80000000000001,100.0
211250,0.0,100.0
211500,0.0,95.23809523809523
211750,0.0,75.31380753138075
212000,0.0,62.28373702422145
212250,78.8,60.08010680907877
212500,100.0,60.08010680907877
212750,100.0,60.08010680907877
213000,77.2,60.08010680907877
213250,0.0,60.08010680907877
213500,0.0,60.08010680907877
213750,3.5999999999999996,100.0
214000,0.0,100.0
214250,78.8,100.0
214500,100.0,100.0
214750,100.0,100.0
215000,80.80000000000001,100.0
215250,0.0,100.0
215500,0.0,95.23809523809523
215750,0.0,75.31380753138075
216000,0.0,62.28373702422145
216250,78.8,60.08010680907877
216500,100.0,60.08010680907877
216750,100.0,60.08010680907877
217000,77.2,60.08010680907877
217250,0.0,60.08010680907877
217500,0.0,60.08010680907877
217750,3.5999999999999996,100.0
218000,0.0,100.0
218250,78.8,100.0
218500,100.0,100.0
218750,100.0,100.0
219000,80.80000000000001,100.0
219250,0.0,100.0
219500,0.0,95.23809523809523
219750,0.0,75.31380753138075
220000,0.0,62.28373702422145
220250,78.8,60.08010680907877
220500,100.0,60.08010680907877
220750,100.0,60.08010680907877
221000,77.2,60.08010680907877
221250,0.0,60.08010680907877
221500,0.0,60.08010680907877
221750,3.5999999999999996,100.0
222000,0.0,100.0
222250,78.8,100.0
222500,100.0,100.0
222750,100.0,100.0
223000,80.80000000000001,100.0
223250,0.0,100.0
223500,0.0,95.23809523809523
223750,0.0,75.31380753138075
224000,0.0,62.28373702422145
224250,78.8,60.08010680907877
224500,100.0,60.08010680907877
224750,100.0,60.08010680907877
225000,77.2,60.08010680907877
225250,0.0,60.08010680907877
225500,0.0,60.08010680907877
225750,3.5999999999999996,100.0
226000,0.0,100.0
226250,78.8,100.0
226500,100.0,100.0
226750,100.0,100.0
227000,80.80000000000001,100.0
227250,0.0,100.0
227500,0.0,95.23809523809523
227750,0.0,75.31380753138075
228000,0.0,62.28373702422145
228250,78.8,60.08010680907877
228500,100.0,60.08010680907877
228750,100.0,60.08010680907877
229000,77.2,60.08010680907877
229250,0.0,60.08010680907877
229500,0.0,60.08010680907877
229750,3.5999999999999996,100.0
230000,0.0,100.0
230250,78.8,100.0
230500,100.0,100.0
230750,100.0,100.0
231000,80.80000000000001,100.0
231250,0.0,100.0
231500,0.0,95.23809523809523
231750,0.0,75.31380753138075
232000,0.0,62.28373702422145
232250,78.8,60.08010680907877
232500,100.0,60.08010680907877
232750,100.0,60.08010680907877
233000,77.2,60.08010680907877
233250,0.0,60.08010680907877
233500,0.0,60.08010680907877
233750,3.5999999999999996,100.0
234000,0.0,100.0
234250,78.8,100.0
234500,100.0,100.0
234750,100.0,100.0
235000,80.80000000000001,100.0
235250,0.0,100.0
235500,0.0,95.23809523809523
235750,0.0,75.31380753138075
236000,0.0,62.28373702422145
236250,78.8,60.08010680907877
236500,100.0,60.08010680907877
236750,100.0,60.08010680907877
237000,77.2,60.08010680907877
237250,0.0,60.08010680907877
237500,0.0,60.08010680907877
237750,3.5999999999999996,100.0
238000,0.0,100.0
238250,78.8,100.0
238500,100.0,100.0
238750,100.0,100.0
239000,80.80000000000001,100.0
239250,0.0,100.0
239500,0.0,95.23809523809523
239750,0.0,75.31380753138075
240000,0.0,62.28373702422145
240250,78.8,60.08010680907877
240500,100.0,60.08010680907877
240750,100.0,60.08010680907877
241000,77.2,60.08010680907877
241250,0.0,60.08010680907877
241500,0.0,60.08010680907877
241750,3.5999999999999996,100.0
242000,0.0,100.0
242250,78.8,100.0
242500,100.0,100.0
242750,100.0,100.0
243000,80.80000000000001,100.0
243250,0.0,100.0
243500,0.0,95.23809523809523
243750,0.0,75.31380753138075
244000,0.0,62.28373702422145
244250,78.8,60.08010680907877
244500,100.0,60.08010680907877
244750,100.0,60.08010680907877
245000,77.2,60.08010680907877
245250,0.0,60.08010680907877
245500,0.0,60.08010680907877
245750,3.5999999999999996,100.0
246000,0.0,100.0
246250,78.8,100.0
246500,100.0,100.0
246750,100.0,100.0
247000,80.80000000000001,100.0
247250,0.0,100.0
247500,0.0,95.23809523809523
247750,0.0,75.31380753138075
248000,0.0,62.28373702422145
248250,78.8,60.08010680907877
248500,100.0,60.08010680907877
248750,100.0,60.08010680907877
249000,77.2,60.08010680907877
249250,0.0,60.08010680907877
249500,0.0,60.08010680907877
249750,3.5999999999999996,100.0
250000,0.0,100.0
250250,78.8,100.0
250500,100.0,100.0
250750,100.0,100.0
251000,80.80000000000001,100.0
251250,0.0,100.0
251500,0.0,95.23809523809523
251750,0.0,75.31380753138075
252000,0.0,62.28373702422145
252250,78.8,60.08010680907877
252500,100.0,60.08010680907877
252750,100.0,60.08010680907877
253000,77.2,60.08010680907877
253250,0.0,60.08010680907877
253500,0.0,60.08010680907877
253750,3.5999999999999996,100.0
254000,0.0,100.0
254250,78.8,100.0
254500,100.0,100.0
254750,100.0,100.0
255000,80.80000000000001,100.0
255250,0.0,100.0
255500,0.0,95.23809523809523
255750,0.0,75.31380753138075
256000,0.0,62.28373702422145
256250,78.8,60.08010680907877
256500,100.0,60.08010680907877
256750,100.0,60.08010680907877
257000,77.60000000000001,60.08010680907877
257250,0.0,60.08010680907877
257500,0.0,60.08010680907877
257750,3.5999999999999996,100.0
258000,0.0,100.0
258250,0.0,100.0
258500,0.0,93.94572025052193
258750,0.0,74.50331125827815
259000,0.0,61.72839506172839
259250,0.0,52.69320843091335
259500,0.0,45.96527068437181
259750,3.5999999999999996,100.0
260000,0.0,100.0
260250,0.0,100.0
260500,0.0,94.04388714733543
260750,0.0,74.56503728251865
261000,0.0,61.770761839396016
261250,0.0,52.72407732864674
261500,0.0,45.988758303525806
261750,3.5999999999999996,100.0
262000,0.0,100.0
262250,0.0,100.0
262500,0.0,94.14225941422593
262750,0.0,74.6268656716418
263000,0.0,61.81318681318682
263250,0.0,52.754982415005856
263500,0.0,46.012269938650306
263750,3.5999999999999996,100.0
264000,0.0,100.0
264250,0.0,100.0
264500,0.0,94.24083769633508
264750,0.0,74.68879668049793
265000,0.0,61.855670103092784
265250,0.0,52.785923753665685
265500,0.0,46.03580562659847
265750,3.5999999999999996,100.0
266000,0.0,100.0
266250,0.0,100.0
266500,0.0,94.33962264150944
266750,0.0,74.75083056478405
267000,0.0,61.898211829436036
267250,0.0,52.816901408450704
267500,0.0,46.05936540429887
267750,3.5999999999999996,100.0
268000,0.0,100.0
268250,0.0,100.0
268500,0.0,94.4386149003148
268750,0.0,74.81296758104739
269000,0.0,61.94081211286993
269250,0.0,52.84791544333529
269500,0.0,46.08294930875576
269750,3.5999999999999996,100.0
270000,0.0,100.0
270250,0.0,100.0
270500,0.0,94.53781512605042
270750,0.0,74.87520798668885
271000,0.0,61.98347107438017
271250,0.0,52.87896592244419
271500,0.0,46.10655737704918
271750,3.5999999999999996,100.0
272000,0.0,100.0
272250,0.0,100.0
272500,0.0,94.6372239747634
272750,0.0,74.93755203996669
273000,0.0,62.026188835286014
273250,0.0,52.910052910052904
273500,0.0,46.13018964633521
273750,3.5999999999999996,100.0
274000,0.0,100.0
274250,0.0,100.0
274500,0.0,94.73684210526315
274750,0.0,75.0
275000,0.0,62.06896551724138
275250,0.0,52.94117647058824
275500,0.0,46.15384615384615
275750,3.5999999999999996,100.0
276000,0.0,100.0
276250,0.0,100.0
276500,0.0,94.83667017913592
276750,0.0,75.0625521267723
277000,0.0,62.11180124223602
277250,0.0,52.97233666862861
277500,0.0,46.177526936890715
277750,3.5999999999999996,100.0
278000,0.0,100.0
278250,0.0,100.0
278500,0.0,94.9367088607595
278750,0.0,75.12520868113522
279000,0.0,62.15469613259669
279250,0.0,53.003533568904594
279500,0.0,46.201232032854215
279750,3.5999999999999996,100.0
280000,0.0,100.0
280250,0.0,100.0
280500,0.0,95.03695881731784
280750,0.0,75.18796992481202
281000,0.0,62.19765031098825
281250,0.0,53.03476723629935
281500,0.0,46.22496147919877
281750,3.5999999999999996,100.0
282000,0.0,100.0
282250,0.0,100.0
282500,0.0,95.13742071881607
282750,0.0,75.25083612040135
283000,0.0,62.24066390041494
283250,0.0,53.06603773584906
283500,0.0,46.24871531346352
283750,3.5999999999999996,100.0
284000,0.0,100.0
284250,0.0,100.0
284500,0.0,95.23809523809523
284750,0.0,75.31380753138075
285000,0.0,62.28373702422145
285250,0.0,53.09734513274337
285500,0.0,46.27249357326478
285750,3.5999999999999996,100.0
286000,0.0,100.0
286250,0.0,100.0
286500,0.0,95.33898305084746
286750,0.0,75.37688442211056
287000,0.0,62.32686980609419
287250,0.0,53.128689492325854
287500,0.0,46.2962962962963
287750,3.5999999999999996,100.0
288000,0.0,100.0
288250,0.0,100.0
288500,0.0,95.44008483563097
288750,0.0,75.4400670578374
289000,0.0,62.37006237006237
289250,0.0,53.16007088009451
289500,0.0,46.32012352032939
289750,3.5999999999999996,100.0
290000,0.0,100.0
290250,0.0,100.0
290500,0.0,95.54140127388536
290750,0.0,75.50335570469798
291000,0.0,62.413314840499304
291250,0.0,53.191489361702125
291500,0.0,46.34397528321318
291750,3.5999999999999996,100.0
292000,0.0,100.0
292250,0.0,100.0
292500,0.0,95.64293304994686
292750,0.0,75.56675062972292
293000,0.0,62.456627342123525
293250,0.0,53.222945002956834
293500,0.0,46.36785162287481
293750,3.5999999999999996,100.0
294000,0.0,100.0
294250,0.0,100.0
294500,0.0,95.74468085106383
294750,0.0,75.63025210084034
295000,0.0,62.5
295250,0.0,53.25443786982249
295500,0.0,46.391752577319586
295750,3.5999999999999996,100.0
296000,0.0,100.0
296250,0.0,100.0
296500,0.0,95.84664536741214
296750,0.0,75.69386038687973
297000,0.0,62.54343293954135
297250,0.0,53.285968028419184
297500,0.0,46.415678184631254
297750,3.5999999999999996,100.0
298000,0.0,100.0
298250,0.0,100.0
298500,0.0,95.94882729211088
298750,0.0,75.75757575757575
299000,0.0,62.58692628650904
299250,0.0,53.317535545023695
299500,0.0,46.43962848297213
299750,3.5999999999999996,100.0
300000,0.0,100.0
300250,0.0,100.0
300500,0.0,96.051227321238
300750,0.0,75.82139848357204
301000,0.0,62.63048016701461
301250,0.0,53.34914048606995
301500,0.0,46.463603510583376
301750,3.5999999999999996,100.0
302000,0.0,100.0
302250,0.0,100.0
302500,0.0,96.15384615384616
302750,0.0,75.88532883642496
303000,0.0,62.67409470752089
303250,0.0,53.380782918149464
303500,0.0,46.48760330578512
303750,3.5999999999999996,100.0
304000,0.0,100.0
304250,0.0,100.0
304500,0.0,96.2566844919786
304750,0.0,75.9493670886076
305000,0.0,62.7177700348432
305250,0.0,53.41246290801187
305500,0.0,46.51162790697674
305750,3.5999999999999996,100.0
306000,0.0,100.0
