250,0.0,100.0
500,0.0,100.0
750,0.0,66.66666666666666
1000,0.0,50.0
1250,0.0,40.0
1500,0.0,33.33333333333333
1750,0.0,28.57142857142857
2000,0.0,25.0
2250,1.6,28.538812785388128
2500,0.0,100.0
2750,0.0,66.75567423230974
3000,0.0,50.050050050050054
3250,0.0,40.0320256204964
3500,0.0,33.3555703802535
3750,0.0,28.58776443682104
4000,0.0,25.012506253126567
4250,1.6,28.555111364934323
4500,0.0,100.0
4750,0.0,67.11409395973155
5000,0.0,50.25125628140703
5250,0.0,40.16064257028113
5500,0.0,33.44481605351171
5750,0.0,28.653295128939828
6000,0.0,25.062656641604008
6250,1.6,25.0501002004008
6500,0.0,25.0501002004008
6750,0.0,25.0501002004008
7000,0.0,25.0501002004008
7250,0.0,25.0501002004008
7500,0.0,25.0501002004008
7750,99.6,25.0501002004008
8000,98.4,100.0
8250,99.6,100.0
8500,100.0,100.0
8750,0.0,100.0
9000,0.0,99.00990099009901
9250,0.0,66.22516556291392
9500,0.0,49.75124378109453
9750,0.0,39.8406374501992
10000,0.0,33.222591362126245
10250,99.6,33.200531208499335
10500,98.0,33.200531208499335
10750,0.0,33.200531208499335
11000,0.0,33.200531208499335
11250,0.0,33.200531208499335
11500,0.0,33.200531208499335
11750,2.0,100.0
12000,0.0,100.0
12250,99.6,100.0
12500,100.0,100.0
12750,0.0,100.0
13000,0.0,100.0
13250,0.0,100.0
13500,0.0,100.0
13750,0.0,100.0
14000,0.0,99.60159362549801
14250,99.6,99.40357852882704
14500,98.0,99.40357852882704
14750,0.4,100.0
15000,0.0,100.0
15250,0.0,100.0
15500,0.0,100.0
15750,0.0,100.0
16000,0.0,100.0
16250,99.6,100.0
16500,100.0,100.0
16750,0.0,66.75567423230974
17000,0.0,50.050050050050054
17250,0.0,40.0320256204964
17500,0.0,33.3555703802535
17750,0.0,28.58776443682104
18000,0.0,25.012506253126567
18250,99.6,25.0
18500,98.0,25.0
18750,0.0,25.0
19000,0.0,25.0
19250,0.0,25.0
19500,0.0,25.0
19750,0.0,25.0
20000,2.0,100.0
20250,99.6,100.0
20500,100.0,100.0
20750,0.0,100.0
21000,0.0,100.0
21250,0.0,100.0
21500,0.0,100.0
21750,0.0,100.0
22000,0.0,100.0
22250,99.6,100.0
22500,100.0,100.0
22750,0.0,66.75567423230974
23000,0.0,50.050050050050054
23250,0.0,40.0320256204964
23500,0.0,33.3555703802535
23750,0.0,28.58776443682104
24000,0.0,25.012506253126567
24250,99.6,25.0
24500,98.0,25.0
24750,0.0,25.0
25000,0.0,25.0
25250,0.0,25.0
25500,0.0,25.0
25750,0.0,25.0
26000,2.0,100.0
26250,99.6,100.0
26500,100.0,100.0
26750,0.0,100.0
27000,0.0,100.0
27250,0.0,100.0
27500,0.0,100.0
27750,0.0,100.0
28000,0.0,100.0
28250,99.6,100.0
28500,100.0,100.0
28750,0.0,66.75567423230974
29000,0.0,50.050050050050054
29250,0.0,40.0320256204964
29500,0.0,33.3555703802535
29750,0.0,28.58776443682104
30000,0.0,25.012506253126567
30250,99.6,25.0
30500,98.0,25.0
30750,0.0,25.0
31000,0.0,25.0
31250,0.0,25.0
31500,0.0,25.0
31750,0.0,25.0
32000,2.0,100.0
32250,99.6,100.0
32500,100.0,100.0
32750,0.0,100.0
33000,0.0,100.0
33250,0.0,100.0
33500,0.0,100.0
33750,0.0,100.0
34000,0.0,100.0
34250,99.6,100.0
34500,100.0,100.0
34750,0.0,66.75567423230974
35000,0.0,50.050050050050054
35250,0.0,40.0320256204964
35500,0.0,33.3555703802535
35750,0.0,28.58776443682104
36000,0.0,25.012506253126567
36250,99.6,25.0
36500,98.0,25.0
36750,0.0,25.0
37000,0.0,25.0
37250,0.0,25.0
37500,0.0,25.0
37750,0.0,25.0
38000,2.0,100.0
38250,99.6,100.0
38500,100.0,100.0
38750,0.0,100.0
39000,0.0,100.0
39250,0.0,100.0
39500,0.0,100.0
39750,0.0,100.0
40000,0.0,100.0
40250,99.6,100.0
40500,100.0,100.0
40750,0.0,66.75567423230974
41000,0.0,50.050050050050054
41250,0.0,40.0320256204964
41500,0.0,33.3555703802535
41750,0.0,28.58776443682104
42000,0.0,25.012506253126567
42250,99.6,25.0
42500,98.0,25.0
42750,0.0,25.0
43000,0.0,25.0
43250,0.0,25.0
43500,0.0,25.0
43750,0.0,25.0
44000,2.0,100.0
44250,99.6,100.0
44500,100.0,100.0
44750,0.0,100.0
45000,0.0,100.0
45250,0.0,100.0
45500,0.0,100.0
45750,0.0,100.0
46000,0.0,100.0
46250,99.6,100.0
46500,100.0,100.0
46750,0.0,66.75567423230974
47000,0.0,50.050050050050054
47250,0.0,40.0320256204964
47500,0.0,33.3555703802535
47750,0.0,28.58776443682104
48000,0.0,25.012506253126567
48250,99.6,25.0
48500,98.0,25.0
48750,0.0,25.0
49000,0.0,25.0
49250,0.0,25.0
49500,0.0,25.0
49750,0.0,25.0
50000,2.0,100.0
50250,99.6,100.0
50500,100.0,100.0
50750,0.0,100.0
51000,0.0,100.0
51250,0.0,100.0
51500,0.0,100.0
51750,0.0,100.0
52000,0.0,100.0
52250,99.6,100.0
52500,100.0,100.0
52750,0.4,66.84491978609626
53000,0.0,50.1002004008016
53250,0.0,40.06410256410257
53500,0.0,33.37783711615487
53750,0.0,28.604118993135014
54000,0.0,25.025025025025027
54250,2.0,100.0
54500,0.0,100.0
54750,0.0,66.93440428380187
55000,0.0,50.150451354062184
55250,0.0,40.0962309542903
55500,0.0,33.4001336005344
55750,0.0,28.620492272467086
56000,0.0,25.037556334501755
56250,2.0,100.0
56500,0.0,100.0
56750,0.0,67.02412868632707
57000,0.0,50.20080321285141
57250,0.0,40.12841091492777
57500,0.0,33.42245989304813
57750,0.0,28.636884306987398
58000,0.0,25.0501002004008
58250,2.0,100.0
58500,0.0,100.0
58750,0.0,67.11409395973155
59000,0.0,50.25125628140703
59250,0.0,40.16064257028113
59500,0.0,33.44481605351171
59750,0.0,28.653295128939828
60000,0.0,25.062656641604008
60250,2.0,100.0
60500,0.0,100.0
60750,0.0,67.20430107526882
61000,0.0,50.30181086519114
61250,0.0,40.19292604501607
61500,0.0,33.467202141900934
61750,0.0,28.6697247706422
62000,0.0,25.075225677031092
62250,2.0,100.0
62500,0.0,100.0
62750,0.0,67.29475100942126
63000,0.0,50.35246727089627
63250,0.0,40.22526146419952
63500,0.0,33.48961821835231
63750,0.0,28.68617326448652
64000,0.0,25.087807325639737
64250,2.0,100.0
64500,0.0,100.0
64750,0.0,67.38544474393531
65000,0.0,50.403225806451616
65250,0.0,40.25764895330113
65500,0.0,33.51206434316354
65750,0.0,28.702640642939148
66000,0.0,25.100401606425706
66250,2.0,100.0
66500,0.0,100.0
66750,0.0,67.47638326585695
67000,0.0,50.45408678102926
67250,0.0,40.290088638195
67500,0.0,33.5345405767941
67750,0.0,28.719126938541066
68000,0.0,25.113008538422903
68250,2.0,100.0
68500,0.0,100.0
68750,0.0,67.56756756756756
69000,0.0,50.505050505050505
69250,0.0,40.32258064516129
69500,0.0,33.557046979865774
69750,0.0,28.735632183908045
70000,0.0,25.125628140703515
70250,2.0,100.0
70500,0.0,100.0
70750,0.0,67.65899864682002
71000,0.0,50.55611729019211
71250,0.0,40.35512510088781
71500,0.0,33.579583613163194
71750,0.0,28.75215641173088
72000,0.0,25.13826043237808
72250,2.0,100.0
72500,0.0,100.0
72750,0.0,67.75067750677508
73000,0.0,50.607287449392715
73250,0.0,40.38772213247172
73500,0.0,33.60215053763441
73750,0.0,28.768699654775602
74000,0.0,25.15090543259557
74250,2.0,100.0
74500,0.0,100.0
74750,0.0,67.84260515603799
75000,0.0,50.658561296859176
75250,0.0,40.42037186742118
75500,0.0,33.62474781439139
75750,0.0,28.785261945883704
76000,0.0,25.163563160543532
76250,2.0,100.0
76500,0.0,100.0
76750,0.0,67.93478260869566
77000,0.0,50.709939148073026
77250,0.0,40.45307443365696
77500,0.0,33.64737550471063
77750,0.0,28.80184331797235
78000,0.0,25.176233635448135
78250,2.0,100.0
78500,0.0,100.0
78750,0.0,68.02721088435374
79000,0.0,50.76142131979695
79250,0.0,40.48582995951417
79500,0.0,33.670033670033675
79750,0.0,28.818443804034583
80000,0.0,25.188916876574307
80250,2.0,100.0
80500,0.0,100.0
80750,0.0,68.11989100817438
81000,0.0,50.81300813008131
81250,0.0,40.51863857374392
81500,0.0,33.692722371967655
81750,0.0,28.835063437139564
82000,0.0,25.201612903225808
82250,2.0,100.0
82500,0.0,100.0
82750,0.0,68.21282401091405
83000,0.0,50.8646998982706
83250,0.0,40.55150040551501
83500,0.0,33.715441672285905
83750,0.0,28.851702250432776
84000,0.0,25.214321734745337
84250,2.0,100.0
84500,0.0,100.0
84750,0.0,68.30601092896174
85000,0.0,50.91649694501018
85250,0.0,40.58441558441558
85500,0.0,33.738191632928476
85750,0.0,28.868360277136258
86000,0.0,25.22704339051463
86250,2.0,100.0
86500,0.0,100.0
86750,0.0,68.39945280437757
87000,0.0,50.9683995922528
87250,0.0,40.61738424045491
87500,0.0,33.7609723160027
87750,0.0,28.885037550548816
88000,0.0,25.239777889954567
88250,2.0,100.0
88500,0.0,100.0
88750,0.0,68.4931506849315
89000,0.0,51.02040816326531
89250,0.0,40.65040650406504
89500,0.0,33.78378378378378
89750,0.0,28.901734104046245
90000,0.0,25.252525252525253
90250,2.0,100.0
90500,0.0,100.0
90750,0.0,68.58710562414267
91000,0.0,51.072522982635334
91250,0.0,40.68348250610253
91500,0.0,33.80662609871535
91750,0.0,28.91844997108155
92000,0.0,25.265285497726126
92250,2.0,100.0
92500,0.0,100.0
92750,0.0,68.68131868131869
93000,0.0,51.124744376278116
93250,0.0,40.71661237785016
93500,0.0,33.82949932341001
93750,0.0,28.935185185185187
94000,0.0,25.278058645096056
94250,2.0,100.0
94500,0.0,100.0
94750,0.0,68.7757909215956
95000,0.0,51.17707267144319
95250,0.0,40.74979625101874
95500,0.0,33.852403520649965
95750,0.0,28.951939779965258
96000,0.0,25.290844714213456
96250,2.0,100.0
96500,0.0,100.0
96750,0.0,68.87052341597796
97000,0.0,51.229508196721305
97250,0.0,40.78303425774878
97500,0.0,33.87533875338754
97750,0.0,28.968713789107763
98000,0.0,25.303643724696357
98250,2.0,100.0
98500,0.0,100.0
98750,0.0,68.96551724137932
99000,0.0,51.28205128205128
99250,0.0,40.816326530612244
99500,0.0,33.89830508474576
99750,0.0,28.985507246376812
100000,0.0,25.31645569620253
100250,2.0,100.0
100500,0.0,100.0
100750,0.0,69.06077348066299
101000,0.0,51.33470225872689
101250,0.0,40.849673202614376
101500,0.0,33.921302578018995
101750,0.0,29.00232018561485
102000,0.0,25.329280648429588
102250,2.0,100.0
102500,0.0,100.0
102750,0.0,69.15629322268326
103000,0.0,51.3874614594039
103250,0.0,40.883074407195416
103500,0.0,33.94433129667346
103750,0.0,29.01915264074289
104000,0.0,25.342118601115054
104250,89.2,25.0
104500,100.0,25.0
104750,8.4,25.0
105000,0.0,25.0
105250,0.0,25.0
105500,0.0,25.0
105750,0.0,25.0
106000,0.0,25.0
106250,91.2,100.0
106500,100.0,100.0
106750,10.4,69.15629322268326
107000,0.0,51.3874614594039
107250,0.0,40.883074407195416
107500,0.0,33.94433129667346
107750,0.0,29.01915264074289
108000,0.0,25.342118601115054
108250,89.2,25.0
108500,100.0,25.0
108750,8.4,25.0
109000,0.0,25.0
109250,0.0,25.0
109500,0.0,25.0
109750,0.0,25.0
110000,0.0,25.0
110250,91.2,100.0
110500,100.0,100.0
110750,10.4,69.15629322268326
111000,0.0,51.3874614594039
111250,0.0,40.883074407195416
111500,0.0,33.94433129667346
111750,0.0,29.01915264074289
112000,0.0,25.342118601115054
112250,89.2,25.0
112500,100.0,25.0
112750,8.4,25.0
113000,0.0,25.0
113250,0.0,25.0
113500,0.0,25.0
113750,0.0,25.0
114000,0.0,25.0
114250,91.2,100.0
114500,100.0,100.0
114750,10.4,69.15629322268326
115000,0.0,51.3874614594039
115250,0.0,40.883074407195416
115500,0.0,33.94433129667346
115750,0.0,29.01915264074289
116000,0.0,25.342118601115054
116250,89.2,25.0
116500,100.0,25.0
116750,8.4,25.0
117000,0.0,25.0
117250,0.0,25.0
117500,0.0,25.0
117750,0.0,25.0
118000,0.0,25.0
118250,91.2,100.0
118500,100.0,100.0
118750,10.4,69.15629322268326
119000,0.0,51.3874614594039
119250,0.0,40.883074407195416
119500,0.0,33.94433129667346
119750,0.0,29.01915264074289
120000,0.0,25.342118601115054
120250,89.2,25.0
120500,100.0,25.0
120750,8.4,25.0
121000,0.0,25.0
121250,0.0,25.0
121500,0.0,25.0
121750,0.0,25.0
122000,0.0,25.0
122250,91.2,100.0
122500,100.0,100.0
122750,10.4,69.15629322268326
123000,0.0,51.3874614594039
123250,0.0,40.883074407195416
123500,0.0,33.94433129667346
123750,0.0,29.01915264074289
124000,0.0,25.342118601115054
124250,89.2,25.0
124500,100.0,25.0
124750,8.4,25.0
125000,0.0,25.0
125250,0.0,25.0
125500,0.0,25.0
125750,0.0,25.0
126000,0.0,25.0
126250,91.2,100.0
126500,100.0,100.0
126750,10.4,69.15629322268326
127000,0.0,51.3874614594039
127250,0.0,40.883074407195416
127500,0.0,33.94433129667346
127750,0.0,29.01915264074289
128000,0.0,25.342118601115054
128250,89.2,25.0
128500,100.0,25.0
128750,8.4,25.0
129000,0.0,25.0
129250,0.0,25.0
129500,0.0,25.0
129750,0.0,25.0
130000,0.0,25.0
130250,91.2,100.0
130500,100.0,100.0
130750,10.4,69.15629322268326
131000,0.0,51.3874614594039
131250,0.0,40.883074407195416
131500,0.0,33.94433129667346
131750,0.0,29.01915264074289
132000,0.0,25.342118601115054
132250,89.2,25.0
132500,100.0,25.0
132750,8.4,25.0
133000,0.0,25.0
133250,0.0,25.0
133500,0.0,25.0
133750,0.0,25.0
134000,0.0,25.0
134250,91.2,100.0
134500,100.0,100.0
134750,10.4,69.15629322268326
135000,0.0,51.3874614594039
135250,0.0,40.883074407195416
135500,0.0,33.94433129667346
135750,0.0,29.01915264074289
136000,0.0,25.342118601115054
136250,89.2,25.0
136500,100.0,25.0
136750,8.4,25.0
137000,0.0,25.0
137250,0.0,25.0
137500,0.0,25.0
137750,0.0,25.0
138000,0.0,25.0
138250,91.2,100.0
138500,100.0,100.0
138750,10.4,69.15629322268326
139000,0.0,51.3874614594039
139250,0.0,40.883074407195416
139500,0.0,33.94433129667346
139750,0.0,29.01915264074289
140000,0.0,25.342118601115054
140250,89.2,25.0
140500,100.0,25.0
140750,8.4,25.0
141000,0.0,25.0
141250,0.0,25.0
141500,0.0,25.0
141750,0.0,25.0
142000,0.0,25.0
142250,91.2,100.0
142500,100.0,100.0
142750,10.4,69.15629322268326
143000,0.0,51.3874614594039
143250,0.0,40.883074407195416
143500,0.0,33.94433129667346
143750,0.0,29.01915264074289
144000,0.0,25.342118601115054
144250,89.2,25.0
144500,100.0,25.0
144750,8.4,25.0
145000,0.0,25.0
145250,0.0,25.0
145500,0.0,25.0
145750,0.0,25.0
146000,0.0,25.0
146250,91.2,100.0
146500,100.0,100.0
146750,10.4,69.15629322268326
147000,0.0,51.3874614594039
147250,0.0,40.883074407195416
147500,0.0,33.94433129667346
147750,0.0,29.01915264074289
148000,0.0,25.342118601115054
148250,89.2,25.0
148500,100.0,25.0
148750,8.4,25.0
149000,0.0,25.0
149250,0.0,25.0
149500,0.0,25.0
149750,0.0,25.0
150000,0.0,25.0
150250,91.2,100.0
150500,100.0,100.0
150750,10.4,100.0
151000,0.0,100.0
151250,0.0,68.58710562414267
151500,0.0,51.072522982635334
151750,0.0,40.68348250610253
152000,0.0,33.80662609871535
152250,89.2,33.200531208499335
152500,100.0,33.200531208499335
152750,8.4,33.200531208499335
153000,0.0,33.200531208499335
153250,0.0,33.200531208499335
153500,0.0,33.200531208499335
153750,2.0,100.0
154000,0.0,100.0
154250,89.2,100.0
154500,100.0,100.0
154750,10.8,100.0
155000,0.0,100.0
155250,0.0,68.68131868131869
155500,0.0,51.124744376278116
155750,0.0,40.71661237785016
156000,0.0,33.82949932341001
156250,0.0,28.935185185185187
156500,0.0,25.278058645096056
156750,2.0,100.0
157000,0.0,100.0
157250,0.0,68.7757909215956
157500,0.0,51.17707267144319
157750,0.0,40.74979625101874
158000,0.0,33.852403520649965
158250,0.0,28.951939779965258
158500,0.0,25.290844714213456
158750,2.0,100.0
159000,0.0,100.0
159250,0.0,68.87052341597796
159500,0.0,51.229508196721305
159750,0.0,40.78303425774878
160000,0.0,33.87533875338754
160250,0.0,28.968713789107763
160500,0.0,25.303643724696357
160750,2.0,100.0
161000,0.0,100.0
161250,0.0,68.96551724137932
161500,0.0,51.28205128205128
161750,0.0,40.816326530612244
162000,0.0,33.89830508474576
162250,0.0,28.985507246376812
162500,0.0,25.31645569620253
162750,2.0,100.0
163000,0.0,100.0
163250,0.0,69.06077348066299
163500,0.0,51.33470225872689
163750,0.0,40.849673202614376
164000,0.0,33.921302578018995
164250,0.0,29.00232018561485
164500,0.0,25.329280648429588
164750,2.0,100.0
165000,0.0,100.0
165250,0.0,69.15629322268326
165500,0.0,51.3874614594039
165750,0.0,40.883074407195416
166000,0.0,33.94433129667346
166250,0.0,29.01915264074289
166500,0.0,25.342118601115054
166750,2.0,100.0
167000,0.0,100.0
167250,0.0,69.25207756232687
167500,0.0,51.440329218106996
167750,0.0,40.91653027823241
168000,0.0,33.96739130434783
168250,0.0,29.036004645760745
168500,0.0,25.354969574036513
168750,2.0,100.0
169000,0.0,100.0
169250,0.0,69.34812760055479
169500,0.0,51.493305870236874
169750,0.0,40.95004095004095
170000,0.0,33.990482664853836
170250,0.0,29.052876234747238
170500,0.0,25.367833587011667
170750,2.0,100.0
171000,0.0,100.0
171250,0.0,69.44444444444444
171500,0.0,51.546391752577314
171750,0.0,40.98360655737705
172000,0.0,34.01360544217687
172250,0.0,29.069767441860467
172500,0.0,25.380710659898476
172750,2.0,100.0
173000,0.0,100.0
173250,0.0,69.54102920723227
173500,0.0,51.59958720330238
173750,0.0,41.01722723543889
174000,0.0,34.036759700476516
174250,0.0,29.086678301337987
174500,0.0,25.393600812595224
174750,2.0,100.0
175000,0.0,100.0
175250,0.0,69.63788300835655
175500,0.0,51.652892561983464
175750,0.0,41.050903119868636
176000,0.0,34.05994550408719
176250,0.0,29.103608847497092
176500,0.0,25.406504065040654
176750,2.0,100.0
177000,0.0,100.0
177250,0.0,69.7350069735007
177500,0.0,51.706308169596696
177750,0.0,41.084634346754314
178000,0.0,34.08316291751874
178250,0.0,29.120559114735002
178500,0.0,25.41942043721403
178750,2.0,100.0
179000,0.0,100.0
179250,0.0,69.83240223463687
179500,0.0,51.75983436853002
179750,0.0,41.118421052631575
180000,0.0,34.106412005457024
180250,0.0,29.13752913752914
180500,0.0,25.4323499491353
180750,2.0,100.0
181000,0.0,100.0
181250,0.0,69.93006993006993
181500,0.0,51.813471502590666
181750,0.0,41.1522633744856
182000,0.0,34.129692832764505
182250,0.0,29.154518950437318
182500,0.0,25.44529262086514
182750,2.0,100.0
183000,0.0,100.0
183250,0.0,70.02801120448179
183500,0.0,51.867219917012456
183750,0.0,41.18616144975288
184000,0.0,34.15300546448087
184250,0.0,29.171528588098017
184500,0.0,25.45824847250509
184750,2.0,100.0
185000,0.0,100.0
185250,0.0,70.12622720897616
185500,0.0,51.92107995846313
185750,0.0,41.22011541632317
186000,0.0,34.17634996582365
186250,0.0,29.188558085230586
186500,0.0,25.47121752419766
186750,2.0,100.0
187000,0.0,100.0
187250,0.0,70.2247191011236
187500,0.0,51.975051975051976
187750,0.0,41.254125412541256
188000,0.0,34.19972640218879
188250,0.0,29.205607476635514
188500,0.0,25.4841997961264
188750,2.0,100.0
189000,0.0,100.0
189250,0.0,70.32348804500702
189500,0.0,52.029136316337144
189750,0.0,41.28819157720891
190000,0.0,34.223134839151264
190250,0.0,29.222676797194623
190500,0.0,25.497195308516062
190750,2.0,100.0
191000,0.0,100.0
191250,0.0,70.4225352112676
191500,0.0,52.083333333333336
191750,0.0,41.32231404958678
192000,0.0,34.24657534246575
192250,0.0,29.239766081871345
192500,0.0,25.510204081632654
192750,2.0,100.0
193000,0.0,100.0
193250,0.0,70.52186177715092
193500,0.0,52.13764337851929
193750,0.0,41.3564929693962
194000,0.0,34.27004797806717
194250,0.0,29.256875365710943
194500,0.0,25.52322613578356
194750,2.0,100.0
195000,0.0,100.0
195250,0.0,70.62146892655367
195500,0.0,52.19206680584551
195750,0.0,41.390728476821195
196000,0.0,34.29355281207133
196250,0.0,29.274004683840747
196500,0.0,25.536261491317667
196750,2.0,100.0
197000,0.0,100.0
197250,0.0,70.72135785007072
197500,0.0,52.2466039707419
197750,0.0,41.42502071251036
198000,0.0,34.317089910775564
198250,0.0,29.291154071470416
198500,0.0,25.54931016862545
198750,2.0,100.0
199000,0.0,100.0
199250,0.0,70.82152974504248
199500,0.0,52.30125523012552
199750,0.0,41.459369817578775
200000,0.0,34.34065934065934
200250,0.0,29.308323563892145
200500,0.0,25.562372188139058
200750,2.0,100.0
201000,0.0,100.0
201250,0.0,70.92198581560284
201500,0.0,52.35602094240838
201750,0.0,41.49377593360996
202000,0.0,34.36426116838488
202250,0.0,29.32551319648094
202500,0.0,25.575447570332482
202750,2.0,100.0
203000,0.0,100.0
203250,0.0,71.02272727272727
203500,0.0,52.41090146750524
203750,0.0,41.52823920265781
204000,0.0,34.3878954607978
204250,0.0,29.342723004694836
204500,0.0,25.588536335721596
204750,2.0,100.0
205000,0.0,100.0
205250,0.0,71.12375533428164
205500,0.0,52.46589716684156
205750,0.0,41.56275976724855
206000,0.0,34.41156228492774
206250,78.8,33.200531208499335
206500,100.0,33.200531208499335
206750,18.8,33.200531208499335
207000,0.0,33.200531208499335
207250,0.0,33.200531208499335
207500,0.0,33.200531208499335
207750,2.0,100.0
208000,0.0,100.0
208250,78.8,100.0
208500,100.0,100.0
208750,20.8,100.0
209000,0.0,100.0
209250,0.0,71.12375533428164
209500,0.0,52.46589716684156
209750,0.0,41.56275976724855
210000,0.0,34.41156228492774
210250,78.8,33.200531208499335
210500,100.0,33.200531208499335
210750,18.8,33.200531208499335
211000,0.0,33.200531208499335
211250,0.0,33.200531208499335
211500,0.0,33.200531208499335
211750,2.0,100.0
212000,0.0,100.0
212250,78.8,100.0
212500,100.0,100.0
212750,20.8,100.0
213000,0.0,100.0
213250,0.0,71.12375533428164
213500,0.0,52.46589716684156
213750,0.0,41.56275976724855
214000,0.0,34.41156228492774
214250,78.8,33.200531208499335
214500,100.0,33.200531208499335
214750,18.8,33.200531208499335
215000,0.0,33.200531208499335
215250,0.0,33.200531208499335
215500,0.0,33.200531208499335
215750,2.0,100.0
216000,0.0,100.0
216250,78.8,100.0
216500,100.0,100.0
216750,20.8,100.0
217000,0.0,100.0
217250,0.0,71.12375533428164
217500,0.0,52.46589716684156
217750,0.0,41.56275976724855
218000,0.0,34.41156228492774
218250,78.8,33.200531208499335
218500,100.0,33.200531208499335
218750,18.8,33.200531208499335
219000,0.0,33.200531208499335
219250,0.0,33.200531208499335
219500,0.0,33.200531208499335
219750,2.0,100.0
220000,0.0,100.0
220250,78.8,100.0
220500,100.0,100.0
220750,20.8,100.0
221000,0.0,100.0
221250,0.0,71.12375533428164
221500,0.0,52.46589716684156
221750,0.0,41.56275976724855
222000,0.0,34.41156228492774
222250,78.8,33.200531208499335
222500,100.0,33.200531208499335
222750,18.8,33.200531208499335
223000,0.0,33.200531208499335
223250,0.0,33.200531208499335
223500,0.0,33.200531208499335
223750,2.0,100.0
224000,0.0,100.0
224250,78.8,100.0
224500,100.0,100.0
224750,20.8,100.0
225000,0.0,100.0
225250,0.0,71.12375533428164
225500,0.0,52.46589716684156
225750,0.0,41.56275976724855
226000,0.0,34.41156228492774
226250,78.8,33.200531208499335
226500,100.0,33.200531208499335
226750,18.8,33.200531208499335
227000,0.0,33.200531208499335
227250,0.0,33.200531208499335
227500,0.0,33.200531208499335
227750,2.0,100.0
228000,0.0,100.0
228250,78.8,100.0
228500,100.0,100.0
228750,20.8,100.0
229000,0.0,100.0
229250,0.0,71.12375533428164
229500,0.0,52.46589716684156
229750,0.0,41.56275976724855
230000,0.0,34.41156228492774
230250,78.8,33.200531208499335
230500,100.0,33.200531208499335
230750,18.8,33.200531208499335
231000,0.0,33.200531208499335
231250,0.0,33.200531208499335
231500,0.0,33.200531208499335
231750,2.0,100.0
232000,0.0,100.0
232250,78.8,100.0
232500,100.0,100.0
232750,20.8,100.0
233000,0.0,100.0
233250,0.0,71.12375533428164
233500,0.0,52.46589716684156
233750,0.0,41.56275976724855
234000,0.0,34.41156228492774
234250,78.8,33.200531208499335
234500,100.0,33.200531208499335
234750,18.8,33.200531208499335
235000,0.0,33.200531208499335
235250,0.0,33.200531208499335
235500,0.0,33.200531208499335
235750,2.0,100.0
236000,0.0,100.0
236250,78.8,100.0
236500,100.0,100.0
236750,20.8,100.0
237000,0.0,100.0
237250,0.0,71.12375533428164
237500,0.0,52.46589716684156
237750,0.0,41.56275976724855
238000,0.0,34.41156228492774
238250,78.8,33.200531208499335
238500,100.0,33.200531208499335
238750,18.8,33.200531208499335
239000,0.0,33.200531208499335
239250,0.0,33.200531208499335
239500,0.0,33.200531208499335
239750,2.0,100.0
240000,0.0,100.0
240250,78.8,100.0
240500,100.0,100.0
240750,20.8,100.0
241000,0.0,100.0
241250,0.0,71.12375533428164
241500,0.0,52.46589716684156
241750,0.0,41.56275976724855
242000,0.0,34.41156228492774
242250,78.8,33.200531208499335
242500,100.0,33.200531208499335
242750,18.8,33.200531208499335
243000,0.0,33.200531208499335
243250,0.0,33.200531208499335
243500,0.0,33.200531208499335
243750,2.0,100.0
244000,0.0,100.0
244250,78.8,100.0
244500,100.0,100.0
244750,20.8,100.0
245000,0.0,100.0
245250,0.0,71.12375533428164
245500,0.0,52.46589716684156
245750,0.0,41.56275976724855
246000,0.0,34.41156228492774
246250,78.8,33.200531208499335
246500,100.0,33.200531208499335
246750,18.8,33.200531208499335
247000,0.0,33.200531208499335
247250,0.0,33.200531208499335
247500,0.0,33.200531208499335
247750,2.0,100.0
248000,0.0,100.0
248250,78.8,100.0
248500,100.0,100.0
248750,20.8,100.0
249000,0.0,100.0
249250,0.0,71.12375533428164
249500,0.0,52.46589716684156
249750,0.0,41.56275976724855
250000,0.0,34.41156228492774
250250,78.8,33.200531208499335
250500,100.0,33.200531208499335
250750,18.8,33.200531208499335
251000,0.0,33.200531208499335
251250,0.0,33.200531208499335
251500,0.0,33.200531208499335
251750,2.0,100.0
252000,0.0,100.0
252250,78.8,100.0
252500,100.0,100.0
252750,20.8,100.0
253000,0.0,100.0
253250,0.0,71.12375533428164
253500,0.0,52.46589716684156
253750,0.0,41.56275976724855
254000,0.0,34.41156228492774
254250,78.8,33.200531208499335
254500,100.0,33.200531208499335
254750,18.8,33.200531208499335
255000,0.0,33.200531208499335
255250,0.0,33.200531208499335
255500,0.0,33.200531208499335
255750,2.0,100.0
256000,0.0,100.0
256250,78.8,100.0
256500,100.0,100.0
256750,21.2,100.0
257000,0.0,100.0
257250,0.0,71.22507122507122
257500,0.0,52.52100840336135
257750,0.0,41.597337770382694
258000,0.0,34.43526170798898
258250,0.0,29.37720329024677
258500,0.0,25.614754098360653
258750,2.0,100.0
259000,0.0,100.0
259250,0.0,71.32667617689016
259500,0.0,52.57623554153522
259750,0.0,41.63197335553705
260000,0.0,34.45899379738112
260250,0.0,29.394473838918284
260500,0.0,25.627883136852898
260750,2.0,100.0
261000,0.0,100.0
261250,0.0,71.42857142857143
261500,0.0,52.63157894736842
261750,0.0,41.66666666666667
262000,0.0,34.48275862068966
262250,0.0,29.411764705882355
262500,0.0,25.64102564102564
262750,2.0,100.0
263000,0.0,100.0
263250,0.0,71.5307582260372
263500,0.0,52.68703898840885
263750,0.0,41.70141784820684
264000,0.0,34.50655624568668
264250,0.0,29.42907592701589
264500,0.0,25.654181631605947
264750,2.0,100.0
265000,0.0,100.0
265250,0.0,71.63323782234957
265500,0.0,52.742616033755276
265750,0.0,41.736227045075125
266000,0.0,34.530386740331494
266250,0.0,29.44640753828033
266500,0.0,25.667351129363446
266750,2.0,100.0
267000,0.0,100.0
267250,0.0,71.73601147776183
267500,0.0,52.798310454065465
267750,0.0,41.77109440267335
268000,0.0,34.55425017277125
268250,0.0,29.46375957572186
268500,0.0,25.680534155110422
268750,2.0,100.0
269000,0.0,100.0
269250,0.0,71.83908045977012
269500,0.0,52.85412262156448
269750,0.0,41.80602006688963
270000,0.0,34.57814661134163
270250,0.0,29.4811320754717
270500,0.0,25.69373072970195
270750,2.0,100.0
271000,0.0,100.0
271250,0.0,71.94244604316546
271500,0.0,52.910052910052904
271750,0.0,41.84100418410041
272000,0.0,34.602076124567475
272250,0.0,29.49852507374631
272500,0.0,25.70694087403599
272750,2.0,100.0
273000,0.0,100.0
273250,0.0,72.04610951008645
273500,0.0,52.96610169491526
273750,0.0,41.87604690117253
274000,0.0,34.62603878116344
274250,0.0,29.515938606847698
274500,0.0,25.720164609053498
274750,2.0,100.0
275000,0.0,100.0
275250,0.0,72.15007215007215
275500,0.0,53.022269353128316
275750,0.0,41.91114836546521
276000,0.0,34.65003465003465
276250,0.0,29.533372711163615
276500,0.0,25.73340195573855
276750,2.0,100.0
277000,0.0,100.0
277250,0.0,72.25433526011561
277500,0.0,53.07855626326964
277750,0.0,41.946308724832214
278000,0.0,34.674063800277395
278250,0.0,29.550827423167846
278500,0.0,25.746652935118437
278750,2.0,100.0
279000,0.0,100.0
279250,0.0,72.3589001447178
279500,0.0,53.13496280552603
279750,0.0,41.98152812762385
280000,0.0,34.69812630117974
280250,0.0,29.568302779420463
280500,0.0,25.75991756826378
280750,2.0,100.0
281000,0.0,100.0
281250,0.0,72.46376811594203
281500,0.0,53.191489361702125
281750,0.0,42.016806722689076
282000,0.0,34.72222222222222
282250,0.0,29.585798816568047
282500,0.0,25.773195876288657
282750,2.0,100.0
283000,0.0,100.0
283250,0.0,72.56894049346879
283500,0.0,53.24813631522897
283750,0.0,42.052144659377625
284000,0.0,34.746351633078525
284250,0.0,29.60331557134399
284500,0.0,25.786487880350695
284750,2.0,100.0
285000,0.0,100.0
285250,0.0,72.67441860465115
285500,0.0,53.304904051172706
285750,0.0,42.08754208754209
286000,0.0,34.770514603616135
286250,0.0,29.620853080568722
286500,0.0,25.79979360165119
286750,2.0,100.0
287000,0.0,100.0
287250,0.0,72.7802037845706
287500,0.0,53.36179295624333
287750,0.0,42.122999157540015
288000,0.0,34.794711203897
288250,0.0,29.63841138114997
288500,0.0,25.81311306143521
288750,2.0,100.0
289000,0.0,100.0
289250,0.0,72.8862973760933
289500,0.0,53.41880341880342
289750,0.0,42.158516020236085
290000,0.0,34.81894150417828
290250,0.0,29.655990510083036
290500,0.0,25.826446280991732
290750,2.0,100.0
291000,0.0,100.0
291250,0.0,72.99270072992701
291500,0.0,53.475935828877006
291750,0.0,42.19409282700422
292000,0.0,34.84320557491289
292250,0.0,29.673590504451035
292500,0.0,25.839793281653744
292750,2.0,100.0
293000,0.0,100.0
293250,0.0,73.09941520467837
293500,0.0,53.53319057815846
293750,0.0,42.22972972972973
294000,0.0,34.86750348675035
294250,0.0,29.69121140142518
294500,0.0,25.853154084798348
294750,2.0,100.0
295000,0.0,100.0
295250,0.0,73.20644216691069
295500,0.0,53.59056806002144
295750,0.0,42.265426880811496
296000,0.0,34.89183531053733
296250,0.0,29.708853238265004
296500,0.0,25.86652871184687
296750,2.0,100.0
297000,0.0,100.0
297250,0.0,73.31378299120234
297500,0.0,53.648068669527895
297750,0.0,42.30118443316413
298000,0.0,34.91620111731844
298250,0.0,29.72651605231867
298500,0.0,25.87991718426501
298750,2.0,100.0
299000,0.0,100.0
299250,0.0,73.42143906020559
299500,0.0,53.70569280343717
299750,0.0,42.337002540220155
300000,0.0,34.940600978336825
300250,0.0,29.7441998810232
300500,0.0,25.89331952356292
300750,2.0,100.0
301000,0.0,100.0
301250,0.0,73.52941176470588
301500,0.0,53.76344086021505
301750,0.0,42.3728813559322
302000,0.0,34.96503496503497
302250,0.0,29.761904761904763
302500,0.0,25.906735751295333
302750,2.0,100.0
303000,0.0,100.0
303250,0.0,73.6377025036819
303500,0.0,53.821313240043054
303750,0.0,42.40882103477524
304000,0.0,34.98950314905528
304250,0.0,29.779630732578916
304500,0.0,25.920165889061693
304750,2.0,100.0
305000,0.0,100.0
305250,0.0,73.74631268436578
305500,0.0,53.879310344827594
305750,0.0,42.444821731748725
306000,0.0,35.01400560224089
