30,0.003981713611561717,0.0001474708745022858
60,0.004129184486064003,0.0004424126235068574
100,0.003981713611561717,0.0004424126235068574
200,0.003981713611561717,0.0005898834980091432
300,0.0045715971095708595,0.000737354372511429
400,0.005308951482082289,0.0010322961215160006
500,0.005308951482082289,0.0010322961215160006
600,0.005308951482082289,0.0010322961215160006
700,0.005161480607580003,0.0010322961215160006
800,0.005898834980091432,0.001474708745022858
900,0.005898834980091432,0.0016221796195251437
1000,0.006931131101607433,0.0016221796195251437
1100,0.008258368972128005,0.0017696504940274296
1200,0.008258368972128005,0.0017696504940274296
1300,0.008258368972128005,0.0017696504940274296
1400,0.0,0.0001474708745022858
