30,97.06532959740451,2.9346704025954873
60,95.28093201592685,4.7190679840731455
100,92.90665093644004,7.0933490635599465
200,86.99306886889839,13.006931131101606
300,81.19746350095855,18.802536499041437
400,75.40185813301873,24.598141866981273
500,69.56201150272821,30.43798849727179
600,63.722164872437695,36.277835127562305
700,57.867571154696954,42.13242884530305
800,52.05721869930689,47.94278130069311
900,46.202624981566146,53.797375018433854
1000,40.466007963427224,59.53399203657278
1100,34.74413803273853,65.25586196726147
1200,28.904291402448017,71.09570859755199
1300,23.0644447721575,76.9355552278425
1400,20.778646217372067,79.22135378262793
