30,98.17136115617166,1.8286388438283439
60,98.17136115617166,1.8286388438283439
100,98.17136115617166,1.8286388438283439
200,98.17136115617166,1.8286388438283439
300,98.17136115617166,1.8286388438283439
400,98.17136115617166,1.8286388438283439
500,98.17136115617166,1.8286388438283439
600,98.17136115617166,1.8286388438283439
700,98.17136115617166,1.8286388438283439
800,98.17136115617166,1.8286388438283439
900,98.17136115617166,1.8286388438283439
1000,98.17136115617166,1.8286388438283439
1100,98.17136115617166,1.8286388438283439
1200,98.17136115617166,1.8286388438283439
1300,98.17136115617166,1.8286388438283439
1400,20.778646217372067,79.22135378262793
