250,6.0,100.0
500,4.8,100.0
750,0.0,31.535269709543567
1000,4.0,48.75
1250,6.4,58.77413937867338
1500,32.4,69.85294117647058
1750,100.0,88.23529411764706
2000,54.0,99.91624790619765
2250,0.0,99.9185667752443
2500,0.0,54.671600370027754
2750,7.6,64.10060975609755
3000,99.6,83.01599390708301
3250,90.4,98.12874251497006
3500,9.6,99.92486851990984
3750,1.6,99.92313604919293
4000,3.2,78.4090909090909
4250,57.199999999999996,90.81404032860344
4500,96.8,91.89393939393939
4750,42.8,99.91883116883116
5000,2.4,99.92156862745098
5250,1.6,85.32272325375774
5500,21.2,90.96385542168674
5750,99.6,85.10959939531368
6000,78.8,99.91266375545852
6250,4.8,99.90900818926298
6500,0.8,98.16779170684667
6750,0.0,98.52369852369853
