250,6.0,100.0
500,4.8,100.0
750,0.0,100.0
1000,4.0,100.0
1250,6.800000000000001,8.946488294314381
1500,34.4,26.25
1750,100.0,44.63235294117647
2000,100.0,63.01470588235294
2250,100.0,81.3970588235294
2500,82.0,99.77186311787072
2750,9.6,18.826219512195124
3000,99.6,37.77608530083778
3250,90.0,53.74812593703149
3500,100.0,72.4887556221889
3750,100.0,91.09281437125748
4000,50.0,78.02907915993538
4250,59.599999999999994,90.81404032860344
4500,97.6,99.92542878448918
4750,100.0,99.92542878448918
5000,62.0,11.75
5250,1.2,40.88729016786571
5500,2.8000000000000003,48.09756097560975
5750,1.6,72.09756097560975
6000,100.0,96.48780487804878
6250,97.6,98.92891918208375
6500,100.0,99.84227129337539
6750,23.200000000000003,98.06651198762569
