250,6.0,100.0
500,4.8,100.0
750,0.0,100.0
1000,4.0,17.793964620187307
1250,6.800000000000001,33.89261744966443
1500,32.800000000000004,48.088235294117645
1750,100.0,66.47058823529412
2000,100.0,84.85294117647058
2250,70.8,99.9185667752443
2500,0.0,27.171903881700555
2750,8.0,41.46341463414634
3000,99.6,60.396039603960396
3250,90.0,75.95505617977528
3500,100.0,94.68164794007491
3750,29.599999999999998,99.92313604919293
4000,3.2,78.34549878345499
4250,57.599999999999994,90.81404032860344
4500,97.2,71.53671461014383
4750,100.0,90.46177138531417
5000,61.6,99.91554054054053
5250,1.2,85.24734982332156
5500,21.6,91.03240391861341
5750,99.6,62.81179138321995
6000,100.0,81.708238851096
6250,97.6,99.32279909706546
6500,3.5999999999999996,98.07321772639692
6750,0.0,98.4472049689441
