250,5.6000000000000005,88.41201716738198
500,4.3999999999999995,94.45628997867804
750,0.0,96.38386648122392
1000,3.2,97.38493723849372
1250,6.4,97.97809604043807
1500,6.4,99.9261447562777
1750,0.0,99.89406779661016
2000,0.0,99.91624790619765
2250,0.0,99.9185667752443
2500,0.0,98.23584029712164
2750,6.0,99.6951219512195
3000,3.2,99.92229992229991
3250,10.8,99.80099502487563
3500,0.0,99.8406374501992
3750,0.8,99.92313604919293
4000,3.2,98.53420195439739
4250,8.0,99.92107340173638
4500,2.0,99.8896247240618
4750,0.0,99.91349480968859
5000,1.6,99.92156862745098
5250,1.2,98.40283939662822
5500,10.0,99.84532095901005
5750,1.6,99.9236641221374
6000,0.8,99.90645463049579
6250,4.0,99.90791896869244
6500,0.4,98.54791868344628
6750,0.0,98.83086515978177
