50,10.0,0.0
100,2.0,0.0
150,6.0,0.0
200,0.0,0.0
250,12.0,0.0
300,6.0,0.0
350,16.0,2.484472049689441
400,0.0,15.591397849462366
450,0.0,25.59241706161137
500,0.0,33.47457627118644
550,0.0,39.84674329501915
600,0.0,45.10489510489511
650,0.0,49.51768488745981
700,0.0,53.273809523809526
750,0.0,56.50969529085873
800,6.0,2.604166666666667
850,4.0,8.333333333333332
900,8.0,4.069767441860465
950,0.0,9.340659340659341
1000,2.0,13.97288842544317
1050,16.0,3.8
1100,10.0,7.942583732057416
1150,6.0,4.495412844036697
1200,0.0,8.68421052631579
1250,0.0,12.521008403361344
1300,0.0,16.048387096774196
1350,0.0,19.302325581395348
1400,0.0,22.313432835820894
1450,60.0,25.441176470588232
1500,100.0,29.117647058823533
1550,100.0,32.794117647058826
1600,100.0,36.470588235294116
1650,100.0,40.14705882352941
1700,92.0,43.657817109144545
1750,0.0,64.30084745762711
1800,0.0,61.066398390342044
1850,0.0,58.14176245210728
1900,0.0,55.484460694698356
1950,0.0,53.05944055944056
2000,0.0,50.83752093802345
2050,0.0,25.32154340836013
2100,0.0,24.343122102009275
2150,0.0,24.960505529225905
2200,0.0,24.012158054711247
2250,0.0,25.895765472312704
2300,0.0,24.88262910798122
2350,0.0,25.663716814159294
2400,0.0,24.671307037896366
2450,0.0,31.06796116504854
2500,0.0,29.537037037037038
2550,0.0,28.053097345132745
2600,0.0,26.864406779661014
2650,0.0,25.772357723577237
2700,0.0,24.6875
2750,36.0,25.685975609756095
2800,100.0,29.496951219512198
2850,100.0,33.30792682926829
2900,100.0,37.118902439024396
2950,100.0,40.92987804878049
3000,98.0,44.630616907844626
3050,66.0,0.36275695284159615
3100,6.0,5.720823798627003
3150,34.0,3.9779005524861875
3200,0.0,9.005235602094242
3250,0.0,13.532338308457712
3300,0.0,17.6303317535545
3350,0.0,21.357466063348415
3400,0.0,24.761904761904763
3450,0.0,27.883817427385893
3500,0.0,30.756972111553786
3550,0.0,33.40996168582375
3600,2.0,39.60880195599022
3650,0.0,41.973375097885665
3700,0.0,44.15975885455916
3750,2.0,48.88547271329746
3800,10.0,65.89371980676329
3850,6.0,4.070305272895467
3900,0.0,8.311229000884174
3950,0.0,12.193056731583404
4000,0.0,15.759545085296505
4050,0.0,19.047619047619047
4100,0.0,22.088655146506387
4150,84.0,25.317401045556387
4200,100.0,29.05153099327857
4250,100.0,32.78566094100075
4300,88.0,1.488095238095238
4350,100.0,5.208333333333334
4400,98.0,8.941877794336811
4450,20.0,0.5368098159509203
4500,0.0,0.772626931567329
4550,0.0,0.7322175732217573
4600,0.0,0.6958250497017893
4650,0.0,0.6628787878787878
4700,0.0,0.6329113924050633
4750,0.0,0.6055363321799307
4800,0.0,0.5804311774461027
4850,0.0,0.5573248407643312
4900,0.0,0.5359877488514548
4950,2.0,0.5700325732899023
5000,6.0,0.5490196078431373
5050,4.0,0.48192771084337355
5100,0.0,0.5405405405405406
5150,2.0,0.6796116504854369
5200,0.0,0.6481481481481481
5250,0.0,0.6194690265486725
5300,0.0,0.5932203389830508
5350,0.0,0.5691056910569106
5400,0.0,0.546875
5450,16.0,1.4372163388804842
5500,88.0,2.4849397590361444
5550,100.0,3.7650602409638556
5600,100.0,7.530120481927711
5650,98.0,11.337868480725625
5700,100.0,15.117157974300833
5750,98.0,18.89644746787604
5800,4.0,22.796352583586625
5850,2.0,38.084874863982584
5900,0.0,41.279669762641895
5950,0.0,44.16094210009813
6000,0.0,46.77268475210477
6050,0.0,49.15102770330652
6100,0.0,51.32591958939264
6150,0.0,53.322395406070555
6200,6.0,0.4230118443316413
6250,16.0,1.3812154696132597
6300,0.0,5.721830985915493
6350,0.0,9.696458684654301
6400,0.0,13.349514563106796
6450,0.0,16.56298600311042
6500,2.0,25.386100386100384
6550,0.0,28.82136279926335
6600,0.0,31.954225352112676
6650,0.0,34.822934232715006
6700,0.0,37.45954692556634
6750,0.0,39.89113530326594
