250,6.0,100.0
500,4.8,100.0
750,0.0,100.0
1000,4.0,100.0
1250,6.800000000000001,100.0
1500,34.4,11.691176470588236
1750,100.0,30.073529411764703
2000,100.0,48.455882352941174
2250,100.0,66.83823529411764
2500,100.0,85.22058823529412
2750,70.8,3.7347560975609753
3000,99.6,22.696115765422697
3250,90.0,38.90554722638681
3500,100.0,57.646176911544224
3750,100.0,76.38680659670165
4000,98.8,94.3904263275991
4250,89.60000000000001,90.88191330343797
4500,97.6,54.806964420893266
4750,100.0,73.73202119606358
5000,98.8,92.22054380664653
5250,99.2,99.92458521870287
5500,87.2,91.30763416477701
5750,100.0,99.39301972685888
6000,5.2,85.56338028169014
6250,4.3999999999999995,69.71830985915493
6500,0.0,57.95053003533569
6750,0.0,47.330960854092524
