250,6.0,100.0
500,4.8,100.0
750,0.0,4.149377593360995
1000,4.0,28.125
1250,6.800000000000001,42.23341729638959
1500,32.4,55.367647058823536
1750,100.0,73.75
2000,100.0,92.13235294117646
2250,33.2,99.9185667752443
2500,0.0,36.35522664199815
2750,7.6,49.00914634146341
3000,99.6,67.93602437166794
3250,90.4,83.30838323353294
3500,88.8,99.92486851990984
3750,1.6,99.92313604919293
4000,3.2,78.4090909090909
4250,57.199999999999996,90.81404032860344
4500,96.8,76.89393939393939
4750,100.0,95.83333333333334
5000,24.4,99.92156862745098
5250,1.6,85.32272325375774
5500,21.2,90.96385542168674
5750,99.6,70.14361300075585
6000,100.0,89.04006046863189
6250,62.8,99.90900818926298
6500,0.8,98.16779170684667
6750,0.0,98.52369852369853
