250,6.0,100.0
500,4.8,100.0
750,0.0,17.842323651452283
1000,4.0,38.4375
1250,6.4,50.46179680940386
1500,32.4,62.5735294117647
1750,100.0,80.95588235294117
2000,93.60000000000001,99.40476190476191
2250,0.0,99.9185667752443
2500,0.0,45.51341350601295
2750,7.6,56.55487804878049
3000,99.6,75.47600913937548
3250,90.4,90.71856287425149
3500,49.2,99.92486851990984
3750,1.6,99.92313604919293
4000,3.2,78.4090909090909
4250,57.199999999999996,90.81404032860344
4500,96.8,84.3939393939394
4750,82.39999999999999,99.91883116883116
5000,2.4,99.92156862745098
5250,1.6,85.32272325375774
5500,21.2,90.96385542168674
5750,99.6,77.62660619803476
6000,100.0,96.52305366591081
6250,23.200000000000003,99.90900818926298
6500,0.8,98.16779170684667
6750,0.0,98.52369852369853
