50,10.0,0.0
100,2.0,0.0
150,6.0,0.0
200,0.0,0.0
250,12.0,0.0
300,6.0,0.0
350,18.0,0.0
400,0.0,0.0
450,0.0,0.0
500,0.0,0.0
550,0.0,0.0
600,0.0,0.0
650,0.0,0.0
700,0.0,0.0
750,0.0,0.0
800,6.0,0.0
850,4.0,0.0
900,8.0,0.0
950,0.0,0.0
1000,2.0,0.0
1050,16.0,0.0
1100,10.0,0.0
1150,8.0,0.0
1200,0.0,0.0
1250,0.0,0.0
1300,0.0,4.654895666131622
1350,0.0,8.333333333333332
1400,0.0,11.738484398216938
1450,72.0,15.294117647058824
1500,100.0,18.970588235294116
1550,100.0,22.647058823529413
1600,100.0,26.323529411764707
1650,100.0,30.0
1700,100.0,33.6764705882353
1750,100.0,37.35294117647059
1800,100.0,41.029411764705884
1850,100.0,44.70588235294118
1900,100.0,48.38235294117647
1950,100.0,52.05882352941177
2000,100.0,55.73529411764706
2050,100.0,59.411764705882355
2100,100.0,63.088235294117645
2150,100.0,66.76470588235294
2200,100.0,70.44117647058825
2250,100.0,74.11764705882354
2300,100.0,77.79411764705883
2350,100.0,81.47058823529412
2400,100.0,85.1470588235294
2450,100.0,88.8235294117647
2500,100.0,92.5
2550,100.0,96.17647058823529
2600,8.0,99.84779299847793
2650,0.0,1.051779935275081
2700,0.0,1.010886469673406
2750,48.0,2.8201219512195124
2800,100.0,6.63109756097561
2850,100.0,10.442073170731707
2900,100.0,14.253048780487804
2950,100.0,18.0640243902439
3000,98.0,21.706016755521706
3050,94.0,0.22813688212927757
3100,92.0,3.790750568612585
3150,64.0,2.6986506746626686
3200,100.0,6.446776611694154
3250,100.0,10.194902548725636
3300,100.0,13.943028485757122
3350,100.0,17.691154422788603
3400,100.0,21.43928035982009
3450,100.0,25.187406296851574
3500,100.0,28.93553223388306
3550,100.0,32.68365817091454
3600,100.0,36.43178410794602
3650,100.0,40.17991004497751
3700,100.0,43.92803598200899
3750,100.0,47.676161919040474
3800,98.0,51.08614232209738
3850,96.0,3.293413173652695
3900,100.0,7.0359281437125745
3950,100.0,10.778443113772456
4000,54.0,16.006600660066006
4050,0.0,20.13201320132013
4100,0.0,24.257425742574256
4150,0.0,28.38283828382838
4200,0.0,32.508250825082506
4250,0.0,36.69421487603306
4300,12.0,1.6488046166529264
4350,0.0,5.8626465661641545
4400,0.0,10.050251256281408
4450,0.0,14.237855946398659
4500,0.0,18.425460636515915
4550,0.0,22.613065326633166
4600,0.0,26.800670016750416
4650,0.0,30.98827470686767
4700,0.0,35.175879396984925
4750,0.0,39.36348408710218
4800,0.0,43.551088777219434
4850,0.0,47.73869346733669
4900,0.0,51.92629815745393
4950,0.0,56.11390284757118
5000,6.0,59.94983277591973
5050,6.0,4.096989966555184
5100,0.0,8.277591973244148
5150,0.0,12.45819397993311
5200,0.0,16.638795986622075
5250,0.0,20.819397993311036
5300,0.0,25.0
5350,0.0,29.180602006688964
5400,0.0,33.36120401337793
5450,0.0,37.54180602006689
5500,14.000000000000002,2.756892230576441
5550,8.0,6.610878661087866
5600,0.0,10.794979079497908
5650,0.0,14.979079497907948
5700,0.0,19.16317991631799
5750,0.0,23.347280334728033
5800,0.0,27.531380753138073
5850,0.0,31.715481171548117
5900,0.0,35.89958158995816
5950,0.0,40.0836820083682
6000,0.0,44.26778242677824
6050,0.0,48.45188284518828
6100,0.0,52.32945091514143
6150,0.0,54.2332268370607
6200,6.0,0.3849114703618168
6250,40.0,1.1286681715575622
6300,100.0,4.890895410082769
6350,100.0,8.653122648607976
6400,100.0,12.452830188679245
6450,100.0,16.22641509433962
6500,100.0,20.0
6550,100.0,23.77358490566038
6600,100.0,27.547169811320753
6650,100.0,31.32075471698113
6700,100.0,35.094339622641506
6750,100.0,38.86792452830189
