30,97.05058250995428,2.949417490045716
60,95.28093201592685,4.7190679840731455
100,92.90665093644004,7.0933490635599465
200,87.02256304379885,12.97743695620115
300,81.21221058840878,18.78778941159121
400,75.37236395811827,24.62763604188173
500,69.48827606547707,30.511723934522934
600,63.64842943518655,36.35157056481345
700,57.85282406724672,42.147175932753285
800,52.05721869930689,47.94278130069311
900,46.187877894115914,53.812122105884086
1000,40.43651378852677,59.56348621147324
1100,34.69989677038785,65.30010322961215
1200,37.236395811827165,62.76360418817284
1300,23.005456422356584,76.99454357764341
1400,20.778646217372067,79.22135378262793
