50,10.0,0.0
100,2.0,38.297872340425535
150,4.0,35.97122302158273
200,0.0,52.910052910052904
250,12.0,61.80257510729614
300,6.0,17.20430107526882
350,16.0,2.507836990595611
400,0.0,15.718157181571815
450,0.0,25.775656324582343
500,0.0,33.688699360341154
550,0.0,40.07707129094412
600,0.0,45.342706502636204
650,0.0,49.75767366720517
700,0.0,53.51270553064275
750,0.0,56.745479833101534
800,4.0,2.6143790849673203
850,4.0,8.364083640836409
900,6.0,4.084014002333722
950,0.0,9.371554575523705
1000,2.0,14.01673640167364
1050,16.0,3.8114343029087263
1100,10.0,7.9654510556621885
1150,6.0,4.507819687212511
1200,0.0,8.70712401055409
1250,0.0,12.552653748946923
1300,0.0,16.08730800323363
1350,0.0,19.34731934731935
1400,0.0,22.36350037397158
1450,54.0,25.073529411764707
1500,34.0,26.809453471196456
1550,0.0,28.945281522601114
1600,0.0,27.84134248665141
1650,0.0,28.705882352941174
1700,0.0,27.622641509433965
1750,0.0,38.8771186440678
1800,0.0,31.991951710261567
1850,0.0,30.268199233716476
1900,0.0,28.884826325411332
1950,0.0,27.62237762237762
2000,0.0,26.38190954773869
2050,0.0,25.241157556270092
2100,0.0,24.26584234930448
2150,0.0,24.881516587677723
2200,0.0,23.93617021276596
2250,0.0,25.814332247557005
2300,0.0,24.80438184663537
2350,0.0,25.583266291230895
2400,0.0,24.593967517401392
2450,0.0,31.061343719571568
2500,0.0,29.526462395543174
2550,0.0,28.039041703637977
2600,0.0,26.847918436703484
2650,0.0,25.75387123064385
2700,0.0,24.667188723570867
2750,30.0,25.685975609756095
2800,68.0,29.79214780600462
2850,4.0,35.96707818930041
2900,0.0,38.498023715415016
2950,2.0,43.376413570274636
3000,2.0,45.53224553224553
3050,14.000000000000002,0.36275695284159615
3100,6.0,5.720823798627003
3150,34.0,3.9779005524861875
3200,0.0,9.005235602094242
3250,0.0,13.532338308457712
3300,0.0,17.6303317535545
3350,0.0,21.357466063348415
3400,0.0,24.761904761904763
3450,0.0,27.883817427385893
3500,0.0,30.756972111553786
3550,0.0,33.40996168582375
3600,2.0,39.60880195599022
3650,0.0,41.973375097885665
3700,0.0,44.15975885455916
3750,2.0,48.88547271329746
3800,10.0,66.08527131782945
3850,6.0,4.081632653061225
3900,0.0,8.333333333333332
3950,0.0,12.224108658743633
4000,0.0,15.798045602605862
4050,0.0,19.092331768388107
4100,0.0,22.13855421686747
4150,78.0,25.01867064973861
4200,22.0,28.430566967953986
4250,0.0,27.308602999210734
4300,10.0,0.3971405877680699
4350,0.0,0.4583651642475172
4400,0.0,0.4552352048558422
4450,0.0,0.4601226993865031
4500,0.0,0.6622516556291391
4550,0.0,0.6276150627615062
4600,0.0,0.5964214711729622
4650,0.0,0.5681818181818182
4700,0.0,0.5424954792043399
4750,0.0,0.5190311418685121
4800,0.0,0.4975124378109453
4850,0.0,0.47770700636942676
4900,0.0,0.45941807044410415
4950,2.0,0.4885993485342019
5000,6.0,0.5490196078431373
5050,4.0,0.4016064257028112
5100,0.0,0.4633204633204633
5150,2.0,0.5842259006815969
5200,0.0,0.5571030640668524
5250,0.0,0.5323868677905945
5300,0.0,0.5097706032285472
5350,0.0,0.4889975550122249
5400,0.0,0.4698512137823023
5450,10.0,1.4372163388804842
5500,88.0,2.4849397590361444
5550,24.0,3.7600000000000002
5600,0.0,7.461538461538461
5650,0.0,11.76941553242594
5700,0.0,15.011547344110854
5750,2.0,18.702290076335878
5800,2.0,22.416413373860184
5850,2.0,37.54080522306855
5900,0.0,40.76367389060888
5950,0.0,43.6702649656526
6000,0.0,46.30495790458372
6050,0.0,48.704200178731014
6100,0.0,50.898203592814376
6150,0.0,52.91222313371616
6200,6.0,0.4230118443316413
6250,14.000000000000002,1.3812154696132597
6300,0.0,5.721830985915493
6350,0.0,9.696458684654301
6400,0.0,13.349514563106796
6450,0.0,16.56298600311042
6500,2.0,25.459825750242015
6550,0.0,28.901200369344416
6600,0.0,32.038834951456316
6650,0.0,34.9112426035503
6700,0.0,37.5506893755069
6750,0.0,39.98441153546376
