50,10.0,0.0
100,2.0,0.0
150,6.0,30.49645390070922
200,0.0,48.69109947643979
250,12.0,58.29787234042553
300,6.0,17.08185053380783
350,16.0,2.4922118380062304
400,0.0,15.633423180592992
450,0.0,25.653206650831358
500,0.0,33.54564755838641
550,0.0,39.923224568138195
600,0.0,45.18388791593696
650,0.0,49.59742351046699
700,0.0,53.3532041728763
750,0.0,56.5880721220527
800,4.0,2.607561929595828
850,4.0,8.343558282208589
900,6.0,4.074505238649592
950,0.0,9.350935093509351
1000,2.0,13.987473903966595
1050,16.0,3.8038038038038042
1100,10.0,7.950191570881227
1150,6.0,4.499540863177227
1200,0.0,8.691834942932397
1250,0.0,12.531539108494533
1300,0.0,16.06133979015335
1350,0.0,19.317300232738557
1400,0.0,22.330097087378643
1450,57.99999999999999,25.294117647058822
1500,100.0,28.97058823529412
1550,10.0,32.11736716891356
1600,0.0,30.892448512585812
1650,0.0,31.84313725490196
1700,0.0,30.641509433962266
1750,0.0,43.11440677966102
1800,0.0,40.945674044265594
1850,0.0,30.268199233716476
1900,0.0,28.884826325411332
1950,0.0,27.62237762237762
2000,0.0,26.38190954773869
2050,0.0,25.241157556270092
2100,0.0,24.26584234930448
2150,0.0,24.881516587677723
2200,0.0,23.93617021276596
2250,0.0,25.814332247557005
2300,0.0,24.80438184663537
2350,0.0,25.583266291230895
2400,0.0,24.593967517401392
2450,0.0,31.00097181729835
2500,0.0,29.471733086190916
2550,0.0,27.989371124889285
2600,0.0,26.802374893977948
2650,0.0,25.711960943856795
2700,0.0,24.628616106333073
2750,34.0,25.685975609756095
2800,100.0,29.496951219512198
2850,48.0,35.96707818930041
2900,0.0,38.498023715415016
2950,2.0,43.376413570274636
3000,2.0,45.53224553224553
3050,14.000000000000002,0.36275695284159615
3100,6.0,5.720823798627003
3150,34.0,3.9779005524861875
3200,0.0,9.005235602094242
3250,0.0,13.532338308457712
3300,0.0,17.6303317535545
3350,0.0,21.357466063348415
3400,0.0,24.761904761904763
3450,0.0,27.883817427385893
3500,0.0,30.756972111553786
3550,0.0,33.40996168582375
3600,2.0,39.60880195599022
3650,0.0,41.973375097885665
3700,0.0,44.15975885455916
3750,2.0,48.88547271329746
3800,10.0,65.95744680851064
3850,6.0,4.074074074074074
3900,0.0,8.31858407079646
3950,0.0,12.203389830508476
4000,0.0,15.772357723577235
4050,0.0,19.0625
4100,0.0,22.105263157894736
4150,82.0,25.168035847647495
4200,98.0,31.71733771569433
4250,0.0,30.465666929755326
4300,10.0,0.3971405877680699
4350,0.0,0.4583651642475172
4400,0.0,0.4552352048558422
4450,0.0,0.4601226993865031
4500,0.0,0.6622516556291391
4550,0.0,0.6276150627615062
4600,0.0,0.5964214711729622
4650,0.0,0.5681818181818182
4700,0.0,0.5424954792043399
4750,0.0,0.5190311418685121
4800,0.0,0.4975124378109453
4850,0.0,0.47770700636942676
4900,0.0,0.45941807044410415
4950,2.0,0.4885993485342019
5000,6.0,0.5490196078431373
5050,4.0,0.4016064257028112
5100,0.0,0.4633204633204633
5150,2.0,0.5830903790087464
5200,0.0,0.5560704355885079
5250,0.0,0.5314437555358724
5300,0.0,0.5089058524173028
5350,0.0,0.4882017900732303
5400,0.0,0.46911649726348714
5450,14.000000000000002,1.4372163388804842
5500,88.0,2.4849397590361444
5550,100.0,3.92
5600,0.0,7.615384615384616
5650,0.0,11.929543634907928
5700,0.0,15.165511932255582
5750,2.0,18.85496183206107
5800,2.0,22.56838905775076
5850,2.0,37.75843307943417
5900,0.0,40.97007223942208
5950,0.0,43.866535819430815
6000,0.0,46.49204864359214
6050,0.0,48.882931188561216
6100,0.0,51.06928999144568
6150,0.0,53.07629204265791
6200,6.0,0.4230118443316413
6250,14.000000000000002,1.3812154696132597
6300,0.0,5.721830985915493
6350,0.0,9.696458684654301
6400,0.0,13.349514563106796
6450,0.0,16.56298600311042
6500,2.0,25.41062801932367
6550,0.0,28.847926267281103
6600,0.0,31.982378854625548
6650,0.0,34.85232067510549
6700,0.0,37.48987854251012
6750,0.0,39.92217898832685
