250,6.0,100.0
500,4.8,100.0
750,0.0,100.0
1000,4.0,100.0
1250,6.800000000000001,100.0
1500,34.4,18.970588235294116
1750,100.0,37.35294117647059
2000,100.0,55.73529411764706
2250,100.0,74.11764705882354
2500,100.0,92.5
2750,31.2,11.28048780487805
3000,99.6,30.236100533130234
3250,90.0,46.326836581709145
3500,100.0,65.06746626686657
3750,100.0,83.80809595202399
4000,89.60000000000001,78.02907915993538
4250,59.599999999999994,90.81404032860344
4500,97.6,99.92553983618764
4750,100.0,99.92553983618764
5000,98.8,99.92570579494799
5250,99.2,99.92581602373886
5500,8.0,28.913963328631876
5750,1.6,64.0625
6000,32.0,40.119760479041915
6250,97.6,88.53118712273643
6500,72.39999999999999,38.83299798792756
6750,0.0,89.67611336032388
