250,6.0,100.0
500,4.8,100.0
750,0.0,100.0
1000,4.0,100.0
1250,6.800000000000001,17.23849372384937
1500,34.0,33.52941176470588
1750,100.0,51.911764705882355
2000,100.0,70.29411764705881
2250,100.0,88.67647058823529
2500,46.0,8.847926267281107
2750,9.2,26.371951219512198
3000,99.6,45.316070068545315
3250,90.0,61.169415292353825
3500,100.0,79.91004497751123
3750,100.0,98.50299401197606
4000,10.8,78.09215844785771
4250,59.199999999999996,90.81404032860344
4500,97.6,99.92542878448918
4750,100.0,99.92542878448918
5000,62.0,10.573678290213723
5250,1.2,85.02202643171806
5500,22.8,91.03240391861341
5750,99.6,62.70801815431165
6000,100.0,81.61875945537065
6250,97.6,99.17231000752446
6500,4.3999999999999995,99.9245283018868
6750,0.0,99.9245283018868
