50,10.0,0.0
100,2.0,0.0
150,6.0,0.0
200,0.0,0.0
250,12.0,0.0
300,6.0,0.0
350,18.0,0.0
400,0.0,0.0
450,0.0,0.0
500,0.0,0.0
550,0.0,0.0
600,0.0,0.0
650,0.0,0.0
700,0.0,0.0
750,0.0,4.149377593360995
800,6.0,2.600780234070221
850,4.0,8.32313341493268
900,8.0,4.529616724738676
950,0.0,9.769484083424809
1000,2.0,14.374999999999998
1050,16.0,3.796203796203796
1100,10.0,7.934990439770555
1150,8.0,4.491292392300641
1200,0.0,8.676599474145487
1250,0.0,12.510495382031905
1300,0.0,16.035455278001614
1350,0.0,19.287374128582492
1400,0.0,22.296793437733033
1450,62.0,25.66176470588235
1500,100.0,29.33823529411765
1550,100.0,33.01470588235294
1600,100.0,36.69117647058823
1650,100.0,40.36764705882353
1700,100.0,44.044117647058826
1750,100.0,47.72058823529412
1800,100.0,51.397058823529406
1850,100.0,55.07352941176471
1900,100.0,58.75
1950,100.0,62.4264705882353
2000,100.0,66.10294117647058
2050,100.0,69.77941176470588
2100,66.0,74.01340282948622
2150,0.0,79.62085308056872
2200,0.0,76.59574468085107
2250,0.0,82.24755700325733
2300,0.0,79.02973395931141
2350,0.0,81.25502815768303
2400,0.0,78.19025522041764
2450,0.0,30.552861299709022
2500,0.0,29.047178538390376
2550,0.0,27.586206896551722
2600,0.0,26.418289585097376
2650,0.0,25.345247766043865
2700,0.0,24.27790788446526
2750,38.0,25.07621951219512
2800,100.0,28.88719512195122
2850,100.0,32.698170731707314
2900,100.0,36.50914634146341
2950,100.0,40.32012195121951
3000,98.0,43.945163747143944
3050,94.0,0.22796352583586624
3100,92.0,3.787878787878788
3150,66.0,2.694610778443114
3200,100.0,6.437125748502994
3250,100.0,10.179640718562874
3300,100.0,13.922155688622754
3350,100.0,17.664670658682635
3400,100.0,21.407185628742514
3450,100.0,25.149700598802394
3500,44.0,29.000751314800898
3550,2.0,33.3843797856049
3600,4.0,39.60880195599022
3650,0.0,41.973375097885665
3700,0.0,44.15975885455916
3750,2.0,48.88547271329746
3800,10.0,65.83011583011583
3850,6.0,4.066543438077634
3900,0.0,8.303886925795052
3950,0.0,12.18274111675127
4000,0.0,15.746753246753247
4050,0.0,19.03276131045242
4100,0.0,22.07207207207207
4150,86.0,25.710014947683106
4200,100.0,29.446935724962632
4250,100.0,33.18385650224215
4300,90.0,1.4903129657228018
4350,100.0,5.216095380029806
4400,98.0,8.955223880597014
4450,98.0,12.705530642750373
4500,98.0,16.69195751138088
4550,100.0,20.485584218512898
4600,100.0,24.279210925644918
4650,100.0,28.072837632776938
4700,100.0,31.86646433990895
4750,100.0,35.66009104704097
4800,100.0,39.45371775417299
4850,10.0,0.8757961783439491
4900,0.0,0.8422664624808576
4950,2.0,0.9771986970684038
5000,6.0,0.9411764705882352
5050,6.0,0.8032128514056224
5100,0.0,0.8494208494208495
5150,2.0,1.1627906976744187
5200,0.0,1.0166358595194085
5250,0.0,0.9717314487632509
5300,0.0,0.9306260575296108
5350,0.0,0.8928571428571428
5400,0.0,0.858034321372855
5450,20.0,1.588502269288956
5500,88.0,2.4868123587038435
5550,100.0,7.622641509433962
5600,100.0,11.39622641509434
5650,100.0,15.215745647236941
5700,100.0,19.00075700227101
5750,100.0,22.785768357305074
5800,100.0,26.57077971233914
5850,100.0,30.3557910673732
5900,100.0,34.14080242240727
5950,100.0,37.925813777441334
6000,100.0,41.7108251324754
6050,100.0,45.495836487509465
6100,100.0,49.2063492063492
6150,90.0,57.506152584085314
6200,6.0,0.4230118443316413
6250,16.0,1.3812154696132597
6300,0.0,5.545774647887324
6350,0.0,9.527824620573355
6400,0.0,13.187702265372167
6450,0.0,16.485225505443236
6500,2.0,25.240847784200387
6550,0.0,28.676470588235293
6600,0.0,31.810193321616868
6650,0.0,34.68013468013468
6700,0.0,37.31825525040387
6750,0.0,39.75155279503105
