50,10.0,0.0
100,2.0,0.0
150,6.0,0.0
200,0.0,0.0
250,12.0,0.0
300,6.0,0.0
350,18.0,0.0
400,0.0,0.0
450,0.0,0.0
500,0.0,0.0
550,0.0,0.0
600,0.0,0.0
650,0.0,0.0
700,0.0,0.0
750,0.0,0.0
800,6.0,0.0
850,4.0,0.0
900,8.0,0.0
950,0.0,0.0
1000,2.0,0.0
1050,16.0,1.4925373134328357
1100,10.0,5.714285714285714
1150,8.0,4.474885844748858
1200,0.0,8.646288209606986
1250,0.0,12.468619246861925
1300,0.0,15.98393574297189
1350,0.0,19.227799227799228
1400,0.0,22.230483271375466
1450,70.0,25.66176470588235
1500,100.0,29.33823529411765
1550,100.0,33.01470588235294
1600,100.0,36.69117647058823
1650,100.0,40.36764705882353
1700,100.0,44.044117647058826
1750,100.0,47.72058823529412
1800,100.0,51.397058823529406
1850,100.0,55.07352941176471
1900,100.0,58.75
1950,100.0,62.4264705882353
2000,100.0,66.10294117647058
2050,100.0,69.77941176470588
2100,100.0,73.45588235294119
2150,100.0,77.13235294117648
2200,100.0,80.80882352941177
2250,100.0,84.48529411764706
2300,100.0,88.16176470588235
2350,100.0,91.83823529411764
2400,30.0,97.9622641509434
2450,0.0,1.6425120772946862
2500,0.0,1.566820276497696
2550,0.0,1.4977973568281937
2600,0.0,1.4345991561181435
2650,0.0,1.376518218623482
2700,0.0,1.3229571984435797
2750,46.0,3.048780487804878
2800,100.0,6.859756097560976
2850,100.0,10.670731707317072
2900,100.0,14.48170731707317
2950,100.0,18.29268292682927
3000,98.0,21.934501142421933
3050,94.0,0.22813688212927757
3100,92.0,3.790750568612585
3150,64.0,2.6986506746626686
3200,100.0,6.446776611694154
3250,100.0,10.194902548725636
3300,100.0,13.943028485757122
3350,100.0,17.691154422788603
3400,100.0,21.43928035982009
3450,100.0,25.187406296851574
3500,100.0,28.93553223388306
3550,100.0,32.68365817091454
3600,100.0,36.43178410794602
3650,100.0,40.17991004497751
3700,100.0,43.92803598200899
3750,100.0,47.676161919040474
3800,46.0,65.64003849855631
3850,6.0,4.055299539170507
3900,0.0,8.28193832599119
3950,0.0,12.151898734177214
4000,0.0,15.708502024291498
4050,0.0,18.988326848249027
4100,0.0,22.02247191011236
4150,92.0,25.748502994011975
4200,100.0,29.491017964071858
4250,100.0,33.23353293413174
4300,90.0,1.4925373134328357
4350,100.0,5.223880597014925
4400,98.0,8.968609865470851
4450,100.0,12.715033657442035
4500,100.0,16.69195751138088
4550,100.0,20.485584218512898
4600,100.0,24.279210925644918
4650,100.0,28.072837632776938
4700,100.0,31.86646433990895
4750,100.0,35.66009104704097
4800,100.0,39.45371775417299
4850,100.0,43.24734446130501
4900,100.0,47.040971168437025
4950,100.0,50.834597875569045
5000,94.0,54.277062831188495
5050,96.0,3.7065052950075645
5100,100.0,7.488653555219364
5150,26.0,14.929859719438879
5200,0.0,19.939879759519037
5250,0.0,24.949899799599198
5300,0.0,30.080482897384307
5350,0.0,35.11066398390342
5400,0.0,40.140845070422536
5450,0.0,45.17102615694165
5500,14.000000000000002,3.303303303303303
5550,8.0,7.923771313941826
5600,0.0,12.938816449348046
5650,0.0,17.953861584754264
5700,0.0,22.968906720160483
5750,0.0,27.9839518555667
5800,0.0,32.99899699097292
5850,0.0,38.01404212637914
5900,0.0,43.02908726178536
5950,0.0,48.044132397191575
6000,0.0,53.059177532597786
6050,0.0,58.30815709969789
6100,0.0,62.9
6150,0.0,1.2380952380952381
6200,6.0,0.45620437956204374
6250,16.0,0.44014084507042256
6300,0.0,0.8431703204047217
6350,0.0,0.48543689320388345
6400,0.0,0.15552099533437014
6450,24.0,1.8882175226586102
6500,100.0,5.664652567975831
6550,100.0,9.441087613293051
6600,100.0,13.217522658610273
6650,100.0,16.993957703927492
6700,100.0,20.770392749244714
6750,100.0,24.546827794561935
