250,5.6000000000000005,75.53648068669528
500,4.3999999999999995,88.05970149253731
750,0.0,92.21140472878999
1000,3.2,94.24686192468619
1250,6.4,95.45071609098568
1500,17.599999999999998,99.9261447562777
1750,0.0,99.89406779661016
2000,0.0,99.91624790619765
2250,0.0,99.9185667752443
2500,0.0,95.45032497678737
2750,6.0,97.40853658536585
3000,15.2,99.92229992229991
3250,10.8,99.80099502487563
3500,0.0,99.8406374501992
3750,0.8,99.92313604919293
4000,3.2,96.09120521172639
4250,20.0,99.92107340173638
4500,2.0,99.8896247240618
4750,0.0,99.91349480968859
5000,1.6,99.92156862745098
5250,1.2,95.74090505767523
5500,19.6,99.54819277108435
5750,5.2,99.9236641221374
6000,0.8,99.90645463049579
6250,4.0,99.90791896869244
6500,0.4,98.54791868344628
6750,0.0,98.83086515978177
