250,6.0,100.0
500,4.8,100.0
750,0.0,100.0
1000,4.0,7.476635514018691
1250,6.800000000000001,25.54438860971524
1500,33.6,40.80882352941176
1750,100.0,59.19117647058824
2000,100.0,77.57352941176471
2250,100.0,95.95588235294117
2500,9.6,17.988929889298895
2750,8.799999999999999,33.917682926829265
3000,99.6,52.85605483625285
3250,90.0,68.53932584269663
3500,100.0,87.26591760299625
3750,68.4,99.92313604919293
4000,3.2,78.15533980582524
4250,58.8,90.81404032860344
4500,97.2,69.49280847842545
4750,100.0,88.41786525359576
5000,62.0,10.698198198198199
5250,1.2,85.09700176366843
5500,22.400000000000002,91.03240391861341
5750,99.6,62.73620559334845
6000,100.0,81.63265306122449
6250,97.6,99.47209653092006
6500,4.0,97.88461538461539
6750,0.0,98.29457364341086
