250,6.0,100.0
500,4.8,16.27906976744186
750,0.0,45.22821576763486
1000,4.0,59.06249999999999
1250,6.4,67.0864819479429
1500,32.4,77.13235294117648
1750,100.0,95.51470588235294
2000,14.399999999999999,99.91624790619765
2250,0.0,99.9185667752443
2500,0.0,63.829787234042556
2750,7.6,71.64634146341463
3000,99.6,90.55597867479057
3250,60.4,99.90749306197965
3500,0.0,99.92486851990984
3750,1.6,99.92313604919293
4000,3.2,78.4090909090909
4250,57.199999999999996,90.81404032860344
4500,96.8,99.39393939393939
4750,3.2,99.91883116883116
5000,2.4,99.92156862745098
5250,1.6,85.32272325375774
5500,21.2,90.96385542168674
5750,99.6,92.5925925925926
6000,39.2,99.91266375545852
6250,4.8,99.90900818926298
6500,0.8,98.16779170684667
6750,0.0,98.52369852369853
