50,10.0,0.0
100,2.0,0.0
150,6.0,0.0
200,0.0,0.0
250,12.0,0.0
300,6.0,0.0
350,18.0,0.0
400,0.0,0.0
450,0.0,0.0
500,0.0,0.0
550,0.0,5.353728489483748
600,0.0,13.612565445026178
650,0.0,20.545746388443018
700,0.0,26.448736998514118
750,0.0,31.535269709543567
800,6.0,2.600780234070221
850,4.0,8.32313341493268
900,8.0,4.29732868757259
950,0.0,9.549945115257959
1000,2.0,14.166666666666666
1050,16.0,3.796203796203796
1100,10.0,7.934990439770555
1150,6.0,4.491292392300641
1200,0.0,8.676599474145487
1250,0.0,12.510495382031905
1300,0.0,16.035455278001614
1350,0.0,19.287374128582492
1400,0.0,22.296793437733033
1450,62.0,25.66176470588235
1500,100.0,29.33823529411765
1550,100.0,33.01470588235294
1600,100.0,36.69117647058823
1650,100.0,40.36764705882353
1700,100.0,44.044117647058826
1750,100.0,47.72058823529412
1800,100.0,51.397058823529406
1850,100.0,55.07352941176471
1900,70.0,59.03345724907063
1950,0.0,70.54195804195804
2000,0.0,67.58793969849246
2050,0.0,64.87138263665595
2100,0.0,62.364760432766616
2150,0.0,63.82306477093207
2200,0.0,61.39817629179332
2250,0.0,26.058631921824105
2300,0.0,25.039123630672925
2350,0.0,25.82461786001609
2400,0.0,24.825986078886313
2450,0.0,31.23181377303589
2500,0.0,29.69472710453284
2550,0.0,28.205128205128204
2600,0.0,27.01100762066046
2650,0.0,25.913891145410233
2700,0.0,24.824355971896956
2750,38.0,25.685975609756095
2800,100.0,29.496951219512198
2850,100.0,33.30792682926829
2900,100.0,37.118902439024396
2950,100.0,40.92987804878049
3000,98.0,44.630616907844626
3050,94.0,0.22796352583586624
3100,92.0,3.787878787878788
3150,66.0,2.694610778443114
3200,100.0,6.437125748502994
3250,100.0,10.179640718562874
3300,48.0,16.445623342175068
3350,0.0,19.983065198983912
3400,0.0,23.23314378554021
3450,0.0,26.229508196721312
3500,0.0,29.000751314800898
3550,2.0,33.3843797856049
3600,4.0,39.60880195599022
3650,0.0,41.973375097885665
3700,0.0,44.15975885455916
3750,2.0,48.88547271329746
3800,10.0,65.83011583011583
3850,6.0,4.066543438077634
3900,0.0,8.303886925795052
3950,0.0,12.18274111675127
4000,0.0,15.746753246753247
4050,0.0,19.03276131045242
4100,0.0,22.07207207207207
4150,86.0,25.54144884241972
4200,100.0,29.2755787901419
4250,100.0,33.00970873786408
4300,90.0,1.488095238095238
4350,100.0,5.208333333333334
4400,98.0,8.941877794336811
4450,98.0,12.686567164179104
4500,98.0,16.666666666666664
4550,100.0,20.454545454545457
4600,100.0,24.242424242424242
4650,14.000000000000002,0.7950530035335688
4700,0.0,0.7614213197969544
4750,0.0,0.7305194805194805
4800,0.0,0.702028081123245
4850,2.0,0.7159904534606205
4900,0.0,0.6885998469778117
4950,4.0,0.7328990228013029
5000,6.0,0.7058823529411765
5050,6.0,0.642570281124498
5100,0.0,0.6949806949806949
5150,2.0,0.9699321047526674
5200,0.0,0.8325624421831638
5250,0.0,0.7957559681697612
5300,0.0,0.7620660457239627
5350,0.0,0.7311129163281885
5400,0.0,0.702576112412178
5450,18.0,1.4372163388804842
5500,88.0,2.4868123587038435
5550,100.0,5.962264150943397
5600,100.0,9.735849056603774
5650,98.0,13.560606060606062
5700,100.0,17.348484848484848
5750,100.0,21.136363636363637
5800,100.0,24.924242424242422
5850,100.0,28.71212121212121
5900,100.0,32.5
5950,94.0,51.229946524064175
6000,0.0,53.70558375634518
6050,0.0,55.94202898550724
6100,0.0,57.97235023041475
6150,0.0,59.82378854625551
6200,6.0,0.47303689687795647
6250,16.0,1.9059720457433291
6300,0.0,7.765830346475508
6350,0.0,12.965050732807216
6400,0.0,17.6093916755603
6450,0.0,21.580547112462007
6500,0.0,25.36162005785921
6550,0.0,28.794848206071755
6600,0.0,31.926121372031663
6650,0.0,34.793597304128056
6700,0.0,37.429264349232014
6750,0.0,39.86013986013986
