30,97.06532959740451,2.9346704025954873,0.5691519635742743
60,95.28093201592685,4.7190679840731455,0.5501802314551318
100,92.90665093644004,7.0933490635599465,0.4932650350977045
200,86.99306886889839,13.006931131101606,0.474293302978562
300,81.19746350095855,18.802536499041437,0.474293302978562
400,75.40185813301873,24.598141866981273,0.4553215708594195
500,69.56201150272821,30.43798849727179,0.4553215708594195
600,63.722164872437695,36.277835127562305,0.4553215708594195
700,57.867571154696954,42.13242884530305,0.474293302978562
800,52.05721869930689,47.94278130069311,0.398406374501992
900,46.26161333136706,53.73838666863294,0.3604629102637071
1000,40.51024922577791,59.489750774222095,0.30354771390627966
1100,46.202624981566146,53.797375018433854,0.2656042496679947
1200,41.82274000884825,58.17725999115175,0.2656042496679947
1300,37.44285503613036,62.55714496386964,0.2656042496679947
1400,20.778646217372067,79.22135378262793,0.15177385695313983
