250,6.0,15.74468085106383
500,4.3999999999999995,58.174097664543524
750,0.0,72.67683772538142
1000,3.2,79.54070981210856
1250,6.4,83.59966358284272
1500,31.6,91.47058823529412
1750,42.0,99.89406779661016
2000,0.0,99.91624790619765
2250,0.0,99.9185667752443
2500,0.0,82.29842446709917
2750,6.800000000000001,86.73780487804879
3000,70.39999999999999,99.92229992229991
3250,10.8,99.80099502487563
3500,0.0,99.8406374501992
3750,0.8,99.92313604919293
4000,3.2,84.5528455284553
4250,56.39999999999999,96.34055265123226
4500,22.0,99.8896247240618
4750,0.0,99.91349480968859
5000,1.6,99.92156862745098
5250,1.2,85.47387068201948
5500,20.4,90.96385542168674
5750,60.4,99.9236641221374
6000,0.8,99.90645463049579
6250,4.0,99.90791896869244
6500,0.4,98.35748792270532
6750,0.0,98.67704280155642
