250,6.0,100.0
500,4.3999999999999995,37.07627118644068
750,0.0,58.86426592797784
1000,4.0,69.34306569343066
1250,6.4,75.3781512605042
1500,32.0,84.33823529411765
1750,78.4,99.89406779661016
2000,0.0,99.91624790619765
2250,0.0,99.9185667752443
2500,0.0,73.05555555555556
2750,7.199999999999999,79.1920731707317
3000,99.6,98.09596344249809
3250,21.2,99.80099502487563
3500,0.0,99.8406374501992
3750,0.8,99.92313604919293
4000,3.2,78.4727863525589
4250,56.8,90.81404032860344
4500,61.199999999999996,99.8896247240618
4750,0.0,99.91349480968859
5000,1.6,99.92156862745098
5250,1.2,85.39823008849558
5500,20.8,90.96385542168674
5750,99.2,99.9244142101285
6000,1.2,99.90645463049579
6250,4.3999999999999995,99.90791896869244
6500,0.4,98.26254826254826
6750,0.0,98.60031104199068
