50,10.0,0.0
100,2.0,0.0
150,6.0,0.0
200,0.0,0.0
250,12.0,0.0
300,6.0,0.0
350,18.0,0.0
400,0.0,0.0
450,0.0,0.0
500,0.0,0.0
550,0.0,0.0
600,0.0,0.0
650,0.0,0.0
700,0.0,0.0
750,0.0,0.0
800,6.0,0.0
850,4.0,0.0
900,8.0,0.0
950,0.0,0.0
1000,2.0,0.0
1050,16.0,0.0
1100,10.0,0.0
1150,8.0,0.0
1200,0.0,0.0
1250,0.0,0.0
1300,0.0,0.0
1350,0.0,0.0
1400,0.0,4.38335809806835
1450,72.0,8.014705882352942
1500,100.0,11.691176470588236
1550,100.0,15.36764705882353
1600,100.0,19.044117647058822
1650,100.0,22.720588235294116
1700,100.0,26.397058823529413
1750,100.0,30.073529411764703
1800,100.0,33.75
1850,100.0,37.4264705882353
1900,100.0,41.10294117647059
1950,100.0,44.779411764705884
2000,100.0,48.455882352941174
2050,100.0,52.13235294117647
2100,100.0,55.80882352941177
2150,100.0,59.48529411764706
2200,100.0,63.16176470588235
2250,100.0,66.83823529411764
2300,100.0,70.51470588235294
2350,100.0,74.19117647058823
2400,100.0,77.86764705882354
2450,100.0,81.54411764705883
2500,100.0,85.22058823529412
2550,100.0,88.8970588235294
2600,100.0,92.57352941176471
2650,100.0,96.25
2700,6.0,99.92383853769992
2750,48.0,2.8963414634146343
2800,100.0,6.707317073170732
2850,100.0,10.518292682926829
2900,100.0,14.329268292682926
2950,100.0,18.140243902439025
3000,98.0,21.782178217821784
3050,94.0,0.22813688212927757
3100,92.0,3.790750568612585
3150,64.0,2.6986506746626686
3200,100.0,6.446776611694154
3250,100.0,10.194902548725636
3300,100.0,13.943028485757122
3350,100.0,17.691154422788603
3400,100.0,21.43928035982009
3450,100.0,25.187406296851574
3500,100.0,28.93553223388306
3550,100.0,32.68365817091454
3600,100.0,36.43178410794602
3650,100.0,40.17991004497751
3700,100.0,43.92803598200899
3750,100.0,47.676161919040474
3800,98.0,51.08614232209738
3850,96.0,3.293413173652695
3900,100.0,7.0359281437125745
3950,100.0,10.778443113772456
4000,100.0,14.520958083832337
4050,100.0,18.263473053892216
4100,52.0,22.42562929061785
4150,0.0,26.239511823035848
4200,0.0,30.05339435545385
4250,0.0,33.86727688787185
4300,12.0,1.520912547528517
4350,0.0,5.323193916349809
4400,0.0,9.146341463414634
4450,0.0,13.147718484145399
4500,0.0,17.014694508894046
4550,0.0,20.88167053364269
4600,0.0,24.74864655839134
4650,0.0,28.61562258313998
4700,0.0,32.48259860788863
4750,0.0,36.34957463263728
4800,0.0,40.21655065738592
4850,0.0,44.08352668213457
4900,0.0,47.95050270688322
4950,0.0,51.81747873163186
5000,6.0,55.32407407407407
5050,6.0,3.7779491133384733
5100,0.0,7.638888888888889
5150,0.0,11.505791505791505
5200,0.0,15.366795366795365
5250,0.0,19.227799227799228
5300,0.0,23.08880308880309
5350,0.0,26.94980694980695
5400,0.0,30.810810810810814
5450,0.0,34.67181467181467
5500,14.000000000000002,2.5384615384615383
5550,8.0,6.086286594761171
5600,0.0,9.969088098918084
5650,0.0,13.833075734157651
5700,0.0,17.697063369397217
5750,0.0,21.561051004636784
5800,0.0,25.42503863987635
5850,0.0,29.28902627511592
5900,0.0,33.15301391035549
5950,0.0,37.01700154559505
6000,0.0,40.88098918083462
6050,0.0,44.744976816074185
6100,0.0,48.34742505764796
6150,56.00000000000001,51.32275132275132
6200,96.0,0.37735849056603776
6250,92.0,1.1286681715575622
6300,100.0,4.890895410082769
6350,100.0,8.653122648607976
6400,100.0,12.452830188679245
6450,100.0,16.22641509433962
6500,100.0,20.0
6550,100.0,23.77358490566038
6600,100.0,27.547169811320753
6650,100.0,31.32075471698113
6700,100.0,35.094339622641506
6750,100.0,38.86792452830189
