50,10.0,0.0
100,2.0,0.0
150,6.0,0.0
200,0.0,0.0
250,12.0,0.0
300,6.0,0.0
350,18.0,0.0
400,0.0,0.0
450,0.0,0.0
500,0.0,0.0
550,0.0,0.0
600,0.0,0.0
650,0.0,4.654895666131622
700,0.0,11.738484398216938
750,0.0,17.842323651452283
800,6.0,2.600780234070221
850,4.0,8.32313341493268
900,8.0,4.413472706155633
950,0.0,9.659714599341383
1000,2.0,14.270833333333332
1050,16.0,3.796203796203796
1100,10.0,7.934990439770555
1150,6.0,4.491292392300641
1200,0.0,8.676599474145487
1250,0.0,12.510495382031905
1300,0.0,16.035455278001614
1350,0.0,19.287374128582492
1400,0.0,22.296793437733033
1450,62.0,25.66176470588235
1500,100.0,29.33823529411765
1550,100.0,33.01470588235294
1600,100.0,36.69117647058823
1650,100.0,40.36764705882353
1700,100.0,44.044117647058826
1750,100.0,47.72058823529412
1800,100.0,51.397058823529406
1850,100.0,55.07352941176471
1900,100.0,58.75
1950,100.0,62.4264705882353
2000,68.0,66.51785714285714
2050,0.0,72.90996784565917
2100,0.0,70.09273570324575
2150,0.0,71.7219589257504
2200,0.0,68.9969604863222
2250,0.0,74.1042345276873
2300,0.0,71.20500782472612
2350,0.0,25.82461786001609
2400,0.0,24.903325599381283
2450,0.0,31.328806983511154
2500,0.0,29.78723404255319
2550,0.0,28.293545534924846
2600,0.0,27.095681625740898
2650,0.0,25.995125913891144
2700,0.0,24.902419984387198
2750,38.0,25.76219512195122
2800,100.0,29.573170731707314
2850,100.0,33.38414634146341
2900,100.0,37.19512195121951
2950,100.0,41.006097560975604
3000,98.0,44.630616907844626
3050,94.0,0.22796352583586624
3100,92.0,3.787878787878788
3150,66.0,2.694610778443114
3200,100.0,6.437125748502994
3250,100.0,10.179640718562874
3300,100.0,13.922155688622754
3350,100.0,17.664670658682635
3400,46.0,23.23314378554021
3450,0.0,26.229508196721312
3500,0.0,29.000751314800898
3550,2.0,33.3843797856049
3600,4.0,39.60880195599022
3650,0.0,41.973375097885665
3700,0.0,44.15975885455916
3750,2.0,48.88547271329746
3800,10.0,65.83011583011583
3850,6.0,4.066543438077634
3900,0.0,8.303886925795052
3950,0.0,12.18274111675127
4000,0.0,15.746753246753247
4050,0.0,19.03276131045242
4100,0.0,22.07207207207207
4150,86.0,25.690814040328604
4200,100.0,29.424943988050785
4250,100.0,33.159073935772966
4300,90.0,1.4892032762472078
4350,100.0,5.212211466865227
4400,98.0,8.941877794336811
4450,98.0,12.686567164179104
4500,98.0,16.666666666666664
4550,100.0,20.454545454545457
4600,100.0,24.242424242424242
4650,100.0,28.030303030303028
4700,100.0,31.818181818181817
4750,12.0,0.7305194805194805
4800,0.0,0.702028081123245
4850,2.0,0.7159904534606205
4900,0.0,0.6885998469778117
4950,4.0,0.7328990228013029
5000,6.0,0.7058823529411765
5050,6.0,0.7228915662650602
5100,0.0,0.7722007722007722
5150,2.0,1.066925315227934
5200,0.0,0.9250693802035153
5250,0.0,0.8841732979664014
5300,0.0,0.8467400508044031
5350,0.0,0.8123476848090982
5400,0.0,0.78064012490242
5450,18.0,1.4383043149129449
5500,88.0,2.48868778280543
5550,100.0,5.966767371601208
5600,100.0,9.743202416918429
5650,100.0,13.560606060606062
5700,100.0,17.348484848484848
5750,98.0,21.152388172858224
5800,100.0,24.94313874147081
5850,100.0,28.7338893100834
5900,100.0,32.52463987869598
5950,100.0,36.315390447308566
6000,100.0,40.10614101592115
6050,92.0,63.62637362637362
6100,0.0,65.52083333333333
6150,0.0,67.22772277227723
6200,6.0,0.4789272030651341
6250,16.0,1.9059720457433291
6300,0.0,7.765830346475508
6350,0.0,12.965050732807216
6400,0.0,17.6093916755603
6450,0.0,21.580547112462007
6500,0.0,25.36162005785921
6550,0.0,28.794848206071755
6600,0.0,31.926121372031663
6650,0.0,34.793597304128056
6700,0.0,37.429264349232014
6750,0.0,39.86013986013986
