50,10.0,0.0
100,2.0,0.0
150,6.0,0.0
200,0.0,0.0
250,12.0,0.0
300,6.0,0.0
350,18.0,0.0
400,0.0,0.0
450,0.0,0.0
500,0.0,0.0
550,0.0,0.0
600,0.0,0.0
650,0.0,0.0
700,0.0,0.0
750,0.0,0.0
800,6.0,0.0
850,4.0,3.1784841075794623
900,8.0,4.640371229698376
950,0.0,9.868421052631579
1000,2.0,14.464099895941725
1050,16.0,3.792415169660679
1100,10.0,7.927411652340019
1150,8.0,4.487179487179487
1200,0.0,8.669001751313484
1250,0.0,12.5
1300,0.0,16.022544283413847
1350,0.0,19.272445820433436
1400,0.0,22.280178837555887
1450,64.0,25.66176470588235
1500,100.0,29.33823529411765
1550,100.0,33.01470588235294
1600,100.0,36.69117647058823
1650,100.0,40.36764705882353
1700,100.0,44.044117647058826
1750,100.0,47.72058823529412
1800,100.0,51.397058823529406
1850,100.0,55.07352941176471
1900,100.0,58.75
1950,100.0,62.4264705882353
2000,100.0,66.10294117647058
2050,100.0,69.77941176470588
2100,100.0,73.45588235294119
2150,100.0,77.13235294117648
2200,54.0,81.89977561705311
2250,0.0,90.39087947882736
2300,0.0,86.85446009389672
2350,0.0,89.30008045052293
2400,0.0,85.92420726991493
2450,0.0,20.73643410852713
2500,0.0,19.77818853974122
2550,0.0,18.90459363957597
2600,0.0,18.02030456852792
2650,0.0,17.20779220779221
2700,0.0,16.536661466458657
2750,40.0,17.682926829268293
2800,100.0,21.49390243902439
2850,100.0,25.304878048780488
2900,100.0,29.115853658536583
2950,100.0,32.926829268292686
3000,98.0,36.55750190403656
3050,94.0,0.22813688212927757
3100,92.0,3.790750568612585
3150,64.0,2.696629213483146
3200,100.0,6.441947565543071
3250,100.0,10.187265917602996
3300,100.0,13.93258426966292
3350,100.0,17.677902621722847
3400,100.0,21.423220973782772
3450,100.0,25.168539325842698
3500,100.0,28.91385767790262
3550,100.0,32.634730538922156
3600,46.0,39.44580277098614
3650,0.0,41.8167580266249
3700,0.0,44.00904295403165
3750,2.0,48.73174481168332
3800,10.0,65.57377049180327
3850,6.0,4.062788550323177
3900,0.0,8.296557811120918
3950,0.0,12.172442941673712
4000,0.0,15.73398215733982
4050,0.0,19.01792673421668
4100,0.0,22.05551387846962
4150,88.0,25.710014947683106
4200,100.0,29.446935724962632
4250,100.0,33.18385650224215
4300,90.0,1.4903129657228018
4350,100.0,5.216095380029806
4400,98.0,8.955223880597014
4450,100.0,12.696041822255413
4500,98.0,16.67930250189538
4550,100.0,20.47005307050796
4600,100.0,24.260803639120546
4650,100.0,28.051554207733133
4700,100.0,31.842304776345713
4750,100.0,35.6330553449583
4800,100.0,39.42380591357089
4850,100.0,43.214556482183475
4900,98.0,47.040971168437025
4950,8.0,0.9674582233948988
5000,6.0,0.9290540540540541
5050,6.0,1.1789924973204717
5100,0.0,1.120162932790224
5150,0.0,1.066925315227934
5200,0.0,1.0175763182238668
5250,0.0,0.9725906277630416
5300,0.0,0.9314140558848433
5350,0.0,0.8935824532900082
5400,0.0,0.858704137392662
5450,18.0,1.5197568389057752
5500,88.0,2.498107494322483
5550,8.0,5.9893858984078845
5600,0.0,9.78013646702047
5650,52.0,13.612167300380229
5700,100.0,17.41444866920152
5750,100.0,21.216730038022813
5800,100.0,25.019011406844104
5850,100.0,28.8212927756654
5900,100.0,32.623574144486696
5950,100.0,36.42585551330799
6000,100.0,40.22813688212928
6050,100.0,44.03041825095057
6100,100.0,47.579425113464445
6150,100.0,51.32275132275132
6200,96.0,0.37735849056603776
6250,92.0,1.1286681715575622
6300,26.0,5.1020408163265305
6350,0.0,8.685800604229607
6400,2.0,1.1320754716981132
6450,0.0,4.905660377358491
6500,2.0,8.679245283018867
6550,0.0,12.452830188679245
6600,0.0,16.22641509433962
6650,0.0,20.0
6700,0.0,23.77358490566038
6750,0.0,27.547169811320753
