30,97.06532959740451,2.9346704025954873
60,95.28093201592685,4.7190679840731455
100,92.90665093644004,7.0933490635599465
200,86.99306886889839,13.006931131101606
300,81.19746350095855,18.802536499041437
400,75.46084648281965,24.539153517180356
500,69.6062527650789,30.393747234921104
600,63.766406134788376,36.233593865211624
700,57.89706532959741,42.1029346704026
800,53.88585754313523,46.11414245686477
900,46.24686624391683,53.75313375608317
1000,50.00737354372511,49.992626456274884
1100,60.241852234183746,39.75814776581625
1200,55.861967261465864,44.138032738534136
1300,51.482082288747975,48.51791771125203
1400,20.778646217372067,79.22135378262793
