250,0.0
500,0.0
750,0.0
1000,0.0
1250,0.0
1500,0.0
1750,0.0
2000,0.0
2250,1.2
2500,0.0
2750,0.0
3000,0.0
3250,0.0
3500,0.0
3750,0.0
4000,0.0
4250,1.2
4500,0.0
4750,0.0
5000,0.0
5250,0.0
5500,0.0
5750,0.0
6000,0.0
6250,1.2
6500,0.0
6750,0.0
7000,0.0
7250,0.0
7500,0.0
7750,0.0
8000,0.0
8250,1.2
8500,0.0
8750,0.0
9000,0.0
9250,0.0
9500,0.0
9750,0.0
10000,0.0
10250,1.2
10500,0.0
10750,0.0
11000,0.0
11250,0.0
11500,0.0
11750,0.0
12000,0.0
12250,1.2
12500,0.0
12750,0.0
13000,0.0
13250,0.0
13500,0.0
13750,0.0
14000,0.0
14250,1.2
14500,0.0
14750,0.0
15000,0.0
15250,0.0
15500,0.0
15750,0.0
16000,0.0
16250,1.2
16500,0.0
16750,0.0
17000,0.0
17250,0.0
17500,0.0
17750,0.0
18000,0.0
18250,1.2
18500,0.0
18750,0.0
19000,0.0
19250,0.0
19500,0.0
19750,0.0
20000,0.0
20250,1.2
20500,0.0
20750,0.0
21000,0.0
21250,0.0
21500,0.0
21750,0.0
22000,0.0
22250,1.2
22500,0.0
22750,0.0
23000,0.0
23250,0.0
23500,0.0
23750,0.0
24000,0.0
24250,1.2
24500,0.0
24750,0.0
25000,0.0
25250,0.0
25500,0.0
25750,0.0
26000,0.0
26250,1.2
26500,0.0
26750,0.0
27000,0.0
27250,0.0
27500,0.0
27750,0.0
28000,0.0
28250,1.2
28500,0.0
28750,0.0
29000,0.0
29250,0.0
29500,0.0
29750,0.0
30000,0.0
30250,1.2
30500,0.0
30750,0.0
31000,0.0
31250,0.0
31500,0.0
31750,0.0
32000,0.0
32250,1.2
32500,0.0
32750,0.0
33000,0.0
33250,0.0
33500,0.0
33750,0.0
34000,0.0
34250,1.2
34500,0.0
34750,0.0
35000,0.0
35250,0.0
35500,0.0
35750,0.0
36000,0.0
36250,1.2
36500,0.0
36750,0.0
37000,0.0
37250,0.0
37500,0.0
37750,0.0
38000,0.0
38250,1.2
38500,0.0
38750,0.0
39000,0.0
39250,0.0
39500,0.0
39750,0.0
40000,0.0
40250,1.2
40500,0.0
40750,0.0
41000,0.0
41250,0.0
41500,0.0
41750,0.0
42000,0.0
42250,1.2
42500,0.0
42750,0.0
43000,0.0
43250,0.0
43500,0.0
43750,0.0
44000,0.0
44250,1.2
44500,0.0
44750,0.0
45000,0.0
45250,0.0
45500,0.0
45750,0.0
46000,0.0
46250,1.2
46500,0.0
46750,0.0
47000,0.0
47250,0.0
47500,0.0
47750,0.0
48000,0.0
48250,1.2
48500,0.0
48750,0.0
49000,0.0
49250,0.0
49500,0.0
49750,0.0
50000,0.0
50250,1.2
50500,0.0
50750,0.0
51000,0.0
51250,0.0
51500,0.0
51750,0.0
52000,0.0
52250,22.0
52500,42.8
52750,49.6
53000,52.800000000000004
53250,51.6
53500,50.8
53750,51.2
54000,52.800000000000004
54250,52.400000000000006
54500,52.0
54750,51.2
55000,50.4
55250,50.8
55500,52.0
55750,50.4
56000,51.2
56250,52.400000000000006
56500,50.0
56750,51.6
57000,52.0
57250,52.0
57500,52.400000000000006
57750,50.8
58000,51.6
58250,51.2
58500,51.2
58750,50.0
59000,51.2
59250,50.8
59500,51.2
59750,51.2
60000,52.400000000000006
60250,52.0
60500,50.8
60750,50.8
61000,50.8
61250,51.2
61500,50.4
61750,50.4
62000,51.2
62250,51.6
62500,50.8
62750,51.6
63000,50.8
63250,52.400000000000006
63500,52.400000000000006
63750,54.0
64000,50.4
64250,51.6
64500,51.6
64750,51.2
65000,52.0
65250,52.400000000000006
65500,52.800000000000004
65750,51.6
66000,53.2
66250,53.6
66500,53.2
66750,52.0
67000,50.8
67250,52.800000000000004
67500,52.0
67750,52.0
68000,52.400000000000006
68250,51.2
68500,51.6
68750,50.0
69000,51.6
69250,52.0
69500,52.800000000000004
69750,50.4
70000,50.8
70250,51.6
70500,52.800000000000004
70750,50.8
71000,50.8
71250,52.400000000000006
71500,52.400000000000006
71750,51.2
72000,51.6
72250,51.6
72500,50.4
72750,50.8
73000,50.8
73250,52.0
73500,51.6
73750,52.0
74000,51.2
74250,52.0
74500,52.0
74750,50.8
75000,52.400000000000006
75250,52.0
75500,52.0
75750,53.2
76000,52.0
76250,52.800000000000004
76500,51.6
76750,50.8
77000,52.400000000000006
77250,53.6
77500,50.0
77750,51.2
78000,51.6
78250,51.2
78500,50.8
78750,52.400000000000006
79000,52.400000000000006
79250,53.6
79500,51.2
79750,51.6
80000,52.400000000000006
80250,51.6
80500,50.8
80750,51.6
81000,50.8
81250,52.0
81500,51.6
81750,52.0
82000,51.6
82250,52.400000000000006
82500,52.800000000000004
82750,52.400000000000006
83000,51.6
83250,50.8
83500,52.800000000000004
83750,52.400000000000006
84000,52.0
84250,52.0
84500,52.800000000000004
84750,52.0
85000,52.400000000000006
85250,52.400000000000006
85500,52.0
85750,51.6
86000,50.8
86250,51.6
86500,52.400000000000006
86750,52.400000000000006
87000,51.6
87250,50.8
87500,52.0
87750,51.6
88000,51.6
88250,54.0
88500,50.8
88750,51.6
89000,52.400000000000006
89250,52.0
89500,52.0
89750,53.2
90000,52.800000000000004
90250,51.6
90500,51.2
90750,51.2
91000,51.2
91250,53.6
91500,52.400000000000006
91750,51.6
92000,51.2
92250,50.4
92500,52.800000000000004
92750,51.6
93000,51.2
93250,52.800000000000004
93500,52.800000000000004
93750,54.400000000000006
94000,52.800000000000004
94250,51.6
94500,51.6
94750,52.0
95000,53.2
95250,53.2
95500,53.2
95750,52.400000000000006
96000,50.8
96250,51.2
96500,51.2
96750,52.400000000000006
97000,51.6
97250,51.6
97500,52.0
97750,50.8
98000,51.6
98250,52.800000000000004
98500,52.0
98750,52.0
99000,51.6
99250,51.2
99500,50.8
99750,52.0
100000,51.6
100250,50.8
100500,50.8
100750,52.0
101000,51.2
101250,50.8
101500,52.800000000000004
101750,51.6
102000,50.8
102250,52.400000000000006
102500,50.8
102750,51.6
103000,52.800000000000004
103250,50.0
103500,50.8
103750,54.0
104000,52.400000000000006
104250,52.0
104500,51.2
104750,52.800000000000004
105000,53.6
105250,52.400000000000006
105500,52.800000000000004
105750,52.0
106000,51.6
106250,51.6
106500,51.6
106750,51.6
107000,53.2
107250,51.2
107500,52.800000000000004
107750,50.4
108000,52.800000000000004
108250,51.2
108500,52.400000000000006
108750,52.400000000000006
109000,53.2
109250,53.2
109500,50.8
109750,52.0
110000,51.2
110250,53.2
110500,53.2
110750,52.800000000000004
111000,52.400000000000006
111250,53.2
111500,52.0
111750,51.2
112000,51.6
112250,52.0
112500,50.8
112750,53.2
113000,53.2
113250,51.6
113500,50.8
113750,52.0
114000,52.400000000000006
114250,52.800000000000004
114500,52.400000000000006
114750,53.2
115000,51.6
115250,53.6
115500,52.400000000000006
115750,51.6
116000,50.8
116250,51.2
116500,51.6
116750,50.4
117000,51.2
117250,52.0
117500,51.6
117750,52.0
118000,51.2
118250,51.2
118500,51.2
118750,53.2
119000,52.0
119250,51.2
119500,52.800000000000004
119750,52.0
120000,51.2
120250,50.8
120500,52.0
120750,52.0
121000,51.2
121250,51.6
121500,52.0
121750,52.400000000000006
122000,51.2
122250,54.0
122500,51.6
122750,53.2
123000,50.8
123250,51.2
123500,52.800000000000004
123750,52.0
124000,52.400000000000006
124250,52.0
124500,51.6
124750,53.2
125000,52.800000000000004
125250,50.0
125500,54.0
125750,50.8
126000,52.800000000000004
126250,52.0
126500,51.6
126750,50.4
127000,51.6
127250,52.0
127500,51.2
127750,51.6
128000,50.8
128250,50.8
128500,52.800000000000004
128750,50.8
129000,52.0
129250,51.2
129500,51.6
129750,52.800000000000004
130000,50.8
130250,51.6
130500,51.6
130750,53.2
131000,52.400000000000006
131250,51.6
131500,50.4
131750,52.800000000000004
132000,52.0
132250,51.6
132500,51.2
132750,51.6
133000,52.400000000000006
133250,51.6
133500,51.6
133750,53.2
134000,50.4
134250,50.4
134500,51.6
134750,50.4
135000,52.800000000000004
135250,51.6
135500,51.6
135750,51.2
136000,52.400000000000006
136250,51.6
136500,52.800000000000004
136750,52.800000000000004
137000,51.6
137250,51.6
137500,50.8
137750,51.6
138000,53.6
138250,52.800000000000004
138500,51.2
138750,51.2
139000,51.2
139250,51.2
139500,52.400000000000006
139750,51.2
140000,52.400000000000006
140250,51.2
140500,52.0
140750,50.8
141000,51.6
141250,51.6
141500,51.2
141750,51.2
142000,50.4
142250,52.0
142500,51.2
142750,52.0
143000,51.6
143250,53.2
143500,52.0
143750,51.6
144000,53.2
144250,52.400000000000006
144500,51.2
144750,52.0
145000,52.0
145250,53.2
145500,50.0
145750,51.6
146000,51.6
146250,52.400000000000006
146500,50.8
146750,50.4
147000,52.400000000000006
147250,51.2
147500,51.6
147750,51.6
148000,50.8
148250,52.0
148500,50.8
148750,52.0
149000,52.0
149250,52.0
149500,52.400000000000006
149750,52.400000000000006
150000,52.400000000000006
150250,51.2
150500,52.400000000000006
150750,52.800000000000004
151000,50.4
151250,51.6
151500,51.2
151750,52.0
152000,51.6
