250,0.0
500,0.0
750,0.0
1000,0.0
1250,0.0
1500,0.0
1750,0.0
2000,0.0
2250,0.4
2500,0.0
2750,0.0
3000,0.0
3250,0.0
3500,0.0
3750,0.0
4000,0.0
4250,0.4
4500,0.0
4750,0.0
5000,0.0
5250,0.0
5500,0.0
5750,0.0
6000,0.0
6250,0.4
6500,0.0
6750,0.0
7000,0.0
7250,0.0
7500,0.0
7750,0.0
8000,0.0
8250,0.4
8500,0.0
8750,0.0
9000,0.0
9250,0.0
9500,0.0
9750,0.0
10000,0.0
10250,0.4
10500,0.0
10750,0.0
11000,0.0
11250,0.0
11500,0.0
11750,0.0
12000,0.0
12250,0.4
12500,0.0
12750,0.0
13000,0.0
13250,0.0
13500,0.0
13750,0.0
14000,0.0
14250,0.4
14500,0.0
14750,0.0
15000,0.0
15250,0.0
15500,0.0
15750,0.0
16000,0.0
16250,0.4
16500,0.0
16750,0.0
17000,0.0
17250,0.0
17500,0.0
17750,0.0
18000,0.0
18250,0.4
18500,0.0
18750,0.0
19000,0.0
19250,0.0
19500,0.0
19750,0.0
20000,0.0
20250,0.4
20500,0.0
20750,0.0
21000,0.0
21250,0.0
21500,0.0
21750,0.0
22000,0.0
22250,0.4
22500,0.0
22750,0.0
23000,0.0
23250,0.0
23500,0.0
23750,0.0
24000,0.0
24250,0.4
24500,0.0
24750,0.0
25000,0.0
25250,0.0
25500,0.0
25750,0.0
26000,0.0
26250,0.4
26500,0.0
26750,0.0
27000,0.0
27250,0.0
27500,0.0
27750,0.0
28000,0.0
28250,0.4
28500,0.0
28750,0.0
29000,0.0
29250,0.0
29500,0.0
29750,0.0
30000,0.0
30250,0.4
30500,0.0
30750,0.0
31000,0.0
31250,0.0
31500,0.0
31750,0.0
32000,0.0
32250,0.4
32500,0.0
32750,0.0
33000,0.0
33250,0.0
33500,0.0
33750,0.0
34000,0.0
34250,0.4
34500,0.0
34750,0.0
35000,0.0
35250,0.0
35500,0.0
35750,0.0
36000,0.0
36250,0.4
36500,0.0
36750,0.0
37000,0.0
37250,0.0
37500,0.0
37750,0.0
38000,0.0
38250,0.4
38500,0.0
38750,0.0
39000,0.0
39250,0.0
39500,0.0
39750,0.0
40000,0.0
40250,0.4
40500,0.0
40750,0.0
41000,0.0
41250,0.0
41500,0.0
41750,0.0
42000,0.0
42250,0.4
42500,0.0
42750,0.0
43000,0.0
43250,0.0
43500,0.0
43750,0.0
44000,0.0
44250,0.4
44500,0.0
44750,0.0
45000,0.0
45250,0.0
45500,0.0
45750,0.0
46000,0.0
46250,0.4
46500,0.0
46750,0.0
47000,0.0
47250,0.0
47500,0.0
47750,0.0
48000,0.0
48250,0.4
48500,0.0
48750,0.0
49000,0.0
49250,0.0
49500,0.0
49750,0.0
50000,0.0
50250,0.4
50500,0.0
50750,0.0
51000,0.0
51250,0.0
51500,0.0
51750,0.0
52000,0.0
52250,20.8
52500,33.6
52750,42.0
53000,44.800000000000004
53250,43.6
53500,47.599999999999994
53750,45.2
54000,46.400000000000006
54250,45.6
54500,43.6
54750,43.2
55000,44.800000000000004
55250,45.2
55500,43.6
55750,44.800000000000004
56000,46.400000000000006
56250,43.6
56500,42.8
56750,43.6
57000,45.2
57250,45.2
57500,46.0
57750,46.800000000000004
58000,45.2
58250,47.599999999999994
58500,46.0
58750,43.2
59000,46.0
59250,44.800000000000004
59500,44.4
59750,43.6
60000,44.800000000000004
60250,47.199999999999996
60500,46.400000000000006
60750,45.2
61000,47.599999999999994
61250,47.599999999999994
61500,47.199999999999996
61750,44.0
62000,44.0
62250,45.2
62500,44.800000000000004
62750,46.400000000000006
63000,46.400000000000006
63250,45.6
63500,41.6
63750,42.4
64000,46.400000000000006
64250,48.4
64500,47.199999999999996
64750,47.199999999999996
65000,43.2
65250,46.800000000000004
65500,44.800000000000004
65750,43.2
66000,45.2
66250,45.2
66500,44.4
66750,44.4
67000,44.0
67250,43.6
67500,43.6
67750,44.4
68000,45.6
68250,45.6
68500,45.6
68750,46.0
69000,45.2
69250,46.400000000000006
69500,46.400000000000006
69750,48.4
70000,45.2
70250,45.6
70500,42.8
70750,45.2
71000,45.2
71250,46.800000000000004
71500,42.4
71750,43.2
72000,46.400000000000006
72250,48.0
72500,45.6
72750,44.4
73000,45.6
73250,46.0
73500,46.400000000000006
73750,45.2
74000,43.6
74250,42.4
74500,41.6
74750,47.199999999999996
75000,45.2
75250,46.0
75500,45.6
75750,44.4
76000,43.2
76250,44.800000000000004
76500,45.2
76750,44.0
77000,46.0
77250,39.6
77500,44.800000000000004
77750,46.0
78000,47.199999999999996
78250,44.4
78500,46.0
78750,47.199999999999996
79000,44.800000000000004
79250,45.6
79500,46.0
79750,42.8
80000,41.6
80250,41.6
80500,45.6
80750,45.2
81000,47.199999999999996
81250,46.0
81500,45.6
81750,45.2
82000,45.2
82250,46.0
82500,48.8
82750,48.4
83000,46.0
83250,46.0
83500,47.599999999999994
83750,45.6
84000,43.6
84250,43.6
84500,44.0
84750,44.4
85000,46.0
85250,42.0
85500,44.800000000000004
85750,45.2
86000,46.400000000000006
86250,46.400000000000006
86500,44.800000000000004
86750,44.4
87000,45.2
87250,45.6
87500,45.6
87750,44.4
88000,46.400000000000006
88250,44.0
88500,45.2
88750,47.599999999999994
89000,43.6
89250,47.199999999999996
89500,45.6
89750,44.0
90000,46.0
90250,43.2
90500,44.800000000000004
90750,42.4
91000,42.8
91250,42.4
91500,45.2
91750,45.2
92000,46.400000000000006
92250,47.199999999999996
92500,46.400000000000006
92750,45.6
93000,44.800000000000004
93250,43.6
93500,47.599999999999994
93750,45.6
94000,46.0
94250,46.800000000000004
94500,44.4
94750,45.2
95000,42.4
95250,44.800000000000004
95500,46.0
95750,47.599999999999994
96000,42.0
96250,43.2
96500,46.400000000000006
96750,46.0
97000,46.0
97250,45.6
97500,46.400000000000006
97750,45.6
98000,44.0
98250,40.0
98500,42.0
98750,44.4
99000,44.4
99250,42.8
99500,42.4
99750,46.400000000000006
100000,44.0
100250,44.0
100500,43.2
100750,41.6
101000,41.6
101250,44.800000000000004
101500,43.2
101750,46.800000000000004
102000,47.199999999999996
102250,46.0
102500,46.800000000000004
102750,47.599999999999994
103000,44.800000000000004
103250,42.4
103500,44.4
103750,46.800000000000004
104000,43.6
104250,45.2
104500,44.800000000000004
104750,44.0
105000,45.6
105250,41.6
105500,42.0
105750,44.800000000000004
106000,42.8
106250,46.0
106500,44.4
106750,45.6
107000,44.800000000000004
107250,43.6
107500,46.400000000000006
107750,46.400000000000006
108000,46.0
108250,45.6
108500,45.6
108750,47.199999999999996
109000,46.0
109250,45.2
109500,45.2
109750,46.400000000000006
110000,46.400000000000006
110250,46.400000000000006
110500,44.800000000000004
110750,46.0
111000,42.8
111250,44.800000000000004
111500,44.800000000000004
111750,45.6
112000,45.6
112250,45.2
112500,44.800000000000004
112750,44.4
113000,43.2
113250,44.0
113500,44.4
113750,42.0
114000,41.6
114250,44.0
114500,46.400000000000006
114750,44.800000000000004
115000,44.800000000000004
115250,45.2
115500,42.8
115750,43.6
116000,42.4
116250,45.2
116500,45.6
116750,45.2
117000,43.2
117250,46.800000000000004
117500,44.4
117750,42.0
118000,40.400000000000006
118250,45.6
118500,48.0
118750,45.6
119000,45.2
119250,42.8
119500,46.0
119750,46.0
120000,44.4
120250,45.2
120500,48.0
120750,44.0
121000,45.2
121250,46.800000000000004
121500,44.800000000000004
121750,44.0
122000,43.2
122250,41.6
122500,44.4
122750,42.8
123000,46.400000000000006
123250,44.0
123500,42.4
123750,45.6
124000,46.0
124250,46.0
124500,44.0
124750,46.800000000000004
125000,44.0
125250,43.6
125500,44.0
125750,46.0
126000,47.599999999999994
126250,44.4
126500,45.6
126750,45.6
127000,44.800000000000004
127250,47.199999999999996
127500,45.2
127750,42.8
128000,44.4
128250,46.0
128500,45.6
128750,45.6
129000,43.6
129250,46.0
129500,44.4
129750,44.800000000000004
130000,45.2
130250,47.199999999999996
130500,47.199999999999996
130750,45.6
131000,47.199999999999996
131250,45.2
131500,47.199999999999996
131750,45.2
132000,46.800000000000004
132250,47.599999999999994
132500,46.0
132750,46.400000000000006
133000,46.0
133250,43.2
133500,44.800000000000004
133750,46.0
134000,46.400000000000006
134250,44.800000000000004
134500,45.6
134750,44.4
135000,44.0
135250,44.800000000000004
135500,46.400000000000006
135750,46.800000000000004
136000,44.0
136250,44.800000000000004
136500,48.4
136750,44.4
137000,42.0
137250,41.6
137500,44.800000000000004
137750,45.2
138000,43.2
138250,48.4
138500,44.4
138750,43.6
139000,40.0
139250,45.6
139500,41.199999999999996
139750,43.2
140000,43.2
140250,45.2
140500,43.2
140750,44.0
141000,44.4
141250,46.800000000000004
141500,47.599999999999994
141750,45.6
142000,44.800000000000004
142250,46.800000000000004
142500,46.0
142750,47.199999999999996
143000,48.0
143250,46.400000000000006
143500,44.0
143750,44.4
144000,46.400000000000006
144250,41.199999999999996
144500,45.2
144750,44.800000000000004
145000,44.0
145250,43.6
145500,44.4
145750,46.400000000000006
146000,46.800000000000004
146250,48.0
146500,46.400000000000006
146750,45.2
147000,45.6
147250,44.800000000000004
147500,44.800000000000004
147750,48.0
148000,44.0
148250,44.800000000000004
148500,44.0
148750,45.6
149000,44.0
149250,43.6
149500,43.6
149750,46.0
150000,44.4
150250,46.0
150500,47.599999999999994
150750,43.2
151000,45.2
151250,44.800000000000004
151500,45.6
151750,47.199999999999996
152000,42.8
