250,0.0
500,0.0
750,0.0
1000,0.0
1250,0.0
1500,0.0
1750,0.0
2000,0.0
2250,0.4
2500,0.0
2750,0.0
3000,0.0
3250,0.0
3500,0.0
3750,0.0
4000,0.0
4250,0.4
4500,0.0
4750,0.0
5000,0.0
5250,0.0
5500,0.0
5750,0.0
6000,0.0
6250,0.4
6500,0.0
6750,0.0
7000,0.0
7250,0.0
7500,0.0
7750,0.0
8000,0.0
8250,0.4
8500,0.0
8750,0.0
9000,0.0
9250,0.0
9500,0.0
9750,0.0
10000,0.0
10250,0.4
10500,0.0
10750,0.0
11000,0.0
11250,0.0
11500,0.0
11750,0.0
12000,0.0
12250,0.4
12500,0.0
12750,0.0
13000,0.0
13250,0.0
13500,0.0
13750,0.0
14000,0.0
14250,0.4
14500,0.0
14750,0.0
15000,0.0
15250,0.0
15500,0.0
15750,0.0
16000,0.0
16250,0.4
16500,0.0
16750,0.0
17000,0.0
17250,0.0
17500,0.0
17750,0.0
18000,0.0
18250,0.4
18500,0.0
18750,0.0
19000,0.0
19250,0.0
19500,0.0
19750,0.0
20000,0.0
20250,0.4
20500,0.0
20750,0.0
21000,0.0
21250,0.0
21500,0.0
21750,0.0
22000,0.0
22250,0.4
22500,0.0
22750,0.0
23000,0.0
23250,0.0
23500,0.0
23750,0.0
24000,0.0
24250,0.4
24500,0.0
24750,0.0
25000,0.0
25250,0.0
25500,0.0
25750,0.0
26000,0.0
26250,0.4
26500,0.0
26750,0.0
27000,0.0
27250,0.0
27500,0.0
27750,0.0
28000,0.0
28250,0.4
28500,0.0
28750,0.0
29000,0.0
29250,0.0
29500,0.0
29750,0.0
30000,0.0
30250,0.4
30500,0.0
30750,0.0
31000,0.0
31250,0.0
31500,0.0
31750,0.0
32000,0.0
32250,0.4
32500,0.0
32750,0.0
33000,0.0
33250,0.0
33500,0.0
33750,0.0
34000,0.0
34250,0.4
34500,0.0
34750,0.0
35000,0.0
35250,0.0
35500,0.0
35750,0.0
36000,0.0
36250,0.4
36500,0.0
36750,0.0
37000,0.0
37250,0.0
37500,0.0
37750,0.0
38000,0.0
38250,0.4
38500,0.0
38750,0.0
39000,0.0
39250,0.0
39500,0.0
39750,0.0
40000,0.0
40250,0.4
40500,0.0
40750,0.0
41000,0.0
41250,0.0
41500,0.0
41750,0.0
42000,0.0
42250,0.4
42500,0.0
42750,0.0
43000,0.0
43250,0.0
43500,0.0
43750,0.0
44000,0.0
44250,0.4
44500,0.0
44750,0.0
45000,0.0
45250,0.0
45500,0.0
45750,0.0
46000,0.0
46250,0.4
46500,0.0
46750,0.0
47000,0.0
47250,0.0
47500,0.0
47750,0.0
48000,0.0
48250,0.4
48500,0.0
48750,0.0
49000,0.0
49250,0.0
49500,0.0
49750,0.0
50000,0.0
50250,0.4
50500,0.0
50750,0.0
51000,0.0
51250,0.0
51500,0.0
51750,0.0
52000,0.0
52250,20.8
52500,39.6
52750,44.800000000000004
53000,46.400000000000006
53250,48.0
53500,50.0
53750,47.599999999999994
54000,50.0
54250,48.4
54500,48.4
54750,49.2
55000,48.4
55250,48.4
55500,50.4
55750,50.0
56000,49.2
56250,47.599999999999994
56500,47.599999999999994
56750,47.599999999999994
57000,48.4
57250,49.6
57500,50.0
57750,48.8
58000,48.0
58250,49.6
58500,49.2
58750,49.2
59000,49.6
59250,49.2
59500,50.4
59750,49.6
60000,48.4
60250,50.0
60500,48.8
60750,49.2
61000,50.0
61250,50.0
61500,49.2
61750,48.8
62000,48.4
62250,48.4
62500,49.6
62750,49.6
63000,50.0
63250,49.2
63500,49.2
63750,46.400000000000006
64000,49.2
64250,50.4
64500,49.6
64750,50.0
65000,48.0
65250,49.2
65500,48.8
65750,47.599999999999994
66000,50.0
66250,49.6
66500,48.4
66750,50.0
67000,48.8
67250,49.2
67500,48.0
67750,49.2
68000,48.8
68250,48.8
68500,48.8
68750,48.8
69000,47.599999999999994
69250,47.599999999999994
69500,48.4
69750,49.6
70000,49.2
70250,49.2
70500,48.4
70750,49.2
71000,50.0
71250,48.8
71500,47.199999999999996
71750,48.4
72000,48.8
72250,50.0
72500,50.0
72750,49.2
73000,49.6
73250,50.0
73500,50.0
73750,49.2
74000,48.0
74250,46.800000000000004
74500,46.400000000000006
74750,49.2
75000,49.2
75250,49.2
75500,49.2
75750,48.8
76000,49.6
76250,50.4
76500,48.4
76750,48.4
77000,48.4
77250,48.8
77500,49.6
77750,49.6
78000,49.2
78250,47.599999999999994
78500,49.6
78750,49.2
79000,48.4
79250,48.8
79500,50.4
79750,49.6
80000,48.8
80250,47.599999999999994
80500,48.0
80750,48.8
81000,48.4
81250,48.4
81500,49.2
81750,48.8
82000,48.8
82250,50.4
82500,50.4
82750,49.2
83000,49.6
83250,49.6
83500,50.8
83750,48.0
84000,48.0
84250,48.4
84500,48.0
84750,48.0
85000,50.0
85250,49.2
85500,49.6
85750,48.4
86000,49.2
86250,49.2
86500,47.599999999999994
86750,49.2
87000,49.6
87250,49.2
87500,48.8
87750,48.8
88000,48.8
88250,49.2
88500,48.8
88750,49.6
89000,49.2
89250,50.0
89500,50.0
89750,50.0
90000,50.4
90250,49.2
90500,48.8
90750,48.4
91000,49.2
91250,49.6
91500,49.2
91750,48.8
92000,49.2
92250,50.0
92500,50.0
92750,50.0
93000,49.2
93250,48.4
93500,48.4
93750,47.199999999999996
94000,48.8
94250,48.4
94500,48.8
94750,48.4
95000,49.6
95250,50.0
95500,49.6
95750,50.4
96000,49.2
96250,49.2
96500,49.2
96750,48.4
97000,50.0
97250,49.6
97500,49.2
97750,48.0
98000,48.4
98250,47.599999999999994
98500,47.199999999999996
98750,48.0
99000,47.599999999999994
99250,48.4
99500,48.4
99750,48.4
100000,49.2
100250,48.8
100500,47.599999999999994
100750,49.6
101000,48.8
101250,47.599999999999994
101500,49.2
101750,49.6
102000,48.4
102250,49.2
102500,49.2
102750,49.2
103000,49.2
103250,47.599999999999994
103500,49.2
103750,50.4
104000,48.8
104250,48.4
104500,48.0
104750,46.800000000000004
105000,48.4
105250,48.4
105500,50.0
105750,49.2
106000,47.599999999999994
106250,48.8
106500,48.4
106750,48.4
107000,49.6
107250,48.0
107500,49.6
107750,50.0
108000,48.8
108250,50.0
108500,49.2
108750,49.2
109000,49.2
109250,49.6
109500,49.6
109750,49.6
110000,48.8
110250,49.2
110500,49.6
110750,49.2
111000,48.4
111250,48.0
111500,48.4
111750,48.0
112000,49.6
112250,48.8
112500,49.6
112750,48.0
113000,48.4
113250,48.0
113500,48.0
113750,49.2
114000,48.4
114250,49.2
114500,49.2
114750,49.2
115000,50.0
115250,49.6
115500,49.2
115750,48.0
116000,49.6
116250,49.6
116500,48.8
116750,49.6
117000,48.4
117250,49.6
117500,47.599999999999994
117750,47.199999999999996
118000,49.6
118250,48.8
118500,50.8
118750,48.8
119000,50.4
119250,48.4
119500,48.8
119750,49.2
120000,50.0
120250,49.2
120500,50.4
120750,50.0
121000,50.0
121250,50.0
121500,48.4
121750,49.6
122000,49.6
122250,50.0
122500,47.199999999999996
122750,47.599999999999994
123000,49.6
123250,48.4
123500,48.4
123750,49.2
124000,49.2
124250,48.4
124500,48.8
124750,50.0
125000,48.8
125250,50.0
125500,49.2
125750,48.4
126000,49.2
126250,49.2
126500,49.2
126750,50.0
127000,48.4
127250,49.6
127500,49.6
127750,48.4
128000,50.4
128250,48.4
128500,50.0
128750,50.0
129000,50.0
129250,48.4
129500,48.8
129750,49.6
130000,49.2
130250,48.8
130500,49.6
130750,49.6
131000,48.8
131250,49.6
131500,50.0
131750,49.2
132000,50.0
132250,49.2
132500,49.2
132750,48.8
133000,48.4
133250,50.0
133500,49.6
133750,50.8
134000,49.6
134250,48.8
134500,50.8
134750,50.0
135000,50.0
135250,49.6
135500,49.6
135750,49.2
136000,50.0
136250,50.0
136500,50.8
136750,48.0
137000,48.4
137250,48.8
137500,49.6
137750,48.8
138000,48.4
138250,49.6
138500,49.2
138750,49.2
139000,46.800000000000004
139250,48.4
139500,49.2
139750,48.4
140000,48.8
140250,48.4
140500,48.8
140750,48.0
141000,47.599999999999994
141250,49.6
141500,48.8
141750,49.6
142000,50.0
142250,50.0
142500,49.2
142750,48.8
143000,49.6
143250,48.0
143500,48.0
143750,47.599999999999994
144000,49.6
144250,46.800000000000004
144500,50.0
144750,49.2
145000,48.8
145250,49.2
145500,49.2
145750,48.8
146000,49.6
146250,50.0
146500,50.4
146750,48.4
147000,49.2
147250,49.2
147500,49.6
147750,50.0
148000,49.2
148250,50.4
148500,49.2
148750,49.6
149000,47.599999999999994
149250,48.8
149500,49.6
149750,50.0
150000,49.6
150250,49.6
150500,50.4
150750,48.4
151000,48.8
151250,48.0
151500,49.2
151750,49.2
152000,49.2
