250,0.0
500,0.0
750,0.0
1000,0.0
1250,0.0
1500,0.0
1750,0.0
2000,0.0
2250,0.8
2500,0.0
2750,0.0
3000,0.0
3250,0.0
3500,0.0
3750,0.0
4000,0.0
4250,0.8
4500,0.0
4750,0.0
5000,0.0
5250,0.0
5500,0.0
5750,0.0
6000,0.0
6250,0.8
6500,0.0
6750,0.0
7000,0.0
7250,0.0
7500,0.0
7750,0.0
8000,0.0
8250,0.8
8500,0.0
8750,0.0
9000,0.0
9250,0.0
9500,0.0
9750,0.0
10000,0.0
10250,0.8
10500,0.0
10750,0.0
11000,0.0
11250,0.0
11500,0.0
11750,0.0
12000,0.0
12250,0.8
12500,0.0
12750,0.0
13000,0.0
13250,0.0
13500,0.0
13750,0.0
14000,0.0
14250,0.8
14500,0.0
14750,0.0
15000,0.0
15250,0.0
15500,0.0
15750,0.0
16000,0.0
16250,0.8
16500,0.0
16750,0.0
17000,0.0
17250,0.0
17500,0.0
17750,0.0
18000,0.0
18250,0.8
18500,0.0
18750,0.0
19000,0.0
19250,0.0
19500,0.0
19750,0.0
20000,0.0
20250,0.8
20500,0.0
20750,0.0
21000,0.0
21250,0.0
21500,0.0
21750,0.0
22000,0.0
22250,0.8
22500,0.0
22750,0.0
23000,0.0
23250,0.0
23500,0.0
23750,0.0
24000,0.0
24250,0.8
24500,0.0
24750,0.0
25000,0.0
25250,0.0
25500,0.0
25750,0.0
26000,0.0
26250,0.8
26500,0.0
26750,0.0
27000,0.0
27250,0.0
27500,0.0
27750,0.0
28000,0.0
28250,0.8
28500,0.0
28750,0.0
29000,0.0
29250,0.0
29500,0.0
29750,0.0
30000,0.0
30250,0.8
30500,0.0
30750,0.0
31000,0.0
31250,0.0
31500,0.0
31750,0.0
32000,0.0
32250,0.8
32500,0.0
32750,0.0
33000,0.0
33250,0.0
33500,0.0
33750,0.0
34000,0.0
34250,0.8
34500,0.0
34750,0.0
35000,0.0
35250,0.0
35500,0.0
35750,0.0
36000,0.0
36250,0.8
36500,0.0
36750,0.0
37000,0.0
37250,0.0
37500,0.0
37750,0.0
38000,0.0
38250,0.8
38500,0.0
38750,0.0
39000,0.0
39250,0.0
39500,0.0
39750,0.0
40000,0.0
40250,0.8
40500,0.0
40750,0.0
41000,0.0
41250,0.0
41500,0.0
41750,0.0
42000,0.0
42250,0.8
42500,0.0
42750,0.0
43000,0.0
43250,0.0
43500,0.0
43750,0.0
44000,0.0
44250,0.8
44500,0.0
44750,0.0
45000,0.0
45250,0.0
45500,0.0
45750,0.0
46000,0.0
46250,0.8
46500,0.0
46750,0.0
47000,0.0
47250,0.0
47500,0.0
47750,0.0
48000,0.0
48250,0.8
48500,0.0
48750,0.0
49000,0.0
49250,0.0
49500,0.0
49750,0.0
50000,0.0
50250,0.8
50500,0.0
50750,0.0
51000,0.0
51250,0.0
51500,0.0
51750,0.0
52000,0.0
52250,21.2
52500,42.8
52750,49.2
53000,51.2
53250,50.4
53500,50.0
53750,50.8
54000,52.800000000000004
54250,51.6
54500,51.6
54750,50.4
55000,50.4
55250,50.4
55500,50.8
55750,50.4
56000,50.8
56250,51.6
56500,50.0
56750,51.2
57000,50.0
57250,51.2
57500,51.6
57750,50.8
58000,51.2
58250,50.4
58500,50.8
58750,50.0
59000,51.2
59250,50.8
59500,50.4
59750,50.4
60000,52.0
60250,51.2
60500,50.8
60750,50.0
61000,50.4
61250,51.2
61500,50.0
61750,50.0
62000,51.2
62250,50.8
62500,50.4
62750,50.8
63000,50.8
63250,51.2
63500,51.2
63750,52.400000000000006
64000,50.0
64250,51.2
64500,50.8
64750,50.8
65000,51.2
65250,51.2
65500,51.6
65750,50.4
66000,52.400000000000006
66250,51.6
66500,52.0
66750,50.8
67000,50.8
67250,51.2
67500,51.2
67750,51.2
68000,51.6
68250,50.4
68500,51.2
68750,50.0
69000,50.4
69250,51.2
69500,50.4
69750,50.4
70000,50.8
70250,51.2
70500,51.6
70750,50.8
71000,50.4
71250,51.6
71500,52.0
71750,50.8
72000,51.2
72250,51.2
72500,50.4
72750,50.8
73000,50.8
73250,51.6
73500,51.2
73750,50.8
74000,50.8
74250,51.6
74500,50.8
74750,50.4
75000,51.2
75250,51.2
75500,50.8
75750,51.6
76000,50.8
76250,51.6
76500,50.8
76750,50.4
77000,51.6
77250,52.0
77500,50.0
77750,50.8
78000,51.2
78250,50.8
78500,50.0
78750,51.2
79000,51.6
79250,53.2
79500,50.4
79750,50.8
80000,51.6
80250,50.8
80500,50.4
80750,50.8
81000,50.8
81250,50.0
81500,50.4
81750,52.0
82000,50.8
82250,51.2
82500,52.400000000000006
82750,51.2
83000,50.8
83250,50.0
83500,51.6
83750,52.0
84000,51.2
84250,50.4
84500,51.2
84750,51.6
85000,51.6
85250,51.6
85500,51.6
85750,51.2
86000,50.8
86250,50.8
86500,51.6
86750,51.6
87000,51.6
87250,50.8
87500,51.6
87750,50.8
88000,50.8
88250,52.400000000000006
88500,50.8
88750,51.2
89000,51.2
89250,51.6
89500,51.6
89750,52.0
90000,51.2
90250,50.8
90500,50.4
90750,50.4
91000,50.8
91250,51.6
91500,51.6
91750,50.4
92000,50.0
92250,50.0
92500,51.6
92750,50.4
93000,50.4
93250,51.6
93500,52.0
93750,51.6
94000,52.400000000000006
94250,50.4
94500,51.2
94750,51.6
95000,51.2
95250,52.400000000000006
95500,52.400000000000006
95750,52.0
96000,50.8
96250,50.8
96500,50.4
96750,50.4
97000,51.2
97250,51.2
97500,51.6
97750,50.8
98000,50.4
98250,51.6
98500,50.4
98750,51.2
99000,50.4
99250,50.4
99500,50.0
99750,51.6
100000,50.8
100250,50.0
100500,50.4
100750,50.8
101000,50.4
101250,50.4
101500,52.0
101750,50.8
102000,50.4
102250,50.8
102500,50.4
102750,51.2
103000,52.0
103250,50.0
103500,50.0
103750,52.0
104000,50.8
104250,51.6
104500,50.8
104750,51.6
105000,52.0
105250,51.2
105500,52.0
105750,51.2
106000,51.2
106250,50.0
106500,51.2
106750,50.8
107000,51.2
107250,50.8
107500,51.6
107750,50.4
108000,50.8
108250,50.0
108500,51.6
108750,51.6
109000,52.800000000000004
109250,51.6
109500,50.8
109750,50.8
110000,50.4
110250,51.6
110500,52.400000000000006
110750,51.2
111000,51.2
111250,52.0
111500,52.0
111750,51.2
112000,51.2
112250,51.2
112500,50.4
112750,52.400000000000006
113000,52.400000000000006
113250,51.2
113500,50.4
113750,51.2
114000,52.0
114250,52.0
114500,52.0
114750,52.0
115000,50.4
115250,52.0
115500,51.6
115750,50.4
116000,50.4
116250,50.4
116500,50.4
116750,50.0
117000,51.2
117250,50.8
117500,50.8
117750,50.8
118000,50.8
118250,50.4
118500,51.2
118750,51.6
119000,51.2
119250,50.4
119500,52.400000000000006
119750,51.2
120000,50.8
120250,50.4
120500,51.6
120750,51.6
121000,50.8
121250,51.6
121500,50.8
121750,51.6
122000,50.8
122250,53.2
122500,50.4
122750,52.400000000000006
123000,50.4
123250,50.8
123500,51.2
123750,51.2
124000,50.8
124250,50.8
124500,50.8
124750,51.2
125000,51.2
125250,50.0
125500,52.800000000000004
125750,50.4
126000,52.0
126250,51.2
126500,51.6
126750,50.4
127000,50.8
127250,51.2
127500,50.8
127750,50.4
128000,50.4
128250,50.0
128500,50.4
128750,50.0
129000,50.8
129250,50.4
129500,51.2
129750,52.0
130000,50.0
130250,50.8
130500,51.2
130750,51.2
131000,51.2
131250,50.8
131500,50.0
131750,51.2
132000,51.6
132250,51.2
132500,50.8
132750,50.8
133000,51.2
133250,51.2
133500,51.2
133750,52.800000000000004
134000,50.4
134250,50.4
134500,51.2
134750,50.4
135000,52.400000000000006
135250,50.8
135500,50.4
135750,50.4
136000,51.2
136250,50.4
136500,52.400000000000006
136750,51.2
137000,50.8
137250,51.2
137500,50.8
137750,50.4
138000,52.400000000000006
138250,52.0
138500,50.8
138750,50.8
139000,51.2
139250,50.4
139500,51.2
139750,50.0
140000,50.8
140250,50.4
140500,51.2
140750,50.4
141000,50.4
141250,50.8
141500,50.4
141750,50.8
142000,50.0
142250,51.2
142500,50.8
142750,50.8
143000,50.8
143250,52.0
143500,50.8
143750,50.8
144000,51.6
144250,51.2
144500,50.8
144750,50.8
145000,50.8
145250,51.6
145500,50.0
145750,51.2
146000,51.2
146250,51.2
146500,50.8
146750,50.4
147000,51.2
147250,50.0
147500,50.4
147750,51.6
148000,50.0
148250,51.6
148500,50.0
148750,51.6
149000,51.2
149250,51.6
149500,51.2
149750,51.2
150000,51.2
150250,51.2
150500,52.400000000000006
150750,51.2
151000,50.0
151250,50.8
151500,51.2
151750,50.8
152000,50.8
