250,0.0
500,0.0
750,0.0
1000,0.0
1250,0.0
1500,0.0
1750,0.0
2000,0.0
2250,1.2
2500,0.0
2750,0.0
3000,0.0
3250,0.0
3500,0.0
3750,0.0
4000,0.0
4250,1.2
4500,0.0
4750,0.0
5000,0.0
5250,0.0
5500,0.0
5750,0.0
6000,0.0
6250,1.2
6500,0.0
6750,0.0
7000,0.0
7250,0.0
7500,0.0
7750,0.0
8000,0.0
8250,1.2
8500,0.0
8750,0.0
9000,0.0
9250,0.0
9500,0.0
9750,0.0
10000,0.0
10250,1.2
10500,0.0
10750,0.0
11000,0.0
11250,0.0
11500,0.0
11750,0.0
12000,0.0
12250,1.2
12500,0.0
12750,0.0
13000,0.0
13250,0.0
13500,0.0
13750,0.0
14000,0.0
14250,1.2
14500,0.0
14750,0.0
15000,0.0
15250,0.0
15500,0.0
15750,0.0
16000,0.0
16250,1.2
16500,0.0
16750,0.0
17000,0.0
17250,0.0
17500,0.0
17750,0.0
18000,0.0
18250,1.2
18500,0.0
18750,0.0
19000,0.0
19250,0.0
19500,0.0
19750,0.0
20000,0.0
20250,1.2
20500,0.0
20750,0.0
21000,0.0
21250,0.0
21500,0.0
21750,0.0
22000,0.0
22250,1.2
22500,0.0
22750,0.0
23000,0.0
23250,0.0
23500,0.0
23750,0.0
24000,0.0
24250,1.2
24500,0.0
24750,0.0
25000,0.0
25250,0.0
25500,0.0
25750,0.0
26000,0.0
26250,1.2
26500,0.0
26750,0.0
27000,0.0
27250,0.0
27500,0.0
27750,0.0
28000,0.0
28250,1.2
28500,0.0
28750,0.0
29000,0.0
29250,0.0
29500,0.0
29750,0.0
30000,0.0
30250,1.2
30500,0.0
30750,0.0
31000,0.0
31250,0.0
31500,0.0
31750,0.0
32000,0.0
32250,1.2
32500,0.0
32750,0.0
33000,0.0
33250,0.0
33500,0.0
33750,0.0
34000,0.0
34250,1.2
34500,0.0
34750,0.0
35000,0.0
35250,0.0
35500,0.0
35750,0.0
36000,0.0
36250,1.2
36500,0.0
36750,0.0
37000,0.0
37250,0.0
37500,0.0
37750,0.0
38000,0.0
38250,1.2
38500,0.0
38750,0.0
39000,0.0
39250,0.0
39500,0.0
39750,0.0
40000,0.0
40250,1.2
40500,0.0
40750,0.0
41000,0.0
41250,0.0
41500,0.0
41750,0.0
42000,0.0
42250,1.2
42500,0.0
42750,0.0
43000,0.0
43250,0.0
43500,0.0
43750,0.0
44000,0.0
44250,1.2
44500,0.0
44750,0.0
45000,0.0
45250,0.0
45500,0.0
45750,0.0
46000,0.0
46250,1.2
46500,0.0
46750,0.0
47000,0.0
47250,0.0
47500,0.0
47750,0.0
48000,0.0
48250,1.2
48500,0.0
48750,0.0
49000,0.0
49250,0.0
49500,0.0
49750,0.0
50000,0.0
50250,1.2
50500,0.0
50750,0.0
51000,0.0
51250,0.0
51500,0.0
51750,0.0
52000,0.0
52250,21.2
52500,42.8
52750,49.2
53000,52.0
53250,51.6
53500,50.8
53750,51.2
54000,52.800000000000004
54250,52.0
54500,51.6
54750,50.8
55000,50.4
55250,50.4
55500,52.0
55750,50.4
56000,51.2
56250,52.400000000000006
56500,50.0
56750,51.6
57000,50.8
57250,52.0
57500,52.0
57750,50.8
58000,51.6
58250,50.8
58500,50.8
58750,50.0
59000,51.2
59250,50.8
59500,51.2
59750,51.2
60000,52.400000000000006
60250,51.6
60500,50.8
60750,50.4
61000,50.4
61250,51.2
61500,50.4
61750,50.0
62000,51.2
62250,51.6
62500,50.4
62750,51.2
63000,50.8
63250,51.6
63500,52.0
63750,54.0
64000,50.4
64250,51.2
64500,51.2
64750,51.2
65000,51.6
65250,52.0
65500,52.400000000000006
65750,51.2
66000,53.2
66250,52.800000000000004
66500,52.800000000000004
66750,52.0
67000,50.8
67250,52.400000000000006
67500,51.6
67750,52.0
68000,52.0
68250,50.4
68500,51.6
68750,50.0
69000,51.2
69250,51.6
69500,51.6
69750,50.4
70000,50.8
70250,51.6
70500,52.0
70750,50.8
71000,50.8
71250,52.400000000000006
71500,52.400000000000006
71750,51.2
72000,51.6
72250,51.6
72500,50.4
72750,50.8
73000,50.8
73250,51.6
73500,51.6
73750,51.6
74000,50.8
74250,52.0
74500,51.2
74750,50.8
75000,51.2
75250,51.2
75500,51.6
75750,53.2
76000,51.6
76250,51.6
76500,51.2
76750,50.8
77000,52.0
77250,53.2
77500,50.0
77750,50.8
78000,51.2
78250,50.8
78500,50.4
78750,52.0
79000,52.400000000000006
79250,53.2
79500,50.8
79750,51.6
80000,52.0
80250,51.2
80500,50.8
80750,51.6
81000,50.8
81250,50.8
81500,51.6
81750,52.0
82000,51.2
82250,52.0
82500,52.800000000000004
82750,52.400000000000006
83000,51.6
83250,50.0
83500,52.0
83750,52.400000000000006
84000,51.6
84250,51.6
84500,52.400000000000006
84750,52.0
85000,52.400000000000006
85250,52.400000000000006
85500,52.0
85750,51.6
86000,50.8
86250,51.6
86500,52.0
86750,52.0
87000,51.6
87250,50.8
87500,51.6
87750,50.8
88000,51.6
88250,53.6
88500,50.8
88750,51.6
89000,51.6
89250,52.0
89500,52.0
89750,52.800000000000004
90000,52.400000000000006
90250,51.2
90500,51.2
90750,51.2
91000,51.2
91250,53.2
91500,51.6
91750,50.8
92000,51.2
92250,50.4
92500,52.800000000000004
92750,50.8
93000,50.4
93250,52.800000000000004
93500,52.400000000000006
93750,54.0
94000,52.800000000000004
94250,51.2
94500,51.6
94750,52.0
95000,52.400000000000006
95250,52.800000000000004
95500,52.800000000000004
95750,52.400000000000006
96000,50.8
96250,51.2
96500,51.2
96750,52.0
97000,51.2
97250,51.2
97500,52.0
97750,50.8
98000,51.6
98250,52.800000000000004
98500,50.8
98750,51.6
99000,50.8
99250,51.2
99500,50.8
99750,51.6
100000,51.6
100250,50.4
100500,50.4
100750,51.6
101000,51.2
101250,50.4
101500,52.800000000000004
101750,51.6
102000,50.4
102250,51.6
102500,50.8
102750,51.6
103000,52.800000000000004
103250,50.0
103500,50.8
103750,53.6
104000,51.2
104250,52.0
104500,51.2
104750,52.0
105000,53.6
105250,52.0
105500,52.400000000000006
105750,52.0
106000,51.6
106250,50.8
106500,51.6
106750,51.2
107000,52.400000000000006
107250,51.2
107500,52.0
107750,50.4
108000,52.0
108250,51.2
108500,51.6
108750,52.400000000000006
109000,52.800000000000004
109250,52.400000000000006
109500,50.8
109750,51.6
110000,51.2
110250,53.2
110500,52.400000000000006
110750,52.0
111000,52.0
111250,52.400000000000006
111500,52.0
111750,51.2
112000,51.2
112250,52.0
112500,50.8
112750,52.800000000000004
113000,53.2
113250,51.6
113500,50.8
113750,52.0
114000,52.0
114250,52.800000000000004
114500,52.400000000000006
114750,53.2
115000,51.2
115250,53.2
115500,52.400000000000006
115750,51.2
116000,50.4
116250,50.8
116500,51.2
116750,50.0
117000,51.2
117250,51.6
117500,51.2
117750,51.6
118000,50.8
118250,51.2
118500,51.2
118750,52.0
119000,51.6
119250,51.2
119500,52.800000000000004
119750,51.2
120000,50.8
120250,50.4
120500,51.6
120750,52.0
121000,50.8
121250,51.6
121500,50.8
121750,52.400000000000006
122000,51.2
122250,54.0
122500,51.2
122750,53.2
123000,50.8
123250,50.8
123500,52.800000000000004
123750,51.2
124000,52.400000000000006
124250,51.6
124500,51.2
124750,52.400000000000006
125000,52.0
125250,50.0
125500,54.0
125750,50.8
126000,52.0
126250,51.6
126500,51.6
126750,50.4
127000,51.6
127250,51.2
127500,50.8
127750,50.8
128000,50.8
128250,50.4
128500,51.6
128750,50.8
129000,51.2
129250,50.4
129500,51.6
129750,52.800000000000004
130000,50.8
130250,51.6
130500,51.2
130750,52.800000000000004
131000,51.6
131250,51.2
131500,50.0
131750,51.6
132000,51.6
132250,51.6
132500,51.2
132750,50.8
133000,52.0
133250,51.2
133500,51.6
133750,53.2
134000,50.4
134250,50.4
134500,51.2
134750,50.4
135000,52.800000000000004
135250,51.6
135500,51.6
135750,50.8
136000,52.400000000000006
136250,50.8
136500,52.800000000000004
136750,52.800000000000004
137000,51.6
137250,51.2
137500,50.8
137750,51.6
138000,53.6
138250,52.0
138500,51.2
138750,51.2
139000,51.2
139250,51.2
139500,51.6
139750,51.2
140000,51.6
140250,51.2
140500,52.0
140750,50.4
141000,51.2
141250,51.6
141500,50.8
141750,51.2
142000,50.4
142250,52.0
142500,51.2
142750,51.6
143000,51.2
143250,52.800000000000004
143500,52.0
143750,51.2
144000,52.400000000000006
144250,52.0
144500,50.8
144750,51.6
145000,51.2
145250,52.800000000000004
145500,50.0
145750,51.2
146000,51.6
146250,51.6
146500,50.8
146750,50.4
147000,51.6
147250,50.8
147500,50.8
147750,51.6
148000,50.8
148250,52.0
148500,50.4
148750,51.6
149000,52.0
149250,51.6
149500,52.0
149750,52.0
150000,52.400000000000006
150250,51.2
150500,52.400000000000006
150750,52.400000000000006
151000,50.4
151250,51.6
151500,51.2
151750,51.6
152000,51.6
