250,0.0
500,0.0
750,0.0
1000,0.0
1250,0.0
1500,0.0
1750,0.0
2000,0.0
2250,0.4
2500,0.0
2750,0.0
3000,0.0
3250,0.0
3500,0.0
3750,0.0
4000,0.0
4250,0.4
4500,0.0
4750,0.0
5000,0.0
5250,0.0
5500,0.0
5750,0.0
6000,0.0
6250,0.4
6500,0.0
6750,0.0
7000,0.0
7250,0.0
7500,0.0
7750,0.0
8000,0.0
8250,0.4
8500,0.0
8750,0.0
9000,0.0
9250,0.0
9500,0.0
9750,0.0
10000,0.0
10250,0.4
10500,0.0
10750,0.0
11000,0.0
11250,0.0
11500,0.0
11750,0.0
12000,0.0
12250,0.4
12500,0.0
12750,0.0
13000,0.0
13250,0.0
13500,0.0
13750,0.0
14000,0.0
14250,0.4
14500,0.0
14750,0.0
15000,0.0
15250,0.0
15500,0.0
15750,0.0
16000,0.0
16250,0.4
16500,0.0
16750,0.0
17000,0.0
17250,0.0
17500,0.0
17750,0.0
18000,0.0
18250,0.4
18500,0.0
18750,0.0
19000,0.0
19250,0.0
19500,0.0
19750,0.0
20000,0.0
20250,0.4
20500,0.0
20750,0.0
21000,0.0
21250,0.0
21500,0.0
21750,0.0
22000,0.0
22250,0.4
22500,0.0
22750,0.0
23000,0.0
23250,0.0
23500,0.0
23750,0.0
24000,0.0
24250,0.4
24500,0.0
24750,0.0
25000,0.0
25250,0.0
25500,0.0
25750,0.0
26000,0.0
26250,0.4
26500,0.0
26750,0.0
27000,0.0
27250,0.0
27500,0.0
27750,0.0
28000,0.0
28250,0.4
28500,0.0
28750,0.0
29000,0.0
29250,0.0
29500,0.0
29750,0.0
30000,0.0
30250,0.4
30500,0.0
30750,0.0
31000,0.0
31250,0.0
31500,0.0
31750,0.0
32000,0.0
32250,0.4
32500,0.0
32750,0.0
33000,0.0
33250,0.0
33500,0.0
33750,0.0
34000,0.0
34250,0.4
34500,0.0
34750,0.0
35000,0.0
35250,0.0
35500,0.0
35750,0.0
36000,0.0
36250,0.4
36500,0.0
36750,0.0
37000,0.0
37250,0.0
37500,0.0
37750,0.0
38000,0.0
38250,0.4
38500,0.0
38750,0.0
39000,0.0
39250,0.0
39500,0.0
39750,0.0
40000,0.0
40250,0.4
40500,0.0
40750,0.0
41000,0.0
41250,0.0
41500,0.0
41750,0.0
42000,0.0
42250,0.4
42500,0.0
42750,0.0
43000,0.0
43250,0.0
43500,0.0
43750,0.0
44000,0.0
44250,0.4
44500,0.0
44750,0.0
45000,0.0
45250,0.0
45500,0.0
45750,0.0
46000,0.0
46250,0.4
46500,0.0
46750,0.0
47000,0.0
47250,0.0
47500,0.0
47750,0.0
48000,0.0
48250,0.4
48500,0.0
48750,0.0
49000,0.0
49250,0.0
49500,0.0
49750,0.0
50000,0.0
50250,0.4
50500,0.0
50750,0.0
51000,0.0
51250,0.0
51500,0.0
51750,0.0
52000,0.0
52250,20.8
52500,42.4
52750,48.4
53000,51.2
53250,50.0
53500,50.0
53750,49.6
54000,50.8
54250,50.8
54500,50.4
54750,50.0
55000,50.0
55250,50.4
55500,50.4
55750,50.4
56000,50.8
56250,50.8
56500,50.0
56750,50.8
57000,50.0
57250,51.2
57500,50.8
57750,50.4
58000,50.8
58250,50.0
58500,50.0
58750,50.0
59000,50.8
59250,50.4
59500,50.4
59750,50.4
60000,51.6
60250,50.8
60500,50.0
60750,50.0
61000,50.4
61250,50.4
61500,50.0
61750,50.0
62000,50.0
62250,50.8
62500,50.4
62750,50.4
63000,50.4
63250,50.8
63500,50.8
63750,50.4
64000,50.0
64250,50.8
64500,50.4
64750,50.4
65000,50.4
65250,50.8
65500,50.4
65750,50.4
66000,50.8
66250,51.2
66500,51.2
66750,50.8
67000,50.4
67250,50.0
67500,50.4
67750,50.4
68000,50.8
68250,50.4
68500,50.4
68750,50.0
69000,50.4
69250,50.4
69500,50.4
69750,50.4
70000,50.4
70250,50.8
70500,50.4
70750,50.4
71000,50.0
71250,50.8
71500,51.6
71750,50.0
72000,50.8
72250,50.4
72500,50.4
72750,50.4
73000,50.4
73250,50.8
73500,51.2
73750,50.4
74000,50.4
74250,51.2
74500,50.4
74750,50.0
75000,51.2
75250,50.8
75500,50.0
75750,50.8
76000,50.4
76250,50.8
76500,50.0
76750,50.4
77000,50.8
77250,51.6
77500,50.0
77750,50.4
78000,50.4
78250,50.0
78500,50.0
78750,50.4
79000,50.8
79250,51.2
79500,50.4
79750,50.8
80000,50.4
80250,50.4
80500,50.4
80750,50.0
81000,50.4
81250,50.0
81500,50.4
81750,51.6
82000,50.4
82250,50.8
82500,51.2
82750,50.4
83000,50.4
83250,50.0
83500,51.2
83750,51.2
84000,50.0
84250,50.0
84500,50.4
84750,50.4
85000,50.4
85250,50.8
85500,50.8
85750,50.0
86000,50.4
86250,50.4
86500,51.2
86750,50.8
87000,51.6
87250,50.0
87500,50.0
87750,50.8
88000,50.0
88250,51.6
88500,50.8
88750,51.2
89000,50.8
89250,50.8
89500,51.2
89750,50.8
90000,50.8
90250,50.0
90500,50.0
90750,50.4
91000,50.4
91250,50.4
91500,51.2
91750,50.4
92000,50.0
92250,50.0
92500,50.4
92750,50.0
93000,50.4
93250,50.4
93500,51.2
93750,50.8
94000,51.2
94250,50.0
94500,50.0
94750,50.4
95000,51.2
95250,50.8
95500,51.2
95750,51.2
96000,50.0
96250,50.4
96500,50.0
96750,50.4
97000,51.2
97250,50.8
97500,50.8
97750,50.8
98000,50.4
98250,51.2
98500,50.0
98750,50.4
99000,50.4
99250,50.4
99500,50.0
99750,50.4
100000,50.4
100250,50.0
100500,50.4
100750,50.8
101000,50.4
101250,50.4
101500,50.8
101750,50.0
102000,50.0
102250,50.4
102500,50.0
102750,50.8
103000,51.6
103250,50.0
103500,50.0
103750,51.2
104000,50.0
104250,51.2
104500,50.4
104750,51.2
105000,50.8
105250,50.4
105500,51.6
105750,50.4
106000,50.4
106250,50.0
106500,51.2
106750,50.0
107000,50.0
107250,50.0
107500,50.4
107750,50.4
108000,50.4
108250,50.0
108500,51.6
108750,50.8
109000,50.8
109250,50.8
109500,50.4
109750,50.4
110000,50.0
110250,51.2
110500,51.2
110750,50.4
111000,50.4
111250,50.8
111500,51.2
111750,50.8
112000,50.8
112250,50.4
112500,50.0
112750,52.0
113000,50.8
113250,50.8
113500,50.0
113750,50.8
114000,50.8
114250,51.6
114500,50.8
114750,50.4
115000,50.0
115250,50.8
115500,50.8
115750,50.0
116000,50.4
116250,50.0
116500,50.4
116750,50.0
117000,50.4
117250,50.0
117500,50.8
117750,50.4
118000,50.8
118250,50.0
118500,50.8
118750,50.4
119000,50.8
119250,50.0
119500,50.8
119750,50.4
120000,50.8
120250,50.4
120500,50.4
120750,50.4
121000,50.4
121250,50.4
121500,50.4
121750,50.8
122000,50.0
122250,52.400000000000006
122500,50.4
122750,50.8
123000,50.0
123250,50.8
123500,50.4
123750,50.8
124000,50.8
124250,50.0
124500,50.4
124750,50.8
125000,50.4
125250,50.0
125500,51.2
125750,50.0
126000,51.6
126250,50.4
126500,50.0
126750,50.0
127000,50.4
127250,50.8
127500,50.8
127750,50.4
128000,50.4
128250,50.0
128500,50.4
128750,50.0
129000,50.8
129250,50.0
129500,50.4
129750,51.6
130000,50.0
130250,50.0
130500,50.4
130750,51.2
131000,50.4
131250,50.4
131500,50.0
131750,50.4
132000,51.2
132250,51.2
132500,50.4
132750,50.8
133000,50.8
133250,50.8
133500,50.8
133750,52.400000000000006
134000,50.0
134250,50.0
134500,51.2
134750,50.0
135000,50.4
135250,50.4
135500,50.0
135750,50.0
136000,50.4
136250,50.4
136500,50.8
136750,50.4
137000,50.8
137250,50.8
137500,50.4
137750,50.0
138000,51.6
138250,50.8
138500,50.4
138750,50.4
139000,51.2
139250,50.4
139500,50.4
139750,50.0
140000,50.4
140250,50.0
140500,50.4
140750,50.0
141000,50.4
141250,50.4
141500,50.0
141750,50.4
142000,50.0
142250,50.8
142500,50.4
142750,50.8
143000,50.8
143250,51.2
143500,50.4
143750,50.0
144000,51.2
144250,50.4
144500,50.8
144750,50.0
145000,50.4
145250,51.6
145500,50.0
145750,51.2
146000,50.8
146250,50.8
146500,50.4
146750,50.0
147000,50.8
147250,50.0
147500,50.4
147750,50.0
148000,50.0
148250,50.8
148500,50.0
148750,50.8
149000,50.8
149250,51.2
149500,50.0
149750,51.2
150000,50.4
150250,50.8
150500,52.0
150750,50.4
151000,50.0
151250,50.0
151500,50.0
151750,50.4
152000,50.0
