250,0.0
500,0.0
750,0.0
1000,0.0
1250,0.0
1500,0.0
1750,0.0
2000,0.0
2250,0.4
2500,0.0
2750,0.0
3000,0.0
3250,0.0
3500,0.0
3750,0.0
4000,0.0
4250,0.4
4500,0.0
4750,0.0
5000,0.0
5250,0.0
5500,0.0
5750,0.0
6000,0.0
6250,0.4
6500,0.0
6750,0.0
7000,0.0
7250,0.0
7500,0.0
7750,0.0
8000,0.0
8250,0.4
8500,0.0
8750,0.0
9000,0.0
9250,0.0
9500,0.0
9750,0.0
10000,0.0
10250,0.4
10500,0.0
10750,0.0
11000,0.0
11250,0.0
11500,0.0
11750,0.0
12000,0.0
12250,0.4
12500,0.0
12750,0.0
13000,0.0
13250,0.0
13500,0.0
13750,0.0
14000,0.0
14250,0.4
14500,0.0
14750,0.0
15000,0.0
15250,0.0
15500,0.0
15750,0.0
16000,0.0
16250,0.4
16500,0.0
16750,0.0
17000,0.0
17250,0.0
17500,0.0
17750,0.0
18000,0.0
18250,0.4
18500,0.0
18750,0.0
19000,0.0
19250,0.0
19500,0.0
19750,0.0
20000,0.0
20250,0.4
20500,0.0
20750,0.0
21000,0.0
21250,0.0
21500,0.0
21750,0.0
22000,0.0
22250,0.4
22500,0.0
22750,0.0
23000,0.0
23250,0.0
23500,0.0
23750,0.0
24000,0.0
24250,0.4
24500,0.0
24750,0.0
25000,0.0
25250,0.0
25500,0.0
25750,0.0
26000,0.0
26250,0.4
26500,0.0
26750,0.0
27000,0.0
27250,0.0
27500,0.0
27750,0.0
28000,0.0
28250,0.4
28500,0.0
28750,0.0
29000,0.0
29250,0.0
29500,0.0
29750,0.0
30000,0.0
30250,0.4
30500,0.0
30750,0.0
31000,0.0
31250,0.0
31500,0.0
31750,0.0
32000,0.0
32250,0.4
32500,0.0
32750,0.0
33000,0.0
33250,0.0
33500,0.0
33750,0.0
34000,0.0
34250,0.4
34500,0.0
34750,0.0
35000,0.0
35250,0.0
35500,0.0
35750,0.0
36000,0.0
36250,0.4
36500,0.0
36750,0.0
37000,0.0
37250,0.0
37500,0.0
37750,0.0
38000,0.0
38250,0.4
38500,0.0
38750,0.0
39000,0.0
39250,0.0
39500,0.0
39750,0.0
40000,0.0
40250,0.4
40500,0.0
40750,0.0
41000,0.0
41250,0.0
41500,0.0
41750,0.0
42000,0.0
42250,0.4
42500,0.0
42750,0.0
43000,0.0
43250,0.0
43500,0.0
43750,0.0
44000,0.0
44250,0.4
44500,0.0
44750,0.0
45000,0.0
45250,0.0
45500,0.0
45750,0.0
46000,0.0
46250,0.4
46500,0.0
46750,0.0
47000,0.0
47250,0.0
47500,0.0
47750,0.0
48000,0.0
48250,0.4
48500,0.0
48750,0.0
49000,0.0
49250,0.0
49500,0.0
49750,0.0
50000,0.0
50250,0.4
50500,0.0
50750,0.0
51000,0.0
51250,0.0
51500,0.0
51750,0.0
52000,0.0
52250,18.8
52500,29.599999999999998
52750,37.6
53000,33.6
53250,36.8
53500,37.6
53750,34.4
54000,39.6
54250,37.2
54500,34.0
54750,34.8
55000,39.6
55250,35.6
55500,36.8
55750,36.0
56000,38.0
56250,36.4
56500,36.4
56750,36.0
57000,38.0
57250,37.6
57500,35.199999999999996
57750,38.4
58000,38.0
58250,37.6
58500,37.2
58750,31.6
59000,38.4
59250,36.8
59500,35.199999999999996
59750,35.6
60000,38.0
60250,37.2
60500,40.0
60750,37.6
61000,40.400000000000006
61250,39.2
61500,40.400000000000006
61750,36.8
62000,36.0
62250,37.2
62500,36.0
62750,38.800000000000004
63000,38.0
63250,35.199999999999996
63500,35.199999999999996
63750,33.2
64000,36.0
64250,38.0
64500,38.0
64750,38.800000000000004
65000,34.4
65250,41.6
65500,40.8
65750,36.0
66000,38.800000000000004
66250,38.0
66500,37.2
66750,36.4
67000,36.4
67250,37.2
67500,34.8
67750,40.0
68000,40.8
68250,38.800000000000004
68500,38.800000000000004
68750,37.6
69000,39.2
69250,39.2
69500,37.6
69750,38.0
70000,33.6
70250,40.400000000000006
70500,36.0
70750,39.6
71000,38.0
71250,39.2
71500,35.199999999999996
71750,36.8
72000,35.199999999999996
72250,39.2
72500,37.2
72750,36.4
73000,40.0
73250,39.6
73500,38.800000000000004
73750,36.4
74000,39.2
74250,35.199999999999996
74500,34.8
74750,40.0
75000,36.8
75250,41.199999999999996
75500,37.6
75750,34.8
76000,36.8
76250,40.0
76500,37.2
76750,34.8
77000,36.0
77250,34.8
77500,43.2
77750,38.4
78000,41.199999999999996
78250,38.800000000000004
78500,40.0
78750,39.2
79000,35.6
79250,36.8
79500,38.0
79750,34.4
80000,35.6
80250,33.6
80500,38.800000000000004
80750,39.6
81000,37.6
81250,38.0
81500,38.0
81750,40.400000000000006
82000,36.4
82250,38.0
82500,40.8
82750,42.0
83000,38.0
83250,36.4
83500,41.6
83750,39.6
84000,36.8
84250,39.6
84500,37.6
84750,39.2
85000,36.4
85250,33.6
85500,38.0
85750,35.6
86000,40.400000000000006
86250,42.0
86500,37.6
86750,38.0
87000,39.2
87250,38.800000000000004
87500,37.2
87750,36.0
88000,38.0
88250,35.6
88500,36.4
88750,37.2
89000,40.8
89250,39.6
89500,37.6
89750,36.4
90000,36.4
90250,34.4
90500,39.2
90750,37.6
91000,34.8
91250,33.2
91500,36.4
91750,36.4
92000,40.0
92250,39.6
92500,38.0
92750,36.4
93000,39.6
93250,39.2
93500,38.0
93750,38.800000000000004
94000,39.6
94250,37.6
94500,38.4
94750,38.4
95000,35.6
95250,33.6
95500,38.800000000000004
95750,38.800000000000004
96000,35.199999999999996
96250,38.4
96500,39.2
96750,37.2
97000,38.4
97250,37.6
97500,36.0
97750,36.0
98000,36.0
98250,35.6
98500,33.6
98750,38.0
99000,35.199999999999996
99250,38.0
99500,34.4
99750,38.0
100000,38.800000000000004
100250,36.0
100500,35.199999999999996
100750,33.2
101000,32.800000000000004
101250,36.0
101500,36.0
101750,37.2
102000,40.0
102250,35.6
102500,36.4
102750,40.0
103000,36.8
103250,35.6
103500,37.2
103750,38.800000000000004
104000,34.4
104250,39.6
104500,37.6
104750,39.6
105000,34.4
105250,33.6
105500,34.8
105750,35.199999999999996
106000,35.6
106250,38.4
106500,35.199999999999996
106750,36.0
107000,36.0
107250,34.4
107500,38.800000000000004
107750,38.0
108000,36.4
108250,39.6
108500,37.2
108750,40.400000000000006
109000,38.4
109250,38.4
109500,38.0
109750,33.6
110000,38.800000000000004
110250,37.2
110500,39.2
110750,37.6
111000,34.8
111250,35.6
111500,38.4
111750,36.8
112000,40.400000000000006
112250,36.8
112500,38.4
112750,36.4
113000,38.4
113250,37.6
113500,36.8
113750,34.4
114000,36.4
114250,40.0
114500,38.4
114750,36.0
115000,36.0
115250,38.0
115500,36.0
115750,39.6
116000,32.800000000000004
116250,37.6
116500,35.6
116750,41.199999999999996
117000,34.8
117250,40.8
117500,38.800000000000004
117750,36.4
118000,35.199999999999996
118250,40.400000000000006
118500,38.4
118750,35.6
119000,33.2
119250,32.4
119500,38.4
119750,35.6
120000,36.8
120250,40.400000000000006
120500,34.0
120750,34.0
121000,36.0
121250,40.8
121500,37.6
121750,37.2
122000,36.4
122250,33.2
122500,36.8
122750,36.8
123000,39.6
123250,33.6
123500,37.6
123750,40.0
124000,39.6
124250,37.6
124500,34.4
124750,37.6
125000,38.4
125250,35.199999999999996
125500,32.0
125750,34.4
126000,38.4
126250,37.6
126500,36.4
126750,40.0
127000,35.199999999999996
127250,40.400000000000006
127500,37.6
127750,37.2
128000,36.8
128250,37.2
128500,36.0
128750,39.6
129000,36.8
129250,33.6
129500,39.6
129750,37.2
130000,38.0
130250,38.800000000000004
130500,39.2
130750,40.400000000000006
131000,38.4
131250,38.0
131500,40.0
131750,37.6
132000,37.6
132250,38.0
132500,37.2
132750,38.0
133000,40.0
133250,36.8
133500,39.6
133750,37.6
134000,39.2
134250,38.4
134500,36.8
134750,36.8
135000,35.199999999999996
135250,36.0
135500,39.2
135750,39.2
136000,38.0
136250,34.8
136500,37.6
136750,34.4
137000,35.6
137250,34.4
137500,35.199999999999996
137750,38.4
138000,39.2
138250,41.6
138500,36.8
138750,38.4
139000,34.8
139250,41.199999999999996
139500,33.2
139750,36.0
140000,36.4
140250,38.0
140500,37.6
140750,38.4
141000,38.800000000000004
141250,38.800000000000004
141500,36.0
141750,39.6
142000,37.6
142250,39.6
142500,38.800000000000004
142750,39.2
143000,41.6
143250,36.0
143500,36.4
143750,39.6
144000,40.0
144250,32.800000000000004
144500,38.0
144750,36.8
145000,34.8
145250,37.2
145500,39.6
145750,36.0
146000,38.800000000000004
146250,38.800000000000004
146500,37.6
146750,41.199999999999996
147000,35.6
147250,36.0
147500,36.0
147750,41.6
148000,34.4
148250,37.6
148500,35.6
148750,39.2
149000,36.0
149250,35.6
149500,38.0
149750,36.8
150000,38.4
150250,40.8
150500,37.6
150750,36.0
151000,39.2
151250,36.4
151500,38.0
151750,38.4
152000,36.4
