250,0.0
500,0.0
750,0.0
1000,0.0
1250,0.0
1500,0.0
1750,0.0
2000,0.0
2250,0.4
2500,0.0
2750,0.0
3000,0.0
3250,0.0
3500,0.0
3750,0.0
4000,0.0
4250,0.4
4500,0.0
4750,0.0
5000,0.0
5250,0.0
5500,0.0
5750,0.0
6000,0.0
6250,0.4
6500,0.0
6750,0.0
7000,0.0
7250,0.0
7500,0.0
7750,0.0
8000,0.0
8250,0.4
8500,0.0
8750,0.0
9000,0.0
9250,0.0
9500,0.0
9750,0.0
10000,0.0
10250,0.4
10500,0.0
10750,0.0
11000,0.0
11250,0.0
11500,0.0
11750,0.0
12000,0.0
12250,0.4
12500,0.0
12750,0.0
13000,0.0
13250,0.0
13500,0.0
13750,0.0
14000,0.0
14250,0.4
14500,0.0
14750,0.0
15000,0.0
15250,0.0
15500,0.0
15750,0.0
16000,0.0
16250,0.4
16500,0.0
16750,0.0
17000,0.0
17250,0.0
17500,0.0
17750,0.0
18000,0.0
18250,0.4
18500,0.0
18750,0.0
19000,0.0
19250,0.0
19500,0.0
19750,0.0
20000,0.0
20250,0.4
20500,0.0
20750,0.0
21000,0.0
21250,0.0
21500,0.0
21750,0.0
22000,0.0
22250,0.4
22500,0.0
22750,0.0
23000,0.0
23250,0.0
23500,0.0
23750,0.0
24000,0.0
24250,0.4
24500,0.0
24750,0.0
25000,0.0
25250,0.0
25500,0.0
25750,0.0
26000,0.0
26250,0.4
26500,0.0
26750,0.0
27000,0.0
27250,0.0
27500,0.0
27750,0.0
28000,0.0
28250,0.4
28500,0.0
28750,0.0
29000,0.0
29250,0.0
29500,0.0
29750,0.0
30000,0.0
30250,0.4
30500,0.0
30750,0.0
31000,0.0
31250,0.0
31500,0.0
31750,0.0
32000,0.0
32250,0.4
32500,0.0
32750,0.0
33000,0.0
33250,0.0
33500,0.0
33750,0.0
34000,0.0
34250,0.4
34500,0.0
34750,0.0
35000,0.0
35250,0.0
35500,0.0
35750,0.0
36000,0.0
36250,0.4
36500,0.0
36750,0.0
37000,0.0
37250,0.0
37500,0.0
37750,0.0
38000,0.0
38250,0.4
38500,0.0
38750,0.0
39000,0.0
39250,0.0
39500,0.0
39750,0.0
40000,0.0
40250,0.4
40500,0.0
40750,0.0
41000,0.0
41250,0.0
41500,0.0
41750,0.0
42000,0.0
42250,0.4
42500,0.0
42750,0.0
43000,0.0
43250,0.0
43500,0.0
43750,0.0
44000,0.0
44250,0.4
44500,0.0
44750,0.0
45000,0.0
45250,0.0
45500,0.0
45750,0.0
46000,0.0
46250,0.4
46500,0.0
46750,0.0
47000,0.0
47250,0.0
47500,0.0
47750,0.0
48000,0.0
48250,0.4
48500,0.0
48750,0.0
49000,0.0
49250,0.0
49500,0.0
49750,0.0
50000,0.0
50250,0.4
50500,0.0
50750,0.0
51000,0.0
51250,0.0
51500,0.0
51750,0.0
52000,0.0
52250,20.8
52500,41.199999999999996
52750,46.400000000000006
53000,49.2
53250,48.8
53500,50.0
53750,48.8
54000,50.4
54250,49.6
54500,50.0
54750,50.0
55000,49.2
55250,50.0
55500,50.4
55750,50.0
56000,50.0
56250,50.4
56500,48.8
56750,50.0
57000,49.2
57250,50.4
57500,50.4
57750,50.0
58000,50.0
58250,50.0
58500,49.2
58750,50.0
59000,50.8
59250,50.4
59500,50.4
59750,50.4
60000,49.6
60250,50.0
60500,50.0
60750,50.0
61000,50.0
61250,50.4
61500,50.0
61750,49.6
62000,49.6
62250,50.0
62500,50.0
62750,50.0
63000,50.0
63250,50.4
63500,50.4
63750,48.8
64000,50.0
64250,50.8
64500,50.0
64750,50.0
65000,50.0
65250,49.6
65500,50.0
65750,48.4
66000,50.4
66250,50.4
66500,49.2
66750,50.0
67000,50.4
67250,49.6
67500,49.6
67750,50.0
68000,50.0
68250,49.2
68500,50.4
68750,50.0
69000,49.6
69250,50.0
69500,50.0
69750,50.0
70000,50.0
70250,50.0
70500,50.0
70750,50.0
71000,50.0
71250,50.4
71500,50.0
71750,49.6
72000,50.0
72250,50.4
72500,50.4
72750,50.0
73000,50.0
73250,50.4
73500,50.8
73750,50.4
74000,49.6
74250,49.2
74500,48.4
74750,49.6
75000,50.4
75250,50.0
75500,50.0
75750,50.0
76000,50.0
76250,50.4
76500,50.0
76750,50.0
77000,49.6
77250,50.0
77500,49.6
77750,50.0
78000,50.0
78250,50.0
78500,50.0
78750,50.0
79000,50.4
79250,50.4
79500,50.4
79750,50.0
80000,48.8
80250,48.8
80500,50.4
80750,50.0
81000,50.4
81250,50.0
81500,50.0
81750,51.2
82000,50.0
82250,50.4
82500,50.8
82750,50.0
83000,49.6
83250,50.0
83500,50.8
83750,50.4
84000,50.0
84250,49.2
84500,50.0
84750,49.6
85000,50.4
85250,49.6
85500,50.0
85750,50.0
86000,50.0
86250,50.0
86500,50.0
86750,50.8
87000,50.4
87250,49.6
87500,48.8
87750,50.4
88000,49.2
88250,50.0
88500,50.0
88750,50.4
89000,50.0
89250,50.0
89500,50.4
89750,50.4
90000,50.4
90250,50.0
90500,50.0
90750,50.4
91000,50.4
91250,50.0
91500,50.4
91750,50.4
92000,50.0
92250,50.0
92500,50.0
92750,50.0
93000,50.4
93250,50.4
93500,50.4
93750,49.2
94000,50.8
94250,49.6
94500,50.0
94750,50.0
95000,50.8
95250,50.4
95500,50.4
95750,50.8
96000,50.0
96250,49.2
96500,49.6
96750,50.0
97000,51.2
97250,50.4
97500,50.4
97750,50.0
98000,49.6
98250,50.8
98500,49.2
98750,49.6
99000,50.0
99250,50.4
99500,49.2
99750,50.0
100000,50.0
100250,49.6
100500,50.0
100750,50.8
101000,50.4
101250,50.0
101500,50.4
101750,50.0
102000,50.0
102250,50.0
102500,50.0
102750,50.0
103000,49.6
103250,50.0
103500,50.0
103750,50.4
104000,50.0
104250,50.0
104500,49.2
104750,50.0
105000,49.6
105250,50.0
105500,51.6
105750,50.0
106000,49.2
106250,50.0
106500,50.4
106750,50.0
107000,50.0
107250,50.0
107500,50.0
107750,50.0
108000,48.8
108250,50.0
108500,50.0
108750,50.0
109000,49.6
109250,50.0
109500,49.6
109750,50.0
110000,49.6
110250,50.0
110500,49.6
110750,50.0
111000,49.2
111250,48.8
111500,49.6
111750,49.6
112000,50.0
112250,50.0
112500,50.0
112750,50.4
113000,50.4
113250,49.6
113500,49.6
113750,50.8
114000,50.4
114250,50.0
114500,50.4
114750,50.0
115000,50.0
115250,50.4
115500,50.4
115750,50.0
116000,50.0
116250,50.0
116500,50.4
116750,50.0
117000,49.2
117250,50.0
117500,50.0
117750,49.2
118000,49.6
118250,50.0
118500,50.8
118750,50.0
119000,50.8
119250,50.0
119500,50.4
119750,50.4
120000,50.4
120250,50.0
120500,50.4
120750,50.4
121000,50.4
121250,50.0
121500,50.0
121750,50.8
122000,50.0
122250,51.2
122500,50.0
122750,50.0
123000,50.0
123250,50.0
123500,50.0
123750,50.4
124000,50.4
124250,49.2
124500,49.2
124750,50.4
125000,50.0
125250,50.0
125500,50.0
125750,50.0
126000,50.8
126250,50.0
126500,50.0
126750,50.0
127000,50.0
127250,50.4
127500,50.4
127750,50.0
128000,50.4
128250,50.0
128500,50.0
128750,50.0
129000,50.4
129250,50.0
129500,50.0
129750,50.4
130000,49.2
130250,49.6
130500,50.0
130750,49.6
131000,50.0
131250,50.4
131500,50.0
131750,50.0
132000,50.4
132250,49.2
132500,49.6
132750,50.0
133000,50.4
133250,50.8
133500,50.4
133750,51.6
134000,50.0
134250,50.0
134500,50.8
134750,50.0
135000,50.0
135250,50.0
135500,50.0
135750,50.0
136000,50.0
136250,50.0
136500,50.8
136750,49.2
137000,50.4
137250,50.0
137500,50.0
137750,50.0
138000,51.2
138250,50.4
138500,50.0
138750,49.6
139000,49.2
139250,50.0
139500,50.0
139750,50.0
140000,50.4
140250,50.0
140500,50.4
140750,50.0
141000,49.6
141250,49.6
141500,50.0
141750,50.0
142000,50.0
142250,50.0
142500,50.0
142750,50.4
143000,50.4
143250,49.2
143500,49.6
143750,50.0
144000,50.4
144250,50.0
144500,50.4
144750,50.0
145000,49.6
145250,50.0
145500,50.0
145750,50.8
146000,50.0
146250,50.0
146500,50.4
146750,49.2
147000,50.4
147250,50.0
147500,50.0
147750,50.0
148000,50.0
148250,50.4
148500,49.2
148750,50.4
149000,50.0
149250,50.0
149500,50.0
149750,50.4
150000,50.0
150250,50.4
150500,51.6
150750,50.4
151000,49.6
151250,48.8
151500,49.6
151750,50.0
152000,49.6
