250,0.0
500,0.0
750,0.0
1000,0.0
1250,0.0
1500,0.0
1750,0.0
2000,0.0
2250,0.4
2500,0.0
2750,0.0
3000,0.0
3250,0.0
3500,0.0
3750,0.0
4000,0.0
4250,0.4
4500,0.0
4750,0.0
5000,0.0
5250,0.0
5500,0.0
5750,0.0
6000,0.0
6250,0.4
6500,0.0
6750,0.0
7000,0.0
7250,0.0
7500,0.0
7750,0.0
8000,0.0
8250,0.4
8500,0.0
8750,0.0
9000,0.0
9250,0.0
9500,0.0
9750,0.0
10000,0.0
10250,0.4
10500,0.0
10750,0.0
11000,0.0
11250,0.0
11500,0.0
11750,0.0
12000,0.0
12250,0.4
12500,0.0
12750,0.0
13000,0.0
13250,0.0
13500,0.0
13750,0.0
14000,0.0
14250,0.4
14500,0.0
14750,0.0
15000,0.0
15250,0.0
15500,0.0
15750,0.0
16000,0.0
16250,0.4
16500,0.0
16750,0.0
17000,0.0
17250,0.0
17500,0.0
17750,0.0
18000,0.0
18250,0.4
18500,0.0
18750,0.0
19000,0.0
19250,0.0
19500,0.0
19750,0.0
20000,0.0
20250,0.4
20500,0.0
20750,0.0
21000,0.0
21250,0.0
21500,0.0
21750,0.0
22000,0.0
22250,0.4
22500,0.0
22750,0.0
23000,0.0
23250,0.0
23500,0.0
23750,0.0
24000,0.0
24250,0.4
24500,0.0
24750,0.0
25000,0.0
25250,0.0
25500,0.0
25750,0.0
26000,0.0
26250,0.4
26500,0.0
26750,0.0
27000,0.0
27250,0.0
27500,0.0
27750,0.0
28000,0.0
28250,0.4
28500,0.0
28750,0.0
29000,0.0
29250,0.0
29500,0.0
29750,0.0
30000,0.0
30250,0.4
30500,0.0
30750,0.0
31000,0.0
31250,0.0
31500,0.0
31750,0.0
32000,0.0
32250,0.4
32500,0.0
32750,0.0
33000,0.0
33250,0.0
33500,0.0
33750,0.0
34000,0.0
34250,0.4
34500,0.0
34750,0.0
35000,0.0
35250,0.0
35500,0.0
35750,0.0
36000,0.0
36250,0.4
36500,0.0
36750,0.0
37000,0.0
37250,0.0
37500,0.0
37750,0.0
38000,0.0
38250,0.4
38500,0.0
38750,0.0
39000,0.0
39250,0.0
39500,0.0
39750,0.0
40000,0.0
40250,0.4
40500,0.0
40750,0.0
41000,0.0
41250,0.0
41500,0.0
41750,0.0
42000,0.0
42250,0.4
42500,0.0
42750,0.0
43000,0.0
43250,0.0
43500,0.0
43750,0.0
44000,0.0
44250,0.4
44500,0.0
44750,0.0
45000,0.0
45250,0.0
45500,0.0
45750,0.0
46000,0.0
46250,0.4
46500,0.0
46750,0.0
47000,0.0
47250,0.0
47500,0.0
47750,0.0
48000,0.0
48250,0.4
48500,0.0
48750,0.0
49000,0.0
49250,0.0
49500,0.0
49750,0.0
50000,0.0
50250,0.4
50500,0.0
50750,0.0
51000,0.0
51250,0.0
51500,0.0
51750,0.0
52000,0.0
52250,15.6
52500,24.8
52750,29.2
53000,26.400000000000002
53250,26.8
53500,30.0
53750,22.8
54000,30.4
54250,26.8
54500,24.8
54750,26.0
55000,30.4
55250,28.4
55500,29.599999999999998
55750,27.6
56000,28.4
56250,31.2
56500,29.2
56750,26.8
57000,31.6
57250,28.4
57500,27.6
57750,28.799999999999997
58000,28.799999999999997
58250,26.8
58500,26.8
58750,23.200000000000003
59000,27.6
59250,28.000000000000004
59500,24.4
59750,26.400000000000002
60000,32.4
60250,30.0
60500,31.6
60750,26.400000000000002
61000,32.4
61250,27.200000000000003
61500,28.4
61750,29.2
62000,26.0
62250,30.4
62500,27.6
62750,30.0
63000,28.4
63250,27.200000000000003
63500,27.200000000000003
63750,26.400000000000002
64000,26.400000000000002
64250,31.2
64500,27.6
64750,30.0
65000,25.6
65250,27.6
65500,28.799999999999997
65750,25.2
66000,28.799999999999997
66250,30.0
66500,26.8
66750,27.200000000000003
67000,28.000000000000004
67250,30.0
67500,26.8
67750,29.2
68000,28.000000000000004
68250,28.4
68500,30.4
68750,29.599999999999998
69000,28.000000000000004
69250,28.799999999999997
69500,30.4
69750,28.4
70000,24.8
70250,28.799999999999997
70500,26.0
70750,32.0
71000,30.4
71250,32.0
71500,29.599999999999998
71750,29.599999999999998
72000,26.400000000000002
72250,26.400000000000002
72500,26.400000000000002
72750,26.400000000000002
73000,30.8
73250,32.0
73500,28.4
73750,28.4
74000,30.8
74250,28.000000000000004
74500,27.200000000000003
74750,31.2
75000,28.799999999999997
75250,32.800000000000004
75500,28.4
75750,27.6
76000,28.4
76250,30.0
76500,28.799999999999997
76750,26.400000000000002
77000,25.2
77250,26.0
77500,30.8
77750,32.0
78000,27.200000000000003
78250,30.0
78500,31.2
78750,30.4
79000,30.0
79250,31.2
79500,29.599999999999998
79750,26.400000000000002
80000,29.599999999999998
80250,26.400000000000002
80500,30.4
80750,28.799999999999997
81000,27.6
81250,31.2
81500,26.8
81750,27.6
82000,26.8
82250,29.599999999999998
82500,28.4
82750,31.6
83000,29.2
83250,28.799999999999997
83500,32.0
83750,30.0
84000,30.8
84250,29.599999999999998
84500,29.599999999999998
84750,29.599999999999998
85000,28.799999999999997
85250,24.4
85500,28.799999999999997
85750,26.400000000000002
86000,30.4
86250,30.0
86500,27.6
86750,29.2
87000,31.2
87250,32.800000000000004
87500,27.200000000000003
87750,28.000000000000004
88000,26.8
88250,26.8
88500,28.000000000000004
88750,29.2
89000,27.6
89250,30.0
89500,30.0
89750,27.6
90000,27.200000000000003
90250,30.0
90500,29.599999999999998
90750,30.0
91000,25.2
91250,26.400000000000002
91500,29.2
91750,26.8
92000,28.4
92250,30.4
92500,25.6
92750,25.2
93000,29.599999999999998
93250,30.0
93500,28.000000000000004
93750,28.000000000000004
94000,28.799999999999997
94250,31.6
94500,30.8
94750,30.0
95000,26.8
95250,24.0
95500,29.599999999999998
95750,30.4
96000,26.400000000000002
96250,30.4
96500,29.599999999999998
96750,28.4
97000,27.6
97250,27.6
97500,26.0
97750,27.200000000000003
98000,28.000000000000004
98250,24.8
98500,23.599999999999998
98750,29.599999999999998
99000,24.8
99250,30.4
99500,26.0
99750,28.4
100000,30.4
100250,26.8
100500,26.400000000000002
100750,25.2
101000,25.2
101250,28.799999999999997
101500,26.0
101750,30.0
102000,31.2
102250,27.200000000000003
102500,29.599999999999998
102750,30.0
103000,24.4
103250,26.8
103500,30.4
103750,29.599999999999998
104000,26.400000000000002
104250,32.4
104500,26.400000000000002
104750,29.599999999999998
105000,24.8
105250,27.6
105500,26.400000000000002
105750,27.6
106000,27.200000000000003
106250,30.4
106500,27.6
106750,30.4
107000,30.4
107250,25.6
107500,30.0
107750,30.0
108000,26.8
108250,31.2
108500,30.4
108750,30.4
109000,27.200000000000003
109250,30.0
109500,27.200000000000003
109750,26.400000000000002
110000,29.2
110250,26.0
110500,32.800000000000004
110750,28.4
111000,25.6
111250,28.4
111500,30.0
111750,26.8
112000,30.0
112250,27.6
112500,29.2
112750,25.6
113000,29.2
113250,29.599999999999998
113500,29.599999999999998
113750,28.000000000000004
114000,25.6
114250,31.2
114500,30.8
114750,28.799999999999997
115000,28.000000000000004
115250,27.200000000000003
115500,30.0
115750,31.6
116000,23.200000000000003
116250,28.000000000000004
116500,27.6
116750,32.4
117000,28.000000000000004
117250,34.4
117500,27.6
117750,29.599999999999998
118000,24.8
118250,31.6
118500,28.4
118750,27.200000000000003
119000,26.400000000000002
119250,24.8
119500,28.4
119750,27.6
120000,23.599999999999998
120250,30.0
120500,25.6
120750,26.400000000000002
121000,27.6
121250,31.6
121500,31.2
121750,24.4
122000,24.4
122250,26.0
122500,30.0
122750,25.6
123000,30.0
123250,26.0
123500,26.8
123750,33.6
124000,31.6
124250,26.400000000000002
124500,25.6
124750,30.4
125000,29.2
125250,28.799999999999997
125500,26.0
125750,26.0
126000,29.2
126250,29.599999999999998
126500,25.6
126750,32.4
127000,22.8
127250,29.2
127500,29.2
127750,28.4
128000,29.599999999999998
128250,30.0
128500,26.0
128750,27.200000000000003
129000,27.200000000000003
129250,27.200000000000003
129500,29.2
129750,30.4
130000,28.000000000000004
130250,28.000000000000004
130500,30.0
130750,32.800000000000004
131000,27.200000000000003
131250,30.0
131500,30.8
131750,28.000000000000004
132000,26.400000000000002
132250,25.6
132500,28.4
132750,30.4
133000,28.4
133250,25.2
133500,31.6
133750,27.6
134000,27.6
134250,26.8
134500,28.799999999999997
134750,26.0
135000,24.8
135250,24.8
135500,31.2
135750,30.8
136000,28.799999999999997
136250,28.4
136500,28.4
136750,29.2
137000,27.6
137250,28.000000000000004
137500,28.000000000000004
137750,30.8
138000,30.0
138250,34.0
138500,28.000000000000004
138750,30.4
139000,24.4
139250,30.8
139500,25.2
139750,30.0
140000,29.599999999999998
140250,29.2
140500,27.200000000000003
140750,28.799999999999997
141000,24.8
141250,31.2
141500,26.400000000000002
141750,29.599999999999998
142000,29.2
142250,30.4
142500,30.0
142750,28.000000000000004
143000,33.2
143250,25.2
143500,28.799999999999997
143750,30.4
144000,32.4
144250,23.599999999999998
144500,25.6
144750,29.599999999999998
145000,27.6
145250,29.599999999999998
145500,32.800000000000004
145750,28.000000000000004
146000,30.4
146250,25.6
146500,26.0
146750,31.6
147000,28.000000000000004
147250,26.0
147500,29.2
147750,30.8
148000,22.8
148250,27.6
148500,25.6
148750,28.799999999999997
149000,26.400000000000002
149250,26.400000000000002
149500,27.200000000000003
149750,28.799999999999997
150000,29.2
150250,31.6
150500,26.400000000000002
150750,26.400000000000002
151000,30.4
151250,29.599999999999998
151500,29.599999999999998
151750,30.4
152000,26.8
