250,0.0
500,0.0
750,0.0
1000,0.0
1250,0.0
1500,0.0
1750,0.0
2000,0.0
2250,0.4
2500,0.0
2750,0.0
3000,0.0
3250,0.0
3500,0.0
3750,0.0
4000,0.0
4250,0.4
4500,0.0
4750,0.0
5000,0.0
5250,0.0
5500,0.0
5750,0.0
6000,0.0
6250,0.4
6500,0.0
6750,0.0
7000,0.0
7250,0.0
7500,0.0
7750,0.0
8000,0.0
8250,0.4
8500,0.0
8750,0.0
9000,0.0
9250,0.0
9500,0.0
9750,0.0
10000,0.0
10250,0.4
10500,0.0
10750,0.0
11000,0.0
11250,0.0
11500,0.0
11750,0.0
12000,0.0
12250,0.4
12500,0.0
12750,0.0
13000,0.0
13250,0.0
13500,0.0
13750,0.0
14000,0.0
14250,0.4
14500,0.0
14750,0.0
15000,0.0
15250,0.0
15500,0.0
15750,0.0
16000,0.0
16250,0.4
16500,0.0
16750,0.0
17000,0.0
17250,0.0
17500,0.0
17750,0.0
18000,0.0
18250,0.4
18500,0.0
18750,0.0
19000,0.0
19250,0.0
19500,0.0
19750,0.0
20000,0.0
20250,0.4
20500,0.0
20750,0.0
21000,0.0
21250,0.0
21500,0.0
21750,0.0
22000,0.0
22250,0.4
22500,0.0
22750,0.0
23000,0.0
23250,0.0
23500,0.0
23750,0.0
24000,0.0
24250,0.4
24500,0.0
24750,0.0
25000,0.0
25250,0.0
25500,0.0
25750,0.0
26000,0.0
26250,0.4
26500,0.0
26750,0.0
27000,0.0
27250,0.0
27500,0.0
27750,0.0
28000,0.0
28250,0.4
28500,0.0
28750,0.0
29000,0.0
29250,0.0
29500,0.0
29750,0.0
30000,0.0
30250,0.4
30500,0.0
30750,0.0
31000,0.0
31250,0.0
31500,0.0
31750,0.0
32000,0.0
32250,0.4
32500,0.0
32750,0.0
33000,0.0
33250,0.0
33500,0.0
33750,0.0
34000,0.0
34250,0.4
34500,0.0
34750,0.0
35000,0.0
35250,0.0
35500,0.0
35750,0.0
36000,0.0
36250,0.4
36500,0.0
36750,0.0
37000,0.0
37250,0.0
37500,0.0
37750,0.0
38000,0.0
38250,0.4
38500,0.0
38750,0.0
39000,0.0
39250,0.0
39500,0.0
39750,0.0
40000,0.0
40250,0.4
40500,0.0
40750,0.0
41000,0.0
41250,0.0
41500,0.0
41750,0.0
42000,0.0
42250,0.4
42500,0.0
42750,0.0
43000,0.0
43250,0.0
43500,0.0
43750,0.0
44000,0.0
44250,0.4
44500,0.0
44750,0.0
45000,0.0
45250,0.0
45500,0.0
45750,0.0
46000,0.0
46250,0.4
46500,0.0
46750,0.0
47000,0.0
47250,0.0
47500,0.0
47750,0.0
48000,0.0
48250,0.4
48500,0.0
48750,0.0
49000,0.0
49250,0.0
49500,0.0
49750,0.0
50000,0.0
50250,0.4
50500,0.0
50750,0.0
51000,0.0
51250,0.0
51500,0.0
51750,0.0
52000,0.0
52250,20.8
52500,42.4
52750,48.4
53000,51.2
53250,50.4
53500,50.0
53750,50.8
54000,52.800000000000004
54250,51.2
54500,50.8
54750,50.0
55000,50.0
55250,50.4
55500,50.4
55750,50.4
56000,50.8
56250,51.2
56500,50.0
56750,51.2
57000,50.0
57250,51.2
57500,51.2
57750,50.8
58000,50.8
58250,50.0
58500,50.4
58750,50.0
59000,51.2
59250,50.8
59500,50.4
59750,50.4
60000,52.0
60250,51.2
60500,50.4
60750,50.0
61000,50.4
61250,50.8
61500,50.0
61750,50.0
62000,50.0
62250,50.8
62500,50.4
62750,50.4
63000,50.8
63250,51.2
63500,51.2
63750,52.0
64000,50.0
64250,50.8
64500,50.4
64750,50.8
65000,50.8
65250,50.8
65500,50.4
65750,50.4
66000,51.2
66250,51.6
66500,51.6
66750,50.8
67000,50.4
67250,51.2
67500,50.4
67750,50.8
68000,50.8
68250,50.4
68500,50.4
68750,50.0
69000,50.4
69250,50.8
69500,50.4
69750,50.4
70000,50.4
70250,50.8
70500,51.2
70750,50.8
71000,50.4
71250,51.2
71500,51.6
71750,50.0
72000,50.8
72250,50.8
72500,50.4
72750,50.4
73000,50.8
73250,51.6
73500,51.2
73750,50.4
74000,50.4
74250,51.2
74500,50.4
74750,50.0
75000,51.2
75250,51.2
75500,50.4
75750,51.2
76000,50.4
76250,51.6
76500,50.4
76750,50.4
77000,51.2
77250,52.0
77500,50.0
77750,50.8
78000,50.8
78250,50.8
78500,50.0
78750,50.4
79000,51.2
79250,52.400000000000006
79500,50.4
79750,50.8
80000,50.4
80250,50.8
80500,50.4
80750,50.4
81000,50.8
81250,50.0
81500,50.4
81750,52.0
82000,50.4
82250,51.2
82500,52.0
82750,50.8
83000,50.4
83250,50.0
83500,51.6
83750,51.6
84000,50.4
84250,50.0
84500,50.8
84750,50.4
85000,50.8
85250,51.2
85500,51.2
85750,50.8
86000,50.8
86250,50.4
86500,51.6
86750,51.6
87000,51.6
87250,50.4
87500,51.2
87750,50.8
88000,50.4
88250,51.6
88500,50.8
88750,51.2
89000,51.2
89250,51.2
89500,51.6
89750,51.2
90000,50.8
90250,50.0
90500,50.4
90750,50.4
91000,50.4
91250,50.8
91500,51.2
91750,50.4
92000,50.0
92250,50.0
92500,50.8
92750,50.0
93000,50.4
93250,51.6
93500,51.6
93750,50.8
94000,52.0
94250,50.4
94500,50.4
94750,50.8
95000,51.2
95250,51.2
95500,51.6
95750,51.2
96000,50.4
96250,50.4
96500,50.0
96750,50.4
97000,51.2
97250,50.8
97500,51.2
97750,50.8
98000,50.4
98250,51.6
98500,50.4
98750,50.8
99000,50.4
99250,50.4
99500,50.0
99750,50.8
100000,50.8
100250,50.0
100500,50.4
100750,50.8
101000,50.4
101250,50.4
101500,51.6
101750,50.4
102000,50.0
102250,50.4
102500,50.0
102750,50.8
103000,51.6
103250,50.0
103500,50.0
103750,51.2
104000,50.8
104250,51.2
104500,50.4
104750,51.6
105000,52.0
105250,51.2
105500,52.0
105750,51.2
106000,50.8
106250,50.0
106500,51.2
106750,50.8
107000,51.2
107250,50.4
107500,51.2
107750,50.4
108000,50.8
108250,50.0
108500,51.6
108750,51.6
109000,52.400000000000006
109250,51.2
109500,50.4
109750,50.8
110000,50.4
110250,51.6
110500,52.400000000000006
110750,50.8
111000,50.8
111250,51.2
111500,52.0
111750,51.2
112000,51.2
112250,50.8
112500,50.4
112750,52.400000000000006
113000,52.0
113250,51.2
113500,50.4
113750,51.2
114000,51.2
114250,51.6
114500,52.0
114750,51.6
115000,50.0
115250,51.6
115500,50.8
115750,50.4
116000,50.4
116250,50.0
116500,50.4
116750,50.0
117000,50.8
117250,50.8
117500,50.8
117750,50.8
118000,50.8
118250,50.4
118500,50.8
118750,51.6
119000,51.2
119250,50.0
119500,51.6
119750,50.4
120000,50.8
120250,50.4
120500,51.2
120750,50.8
121000,50.4
121250,50.8
121500,50.4
121750,50.8
122000,50.4
122250,52.800000000000004
122500,50.4
122750,52.400000000000006
123000,50.4
123250,50.8
123500,50.8
123750,51.2
124000,50.8
124250,50.8
124500,50.8
124750,51.2
125000,51.2
125250,50.0
125500,52.0
125750,50.0
126000,51.6
126250,50.8
126500,51.2
126750,50.0
127000,50.4
127250,51.2
127500,50.8
127750,50.4
128000,50.4
128250,50.0
128500,50.4
128750,50.0
129000,50.8
129250,50.0
129500,51.2
129750,51.6
130000,50.0
130250,50.0
130500,50.4
130750,51.2
131000,50.8
131250,50.8
131500,50.0
131750,51.2
132000,51.6
132250,51.2
132500,50.4
132750,50.8
133000,51.2
133250,51.2
133500,50.8
133750,52.400000000000006
134000,50.0
134250,50.4
134500,51.2
134750,50.0
135000,51.2
135250,50.4
135500,50.4
135750,50.0
136000,50.8
136250,50.4
136500,51.2
136750,50.8
137000,50.8
137250,51.2
137500,50.8
137750,50.4
138000,51.6
138250,51.6
138500,50.4
138750,50.4
139000,51.2
139250,50.4
139500,50.4
139750,50.0
140000,50.8
140250,50.0
140500,51.2
140750,50.4
141000,50.4
141250,50.4
141500,50.0
141750,50.8
142000,50.0
142250,51.2
142500,50.8
142750,50.8
143000,50.8
143250,51.2
143500,50.8
143750,50.0
144000,51.6
144250,50.8
144500,50.8
144750,50.4
145000,50.4
145250,51.6
145500,50.0
145750,51.2
146000,51.2
146250,51.2
146500,50.4
146750,50.4
147000,51.2
147250,50.0
147500,50.4
147750,50.4
148000,50.0
148250,51.2
148500,50.0
148750,51.2
149000,51.2
149250,51.6
149500,50.8
149750,51.2
150000,50.8
150250,51.2
150500,52.0
150750,50.8
151000,50.0
151250,50.0
151500,50.8
151750,50.8
152000,50.0
