60,0.07438108959809475,0.0005921013677541595
80,0.05758514746613509,0.0003947342451694397
100,0.041618147249031255,0.00023026164301550648
120,0.03746685877066598,7.894684903388794e-05
140,0.043052348339813556,2.631561634462931e-05
160,0.049887829685331016,6.5789040861573275e-06
180,0.0564272603469714,0.0
200,0.06255879895527003,6.5789040861573275e-06
250,0.07671002164459444,1.3157808172314655e-05
300,0.08919020269603489,6.5789040861573275e-06
350,0.10125591279004743,2.631561634462931e-05
400,0.11247294425694568,1.9736712258471985e-05
450,0.12359129216255156,2.631561634462931e-05
