60,81.3290702034855,18.670929796514496
80,75.44160893678331,24.55839106321669
100,70.43374714640035,29.566252853599646
120,67.79100137499096,32.208998625009045
140,67.14363721291308,32.85636278708693
160,66.96929625462991,33.03070374537009
180,66.88574417273571,33.114255827264294
200,66.80679732370182,33.193202676298185
250,66.63311425582727,33.366885744172734
300,66.45614173590964,33.54385826409037
350,66.28706390089539,33.71293609910461
400,66.11403872342945,33.88596127657055
450,65.93903987473767,34.06096012526233
