250,0.0
500,0.0
750,0.0
1000,0.0
1250,0.0
1500,0.0
1750,0.0
2000,0.0
2250,71.6
2500,0.0
2750,0.0
3000,0.0
3250,0.0
3500,0.0
3750,0.0
4000,0.0
4250,71.6
4500,0.0
4750,0.0
5000,0.0
5250,0.0
5500,0.0
5750,0.0
6000,0.0
6250,71.6
6500,0.0
6750,0.0
7000,0.0
7250,0.0
7500,0.0
7750,0.0
8000,0.0
8250,71.6
8500,0.0
8750,0.0
9000,0.0
9250,0.0
9500,0.0
9750,0.0
10000,0.0
10250,71.6
10500,0.0
10750,0.0
11000,0.0
11250,0.0
11500,0.0
11750,0.0
12000,0.0
12250,71.6
12500,0.0
12750,0.0
13000,0.0
13250,0.0
13500,0.0
13750,0.0
14000,0.0
14250,71.6
14500,0.0
14750,0.0
15000,0.0
15250,0.0
15500,0.0
15750,0.0
16000,0.0
16250,71.6
16500,0.0
16750,0.0
17000,0.0
17250,0.0
17500,0.0
17750,0.0
18000,0.0
18250,71.6
18500,0.0
18750,0.0
19000,0.0
19250,0.0
19500,0.0
19750,0.0
20000,0.0
20250,71.6
20500,0.0
20750,0.0
21000,0.0
21250,0.0
21500,0.0
21750,0.0
22000,0.0
22250,71.6
22500,0.0
22750,0.0
23000,0.0
23250,0.0
23500,0.0
23750,0.0
24000,0.0
24250,71.6
24500,0.0
24750,0.0
25000,0.0
25250,0.0
25500,0.0
25750,0.0
26000,0.0
26250,71.6
26500,0.0
26750,0.0
27000,0.0
27250,0.0
27500,0.0
27750,0.0
28000,0.0
28250,71.6
28500,0.0
28750,0.0
29000,0.0
29250,0.0
29500,0.0
29750,0.0
30000,0.0
30250,71.6
30500,0.0
30750,0.0
31000,0.0
31250,0.0
31500,0.0
31750,0.0
32000,0.0
32250,71.6
32500,0.0
32750,0.0
33000,0.0
33250,0.0
33500,0.0
33750,0.0
34000,0.0
34250,71.6
34500,0.0
34750,0.0
35000,0.0
35250,0.0
35500,0.0
35750,0.0
36000,0.0
36250,71.6
36500,0.0
36750,0.0
37000,0.0
37250,0.0
37500,0.0
37750,0.0
38000,0.0
38250,71.6
38500,0.0
38750,0.0
39000,0.0
39250,0.0
39500,0.0
39750,0.0
40000,0.0
40250,71.6
40500,0.0
40750,0.0
41000,0.0
41250,0.0
41500,0.0
41750,0.0
42000,0.0
42250,71.6
42500,0.0
42750,0.0
43000,0.0
43250,0.0
43500,0.0
43750,0.0
44000,0.0
44250,71.6
44500,0.0
44750,0.0
45000,0.0
45250,0.0
45500,0.0
45750,0.0
46000,0.0
46250,71.6
46500,0.0
46750,0.0
47000,0.0
47250,0.0
47500,0.0
47750,0.0
48000,0.0
48250,71.6
48500,0.0
48750,0.0
49000,0.0
49250,0.0
49500,0.0
49750,0.0
50000,0.0
50250,71.6
50500,0.0
50750,0.0
51000,0.0
51250,0.0
51500,0.0
51750,0.0
52000,0.0
52250,46.400000000000006
52500,33.2
52750,35.6
53000,36.4
53250,32.4
53500,34.8
53750,32.800000000000004
54000,34.4
54250,37.2
54500,34.0
54750,35.6
55000,35.6
55250,33.2
55500,34.0
55750,33.6
56000,36.0
56250,38.800000000000004
56500,35.6
56750,30.8
57000,33.2
57250,34.0
57500,34.8
57750,34.4
58000,34.0
58250,34.0
58500,34.8
58750,31.2
59000,34.0
59250,34.8
59500,32.800000000000004
59750,35.199999999999996
60000,37.2
60250,36.8
60500,34.0
60750,33.2
61000,34.8
61250,29.2
61500,33.6
61750,36.0
62000,30.4
62250,34.8
62500,34.0
62750,34.4
63000,35.6
63250,32.0
63500,35.6
63750,32.800000000000004
64000,34.8
64250,35.199999999999996
64500,35.6
64750,35.199999999999996
65000,35.199999999999996
65250,32.0
65500,36.4
65750,33.2
66000,35.199999999999996
66250,33.6
66500,31.6
66750,36.0
67000,34.4
67250,36.4
67500,32.4
67750,36.0
68000,34.0
68250,35.6
68500,37.6
68750,35.199999999999996
69000,34.4
69250,34.4
69500,35.199999999999996
69750,32.800000000000004
70000,31.6
70250,36.8
70500,35.6
70750,35.6
71000,33.2
71250,37.2
71500,32.800000000000004
71750,31.6
72000,34.4
72250,34.4
72500,34.0
72750,33.6
73000,33.6
73250,35.199999999999996
73500,34.8
73750,36.4
74000,40.0
74250,33.6
74500,34.8
74750,32.800000000000004
75000,35.6
75250,35.199999999999996
75500,34.8
75750,34.8
76000,38.0
76250,32.0
76500,36.0
76750,32.800000000000004
77000,31.6
77250,34.4
77500,37.2
77750,35.199999999999996
78000,30.8
78250,36.8
78500,34.8
78750,33.6
79000,36.4
79250,34.8
79500,37.2
79750,35.6
80000,36.0
80250,36.0
80500,36.8
80750,34.4
81000,34.0
81250,37.2
81500,34.0
81750,35.6
82000,29.2
82250,35.199999999999996
82500,34.0
82750,37.2
83000,33.6
83250,34.4
83500,37.2
83750,35.199999999999996
84000,35.199999999999996
84250,35.6
84500,32.800000000000004
84750,36.0
85000,34.8
85250,31.6
85500,34.4
85750,34.0
86000,34.0
86250,34.4
86500,36.0
86750,35.199999999999996
87000,34.4
87250,36.0
87500,31.2
87750,36.0
88000,33.6
88250,32.4
88500,32.800000000000004
88750,34.4
89000,34.4
89250,32.800000000000004
89500,35.6
89750,34.0
90000,33.6
90250,35.6
90500,33.6
90750,35.6
91000,31.6
91250,35.6
91500,34.0
91750,30.8
92000,36.8
92250,35.6
92500,35.6
92750,31.2
93000,34.0
93250,32.800000000000004
93500,35.199999999999996
93750,32.4
94000,33.6
94250,35.6
94500,35.6
94750,36.8
95000,30.4
95250,34.8
95500,34.0
95750,36.8
96000,34.0
96250,33.6
96500,35.6
96750,34.4
97000,33.2
97250,35.6
97500,33.6
97750,34.8
98000,37.6
98250,35.6
98500,33.2
98750,34.0
99000,32.0
99250,35.6
99500,33.6
99750,34.8
100000,34.0
100250,29.599999999999998
100500,35.199999999999996
100750,33.6
101000,32.800000000000004
101250,36.4
101500,34.0
101750,36.8
102000,36.4
102250,35.199999999999996
102500,36.4
102750,35.6
103000,33.2
103250,34.4
103500,32.800000000000004
103750,35.199999999999996
104000,34.4
104250,38.0
104500,33.2
104750,32.800000000000004
105000,34.0
105250,35.199999999999996
105500,35.199999999999996
105750,33.2
106000,32.800000000000004
106250,36.4
106500,34.8
106750,34.8
107000,34.4
107250,32.0
107500,34.8
107750,34.4
108000,33.6
108250,35.6
108500,36.0
108750,37.2
109000,34.4
109250,34.8
109500,36.4
109750,33.6
110000,35.6
110250,33.2
110500,34.4
110750,35.199999999999996
111000,36.8
111250,34.4
111500,36.4
111750,33.6
112000,36.8
112250,31.2
112500,36.4
112750,34.8
113000,34.4
113250,35.6
113500,35.199999999999996
113750,32.4
114000,33.6
114250,34.4
114500,34.8
114750,34.8
115000,33.6
115250,35.199999999999996
115500,36.0
115750,38.0
116000,32.0
116250,34.8
116500,34.0
116750,35.6
117000,34.0
117250,36.8
117500,34.0
117750,34.4
118000,36.0
118250,37.2
118500,34.0
118750,36.0
119000,35.199999999999996
119250,33.6
119500,35.199999999999996
119750,34.8
120000,34.4
120250,34.8
120500,30.4
120750,34.4
121000,33.2
121250,37.2
121500,34.8
121750,32.800000000000004
122000,34.0
122250,35.199999999999996
122500,33.6
122750,32.0
123000,32.4
123250,35.199999999999996
123500,34.8
123750,31.6
124000,34.4
124250,35.6
124500,33.2
124750,33.6
125000,34.0
125250,36.8
125500,32.800000000000004
125750,34.8
126000,34.0
126250,34.4
126500,30.4
126750,37.6
127000,32.4
127250,35.6
127500,35.6
127750,33.2
128000,34.0
128250,35.199999999999996
128500,32.800000000000004
128750,33.6
129000,35.199999999999996
129250,36.0
129500,34.0
129750,32.800000000000004
130000,34.8
130250,36.4
130500,34.8
130750,35.199999999999996
131000,32.800000000000004
131250,31.2
131500,32.0
131750,32.4
132000,34.8
132250,34.8
132500,33.6
132750,34.8
133000,34.8
133250,32.800000000000004
133500,37.6
133750,32.0
134000,34.4
134250,36.0
134500,33.2
134750,30.8
135000,32.4
135250,30.0
135500,32.800000000000004
135750,36.0
136000,34.8
136250,32.800000000000004
136500,36.0
136750,36.0
137000,36.8
137250,34.8
137500,32.4
137750,35.6
138000,34.0
138250,36.0
138500,36.4
138750,37.2
139000,30.0
139250,36.4
139500,32.4
139750,34.4
140000,34.8
140250,38.0
140500,32.800000000000004
140750,34.4
141000,31.2
141250,34.4
141500,33.6
141750,31.2
142000,32.800000000000004
142250,34.8
142500,31.6
142750,32.800000000000004
143000,37.2
143250,34.4
143500,33.2
143750,36.0
144000,36.8
144250,32.0
144500,34.0
144750,34.8
145000,33.6
145250,35.199999999999996
145500,36.0
145750,33.6
146000,34.8
146250,33.6
146500,34.4
146750,37.2
147000,32.0
147250,34.8
147500,32.4
147750,35.199999999999996
148000,32.0
148250,35.6
148500,32.800000000000004
148750,33.6
149000,36.0
149250,33.6
149500,34.4
149750,32.4
150000,34.8
150250,36.8
150500,34.4
150750,34.8
151000,32.4
151250,36.8
151500,34.8
151750,37.2
152000,34.0
