250,0.0
500,0.0
750,0.0
1000,0.0
1250,0.0
1500,0.0
1750,0.0
2000,0.0
2250,47.599999999999994
2500,0.0
2750,0.0
3000,0.0
3250,0.0
3500,0.0
3750,0.0
4000,0.0
4250,47.599999999999994
4500,0.0
4750,0.0
5000,0.0
5250,0.0
5500,0.0
5750,0.0
6000,0.0
6250,47.599999999999994
6500,0.0
6750,0.0
7000,0.0
7250,0.0
7500,0.0
7750,0.0
8000,0.0
8250,47.599999999999994
8500,0.0
8750,0.0
9000,0.0
9250,0.0
9500,0.0
9750,0.0
10000,0.0
10250,47.599999999999994
10500,0.0
10750,0.0
11000,0.0
11250,0.0
11500,0.0
11750,0.0
12000,0.0
12250,47.599999999999994
12500,0.0
12750,0.0
13000,0.0
13250,0.0
13500,0.0
13750,0.0
14000,0.0
14250,47.599999999999994
14500,0.0
14750,0.0
15000,0.0
15250,0.0
15500,0.0
15750,0.0
16000,0.0
16250,47.599999999999994
16500,0.0
16750,0.0
17000,0.0
17250,0.0
17500,0.0
17750,0.0
18000,0.0
18250,47.599999999999994
18500,0.0
18750,0.0
19000,0.0
19250,0.0
19500,0.0
19750,0.0
20000,0.0
20250,47.599999999999994
20500,0.0
20750,0.0
21000,0.0
21250,0.0
21500,0.0
21750,0.0
22000,0.0
22250,47.599999999999994
22500,0.0
22750,0.0
23000,0.0
23250,0.0
23500,0.0
23750,0.0
24000,0.0
24250,47.599999999999994
24500,0.0
24750,0.0
25000,0.0
25250,0.0
25500,0.0
25750,0.0
26000,0.0
26250,47.599999999999994
26500,0.0
26750,0.0
27000,0.0
27250,0.0
27500,0.0
27750,0.0
28000,0.0
28250,47.599999999999994
28500,0.0
28750,0.0
29000,0.0
29250,0.0
29500,0.0
29750,0.0
30000,0.0
30250,47.599999999999994
30500,0.0
30750,0.0
31000,0.0
31250,0.0
31500,0.0
31750,0.0
32000,0.0
32250,47.599999999999994
32500,0.0
32750,0.0
33000,0.0
33250,0.0
33500,0.0
33750,0.0
34000,0.0
34250,47.599999999999994
34500,0.0
34750,0.0
35000,0.0
35250,0.0
35500,0.0
35750,0.0
36000,0.0
36250,47.599999999999994
36500,0.0
36750,0.0
37000,0.0
37250,0.0
37500,0.0
37750,0.0
38000,0.0
38250,47.599999999999994
38500,0.0
38750,0.0
39000,0.0
39250,0.0
39500,0.0
39750,0.0
40000,0.0
40250,47.599999999999994
40500,0.0
40750,0.0
41000,0.0
41250,0.0
41500,0.0
41750,0.0
42000,0.0
42250,47.599999999999994
42500,0.0
42750,0.0
43000,0.0
43250,0.0
43500,0.0
43750,0.0
44000,0.0
44250,47.599999999999994
44500,0.0
44750,0.0
45000,0.0
45250,0.0
45500,0.0
45750,0.0
46000,0.0
46250,47.599999999999994
46500,0.0
46750,0.0
47000,0.0
47250,0.0
47500,0.0
47750,0.0
48000,0.0
48250,47.599999999999994
48500,0.0
48750,0.0
49000,0.0
49250,0.0
49500,0.0
49750,0.0
50000,0.0
50250,47.599999999999994
50500,0.0
50750,0.0
51000,0.0
51250,0.0
51500,0.0
51750,0.0
52000,0.0
52250,32.4
52500,24.4
52750,25.6
53000,27.200000000000003
53250,22.8
53500,28.000000000000004
53750,21.6
54000,23.200000000000003
54250,27.6
54500,25.2
54750,29.2
55000,27.6
55250,26.0
55500,25.6
55750,26.400000000000002
56000,26.400000000000002
56250,30.8
56500,27.200000000000003
56750,21.2
57000,24.8
57250,26.0
57500,24.0
57750,24.8
58000,25.2
58250,24.8
58500,28.000000000000004
58750,24.8
59000,23.200000000000003
59250,24.8
59500,23.200000000000003
59750,27.6
60000,26.0
60250,27.6
60500,24.0
60750,27.200000000000003
61000,26.8
61250,24.8
61500,28.4
61750,24.4
62000,22.8
62250,27.6
62500,24.4
62750,24.8
63000,29.2
63250,24.0
63500,25.6
63750,24.8
64000,24.8
64250,26.0
64500,28.4
64750,26.8
65000,26.400000000000002
65250,24.4
65500,27.200000000000003
65750,26.8
66000,26.8
66250,24.4
66500,21.2
66750,26.8
67000,26.0
67250,26.400000000000002
67500,25.2
67750,28.000000000000004
68000,27.6
68250,25.2
68500,26.400000000000002
68750,22.8
69000,26.400000000000002
69250,27.200000000000003
69500,27.6
69750,23.599999999999998
70000,23.599999999999998
70250,25.2
70500,24.8
70750,29.2
71000,24.0
71250,27.6
71500,23.599999999999998
71750,22.8
72000,24.4
72250,24.4
72500,24.8
72750,23.599999999999998
73000,23.200000000000003
73250,28.000000000000004
73500,25.2
73750,26.400000000000002
74000,30.4
74250,24.4
74500,22.0
74750,23.599999999999998
75000,30.0
75250,26.0
75500,25.6
75750,26.0
76000,26.8
76250,22.0
76500,24.4
76750,24.0
77000,23.599999999999998
77250,26.0
77500,27.200000000000003
77750,27.6
78000,21.2
78250,29.599999999999998
78500,26.0
78750,24.4
79000,26.8
79250,24.8
79500,26.0
79750,27.200000000000003
80000,25.2
80250,24.0
80500,27.6
80750,24.4
81000,24.8
81250,27.6
81500,23.200000000000003
81750,26.8
82000,22.400000000000002
82250,23.599999999999998
82500,23.599999999999998
82750,26.400000000000002
83000,24.0
83250,25.2
83500,28.000000000000004
83750,27.200000000000003
84000,24.4
84250,23.599999999999998
84500,24.0
84750,25.2
85000,28.000000000000004
85250,23.599999999999998
85500,27.6
85750,27.200000000000003
86000,25.6
86250,26.400000000000002
86500,24.0
86750,24.8
87000,26.400000000000002
87250,29.599999999999998
87500,21.2
87750,24.8
88000,22.8
88250,25.2
88500,23.599999999999998
88750,22.8
89000,26.400000000000002
89250,24.0
89500,25.6
89750,24.4
90000,26.400000000000002
90250,28.4
90500,25.2
90750,24.8
91000,22.400000000000002
91250,26.0
91500,26.0
91750,23.599999999999998
92000,27.6
92250,24.0
92500,23.200000000000003
92750,22.8
93000,25.2
93250,26.0
93500,26.400000000000002
93750,25.6
94000,22.0
94250,24.8
94500,26.400000000000002
94750,28.799999999999997
95000,23.599999999999998
95250,21.6
95500,24.0
95750,25.6
96000,25.6
96250,27.6
96500,25.2
96750,27.6
97000,22.8
97250,24.8
97500,23.200000000000003
97750,24.0
98000,25.2
98250,26.0
98500,26.8
98750,26.0
99000,26.8
99250,28.000000000000004
99500,24.4
99750,24.8
100000,24.8
100250,22.0
100500,28.000000000000004
100750,24.4
101000,24.8
101250,30.0
101500,25.2
101750,26.8
102000,25.6
102250,25.2
102500,26.8
102750,24.0
103000,24.4
103250,27.200000000000003
103500,25.6
103750,26.0
104000,24.4
104250,29.2
104500,22.0
104750,26.400000000000002
105000,25.2
105250,26.400000000000002
105500,24.4
105750,26.0
106000,25.2
106250,24.0
106500,25.2
106750,25.6
107000,26.0
107250,24.8
107500,24.8
107750,24.8
108000,23.599999999999998
108250,24.4
108500,26.0
108750,28.000000000000004
109000,28.4
109250,25.6
109500,25.2
109750,23.200000000000003
110000,26.8
110250,26.400000000000002
110500,25.6
110750,28.4
111000,28.4
111250,24.8
111500,26.0
111750,25.6
112000,28.799999999999997
112250,22.8
112500,28.4
112750,27.200000000000003
113000,24.8
113250,26.0
113500,24.0
113750,22.8
114000,24.8
114250,26.8
114500,27.200000000000003
114750,26.0
115000,23.599999999999998
115250,26.0
115500,21.2
115750,24.0
116000,23.599999999999998
116250,23.599999999999998
116500,24.4
116750,25.2
117000,26.0
117250,30.8
117500,25.2
117750,24.8
118000,26.8
118250,28.4
118500,22.400000000000002
118750,28.000000000000004
119000,25.2
119250,25.6
119500,26.8
119750,26.0
120000,26.0
120250,27.6
120500,22.0
120750,27.6
121000,24.4
121250,30.0
121500,27.200000000000003
121750,24.0
122000,26.400000000000002
122250,24.4
122500,26.8
122750,24.0
123000,24.8
123250,27.200000000000003
123500,27.200000000000003
123750,24.4
124000,26.400000000000002
124250,26.400000000000002
124500,22.400000000000002
124750,25.2
125000,26.0
125250,29.2
125500,25.2
125750,24.0
126000,26.400000000000002
126250,31.2
126500,24.0
126750,24.8
127000,24.0
127250,24.8
127500,26.0
127750,26.400000000000002
128000,24.0
128250,26.8
128500,24.0
128750,24.0
129000,27.200000000000003
129250,26.0
129500,24.8
129750,26.0
130000,22.8
130250,26.8
130500,26.8
130750,28.4
131000,20.8
131250,24.0
131500,20.8
131750,24.0
132000,24.8
132250,28.000000000000004
132500,25.2
132750,23.599999999999998
133000,24.4
133250,25.2
133500,30.8
133750,22.400000000000002
134000,23.200000000000003
134250,26.0
134500,26.8
134750,21.2
135000,25.6
135250,24.4
135500,25.6
135750,26.0
136000,26.0
136250,25.2
136500,24.4
136750,28.4
137000,28.000000000000004
137250,25.6
137500,24.4
137750,28.000000000000004
138000,25.2
138250,27.200000000000003
138500,26.0
138750,28.799999999999997
139000,20.8
139250,27.200000000000003
139500,24.8
139750,24.4
140000,26.8
140250,26.400000000000002
140500,23.599999999999998
140750,27.6
141000,22.400000000000002
141250,26.400000000000002
141500,26.400000000000002
141750,24.8
142000,26.0
142250,27.6
142500,26.400000000000002
142750,24.8
143000,26.400000000000002
143250,26.0
143500,26.8
143750,27.6
144000,28.000000000000004
144250,25.6
144500,28.4
144750,22.0
145000,25.2
145250,28.799999999999997
145500,28.000000000000004
145750,26.400000000000002
146000,24.8
146250,25.2
146500,24.0
146750,23.599999999999998
147000,21.2
147250,26.0
147500,27.6
147750,26.400000000000002
148000,21.6
148250,29.2
148500,24.8
148750,25.6
149000,26.8
149250,22.0
149500,26.400000000000002
149750,22.8
150000,25.2
150250,24.4
150500,24.8
150750,25.6
151000,25.6
151250,24.8
151500,25.6
151750,26.0
152000,24.4
