250,0.0
500,0.0
750,0.0
1000,0.0
1250,0.0
1500,0.0
1750,0.0
2000,0.0
2250,55.60000000000001
2500,0.0
2750,0.0
3000,0.0
3250,0.0
3500,0.0
3750,0.0
4000,0.0
4250,55.60000000000001
4500,0.0
4750,0.0
5000,0.0
5250,0.0
5500,0.0
5750,0.0
6000,0.0
6250,55.60000000000001
6500,0.0
6750,0.0
7000,0.0
7250,0.0
7500,0.0
7750,0.0
8000,0.0
8250,55.60000000000001
8500,0.0
8750,0.0
9000,0.0
9250,0.0
9500,0.0
9750,0.0
10000,0.0
10250,55.60000000000001
10500,0.0
10750,0.0
11000,0.0
11250,0.0
11500,0.0
11750,0.0
12000,0.0
12250,55.60000000000001
12500,0.0
12750,0.0
13000,0.0
13250,0.0
13500,0.0
13750,0.0
14000,0.0
14250,55.60000000000001
14500,0.0
14750,0.0
15000,0.0
15250,0.0
15500,0.0
15750,0.0
16000,0.0
16250,55.60000000000001
16500,0.0
16750,0.0
17000,0.0
17250,0.0
17500,0.0
17750,0.0
18000,0.0
18250,55.60000000000001
18500,0.0
18750,0.0
19000,0.0
19250,0.0
19500,0.0
19750,0.0
20000,0.0
20250,55.60000000000001
20500,0.0
20750,0.0
21000,0.0
21250,0.0
21500,0.0
21750,0.0
22000,0.0
22250,55.60000000000001
22500,0.0
22750,0.0
23000,0.0
23250,0.0
23500,0.0
23750,0.0
24000,0.0
24250,55.60000000000001
24500,0.0
24750,0.0
25000,0.0
25250,0.0
25500,0.0
25750,0.0
26000,0.0
26250,55.60000000000001
26500,0.0
26750,0.0
27000,0.0
27250,0.0
27500,0.0
27750,0.0
28000,0.0
28250,55.60000000000001
28500,0.0
28750,0.0
29000,0.0
29250,0.0
29500,0.0
29750,0.0
30000,0.0
30250,55.60000000000001
30500,0.0
30750,0.0
31000,0.0
31250,0.0
31500,0.0
31750,0.0
32000,0.0
32250,55.60000000000001
32500,0.0
32750,0.0
33000,0.0
33250,0.0
33500,0.0
33750,0.0
34000,0.0
34250,55.60000000000001
34500,0.0
34750,0.0
35000,0.0
35250,0.0
35500,0.0
35750,0.0
36000,0.0
36250,55.60000000000001
36500,0.0
36750,0.0
37000,0.0
37250,0.0
37500,0.0
37750,0.0
38000,0.0
38250,55.60000000000001
38500,0.0
38750,0.0
39000,0.0
39250,0.0
39500,0.0
39750,0.0
40000,0.0
40250,55.60000000000001
40500,0.0
40750,0.0
41000,0.0
41250,0.0
41500,0.0
41750,0.0
42000,0.0
42250,55.60000000000001
42500,0.0
42750,0.0
43000,0.0
43250,0.0
43500,0.0
43750,0.0
44000,0.0
44250,55.60000000000001
44500,0.0
44750,0.0
45000,0.0
45250,0.0
45500,0.0
45750,0.0
46000,0.0
46250,55.60000000000001
46500,0.0
46750,0.0
47000,0.0
47250,0.0
47500,0.0
47750,0.0
48000,0.0
48250,55.60000000000001
48500,0.0
48750,0.0
49000,0.0
49250,0.0
49500,0.0
49750,0.0
50000,0.0
50250,55.60000000000001
50500,0.0
50750,0.0
51000,0.0
51250,0.0
51500,0.0
51750,0.0
52000,0.0
52250,37.6
52500,29.2
52750,31.6
53000,29.599999999999998
53250,25.2
53500,29.2
53750,26.400000000000002
54000,28.000000000000004
54250,32.4
54500,28.4
54750,32.0
55000,30.0
55250,30.4
55500,29.2
55750,29.599999999999998
56000,28.799999999999997
56250,32.800000000000004
56500,29.599999999999998
56750,24.4
57000,28.000000000000004
57250,28.000000000000004
57500,26.8
57750,28.000000000000004
58000,29.599999999999998
58250,30.4
58500,30.4
58750,27.6
59000,27.6
59250,28.000000000000004
59500,26.400000000000002
59750,31.2
60000,30.8
60250,32.0
60500,28.4
60750,30.0
61000,30.4
61250,26.0
61500,28.799999999999997
61750,30.0
62000,25.6
62250,30.4
62500,29.2
62750,28.4
63000,31.2
63250,26.400000000000002
63500,29.599999999999998
63750,28.4
64000,29.2
64250,29.599999999999998
64500,31.6
64750,29.2
65000,29.599999999999998
65250,25.6
65500,30.0
65750,29.599999999999998
66000,29.2
66250,29.2
66500,24.4
66750,30.0
67000,28.799999999999997
67250,29.2
67500,27.200000000000003
67750,30.4
68000,29.2
68250,28.799999999999997
68500,29.599999999999998
68750,26.400000000000002
69000,28.799999999999997
69250,29.599999999999998
69500,30.8
69750,26.8
70000,26.0
70250,29.2
70500,27.200000000000003
70750,30.8
71000,27.200000000000003
71250,33.6
71500,27.200000000000003
71750,25.6
72000,29.2
72250,29.2
72500,28.000000000000004
72750,28.799999999999997
73000,25.6
73250,31.2
73500,28.799999999999997
73750,30.8
74000,32.4
74250,30.0
74500,28.4
74750,28.799999999999997
75000,32.0
75250,29.2
75500,30.4
75750,28.000000000000004
76000,29.599999999999998
76250,24.0
76500,28.4
76750,26.8
77000,25.2
77250,28.000000000000004
77500,32.4
77750,31.6
78000,24.4
78250,31.6
78500,27.6
78750,27.6
79000,30.8
79250,27.6
79500,28.000000000000004
79750,31.6
80000,28.4
80250,28.4
80500,32.800000000000004
80750,26.0
81000,29.2
81250,29.599999999999998
81500,26.400000000000002
81750,30.8
82000,25.6
82250,27.6
82500,28.000000000000004
82750,29.599999999999998
83000,26.400000000000002
83250,27.200000000000003
83500,32.0
83750,30.4
84000,28.799999999999997
84250,28.799999999999997
84500,26.8
84750,31.2
85000,30.8
85250,28.000000000000004
85500,30.0
85750,27.6
86000,27.6
86250,30.8
86500,26.400000000000002
86750,29.2
87000,28.4
87250,33.2
87500,26.8
87750,28.000000000000004
88000,25.6
88250,28.000000000000004
88500,26.400000000000002
88750,26.8
89000,28.000000000000004
89250,27.200000000000003
89500,30.0
89750,28.799999999999997
90000,28.4
90250,30.8
90500,27.200000000000003
90750,30.0
91000,27.200000000000003
91250,28.799999999999997
91500,29.599999999999998
91750,27.200000000000003
92000,31.6
92250,27.200000000000003
92500,29.2
92750,25.6
93000,29.599999999999998
93250,27.6
93500,30.0
93750,28.000000000000004
94000,26.400000000000002
94250,30.4
94500,29.2
94750,32.800000000000004
95000,26.0
95250,27.200000000000003
95500,26.400000000000002
95750,28.799999999999997
96000,31.2
96250,29.2
96500,28.000000000000004
96750,29.599999999999998
97000,25.6
97250,28.799999999999997
97500,28.000000000000004
97750,27.6
98000,29.599999999999998
98250,30.0
98500,28.799999999999997
98750,28.000000000000004
99000,28.4
99250,30.8
99500,28.4
99750,27.200000000000003
100000,27.6
100250,25.6
100500,32.4
100750,27.6
101000,28.4
101250,32.0
101500,28.799999999999997
101750,30.4
102000,28.799999999999997
102250,30.0
102500,30.0
102750,28.799999999999997
103000,26.8
103250,29.599999999999998
103500,28.000000000000004
103750,28.000000000000004
104000,28.000000000000004
104250,32.4
104500,24.8
104750,28.4
105000,27.200000000000003
105250,27.6
105500,26.400000000000002
105750,28.799999999999997
106000,28.000000000000004
106250,28.799999999999997
106500,27.200000000000003
106750,29.2
107000,29.2
107250,26.0
107500,28.000000000000004
107750,28.4
108000,27.200000000000003
108250,30.8
108500,31.2
108750,30.8
109000,30.4
109250,28.4
109500,30.0
109750,28.4
110000,30.4
110250,30.0
110500,28.4
110750,31.2
111000,31.6
111250,27.200000000000003
111500,29.2
111750,28.799999999999997
112000,32.800000000000004
112250,25.2
112500,31.2
112750,28.000000000000004
113000,29.2
113250,29.2
113500,28.000000000000004
113750,26.0
114000,27.6
114250,29.2
114500,31.2
114750,27.200000000000003
115000,27.6
115250,29.2
115500,24.4
115750,30.8
116000,26.400000000000002
116250,28.000000000000004
116500,29.2
116750,28.799999999999997
117000,28.799999999999997
117250,33.6
117500,29.2
117750,28.000000000000004
118000,28.4
118250,31.6
118500,27.6
118750,29.599999999999998
119000,28.799999999999997
119250,29.2
119500,28.000000000000004
119750,30.4
120000,28.000000000000004
120250,30.8
120500,24.8
120750,30.0
121000,27.200000000000003
121250,32.800000000000004
121500,29.2
121750,27.200000000000003
122000,28.4
122250,28.000000000000004
122500,30.4
122750,27.6
123000,28.000000000000004
123250,30.4
123500,28.799999999999997
123750,25.6
124000,29.599999999999998
124250,28.4
124500,24.8
124750,29.2
125000,28.4
125250,32.800000000000004
125500,28.000000000000004
125750,28.000000000000004
126000,29.2
126250,32.0
126500,27.200000000000003
126750,29.599999999999998
127000,28.000000000000004
127250,27.6
127500,29.599999999999998
127750,30.0
128000,27.6
128250,28.799999999999997
128500,26.8
128750,28.799999999999997
129000,30.8
129250,30.8
129500,28.4
129750,28.799999999999997
130000,28.4
130250,30.8
130500,30.0
130750,32.0
131000,26.0
131250,25.2
131500,25.2
131750,27.200000000000003
132000,29.599999999999998
132250,31.2
132500,28.799999999999997
132750,26.8
133000,28.4
133250,28.000000000000004
133500,32.4
133750,26.8
134000,26.0
134250,27.200000000000003
134500,28.000000000000004
134750,26.0
135000,28.4
135250,26.8
135500,27.6
135750,28.799999999999997
136000,30.4
136250,29.2
136500,28.000000000000004
136750,30.4
137000,31.2
137250,27.6
137500,27.200000000000003
137750,29.599999999999998
138000,29.2
138250,32.4
138500,29.599999999999998
138750,33.6
139000,25.2
139250,31.2
139500,28.000000000000004
139750,28.799999999999997
140000,29.599999999999998
140250,29.599999999999998
140500,27.200000000000003
140750,31.6
141000,26.8
141250,30.0
141500,29.2
141750,27.200000000000003
142000,28.000000000000004
142250,31.2
142500,28.000000000000004
142750,28.799999999999997
143000,31.6
143250,30.0
143500,28.4
143750,30.8
144000,30.8
144250,27.6
144500,32.4
144750,27.200000000000003
145000,29.2
145250,30.0
145500,30.8
145750,28.799999999999997
146000,28.000000000000004
146250,28.799999999999997
146500,29.2
146750,28.799999999999997
147000,26.0
147250,27.6
147500,29.599999999999998
147750,30.4
148000,26.8
148250,30.8
148500,28.000000000000004
148750,28.799999999999997
149000,28.000000000000004
149250,26.400000000000002
149500,30.0
149750,28.799999999999997
150000,27.6
150250,28.4
150500,28.000000000000004
150750,28.000000000000004
151000,28.000000000000004
151250,28.799999999999997
151500,28.4
151750,28.4
152000,29.2
