250,0.0
500,0.0
750,0.0
1000,0.0
1250,0.0
1500,0.0
1750,0.0
2000,0.0
2250,99.6
2500,20.0
2750,0.0
3000,0.0
3250,0.0
3500,0.0
3750,0.0
4000,0.0
4250,99.6
4500,20.0
4750,0.0
5000,0.0
5250,0.0
5500,0.0
5750,0.0
6000,0.0
6250,99.6
6500,20.0
6750,0.0
7000,0.0
7250,0.0
7500,0.0
7750,0.0
8000,0.0
8250,99.6
8500,20.0
8750,0.0
9000,0.0
9250,0.0
9500,0.0
9750,0.0
10000,0.0
10250,99.6
10500,20.0
10750,0.0
11000,0.0
11250,0.0
11500,0.0
11750,0.0
12000,0.0
12250,99.6
12500,20.0
12750,0.0
13000,0.0
13250,0.0
13500,0.0
13750,0.0
14000,0.0
14250,99.6
14500,20.0
14750,0.0
15000,0.0
15250,0.0
15500,0.0
15750,0.0
16000,0.0
16250,99.6
16500,20.0
16750,0.0
17000,0.0
17250,0.0
17500,0.0
17750,0.0
18000,0.0
18250,99.6
18500,20.0
18750,0.0
19000,0.0
19250,0.0
19500,0.0
19750,0.0
20000,0.0
20250,99.6
20500,20.0
20750,0.0
21000,0.0
21250,0.0
21500,0.0
21750,0.0
22000,0.0
22250,99.6
22500,20.0
22750,0.0
23000,0.0
23250,0.0
23500,0.0
23750,0.0
24000,0.0
24250,99.6
24500,20.0
24750,0.0
25000,0.0
25250,0.0
25500,0.0
25750,0.0
26000,0.0
26250,99.6
26500,20.0
26750,0.0
27000,0.0
27250,0.0
27500,0.0
27750,0.0
28000,0.0
28250,99.6
28500,20.0
28750,0.0
29000,0.0
29250,0.0
29500,0.0
29750,0.0
30000,0.0
30250,99.6
30500,20.0
30750,0.0
31000,0.0
31250,0.0
31500,0.0
31750,0.0
32000,0.0
32250,99.6
32500,20.0
32750,0.0
33000,0.0
33250,0.0
33500,0.0
33750,0.0
34000,0.0
34250,99.6
34500,20.0
34750,0.0
35000,0.0
35250,0.0
35500,0.0
35750,0.0
36000,0.0
36250,99.6
36500,20.0
36750,0.0
37000,0.0
37250,0.0
37500,0.0
37750,0.0
38000,0.0
38250,99.6
38500,20.0
38750,0.0
39000,0.0
39250,0.0
39500,0.0
39750,0.0
40000,0.0
40250,99.6
40500,20.0
40750,0.0
41000,0.0
41250,0.0
41500,0.0
41750,0.0
42000,0.0
42250,99.6
42500,20.0
42750,0.0
43000,0.0
43250,0.0
43500,0.0
43750,0.0
44000,0.0
44250,99.6
44500,20.0
44750,0.0
45000,0.0
45250,0.0
45500,0.0
45750,0.0
46000,0.0
46250,99.6
46500,20.0
46750,0.0
47000,0.0
47250,0.0
47500,0.0
47750,0.0
48000,0.0
48250,99.6
48500,20.0
48750,0.0
49000,0.0
49250,0.0
49500,0.0
49750,0.0
50000,0.0
50250,99.6
50500,20.0
50750,0.0
51000,0.0
51250,0.0
51500,0.0
51750,0.0
52000,0.0
52250,52.400000000000006
52500,46.800000000000004
52750,46.800000000000004
53000,45.2
53250,46.400000000000006
53500,44.800000000000004
53750,46.0
54000,46.0
54250,48.0
54500,45.6
54750,45.6
55000,46.800000000000004
55250,45.6
55500,43.6
55750,44.0
56000,48.4
56250,47.599999999999994
56500,42.8
56750,45.6
57000,44.4
57250,43.6
57500,44.4
57750,46.0
58000,44.4
58250,44.0
58500,45.6
58750,43.2
59000,45.6
59250,45.6
59500,47.199999999999996
59750,44.800000000000004
60000,45.2
60250,45.2
60500,44.800000000000004
60750,44.0
61000,44.4
61250,44.0
61500,47.599999999999994
61750,44.0
62000,44.4
62250,46.0
62500,44.0
62750,44.4
63000,46.0
63250,43.6
63500,47.199999999999996
63750,43.2
64000,44.800000000000004
64250,44.4
64500,44.800000000000004
64750,45.2
65000,45.2
65250,47.199999999999996
65500,46.400000000000006
65750,44.4
66000,46.400000000000006
66250,42.4
66500,45.6
66750,48.4
67000,46.0
67250,46.0
67500,43.6
67750,45.6
68000,44.0
68250,47.199999999999996
68500,46.800000000000004
68750,45.6
69000,45.6
69250,45.6
69500,42.4
69750,43.6
70000,45.2
70250,45.6
70500,45.2
70750,46.400000000000006
71000,44.4
71250,48.0
71500,42.0
71750,42.4
72000,46.400000000000006
72250,47.199999999999996
72500,45.2
72750,44.800000000000004
73000,46.0
73250,45.6
73500,45.6
73750,48.0
74000,46.800000000000004
74250,44.0
74500,42.8
74750,44.800000000000004
75000,44.800000000000004
75250,44.800000000000004
75500,42.0
75750,44.800000000000004
76000,45.6
76250,45.6
76500,46.0
76750,44.800000000000004
77000,45.6
77250,45.6
77500,46.400000000000006
77750,44.0
78000,44.4
78250,46.0
78500,45.2
78750,44.800000000000004
79000,44.800000000000004
79250,44.0
79500,45.2
79750,44.800000000000004
80000,44.4
80250,43.6
80500,45.2
80750,44.4
81000,45.6
81250,45.6
81500,44.800000000000004
81750,47.199999999999996
82000,42.4
82250,46.0
82500,46.0
82750,45.2
83000,44.0
83250,43.2
83500,46.800000000000004
83750,44.4
84000,45.2
84250,45.6
84500,44.4
84750,44.4
85000,45.6
85250,42.4
85500,45.2
85750,44.4
86000,45.2
86250,46.800000000000004
86500,44.4
86750,46.0
87000,46.800000000000004
87250,44.4
87500,44.4
87750,47.199999999999996
88000,43.6
88250,44.4
88500,45.2
88750,45.6
89000,45.6
89250,45.2
89500,42.4
89750,46.800000000000004
90000,44.800000000000004
90250,43.6
90500,44.800000000000004
90750,45.2
91000,45.2
91250,46.400000000000006
91500,42.4
91750,43.6
92000,44.800000000000004
92250,42.8
92500,43.6
92750,45.2
93000,47.199999999999996
93250,46.400000000000006
93500,46.800000000000004
93750,43.2
94000,45.6
94250,46.800000000000004
94500,43.6
94750,45.6
95000,44.4
95250,48.0
95500,46.400000000000006
95750,47.599999999999994
96000,44.4
96250,44.800000000000004
96500,46.800000000000004
96750,44.0
97000,45.2
97250,45.6
97500,43.6
97750,47.599999999999994
98000,48.8
98250,46.0
98500,46.800000000000004
98750,46.800000000000004
99000,47.599999999999994
99250,47.199999999999996
99500,42.4
99750,44.4
100000,46.0
100250,44.800000000000004
100500,48.0
100750,48.4
101000,46.800000000000004
101250,47.199999999999996
101500,44.800000000000004
101750,43.6
102000,46.400000000000006
102250,44.800000000000004
102500,44.0
102750,46.400000000000006
103000,44.800000000000004
103250,44.0
103500,44.4
103750,44.800000000000004
104000,45.6
104250,47.599999999999994
104500,46.400000000000006
104750,44.4
105000,45.6
105250,45.6
105500,45.6
105750,45.6
106000,46.800000000000004
106250,46.0
106500,44.0
106750,44.800000000000004
107000,44.4
107250,44.0
107500,45.2
107750,46.400000000000006
108000,45.6
108250,46.0
108500,44.800000000000004
108750,46.0
109000,44.4
109250,44.4
109500,45.2
109750,44.4
110000,45.2
110250,45.6
110500,46.800000000000004
110750,47.599999999999994
111000,44.800000000000004
111250,45.6
111500,44.4
111750,45.2
112000,46.0
112250,42.4
112500,47.599999999999994
112750,45.6
113000,44.4
113250,45.6
113500,45.6
113750,44.4
114000,44.800000000000004
114250,45.6
114500,44.0
114750,42.4
115000,43.2
115250,48.0
115500,45.6
115750,46.800000000000004
116000,44.0
116250,43.6
116500,43.2
116750,46.400000000000006
117000,44.4
117250,46.400000000000006
117500,44.4
117750,44.4
118000,44.0
118250,46.0
118500,43.2
118750,43.6
119000,46.0
119250,43.6
119500,44.800000000000004
119750,44.0
120000,45.6
120250,44.800000000000004
120500,44.4
120750,47.199999999999996
121000,44.800000000000004
121250,46.800000000000004
121500,44.800000000000004
121750,46.400000000000006
122000,44.800000000000004
122250,46.800000000000004
122500,43.6
122750,45.6
123000,44.0
123250,46.400000000000006
123500,45.6
123750,44.0
124000,45.6
124250,43.2
124500,44.800000000000004
124750,45.2
125000,44.0
125250,46.400000000000006
125500,44.800000000000004
125750,46.0
126000,45.6
126250,43.6
126500,45.2
126750,46.0
127000,42.8
127250,44.0
127500,46.0
127750,44.4
128000,44.0
128250,45.2
128500,44.4
128750,46.800000000000004
129000,46.800000000000004
129250,44.4
129500,44.4
129750,46.0
130000,46.800000000000004
130250,44.800000000000004
130500,45.2
130750,45.2
131000,43.2
131250,44.0
131500,46.0
131750,44.4
132000,45.6
132250,45.6
132500,44.4
132750,45.2
133000,44.800000000000004
133250,44.4
133500,48.0
133750,44.0
134000,45.2
134250,44.0
134500,46.400000000000006
134750,43.2
135000,47.199999999999996
135250,44.4
135500,44.800000000000004
135750,47.199999999999996
136000,44.4
136250,42.8
136500,47.599999999999994
136750,46.400000000000006
137000,46.800000000000004
137250,44.4
137500,44.0
137750,44.4
138000,43.2
138250,45.6
138500,44.800000000000004
138750,45.6
139000,42.8
139250,48.0
139500,44.4
139750,45.6
140000,46.0
140250,46.800000000000004
140500,47.599999999999994
140750,46.0
141000,45.2
141250,44.800000000000004
141500,44.4
141750,44.800000000000004
142000,44.0
142250,46.800000000000004
142500,44.800000000000004
142750,45.2
143000,46.0
143250,46.0
143500,44.4
143750,46.800000000000004
144000,46.0
144250,42.8
144500,45.6
144750,43.6
145000,46.0
145250,44.800000000000004
145500,45.2
145750,43.6
146000,46.400000000000006
146250,45.2
146500,45.2
146750,46.400000000000006
147000,44.4
147250,46.800000000000004
147500,46.0
147750,45.2
148000,44.800000000000004
148250,46.0
148500,45.2
148750,44.800000000000004
149000,44.800000000000004
149250,45.6
149500,46.400000000000006
149750,44.4
150000,42.8
150250,46.0
150500,48.4
150750,45.6
151000,45.2
151250,44.0
151500,45.2
151750,46.0
152000,44.4
