250,0.0
500,0.0
750,0.0
1000,0.0
1250,0.0
1500,0.0
1750,0.0
2000,0.0
2250,31.6
2500,0.0
2750,0.0
3000,0.0
3250,0.0
3500,0.0
3750,0.0
4000,0.0
4250,31.6
4500,0.0
4750,0.0
5000,0.0
5250,0.0
5500,0.0
5750,0.0
6000,0.0
6250,31.6
6500,0.0
6750,0.0
7000,0.0
7250,0.0
7500,0.0
7750,0.0
8000,0.0
8250,31.6
8500,0.0
8750,0.0
9000,0.0
9250,0.0
9500,0.0
9750,0.0
10000,0.0
10250,31.6
10500,0.0
10750,0.0
11000,0.0
11250,0.0
11500,0.0
11750,0.0
12000,0.0
12250,31.6
12500,0.0
12750,0.0
13000,0.0
13250,0.0
13500,0.0
13750,0.0
14000,0.0
14250,31.6
14500,0.0
14750,0.0
15000,0.0
15250,0.0
15500,0.0
15750,0.0
16000,0.0
16250,31.6
16500,0.0
16750,0.0
17000,0.0
17250,0.0
17500,0.0
17750,0.0
18000,0.0
18250,31.6
18500,0.0
18750,0.0
19000,0.0
19250,0.0
19500,0.0
19750,0.0
20000,0.0
20250,31.6
20500,0.0
20750,0.0
21000,0.0
21250,0.0
21500,0.0
21750,0.0
22000,0.0
22250,31.6
22500,0.0
22750,0.0
23000,0.0
23250,0.0
23500,0.0
23750,0.0
24000,0.0
24250,31.6
24500,0.0
24750,0.0
25000,0.0
25250,0.0
25500,0.0
25750,0.0
26000,0.0
26250,31.6
26500,0.0
26750,0.0
27000,0.0
27250,0.0
27500,0.0
27750,0.0
28000,0.0
28250,31.6
28500,0.0
28750,0.0
29000,0.0
29250,0.0
29500,0.0
29750,0.0
30000,0.0
30250,31.6
30500,0.0
30750,0.0
31000,0.0
31250,0.0
31500,0.0
31750,0.0
32000,0.0
32250,31.6
32500,0.0
32750,0.0
33000,0.0
33250,0.0
33500,0.0
33750,0.0
34000,0.0
34250,31.6
34500,0.0
34750,0.0
35000,0.0
35250,0.0
35500,0.0
35750,0.0
36000,0.0
36250,31.6
36500,0.0
36750,0.0
37000,0.0
37250,0.0
37500,0.0
37750,0.0
38000,0.0
38250,31.6
38500,0.0
38750,0.0
39000,0.0
39250,0.0
39500,0.0
39750,0.0
40000,0.0
40250,31.6
40500,0.0
40750,0.0
41000,0.0
41250,0.0
41500,0.0
41750,0.0
42000,0.0
42250,31.6
42500,0.0
42750,0.0
43000,0.0
43250,0.0
43500,0.0
43750,0.0
44000,0.0
44250,31.6
44500,0.0
44750,0.0
45000,0.0
45250,0.0
45500,0.0
45750,0.0
46000,0.0
46250,31.6
46500,0.0
46750,0.0
47000,0.0
47250,0.0
47500,0.0
47750,0.0
48000,0.0
48250,31.6
48500,0.0
48750,0.0
49000,0.0
49250,0.0
49500,0.0
49750,0.0
50000,0.0
50250,31.6
50500,0.0
50750,0.0
51000,0.0
51250,0.0
51500,0.0
51750,0.0
52000,0.0
52250,21.6
52500,18.4
52750,19.6
53000,20.4
53250,17.599999999999998
53500,16.400000000000002
53750,14.000000000000002
54000,16.8
54250,20.4
54500,16.400000000000002
54750,22.0
55000,20.0
55250,18.4
55500,17.2
55750,20.4
56000,17.2
56250,19.2
56500,21.6
56750,16.400000000000002
57000,17.599999999999998
57250,19.2
57500,19.6
57750,17.2
58000,15.2
58250,19.6
58500,18.0
58750,16.400000000000002
59000,16.400000000000002
59250,17.2
59500,16.0
59750,18.8
60000,18.4
60250,19.6
60500,16.8
60750,22.0
61000,22.0
61250,18.0
61500,19.6
61750,20.4
62000,15.6
62250,19.2
62500,17.2
62750,18.4
63000,19.6
63250,15.2
63500,16.0
63750,17.2
64000,19.6
64250,19.6
64500,21.2
64750,18.4
65000,17.2
65250,16.0
65500,20.0
65750,20.4
66000,18.8
66250,17.599999999999998
66500,14.799999999999999
66750,17.599999999999998
67000,19.2
67250,14.000000000000002
67500,18.0
67750,20.8
68000,19.2
68250,16.8
68500,16.8
68750,15.2
69000,17.2
69250,18.8
69500,19.2
69750,19.2
70000,17.2
70250,18.0
70500,17.2
70750,23.200000000000003
71000,16.8
71250,21.2
71500,17.599999999999998
71750,14.799999999999999
72000,16.0
72250,16.400000000000002
72500,20.8
72750,15.6
73000,17.2
73250,18.4
73500,18.0
73750,16.400000000000002
74000,23.200000000000003
74250,18.4
74500,15.6
74750,18.8
75000,21.2
75250,17.2
75500,19.6
75750,17.599999999999998
76000,20.0
76250,15.2
76500,18.0
76750,16.8
77000,18.4
77250,15.6
77500,21.6
77750,18.0
78000,18.0
78250,23.200000000000003
78500,20.0
78750,17.599999999999998
79000,19.2
79250,20.4
79500,20.4
79750,21.6
80000,18.8
80250,17.2
80500,19.6
80750,17.599999999999998
81000,18.4
81250,20.4
81500,14.799999999999999
81750,19.2
82000,14.799999999999999
82250,16.400000000000002
82500,16.400000000000002
82750,21.2
83000,16.400000000000002
83250,18.8
83500,19.6
83750,22.400000000000002
84000,17.599999999999998
84250,15.6
84500,15.6
84750,15.6
85000,22.0
85250,17.599999999999998
85500,20.4
85750,20.8
86000,16.0
86250,15.2
86500,16.400000000000002
86750,20.0
87000,18.8
87250,22.8
87500,16.400000000000002
87750,16.0
88000,17.599999999999998
88250,14.799999999999999
88500,15.2
88750,15.2
89000,20.4
89250,18.4
89500,18.8
89750,17.2
90000,18.8
90250,21.2
90500,16.8
90750,14.799999999999999
91000,16.400000000000002
91250,16.0
91500,18.8
91750,16.8
92000,19.2
92250,19.2
92500,19.6
92750,16.0
93000,19.6
93250,18.8
93500,18.0
93750,17.599999999999998
94000,18.4
94250,16.0
94500,16.0
94750,20.4
95000,18.0
95250,15.6
95500,16.8
95750,17.2
96000,17.599999999999998
96250,19.6
96500,17.599999999999998
96750,20.0
97000,13.600000000000001
97250,20.8
97500,15.2
97750,16.400000000000002
98000,16.8
98250,19.2
98500,20.0
98750,18.0
99000,18.8
99250,18.4
99500,18.8
99750,19.2
100000,19.2
100250,17.2
100500,16.8
100750,18.8
101000,15.6
101250,21.6
101500,17.599999999999998
101750,17.599999999999998
102000,18.0
102250,18.0
102500,19.6
102750,17.2
103000,17.599999999999998
103250,17.2
103500,18.4
103750,21.2
104000,17.599999999999998
104250,22.8
104500,18.4
104750,16.400000000000002
105000,18.4
105250,18.8
105500,15.6
105750,18.0
106000,15.6
106250,15.6
106500,19.2
106750,16.0
107000,19.6
107250,16.0
107500,20.4
107750,16.0
108000,15.2
108250,18.4
108500,18.4
108750,20.8
109000,21.6
109250,16.0
109500,17.599999999999998
109750,17.2
110000,19.2
110250,16.0
110500,18.8
110750,21.2
111000,20.4
111250,15.2
111500,19.6
111750,17.599999999999998
112000,22.0
112250,18.4
112500,17.599999999999998
112750,19.2
113000,18.4
113250,16.400000000000002
113500,19.6
113750,14.399999999999999
114000,14.399999999999999
114250,21.6
114500,22.8
114750,20.0
115000,17.599999999999998
115250,18.0
115500,15.2
115750,16.8
116000,15.6
116250,17.2
116500,14.399999999999999
116750,17.2
117000,21.6
117250,24.4
117500,19.2
117750,14.799999999999999
118000,19.2
118250,22.0
118500,16.0
118750,20.4
119000,19.2
119250,17.599999999999998
119500,20.8
119750,19.6
120000,15.2
120250,20.4
120500,17.2
120750,19.6
121000,17.599999999999998
121250,20.0
121500,15.6
121750,15.2
122000,18.0
122250,16.0
122500,20.4
122750,17.599999999999998
123000,16.8
123250,21.6
123500,17.599999999999998
123750,20.4
124000,18.4
124250,18.0
124500,16.0
124750,17.599999999999998
125000,18.4
125250,20.8
125500,19.2
125750,16.8
126000,18.4
126250,22.8
126500,17.2
126750,20.0
127000,17.599999999999998
127250,16.0
127500,15.6
127750,19.2
128000,14.799999999999999
128250,19.6
128500,17.2
128750,17.2
129000,17.599999999999998
129250,21.6
129500,16.400000000000002
129750,20.8
130000,16.8
130250,19.2
130500,18.0
130750,18.8
131000,16.8
131250,18.4
131500,14.799999999999999
131750,16.400000000000002
132000,17.2
132250,16.400000000000002
132500,18.4
132750,14.000000000000002
133000,19.2
133250,17.599999999999998
133500,20.4
133750,16.8
134000,14.799999999999999
134250,18.8
134500,21.6
134750,16.8
135000,18.8
135250,16.400000000000002
135500,16.0
135750,20.0
136000,18.4
136250,18.4
136500,18.0
136750,20.8
137000,20.0
137250,17.599999999999998
137500,18.0
137750,18.4
138000,18.0
138250,21.2
138500,19.2
138750,22.8
139000,14.399999999999999
139250,18.4
139500,16.400000000000002
139750,16.8
140000,19.6
140250,19.2
140500,16.400000000000002
140750,18.0
141000,16.0
141250,20.8
141500,20.0
141750,18.4
142000,15.2
142250,18.0
142500,18.4
142750,16.8
143000,19.6
143250,19.2
143500,20.0
143750,16.400000000000002
144000,20.0
144250,20.8
144500,20.8
144750,15.6
145000,19.6
145250,22.400000000000002
145500,18.0
145750,18.0
146000,15.2
146250,17.599999999999998
146500,18.0
146750,17.2
147000,14.799999999999999
147250,18.4
147500,22.400000000000002
147750,20.4
148000,15.6
148250,21.2
148500,14.399999999999999
148750,18.0
149000,16.8
149250,15.2
149500,19.2
149750,17.599999999999998
150000,18.0
150250,19.6
150500,15.6
150750,18.4
151000,16.8
151250,16.400000000000002
151500,18.4
151750,14.799999999999999
152000,18.0
