250,0.0
500,0.0
750,0.0
1000,0.0
1250,0.0
1500,0.0
1750,0.0
2000,0.0
2250,99.6
2500,60.0
2750,0.0
3000,0.0
3250,0.0
3500,0.0
3750,0.0
4000,0.0
4250,99.6
4500,60.0
4750,0.0
5000,0.0
5250,0.0
5500,0.0
5750,0.0
6000,0.0
6250,99.6
6500,60.0
6750,0.0
7000,0.0
7250,0.0
7500,0.0
7750,0.0
8000,0.0
8250,99.6
8500,60.0
8750,0.0
9000,0.0
9250,0.0
9500,0.0
9750,0.0
10000,0.0
10250,99.6
10500,60.0
10750,0.0
11000,0.0
11250,0.0
11500,0.0
11750,0.0
12000,0.0
12250,99.6
12500,60.0
12750,0.0
13000,0.0
13250,0.0
13500,0.0
13750,0.0
14000,0.0
14250,99.6
14500,60.0
14750,0.0
15000,0.0
15250,0.0
15500,0.0
15750,0.0
16000,0.0
16250,99.6
16500,60.0
16750,0.0
17000,0.0
17250,0.0
17500,0.0
17750,0.0
18000,0.0
18250,99.6
18500,60.0
18750,0.0
19000,0.0
19250,0.0
19500,0.0
19750,0.0
20000,0.0
20250,99.6
20500,60.0
20750,0.0
21000,0.0
21250,0.0
21500,0.0
21750,0.0
22000,0.0
22250,99.6
22500,60.0
22750,0.0
23000,0.0
23250,0.0
23500,0.0
23750,0.0
24000,0.0
24250,99.6
24500,60.0
24750,0.0
25000,0.0
25250,0.0
25500,0.0
25750,0.0
26000,0.0
26250,99.6
26500,60.0
26750,0.0
27000,0.0
27250,0.0
27500,0.0
27750,0.0
28000,0.0
28250,99.6
28500,60.0
28750,0.0
29000,0.0
29250,0.0
29500,0.0
29750,0.0
30000,0.0
30250,99.6
30500,60.0
30750,0.0
31000,0.0
31250,0.0
31500,0.0
31750,0.0
32000,0.0
32250,99.6
32500,60.0
32750,0.0
33000,0.0
33250,0.0
33500,0.0
33750,0.0
34000,0.0
34250,99.6
34500,60.0
34750,0.0
35000,0.0
35250,0.0
35500,0.0
35750,0.0
36000,0.0
36250,99.6
36500,60.0
36750,0.0
37000,0.0
37250,0.0
37500,0.0
37750,0.0
38000,0.0
38250,99.6
38500,60.0
38750,0.0
39000,0.0
39250,0.0
39500,0.0
39750,0.0
40000,0.0
40250,99.6
40500,60.0
40750,0.0
41000,0.0
41250,0.0
41500,0.0
41750,0.0
42000,0.0
42250,99.6
42500,60.0
42750,0.0
43000,0.0
43250,0.0
43500,0.0
43750,0.0
44000,0.0
44250,99.6
44500,60.0
44750,0.0
45000,0.0
45250,0.0
45500,0.0
45750,0.0
46000,0.0
46250,99.6
46500,60.0
46750,0.0
47000,0.0
47250,0.0
47500,0.0
47750,0.0
48000,0.0
48250,99.6
48500,60.0
48750,0.0
49000,0.0
49250,0.0
49500,0.0
49750,0.0
50000,0.0
50250,99.6
50500,60.0
50750,0.0
51000,0.0
51250,0.0
51500,0.0
51750,0.0
52000,0.0
52250,53.6
52500,51.2
52750,50.8
53000,49.2
53250,49.6
53500,48.0
53750,50.0
54000,50.4
54250,50.4
54500,49.6
54750,50.0
55000,48.4
55250,49.2
55500,48.4
55750,49.2
56000,51.2
56250,51.6
56500,47.599999999999994
56750,49.2
57000,48.4
57250,48.8
57500,50.4
57750,49.6
58000,47.599999999999994
58250,48.4
58500,50.8
58750,48.8
59000,49.6
59250,50.0
59500,51.6
59750,49.6
60000,48.4
60250,49.6
60500,49.2
60750,46.800000000000004
61000,48.8
61250,47.199999999999996
61500,50.0
61750,46.400000000000006
62000,50.0
62250,49.2
62500,48.4
62750,48.8
63000,48.4
63250,50.8
63500,50.8
63750,49.6
64000,49.6
64250,49.6
64500,48.4
64750,49.6
65000,49.6
65250,50.4
65500,47.199999999999996
65750,49.6
66000,49.2
66250,47.199999999999996
66500,51.2
66750,50.8
67000,48.4
67250,50.4
67500,49.6
67750,49.6
68000,50.0
68250,50.8
68500,48.8
68750,48.8
69000,47.599999999999994
69250,48.8
69500,47.199999999999996
69750,48.4
70000,50.8
70250,48.8
70500,49.6
70750,48.8
71000,50.8
71250,50.0
71500,47.599999999999994
71750,46.0
72000,50.0
72250,51.6
72500,49.2
72750,48.0
73000,48.0
73250,48.0
73500,49.6
73750,51.6
74000,50.4
74250,48.8
74500,48.0
74750,48.4
75000,49.6
75250,49.2
75500,47.199999999999996
75750,49.6
76000,48.4
76250,49.6
76500,50.0
76750,50.8
77000,50.8
77250,49.6
77500,49.2
77750,48.0
78000,47.599999999999994
78250,49.6
78500,48.4
78750,47.599999999999994
79000,48.8
79250,48.0
79500,49.2
79750,49.6
80000,50.8
80250,49.6
80500,49.6
80750,47.599999999999994
81000,49.6
81250,48.4
81500,50.0
81750,48.8
82000,46.800000000000004
82250,50.4
82500,49.6
82750,48.8
83000,48.8
83250,48.4
83500,50.0
83750,49.2
84000,48.8
84250,49.6
84500,47.599999999999994
84750,50.0
85000,50.8
85250,50.0
85500,49.6
85750,50.0
86000,49.2
86250,48.4
86500,49.6
86750,48.4
87000,49.6
87250,48.4
87500,49.2
87750,49.2
88000,49.2
88250,48.8
88500,49.2
88750,50.4
89000,48.0
89250,48.8
89500,48.8
89750,49.2
90000,48.8
90250,49.6
90500,50.0
90750,49.2
91000,49.2
91250,50.8
91500,47.599999999999994
91750,49.2
92000,48.4
92250,48.4
92500,47.599999999999994
92750,51.6
93000,48.8
93250,49.6
93500,50.4
93750,47.599999999999994
94000,48.8
94250,50.8
94500,47.199999999999996
94750,48.4
95000,48.8
95250,50.8
95500,50.0
95750,51.2
96000,47.599999999999994
96250,48.8
96500,51.2
96750,48.0
97000,49.6
97250,48.4
97500,50.0
97750,50.4
98000,51.6
98250,49.2
98500,50.0
98750,49.6
99000,49.2
99250,50.4
99500,47.199999999999996
99750,49.2
100000,50.8
100250,48.8
100500,49.6
100750,51.6
101000,50.8
101250,50.4
101500,48.8
101750,49.2
102000,49.6
102250,48.4
102500,48.8
102750,50.8
103000,47.599999999999994
103250,49.2
103500,50.0
103750,50.4
104000,50.0
104250,50.0
104500,48.8
104750,47.599999999999994
105000,49.2
105250,50.0
105500,51.6
105750,50.0
106000,50.8
106250,49.6
106500,48.4
106750,48.4
107000,50.0
107250,49.2
107500,48.4
107750,50.0
108000,50.0
108250,49.6
108500,48.8
108750,49.2
109000,49.2
109250,48.8
109500,48.8
109750,49.2
110000,48.8
110250,50.0
110500,50.8
110750,50.0
111000,48.4
111250,50.0
111500,48.8
111750,49.6
112000,49.6
112250,48.0
112500,49.2
112750,50.4
113000,49.2
113250,49.6
113500,50.4
113750,50.4
114000,50.0
114250,48.8
114500,47.199999999999996
114750,48.8
115000,47.599999999999994
115250,51.6
115500,49.6
115750,49.6
116000,48.4
116250,49.2
116500,48.4
116750,50.8
117000,48.0
117250,50.0
117500,48.0
117750,48.4
118000,48.4
118250,48.8
118500,48.8
118750,48.8
119000,50.4
119250,48.8
119500,49.6
119750,48.8
120000,49.2
120250,47.599999999999994
120500,50.4
120750,49.6
121000,49.6
121250,50.8
121500,49.6
121750,49.6
122000,49.6
122250,50.8
122500,48.4
122750,50.0
123000,49.6
123250,50.4
123500,50.4
123750,48.0
124000,50.0
124250,48.4
124500,48.0
124750,49.6
125000,50.0
125250,50.4
125500,49.2
125750,50.0
126000,49.6
126250,48.4
126500,50.4
126750,48.4
127000,46.400000000000006
127250,48.8
127500,52.800000000000004
127750,48.0
128000,50.0
128250,49.2
128500,49.6
128750,49.6
129000,48.4
129250,49.2
129500,49.2
129750,49.2
130000,48.8
130250,49.2
130500,49.2
130750,47.199999999999996
131000,48.0
131250,48.0
131500,50.4
131750,48.8
132000,49.2
132250,49.2
132500,48.4
132750,49.2
133000,48.8
133250,49.2
133500,49.6
133750,47.199999999999996
134000,48.4
134250,48.8
134500,50.8
134750,47.199999999999996
135000,49.6
135250,49.2
135500,48.8
135750,49.6
136000,46.800000000000004
136250,49.6
136500,50.4
136750,48.8
137000,50.4
137250,49.2
137500,50.8
137750,47.599999999999994
138000,46.800000000000004
138250,48.8
138500,49.6
138750,51.2
139000,46.0
139250,49.6
139500,48.4
139750,50.4
140000,50.0
140250,50.8
140500,49.6
140750,48.4
141000,47.599999999999994
141250,49.6
141500,48.8
141750,48.0
142000,48.0
142250,50.8
142500,50.4
142750,48.8
143000,50.4
143250,48.8
143500,48.4
143750,49.2
144000,51.2
144250,46.800000000000004
144500,50.0
144750,50.0
145000,49.6
145250,50.0
145500,48.4
145750,46.800000000000004
146000,49.6
146250,50.4
146500,48.4
146750,48.4
147000,49.2
147250,48.4
147500,48.8
147750,50.4
148000,47.599999999999994
148250,49.2
148500,50.0
148750,49.6
149000,49.2
149250,48.8
149500,49.6
149750,49.2
150000,46.400000000000006
150250,50.4
150500,52.800000000000004
150750,49.2
151000,49.2
151250,48.8
151500,48.4
151750,48.8
152000,49.2
