60,89.8178301458543,10.182169854145696
80,86.75929763619976,13.240702363800239
100,83.91457950934533,16.085420490654666
120,81.25275491608608,18.74724508391392
140,78.75869237702383,21.241307622976162
160,76.49291780975125,23.50708219024875
180,74.38174748850336,25.618252511496635
200,72.47386530351774,27.526134696482256
250,68.4074446878639,31.592555312136106
300,65.32325445227333,34.67674554772666
350,62.933138597772384,37.066861402227616
400,61.02920375523845,38.970796244761544
450,59.46802981559331,40.53197018440668
