250,0.0
500,0.0
750,0.0
1000,0.0
1250,0.0
1500,0.0
1750,0.0
2000,0.0
2250,99.6
2500,80.0
2750,0.0
3000,0.0
3250,0.0
3500,0.0
3750,0.0
4000,0.0
4250,99.6
4500,80.0
4750,0.0
5000,0.0
5250,0.0
5500,0.0
5750,0.0
6000,0.0
6250,99.6
6500,80.0
6750,0.0
7000,0.0
7250,0.0
7500,0.0
7750,0.0
8000,0.0
8250,99.6
8500,80.0
8750,0.0
9000,0.0
9250,0.0
9500,0.0
9750,0.0
10000,0.0
10250,99.6
10500,80.0
10750,0.0
11000,0.0
11250,0.0
11500,0.0
11750,0.0
12000,0.0
12250,99.6
12500,80.0
12750,0.0
13000,0.0
13250,0.0
13500,0.0
13750,0.0
14000,0.0
14250,99.6
14500,80.0
14750,0.0
15000,0.0
15250,0.0
15500,0.0
15750,0.0
16000,0.0
16250,99.6
16500,80.0
16750,0.0
17000,0.0
17250,0.0
17500,0.0
17750,0.0
18000,0.0
18250,99.6
18500,80.0
18750,0.0
19000,0.0
19250,0.0
19500,0.0
19750,0.0
20000,0.0
20250,99.6
20500,80.0
20750,0.0
21000,0.0
21250,0.0
21500,0.0
21750,0.0
22000,0.0
22250,99.6
22500,80.0
22750,0.0
23000,0.0
23250,0.0
23500,0.0
23750,0.0
24000,0.0
24250,99.6
24500,80.0
24750,0.0
25000,0.0
25250,0.0
25500,0.0
25750,0.0
26000,0.0
26250,99.6
26500,80.0
26750,0.0
27000,0.0
27250,0.0
27500,0.0
27750,0.0
28000,0.0
28250,99.6
28500,80.0
28750,0.0
29000,0.0
29250,0.0
29500,0.0
29750,0.0
30000,0.0
30250,99.6
30500,80.0
30750,0.0
31000,0.0
31250,0.0
31500,0.0
31750,0.0
32000,0.0
32250,99.6
32500,80.0
32750,0.0
33000,0.0
33250,0.0
33500,0.0
33750,0.0
34000,0.0
34250,99.6
34500,80.0
34750,0.0
35000,0.0
35250,0.0
35500,0.0
35750,0.0
36000,0.0
36250,99.6
36500,80.0
36750,0.0
37000,0.0
37250,0.0
37500,0.0
37750,0.0
38000,0.0
38250,99.6
38500,80.0
38750,0.0
39000,0.0
39250,0.0
39500,0.0
39750,0.0
40000,0.0
40250,99.6
40500,80.0
40750,0.0
41000,0.0
41250,0.0
41500,0.0
41750,0.0
42000,0.0
42250,99.6
42500,80.0
42750,0.0
43000,0.0
43250,0.0
43500,0.0
43750,0.0
44000,0.0
44250,99.6
44500,80.0
44750,0.0
45000,0.0
45250,0.0
45500,0.0
45750,0.0
46000,0.0
46250,99.6
46500,80.0
46750,0.0
47000,0.0
47250,0.0
47500,0.0
47750,0.0
48000,0.0
48250,99.6
48500,80.0
48750,0.0
49000,0.0
49250,0.0
49500,0.0
49750,0.0
50000,0.0
50250,99.6
50500,80.0
50750,0.0
51000,0.0
51250,0.0
51500,0.0
51750,0.0
52000,0.0
52250,54.0
52500,51.2
52750,51.2
53000,50.0
53250,50.8
53500,50.4
53750,50.4
54000,52.400000000000006
54250,50.4
54500,50.0
54750,50.8
55000,50.4
55250,50.4
55500,51.2
55750,49.6
56000,51.2
56250,52.0
56500,48.0
56750,50.4
57000,49.2
57250,49.2
57500,50.8
57750,50.4
58000,48.4
58250,50.8
58500,51.6
58750,49.6
59000,50.0
59250,51.6
59500,52.400000000000006
59750,50.4
60000,49.2
60250,50.8
60500,50.0
60750,48.4
61000,49.6
61250,48.8
61500,50.4
61750,48.8
62000,50.8
62250,49.2
62500,49.6
62750,49.2
63000,49.6
63250,52.0
63500,51.6
63750,50.4
64000,50.0
64250,49.6
64500,50.0
64750,51.2
65000,50.4
65250,50.4
65500,48.4
65750,49.6
66000,50.8
66250,48.4
66500,51.6
66750,52.0
67000,50.0
67250,53.2
67500,50.0
67750,50.4
68000,50.4
68250,52.0
68500,50.0
68750,49.6
69000,48.8
69250,49.2
69500,49.2
69750,50.0
70000,51.6
70250,49.2
70500,50.8
70750,50.0
71000,52.0
71250,51.6
71500,48.8
71750,48.4
72000,50.8
72250,52.0
72500,49.6
72750,49.2
73000,50.4
73250,49.6
73500,51.2
73750,52.400000000000006
74000,51.2
74250,50.0
74500,48.8
74750,50.0
75000,50.4
75250,49.6
75500,48.4
75750,50.4
76000,49.6
76250,51.6
76500,50.8
76750,51.6
77000,51.2
77250,51.6
77500,50.4
77750,50.0
78000,48.8
78250,50.0
78500,49.6
78750,49.6
79000,49.6
79250,49.6
79500,50.8
79750,51.6
80000,52.0
80250,50.8
80500,51.2
80750,48.8
81000,51.6
81250,49.2
81500,50.8
81750,49.6
82000,49.2
82250,50.8
82500,50.0
82750,49.6
83000,48.8
83250,50.0
83500,50.8
83750,50.0
84000,50.0
84250,51.6
84500,49.2
84750,51.6
85000,52.0
85250,51.2
85500,50.4
85750,51.2
86000,50.4
86250,50.0
86500,50.0
86750,49.2
87000,52.400000000000006
87250,49.6
87500,50.0
87750,49.6
88000,50.8
88250,48.8
88500,50.0
88750,51.6
89000,49.6
89250,50.0
89500,50.0
89750,50.8
90000,50.4
90250,50.4
90500,50.4
90750,50.4
91000,50.4
91250,51.2
91500,49.2
91750,51.2
92000,48.8
92250,49.6
92500,48.8
92750,53.2
93000,50.0
93250,50.8
93500,50.4
93750,49.2
94000,50.4
94250,51.6
94500,50.0
94750,49.6
95000,50.8
95250,51.2
95500,50.4
95750,51.6
96000,49.6
96250,50.8
96500,52.800000000000004
96750,48.8
97000,49.6
97250,50.4
97500,51.2
97750,51.2
98000,52.800000000000004
98250,50.0
98500,52.800000000000004
98750,50.4
99000,50.8
99250,52.0
99500,49.6
99750,49.6
100000,51.2
100250,49.2
100500,50.0
100750,52.800000000000004
101000,52.0
101250,51.6
101500,49.6
101750,50.0
102000,50.4
102250,49.6
102500,50.0
102750,50.8
103000,48.8
103250,49.2
103500,50.4
103750,50.8
104000,52.0
104250,52.0
104500,49.2
104750,48.8
105000,50.4
105250,52.0
105500,52.800000000000004
105750,51.6
106000,52.0
106250,50.0
106500,50.0
106750,49.6
107000,52.0
107250,50.8
107500,49.2
107750,52.0
108000,51.2
108250,51.2
108500,48.8
108750,49.2
109000,49.6
109250,50.0
109500,48.8
109750,49.6
110000,50.0
110250,51.2
110500,52.400000000000006
110750,50.0
111000,50.0
111250,50.8
111500,49.2
111750,50.0
112000,52.0
112250,49.6
112500,50.0
112750,51.6
113000,51.2
113250,50.0
113500,50.4
113750,52.400000000000006
114000,50.8
114250,50.0
114500,49.2
114750,50.0
115000,48.8
115250,52.800000000000004
115500,50.8
115750,51.2
116000,49.6
116250,50.8
116500,49.6
116750,52.400000000000006
117000,50.4
117250,52.400000000000006
117500,50.4
117750,49.2
118000,50.8
118250,48.8
118500,49.6
118750,50.8
119000,51.6
119250,50.0
119500,50.0
119750,50.0
120000,51.2
120250,48.4
120500,51.2
120750,49.6
121000,50.0
121250,51.6
121500,50.4
121750,51.2
122000,50.8
122250,53.6
122500,48.8
122750,50.8
123000,50.8
123250,51.6
123500,51.6
123750,50.8
124000,50.8
124250,50.4
124500,49.6
124750,50.8
125000,51.6
125250,52.0
125500,51.2
125750,50.4
126000,50.8
126250,49.2
126500,51.6
126750,49.2
127000,48.0
127250,50.0
127500,54.0
127750,49.2
128000,50.8
128250,50.4
128500,50.4
128750,50.4
129000,50.8
129250,49.6
129500,50.4
129750,49.6
130000,50.4
130250,50.8
130500,49.6
130750,48.0
131000,49.6
131250,48.4
131500,51.6
131750,48.8
132000,49.6
132250,51.2
132500,50.8
132750,49.6
133000,50.0
133250,50.8
133500,50.8
133750,50.0
134000,50.0
134250,49.2
134500,51.6
134750,48.4
135000,50.8
135250,50.4
135500,50.4
135750,50.8
136000,48.4
136250,51.2
136500,51.6
136750,50.8
137000,52.0
137250,50.8
137500,51.2
137750,48.4
138000,49.6
138250,49.2
138500,52.0
138750,51.2
139000,47.599999999999994
139250,50.8
139500,50.8
139750,50.4
140000,52.0
140250,50.8
140500,51.2
140750,48.4
141000,48.4
141250,50.0
141500,50.0
141750,48.4
142000,50.4
142250,51.2
142500,51.2
142750,50.4
143000,50.4
143250,49.6
143500,49.6
143750,50.0
144000,51.6
144250,48.4
144500,51.6
144750,50.4
145000,50.8
145250,50.8
145500,49.6
145750,48.0
146000,49.6
146250,51.6
146500,49.6
146750,49.2
147000,51.2
147250,49.6
147500,50.0
147750,50.4
148000,49.2
148250,51.2
148500,50.8
148750,50.4
149000,50.4
149250,50.0
149500,51.2
149750,50.0
150000,48.0
150250,51.6
150500,53.6
150750,49.6
151000,50.8
151250,48.8
151500,49.6
151750,50.4
152000,50.8
