250,0.0
500,0.0
750,0.0
1000,0.0
1250,0.0
1500,0.0
1750,0.0
2000,0.0
2250,99.6
2500,40.0
2750,0.0
3000,0.0
3250,0.0
3500,0.0
3750,0.0
4000,0.0
4250,99.6
4500,40.0
4750,0.0
5000,0.0
5250,0.0
5500,0.0
5750,0.0
6000,0.0
6250,99.6
6500,40.0
6750,0.0
7000,0.0
7250,0.0
7500,0.0
7750,0.0
8000,0.0
8250,99.6
8500,40.0
8750,0.0
9000,0.0
9250,0.0
9500,0.0
9750,0.0
10000,0.0
10250,99.6
10500,40.0
10750,0.0
11000,0.0
11250,0.0
11500,0.0
11750,0.0
12000,0.0
12250,99.6
12500,40.0
12750,0.0
13000,0.0
13250,0.0
13500,0.0
13750,0.0
14000,0.0
14250,99.6
14500,40.0
14750,0.0
15000,0.0
15250,0.0
15500,0.0
15750,0.0
16000,0.0
16250,99.6
16500,40.0
16750,0.0
17000,0.0
17250,0.0
17500,0.0
17750,0.0
18000,0.0
18250,99.6
18500,40.0
18750,0.0
19000,0.0
19250,0.0
19500,0.0
19750,0.0
20000,0.0
20250,99.6
20500,40.0
20750,0.0
21000,0.0
21250,0.0
21500,0.0
21750,0.0
22000,0.0
22250,99.6
22500,40.0
22750,0.0
23000,0.0
23250,0.0
23500,0.0
23750,0.0
24000,0.0
24250,99.6
24500,40.0
24750,0.0
25000,0.0
25250,0.0
25500,0.0
25750,0.0
26000,0.0
26250,99.6
26500,40.0
26750,0.0
27000,0.0
27250,0.0
27500,0.0
27750,0.0
28000,0.0
28250,99.6
28500,40.0
28750,0.0
29000,0.0
29250,0.0
29500,0.0
29750,0.0
30000,0.0
30250,99.6
30500,40.0
30750,0.0
31000,0.0
31250,0.0
31500,0.0
31750,0.0
32000,0.0
32250,99.6
32500,40.0
32750,0.0
33000,0.0
33250,0.0
33500,0.0
33750,0.0
34000,0.0
34250,99.6
34500,40.0
34750,0.0
35000,0.0
35250,0.0
35500,0.0
35750,0.0
36000,0.0
36250,99.6
36500,40.0
36750,0.0
37000,0.0
37250,0.0
37500,0.0
37750,0.0
38000,0.0
38250,99.6
38500,40.0
38750,0.0
39000,0.0
39250,0.0
39500,0.0
39750,0.0
40000,0.0
40250,99.6
40500,40.0
40750,0.0
41000,0.0
41250,0.0
41500,0.0
41750,0.0
42000,0.0
42250,99.6
42500,40.0
42750,0.0
43000,0.0
43250,0.0
43500,0.0
43750,0.0
44000,0.0
44250,99.6
44500,40.0
44750,0.0
45000,0.0
45250,0.0
45500,0.0
45750,0.0
46000,0.0
46250,99.6
46500,40.0
46750,0.0
47000,0.0
47250,0.0
47500,0.0
47750,0.0
48000,0.0
48250,99.6
48500,40.0
48750,0.0
49000,0.0
49250,0.0
49500,0.0
49750,0.0
50000,0.0
50250,99.6
50500,40.0
50750,0.0
51000,0.0
51250,0.0
51500,0.0
51750,0.0
52000,0.0
52250,52.800000000000004
52500,50.8
52750,49.6
53000,48.0
53250,48.0
53500,47.599999999999994
53750,47.199999999999996
54000,48.8
54250,49.6
54500,47.199999999999996
54750,47.599999999999994
55000,48.0
55250,47.599999999999994
55500,45.6
55750,47.599999999999994
56000,50.4
56250,48.8
56500,45.2
56750,47.599999999999994
57000,47.599999999999994
57250,46.800000000000004
57500,48.8
57750,48.4
58000,46.800000000000004
58250,48.0
58500,49.2
58750,45.2
59000,47.199999999999996
59250,48.8
59500,50.4
59750,48.8
60000,47.599999999999994
60250,48.0
60500,47.199999999999996
60750,46.0
61000,46.800000000000004
61250,46.0
61500,49.2
61750,46.0
62000,47.599999999999994
62250,48.0
62500,46.400000000000006
62750,47.199999999999996
63000,47.199999999999996
63250,48.0
63500,48.8
63750,48.0
64000,47.199999999999996
64250,47.199999999999996
64500,46.400000000000006
64750,47.599999999999994
65000,47.599999999999994
65250,48.4
65500,46.400000000000006
65750,48.4
66000,48.0
66250,45.6
66500,48.8
66750,49.6
67000,47.599999999999994
67250,48.8
67500,46.400000000000006
67750,47.199999999999996
68000,48.0
68250,49.6
68500,48.0
68750,47.599999999999994
69000,46.800000000000004
69250,47.199999999999996
69500,44.4
69750,44.800000000000004
70000,48.4
70250,46.800000000000004
70500,47.599999999999994
70750,48.0
71000,48.4
71250,49.6
71500,46.0
71750,43.2
72000,48.8
72250,50.0
72500,47.599999999999994
72750,46.400000000000006
73000,47.199999999999996
73250,46.800000000000004
73500,48.0
73750,50.8
74000,49.2
74250,47.599999999999994
74500,46.800000000000004
74750,47.199999999999996
75000,48.8
75250,47.599999999999994
75500,45.2
75750,48.4
76000,47.199999999999996
76250,47.199999999999996
76500,48.0
76750,47.199999999999996
77000,48.4
77250,48.4
77500,47.599999999999994
77750,46.800000000000004
78000,46.400000000000006
78250,47.599999999999994
78500,47.199999999999996
78750,46.400000000000006
79000,46.0
79250,46.400000000000006
79500,46.800000000000004
79750,48.0
80000,47.199999999999996
80250,46.0
80500,45.6
80750,46.800000000000004
81000,47.199999999999996
81250,47.199999999999996
81500,47.599999999999994
81750,48.0
82000,44.4
82250,48.0
82500,49.6
82750,47.199999999999996
83000,46.800000000000004
83250,47.199999999999996
83500,49.6
83750,48.4
84000,47.199999999999996
84250,47.199999999999996
84500,46.800000000000004
84750,47.599999999999994
85000,47.599999999999994
85250,46.800000000000004
85500,48.0
85750,47.599999999999994
86000,47.599999999999994
86250,47.599999999999994
86500,46.0
86750,47.199999999999996
87000,47.599999999999994
87250,47.199999999999996
87500,47.199999999999996
87750,49.2
88000,47.599999999999994
88250,48.4
88500,47.599999999999994
88750,48.0
89000,47.199999999999996
89250,47.199999999999996
89500,45.2
89750,47.599999999999994
90000,47.199999999999996
90250,47.599999999999994
90500,47.199999999999996
90750,48.0
91000,48.0
91250,48.8
91500,45.6
91750,48.4
92000,46.800000000000004
92250,46.800000000000004
92500,45.6
92750,47.599999999999994
93000,48.4
93250,48.8
93500,49.6
93750,45.2
94000,48.0
94250,50.4
94500,45.2
94750,47.599999999999994
95000,46.800000000000004
95250,50.8
95500,48.0
95750,50.4
96000,46.0
96250,47.199999999999996
96500,48.4
96750,46.400000000000006
97000,48.0
97250,47.599999999999994
97500,46.800000000000004
97750,50.0
98000,50.8
98250,46.400000000000006
98500,48.8
98750,48.4
99000,49.2
99250,48.8
99500,46.800000000000004
99750,47.199999999999996
100000,48.4
100250,47.599999999999994
100500,48.8
100750,51.2
101000,49.2
101250,49.6
101500,47.199999999999996
101750,46.400000000000006
102000,48.4
102250,46.400000000000006
102500,46.800000000000004
102750,49.2
103000,45.6
103250,48.4
103500,47.199999999999996
103750,48.8
104000,48.4
104250,49.2
104500,47.599999999999994
104750,46.800000000000004
105000,47.199999999999996
105250,48.0
105500,47.599999999999994
105750,48.8
106000,48.4
106250,48.4
106500,46.800000000000004
106750,48.0
107000,48.8
107250,47.199999999999996
107500,47.599999999999994
107750,47.599999999999994
108000,47.599999999999994
108250,48.0
108500,47.599999999999994
108750,48.0
109000,46.400000000000006
109250,47.599999999999994
109500,46.400000000000006
109750,47.599999999999994
110000,47.599999999999994
110250,48.0
110500,49.2
110750,49.6
111000,47.599999999999994
111250,47.599999999999994
111500,46.800000000000004
111750,46.400000000000006
112000,48.4
112250,46.0
112500,48.0
112750,48.4
113000,47.599999999999994
113250,48.4
113500,48.8
113750,48.0
114000,48.4
114250,48.4
114500,45.6
114750,46.0
115000,46.800000000000004
115250,50.8
115500,48.0
115750,48.4
116000,46.400000000000006
116250,47.599999999999994
116500,46.400000000000006
116750,48.4
117000,46.400000000000006
117250,48.0
117500,46.800000000000004
117750,46.800000000000004
118000,45.6
118250,47.199999999999996
118500,46.800000000000004
118750,46.400000000000006
119000,48.8
119250,46.0
119500,48.0
119750,48.0
120000,48.0
120250,46.400000000000006
120500,48.8
120750,49.2
121000,48.4
121250,48.4
121500,47.199999999999996
121750,47.599999999999994
122000,47.599999999999994
122250,48.8
122500,46.400000000000006
122750,47.599999999999994
123000,46.800000000000004
123250,48.4
123500,47.599999999999994
123750,46.800000000000004
124000,48.0
124250,45.2
124500,47.199999999999996
124750,47.599999999999994
125000,48.0
125250,47.599999999999994
125500,47.199999999999996
125750,49.6
126000,48.0
126250,47.599999999999994
126500,48.4
126750,47.599999999999994
127000,46.0
127250,46.0
127500,48.4
127750,47.199999999999996
128000,47.199999999999996
128250,47.599999999999994
128500,48.4
128750,49.2
129000,47.599999999999994
129250,48.0
129500,47.599999999999994
129750,48.0
130000,48.4
130250,47.599999999999994
130500,48.0
130750,46.0
131000,46.800000000000004
131250,45.2
131500,48.8
131750,46.800000000000004
132000,48.0
132250,47.599999999999994
132500,47.199999999999996
132750,47.599999999999994
133000,46.800000000000004
133250,46.0
133500,48.4
133750,45.2
134000,46.800000000000004
134250,46.800000000000004
134500,50.0
134750,46.0
135000,48.4
135250,46.800000000000004
135500,47.199999999999996
135750,48.4
136000,45.2
136250,46.400000000000006
136500,49.2
136750,48.8
137000,49.2
137250,47.199999999999996
137500,48.0
137750,45.6
138000,46.0
138250,46.800000000000004
138500,47.599999999999994
138750,47.599999999999994
139000,44.4
139250,49.2
139500,46.800000000000004
139750,48.0
140000,48.0
140250,48.0
140500,49.2
140750,47.599999999999994
141000,46.400000000000006
141250,46.800000000000004
141500,46.400000000000006
141750,46.0
142000,46.400000000000006
142250,48.0
142500,49.6
142750,47.199999999999996
143000,48.4
143250,48.0
143500,47.599999999999994
143750,48.4
144000,49.2
144250,44.0
144500,48.8
144750,47.599999999999994
145000,48.4
145250,48.4
145500,47.199999999999996
145750,44.4
146000,48.4
146250,48.4
146500,47.199999999999996
146750,48.4
147000,46.800000000000004
147250,48.0
147500,48.0
147750,48.4
148000,46.800000000000004
148250,48.8
148500,48.4
148750,47.199999999999996
149000,48.0
149250,47.599999999999994
149500,48.8
149750,46.400000000000006
150000,45.2
150250,49.2
150500,50.8
150750,47.199999999999996
151000,46.800000000000004
151250,47.199999999999996
151500,46.800000000000004
151750,48.0
152000,47.199999999999996
