250,0.0
500,0.0
750,0.0
1000,0.0
1250,0.0
1500,0.0
1750,0.0
2000,0.0
2250,63.6
2500,0.0
2750,0.0
3000,0.0
3250,0.0
3500,0.0
3750,0.0
4000,0.0
4250,63.6
4500,0.0
4750,0.0
5000,0.0
5250,0.0
5500,0.0
5750,0.0
6000,0.0
6250,63.6
6500,0.0
6750,0.0
7000,0.0
7250,0.0
7500,0.0
7750,0.0
8000,0.0
8250,63.6
8500,0.0
8750,0.0
9000,0.0
9250,0.0
9500,0.0
9750,0.0
10000,0.0
10250,63.6
10500,0.0
10750,0.0
11000,0.0
11250,0.0
11500,0.0
11750,0.0
12000,0.0
12250,63.6
12500,0.0
12750,0.0
13000,0.0
13250,0.0
13500,0.0
13750,0.0
14000,0.0
14250,63.6
14500,0.0
14750,0.0
15000,0.0
15250,0.0
15500,0.0
15750,0.0
16000,0.0
16250,63.6
16500,0.0
16750,0.0
17000,0.0
17250,0.0
17500,0.0
17750,0.0
18000,0.0
18250,63.6
18500,0.0
18750,0.0
19000,0.0
19250,0.0
19500,0.0
19750,0.0
20000,0.0
20250,63.6
20500,0.0
20750,0.0
21000,0.0
21250,0.0
21500,0.0
21750,0.0
22000,0.0
22250,63.6
22500,0.0
22750,0.0
23000,0.0
23250,0.0
23500,0.0
23750,0.0
24000,0.0
24250,63.6
24500,0.0
24750,0.0
25000,0.0
25250,0.0
25500,0.0
25750,0.0
26000,0.0
26250,63.6
26500,0.0
26750,0.0
27000,0.0
27250,0.0
27500,0.0
27750,0.0
28000,0.0
28250,63.6
28500,0.0
28750,0.0
29000,0.0
29250,0.0
29500,0.0
29750,0.0
30000,0.0
30250,63.6
30500,0.0
30750,0.0
31000,0.0
31250,0.0
31500,0.0
31750,0.0
32000,0.0
32250,63.6
32500,0.0
32750,0.0
33000,0.0
33250,0.0
33500,0.0
33750,0.0
34000,0.0
34250,63.6
34500,0.0
34750,0.0
35000,0.0
35250,0.0
35500,0.0
35750,0.0
36000,0.0
36250,63.6
36500,0.0
36750,0.0
37000,0.0
37250,0.0
37500,0.0
37750,0.0
38000,0.0
38250,63.6
38500,0.0
38750,0.0
39000,0.0
39250,0.0
39500,0.0
39750,0.0
40000,0.0
40250,63.6
40500,0.0
40750,0.0
41000,0.0
41250,0.0
41500,0.0
41750,0.0
42000,0.0
42250,63.6
42500,0.0
42750,0.0
43000,0.0
43250,0.0
43500,0.0
43750,0.0
44000,0.0
44250,63.6
44500,0.0
44750,0.0
45000,0.0
45250,0.0
45500,0.0
45750,0.0
46000,0.0
46250,63.6
46500,0.0
46750,0.0
47000,0.0
47250,0.0
47500,0.0
47750,0.0
48000,0.0
48250,63.6
48500,0.0
48750,0.0
49000,0.0
49250,0.0
49500,0.0
49750,0.0
50000,0.0
50250,63.6
50500,0.0
50750,0.0
51000,0.0
51250,0.0
51500,0.0
51750,0.0
52000,0.0
52250,42.8
52500,30.8
52750,32.800000000000004
53000,34.4
53250,29.599999999999998
53500,32.4
53750,30.0
54000,30.8
54250,36.0
54500,30.8
54750,34.4
55000,32.0
55250,32.4
55500,32.0
55750,32.4
56000,32.4
56250,34.8
56500,32.4
56750,27.200000000000003
57000,31.6
57250,30.8
57500,30.4
57750,32.0
58000,32.800000000000004
58250,32.800000000000004
58500,32.800000000000004
58750,28.799999999999997
59000,30.0
59250,30.8
59500,30.8
59750,32.0
60000,34.4
60250,34.0
60500,32.0
60750,32.4
61000,32.4
61250,28.4
61500,32.4
61750,33.2
62000,28.000000000000004
62250,33.2
62500,32.4
62750,30.4
63000,32.4
63250,29.2
63500,32.800000000000004
63750,30.4
64000,32.0
64250,31.6
64500,32.800000000000004
64750,30.8
65000,32.4
65250,28.799999999999997
65500,32.4
65750,31.6
66000,32.4
66250,32.0
66500,28.4
66750,33.2
67000,32.4
67250,33.2
67500,29.599999999999998
67750,32.800000000000004
68000,32.4
68250,31.6
68500,34.0
68750,31.6
69000,30.8
69250,32.0
69500,33.6
69750,30.8
70000,28.799999999999997
70250,34.4
70500,31.6
70750,31.6
71000,32.4
71250,35.6
71500,31.6
71750,28.000000000000004
72000,32.0
72250,31.2
72500,30.0
72750,31.2
73000,31.6
73250,33.6
73500,31.6
73750,33.6
74000,36.8
74250,32.800000000000004
74500,32.0
74750,31.6
75000,32.4
75250,32.0
75500,33.6
75750,31.2
76000,35.6
76250,27.6
76500,32.4
76750,30.8
77000,28.799999999999997
77250,31.6
77500,34.0
77750,33.6
78000,28.4
78250,34.8
78500,31.2
78750,29.599999999999998
79000,33.6
79250,30.8
79500,32.800000000000004
79750,34.4
80000,31.6
80250,32.4
80500,34.4
80750,30.4
81000,32.800000000000004
81250,33.2
81500,31.6
81750,34.8
82000,27.200000000000003
82250,32.4
82500,30.4
82750,34.0
83000,30.0
83250,31.2
83500,34.4
83750,33.6
84000,32.0
84250,32.0
84500,30.0
84750,34.4
85000,32.0
85250,29.599999999999998
85500,32.4
85750,30.8
86000,29.599999999999998
86250,33.2
86500,32.0
86750,32.800000000000004
87000,33.2
87250,34.4
87500,29.2
87750,33.6
88000,28.799999999999997
88250,29.599999999999998
88500,30.0
88750,31.2
89000,31.6
89250,30.4
89500,33.2
89750,32.800000000000004
90000,30.0
90250,33.6
90500,31.6
90750,33.2
91000,28.799999999999997
91250,32.0
91500,31.6
91750,30.0
92000,34.8
92250,32.0
92500,31.2
92750,28.4
93000,31.6
93250,30.4
93500,32.4
93750,30.0
94000,30.8
94250,33.2
94500,32.800000000000004
94750,34.8
95000,27.6
95250,31.2
95500,31.6
95750,33.6
96000,33.6
96250,30.8
96500,32.0
96750,32.0
97000,29.599999999999998
97250,32.4
97500,30.0
97750,31.2
98000,33.2
98250,32.0
98500,30.8
98750,30.8
99000,30.0
99250,33.6
99500,32.0
99750,31.2
100000,31.6
100250,27.6
100500,32.800000000000004
100750,31.2
101000,31.2
101250,33.6
101500,31.6
101750,32.800000000000004
102000,33.2
102250,32.800000000000004
102500,32.800000000000004
102750,31.6
103000,30.8
103250,32.0
103500,30.8
103750,30.0
104000,31.6
104250,35.199999999999996
104500,28.799999999999997
104750,31.6
105000,29.599999999999998
105250,31.2
105500,30.8
105750,31.2
106000,30.8
106250,32.4
106500,30.8
106750,31.6
107000,32.0
107250,28.4
107500,32.4
107750,32.4
108000,29.2
108250,31.6
108500,32.800000000000004
108750,33.6
109000,32.800000000000004
109250,32.0
109500,32.800000000000004
109750,32.0
110000,33.6
110250,31.2
110500,32.0
110750,33.6
111000,34.4
111250,31.6
111500,33.2
111750,32.0
112000,34.4
112250,27.6
112500,34.0
112750,31.2
113000,32.4
113250,34.0
113500,31.2
113750,28.799999999999997
114000,30.8
114250,31.2
114500,33.2
114750,31.6
115000,29.2
115250,31.2
115500,32.800000000000004
115750,33.6
116000,29.599999999999998
116250,31.6
116500,32.800000000000004
116750,32.4
117000,30.0
117250,34.8
117500,33.2
117750,32.0
118000,30.8
118250,34.4
118500,30.4
118750,33.2
119000,30.8
119250,29.599999999999998
119500,31.6
119750,32.4
120000,30.4
120250,33.6
120500,27.200000000000003
120750,32.0
121000,31.2
121250,34.4
121500,30.4
121750,29.2
122000,30.8
122250,32.800000000000004
122500,32.4
122750,29.599999999999998
123000,29.599999999999998
123250,33.6
123500,33.6
123750,30.0
124000,31.2
124250,33.6
124500,27.200000000000003
124750,31.6
125000,30.8
125250,36.0
125500,30.4
125750,32.4
126000,31.6
126250,33.2
126500,29.2
126750,35.199999999999996
127000,30.4
127250,32.4
127500,33.2
127750,31.2
128000,30.8
128250,30.8
128500,30.8
128750,31.2
129000,34.0
129250,34.4
129500,31.2
129750,30.4
130000,31.2
130250,33.6
130500,32.0
130750,33.6
131000,29.599999999999998
131250,28.000000000000004
131500,28.000000000000004
131750,30.0
132000,32.0
132250,32.800000000000004
132500,32.0
132750,30.4
133000,32.800000000000004
133250,30.8
133500,35.6
133750,30.0
134000,29.2
134250,30.4
134500,30.4
134750,28.000000000000004
135000,30.8
135250,28.000000000000004
135500,29.2
135750,32.800000000000004
136000,31.6
136250,31.2
136500,30.8
136750,33.6
137000,34.8
137250,31.6
137500,30.4
137750,32.0
138000,32.800000000000004
138250,34.8
138500,32.0
138750,36.0
139000,26.8
139250,34.4
139500,30.4
139750,31.6
140000,33.2
140250,34.4
140500,30.4
140750,33.2
141000,29.2
141250,31.2
141500,31.6
141750,29.2
142000,30.8
142250,32.800000000000004
142500,30.0
142750,30.8
143000,34.4
143250,32.800000000000004
143500,31.2
143750,34.0
144000,34.0
144250,30.0
144500,32.800000000000004
144750,31.6
145000,31.2
145250,31.6
145500,32.800000000000004
145750,31.2
146000,32.0
146250,31.6
146500,32.800000000000004
146750,34.0
147000,29.599999999999998
147250,30.8
147500,30.8
147750,32.0
148000,28.799999999999997
148250,34.4
148500,30.0
148750,32.0
149000,32.4
149250,29.2
149500,33.2
149750,30.8
150000,32.4
150250,32.0
150500,32.0
150750,31.6
151000,29.599999999999998
151250,32.4
151500,32.4
151750,33.6
152000,30.8
