250,0.0
500,0.0
750,0.0
1000,0.0
1250,0.0
1500,0.0
1750,0.0
2000,0.0
2250,39.6
2500,0.0
2750,0.0
3000,0.0
3250,0.0
3500,0.0
3750,0.0
4000,0.0
4250,39.6
4500,0.0
4750,0.0
5000,0.0
5250,0.0
5500,0.0
5750,0.0
6000,0.0
6250,39.6
6500,0.0
6750,0.0
7000,0.0
7250,0.0
7500,0.0
7750,0.0
8000,0.0
8250,39.6
8500,0.0
8750,0.0
9000,0.0
9250,0.0
9500,0.0
9750,0.0
10000,0.0
10250,39.6
10500,0.0
10750,0.0
11000,0.0
11250,0.0
11500,0.0
11750,0.0
12000,0.0
12250,39.6
12500,0.0
12750,0.0
13000,0.0
13250,0.0
13500,0.0
13750,0.0
14000,0.0
14250,39.6
14500,0.0
14750,0.0
15000,0.0
15250,0.0
15500,0.0
15750,0.0
16000,0.0
16250,39.6
16500,0.0
16750,0.0
17000,0.0
17250,0.0
17500,0.0
17750,0.0
18000,0.0
18250,39.6
18500,0.0
18750,0.0
19000,0.0
19250,0.0
19500,0.0
19750,0.0
20000,0.0
20250,39.6
20500,0.0
20750,0.0
21000,0.0
21250,0.0
21500,0.0
21750,0.0
22000,0.0
22250,39.6
22500,0.0
22750,0.0
23000,0.0
23250,0.0
23500,0.0
23750,0.0
24000,0.0
24250,39.6
24500,0.0
24750,0.0
25000,0.0
25250,0.0
25500,0.0
25750,0.0
26000,0.0
26250,39.6
26500,0.0
26750,0.0
27000,0.0
27250,0.0
27500,0.0
27750,0.0
28000,0.0
28250,39.6
28500,0.0
28750,0.0
29000,0.0
29250,0.0
29500,0.0
29750,0.0
30000,0.0
30250,39.6
30500,0.0
30750,0.0
31000,0.0
31250,0.0
31500,0.0
31750,0.0
32000,0.0
32250,39.6
32500,0.0
32750,0.0
33000,0.0
33250,0.0
33500,0.0
33750,0.0
34000,0.0
34250,39.6
34500,0.0
34750,0.0
35000,0.0
35250,0.0
35500,0.0
35750,0.0
36000,0.0
36250,39.6
36500,0.0
36750,0.0
37000,0.0
37250,0.0
37500,0.0
37750,0.0
38000,0.0
38250,39.6
38500,0.0
38750,0.0
39000,0.0
39250,0.0
39500,0.0
39750,0.0
40000,0.0
40250,39.6
40500,0.0
40750,0.0
41000,0.0
41250,0.0
41500,0.0
41750,0.0
42000,0.0
42250,39.6
42500,0.0
42750,0.0
43000,0.0
43250,0.0
43500,0.0
43750,0.0
44000,0.0
44250,39.6
44500,0.0
44750,0.0
45000,0.0
45250,0.0
45500,0.0
45750,0.0
46000,0.0
46250,39.6
46500,0.0
46750,0.0
47000,0.0
47250,0.0
47500,0.0
47750,0.0
48000,0.0
48250,39.6
48500,0.0
48750,0.0
49000,0.0
49250,0.0
49500,0.0
49750,0.0
50000,0.0
50250,39.6
50500,0.0
50750,0.0
51000,0.0
51250,0.0
51500,0.0
51750,0.0
52000,0.0
52250,28.000000000000004
52500,20.8
52750,22.8
53000,23.599999999999998
53250,20.8
53500,22.400000000000002
53750,17.599999999999998
54000,19.2
54250,24.4
54500,21.2
54750,26.8
55000,24.8
55250,21.2
55500,22.400000000000002
55750,24.4
56000,22.400000000000002
56250,23.599999999999998
56500,25.2
56750,20.4
57000,21.6
57250,21.6
57500,21.6
57750,20.8
58000,21.2
58250,22.8
58500,22.0
58750,20.4
59000,18.4
59250,20.4
59500,19.6
59750,23.200000000000003
60000,23.200000000000003
60250,24.0
60500,19.2
60750,25.2
61000,24.4
61250,20.8
61500,24.0
61750,22.8
62000,19.6
62250,23.200000000000003
62500,20.8
62750,20.8
63000,24.0
63250,21.2
63500,22.0
63750,20.0
64000,23.599999999999998
64250,23.200000000000003
64500,22.8
64750,22.400000000000002
65000,21.2
65250,22.400000000000002
65500,23.599999999999998
65750,23.200000000000003
66000,22.400000000000002
66250,20.4
66500,17.599999999999998
66750,22.0
67000,22.400000000000002
67250,20.8
67500,22.400000000000002
67750,25.6
68000,22.0
68250,22.400000000000002
68500,22.0
68750,19.6
69000,21.6
69250,23.200000000000003
69500,22.8
69750,20.8
70000,20.4
70250,22.400000000000002
70500,20.8
70750,25.6
71000,21.2
71250,25.6
71500,20.8
71750,20.0
72000,21.2
72250,22.0
72500,22.8
72750,20.0
73000,21.2
73250,22.400000000000002
73500,21.2
73750,22.0
74000,26.400000000000002
74250,20.8
74500,18.8
74750,20.8
75000,25.2
75250,21.6
75500,22.8
75750,20.8
76000,22.400000000000002
76250,20.0
76500,21.2
76750,20.8
77000,21.2
77250,22.0
77500,24.4
77750,22.400000000000002
78000,19.6
78250,27.6
78500,24.8
78750,20.8
79000,22.8
79250,22.400000000000002
79500,23.599999999999998
79750,24.8
80000,22.0
80250,20.8
80500,23.200000000000003
80750,20.0
81000,22.0
81250,23.200000000000003
81500,18.4
81750,24.0
82000,18.8
82250,20.8
82500,20.0
82750,25.2
83000,21.2
83250,21.6
83500,24.4
83750,24.4
84000,22.400000000000002
84250,19.6
84500,21.2
84750,21.2
85000,26.400000000000002
85250,21.6
85500,25.2
85750,24.0
86000,20.4
86250,20.8
86500,20.4
86750,23.200000000000003
87000,21.2
87250,26.400000000000002
87500,18.0
87750,20.8
88000,19.6
88250,20.8
88500,20.4
88750,20.8
89000,23.599999999999998
89250,22.0
89500,23.200000000000003
89750,21.2
90000,22.400000000000002
90250,24.4
90500,20.4
90750,19.6
91000,18.8
91250,21.6
91500,23.200000000000003
91750,20.0
92000,22.400000000000002
92250,21.6
92500,22.0
92750,19.6
93000,21.6
93250,24.0
93500,22.8
93750,23.200000000000003
94000,19.6
94250,22.0
94500,20.8
94750,25.6
95000,21.6
95250,18.8
95500,20.4
95750,20.0
96000,20.8
96250,24.4
96500,21.2
96750,22.0
97000,18.8
97250,23.599999999999998
97500,18.8
97750,20.8
98000,21.6
98250,22.8
98500,24.4
98750,22.400000000000002
99000,21.6
99250,23.599999999999998
99500,22.400000000000002
99750,22.8
100000,21.6
100250,19.6
100500,23.200000000000003
100750,22.0
101000,22.0
101250,26.0
101500,22.400000000000002
101750,21.6
102000,21.6
102250,20.8
102500,23.200000000000003
102750,20.8
103000,22.0
103250,22.0
103500,22.8
103750,24.0
104000,22.8
104250,26.0
104500,20.4
104750,19.6
105000,20.4
105250,22.400000000000002
105500,21.6
105750,22.8
106000,20.8
106250,19.6
106500,23.599999999999998
106750,20.4
107000,22.8
107250,20.8
107500,22.400000000000002
107750,21.6
108000,18.8
108250,21.6
108500,21.6
108750,23.200000000000003
109000,25.6
109250,21.2
109500,22.0
109750,20.4
110000,24.0
110250,20.4
110500,21.6
110750,24.4
111000,24.8
111250,20.0
111500,23.599999999999998
111750,21.6
112000,26.8
112250,20.4
112500,21.2
112750,22.0
113000,20.8
113250,20.8
113500,21.2
113750,19.6
114000,20.4
114250,24.4
114500,24.8
114750,21.6
115000,21.6
115250,20.4
115500,18.8
115750,21.2
116000,20.8
116250,22.0
116500,20.8
116750,22.0
117000,24.4
117250,27.200000000000003
117500,22.400000000000002
117750,20.0
118000,22.8
118250,24.0
118500,18.0
118750,23.200000000000003
119000,21.2
119250,22.8
119500,22.8
119750,22.8
120000,20.4
120250,24.0
120500,20.0
120750,23.599999999999998
121000,21.2
121250,25.6
121500,22.0
121750,20.0
122000,21.2
122250,20.4
122500,23.200000000000003
122750,21.2
123000,20.8
123250,24.4
123500,25.6
123750,22.0
124000,22.8
124250,22.8
124500,19.2
124750,22.0
125000,23.200000000000003
125250,24.4
125500,22.400000000000002
125750,19.2
126000,21.6
126250,27.6
126500,20.4
126750,22.400000000000002
127000,22.0
127250,18.8
127500,20.8
127750,22.0
128000,20.0
128250,22.400000000000002
128500,20.4
128750,19.6
129000,22.8
129250,25.2
129500,20.0
129750,22.400000000000002
130000,21.6
130250,24.4
130500,22.400000000000002
130750,23.200000000000003
131000,18.8
131250,20.4
131500,18.0
131750,20.4
132000,20.4
132250,22.0
132500,22.0
132750,18.8
133000,21.6
133250,21.2
133500,25.2
133750,20.0
134000,18.4
134250,22.8
134500,23.200000000000003
134750,19.2
135000,19.6
135250,21.2
135500,22.0
135750,22.400000000000002
136000,21.2
136250,22.400000000000002
136500,22.0
136750,25.6
137000,22.8
137250,19.6
137500,22.8
137750,23.200000000000003
138000,22.400000000000002
138250,25.6
138500,22.8
138750,26.8
139000,18.0
139250,23.200000000000003
139500,21.2
139750,20.8
140000,23.599999999999998
140250,24.4
140500,20.0
140750,22.400000000000002
141000,19.6
141250,24.4
141500,22.8
141750,22.400000000000002
142000,20.0
142250,21.2
142500,23.200000000000003
142750,22.8
143000,22.8
143250,23.200000000000003
143500,24.4
143750,24.8
144000,24.0
144250,23.200000000000003
144500,25.2
144750,20.0
145000,22.8
145250,26.0
145500,22.8
145750,23.200000000000003
146000,21.2
146250,22.0
146500,20.4
146750,18.4
147000,18.4
147250,22.400000000000002
147500,24.4
147750,23.200000000000003
148000,18.0
148250,24.8
148500,20.0
148750,21.2
149000,23.200000000000003
149250,19.2
149500,22.0
149750,20.4
150000,22.0
150250,20.4
150500,20.8
150750,21.2
151000,20.0
151250,20.0
151500,23.200000000000003
151750,18.8
152000,22.0
