250,0.0
500,0.0
750,0.0
1000,0.0
1250,0.0
1500,0.0
1750,0.0
2000,0.0
2250,99.6
2500,0.0
2750,0.0
3000,0.0
3250,0.0
3500,0.0
3750,0.0
4000,0.0
4250,99.6
4500,0.0
4750,0.0
5000,0.0
5250,0.0
5500,0.0
5750,0.0
6000,0.0
6250,99.6
6500,0.0
6750,0.0
7000,0.0
7250,0.0
7500,0.0
7750,0.0
8000,0.0
8250,99.6
8500,0.0
8750,0.0
9000,0.0
9250,0.0
9500,0.0
9750,0.0
10000,0.0
10250,99.6
10500,0.0
10750,0.0
11000,0.0
11250,0.0
11500,0.0
11750,0.0
12000,0.0
12250,99.6
12500,0.0
12750,0.0
13000,0.0
13250,0.0
13500,0.0
13750,0.0
14000,0.0
14250,99.6
14500,0.0
14750,0.0
15000,0.0
15250,0.0
15500,0.0
15750,0.0
16000,0.0
16250,99.6
16500,0.0
16750,0.0
17000,0.0
17250,0.0
17500,0.0
17750,0.0
18000,0.0
18250,99.6
18500,0.0
18750,0.0
19000,0.0
19250,0.0
19500,0.0
19750,0.0
20000,0.0
20250,99.6
20500,0.0
20750,0.0
21000,0.0
21250,0.0
21500,0.0
21750,0.0
22000,0.0
22250,99.6
22500,0.0
22750,0.0
23000,0.0
23250,0.0
23500,0.0
23750,0.0
24000,0.0
24250,99.6
24500,0.0
24750,0.0
25000,0.0
25250,0.0
25500,0.0
25750,0.0
26000,0.0
26250,99.6
26500,0.0
26750,0.0
27000,0.0
27250,0.0
27500,0.0
27750,0.0
28000,0.0
28250,99.6
28500,0.0
28750,0.0
29000,0.0
29250,0.0
29500,0.0
29750,0.0
30000,0.0
30250,99.6
30500,0.0
30750,0.0
31000,0.0
31250,0.0
31500,0.0
31750,0.0
32000,0.0
32250,99.6
32500,0.0
32750,0.0
33000,0.0
33250,0.0
33500,0.0
33750,0.0
34000,0.0
34250,99.6
34500,0.0
34750,0.0
35000,0.0
35250,0.0
35500,0.0
35750,0.0
36000,0.0
36250,99.6
36500,0.0
36750,0.0
37000,0.0
37250,0.0
37500,0.0
37750,0.0
38000,0.0
38250,99.6
38500,0.0
38750,0.0
39000,0.0
39250,0.0
39500,0.0
39750,0.0
40000,0.0
40250,99.6
40500,0.0
40750,0.0
41000,0.0
41250,0.0
41500,0.0
41750,0.0
42000,0.0
42250,99.6
42500,0.0
42750,0.0
43000,0.0
43250,0.0
43500,0.0
43750,0.0
44000,0.0
44250,99.6
44500,0.0
44750,0.0
45000,0.0
45250,0.0
45500,0.0
45750,0.0
46000,0.0
46250,99.6
46500,0.0
46750,0.0
47000,0.0
47250,0.0
47500,0.0
47750,0.0
48000,0.0
48250,99.6
48500,0.0
48750,0.0
49000,0.0
49250,0.0
49500,0.0
49750,0.0
50000,0.0
50250,99.6
50500,0.0
50750,0.0
51000,0.0
51250,0.0
51500,0.0
51750,0.0
52000,0.0
52250,50.8
52500,43.6
52750,44.0
53000,42.8
53250,42.8
53500,43.2
53750,42.8
54000,42.8
54250,45.2
54500,41.199999999999996
54750,42.4
55000,43.2
55250,41.199999999999996
55500,40.8
55750,42.0
56000,43.2
56250,44.800000000000004
56500,41.199999999999996
56750,41.6
57000,41.199999999999996
57250,40.0
57500,41.199999999999996
57750,42.0
58000,40.8
58250,40.400000000000006
58500,41.6
58750,39.2
59000,42.0
59250,42.8
59500,43.6
59750,41.6
60000,44.4
60250,41.6
60500,39.2
60750,40.8
61000,40.400000000000006
61250,38.800000000000004
61500,43.2
61750,42.4
62000,41.199999999999996
62250,41.199999999999996
62500,41.199999999999996
62750,42.0
63000,42.0
63250,40.0
63500,42.4
63750,40.8
64000,40.8
64250,40.400000000000006
64500,40.8
64750,41.6
65000,42.0
65250,43.6
65500,44.4
65750,41.199999999999996
66000,43.6
66250,40.8
66500,42.4
66750,43.2
67000,38.800000000000004
67250,42.4
67500,40.8
67750,42.0
68000,40.8
68250,41.6
68500,43.2
68750,43.2
69000,42.4
69250,43.6
69500,40.400000000000006
69750,40.0
70000,38.800000000000004
70250,42.0
70500,42.4
70750,42.0
71000,40.400000000000006
71250,43.6
71500,39.6
71750,40.8
72000,40.400000000000006
72250,44.0
72500,40.400000000000006
72750,43.2
73000,43.2
73250,42.4
73500,42.4
73750,45.2
74000,44.4
74250,40.400000000000006
74500,40.8
74750,42.0
75000,42.0
75250,42.4
75500,39.6
75750,41.199999999999996
76000,42.4
76250,42.0
76500,42.8
76750,41.199999999999996
77000,40.0
77250,42.0
77500,44.4
77750,41.6
78000,40.8
78250,42.8
78500,43.2
78750,41.6
79000,41.6
79250,39.6
79500,43.2
79750,42.0
80000,43.2
80250,40.0
80500,41.6
80750,41.199999999999996
81000,41.199999999999996
81250,42.8
81500,42.0
81750,44.0
82000,39.2
82250,43.2
82500,41.199999999999996
82750,42.8
83000,40.8
83250,41.199999999999996
83500,43.2
83750,40.8
84000,42.4
84250,42.8
84500,40.0
84750,41.199999999999996
85000,42.8
85250,38.4
85500,40.400000000000006
85750,41.6
86000,40.400000000000006
86250,44.0
86500,41.6
86750,44.0
87000,44.0
87250,41.199999999999996
87500,41.199999999999996
87750,43.2
88000,40.8
88250,40.8
88500,41.199999999999996
88750,42.0
89000,43.6
89250,40.8
89500,40.8
89750,43.2
90000,42.4
90250,41.199999999999996
90500,41.199999999999996
90750,42.8
91000,41.199999999999996
91250,44.4
91500,39.6
91750,40.0
92000,43.2
92250,39.6
92500,39.6
92750,40.400000000000006
93000,43.2
93250,41.199999999999996
93500,43.6
93750,41.199999999999996
94000,42.8
94250,41.6
94500,41.6
94750,42.0
95000,40.0
95250,43.6
95500,42.8
95750,42.8
96000,40.8
96250,41.199999999999996
96500,42.4
96750,41.6
97000,41.199999999999996
97250,41.6
97500,40.8
97750,42.0
98000,43.6
98250,43.2
98500,40.400000000000006
98750,43.2
99000,41.6
99250,43.2
99500,40.8
99750,40.400000000000006
100000,44.0
100250,40.8
100500,44.0
100750,44.0
101000,41.6
101250,42.8
101500,39.6
101750,41.6
102000,41.6
102250,41.6
102500,42.0
102750,42.4
103000,40.400000000000006
103250,39.6
103500,39.6
103750,41.199999999999996
104000,42.8
104250,43.2
104500,42.0
104750,40.400000000000006
105000,42.0
105250,42.0
105500,41.6
105750,42.0
106000,42.0
106250,42.4
106500,39.6
106750,42.0
107000,40.400000000000006
107250,40.400000000000006
107500,41.6
107750,42.4
108000,42.0
108250,42.8
108500,42.4
108750,42.8
109000,40.8
109250,40.8
109500,43.2
109750,39.6
110000,42.8
110250,41.6
110500,44.0
110750,43.2
111000,41.6
111250,40.400000000000006
111500,43.2
111750,42.0
112000,42.4
112250,40.400000000000006
112500,44.0
112750,41.6
113000,41.6
113250,43.2
113500,42.4
113750,40.0
114000,41.6
114250,43.6
114500,42.0
114750,40.400000000000006
115000,42.0
115250,44.800000000000004
115500,41.6
115750,44.0
116000,41.199999999999996
116250,42.4
116500,40.8
116750,44.4
117000,40.8
117250,43.2
117500,39.2
117750,40.8
118000,42.4
118250,42.0
118500,40.0
118750,42.4
119000,41.6
119250,39.2
119500,41.6
119750,40.0
120000,42.0
120250,41.199999999999996
120500,39.6
120750,41.199999999999996
121000,39.6
121250,44.0
121500,41.6
121750,40.400000000000006
122000,42.8
122250,42.8
122500,39.6
122750,40.0
123000,40.8
123250,42.8
123500,44.0
123750,40.400000000000006
124000,41.199999999999996
124250,40.400000000000006
124500,41.199999999999996
124750,42.8
125000,41.199999999999996
125250,43.6
125500,38.4
125750,40.400000000000006
126000,43.2
126250,40.8
126500,41.199999999999996
126750,44.0
127000,38.4
127250,40.8
127500,43.6
127750,42.8
128000,40.0
128250,41.6
128500,39.6
128750,44.4
129000,42.8
129250,41.199999999999996
129500,40.400000000000006
129750,41.199999999999996
130000,41.199999999999996
130250,41.199999999999996
130500,42.0
130750,42.8
131000,40.0
131250,42.4
131500,42.4
131750,40.0
132000,41.6
132250,41.6
132500,40.8
132750,42.4
133000,42.4
133250,43.2
133500,42.0
133750,40.400000000000006
134000,41.6
134250,40.8
134500,41.6
134750,40.0
135000,42.8
135250,40.0
135500,41.6
135750,42.0
136000,42.4
136250,39.6
136500,43.6
136750,42.4
137000,43.2
137250,40.8
137500,40.8
137750,42.4
138000,41.6
138250,42.8
138500,42.8
138750,44.4
139000,38.800000000000004
139250,44.0
139500,39.2
139750,42.8
140000,42.0
140250,44.800000000000004
140500,42.0
140750,41.6
141000,41.199999999999996
141250,41.199999999999996
141500,41.199999999999996
141750,40.0
142000,40.400000000000006
142250,42.0
142500,41.199999999999996
142750,40.0
143000,43.6
143250,40.8
143500,41.199999999999996
143750,42.8
144000,44.0
144250,39.2
144500,44.0
144750,40.400000000000006
145000,44.4
145250,41.199999999999996
145500,44.0
145750,39.6
146000,41.6
146250,42.0
146500,41.199999999999996
146750,42.8
147000,40.8
147250,41.6
147500,41.199999999999996
147750,43.6
148000,41.199999999999996
148250,43.2
148500,41.199999999999996
148750,41.6
149000,41.6
149250,42.8
149500,43.6
149750,40.0
150000,39.2
150250,42.8
150500,43.2
150750,43.2
151000,40.0
151250,41.6
151500,40.400000000000006
151750,43.2
152000,43.6
