250,0.0
500,0.0
750,0.0
1000,0.0
1250,0.0
1500,0.0
1750,0.0
2000,0.0
2250,79.60000000000001
2500,0.0
2750,0.0
3000,0.0
3250,0.0
3500,0.0
3750,0.0
4000,0.0
4250,79.60000000000001
4500,0.0
4750,0.0
5000,0.0
5250,0.0
5500,0.0
5750,0.0
6000,0.0
6250,79.60000000000001
6500,0.0
6750,0.0
7000,0.0
7250,0.0
7500,0.0
7750,0.0
8000,0.0
8250,79.60000000000001
8500,0.0
8750,0.0
9000,0.0
9250,0.0
9500,0.0
9750,0.0
10000,0.0
10250,79.60000000000001
10500,0.0
10750,0.0
11000,0.0
11250,0.0
11500,0.0
11750,0.0
12000,0.0
12250,79.60000000000001
12500,0.0
12750,0.0
13000,0.0
13250,0.0
13500,0.0
13750,0.0
14000,0.0
14250,79.60000000000001
14500,0.0
14750,0.0
15000,0.0
15250,0.0
15500,0.0
15750,0.0
16000,0.0
16250,79.60000000000001
16500,0.0
16750,0.0
17000,0.0
17250,0.0
17500,0.0
17750,0.0
18000,0.0
18250,79.60000000000001
18500,0.0
18750,0.0
19000,0.0
19250,0.0
19500,0.0
19750,0.0
20000,0.0
20250,79.60000000000001
20500,0.0
20750,0.0
21000,0.0
21250,0.0
21500,0.0
21750,0.0
22000,0.0
22250,79.60000000000001
22500,0.0
22750,0.0
23000,0.0
23250,0.0
23500,0.0
23750,0.0
24000,0.0
24250,79.60000000000001
24500,0.0
24750,0.0
25000,0.0
25250,0.0
25500,0.0
25750,0.0
26000,0.0
26250,79.60000000000001
26500,0.0
26750,0.0
27000,0.0
27250,0.0
27500,0.0
27750,0.0
28000,0.0
28250,79.60000000000001
28500,0.0
28750,0.0
29000,0.0
29250,0.0
29500,0.0
29750,0.0
30000,0.0
30250,79.60000000000001
30500,0.0
30750,0.0
31000,0.0
31250,0.0
31500,0.0
31750,0.0
32000,0.0
32250,79.60000000000001
32500,0.0
32750,0.0
33000,0.0
33250,0.0
33500,0.0
33750,0.0
34000,0.0
34250,79.60000000000001
34500,0.0
34750,0.0
35000,0.0
35250,0.0
35500,0.0
35750,0.0
36000,0.0
36250,79.60000000000001
36500,0.0
36750,0.0
37000,0.0
37250,0.0
37500,0.0
37750,0.0
38000,0.0
38250,79.60000000000001
38500,0.0
38750,0.0
39000,0.0
39250,0.0
39500,0.0
39750,0.0
40000,0.0
40250,79.60000000000001
40500,0.0
40750,0.0
41000,0.0
41250,0.0
41500,0.0
41750,0.0
42000,0.0
42250,79.60000000000001
42500,0.0
42750,0.0
43000,0.0
43250,0.0
43500,0.0
43750,0.0
44000,0.0
44250,79.60000000000001
44500,0.0
44750,0.0
45000,0.0
45250,0.0
45500,0.0
45750,0.0
46000,0.0
46250,79.60000000000001
46500,0.0
46750,0.0
47000,0.0
47250,0.0
47500,0.0
47750,0.0
48000,0.0
48250,79.60000000000001
48500,0.0
48750,0.0
49000,0.0
49250,0.0
49500,0.0
49750,0.0
50000,0.0
50250,79.60000000000001
50500,0.0
50750,0.0
51000,0.0
51250,0.0
51500,0.0
51750,0.0
52000,0.0
52250,49.6
52500,34.8
52750,37.2
53000,37.6
53250,34.8
53500,37.2
53750,35.199999999999996
54000,40.0
54250,38.800000000000004
54500,37.6
54750,38.800000000000004
55000,37.2
55250,35.199999999999996
55500,36.0
55750,35.199999999999996
56000,38.4
56250,41.199999999999996
56500,37.2
56750,33.6
57000,36.0
57250,34.4
57500,37.6
57750,36.8
58000,37.6
58250,36.0
58500,36.4
58750,33.2
59000,34.4
59250,35.6
59500,34.4
59750,36.4
60000,40.400000000000006
60250,38.0
60500,36.4
60750,36.0
61000,37.2
61250,32.800000000000004
61500,36.4
61750,37.2
62000,34.8
62250,36.8
62500,35.6
62750,36.0
63000,37.2
63250,35.6
63500,37.2
63750,35.199999999999996
64000,36.8
64250,36.8
64500,36.8
64750,37.2
65000,37.6
65250,37.2
65500,39.2
65750,34.8
66000,37.6
66250,36.4
66500,36.0
66750,37.6
67000,36.0
67250,38.0
67500,35.199999999999996
67750,37.2
68000,37.6
68250,36.8
68500,40.0
68750,38.4
69000,37.2
69250,38.0
69500,37.2
69750,35.6
70000,36.8
70250,39.6
70500,37.6
70750,38.4
71000,36.8
71250,39.6
71500,36.0
71750,35.6
72000,36.8
72250,36.4
72500,36.0
72750,37.6
73000,38.0
73250,37.6
73500,36.4
73750,39.2
74000,41.6
74250,36.4
74500,37.2
74750,37.6
75000,38.800000000000004
75250,36.4
75500,35.6
75750,36.0
76000,40.0
76250,36.4
76500,38.4
76750,35.6
77000,34.8
77250,36.8
77500,38.800000000000004
77750,36.0
78000,35.6
78250,38.0
78500,36.8
78750,38.4
79000,38.0
79250,36.4
79500,38.0
79750,36.8
80000,37.2
80250,37.6
80500,39.2
80750,36.4
81000,36.0
81250,38.800000000000004
81500,37.2
81750,37.6
82000,34.0
82250,36.8
82500,36.8
82750,39.6
83000,35.199999999999996
83250,36.4
83500,38.800000000000004
83750,38.0
84000,38.0
84250,36.8
84500,35.199999999999996
84750,38.0
85000,36.8
85250,34.0
85500,36.4
85750,36.0
86000,37.2
86250,37.6
86500,38.4
86750,37.6
87000,36.4
87250,36.4
87500,34.8
87750,37.6
88000,36.8
88250,35.199999999999996
88500,35.199999999999996
88750,36.4
89000,37.2
89250,34.8
89500,38.4
89750,36.8
90000,36.8
90250,38.800000000000004
90500,37.6
90750,36.0
91000,36.4
91250,38.800000000000004
91500,36.4
91750,32.800000000000004
92000,37.6
92250,37.6
92500,36.8
92750,34.8
93000,36.8
93250,36.8
93500,38.0
93750,34.8
94000,38.800000000000004
94250,39.2
94500,36.8
94750,38.800000000000004
95000,33.6
95250,36.8
95500,36.0
95750,39.6
96000,36.0
96250,36.4
96500,37.2
96750,36.8
97000,37.2
97250,36.8
97500,35.199999999999996
97750,37.6
98000,40.0
98250,38.4
98500,35.199999999999996
98750,36.0
99000,34.4
99250,38.4
99500,36.0
99750,37.6
100000,38.4
100250,32.0
100500,36.8
100750,37.2
101000,35.199999999999996
101250,37.2
101500,35.6
101750,38.0
102000,38.0
102250,36.0
102500,38.0
102750,36.4
103000,35.199999999999996
103250,36.4
103500,35.199999999999996
103750,37.2
104000,36.4
104250,41.199999999999996
104500,36.4
104750,35.199999999999996
105000,37.6
105250,36.4
105500,37.2
105750,36.8
106000,35.199999999999996
106250,38.0
106500,36.0
106750,35.6
107000,36.8
107250,36.0
107500,36.8
107750,36.8
108000,37.6
108250,37.6
108500,38.4
108750,39.6
109000,35.6
109250,37.2
109500,37.6
109750,34.8
110000,37.6
110250,35.6
110500,38.800000000000004
110750,37.2
111000,38.4
111250,36.8
111500,38.4
111750,35.199999999999996
112000,38.0
112250,33.2
112500,39.6
112750,36.8
113000,36.0
113250,38.4
113500,36.8
113750,35.199999999999996
114000,37.2
114250,37.6
114500,38.0
114750,36.0
115000,34.8
115250,38.4
115500,39.6
115750,40.400000000000006
116000,33.6
116250,36.8
116500,36.4
116750,38.4
117000,34.8
117250,39.2
117500,36.8
117750,37.2
118000,36.8
118250,38.0
118500,36.8
118750,38.0
119000,36.8
119250,36.0
119500,36.8
119750,36.4
120000,36.4
120250,37.2
120500,34.0
120750,36.0
121000,35.6
121250,39.6
121500,37.2
121750,36.4
122000,38.0
122250,37.2
122500,34.8
122750,34.4
123000,33.6
123250,39.2
123500,36.4
123750,34.8
124000,37.2
124250,37.2
124500,36.4
124750,35.199999999999996
125000,36.0
125250,40.400000000000006
125500,34.0
125750,37.2
126000,36.4
126250,36.4
126500,34.0
126750,40.0
127000,33.6
127250,37.2
127500,39.2
127750,37.2
128000,36.4
128250,37.2
128500,35.6
128750,38.0
129000,38.0
129250,38.0
129500,35.199999999999996
129750,35.199999999999996
130000,36.8
130250,37.2
130500,36.4
130750,39.2
131000,36.8
131250,36.0
131500,34.8
131750,34.8
132000,36.4
132250,38.0
132500,35.6
132750,36.0
133000,36.0
133250,36.4
133500,38.800000000000004
133750,34.8
134000,37.2
134250,37.6
134500,37.6
134750,32.800000000000004
135000,34.8
135250,34.0
135500,35.199999999999996
135750,38.800000000000004
136000,36.8
136250,32.800000000000004
136500,40.0
136750,38.4
137000,38.0
137250,38.800000000000004
137500,34.8
137750,37.2
138000,36.4
138250,38.0
138500,39.6
138750,39.6
139000,32.4
139250,40.0
139500,34.0
139750,38.0
140000,37.2
140250,39.6
140500,35.6
140750,36.8
141000,34.8
141250,38.0
141500,35.6
141750,34.4
142000,34.8
142250,38.0
142500,34.4
142750,36.0
143000,39.6
143250,36.0
143500,36.8
143750,37.2
144000,39.2
144250,34.0
144500,36.0
144750,36.0
145000,36.4
145250,37.2
145500,38.800000000000004
145750,34.8
146000,37.6
146250,35.6
146500,36.4
146750,41.199999999999996
147000,35.199999999999996
147250,36.4
147500,34.8
147750,38.0
148000,33.6
148250,37.6
148500,35.6
148750,36.8
149000,36.0
149250,37.2
149500,36.4
149750,36.4
150000,35.6
150250,38.4
150500,38.4
150750,39.2
151000,35.199999999999996
151250,39.2
151500,36.8
151750,39.6
152000,39.6
