250,0.0,0.0
500,0.0,0.0
750,0.0,0.0
1000,0.0,0.0
1250,0.0,0.0
1500,0.0,0.0
1750,0.0,0.0
2000,0.0,0.0
2250,0.4,0.0
2500,0.0,0.0
2750,0.0,0.0
3000,0.0,0.0
3250,0.0,0.0
3500,0.0,0.0
3750,0.0,0.0
4000,0.0,0.0
4250,0.4,0.0
4500,0.0,0.0
4750,0.0,0.0
5000,0.0,0.0
5250,0.0,0.0
5500,0.0,0.0
5750,0.0,0.0
6000,0.0,0.0
6250,0.4,0.0
6500,0.0,0.0
6750,0.0,0.0
7000,0.0,0.0
7250,0.0,0.0
7500,0.0,0.0
7750,0.0,0.0
8000,71.2,0.0
8250,71.6,0.0
8500,0.0,0.0
8750,0.0,0.0
9000,0.0,0.0
9250,0.0,0.0
9500,0.0,0.0
9750,0.0,0.0
10000,0.0,0.0
10250,70.8,0.0
10500,0.0,0.0
10750,0.0,0.0
11000,0.0,0.0
11250,0.0,0.0
11500,0.0,0.0
11750,0.0,0.0
12000,0.8,0.0
12250,71.6,0.0
12500,0.0,0.0
12750,0.0,0.0
13000,0.0,0.0
13250,0.0,0.0
13500,0.0,0.0
13750,0.0,0.0
14000,0.0,0.0
14250,70.8,0.0
14500,0.0,0.0
14750,0.0,0.0
15000,0.0,0.0
15250,0.0,0.0
15500,0.0,0.0
15750,0.0,0.0
16000,0.8,0.0
16250,71.6,0.0
16500,0.0,0.0
16750,0.0,0.0
17000,0.0,0.0
17250,0.0,0.0
17500,0.0,0.0
17750,0.0,0.0
18000,0.0,0.0
18250,71.6,0.0
18500,0.0,0.0
18750,0.0,0.0
19000,0.0,0.0
19250,0.0,0.0
19500,0.0,0.0
19750,0.0,0.0
20000,0.0,0.0
20250,70.8,0.0
20500,0.0,0.0
20750,0.0,0.0
21000,0.0,0.0
21250,0.8,0.0
21500,0.0,0.0
21750,0.0,0.0
22000,0.0,0.0
22250,70.8,0.0
22500,0.0,0.0
22750,0.0,0.0
23000,0.8,0.0
23250,0.0,0.0
23500,0.0,0.0
23750,0.0,0.0
24000,0.0,0.0
24250,70.8,0.0
24500,0.0,0.0
24750,0.0,0.0
25000,0.0,0.0
25250,0.8,0.0
25500,0.0,0.0
25750,0.0,0.0
26000,0.0,0.0
26250,71.6,0.0
26500,0.0,0.0
26750,0.0,0.0
27000,0.0,0.0
27250,0.0,0.0
27500,0.0,0.0
27750,0.0,0.0
28000,0.0,0.0
28250,70.8,0.0
28500,0.0,0.0
28750,0.0,0.0
29000,0.0,0.0
29250,0.0,0.0
29500,0.0,0.0
29750,0.0,0.0
30000,0.4,0.0
30250,72.0,0.0
30500,0.0,0.0
30750,0.0,0.0
31000,0.0,0.0
31250,0.0,0.0
31500,0.0,0.0
31750,0.0,0.0
32000,0.0,0.0
32250,71.6,0.0
32500,0.0,0.0
32750,0.0,0.0
33000,0.0,0.0
33250,0.0,0.0
33500,0.0,0.0
33750,0.0,0.0
34000,0.0,0.0
34250,71.6,0.0
34500,0.0,0.0
34750,0.0,0.0
35000,0.0,0.0
35250,0.0,0.0
35500,0.0,0.0
35750,0.0,0.0
36000,0.0,0.0
36250,70.8,0.0
36500,0.0,0.0
36750,0.0,0.0
37000,0.0,0.0
37250,0.8,0.0
37500,0.0,0.0
37750,0.0,0.0
38000,0.0,0.0
38250,70.8,0.0
38500,0.0,0.0
38750,0.0,0.0
39000,0.8,0.0
39250,0.0,0.0
39500,0.0,0.0
39750,0.0,0.0
40000,0.0,0.0
40250,70.8,0.0
40500,0.0,0.0
40750,0.0,0.0
41000,0.0,0.0
41250,0.8,0.0
41500,0.0,0.0
41750,0.0,0.0
42000,0.0,0.0
42250,71.6,0.0
42500,0.0,0.0
42750,0.0,0.0
43000,0.0,0.0
43250,0.0,0.0
43500,0.0,0.0
43750,0.0,0.0
44000,0.0,0.0
44250,70.8,0.0
44500,0.0,0.0
44750,0.0,0.0
45000,0.0,0.0
45250,0.0,0.0
45500,0.0,0.0
45750,0.0,0.0
46000,0.4,0.0
46250,72.0,0.0
46500,0.0,0.0
46750,0.0,0.0
47000,0.0,0.0
47250,0.0,0.0
47500,0.0,0.0
47750,0.0,0.0
48000,0.0,0.0
48250,71.6,0.0
48500,0.0,0.0
48750,0.0,0.0
49000,0.0,0.0
49250,0.0,0.0
49500,0.0,0.0
49750,0.0,0.0
50000,0.0,0.0
50250,71.6,0.0
50500,0.0,0.0
50750,0.0,0.0
51000,0.0,0.0
51250,0.0,0.0
51500,0.0,0.0
51750,0.0,0.0
52000,0.0,0.0
52250,46.0,0.0
52500,32.4,0.0
52750,35.199999999999996,0.0
53000,36.4,0.0
53250,31.6,0.0
53500,34.4,0.0
53750,32.800000000000004,0.0
54000,34.0,0.0
54250,37.2,0.0
54500,32.800000000000004,0.0
54750,35.6,0.0
55000,35.6,0.0
55250,33.2,0.0
55500,34.0,0.0
55750,33.6,0.0
56000,35.199999999999996,0.0
56250,38.800000000000004,0.0
56500,34.8,0.0
56750,30.8,0.0
57000,32.800000000000004,0.0
57250,33.2,0.0
57500,34.8,0.0
57750,34.4,0.0
58000,34.0,0.0
58250,34.0,0.0
58500,34.8,0.0
58750,31.2,0.0
59000,34.0,0.0
59250,34.0,0.0
59500,32.800000000000004,0.0
59750,34.8,0.0
60000,36.0,0.0
60250,36.4,0.0
60500,34.0,0.0
60750,33.2,0.0
61000,34.8,0.0
61250,29.2,0.0
61500,34.0,0.0
61750,36.0,0.0
62000,30.4,0.0
62250,34.4,0.0
62500,34.0,0.0
62750,34.4,0.0
63000,35.199999999999996,0.0
63250,32.0,0.0
63500,35.199999999999996,0.0
63750,32.800000000000004,0.0
64000,34.8,0.0
64250,35.199999999999996,0.0
64500,35.199999999999996,0.0
64750,35.199999999999996,0.0
65000,35.199999999999996,0.0
65250,31.6,0.0
65500,36.0,0.0
65750,32.800000000000004,0.0
66000,35.199999999999996,0.0
66250,33.6,0.0
66500,31.6,0.0
66750,35.6,0.0
67000,34.4,0.0
67250,36.4,0.0
67500,33.2,0.0
67750,36.4,0.0
68000,34.0,0.0
68250,35.6,0.0
68500,38.0,0.0
68750,34.8,0.0
69000,34.4,0.0
69250,35.199999999999996,0.0
69500,35.6,0.0
69750,33.6,0.0
70000,31.2,0.0
70250,37.2,0.0
70500,35.6,0.0
70750,36.0,0.0
71000,33.2,0.0
71250,37.6,0.0
71500,32.800000000000004,0.0
71750,32.0,0.0
72000,34.4,0.0
72250,34.0,0.0
72500,34.8,0.0
72750,33.6,0.0
73000,34.0,0.0
73250,36.0,0.0
73500,35.199999999999996,0.0
73750,36.4,0.0
74000,40.8,0.0
74250,33.6,0.0
74500,34.8,0.0
74750,32.800000000000004,0.0
75000,35.6,0.0
75250,35.199999999999996,0.0
75500,35.199999999999996,0.0
75750,35.6,0.0
76000,38.4,0.0
76250,32.0,0.0
76500,36.0,0.0
76750,32.800000000000004,0.0
77000,32.4,0.0
77250,35.199999999999996,0.0
77500,37.2,0.0
77750,35.199999999999996,0.0
78000,29.599999999999998,0.0
78250,37.6,0.0
78500,35.199999999999996,0.0
78750,33.6,0.0
79000,36.4,0.0
79250,34.8,0.0
79500,37.2,0.0
79750,35.6,0.0
80000,36.0,0.0
80250,36.4,0.0
80500,36.8,0.0
80750,34.4,0.0
81000,34.8,0.0
81250,37.2,0.0
81500,34.0,0.0
81750,36.0,0.0
82000,29.2,0.0
82250,34.8,0.0
82500,34.8,0.0
82750,37.6,0.0
83000,34.0,0.0
83250,34.8,0.0
83500,37.2,0.0
83750,35.6,0.0
84000,35.199999999999996,0.0
84250,36.4,0.0
84500,33.2,0.0
84750,36.0,0.0
85000,34.4,0.0
85250,32.0,0.0
85500,35.199999999999996,0.0
85750,34.0,0.0
86000,34.8,0.0
86250,34.8,0.0
86500,36.0,0.0
86750,36.0,0.0
87000,34.4,0.0
87250,36.0,0.0
87500,32.0,0.0
87750,36.0,0.0
88000,33.6,0.0
88250,32.4,0.0
88500,32.800000000000004,0.0
88750,34.4,0.0
89000,34.4,0.0
89250,33.2,0.0
89500,35.6,0.0
89750,34.8,0.0
90000,34.0,0.0
90250,35.6,0.0
90500,34.0,0.0
90750,35.6,0.0
91000,31.6,0.0
91250,35.6,0.0
91500,34.0,0.0
91750,30.8,0.0
92000,37.2,0.0
92250,35.6,0.0
92500,35.199999999999996,0.0
92750,31.2,0.0
93000,34.0,0.0
93250,32.800000000000004,0.0
93500,36.0,0.0
93750,32.4,0.0
94000,34.4,0.0
94250,35.6,0.0
94500,36.4,0.0
94750,37.2,0.0
95000,30.8,0.0
95250,35.199999999999996,0.0
95500,34.0,0.0
95750,37.2,0.0
96000,34.0,0.0
96250,34.4,0.0
96500,36.0,0.0
96750,34.8,0.0
97000,33.2,0.0
97250,36.0,0.0
97500,34.0,0.0
97750,34.8,0.0
98000,38.0,0.0
98250,35.6,0.0
98500,33.6,0.0
98750,33.2,0.0
99000,32.4,0.0
99250,35.6,0.0
99500,33.2,0.0
99750,35.6,0.0
100000,34.4,0.0
100250,30.0,0.0
100500,36.0,0.0
100750,34.0,0.0
101000,33.2,0.0
101250,36.4,0.0
101500,34.4,0.0
101750,37.2,0.0
102000,36.4,0.0
102250,34.8,0.0
102500,36.4,0.0
102750,36.0,0.0
103000,33.2,0.0
103250,34.8,0.0
103500,33.2,0.0
103750,35.199999999999996,0.0
104000,34.8,0.0
104250,38.0,0.0
104500,33.2,0.0
104750,33.2,0.0
105000,34.0,0.0
105250,35.199999999999996,0.0
105500,35.199999999999996,0.0
105750,33.2,0.0
106000,33.6,0.0
106250,36.4,0.0
106500,34.8,0.0
106750,35.199999999999996,0.0
107000,34.8,0.0
107250,32.0,0.0
107500,34.8,0.0
107750,34.4,0.0
108000,34.0,0.0
108250,35.199999999999996,0.0
108500,36.4,0.0
108750,37.6,0.0
109000,34.8,0.0
109250,34.8,0.0
109500,36.4,0.0
109750,34.0,0.0
110000,36.0,0.0
110250,33.2,0.0
110500,35.199999999999996,0.0
110750,35.6,0.0
111000,36.8,0.0
111250,34.8,0.0
111500,36.8,0.0
111750,34.0,0.0
112000,37.2,0.0
112250,30.8,0.0
112500,36.8,0.0
112750,34.8,0.0
113000,34.8,0.0
113250,35.6,0.0
113500,34.8,0.0
113750,33.2,0.0
114000,33.2,0.0
114250,34.4,0.0
114500,35.199999999999996,0.0
114750,35.199999999999996,0.0
115000,33.2,0.0
115250,34.4,0.0
115500,36.4,0.0
115750,38.800000000000004,0.0
116000,32.0,0.0
116250,35.6,0.0
116500,34.0,0.0
116750,36.0,0.0
117000,33.6,0.0
117250,36.8,0.0
117500,34.4,0.0
117750,34.8,0.0
118000,36.0,0.0
118250,37.2,0.0
118500,34.8,0.0
118750,36.0,0.0
119000,35.199999999999996,0.0
119250,34.4,0.0
119500,35.199999999999996,0.0
119750,35.6,0.0
120000,34.4,0.0
120250,35.199999999999996,0.0
120500,30.8,0.0
120750,34.4,0.0
121000,32.800000000000004,0.0
121250,37.2,0.0
121500,35.6,0.0
121750,32.800000000000004,0.0
122000,34.4,0.0
122250,35.6,0.0
122500,33.2,0.0
122750,32.0,0.0
123000,32.4,0.0
123250,35.6,0.0
123500,35.199999999999996,0.0
123750,32.0,0.0
124000,34.4,0.0
124250,36.0,0.0
124500,34.0,0.0
124750,34.4,0.0
125000,34.0,0.0
125250,37.6,0.0
125500,33.6,0.0
125750,34.8,0.0
126000,34.0,0.0
126250,34.4,0.0
126500,31.2,0.0
126750,38.0,0.0
127000,32.800000000000004,0.0
127250,35.199999999999996,0.0
127500,35.6,0.0
127750,34.0,0.0
128000,34.0,0.0
128250,35.199999999999996,0.0
128500,33.2,0.0
128750,34.4,0.0
129000,35.199999999999996,0.0
129250,36.4,0.0
129500,34.4,0.0
129750,32.4,0.0
130000,35.199999999999996,0.0
130250,37.2,0.0
130500,34.8,0.0
130750,35.6,0.0
131000,33.2,0.0
131250,31.6,0.0
131500,32.800000000000004,0.0
131750,32.4,0.0
132000,34.8,0.0
132250,34.4,0.0
132500,33.6,0.0
132750,34.8,0.0
133000,35.199999999999996,0.0
133250,33.6,0.0
133500,37.6,0.0
133750,32.0,0.0
134000,35.199999999999996,0.0
134250,36.0,0.0
134500,32.800000000000004,0.0
134750,30.0,0.0
135000,32.4,0.0
135250,30.0,0.0
135500,33.2,0.0
135750,35.6,0.0
136000,34.8,0.0
136250,33.2,0.0
136500,37.2,0.0
136750,36.0,0.0
137000,36.8,0.0
137250,34.8,0.0
137500,32.800000000000004,0.0
137750,36.4,0.0
138000,34.4,0.0
138250,36.0,0.0
138500,37.2,0.0
138750,37.2,0.0
139000,30.4,0.0
139250,36.8,0.0
139500,32.4,0.0
139750,34.8,0.0
140000,35.199999999999996,0.0
140250,37.6,0.0
140500,32.800000000000004,0.0
140750,34.8,0.0
141000,32.4,0.0
141250,34.4,0.0
141500,33.6,0.0
141750,32.0,0.0
142000,32.800000000000004,0.0
142250,35.199999999999996,0.0
142500,32.4,0.0
142750,33.2,0.0
143000,37.2,0.0
143250,34.8,0.0
143500,33.2,0.0
143750,36.8,0.0
144000,36.8,0.0
144250,31.6,0.0
144500,34.0,0.0
144750,35.199999999999996,0.0
145000,34.4,0.0
145250,35.6,0.0
145500,36.4,0.0
145750,33.6,0.0
146000,35.199999999999996,0.0
146250,34.0,0.0
146500,34.4,0.0
146750,37.2,0.0
147000,32.800000000000004,0.0
147250,35.199999999999996,0.0
147500,32.4,0.0
147750,35.199999999999996,0.0
148000,32.4,0.0
148250,36.4,0.0
148500,32.800000000000004,0.0
148750,34.4,0.0
149000,36.4,0.0
149250,34.8,0.0
149500,34.4,0.0
149750,32.4,0.0
150000,35.6,0.0
150250,37.2,0.0
150500,34.8,0.0
150750,35.199999999999996,0.0
151000,33.2,0.0
151250,36.8,0.0
151500,35.199999999999996,0.0
151750,37.2,0.0
152000,34.0,0.0
