250,0.0,0.0
500,0.0,0.0
750,0.0,0.0
1000,0.0,0.0
1250,0.0,0.0
1500,0.0,0.0
1750,0.0,0.0
2000,0.0,0.0
2250,0.4,0.0
2500,0.0,0.0
2750,0.0,0.0
3000,0.0,0.0
3250,0.0,0.0
3500,0.0,0.0
3750,0.0,0.0
4000,0.0,0.0
4250,0.4,0.0
4500,0.0,0.0
4750,0.0,0.0
5000,0.0,0.0
5250,0.0,0.0
5500,0.0,0.0
5750,0.0,0.0
6000,0.0,0.0
6250,0.4,0.0
6500,0.0,0.0
6750,0.0,0.0
7000,0.0,0.0
7250,0.0,0.0
7500,0.0,0.0
7750,0.0,0.0
8000,0.0,0.0
8250,0.4,0.0
8500,0.0,0.0
8750,0.0,0.0
9000,0.0,0.0
9250,0.0,0.0
9500,0.0,0.0
9750,0.0,0.0
10000,0.0,0.0
10250,0.4,0.0
10500,0.0,0.0
10750,0.0,0.0
11000,0.0,0.0
11250,0.0,0.0
11500,0.0,0.0
11750,10.8,0.0
12000,44.4,0.0
12250,55.60000000000001,0.0
12500,0.0,0.0
12750,0.0,0.0
13000,0.0,0.0
13250,0.0,0.0
13500,0.0,0.0
13750,0.0,0.0
14000,0.0,0.0
14250,54.800000000000004,0.0
14500,0.0,0.0
14750,0.0,0.0
15000,0.0,0.0
15250,0.0,0.0
15500,0.0,0.0
15750,0.0,0.0
16000,0.8,0.0
16250,55.2,0.0
16500,0.0,0.0
16750,0.0,0.0
17000,0.0,0.0
17250,0.0,0.0
17500,0.0,0.0
17750,0.0,0.0
18000,0.0,0.0
18250,54.800000000000004,0.0
18500,0.0,0.0
18750,0.0,0.0
19000,0.0,0.0
19250,0.0,0.0
19500,0.0,0.0
19750,0.0,0.0
20000,0.0,0.0
20250,55.60000000000001,0.0
20500,0.0,0.0
20750,0.0,0.0
21000,0.0,0.0
21250,0.0,0.0
21500,0.0,0.0
21750,0.0,0.0
22000,0.0,0.0
22250,54.800000000000004,0.0
22500,0.0,0.0
22750,0.0,0.0
23000,0.0,0.0
23250,0.0,0.0
23500,0.0,0.0
23750,0.0,0.0
24000,0.8,0.0
24250,55.2,0.0
24500,0.0,0.0
24750,0.0,0.0
25000,0.0,0.0
25250,0.0,0.0
25500,0.0,0.0
25750,0.0,0.0
26000,0.0,0.0
26250,54.800000000000004,0.0
26500,0.0,0.0
26750,0.0,0.0
27000,0.0,0.0
27250,0.0,0.0
27500,0.0,0.0
27750,0.0,0.0
28000,0.8,0.0
28250,54.800000000000004,0.0
28500,0.0,0.0
28750,0.0,0.0
29000,0.0,0.0
29250,0.0,0.0
29500,0.0,0.0
29750,0.0,0.0
30000,0.0,0.0
30250,55.60000000000001,0.0
30500,0.0,0.0
30750,0.0,0.0
31000,0.0,0.0
31250,0.0,0.0
31500,0.0,0.0
31750,0.0,0.0
32000,0.0,0.0
32250,55.2,0.0
32500,0.0,0.0
32750,0.0,0.0
33000,0.0,0.0
33250,0.0,0.0
33500,0.0,0.0
33750,0.0,0.0
34000,0.0,0.0
34250,54.800000000000004,0.0
34500,0.0,0.0
34750,0.0,0.0
35000,0.0,0.0
35250,0.0,0.0
35500,0.0,0.0
35750,0.0,0.0
36000,0.8,0.0
36250,55.2,0.0
36500,0.0,0.0
36750,0.0,0.0
37000,0.0,0.0
37250,0.0,0.0
37500,0.0,0.0
37750,0.0,0.0
38000,0.0,0.0
38250,54.800000000000004,0.0
38500,0.0,0.0
38750,0.0,0.0
39000,0.0,0.0
39250,0.0,0.0
39500,0.0,0.0
39750,0.0,0.0
40000,0.8,0.0
40250,54.800000000000004,0.0
40500,0.0,0.0
40750,0.0,0.0
41000,0.0,0.0
41250,0.0,0.0
41500,0.0,0.0
41750,0.0,0.0
42000,0.0,0.0
42250,54.800000000000004,0.0
42500,0.0,0.0
42750,0.0,0.0
43000,0.0,0.0
43250,0.0,0.0
43500,0.0,0.0
43750,0.0,0.0
44000,0.0,0.0
44250,54.800000000000004,0.0
44500,0.0,0.0
44750,0.0,0.0
45000,0.0,0.0
45250,0.0,0.0
45500,0.0,0.0
45750,0.0,0.0
46000,0.8,0.0
46250,55.60000000000001,0.0
46500,0.0,0.0
46750,0.0,0.0
47000,0.0,0.0
47250,0.0,0.0
47500,0.0,0.0
47750,0.0,0.0
48000,0.0,0.0
48250,54.800000000000004,0.0
48500,0.0,0.0
48750,0.0,0.0
49000,0.0,0.0
49250,0.0,0.0
49500,0.0,0.0
49750,0.0,0.0
50000,0.0,0.0
50250,54.800000000000004,0.0
50500,0.0,0.0
50750,0.0,0.0
51000,0.0,0.0
51250,0.0,0.0
51500,0.0,0.0
51750,0.0,0.0
52000,0.8,0.0
52250,37.6,0.0
52500,28.799999999999997,0.0
52750,31.2,0.0
53000,29.599999999999998,0.0
53250,26.0,0.0
53500,30.0,0.0
53750,27.200000000000003,0.0
54000,28.000000000000004,0.0
54250,33.2,0.0
54500,28.4,0.0
54750,32.4,0.0
55000,30.4,0.0
55250,31.2,0.0
55500,30.0,0.0
55750,30.4,0.0
56000,28.799999999999997,0.0
56250,33.6,0.0
56500,29.599999999999998,0.0
56750,24.8,0.0
57000,28.799999999999997,0.0
57250,28.000000000000004,0.0
57500,26.8,0.0
57750,28.4,0.0
58000,29.599999999999998,0.0
58250,30.8,0.0
58500,30.8,0.0
58750,28.4,0.0
59000,27.200000000000003,0.0
59250,28.799999999999997,0.0
59500,27.6,0.0
59750,30.8,0.0
60000,30.8,0.0
60250,32.4,0.0
60500,28.4,0.0
60750,30.4,0.0
61000,30.8,0.0
61250,26.0,0.0
61500,29.599999999999998,0.0
61750,30.4,0.0
62000,24.8,0.0
62250,30.4,0.0
62500,29.599999999999998,0.0
62750,28.799999999999997,0.0
63000,31.2,0.0
63250,27.200000000000003,0.0
63500,30.0,0.0
63750,28.4,0.0
64000,29.2,0.0
64250,30.4,0.0
64500,31.6,0.0
64750,29.599999999999998,0.0
65000,29.599999999999998,0.0
65250,26.400000000000002,0.0
65500,30.4,0.0
65750,29.599999999999998,0.0
66000,29.2,0.0
66250,29.2,0.0
66500,24.8,0.0
66750,30.8,0.0
67000,29.2,0.0
67250,29.599999999999998,0.0
67500,27.200000000000003,0.0
67750,30.8,0.0
68000,29.599999999999998,0.0
68250,29.2,0.0
68500,30.4,0.0
68750,26.8,0.0
69000,29.599999999999998,0.0
69250,29.599999999999998,0.0
69500,31.6,0.0
69750,27.6,0.0
70000,26.400000000000002,0.0
70250,29.2,0.0
70500,28.000000000000004,0.0
70750,31.6,0.0
71000,27.6,0.0
71250,33.6,0.0
71500,27.6,0.0
71750,26.0,0.0
72000,29.2,0.0
72250,30.4,0.0
72500,28.799999999999997,0.0
72750,28.799999999999997,0.0
73000,25.6,0.0
73250,32.0,0.0
73500,28.4,0.0
73750,30.8,0.0
74000,33.2,0.0
74250,30.0,0.0
74500,28.000000000000004,0.0
74750,28.799999999999997,0.0
75000,31.6,0.0
75250,29.2,0.0
75500,30.4,0.0
75750,28.799999999999997,0.0
76000,30.8,0.0
76250,24.8,0.0
76500,28.799999999999997,0.0
76750,26.8,0.0
77000,25.2,0.0
77250,28.799999999999997,0.0
77500,31.6,0.0
77750,32.4,0.0
78000,25.2,0.0
78250,32.4,0.0
78500,28.4,0.0
78750,28.000000000000004,0.0
79000,30.8,0.0
79250,27.6,0.0
79500,29.2,0.0
79750,32.0,0.0
80000,28.799999999999997,0.0
80250,29.2,0.0
80500,33.2,0.0
80750,26.8,0.0
81000,29.2,0.0
81250,30.4,0.0
81500,26.400000000000002,0.0
81750,32.800000000000004,0.0
82000,25.6,0.0
82250,28.000000000000004,0.0
82500,28.799999999999997,0.0
82750,30.0,0.0
83000,27.200000000000003,0.0
83250,28.000000000000004,0.0
83500,32.4,0.0
83750,30.8,0.0
84000,28.799999999999997,0.0
84250,28.799999999999997,0.0
84500,27.200000000000003,0.0
84750,31.2,0.0
85000,30.8,0.0
85250,28.4,0.0
85500,30.0,0.0
85750,27.6,0.0
86000,28.000000000000004,0.0
86250,30.8,0.0
86500,26.400000000000002,0.0
86750,29.2,0.0
87000,29.2,0.0
87250,33.2,0.0
87500,27.200000000000003,0.0
87750,28.4,0.0
88000,26.0,0.0
88250,28.000000000000004,0.0
88500,26.8,0.0
88750,28.4,0.0
89000,28.000000000000004,0.0
89250,27.6,0.0
89500,30.0,0.0
89750,29.2,0.0
90000,28.799999999999997,0.0
90250,31.2,0.0
90500,27.6,0.0
90750,29.599999999999998,0.0
91000,27.200000000000003,0.0
91250,29.2,0.0
91500,29.599999999999998,0.0
91750,27.200000000000003,0.0
92000,32.4,0.0
92250,27.200000000000003,0.0
92500,29.599999999999998,0.0
92750,25.6,0.0
93000,29.599999999999998,0.0
93250,28.000000000000004,0.0
93500,30.8,0.0
93750,28.000000000000004,0.0
94000,27.200000000000003,0.0
94250,30.8,0.0
94500,29.2,0.0
94750,32.800000000000004,0.0
95000,26.0,0.0
95250,27.200000000000003,0.0
95500,26.400000000000002,0.0
95750,28.799999999999997,0.0
96000,31.6,0.0
96250,29.599999999999998,0.0
96500,28.4,0.0
96750,30.0,0.0
97000,26.0,0.0
97250,29.2,0.0
97500,28.000000000000004,0.0
97750,27.200000000000003,0.0
98000,30.0,0.0
98250,30.0,0.0
98500,29.599999999999998,0.0
98750,28.000000000000004,0.0
99000,28.799999999999997,0.0
99250,31.2,0.0
99500,28.4,0.0
99750,28.000000000000004,0.0
100000,29.2,0.0
100250,26.0,0.0
100500,32.4,0.0
100750,28.799999999999997,0.0
101000,28.4,0.0
101250,32.4,0.0
101500,28.4,0.0
101750,31.2,0.0
102000,28.4,0.0
102250,30.4,0.0
102500,30.4,0.0
102750,28.799999999999997,0.0
103000,27.6,0.0
103250,30.0,0.0
103500,28.4,0.0
103750,28.4,0.0
104000,28.4,0.0
104250,32.800000000000004,0.0
104500,25.2,0.0
104750,29.2,0.0
105000,27.6,0.0
105250,28.000000000000004,0.0
105500,27.6,0.0
105750,29.599999999999998,0.0
106000,29.2,0.0
106250,29.2,0.0
106500,28.000000000000004,0.0
106750,29.2,0.0
107000,28.799999999999997,0.0
107250,26.8,0.0
107500,28.4,0.0
107750,28.799999999999997,0.0
108000,27.200000000000003,0.0
108250,30.8,0.0
108500,30.8,0.0
108750,30.8,0.0
109000,30.8,0.0
109250,28.799999999999997,0.0
109500,29.599999999999998,0.0
109750,28.4,0.0
110000,30.8,0.0
110250,30.8,0.0
110500,28.799999999999997,0.0
110750,31.2,0.0
111000,31.6,0.0
111250,27.200000000000003,0.0
111500,30.0,0.0
111750,29.2,0.0
112000,33.6,0.0
112250,25.6,0.0
112500,30.8,0.0
112750,28.4,0.0
113000,29.2,0.0
113250,29.2,0.0
113500,28.799999999999997,0.0
113750,26.8,0.0
114000,27.6,0.0
114250,29.2,0.0
114500,31.6,0.0
114750,27.6,0.0
115000,27.6,0.0
115250,29.599999999999998,0.0
115500,24.8,0.0
115750,31.2,0.0
116000,26.400000000000002,0.0
116250,28.4,0.0
116500,30.0,0.0
116750,28.799999999999997,0.0
117000,29.599999999999998,0.0
117250,33.6,0.0
117500,29.599999999999998,0.0
117750,27.6,0.0
118000,28.4,0.0
118250,32.4,0.0
118500,27.6,0.0
118750,29.599999999999998,0.0
119000,29.2,0.0
119250,28.799999999999997,0.0
119500,28.4,0.0
119750,30.4,0.0
120000,27.6,0.0
120250,30.4,0.0
120500,24.8,0.0
120750,30.4,0.0
121000,27.200000000000003,0.0
121250,32.800000000000004,0.0
121500,29.2,0.0
121750,27.200000000000003,0.0
122000,28.4,0.0
122250,28.4,0.0
122500,30.0,0.0
122750,27.200000000000003,0.0
123000,28.799999999999997,0.0
123250,31.2,0.0
123500,28.799999999999997,0.0
123750,26.0,0.0
124000,30.0,0.0
124250,29.2,0.0
124500,25.6,0.0
124750,29.599999999999998,0.0
125000,28.799999999999997,0.0
125250,33.2,0.0
125500,28.799999999999997,0.0
125750,28.000000000000004,0.0
126000,30.0,0.0
126250,32.4,0.0
126500,28.000000000000004,0.0
126750,30.0,0.0
127000,28.000000000000004,0.0
127250,28.4,0.0
127500,30.0,0.0
127750,30.0,0.0
128000,28.4,0.0
128250,28.799999999999997,0.0
128500,27.200000000000003,0.0
128750,29.2,0.0
129000,30.8,0.0
129250,30.8,0.0
129500,28.4,0.0
129750,28.799999999999997,0.0
130000,28.4,0.0
130250,31.2,0.0
130500,30.0,0.0
130750,32.0,0.0
131000,26.0,0.0
131250,27.200000000000003,0.0
131500,25.6,0.0
131750,27.200000000000003,0.0
132000,29.599999999999998,0.0
132250,31.6,0.0
132500,29.599999999999998,0.0
132750,28.000000000000004,0.0
133000,28.799999999999997,0.0
133250,27.6,0.0
133500,32.800000000000004,0.0
133750,26.8,0.0
134000,26.8,0.0
134250,28.000000000000004,0.0
134500,28.4,0.0
134750,25.6,0.0
135000,27.200000000000003,0.0
135250,27.200000000000003,0.0
135500,28.000000000000004,0.0
135750,29.2,0.0
136000,31.2,0.0
136250,29.599999999999998,0.0
136500,28.000000000000004,0.0
136750,31.2,0.0
137000,31.2,0.0
137250,28.000000000000004,0.0
137500,27.200000000000003,0.0
137750,30.4,0.0
138000,30.0,0.0
138250,32.800000000000004,0.0
138500,30.4,0.0
138750,34.0,0.0
139000,25.6,0.0
139250,31.6,0.0
139500,28.000000000000004,0.0
139750,29.599999999999998,0.0
140000,30.4,0.0
140250,29.599999999999998,0.0
140500,27.6,0.0
140750,31.2,0.0
141000,26.0,0.0
141250,30.8,0.0
141500,29.2,0.0
141750,27.200000000000003,0.0
142000,29.2,0.0
142250,30.8,0.0
142500,28.000000000000004,0.0
142750,29.2,0.0
143000,31.6,0.0
143250,30.4,0.0
143500,28.799999999999997,0.0
143750,30.8,0.0
144000,31.6,0.0
144250,28.000000000000004,0.0
144500,32.4,0.0
144750,27.6,0.0
145000,29.2,0.0
145250,30.0,0.0
145500,30.8,0.0
145750,28.799999999999997,0.0
146000,28.000000000000004,0.0
146250,28.4,0.0
146500,30.0,0.0
146750,29.599999999999998,0.0
147000,26.0,0.0
147250,28.000000000000004,0.0
147500,30.0,0.0
147750,31.2,0.0
148000,26.400000000000002,0.0
148250,31.2,0.0
148500,28.000000000000004,0.0
148750,29.599999999999998,0.0
149000,28.799999999999997,0.0
149250,26.400000000000002,0.0
149500,30.0,0.0
149750,28.4,0.0
150000,28.000000000000004,0.0
150250,28.799999999999997,0.0
150500,28.4,0.0
150750,28.4,0.0
151000,28.000000000000004,0.0
151250,29.2,0.0
151500,28.799999999999997,0.0
151750,29.2,0.0
152000,29.599999999999998,0.0
