60,89.6421734067539,10.357826593246097
80,86.66982454062803,13.33017545937198
100,83.78826455089111,16.21173544910889
120,81.249465464043,18.750534535957
140,78.75803448661523,21.24196551338478
160,76.55541739856974,23.444582601430252
180,74.47648370734403,25.52351629265597
200,72.58833823461688,27.411661765383123
250,68.6462589061914,31.353741093808594
300,65.63706817718304,34.362931822816954
350,63.32063604844706,36.67936395155295
400,61.50025328780732,38.49974671219268
450,60.02065775883053,39.97934224116946
