250,0.0,0.0
500,0.0,0.0
750,0.0,0.0
1000,0.0,0.0
1250,0.0,0.0
1500,0.0,0.0
1750,0.0,0.0
2000,0.0,0.0
2250,1.2,0.0
2500,0.0,0.0
2750,0.0,0.0
3000,0.0,0.0
3250,0.0,0.0
3500,0.0,0.0
3750,0.0,0.0
4000,0.0,0.0
4250,1.2,0.0
4500,0.0,0.0
4750,0.0,0.0
5000,0.0,0.0
5250,0.0,0.0
5500,0.0,0.0
5750,0.0,0.0
6000,0.0,0.0
6250,1.2,0.0
6500,0.0,0.0
6750,0.0,0.0
7000,0.0,0.0
7250,0.0,0.0
7500,0.0,0.0
7750,78.4,0.0
8000,100.0,0.0
8250,99.6,0.0
8500,80.0,0.0
8750,0.0,0.0
9000,0.0,0.0
9250,0.0,0.0
9500,0.0,0.0
9750,0.0,0.0
10000,0.0,0.0
10250,99.6,0.0
10500,78.4,0.0
10750,0.0,0.0
11000,0.0,0.0
11250,0.0,0.0
11500,0.0,0.0
11750,0.0,0.0
12000,1.6,0.0
12250,99.6,0.0
12500,80.0,0.0
12750,0.0,0.0
13000,0.0,0.0
13250,0.0,0.0
13500,0.0,0.0
13750,0.0,0.0
14000,0.0,0.0
14250,99.6,0.0
14500,78.4,0.0
14750,0.0,0.0
15000,0.0,0.0
15250,0.0,0.0
15500,0.0,0.0
15750,1.6,0.0
16000,0.0,0.0
16250,99.6,0.0
16500,80.0,0.0
16750,0.0,0.0
17000,0.0,0.0
17250,0.0,0.0
17500,0.0,0.0
17750,0.0,0.0
18000,0.0,0.0
18250,99.6,0.0
18500,80.0,0.0
18750,0.0,0.0
19000,0.0,0.0
19250,0.0,0.0
19500,0.0,0.0
19750,0.0,0.0
20000,0.0,0.0
20250,99.6,0.0
20500,78.4,0.0
20750,0.0,0.0
21000,0.0,0.0
21250,1.6,0.0
21500,0.0,0.0
21750,0.0,0.0
22000,0.0,0.0
22250,99.6,0.0
22500,80.0,0.0
22750,0.0,0.0
23000,0.0,0.0
23250,0.0,0.0
23500,0.0,0.0
23750,0.0,0.0
24000,0.0,0.0
24250,99.6,0.0
24500,78.4,0.0
24750,0.0,0.0
25000,0.0,0.0
25250,0.0,0.0
25500,0.0,0.0
25750,0.0,0.0
26000,1.6,0.0
26250,99.6,0.0
26500,80.0,0.0
26750,0.0,0.0
27000,0.0,0.0
27250,0.0,0.0
27500,0.0,0.0
27750,0.0,0.0
28000,0.0,0.0
28250,99.6,0.0
28500,80.0,0.0
28750,0.0,0.0
29000,0.0,0.0
29250,0.0,0.0
29500,0.0,0.0
29750,0.0,0.0
30000,0.0,0.0
30250,99.6,0.0
30500,78.4,0.0
30750,0.0,0.0
31000,0.0,0.0
31250,0.0,0.0
31500,0.0,0.0
31750,0.0,0.0
32000,1.2,0.0
32250,100.0,0.0
32500,80.0,0.0
32750,0.0,0.0
33000,0.0,0.0
33250,0.0,0.0
33500,0.0,0.0
33750,0.0,0.0
34000,0.0,0.0
34250,99.6,0.0
34500,80.0,0.0
34750,0.0,0.0
35000,0.0,0.0
35250,0.0,0.0
35500,0.0,0.0
35750,0.0,0.0
36000,0.0,0.0
36250,99.6,0.0
36500,78.4,0.0
36750,0.0,0.0
37000,0.0,0.0
37250,0.0,0.0
37500,0.0,0.0
37750,0.0,0.0
38000,1.2,0.0
38250,100.0,0.0
38500,80.0,0.0
38750,0.0,0.0
39000,0.0,0.0
39250,0.0,0.0
39500,0.0,0.0
39750,0.0,0.0
40000,0.0,0.0
40250,99.6,0.0
40500,80.0,0.0
40750,0.0,0.0
41000,0.0,0.0
41250,0.0,0.0
41500,0.0,0.0
41750,0.0,0.0
42000,0.0,0.0
42250,99.6,0.0
42500,78.4,0.0
42750,0.0,0.0
43000,0.0,0.0
43250,0.0,0.0
43500,0.0,0.0
43750,0.0,0.0
44000,1.2,0.0
44250,100.0,0.0
44500,80.0,0.0
44750,0.0,0.0
45000,0.0,0.0
45250,0.0,0.0
45500,0.0,0.0
45750,0.0,0.0
46000,0.0,0.0
46250,99.6,0.0
46500,80.0,0.0
46750,0.0,0.0
47000,0.0,0.0
47250,0.0,0.0
47500,0.0,0.0
47750,0.0,0.0
48000,0.0,0.0
48250,99.6,0.0
48500,80.0,0.0
48750,0.0,0.0
49000,0.0,0.0
49250,0.0,0.0
49500,0.0,0.0
49750,0.0,0.0
50000,0.0,0.0
50250,99.6,0.0
50500,78.4,0.0
50750,0.0,0.0
51000,0.0,0.0
51250,0.0,0.0
51500,0.0,0.0
51750,0.0,0.0
52000,1.6,0.0
52250,54.0,0.0
52500,51.2,0.0
52750,51.2,0.0
53000,50.0,0.0
53250,50.8,0.0
53500,50.4,0.0
53750,50.8,0.0
54000,52.400000000000006,0.0
54250,50.4,0.0
54500,50.0,0.0
54750,50.8,0.0
55000,50.4,0.0
55250,50.4,0.0
55500,51.2,0.0
55750,49.6,0.0
56000,51.6,0.0
56250,52.0,0.0
56500,48.0,0.0
56750,50.4,0.0
57000,49.2,0.0
57250,49.2,0.0
57500,50.8,0.0
57750,50.4,0.0
58000,48.4,0.0
58250,50.8,0.0
58500,51.6,0.0
58750,50.0,0.0
59000,50.0,0.0
59250,51.6,0.0
59500,52.400000000000006,0.0
59750,50.4,0.0
60000,49.2,0.0
60250,50.8,0.0
60500,50.0,0.0
60750,48.4,0.0
61000,49.6,0.0
61250,48.8,0.0
61500,50.8,0.0
61750,48.8,0.0
62000,50.8,0.0
62250,49.2,0.0
62500,49.6,0.0
62750,49.2,0.0
63000,49.6,0.0
63250,52.0,0.0
63500,51.6,0.0
63750,50.4,0.0
64000,50.0,0.0
64250,49.6,0.0
64500,50.0,0.0
64750,51.2,0.0
65000,50.8,0.0
65250,50.4,0.0
65500,48.4,0.0
65750,50.0,0.0
66000,50.8,0.0
66250,48.8,0.0
66500,51.6,0.0
66750,52.0,0.0
67000,50.0,0.0
67250,53.2,0.0
67500,50.4,0.0
67750,50.4,0.0
68000,50.4,0.0
68250,52.0,0.0
68500,50.0,0.0
68750,49.6,0.0
69000,48.8,0.0
69250,49.2,0.0
69500,49.2,0.0
69750,50.4,0.0
70000,51.2,0.0
70250,49.2,0.0
70500,50.8,0.0
70750,50.0,0.0
71000,52.0,0.0
71250,51.6,0.0
71500,48.8,0.0
71750,48.4,0.0
72000,50.8,0.0
72250,52.0,0.0
72500,49.6,0.0
72750,49.2,0.0
73000,50.4,0.0
73250,49.6,0.0
73500,51.2,0.0
73750,52.400000000000006,0.0
74000,51.2,0.0
74250,50.0,0.0
74500,48.8,0.0
74750,50.0,0.0
75000,50.8,0.0
75250,49.6,0.0
75500,48.4,0.0
75750,50.8,0.0
76000,49.6,0.0
76250,51.6,0.0
76500,50.8,0.0
76750,52.0,0.0
77000,51.2,0.0
77250,51.6,0.0
77500,50.4,0.0
77750,50.0,0.0
78000,48.8,0.0
78250,50.4,0.0
78500,49.6,0.0
78750,49.6,0.0
79000,49.2,0.0
79250,49.6,0.0
79500,50.8,0.0
79750,51.6,0.0
80000,52.400000000000006,0.0
80250,50.8,0.0
80500,51.2,0.0
80750,48.8,0.0
81000,51.6,0.0
81250,49.2,0.0
81500,50.8,0.0
81750,49.6,0.0
82000,49.2,0.0
82250,50.8,0.0
82500,50.0,0.0
82750,49.6,0.0
83000,48.8,0.0
83250,50.0,0.0
83500,51.2,0.0
83750,50.4,0.0
84000,50.0,0.0
84250,51.6,0.0
84500,49.2,0.0
84750,51.6,0.0
85000,52.0,0.0
85250,51.6,0.0
85500,50.4,0.0
85750,51.2,0.0
86000,50.4,0.0
86250,50.0,0.0
86500,50.4,0.0
86750,49.2,0.0
87000,52.400000000000006,0.0
87250,50.0,0.0
87500,50.0,0.0
87750,49.6,0.0
88000,50.8,0.0
88250,48.8,0.0
88500,50.0,0.0
88750,51.6,0.0
89000,49.6,0.0
89250,50.0,0.0
89500,50.4,0.0
89750,50.8,0.0
90000,50.4,0.0
90250,50.4,0.0
90500,50.4,0.0
90750,50.8,0.0
91000,50.4,0.0
91250,51.2,0.0
91500,49.2,0.0
91750,51.2,0.0
92000,49.2,0.0
92250,49.6,0.0
92500,48.8,0.0
92750,53.2,0.0
93000,50.0,0.0
93250,51.2,0.0
93500,50.4,0.0
93750,49.2,0.0
94000,50.4,0.0
94250,51.6,0.0
94500,50.0,0.0
94750,50.0,0.0
95000,50.8,0.0
95250,51.2,0.0
95500,50.4,0.0
95750,51.6,0.0
96000,49.6,0.0
96250,50.8,0.0
96500,52.800000000000004,0.0
96750,48.8,0.0
97000,50.0,0.0
97250,50.4,0.0
97500,51.2,0.0
97750,51.6,0.0
98000,52.800000000000004,0.0
98250,50.0,0.0
98500,52.800000000000004,0.0
98750,50.4,0.0
99000,50.8,0.0
99250,52.0,0.0
99500,49.6,0.0
99750,49.6,0.0
100000,51.2,0.0
100250,50.0,0.0
100500,50.0,0.0
100750,52.800000000000004,0.0
101000,52.0,0.0
101250,51.6,0.0
101500,49.6,0.0
101750,50.0,0.0
102000,50.4,0.0
102250,49.6,0.0
102500,50.4,0.0
102750,50.8,0.0
103000,48.8,0.0
103250,49.2,0.0
103500,50.4,0.0
103750,50.8,0.0
104000,52.0,0.0
104250,52.0,0.0
104500,49.2,0.0
104750,49.2,0.0
105000,50.4,0.0
105250,52.0,0.0
105500,52.800000000000004,0.0
105750,51.6,0.0
106000,52.0,0.0
106250,50.0,0.0
106500,50.0,0.0
106750,49.6,0.0
107000,52.0,0.0
107250,50.8,0.0
107500,49.2,0.0
107750,52.0,0.0
108000,51.2,0.0
108250,51.2,0.0
108500,48.8,0.0
108750,49.2,0.0
109000,50.0,0.0
109250,50.0,0.0
109500,49.2,0.0
109750,49.6,0.0
110000,50.0,0.0
110250,51.2,0.0
110500,52.400000000000006,0.0
110750,50.0,0.0
111000,50.0,0.0
111250,50.8,0.0
111500,49.2,0.0
111750,50.0,0.0
112000,52.0,0.0
112250,49.6,0.0
112500,50.0,0.0
112750,51.6,0.0
113000,51.6,0.0
113250,50.0,0.0
113500,51.2,0.0
113750,52.400000000000006,0.0
114000,50.8,0.0
114250,50.0,0.0
114500,49.2,0.0
114750,50.0,0.0
115000,48.8,0.0
115250,52.800000000000004,0.0
115500,50.8,0.0
115750,51.2,0.0
116000,49.6,0.0
116250,51.2,0.0
116500,49.6,0.0
116750,52.400000000000006,0.0
117000,50.4,0.0
117250,52.400000000000006,0.0
117500,50.4,0.0
117750,49.2,0.0
118000,50.8,0.0
118250,48.8,0.0
118500,49.6,0.0
118750,50.8,0.0
119000,51.6,0.0
119250,50.0,0.0
119500,50.0,0.0
119750,50.0,0.0
120000,51.2,0.0
120250,48.4,0.0
120500,51.2,0.0
120750,49.6,0.0
121000,50.0,0.0
121250,51.6,0.0
121500,50.4,0.0
121750,51.2,0.0
122000,51.2,0.0
122250,53.6,0.0
122500,49.6,0.0
122750,50.8,0.0
123000,50.8,0.0
123250,51.6,0.0
123500,51.6,0.0
123750,50.8,0.0
124000,50.8,0.0
124250,50.4,0.0
124500,49.6,0.0
124750,50.8,0.0
125000,51.6,0.0
125250,52.0,0.0
125500,51.2,0.0
125750,50.4,0.0
126000,50.8,0.0
126250,49.2,0.0
126500,51.6,0.0
126750,48.8,0.0
127000,48.0,0.0
127250,50.0,0.0
127500,54.0,0.0
127750,49.6,0.0
128000,50.8,0.0
128250,50.4,0.0
128500,50.4,0.0
128750,50.4,0.0
129000,50.8,0.0
129250,49.6,0.0
129500,50.4,0.0
129750,49.6,0.0
130000,50.4,0.0
130250,50.8,0.0
130500,50.0,0.0
130750,48.0,0.0
131000,49.6,0.0
131250,48.8,0.0
131500,51.6,0.0
131750,48.8,0.0
132000,49.6,0.0
132250,51.2,0.0
132500,50.8,0.0
132750,49.6,0.0
133000,50.0,0.0
133250,50.8,0.0
133500,51.2,0.0
133750,50.0,0.0
134000,50.0,0.0
134250,49.2,0.0
134500,51.6,0.0
134750,48.4,0.0
135000,50.8,0.0
135250,50.4,0.0
135500,50.4,0.0
135750,50.8,0.0
136000,48.4,0.0
136250,51.2,0.0
136500,51.6,0.0
136750,50.8,0.0
137000,52.0,0.0
137250,50.8,0.0
137500,51.2,0.0
137750,48.8,0.0
138000,49.6,0.0
138250,49.2,0.0
138500,52.0,0.0
138750,51.2,0.0
139000,47.599999999999994,0.0
139250,50.8,0.0
139500,50.8,0.0
139750,50.4,0.0
140000,52.0,0.0
140250,50.8,0.0
140500,51.2,0.0
140750,48.4,0.0
141000,48.4,0.0
141250,50.0,0.0
141500,50.0,0.0
141750,48.8,0.0
142000,50.4,0.0
142250,51.2,0.0
142500,51.2,0.0
142750,50.4,0.0
143000,50.4,0.0
143250,49.6,0.0
143500,49.6,0.0
143750,50.0,0.0
144000,51.6,0.0
144250,48.4,0.0
144500,51.6,0.0
144750,50.4,0.0
145000,50.8,0.0
145250,50.8,0.0
145500,49.6,0.0
145750,48.0,0.0
146000,49.6,0.0
146250,51.6,0.0
146500,49.6,0.0
146750,49.2,0.0
147000,51.2,0.0
147250,49.6,0.0
147500,50.4,0.0
147750,50.4,0.0
148000,49.2,0.0
148250,51.2,0.0
148500,50.8,0.0
148750,50.4,0.0
149000,50.4,0.0
149250,50.0,0.0
149500,51.2,0.0
149750,50.0,0.0
150000,48.0,0.0
150250,51.6,0.0
150500,53.6,0.0
150750,49.6,0.0
151000,50.8,0.0
151250,48.8,0.0
151500,49.6,0.0
151750,50.4,0.0
152000,50.8,0.0
