250,0.0,0.0
500,0.0,0.0
750,0.0,0.0
1000,0.0,0.0
1250,0.0,0.0
1500,0.0,0.0
1750,0.0,0.0
2000,0.0,0.0
2250,0.4,0.0
2500,0.0,0.0
2750,0.0,0.0
3000,0.0,0.0
3250,0.0,0.0
3500,0.0,0.0
3750,0.0,0.0
4000,0.0,0.0
4250,0.4,0.0
4500,0.0,0.0
4750,0.0,0.0
5000,0.0,0.0
5250,0.0,0.0
5500,0.0,0.0
5750,0.0,0.0
6000,0.0,0.0
6250,0.4,0.0
6500,0.0,0.0
6750,0.0,0.0
7000,0.0,0.0
7250,0.0,0.0
7500,0.0,0.0
7750,0.0,0.0
8000,79.2,0.0
8250,79.60000000000001,0.0
8500,0.0,0.0
8750,0.0,0.0
9000,0.0,0.0
9250,0.0,0.0
9500,0.0,0.0
9750,0.0,0.0
10000,0.0,0.0
10250,78.8,0.0
10500,0.0,0.0
10750,0.0,0.0
11000,0.0,0.0
11250,0.0,0.0
11500,0.0,0.0
11750,0.0,0.0
12000,0.8,0.0
12250,79.60000000000001,0.0
12500,0.0,0.0
12750,0.0,0.0
13000,0.0,0.0
13250,0.0,0.0
13500,0.0,0.0
13750,0.0,0.0
14000,0.0,0.0
14250,78.8,0.0
14500,0.0,0.0
14750,0.0,0.0
15000,0.0,0.0
15250,0.0,0.0
15500,0.0,0.0
15750,0.0,0.0
16000,0.8,0.0
16250,79.60000000000001,0.0
16500,0.0,0.0
16750,0.0,0.0
17000,0.0,0.0
17250,0.0,0.0
17500,0.0,0.0
17750,0.0,0.0
18000,0.0,0.0
18250,79.60000000000001,0.0
18500,0.0,0.0
18750,0.0,0.0
19000,0.0,0.0
19250,0.0,0.0
19500,0.0,0.0
19750,0.0,0.0
20000,0.0,0.0
20250,78.8,0.0
20500,0.0,0.0
20750,0.0,0.0
21000,0.0,0.0
21250,0.8,0.0
21500,0.0,0.0
21750,0.0,0.0
22000,0.0,0.0
22250,78.8,0.0
22500,0.0,0.0
22750,0.0,0.0
23000,0.8,0.0
23250,0.0,0.0
23500,0.0,0.0
23750,0.0,0.0
24000,0.0,0.0
24250,78.8,0.0
24500,0.0,0.0
24750,0.0,0.0
25000,0.0,0.0
25250,0.8,0.0
25500,0.0,0.0
25750,0.0,0.0
26000,0.0,0.0
26250,79.60000000000001,0.0
26500,0.0,0.0
26750,0.0,0.0
27000,0.0,0.0
27250,0.0,0.0
27500,0.0,0.0
27750,0.0,0.0
28000,0.0,0.0
28250,79.60000000000001,0.0
28500,0.0,0.0
28750,0.0,0.0
29000,0.0,0.0
29250,0.0,0.0
29500,0.0,0.0
29750,0.0,0.0
30000,0.0,0.0
30250,78.8,0.0
30500,0.0,0.0
30750,0.0,0.0
31000,0.0,0.0
31250,0.0,0.0
31500,0.0,0.0
31750,0.0,0.0
32000,0.4,0.0
32250,80.0,0.0
32500,0.0,0.0
32750,0.0,0.0
33000,0.0,0.0
33250,0.0,0.0
33500,0.0,0.0
33750,0.0,0.0
34000,0.0,0.0
34250,79.60000000000001,0.0
34500,0.0,0.0
34750,0.0,0.0
35000,0.0,0.0
35250,0.0,0.0
35500,0.0,0.0
35750,0.0,0.0
36000,0.0,0.0
36250,78.8,0.0
36500,0.0,0.0
36750,0.0,0.0
37000,0.0,0.0
37250,0.0,0.0
37500,0.0,0.0
37750,0.0,0.0
38000,0.4,0.0
38250,80.0,0.0
38500,0.0,0.0
38750,0.0,0.0
39000,0.0,0.0
39250,0.0,0.0
39500,0.0,0.0
39750,0.0,0.0
40000,0.0,0.0
40250,79.60000000000001,0.0
40500,0.0,0.0
40750,0.0,0.0
41000,0.0,0.0
41250,0.0,0.0
41500,0.0,0.0
41750,0.0,0.0
42000,0.0,0.0
42250,78.8,0.0
42500,0.0,0.0
42750,0.0,0.0
43000,0.0,0.0
43250,0.0,0.0
43500,0.0,0.0
43750,0.0,0.0
44000,0.4,0.0
44250,80.0,0.0
44500,0.0,0.0
44750,0.0,0.0
45000,0.0,0.0
45250,0.0,0.0
45500,0.0,0.0
45750,0.0,0.0
46000,0.0,0.0
46250,79.60000000000001,0.0
46500,0.0,0.0
46750,0.0,0.0
47000,0.0,0.0
47250,0.0,0.0
47500,0.0,0.0
47750,0.0,0.0
48000,0.0,0.0
48250,78.8,0.0
48500,0.0,0.0
48750,0.0,0.0
49000,0.0,0.0
49250,0.0,0.0
49500,0.0,0.0
49750,0.0,0.0
50000,0.4,0.0
50250,80.0,0.0
50500,0.0,0.0
50750,0.0,0.0
51000,0.0,0.0
51250,0.0,0.0
51500,0.0,0.0
51750,0.0,0.0
52000,0.0,0.0
52250,49.6,0.0
52500,34.8,0.0
52750,37.2,0.0
53000,37.6,0.0
53250,34.8,0.0
53500,37.2,0.0
53750,35.199999999999996,0.0
54000,40.0,0.0
54250,38.800000000000004,0.0
54500,36.8,0.0
54750,38.4,0.0
55000,36.8,0.0
55250,35.199999999999996,0.0
55500,36.0,0.0
55750,35.199999999999996,0.0
56000,38.4,0.0
56250,41.199999999999996,0.0
56500,37.2,0.0
56750,33.2,0.0
57000,36.0,0.0
57250,34.4,0.0
57500,37.2,0.0
57750,36.0,0.0
58000,37.6,0.0
58250,35.6,0.0
58500,36.4,0.0
58750,32.800000000000004,0.0
59000,34.4,0.0
59250,35.199999999999996,0.0
59500,34.4,0.0
59750,36.4,0.0
60000,40.0,0.0
60250,37.6,0.0
60500,36.4,0.0
60750,36.0,0.0
61000,37.2,0.0
61250,32.4,0.0
61500,36.4,0.0
61750,37.2,0.0
62000,34.0,0.0
62250,36.8,0.0
62500,35.199999999999996,0.0
62750,35.6,0.0
63000,37.2,0.0
63250,35.6,0.0
63500,37.2,0.0
63750,35.199999999999996,0.0
64000,36.4,0.0
64250,36.8,0.0
64500,36.8,0.0
64750,36.8,0.0
65000,37.6,0.0
65250,36.8,0.0
65500,39.2,0.0
65750,34.4,0.0
66000,37.2,0.0
66250,35.6,0.0
66500,35.199999999999996,0.0
66750,37.6,0.0
67000,36.0,0.0
67250,37.6,0.0
67500,34.4,0.0
67750,37.2,0.0
68000,37.6,0.0
68250,36.8,0.0
68500,40.0,0.0
68750,37.6,0.0
69000,37.2,0.0
69250,38.0,0.0
69500,37.2,0.0
69750,35.6,0.0
70000,36.8,0.0
70250,40.0,0.0
70500,37.6,0.0
70750,38.4,0.0
71000,37.2,0.0
71250,40.0,0.0
71500,36.0,0.0
71750,35.6,0.0
72000,36.8,0.0
72250,36.4,0.0
72500,36.0,0.0
72750,37.6,0.0
73000,38.4,0.0
73250,37.6,0.0
73500,36.8,0.0
73750,39.2,0.0
74000,42.0,0.0
74250,36.4,0.0
74500,37.6,0.0
74750,38.0,0.0
75000,38.800000000000004,0.0
75250,36.4,0.0
75500,35.6,0.0
75750,36.8,0.0
76000,40.0,0.0
76250,36.8,0.0
76500,38.4,0.0
76750,35.6,0.0
77000,35.199999999999996,0.0
77250,37.2,0.0
77500,38.800000000000004,0.0
77750,36.0,0.0
78000,35.6,0.0
78250,37.6,0.0
78500,37.2,0.0
78750,38.4,0.0
79000,38.4,0.0
79250,35.6,0.0
79500,38.0,0.0
79750,36.8,0.0
80000,37.6,0.0
80250,37.6,0.0
80500,39.2,0.0
80750,36.4,0.0
81000,36.4,0.0
81250,38.800000000000004,0.0
81500,37.2,0.0
81750,37.6,0.0
82000,34.4,0.0
82250,38.0,0.0
82500,37.2,0.0
82750,39.6,0.0
83000,35.199999999999996,0.0
83250,36.0,0.0
83500,38.800000000000004,0.0
83750,38.4,0.0
84000,38.4,0.0
84250,36.8,0.0
84500,35.199999999999996,0.0
84750,38.0,0.0
85000,36.8,0.0
85250,34.8,0.0
85500,36.4,0.0
85750,36.8,0.0
86000,37.2,0.0
86250,38.0,0.0
86500,38.4,0.0
86750,37.6,0.0
87000,36.8,0.0
87250,36.8,0.0
87500,35.199999999999996,0.0
87750,37.6,0.0
88000,36.8,0.0
88250,35.199999999999996,0.0
88500,35.199999999999996,0.0
88750,36.8,0.0
89000,37.6,0.0
89250,35.6,0.0
89500,38.4,0.0
89750,37.6,0.0
90000,36.8,0.0
90250,38.0,0.0
90500,37.6,0.0
90750,36.4,0.0
91000,36.4,0.0
91250,39.2,0.0
91500,36.4,0.0
91750,32.800000000000004,0.0
92000,38.0,0.0
92250,37.6,0.0
92500,36.8,0.0
92750,34.8,0.0
93000,36.8,0.0
93250,37.2,0.0
93500,38.0,0.0
93750,35.199999999999996,0.0
94000,39.6,0.0
94250,39.2,0.0
94500,37.2,0.0
94750,38.800000000000004,0.0
95000,33.6,0.0
95250,37.2,0.0
95500,36.0,0.0
95750,40.0,0.0
96000,36.4,0.0
96250,36.4,0.0
96500,37.2,0.0
96750,37.2,0.0
97000,36.8,0.0
97250,36.8,0.0
97500,35.199999999999996,0.0
97750,38.0,0.0
98000,40.400000000000006,0.0
98250,38.4,0.0
98500,35.199999999999996,0.0
98750,36.0,0.0
99000,34.4,0.0
99250,38.0,0.0
99500,36.4,0.0
99750,37.6,0.0
100000,38.800000000000004,0.0
100250,32.4,0.0
100500,36.8,0.0
100750,37.2,0.0
101000,35.199999999999996,0.0
101250,37.6,0.0
101500,36.0,0.0
101750,38.800000000000004,0.0
102000,38.4,0.0
102250,36.0,0.0
102500,38.4,0.0
102750,36.4,0.0
103000,35.199999999999996,0.0
103250,36.8,0.0
103500,35.199999999999996,0.0
103750,37.6,0.0
104000,36.8,0.0
104250,41.199999999999996,0.0
104500,36.4,0.0
104750,35.6,0.0
105000,38.0,0.0
105250,36.8,0.0
105500,37.6,0.0
105750,37.2,0.0
106000,35.6,0.0
106250,38.4,0.0
106500,36.8,0.0
106750,35.6,0.0
107000,37.2,0.0
107250,36.4,0.0
107500,37.2,0.0
107750,37.2,0.0
108000,38.4,0.0
108250,37.6,0.0
108500,38.4,0.0
108750,40.400000000000006,0.0
109000,35.6,0.0
109250,37.2,0.0
109500,37.6,0.0
109750,35.6,0.0
110000,38.0,0.0
110250,35.199999999999996,0.0
110500,38.4,0.0
110750,38.0,0.0
111000,38.4,0.0
111250,37.2,0.0
111500,38.0,0.0
111750,35.6,0.0
112000,38.4,0.0
112250,33.2,0.0
112500,40.8,0.0
112750,37.2,0.0
113000,36.8,0.0
113250,38.4,0.0
113500,36.8,0.0
113750,35.199999999999996,0.0
114000,37.6,0.0
114250,37.6,0.0
114500,38.0,0.0
114750,36.0,0.0
115000,35.199999999999996,0.0
115250,38.4,0.0
115500,40.0,0.0
115750,40.400000000000006,0.0
116000,34.4,0.0
116250,36.8,0.0
116500,37.2,0.0
116750,38.800000000000004,0.0
117000,35.199999999999996,0.0
117250,39.6,0.0
117500,37.2,0.0
117750,36.8,0.0
118000,37.6,0.0
118250,38.4,0.0
118500,37.2,0.0
118750,38.0,0.0
119000,37.2,0.0
119250,36.0,0.0
119500,36.8,0.0
119750,36.4,0.0
120000,36.4,0.0
120250,37.2,0.0
120500,34.0,0.0
120750,36.8,0.0
121000,36.0,0.0
121250,39.6,0.0
121500,37.2,0.0
121750,36.0,0.0
122000,38.4,0.0
122250,37.6,0.0
122500,35.199999999999996,0.0
122750,34.4,0.0
123000,34.0,0.0
123250,39.2,0.0
123500,36.4,0.0
123750,35.6,0.0
124000,37.2,0.0
124250,37.6,0.0
124500,36.8,0.0
124750,36.0,0.0
125000,36.0,0.0
125250,40.400000000000006,0.0
125500,34.0,0.0
125750,37.2,0.0
126000,36.8,0.0
126250,37.2,0.0
126500,34.0,0.0
126750,40.8,0.0
127000,33.6,0.0
127250,38.0,0.0
127500,39.2,0.0
127750,37.2,0.0
128000,36.8,0.0
128250,38.0,0.0
128500,35.6,0.0
128750,38.800000000000004,0.0
129000,38.4,0.0
129250,38.4,0.0
129500,35.6,0.0
129750,35.199999999999996,0.0
130000,37.2,0.0
130250,37.6,0.0
130500,36.8,0.0
130750,39.2,0.0
131000,36.8,0.0
131250,36.4,0.0
131500,36.0,0.0
131750,35.199999999999996,0.0
132000,36.4,0.0
132250,38.4,0.0
132500,36.0,0.0
132750,36.4,0.0
133000,36.0,0.0
133250,36.4,0.0
133500,38.800000000000004,0.0
133750,34.8,0.0
134000,37.6,0.0
134250,37.6,0.0
134500,37.6,0.0
134750,32.800000000000004,0.0
135000,34.8,0.0
135250,33.6,0.0
135500,35.199999999999996,0.0
135750,38.800000000000004,0.0
136000,37.6,0.0
136250,33.2,0.0
136500,40.0,0.0
136750,38.4,0.0
137000,38.4,0.0
137250,39.2,0.0
137500,34.8,0.0
137750,37.6,0.0
138000,36.4,0.0
138250,38.0,0.0
138500,39.6,0.0
138750,40.0,0.0
139000,32.4,0.0
139250,39.6,0.0
139500,34.0,0.0
139750,38.0,0.0
140000,37.6,0.0
140250,40.0,0.0
140500,36.0,0.0
140750,36.8,0.0
141000,35.6,0.0
141250,38.0,0.0
141500,36.0,0.0
141750,34.8,0.0
142000,34.8,0.0
142250,39.2,0.0
142500,34.8,0.0
142750,36.0,0.0
143000,39.6,0.0
143250,36.4,0.0
143500,37.6,0.0
143750,38.0,0.0
144000,40.0,0.0
144250,34.4,0.0
144500,36.4,0.0
144750,36.4,0.0
145000,36.8,0.0
145250,37.2,0.0
145500,39.6,0.0
145750,34.4,0.0
146000,37.6,0.0
146250,36.8,0.0
146500,36.8,0.0
146750,40.8,0.0
147000,35.199999999999996,0.0
147250,36.4,0.0
147500,35.6,0.0
147750,38.0,0.0
148000,33.2,0.0
148250,38.4,0.0
148500,35.199999999999996,0.0
148750,36.8,0.0
149000,36.0,0.0
149250,37.6,0.0
149500,36.4,0.0
149750,36.0,0.0
150000,36.0,0.0
150250,38.4,0.0
150500,38.4,0.0
150750,38.800000000000004,0.0
151000,35.6,0.0
151250,39.2,0.0
151500,37.2,0.0
151750,40.0,0.0
152000,39.6,0.0
