250,0.0,0.0
500,0.0,0.0
750,0.0,0.0
1000,0.0,0.0
1250,0.0,0.0
1500,0.0,0.0
1750,0.0,0.0
2000,0.0,0.0
2250,0.4,0.0
2500,0.0,0.0
2750,0.0,0.0
3000,0.0,0.0
3250,0.0,0.0
3500,0.0,0.0
3750,0.0,0.0
4000,0.0,0.0
4250,0.4,0.0
4500,0.0,0.0
4750,0.0,0.0
5000,0.0,0.0
5250,0.0,0.0
5500,0.0,0.0
5750,0.0,0.0
6000,0.0,0.0
6250,0.4,0.0
6500,0.0,0.0
6750,0.0,0.0
7000,0.0,0.0
7250,0.0,0.0
7500,0.0,0.0
7750,0.0,0.0
8000,0.0,0.0
8250,0.4,0.0
8500,0.0,0.0
8750,0.0,0.0
9000,0.0,0.0
9250,0.0,0.0
9500,0.0,0.0
9750,0.0,0.0
10000,0.0,0.0
10250,0.4,0.0
10500,0.0,0.0
10750,0.0,0.0
11000,0.0,0.0
11250,0.0,0.0
11500,0.0,0.0
11750,26.8,0.0
12000,36.4,0.0
12250,63.6,0.0
12500,0.0,0.0
12750,0.0,0.0
13000,0.0,0.0
13250,0.0,0.0
13500,0.0,0.0
13750,0.0,0.0
14000,0.0,0.0
14250,62.8,0.0
14500,0.0,0.0
14750,0.0,0.0
15000,0.0,0.0
15250,0.0,0.0
15500,0.0,0.0
15750,0.0,0.0
16000,0.8,0.0
16250,63.2,0.0
16500,0.0,0.0
16750,0.0,0.0
17000,0.0,0.0
17250,0.0,0.0
17500,0.0,0.0
17750,0.0,0.0
18000,0.0,0.0
18250,62.8,0.0
18500,0.0,0.0
18750,0.0,0.0
19000,0.0,0.0
19250,0.0,0.0
19500,0.0,0.0
19750,0.0,0.0
20000,0.0,0.0
20250,63.6,0.0
20500,0.0,0.0
20750,0.0,0.0
21000,0.0,0.0
21250,0.0,0.0
21500,0.0,0.0
21750,0.0,0.0
22000,0.0,0.0
22250,62.8,0.0
22500,0.0,0.0
22750,0.0,0.0
23000,0.0,0.0
23250,0.0,0.0
23500,0.0,0.0
23750,0.0,0.0
24000,0.8,0.0
24250,63.2,0.0
24500,0.0,0.0
24750,0.0,0.0
25000,0.0,0.0
25250,0.0,0.0
25500,0.0,0.0
25750,0.0,0.0
26000,0.0,0.0
26250,62.8,0.0
26500,0.0,0.0
26750,0.0,0.0
27000,0.0,0.0
27250,0.0,0.0
27500,0.0,0.0
27750,0.0,0.0
28000,0.8,0.0
28250,62.8,0.0
28500,0.0,0.0
28750,0.0,0.0
29000,0.0,0.0
29250,0.0,0.0
29500,0.0,0.0
29750,0.0,0.0
30000,0.0,0.0
30250,62.8,0.0
30500,0.0,0.0
30750,0.0,0.0
31000,0.0,0.0
31250,0.0,0.0
31500,0.0,0.0
31750,0.0,0.0
32000,0.0,0.0
32250,63.2,0.0
32500,0.0,0.0
32750,0.0,0.0
33000,0.0,0.0
33250,0.0,0.0
33500,0.0,0.0
33750,0.0,0.0
34000,0.0,0.0
34250,62.8,0.0
34500,0.0,0.0
34750,0.0,0.0
35000,0.0,0.0
35250,0.0,0.0
35500,0.0,0.0
35750,0.0,0.0
36000,0.8,0.0
36250,63.2,0.0
36500,0.0,0.0
36750,0.0,0.0
37000,0.0,0.0
37250,0.0,0.0
37500,0.0,0.0
37750,0.0,0.0
38000,0.0,0.0
38250,62.8,0.0
38500,0.0,0.0
38750,0.0,0.0
39000,0.0,0.0
39250,0.0,0.0
39500,0.0,0.0
39750,0.0,0.0
40000,0.8,0.0
40250,62.8,0.0
40500,0.0,0.0
40750,0.0,0.0
41000,0.0,0.0
41250,0.0,0.0
41500,0.0,0.0
41750,0.0,0.0
42000,0.0,0.0
42250,62.8,0.0
42500,0.0,0.0
42750,0.0,0.0
43000,0.0,0.0
43250,0.0,0.0
43500,0.0,0.0
43750,0.0,0.0
44000,0.0,0.0
44250,62.8,0.0
44500,0.0,0.0
44750,0.0,0.0
45000,0.0,0.0
45250,0.0,0.0
45500,0.0,0.0
45750,0.0,0.0
46000,0.8,0.0
46250,63.6,0.0
46500,0.0,0.0
46750,0.0,0.0
47000,0.0,0.0
47250,0.0,0.0
47500,0.0,0.0
47750,0.0,0.0
48000,0.0,0.0
48250,62.8,0.0
48500,0.0,0.0
48750,0.0,0.0
49000,0.0,0.0
49250,0.0,0.0
49500,0.0,0.0
49750,0.0,0.0
50000,0.0,0.0
50250,62.8,0.0
50500,0.0,0.0
50750,0.0,0.0
51000,0.0,0.0
51250,0.0,0.0
51500,0.0,0.0
51750,0.0,0.0
52000,0.8,0.0
52250,41.199999999999996,0.0
52500,31.2,0.0
52750,32.800000000000004,0.0
53000,34.4,0.0
53250,29.2,0.0
53500,32.0,0.0
53750,30.0,0.0
54000,30.4,0.0
54250,36.4,0.0
54500,30.8,0.0
54750,34.4,0.0
55000,32.0,0.0
55250,32.4,0.0
55500,32.0,0.0
55750,32.4,0.0
56000,32.4,0.0
56250,35.199999999999996,0.0
56500,32.4,0.0
56750,27.6,0.0
57000,32.4,0.0
57250,30.0,0.0
57500,31.6,0.0
57750,32.800000000000004,0.0
58000,33.2,0.0
58250,32.800000000000004,0.0
58500,33.2,0.0
58750,30.0,0.0
59000,30.0,0.0
59250,31.6,0.0
59500,30.8,0.0
59750,32.0,0.0
60000,34.4,0.0
60250,34.4,0.0
60500,32.0,0.0
60750,32.4,0.0
61000,32.4,0.0
61250,29.2,0.0
61500,32.0,0.0
61750,33.6,0.0
62000,28.000000000000004,0.0
62250,34.0,0.0
62500,32.800000000000004,0.0
62750,31.2,0.0
63000,33.2,0.0
63250,29.2,0.0
63500,33.2,0.0
63750,30.8,0.0
64000,32.0,0.0
64250,31.6,0.0
64500,32.800000000000004,0.0
64750,32.4,0.0
65000,32.800000000000004,0.0
65250,29.2,0.0
65500,32.4,0.0
65750,31.6,0.0
66000,32.4,0.0
66250,32.4,0.0
66500,29.599999999999998,0.0
66750,33.6,0.0
67000,32.4,0.0
67250,33.6,0.0
67500,30.0,0.0
67750,33.2,0.0
68000,32.4,0.0
68250,31.6,0.0
68500,34.8,0.0
68750,32.0,0.0
69000,30.8,0.0
69250,32.4,0.0
69500,34.0,0.0
69750,31.2,0.0
70000,29.2,0.0
70250,34.4,0.0
70500,32.0,0.0
70750,31.2,0.0
71000,33.2,0.0
71250,36.0,0.0
71500,32.0,0.0
71750,28.4,0.0
72000,32.4,0.0
72250,31.2,0.0
72500,30.8,0.0
72750,32.0,0.0
73000,31.6,0.0
73250,34.0,0.0
73500,31.2,0.0
73750,34.0,0.0
74000,37.2,0.0
74250,32.800000000000004,0.0
74500,32.0,0.0
74750,32.0,0.0
75000,32.800000000000004,0.0
75250,32.0,0.0
75500,33.6,0.0
75750,31.6,0.0
76000,36.0,0.0
76250,28.4,0.0
76500,32.4,0.0
76750,31.2,0.0
77000,29.2,0.0
77250,32.0,0.0
77500,34.0,0.0
77750,34.0,0.0
78000,28.799999999999997,0.0
78250,34.4,0.0
78500,31.2,0.0
78750,30.8,0.0
79000,33.6,0.0
79250,31.2,0.0
79500,32.800000000000004,0.0
79750,34.4,0.0
80000,32.0,0.0
80250,33.2,0.0
80500,34.4,0.0
80750,30.4,0.0
81000,33.2,0.0
81250,33.6,0.0
81500,32.0,0.0
81750,34.4,0.0
82000,27.6,0.0
82250,32.800000000000004,0.0
82500,31.2,0.0
82750,34.4,0.0
83000,31.6,0.0
83250,32.0,0.0
83500,34.8,0.0
83750,34.0,0.0
84000,31.6,0.0
84250,31.6,0.0
84500,31.2,0.0
84750,34.8,0.0
85000,32.4,0.0
85250,30.0,0.0
85500,32.800000000000004,0.0
85750,31.2,0.0
86000,28.799999999999997,0.0
86250,33.6,0.0
86500,31.6,0.0
86750,32.800000000000004,0.0
87000,33.6,0.0
87250,34.0,0.0
87500,29.2,0.0
87750,34.0,0.0
88000,29.599999999999998,0.0
88250,29.599999999999998,0.0
88500,30.0,0.0
88750,31.2,0.0
89000,31.6,0.0
89250,30.8,0.0
89500,33.2,0.0
89750,33.2,0.0
90000,30.4,0.0
90250,34.0,0.0
90500,31.6,0.0
90750,33.2,0.0
91000,28.799999999999997,0.0
91250,33.2,0.0
91500,31.6,0.0
91750,30.0,0.0
92000,35.6,0.0
92250,32.0,0.0
92500,31.6,0.0
92750,28.4,0.0
93000,31.6,0.0
93250,30.8,0.0
93500,32.800000000000004,0.0
93750,30.0,0.0
94000,31.2,0.0
94250,33.2,0.0
94500,32.800000000000004,0.0
94750,34.8,0.0
95000,28.000000000000004,0.0
95250,30.8,0.0
95500,32.0,0.0
95750,33.6,0.0
96000,34.4,0.0
96250,30.8,0.0
96500,32.4,0.0
96750,32.0,0.0
97000,30.4,0.0
97250,32.800000000000004,0.0
97500,30.0,0.0
97750,31.6,0.0
98000,34.0,0.0
98250,32.800000000000004,0.0
98500,30.8,0.0
98750,30.8,0.0
99000,30.4,0.0
99250,33.6,0.0
99500,32.4,0.0
99750,31.2,0.0
100000,31.6,0.0
100250,27.6,0.0
100500,33.2,0.0
100750,32.0,0.0
101000,31.6,0.0
101250,34.4,0.0
101500,31.6,0.0
101750,32.800000000000004,0.0
102000,33.6,0.0
102250,33.2,0.0
102500,33.2,0.0
102750,32.0,0.0
103000,31.6,0.0
103250,32.800000000000004,0.0
103500,30.8,0.0
103750,30.8,0.0
104000,32.0,0.0
104250,36.0,0.0
104500,29.599999999999998,0.0
104750,31.6,0.0
105000,30.0,0.0
105250,31.2,0.0
105500,30.0,0.0
105750,31.6,0.0
106000,30.8,0.0
106250,32.4,0.0
106500,31.6,0.0
106750,31.6,0.0
107000,33.2,0.0
107250,28.4,0.0
107500,33.2,0.0
107750,33.6,0.0
108000,30.4,0.0
108250,32.0,0.0
108500,33.2,0.0
108750,34.0,0.0
109000,33.2,0.0
109250,32.0,0.0
109500,33.2,0.0
109750,32.0,0.0
110000,33.6,0.0
110250,31.6,0.0
110500,31.6,0.0
110750,33.6,0.0
111000,34.4,0.0
111250,32.0,0.0
111500,34.0,0.0
111750,32.4,0.0
112000,34.8,0.0
112250,27.200000000000003,0.0
112500,34.8,0.0
112750,31.6,0.0
113000,32.4,0.0
113250,34.0,0.0
113500,32.4,0.0
113750,29.2,0.0
114000,31.2,0.0
114250,31.6,0.0
114500,33.2,0.0
114750,31.6,0.0
115000,30.0,0.0
115250,31.6,0.0
115500,33.2,0.0
115750,34.4,0.0
116000,30.0,0.0
116250,31.6,0.0
116500,33.2,0.0
116750,32.800000000000004,0.0
117000,30.4,0.0
117250,35.199999999999996,0.0
117500,34.0,0.0
117750,32.4,0.0
118000,30.8,0.0
118250,35.199999999999996,0.0
118500,30.4,0.0
118750,33.2,0.0
119000,32.4,0.0
119250,30.8,0.0
119500,32.0,0.0
119750,32.4,0.0
120000,31.2,0.0
120250,33.2,0.0
120500,28.000000000000004,0.0
120750,32.4,0.0
121000,31.2,0.0
121250,34.8,0.0
121500,31.2,0.0
121750,29.599999999999998,0.0
122000,30.8,0.0
122250,34.0,0.0
122500,32.800000000000004,0.0
122750,29.599999999999998,0.0
123000,29.599999999999998,0.0
123250,34.0,0.0
123500,34.0,0.0
123750,30.4,0.0
124000,31.6,0.0
124250,34.4,0.0
124500,27.6,0.0
124750,31.6,0.0
125000,30.8,0.0
125250,36.0,0.0
125500,30.4,0.0
125750,32.4,0.0
126000,32.0,0.0
126250,33.6,0.0
126500,29.599999999999998,0.0
126750,35.6,0.0
127000,30.4,0.0
127250,32.4,0.0
127500,33.2,0.0
127750,31.2,0.0
128000,31.6,0.0
128250,31.2,0.0
128500,31.2,0.0
128750,31.6,0.0
129000,34.0,0.0
129250,34.8,0.0
129500,31.2,0.0
129750,30.4,0.0
130000,31.2,0.0
130250,34.0,0.0
130500,32.800000000000004,0.0
130750,33.6,0.0
131000,30.0,0.0
131250,28.000000000000004,0.0
131500,28.4,0.0
131750,30.0,0.0
132000,32.0,0.0
132250,32.800000000000004,0.0
132500,31.6,0.0
132750,30.8,0.0
133000,33.6,0.0
133250,30.8,0.0
133500,36.0,0.0
133750,30.0,0.0
134000,30.0,0.0
134250,31.6,0.0
134500,30.4,0.0
134750,28.4,0.0
135000,31.2,0.0
135250,28.799999999999997,0.0
135500,29.2,0.0
135750,33.2,0.0
136000,31.6,0.0
136250,31.2,0.0
136500,31.6,0.0
136750,34.0,0.0
137000,35.6,0.0
137250,32.4,0.0
137500,30.8,0.0
137750,32.4,0.0
138000,32.800000000000004,0.0
138250,35.199999999999996,0.0
138500,32.4,0.0
138750,36.0,0.0
139000,26.8,0.0
139250,34.4,0.0
139500,30.4,0.0
139750,31.6,0.0
140000,33.2,0.0
140250,34.8,0.0
140500,31.2,0.0
140750,33.6,0.0
141000,30.0,0.0
141250,31.6,0.0
141500,31.6,0.0
141750,29.2,0.0
142000,31.2,0.0
142250,32.800000000000004,0.0
142500,30.8,0.0
142750,30.8,0.0
143000,34.8,0.0
143250,32.800000000000004,0.0
143500,32.0,0.0
143750,34.4,0.0
144000,34.8,0.0
144250,30.4,0.0
144500,33.2,0.0
144750,32.0,0.0
145000,31.6,0.0
145250,32.0,0.0
145500,33.2,0.0
145750,31.6,0.0
146000,32.4,0.0
146250,32.4,0.0
146500,33.2,0.0
146750,34.0,0.0
147000,30.4,0.0
147250,30.4,0.0
147500,31.6,0.0
147750,32.0,0.0
148000,28.799999999999997,0.0
148250,34.4,0.0
148500,30.8,0.0
148750,32.0,0.0
149000,32.800000000000004,0.0
149250,29.599999999999998,0.0
149500,33.2,0.0
149750,30.8,0.0
150000,33.2,0.0
150250,32.800000000000004,0.0
150500,32.4,0.0
150750,31.2,0.0
151000,29.599999999999998,0.0
151250,32.4,0.0
151500,32.800000000000004,0.0
151750,34.0,0.0
152000,31.6,0.0
