250,0.0,0.0
500,0.0,0.0
750,0.0,0.0
1000,0.0,0.0
1250,0.0,0.0
1500,0.0,0.0
1750,0.0,0.0
2000,0.0,0.0
2250,0.4,0.0
2500,0.0,0.0
2750,0.0,0.0
3000,0.0,0.0
3250,0.0,0.0
3500,0.0,0.0
3750,0.0,0.0
4000,0.0,0.0
4250,0.4,0.0
4500,0.0,0.0
4750,0.0,0.0
5000,0.0,0.0
5250,0.0,0.0
5500,0.0,0.0
5750,0.0,0.0
6000,0.0,0.0
6250,0.4,0.0
6500,0.0,0.0
6750,0.0,0.0
7000,0.0,0.0
7250,0.0,0.0
7500,0.0,0.0
7750,0.0,0.0
8000,0.0,0.0
8250,0.4,0.0
8500,0.0,0.0
8750,0.0,0.0
9000,0.0,0.0
9250,0.0,0.0
9500,0.0,0.0
9750,0.0,0.0
10000,0.0,0.0
10250,0.4,0.0
10500,0.0,0.0
10750,0.0,0.0
11000,0.0,0.0
11250,0.0,0.0
11500,0.0,0.0
11750,0.0,0.0
12000,31.2,0.0
12250,31.6,0.0
12500,0.0,0.0
12750,0.0,0.0
13000,0.0,0.0
13250,0.0,0.0
13500,0.0,0.0
13750,0.0,0.0
14000,0.0,0.0
14250,30.8,0.0
14500,0.0,0.0
14750,0.0,0.0
15000,0.0,0.0
15250,0.0,0.0
15500,0.0,0.0
15750,0.0,0.0
16000,0.8,0.0
16250,31.2,0.0
16500,0.0,0.0
16750,0.0,0.0
17000,0.0,0.0
17250,0.0,0.0
17500,0.0,0.0
17750,0.0,0.0
18000,0.0,0.0
18250,30.8,0.0
18500,0.0,0.0
18750,0.0,0.0
19000,0.0,0.0
19250,0.0,0.0
19500,0.0,0.0
19750,0.0,0.0
20000,0.4,0.0
20250,31.6,0.0
20500,0.0,0.0
20750,0.0,0.0
21000,0.0,0.0
21250,0.0,0.0
21500,0.0,0.0
21750,0.0,0.0
22000,0.0,0.0
22250,31.6,0.0
22500,0.0,0.0
22750,0.0,0.0
23000,0.0,0.0
23250,0.0,0.0
23500,0.0,0.0
23750,0.0,0.0
24000,0.0,0.0
24250,31.2,0.0
24500,0.0,0.0
24750,0.0,0.0
25000,0.0,0.0
25250,0.0,0.0
25500,0.0,0.0
25750,0.0,0.0
26000,0.0,0.0
26250,30.8,0.0
26500,0.0,0.0
26750,0.0,0.0
27000,0.0,0.0
27250,0.0,0.0
27500,0.0,0.0
27750,0.0,0.0
28000,0.8,0.0
28250,31.2,0.0
28500,0.0,0.0
28750,0.0,0.0
29000,0.0,0.0
29250,0.0,0.0
29500,0.0,0.0
29750,0.0,0.0
30000,0.0,0.0
30250,30.8,0.0
30500,0.0,0.0
30750,0.0,0.0
31000,0.0,0.0
31250,0.0,0.0
31500,0.0,0.0
31750,0.0,0.0
32000,0.8,0.0
32250,31.2,0.0
32500,0.0,0.0
32750,0.0,0.0
33000,0.0,0.0
33250,0.0,0.0
33500,0.0,0.0
33750,0.0,0.0
34000,0.0,0.0
34250,31.6,0.0
34500,0.0,0.0
34750,0.0,0.0
35000,0.0,0.0
35250,0.0,0.0
35500,0.0,0.0
35750,0.0,0.0
36000,0.0,0.0
36250,30.8,0.0
36500,0.0,0.0
36750,0.0,0.0
37000,0.0,0.0
37250,0.8,0.0
37500,0.0,0.0
37750,0.0,0.0
38000,0.0,0.0
38250,30.8,0.0
38500,0.0,0.0
38750,0.0,0.0
39000,0.8,0.0
39250,0.0,0.0
39500,0.0,0.0
39750,0.0,0.0
40000,0.0,0.0
40250,30.8,0.0
40500,0.0,0.0
40750,0.0,0.0
41000,0.0,0.0
41250,0.0,0.0
41500,0.0,0.0
41750,0.0,0.0
42000,0.0,0.0
42250,30.8,0.0
42500,0.0,0.0
42750,0.0,0.0
43000,0.0,0.0
43250,0.0,0.0
43500,0.0,0.0
43750,0.0,0.0
44000,0.8,0.0
44250,31.6,0.0
44500,0.0,0.0
44750,0.0,0.0
45000,0.0,0.0
45250,0.0,0.0
45500,0.0,0.0
45750,0.0,0.0
46000,0.0,0.0
46250,30.8,0.0
46500,0.0,0.0
46750,0.0,0.0
47000,0.0,0.0
47250,0.0,0.0
47500,0.0,0.0
47750,0.0,0.0
48000,0.0,0.0
48250,30.8,0.0
48500,0.0,0.0
48750,0.0,0.0
49000,0.0,0.0
49250,0.0,0.0
49500,0.0,0.0
49750,0.0,0.0
50000,0.8,0.0
50250,31.6,0.0
50500,0.0,0.0
50750,0.0,0.0
51000,0.0,0.0
51250,0.0,0.0
51500,0.0,0.0
51750,0.0,0.0
52000,0.0,0.0
52250,22.0,0.0
52500,18.0,0.0
52750,18.4,0.0
53000,20.8,0.0
53250,17.599999999999998,0.0
53500,16.8,0.0
53750,14.399999999999999,0.0
54000,17.599999999999998,0.0
54250,21.2,0.0
54500,17.599999999999998,0.0
54750,22.400000000000002,0.0
55000,20.4,0.0
55250,17.599999999999998,0.0
55500,16.8,0.0
55750,21.6,0.0
56000,17.2,0.0
56250,19.2,0.0
56500,22.400000000000002,0.0
56750,16.8,0.0
57000,17.599999999999998,0.0
57250,20.0,0.0
57500,20.0,0.0
57750,17.2,0.0
58000,16.8,0.0
58250,20.8,0.0
58500,18.0,0.0
58750,17.599999999999998,0.0
59000,17.2,0.0
59250,17.599999999999998,0.0
59500,16.400000000000002,0.0
59750,19.2,0.0
60000,18.8,0.0
60250,19.6,0.0
60500,17.2,0.0
60750,21.2,0.0
61000,22.8,0.0
61250,18.8,0.0
61500,20.4,0.0
61750,22.0,0.0
62000,15.6,0.0
62250,19.6,0.0
62500,17.599999999999998,0.0
62750,18.4,0.0
63000,20.4,0.0
63250,16.0,0.0
63500,16.8,0.0
63750,17.599999999999998,0.0
64000,19.6,0.0
64250,19.6,0.0
64500,21.6,0.0
64750,18.8,0.0
65000,17.2,0.0
65250,16.8,0.0
65500,20.0,0.0
65750,20.0,0.0
66000,19.6,0.0
66250,18.4,0.0
66500,14.799999999999999,0.0
66750,18.4,0.0
67000,20.0,0.0
67250,15.2,0.0
67500,18.4,0.0
67750,20.4,0.0
68000,19.6,0.0
68250,16.8,0.0
68500,16.8,0.0
68750,15.2,0.0
69000,17.2,0.0
69250,19.2,0.0
69500,20.8,0.0
69750,19.6,0.0
70000,17.599999999999998,0.0
70250,17.2,0.0
70500,18.4,0.0
70750,23.599999999999998,0.0
71000,16.8,0.0
71250,21.6,0.0
71500,17.599999999999998,0.0
71750,14.799999999999999,0.0
72000,16.0,0.0
72250,16.8,0.0
72500,20.8,0.0
72750,16.8,0.0
73000,17.2,0.0
73250,19.6,0.0
73500,18.0,0.0
73750,16.8,0.0
74000,23.599999999999998,0.0
74250,18.8,0.0
74500,16.0,0.0
74750,19.2,0.0
75000,22.400000000000002,0.0
75250,17.2,0.0
75500,20.0,0.0
75750,17.599999999999998,0.0
76000,19.6,0.0
76250,15.6,0.0
76500,18.8,0.0
76750,17.2,0.0
77000,18.8,0.0
77250,16.0,0.0
77500,20.8,0.0
77750,18.0,0.0
78000,18.0,0.0
78250,22.400000000000002,0.0
78500,20.4,0.0
78750,17.599999999999998,0.0
79000,19.2,0.0
79250,20.8,0.0
79500,20.4,0.0
79750,21.6,0.0
80000,18.8,0.0
80250,17.2,0.0
80500,20.0,0.0
80750,17.599999999999998,0.0
81000,18.4,0.0
81250,20.0,0.0
81500,14.799999999999999,0.0
81750,19.2,0.0
82000,14.799999999999999,0.0
82250,17.599999999999998,0.0
82500,16.400000000000002,0.0
82750,21.6,0.0
83000,17.2,0.0
83250,18.8,0.0
83500,20.4,0.0
83750,22.400000000000002,0.0
84000,18.4,0.0
84250,16.400000000000002,0.0
84500,16.0,0.0
84750,16.400000000000002,0.0
85000,22.400000000000002,0.0
85250,18.0,0.0
85500,20.4,0.0
85750,20.8,0.0
86000,16.400000000000002,0.0
86250,15.6,0.0
86500,16.0,0.0
86750,20.8,0.0
87000,19.2,0.0
87250,22.8,0.0
87500,17.2,0.0
87750,16.8,0.0
88000,17.2,0.0
88250,14.799999999999999,0.0
88500,15.6,0.0
88750,16.0,0.0
89000,20.8,0.0
89250,18.4,0.0
89500,19.6,0.0
89750,17.2,0.0
90000,18.8,0.0
90250,22.0,0.0
90500,17.2,0.0
90750,16.0,0.0
91000,17.2,0.0
91250,16.400000000000002,0.0
91500,19.2,0.0
91750,17.2,0.0
92000,20.8,0.0
92250,19.2,0.0
92500,19.6,0.0
92750,17.2,0.0
93000,19.6,0.0
93250,18.4,0.0
93500,18.0,0.0
93750,17.599999999999998,0.0
94000,18.4,0.0
94250,16.8,0.0
94500,16.400000000000002,0.0
94750,21.6,0.0
95000,18.4,0.0
95250,16.0,0.0
95500,17.599999999999998,0.0
95750,16.400000000000002,0.0
96000,19.2,0.0
96250,20.0,0.0
96500,18.0,0.0
96750,20.0,0.0
97000,13.600000000000001,0.0
97250,21.2,0.0
97500,15.6,0.0
97750,16.8,0.0
98000,16.400000000000002,0.0
98250,20.8,0.0
98500,20.8,0.0
98750,17.2,0.0
99000,20.0,0.0
99250,19.2,0.0
99500,18.8,0.0
99750,19.2,0.0
100000,20.0,0.0
100250,17.2,0.0
100500,17.599999999999998,0.0
100750,19.2,0.0
101000,16.0,0.0
101250,21.6,0.0
101500,18.4,0.0
101750,18.0,0.0
102000,18.8,0.0
102250,18.0,0.0
102500,20.4,0.0
102750,18.4,0.0
103000,18.8,0.0
103250,18.4,0.0
103500,18.4,0.0
103750,20.4,0.0
104000,17.2,0.0
104250,23.200000000000003,0.0
104500,18.4,0.0
104750,16.400000000000002,0.0
105000,19.2,0.0
105250,18.8,0.0
105500,15.6,0.0
105750,18.4,0.0
106000,16.8,0.0
106250,16.0,0.0
106500,19.2,0.0
106750,17.2,0.0
107000,19.6,0.0
107250,16.400000000000002,0.0
107500,20.4,0.0
107750,17.2,0.0
108000,14.799999999999999,0.0
108250,17.599999999999998,0.0
108500,18.8,0.0
108750,22.0,0.0
109000,21.6,0.0
109250,16.8,0.0
109500,18.0,0.0
109750,18.0,0.0
110000,19.2,0.0
110250,16.8,0.0
110500,19.6,0.0
110750,21.2,0.0
111000,20.4,0.0
111250,14.000000000000002,0.0
111500,20.4,0.0
111750,17.2,0.0
112000,20.8,0.0
112250,18.4,0.0
112500,17.599999999999998,0.0
112750,19.6,0.0
113000,18.4,0.0
113250,16.400000000000002,0.0
113500,19.6,0.0
113750,15.2,0.0
114000,15.6,0.0
114250,22.0,0.0
114500,23.200000000000003,0.0
114750,20.0,0.0
115000,18.0,0.0
115250,18.0,0.0
115500,15.2,0.0
115750,17.2,0.0
116000,16.400000000000002,0.0
116250,18.4,0.0
116500,15.2,0.0
116750,18.4,0.0
117000,21.6,0.0
117250,24.0,0.0
117500,19.2,0.0
117750,15.2,0.0
118000,19.6,0.0
118250,22.0,0.0
118500,16.0,0.0
118750,20.4,0.0
119000,19.6,0.0
119250,17.2,0.0
119500,20.4,0.0
119750,19.6,0.0
120000,15.6,0.0
120250,20.0,0.0
120500,17.2,0.0
120750,19.6,0.0
121000,18.4,0.0
121250,20.8,0.0
121500,17.2,0.0
121750,15.6,0.0
122000,18.0,0.0
122250,16.400000000000002,0.0
122500,20.8,0.0
122750,18.4,0.0
123000,17.599999999999998,0.0
123250,22.0,0.0
123500,18.4,0.0
123750,20.0,0.0
124000,18.0,0.0
124250,18.0,0.0
124500,16.400000000000002,0.0
124750,18.0,0.0
125000,19.2,0.0
125250,20.8,0.0
125500,19.2,0.0
125750,17.599999999999998,0.0
126000,19.2,0.0
126250,23.599999999999998,0.0
126500,17.599999999999998,0.0
126750,20.0,0.0
127000,18.0,0.0
127250,15.6,0.0
127500,16.8,0.0
127750,19.2,0.0
128000,15.6,0.0
128250,20.0,0.0
128500,17.599999999999998,0.0
128750,17.599999999999998,0.0
129000,17.599999999999998,0.0
129250,22.0,0.0
129500,16.8,0.0
129750,20.4,0.0
130000,17.2,0.0
130250,19.6,0.0
130500,17.599999999999998,0.0
130750,20.0,0.0
131000,16.8,0.0
131250,18.0,0.0
131500,15.6,0.0
131750,17.2,0.0
132000,17.599999999999998,0.0
132250,16.8,0.0
132500,18.8,0.0
132750,14.000000000000002,0.0
133000,20.0,0.0
133250,17.599999999999998,0.0
133500,20.8,0.0
133750,17.2,0.0
134000,15.6,0.0
134250,19.2,0.0
134500,22.0,0.0
134750,17.2,0.0
135000,18.8,0.0
135250,16.400000000000002,0.0
135500,16.8,0.0
135750,20.0,0.0
136000,17.599999999999998,0.0
136250,19.2,0.0
136500,18.0,0.0
136750,21.2,0.0
137000,20.8,0.0
137250,17.599999999999998,0.0
137500,18.0,0.0
137750,19.6,0.0
138000,17.599999999999998,0.0
138250,22.400000000000002,0.0
138500,19.2,0.0
138750,22.8,0.0
139000,14.799999999999999,0.0
139250,20.4,0.0
139500,18.0,0.0
139750,16.400000000000002,0.0
140000,22.400000000000002,0.0
140250,20.4,0.0
140500,16.8,0.0
140750,18.4,0.0
141000,17.2,0.0
141250,20.4,0.0
141500,19.6,0.0
141750,18.8,0.0
142000,15.6,0.0
142250,18.4,0.0
142500,19.2,0.0
142750,17.2,0.0
143000,19.2,0.0
143250,20.4,0.0
143500,20.4,0.0
143750,16.8,0.0
144000,21.2,0.0
144250,21.2,0.0
144500,20.8,0.0
144750,15.6,0.0
145000,19.2,0.0
145250,22.8,0.0
145500,18.0,0.0
145750,18.8,0.0
146000,15.2,0.0
146250,17.599999999999998,0.0
146500,18.8,0.0
146750,16.8,0.0
147000,16.0,0.0
147250,19.2,0.0
147500,21.6,0.0
147750,21.6,0.0
148000,14.799999999999999,0.0
148250,21.2,0.0
148500,14.799999999999999,0.0
148750,18.0,0.0
149000,17.2,0.0
149250,15.6,0.0
149500,20.0,0.0
149750,17.2,0.0
150000,18.8,0.0
150250,20.4,0.0
150500,16.0,0.0
150750,19.2,0.0
151000,16.8,0.0
151250,16.400000000000002,0.0
151500,18.8,0.0
151750,13.600000000000001,0.0
152000,18.0,0.0
