250,0.0,0.0
500,0.0,0.0
750,0.0,0.0
1000,0.0,0.0
1250,0.0,0.0
1500,0.0,0.0
1750,0.0,0.0
2000,0.0,0.0
2250,0.8,0.0
2500,0.0,0.0
2750,0.0,0.0
3000,0.0,0.0
3250,0.0,0.0
3500,0.0,0.0
3750,0.0,0.0
4000,0.0,0.0
4250,0.8,0.0
4500,0.0,0.0
4750,0.0,0.0
5000,0.0,0.0
5250,0.0,0.0
5500,0.0,0.0
5750,0.0,0.0
6000,0.0,0.0
6250,0.8,0.0
6500,0.0,0.0
6750,0.0,0.0
7000,0.0,0.0
7250,0.0,0.0
7500,0.0,0.0
7750,18.8,0.0
8000,100.0,0.0
8250,99.6,0.0
8500,20.0,0.0
8750,0.0,0.0
9000,0.0,0.0
9250,0.0,0.0
9500,0.0,0.0
9750,0.0,0.0
10000,0.0,0.0
10250,99.6,0.0
10500,18.8,0.0
10750,0.0,0.0
11000,0.0,0.0
11250,0.0,0.0
11500,0.0,0.0
11750,0.0,0.0
12000,1.2,0.0
12250,99.6,0.0
12500,20.0,0.0
12750,0.0,0.0
13000,0.0,0.0
13250,0.0,0.0
13500,0.0,0.0
13750,0.0,0.0
14000,0.0,0.0
14250,99.6,0.0
14500,18.8,0.0
14750,0.0,0.0
15000,0.0,0.0
15250,0.0,0.0
15500,0.0,0.0
15750,1.2,0.0
16000,0.0,0.0
16250,99.6,0.0
16500,20.0,0.0
16750,0.0,0.0
17000,0.0,0.0
17250,0.0,0.0
17500,0.0,0.0
17750,0.0,0.0
18000,0.0,0.0
18250,99.6,0.0
18500,20.0,0.0
18750,0.0,0.0
19000,0.0,0.0
19250,0.0,0.0
19500,0.0,0.0
19750,0.0,0.0
20000,0.0,0.0
20250,99.6,0.0
20500,18.8,0.0
20750,0.0,0.0
21000,0.0,0.0
21250,1.2,0.0
21500,0.0,0.0
21750,0.0,0.0
22000,0.0,0.0
22250,99.6,0.0
22500,18.8,0.0
22750,0.0,0.0
23000,1.2,0.0
23250,0.0,0.0
23500,0.0,0.0
23750,0.0,0.0
24000,0.0,0.0
24250,99.6,0.0
24500,20.0,0.0
24750,0.0,0.0
25000,0.0,0.0
25250,0.0,0.0
25500,0.0,0.0
25750,0.0,0.0
26000,0.0,0.0
26250,99.6,0.0
26500,18.8,0.0
26750,0.0,0.0
27000,0.0,0.0
27250,0.0,0.0
27500,0.0,0.0
27750,0.0,0.0
28000,0.8,0.0
28250,100.0,0.0
28500,20.0,0.0
28750,0.0,0.0
29000,0.0,0.0
29250,0.0,0.0
29500,0.0,0.0
29750,0.0,0.0
30000,0.0,0.0
30250,99.6,0.0
30500,20.0,0.0
30750,0.0,0.0
31000,0.0,0.0
31250,0.0,0.0
31500,0.0,0.0
31750,0.0,0.0
32000,0.0,0.0
32250,99.6,0.0
32500,20.0,0.0
32750,0.0,0.0
33000,0.0,0.0
33250,0.0,0.0
33500,0.0,0.0
33750,0.0,0.0
34000,0.0,0.0
34250,99.6,0.0
34500,18.8,0.0
34750,0.0,0.0
35000,0.0,0.0
35250,0.0,0.0
35500,0.0,0.0
35750,0.0,0.0
36000,1.2,0.0
36250,99.6,0.0
36500,20.0,0.0
36750,0.0,0.0
37000,0.0,0.0
37250,0.0,0.0
37500,0.0,0.0
37750,0.0,0.0
38000,0.0,0.0
38250,99.6,0.0
38500,18.8,0.0
38750,0.0,0.0
39000,0.0,0.0
39250,0.0,0.0
39500,0.0,0.0
39750,0.0,0.0
40000,1.2,0.0
40250,99.6,0.0
40500,20.0,0.0
40750,0.0,0.0
41000,0.0,0.0
41250,0.0,0.0
41500,0.0,0.0
41750,0.0,0.0
42000,0.0,0.0
42250,99.6,0.0
42500,20.0,0.0
42750,0.0,0.0
43000,0.0,0.0
43250,0.0,0.0
43500,0.0,0.0
43750,0.0,0.0
44000,0.0,0.0
44250,99.6,0.0
44500,20.0,0.0
44750,0.0,0.0
45000,0.0,0.0
45250,0.0,0.0
45500,0.0,0.0
45750,0.0,0.0
46000,0.0,0.0
46250,99.6,0.0
46500,18.8,0.0
46750,0.0,0.0
47000,0.0,0.0
47250,0.0,0.0
47500,0.0,0.0
47750,0.0,0.0
48000,1.2,0.0
48250,99.6,0.0
48500,20.0,0.0
48750,0.0,0.0
49000,0.0,0.0
49250,0.0,0.0
49500,0.0,0.0
49750,0.0,0.0
50000,0.0,0.0
50250,99.6,0.0
50500,18.8,0.0
50750,0.0,0.0
51000,0.0,0.0
51250,0.0,0.0
51500,0.0,0.0
51750,0.0,0.0
52000,1.2,0.0
52250,52.400000000000006,0.0
52500,46.400000000000006,0.0
52750,46.800000000000004,0.0
53000,45.2,0.0
53250,46.400000000000006,0.0
53500,44.800000000000004,0.0
53750,46.0,0.0
54000,45.6,0.0
54250,48.0,0.0
54500,45.2,0.0
54750,45.2,0.0
55000,46.800000000000004,0.0
55250,45.6,0.0
55500,43.6,0.0
55750,43.6,0.0
56000,48.4,0.0
56250,47.599999999999994,0.0
56500,42.8,0.0
56750,45.2,0.0
57000,44.0,0.0
57250,43.6,0.0
57500,44.4,0.0
57750,45.6,0.0
58000,44.0,0.0
58250,44.0,0.0
58500,45.6,0.0
58750,43.2,0.0
59000,45.2,0.0
59250,45.6,0.0
59500,46.800000000000004,0.0
59750,44.800000000000004,0.0
60000,45.2,0.0
60250,45.2,0.0
60500,44.800000000000004,0.0
60750,43.6,0.0
61000,44.4,0.0
61250,43.6,0.0
61500,46.800000000000004,0.0
61750,44.0,0.0
62000,43.6,0.0
62250,45.2,0.0
62500,44.0,0.0
62750,44.0,0.0
63000,45.6,0.0
63250,43.6,0.0
63500,47.199999999999996,0.0
63750,43.2,0.0
64000,44.4,0.0
64250,44.4,0.0
64500,44.800000000000004,0.0
64750,45.2,0.0
65000,44.0,0.0
65250,47.199999999999996,0.0
65500,46.400000000000006,0.0
65750,44.4,0.0
66000,46.400000000000006,0.0
66250,42.0,0.0
66500,45.6,0.0
66750,48.0,0.0
67000,45.2,0.0
67250,45.6,0.0
67500,43.6,0.0
67750,44.800000000000004,0.0
68000,44.0,0.0
68250,47.599999999999994,0.0
68500,46.800000000000004,0.0
68750,45.6,0.0
69000,45.2,0.0
69250,45.2,0.0
69500,42.4,0.0
69750,43.2,0.0
70000,44.800000000000004,0.0
70250,45.6,0.0
70500,45.2,0.0
70750,46.400000000000006,0.0
71000,44.0,0.0
71250,47.599999999999994,0.0
71500,42.0,0.0
71750,42.4,0.0
72000,46.0,0.0
72250,46.800000000000004,0.0
72500,44.800000000000004,0.0
72750,44.800000000000004,0.0
73000,46.0,0.0
73250,45.6,0.0
73500,45.2,0.0
73750,47.199999999999996,0.0
74000,46.800000000000004,0.0
74250,44.0,0.0
74500,42.8,0.0
74750,45.2,0.0
75000,44.800000000000004,0.0
75250,44.800000000000004,0.0
75500,42.4,0.0
75750,44.800000000000004,0.0
76000,45.6,0.0
76250,45.6,0.0
76500,46.0,0.0
76750,45.2,0.0
77000,46.0,0.0
77250,46.0,0.0
77500,46.400000000000006,0.0
77750,44.4,0.0
78000,44.4,0.0
78250,46.0,0.0
78500,46.0,0.0
78750,44.800000000000004,0.0
79000,44.800000000000004,0.0
79250,44.0,0.0
79500,45.2,0.0
79750,44.800000000000004,0.0
80000,44.800000000000004,0.0
80250,44.0,0.0
80500,45.2,0.0
80750,44.800000000000004,0.0
81000,45.6,0.0
81250,46.0,0.0
81500,44.800000000000004,0.0
81750,47.199999999999996,0.0
82000,42.4,0.0
82250,46.0,0.0
82500,46.0,0.0
82750,45.6,0.0
83000,44.4,0.0
83250,43.6,0.0
83500,46.800000000000004,0.0
83750,44.4,0.0
84000,45.2,0.0
84250,46.400000000000006,0.0
84500,44.4,0.0
84750,44.4,0.0
85000,45.6,0.0
85250,42.8,0.0
85500,45.2,0.0
85750,44.4,0.0
86000,45.6,0.0
86250,46.800000000000004,0.0
86500,44.4,0.0
86750,46.400000000000006,0.0
87000,46.800000000000004,0.0
87250,44.4,0.0
87500,44.4,0.0
87750,47.199999999999996,0.0
88000,43.6,0.0
88250,44.800000000000004,0.0
88500,45.6,0.0
88750,46.0,0.0
89000,45.6,0.0
89250,45.6,0.0
89500,42.4,0.0
89750,46.800000000000004,0.0
90000,46.0,0.0
90250,44.0,0.0
90500,44.800000000000004,0.0
90750,45.2,0.0
91000,45.6,0.0
91250,46.800000000000004,0.0
91500,42.4,0.0
91750,43.6,0.0
92000,44.800000000000004,0.0
92250,43.2,0.0
92500,43.6,0.0
92750,45.6,0.0
93000,47.199999999999996,0.0
93250,46.400000000000006,0.0
93500,47.199999999999996,0.0
93750,43.2,0.0
94000,45.6,0.0
94250,47.199999999999996,0.0
94500,43.6,0.0
94750,45.6,0.0
95000,44.800000000000004,0.0
95250,48.0,0.0
95500,46.400000000000006,0.0
95750,47.599999999999994,0.0
96000,44.4,0.0
96250,44.800000000000004,0.0
96500,47.199999999999996,0.0
96750,44.0,0.0
97000,45.6,0.0
97250,46.0,0.0
97500,43.6,0.0
97750,48.0,0.0
98000,49.2,0.0
98250,46.0,0.0
98500,46.800000000000004,0.0
98750,46.800000000000004,0.0
99000,47.599999999999994,0.0
99250,47.599999999999994,0.0
99500,42.4,0.0
99750,44.4,0.0
100000,46.0,0.0
100250,45.2,0.0
100500,48.4,0.0
100750,48.4,0.0
101000,47.199999999999996,0.0
101250,47.599999999999994,0.0
101500,44.800000000000004,0.0
101750,43.6,0.0
102000,46.400000000000006,0.0
102250,44.800000000000004,0.0
102500,44.4,0.0
102750,46.800000000000004,0.0
103000,44.800000000000004,0.0
103250,44.0,0.0
103500,44.800000000000004,0.0
103750,44.800000000000004,0.0
104000,45.6,0.0
104250,47.599999999999994,0.0
104500,46.400000000000006,0.0
104750,44.4,0.0
105000,45.6,0.0
105250,45.6,0.0
105500,45.6,0.0
105750,45.6,0.0
106000,46.800000000000004,0.0
106250,46.0,0.0
106500,44.4,0.0
106750,44.800000000000004,0.0
107000,44.0,0.0
107250,44.4,0.0
107500,45.2,0.0
107750,46.400000000000006,0.0
108000,45.6,0.0
108250,46.0,0.0
108500,45.2,0.0
108750,45.6,0.0
109000,44.4,0.0
109250,44.800000000000004,0.0
109500,45.6,0.0
109750,45.2,0.0
110000,46.0,0.0
110250,45.6,0.0
110500,46.800000000000004,0.0
110750,47.599999999999994,0.0
111000,44.800000000000004,0.0
111250,45.6,0.0
111500,44.4,0.0
111750,45.6,0.0
112000,46.0,0.0
112250,42.8,0.0
112500,47.199999999999996,0.0
112750,45.6,0.0
113000,44.800000000000004,0.0
113250,45.6,0.0
113500,46.400000000000006,0.0
113750,44.4,0.0
114000,44.800000000000004,0.0
114250,46.0,0.0
114500,44.0,0.0
114750,42.4,0.0
115000,43.2,0.0
115250,48.0,0.0
115500,45.6,0.0
115750,47.199999999999996,0.0
116000,44.0,0.0
116250,43.6,0.0
116500,43.6,0.0
116750,46.400000000000006,0.0
117000,44.4,0.0
117250,46.400000000000006,0.0
117500,44.800000000000004,0.0
117750,44.800000000000004,0.0
118000,44.0,0.0
118250,46.0,0.0
118500,44.0,0.0
118750,43.6,0.0
119000,46.0,0.0
119250,43.6,0.0
119500,44.800000000000004,0.0
119750,44.0,0.0
120000,46.0,0.0
120250,44.800000000000004,0.0
120500,44.4,0.0
120750,47.199999999999996,0.0
121000,44.800000000000004,0.0
121250,46.800000000000004,0.0
121500,44.800000000000004,0.0
121750,46.400000000000006,0.0
122000,44.800000000000004,0.0
122250,46.800000000000004,0.0
122500,43.6,0.0
122750,46.0,0.0
123000,44.0,0.0
123250,47.199999999999996,0.0
123500,45.6,0.0
123750,44.4,0.0
124000,45.6,0.0
124250,43.2,0.0
124500,44.800000000000004,0.0
124750,45.2,0.0
125000,44.0,0.0
125250,46.400000000000006,0.0
125500,45.2,0.0
125750,46.0,0.0
126000,45.6,0.0
126250,43.6,0.0
126500,45.2,0.0
126750,46.0,0.0
127000,43.2,0.0
127250,44.0,0.0
127500,46.0,0.0
127750,44.4,0.0
128000,44.800000000000004,0.0
128250,46.0,0.0
128500,44.4,0.0
128750,47.199999999999996,0.0
129000,46.400000000000006,0.0
129250,45.2,0.0
129500,44.4,0.0
129750,46.0,0.0
130000,46.800000000000004,0.0
130250,44.800000000000004,0.0
130500,45.2,0.0
130750,45.2,0.0
131000,43.6,0.0
131250,44.0,0.0
131500,46.0,0.0
131750,44.4,0.0
132000,45.6,0.0
132250,45.6,0.0
132500,44.4,0.0
132750,44.800000000000004,0.0
133000,44.800000000000004,0.0
133250,44.4,0.0
133500,47.599999999999994,0.0
133750,44.0,0.0
134000,46.0,0.0
134250,44.0,0.0
134500,46.800000000000004,0.0
134750,44.0,0.0
135000,47.199999999999996,0.0
135250,44.800000000000004,0.0
135500,44.800000000000004,0.0
135750,47.199999999999996,0.0
136000,44.4,0.0
136250,43.2,0.0
136500,47.599999999999994,0.0
136750,46.800000000000004,0.0
137000,46.800000000000004,0.0
137250,44.800000000000004,0.0
137500,44.0,0.0
137750,44.4,0.0
138000,43.6,0.0
138250,45.6,0.0
138500,44.800000000000004,0.0
138750,46.0,0.0
139000,42.8,0.0
139250,48.4,0.0
139500,45.2,0.0
139750,45.6,0.0
140000,46.0,0.0
140250,46.800000000000004,0.0
140500,47.599999999999994,0.0
140750,46.400000000000006,0.0
141000,45.6,0.0
141250,44.800000000000004,0.0
141500,44.4,0.0
141750,45.6,0.0
142000,44.0,0.0
142250,47.199999999999996,0.0
142500,44.800000000000004,0.0
142750,45.2,0.0
143000,46.0,0.0
143250,46.0,0.0
143500,44.4,0.0
143750,46.800000000000004,0.0
144000,46.0,0.0
144250,42.8,0.0
144500,46.400000000000006,0.0
144750,44.0,0.0
145000,46.400000000000006,0.0
145250,44.800000000000004,0.0
145500,45.2,0.0
145750,43.6,0.0
146000,46.800000000000004,0.0
146250,45.2,0.0
146500,45.2,0.0
146750,46.400000000000006,0.0
147000,44.800000000000004,0.0
147250,46.800000000000004,0.0
147500,46.800000000000004,0.0
147750,46.0,0.0
148000,44.4,0.0
148250,46.0,0.0
148500,45.6,0.0
148750,44.800000000000004,0.0
149000,45.2,0.0
149250,46.0,0.0
149500,46.400000000000006,0.0
149750,44.800000000000004,0.0
150000,42.8,0.0
150250,46.0,0.0
150500,48.4,0.0
150750,45.6,0.0
151000,45.2,0.0
151250,44.4,0.0
151500,45.2,0.0
151750,46.0,0.0
152000,44.4,0.0
