250,0.0,0.0
500,0.0,0.0
750,0.0,0.0
1000,0.0,0.0
1250,0.0,0.0
1500,0.0,0.0
1750,0.0,0.0
2000,0.0,0.0
2250,0.4,0.0
2500,0.0,0.0
2750,0.0,0.0
3000,0.0,0.0
3250,0.0,0.0
3500,0.0,0.0
3750,0.0,0.0
4000,0.0,0.0
4250,0.4,0.0
4500,0.0,0.0
4750,0.0,0.0
5000,0.0,0.0
5250,0.0,0.0
5500,0.0,0.0
5750,0.0,0.0
6000,0.0,0.0
6250,0.4,0.0
6500,0.0,0.0
6750,0.0,0.0
7000,0.0,0.0
7250,0.0,0.0
7500,0.0,0.0
7750,0.0,0.0
8000,0.0,0.0
8250,0.4,0.0
8500,0.0,0.0
8750,0.0,0.0
9000,0.0,0.0
9250,0.0,0.0
9500,0.0,0.0
9750,0.0,0.0
10000,0.0,0.0
10250,0.4,0.0
10500,0.0,0.0
10750,0.0,0.0
11000,0.0,0.0
11250,0.0,0.0
11500,0.0,0.0
11750,0.0,0.0
12000,39.2,0.0
12250,39.6,0.0
12500,0.0,0.0
12750,0.0,0.0
13000,0.0,0.0
13250,0.0,0.0
13500,0.0,0.0
13750,0.0,0.0
14000,0.0,0.0
14250,38.800000000000004,0.0
14500,0.0,0.0
14750,0.0,0.0
15000,0.0,0.0
15250,0.0,0.0
15500,0.0,0.0
15750,0.0,0.0
16000,0.8,0.0
16250,39.2,0.0
16500,0.0,0.0
16750,0.0,0.0
17000,0.0,0.0
17250,0.0,0.0
17500,0.0,0.0
17750,0.0,0.0
18000,0.0,0.0
18250,38.800000000000004,0.0
18500,0.0,0.0
18750,0.0,0.0
19000,0.0,0.0
19250,0.0,0.0
19500,0.0,0.0
19750,0.0,0.0
20000,0.4,0.0
20250,39.6,0.0
20500,0.0,0.0
20750,0.0,0.0
21000,0.0,0.0
21250,0.0,0.0
21500,0.0,0.0
21750,0.0,0.0
22000,0.0,0.0
22250,39.6,0.0
22500,0.0,0.0
22750,0.0,0.0
23000,0.0,0.0
23250,0.0,0.0
23500,0.0,0.0
23750,0.0,0.0
24000,0.0,0.0
24250,39.2,0.0
24500,0.0,0.0
24750,0.0,0.0
25000,0.0,0.0
25250,0.0,0.0
25500,0.0,0.0
25750,0.0,0.0
26000,0.0,0.0
26250,38.800000000000004,0.0
26500,0.0,0.0
26750,0.0,0.0
27000,0.0,0.0
27250,0.0,0.0
27500,0.0,0.0
27750,0.0,0.0
28000,0.8,0.0
28250,39.2,0.0
28500,0.0,0.0
28750,0.0,0.0
29000,0.0,0.0
29250,0.0,0.0
29500,0.0,0.0
29750,0.0,0.0
30000,0.0,0.0
30250,38.800000000000004,0.0
30500,0.0,0.0
30750,0.0,0.0
31000,0.0,0.0
31250,0.0,0.0
31500,0.0,0.0
31750,0.0,0.0
32000,0.8,0.0
32250,39.2,0.0
32500,0.0,0.0
32750,0.0,0.0
33000,0.0,0.0
33250,0.0,0.0
33500,0.0,0.0
33750,0.0,0.0
34000,0.0,0.0
34250,39.6,0.0
34500,0.0,0.0
34750,0.0,0.0
35000,0.0,0.0
35250,0.0,0.0
35500,0.0,0.0
35750,0.0,0.0
36000,0.0,0.0
36250,38.800000000000004,0.0
36500,0.0,0.0
36750,0.0,0.0
37000,0.0,0.0
37250,0.8,0.0
37500,0.0,0.0
37750,0.0,0.0
38000,0.0,0.0
38250,38.800000000000004,0.0
38500,0.0,0.0
38750,0.0,0.0
39000,0.8,0.0
39250,0.0,0.0
39500,0.0,0.0
39750,0.0,0.0
40000,0.0,0.0
40250,38.800000000000004,0.0
40500,0.0,0.0
40750,0.0,0.0
41000,0.0,0.0
41250,0.0,0.0
41500,0.0,0.0
41750,0.0,0.0
42000,0.0,0.0
42250,38.800000000000004,0.0
42500,0.0,0.0
42750,0.0,0.0
43000,0.0,0.0
43250,0.0,0.0
43500,0.0,0.0
43750,0.0,0.0
44000,0.8,0.0
44250,39.6,0.0
44500,0.0,0.0
44750,0.0,0.0
45000,0.0,0.0
45250,0.0,0.0
45500,0.0,0.0
45750,0.0,0.0
46000,0.0,0.0
46250,38.800000000000004,0.0
46500,0.0,0.0
46750,0.0,0.0
47000,0.0,0.0
47250,0.0,0.0
47500,0.0,0.0
47750,0.0,0.0
48000,0.0,0.0
48250,38.800000000000004,0.0
48500,0.0,0.0
48750,0.0,0.0
49000,0.0,0.0
49250,0.0,0.0
49500,0.0,0.0
49750,0.0,0.0
50000,0.8,0.0
50250,39.6,0.0
50500,0.0,0.0
50750,0.0,0.0
51000,0.0,0.0
51250,0.0,0.0
51500,0.0,0.0
51750,0.0,0.0
52000,0.0,0.0
52250,27.200000000000003,0.0
52500,20.0,0.0
52750,22.400000000000002,0.0
53000,24.0,0.0
53250,20.4,0.0
53500,22.8,0.0
53750,18.0,0.0
54000,19.2,0.0
54250,24.0,0.0
54500,22.0,0.0
54750,26.400000000000002,0.0
55000,24.8,0.0
55250,21.6,0.0
55500,22.8,0.0
55750,24.4,0.0
56000,22.8,0.0
56250,24.4,0.0
56500,25.2,0.0
56750,20.8,0.0
57000,21.6,0.0
57250,22.0,0.0
57500,22.400000000000002,0.0
57750,20.8,0.0
58000,21.6,0.0
58250,23.200000000000003,0.0
58500,22.400000000000002,0.0
58750,20.8,0.0
59000,18.4,0.0
59250,20.4,0.0
59500,20.0,0.0
59750,23.599999999999998,0.0
60000,24.0,0.0
60250,24.8,0.0
60500,19.6,0.0
60750,26.0,0.0
61000,24.4,0.0
61250,21.2,0.0
61500,24.4,0.0
61750,23.200000000000003,0.0
62000,19.6,0.0
62250,23.200000000000003,0.0
62500,21.2,0.0
62750,21.2,0.0
63000,25.2,0.0
63250,21.6,0.0
63500,22.8,0.0
63750,20.8,0.0
64000,24.0,0.0
64250,23.200000000000003,0.0
64500,22.400000000000002,0.0
64750,22.400000000000002,0.0
65000,21.6,0.0
65250,22.8,0.0
65500,24.0,0.0
65750,23.599999999999998,0.0
66000,22.8,0.0
66250,21.2,0.0
66500,19.2,0.0
66750,22.8,0.0
67000,22.0,0.0
67250,20.8,0.0
67500,23.200000000000003,0.0
67750,25.6,0.0
68000,22.8,0.0
68250,22.8,0.0
68500,22.8,0.0
68750,19.2,0.0
69000,22.0,0.0
69250,22.8,0.0
69500,23.599999999999998,0.0
69750,21.6,0.0
70000,20.4,0.0
70250,22.400000000000002,0.0
70500,20.8,0.0
70750,26.0,0.0
71000,21.6,0.0
71250,26.0,0.0
71500,20.4,0.0
71750,20.4,0.0
72000,21.2,0.0
72250,22.8,0.0
72500,23.599999999999998,0.0
72750,20.4,0.0
73000,22.0,0.0
73250,22.400000000000002,0.0
73500,21.6,0.0
73750,22.8,0.0
74000,26.8,0.0
74250,20.4,0.0
74500,18.8,0.0
74750,20.8,0.0
75000,25.6,0.0
75250,22.400000000000002,0.0
75500,22.8,0.0
75750,20.8,0.0
76000,23.200000000000003,0.0
76250,20.0,0.0
76500,21.2,0.0
76750,21.2,0.0
77000,21.2,0.0
77250,22.0,0.0
77500,24.4,0.0
77750,22.8,0.0
78000,19.6,0.0
78250,28.000000000000004,0.0
78500,24.4,0.0
78750,21.2,0.0
79000,23.200000000000003,0.0
79250,23.599999999999998,0.0
79500,24.0,0.0
79750,24.8,0.0
80000,22.400000000000002,0.0
80250,21.2,0.0
80500,23.599999999999998,0.0
80750,20.8,0.0
81000,22.0,0.0
81250,24.0,0.0
81500,18.4,0.0
81750,24.4,0.0
82000,19.2,0.0
82250,21.2,0.0
82500,20.4,0.0
82750,25.2,0.0
83000,21.2,0.0
83250,22.0,0.0
83500,24.4,0.0
83750,25.6,0.0
84000,23.200000000000003,0.0
84250,20.0,0.0
84500,20.4,0.0
84750,21.6,0.0
85000,26.8,0.0
85250,22.0,0.0
85500,26.0,0.0
85750,25.2,0.0
86000,20.4,0.0
86250,21.6,0.0
86500,20.0,0.0
86750,23.599999999999998,0.0
87000,22.0,0.0
87250,26.0,0.0
87500,18.8,0.0
87750,20.0,0.0
88000,19.6,0.0
88250,20.4,0.0
88500,21.2,0.0
88750,22.0,0.0
89000,24.4,0.0
89250,22.0,0.0
89500,23.200000000000003,0.0
89750,21.2,0.0
90000,22.8,0.0
90250,24.4,0.0
90500,20.8,0.0
90750,20.4,0.0
91000,19.6,0.0
91250,21.6,0.0
91500,24.0,0.0
91750,20.4,0.0
92000,22.400000000000002,0.0
92250,21.6,0.0
92500,22.400000000000002,0.0
92750,20.4,0.0
93000,22.0,0.0
93250,24.8,0.0
93500,23.200000000000003,0.0
93750,23.200000000000003,0.0
94000,20.4,0.0
94250,22.400000000000002,0.0
94500,21.2,0.0
94750,26.0,0.0
95000,22.0,0.0
95250,18.4,0.0
95500,20.4,0.0
95750,20.4,0.0
96000,21.2,0.0
96250,24.8,0.0
96500,21.2,0.0
96750,22.400000000000002,0.0
97000,20.0,0.0
97250,24.0,0.0
97500,20.0,0.0
97750,21.2,0.0
98000,22.0,0.0
98250,23.599999999999998,0.0
98500,24.0,0.0
98750,22.400000000000002,0.0
99000,22.400000000000002,0.0
99250,24.0,0.0
99500,22.400000000000002,0.0
99750,22.8,0.0
100000,22.400000000000002,0.0
100250,20.0,0.0
100500,23.599999999999998,0.0
100750,22.400000000000002,0.0
101000,22.0,0.0
101250,26.400000000000002,0.0
101500,22.8,0.0
101750,21.2,0.0
102000,21.2,0.0
102250,21.6,0.0
102500,23.200000000000003,0.0
102750,21.2,0.0
103000,22.400000000000002,0.0
103250,22.0,0.0
103500,22.8,0.0
103750,24.8,0.0
104000,22.8,0.0
104250,26.0,0.0
104500,20.8,0.0
104750,19.6,0.0
105000,20.8,0.0
105250,22.8,0.0
105500,21.6,0.0
105750,23.200000000000003,0.0
106000,22.0,0.0
106250,20.0,0.0
106500,23.599999999999998,0.0
106750,20.4,0.0
107000,23.599999999999998,0.0
107250,20.4,0.0
107500,22.400000000000002,0.0
107750,21.6,0.0
108000,19.6,0.0
108250,21.6,0.0
108500,22.400000000000002,0.0
108750,23.599999999999998,0.0
109000,26.0,0.0
109250,22.8,0.0
109500,23.200000000000003,0.0
109750,20.8,0.0
110000,24.4,0.0
110250,21.6,0.0
110500,22.400000000000002,0.0
110750,24.4,0.0
111000,25.2,0.0
111250,20.0,0.0
111500,24.0,0.0
111750,22.400000000000002,0.0
112000,26.8,0.0
112250,20.4,0.0
112500,22.400000000000002,0.0
112750,21.6,0.0
113000,20.8,0.0
113250,21.2,0.0
113500,22.0,0.0
113750,20.8,0.0
114000,20.8,0.0
114250,24.8,0.0
114500,24.8,0.0
114750,22.400000000000002,0.0
115000,22.0,0.0
115250,21.6,0.0
115500,18.8,0.0
115750,21.6,0.0
116000,21.2,0.0
116250,22.8,0.0
116500,21.2,0.0
116750,22.0,0.0
117000,24.0,0.0
117250,26.8,0.0
117500,22.8,0.0
117750,19.6,0.0
118000,23.200000000000003,0.0
118250,24.0,0.0
118500,18.0,0.0
118750,23.200000000000003,0.0
119000,21.6,0.0
119250,23.599999999999998,0.0
119500,23.200000000000003,0.0
119750,22.8,0.0
120000,21.6,0.0
120250,24.0,0.0
120500,19.6,0.0
120750,23.599999999999998,0.0
121000,22.400000000000002,0.0
121250,25.6,0.0
121500,22.400000000000002,0.0
121750,20.0,0.0
122000,22.0,0.0
122250,21.6,0.0
122500,23.599999999999998,0.0
122750,21.6,0.0
123000,20.8,0.0
123250,24.4,0.0
123500,25.6,0.0
123750,22.400000000000002,0.0
124000,23.599999999999998,0.0
124250,23.200000000000003,0.0
124500,19.6,0.0
124750,22.0,0.0
125000,24.8,0.0
125250,24.4,0.0
125500,21.6,0.0
125750,19.6,0.0
126000,22.400000000000002,0.0
126250,28.000000000000004,0.0
126500,20.8,0.0
126750,22.8,0.0
127000,22.0,0.0
127250,20.0,0.0
127500,21.2,0.0
127750,22.0,0.0
128000,20.4,0.0
128250,23.200000000000003,0.0
128500,21.2,0.0
128750,20.4,0.0
129000,22.400000000000002,0.0
129250,25.2,0.0
129500,19.2,0.0
129750,22.8,0.0
130000,22.400000000000002,0.0
130250,24.8,0.0
130500,23.200000000000003,0.0
130750,24.4,0.0
131000,18.4,0.0
131250,21.6,0.0
131500,18.0,0.0
131750,20.8,0.0
132000,21.2,0.0
132250,22.0,0.0
132500,22.0,0.0
132750,19.6,0.0
133000,22.8,0.0
133250,20.8,0.0
133500,25.6,0.0
133750,20.4,0.0
134000,19.6,0.0
134250,22.8,0.0
134500,23.200000000000003,0.0
134750,20.0,0.0
135000,19.6,0.0
135250,20.8,0.0
135500,22.400000000000002,0.0
135750,22.8,0.0
136000,20.4,0.0
136250,22.400000000000002,0.0
136500,22.0,0.0
136750,26.400000000000002,0.0
137000,22.8,0.0
137250,20.4,0.0
137500,23.200000000000003,0.0
137750,23.200000000000003,0.0
138000,23.200000000000003,0.0
138250,25.6,0.0
138500,23.200000000000003,0.0
138750,27.6,0.0
139000,18.4,0.0
139250,23.599999999999998,0.0
139500,22.0,0.0
139750,22.0,0.0
140000,23.599999999999998,0.0
140250,24.4,0.0
140500,20.0,0.0
140750,23.200000000000003,0.0
141000,20.0,0.0
141250,24.8,0.0
141500,22.8,0.0
141750,22.8,0.0
142000,20.0,0.0
142250,22.400000000000002,0.0
142500,24.0,0.0
142750,23.200000000000003,0.0
143000,22.8,0.0
143250,23.599999999999998,0.0
143500,25.2,0.0
143750,24.8,0.0
144000,25.2,0.0
144250,23.200000000000003,0.0
144500,25.2,0.0
144750,19.6,0.0
145000,23.599999999999998,0.0
145250,27.200000000000003,0.0
145500,23.200000000000003,0.0
145750,23.599999999999998,0.0
146000,21.6,0.0
146250,22.400000000000002,0.0
146500,21.2,0.0
146750,18.8,0.0
147000,18.8,0.0
147250,24.0,0.0
147500,24.8,0.0
147750,24.4,0.0
148000,18.8,0.0
148250,24.4,0.0
148500,20.4,0.0
148750,22.0,0.0
149000,23.200000000000003,0.0
149250,20.0,0.0
149500,22.0,0.0
149750,20.8,0.0
150000,22.0,0.0
150250,21.2,0.0
150500,20.8,0.0
150750,21.6,0.0
151000,20.4,0.0
151250,19.2,0.0
151500,23.200000000000003,0.0
151750,19.6,0.0
152000,22.0,0.0
