200,0.026794876667553494,0.0007221314279198814
400,0.01786325111170233,0.0007601383451788225
600,0.012732317281745278,0.0012922351868039984
800,0.02352628178328456,0.004180760898483524
1000,0.028087111854357492,0.004902892326403405
1200,0.015696856827942685,0.008893618638592223
1400,0.0256926760670442,0.005663030671582228
1600,0.017711223442666565,0.0034206225533047014
1800,0.03245790733913572,0.0002660484208125879
2000,0.030139485386340314,0.0001520276690357645
2200,0.026034738322374674,0.0002660484208125879
2400,0.02056174223708715,3.8006917258941126e-05
2600,0.012960358785298925,7.601383451788225e-05
2800,0.008399528714225989,3.8006917258941126e-05
3000,0.0027364980426437613,0.0
