200,64.88540914446429,35.11459085553571
400,52.9398350499791,47.060164950020905
600,49.97909619550758,50.02090380449242
800,45.89335259017141,54.10664740982859
1000,43.149253164075866,56.850746835924134
1200,40.71681045950363,59.28318954049637
1400,46.13279616890274,53.86720383109726
1600,46.83212344646726,53.16787655353274
1800,30.762798829386952,69.23720117061305
2000,29.314735281821292,70.68526471817871
2200,28.083311162631595,71.9166888373684
2400,25.658469841511156,74.34153015848885
2600,23.883546805518606,76.1164531944814
2800,22.515297784196726,77.48470221580328
3000,21.888183649424196,78.11181635057581
