250,1.2
500,10.8
750,5.6000000000000005
1000,6.4
1250,11.600000000000001
1500,30.8
1750,40.400000000000006
2000,17.599999999999998
2250,34.0
2500,13.200000000000001
2750,3.2
3000,1.6
3250,6.4
3500,25.6
3750,50.4
4000,9.6
4250,48.0
4500,18.4
4750,38.4
5000,28.000000000000004
5250,38.4
5500,24.8
5750,32.0
6000,34.4
6250,28.799999999999997
6500,37.6
6750,29.599999999999998
7000,36.8
7250,24.4
7500,41.6
7750,13.200000000000001
8000,51.2
8250,14.799999999999999
8500,48.4
8750,18.0
9000,38.800000000000004
9250,15.2
9500,49.2
9750,17.2
10000,38.4
10250,21.2
10500,38.4
10750,28.000000000000004
11000,33.6
11250,32.800000000000004
11500,32.0
11750,34.4
12000,29.599999999999998
12250,36.8
12500,25.6
12750,40.8
13000,0.0
13250,0.0
13500,0.0
13750,0.0
14000,19.2
14250,47.199999999999996
14500,16.0
14750,48.0
15000,15.2
15250,51.2
15500,8.799999999999999
15750,44.800000000000004
16000,15.2
16250,44.800000000000004
16500,21.6
16750,38.800000000000004
17000,35.6
17250,28.000000000000004
17500,35.6
17750,21.6
18000,44.4
18250,19.6
18500,47.199999999999996
18750,16.0
19000,45.6
19250,24.8
19500,48.8
19750,11.600000000000001
20000,50.0
20250,16.400000000000002
20500,44.0
20750,22.400000000000002
21000,34.0
21250,32.4
21500,30.8
21750,35.6
22000,25.6
22250,40.8
22500,25.6
22750,40.8
23000,22.400000000000002
23250,44.0
23500,12.8
23750,51.2
24000,8.0
24250,51.2
24500,11.600000000000001
24750,45.2
25000,15.2
25250,44.800000000000004
25500,21.6
25750,32.800000000000004
26000,33.6
26250,32.0
26500,34.4
26750,26.400000000000002
27000,40.0
27250,22.8
27500,43.6
27750,19.2
28000,47.199999999999996
28250,16.8
28500,48.8
28750,13.600000000000001
29000,51.2
29250,8.799999999999999
29500,47.199999999999996
29750,12.8
30000,44.800000000000004
30250,20.8
30500,38.4
30750,25.6
31000,36.0
31250,30.4
31500,32.0
31750,34.4
32000,25.6
32250,40.8
32500,3.2
32750,46.400000000000006
33000,16.8
33250,39.2
33500,28.4
33750,32.4
34000,31.6
34250,29.599999999999998
34500,36.4
34750,25.6
35000,40.8
35250,19.2
35500,47.199999999999996
35750,17.2
36000,48.4
36250,13.600000000000001
36500,50.8
36750,9.2
37000,51.2
37250,10.0
37500,50.0
37750,15.2
38000,38.4
38250,28.000000000000004
38500,35.6
38750,27.6
39000,25.6
39250,33.6
39500,26.8
39750,0.0
40000,24.8
40250,32.4
40500,25.6
40750,45.6
41000,14.399999999999999
41250,50.0
41500,12.0
41750,49.2
42000,15.2
42250,47.599999999999994
42500,12.0
42750,41.199999999999996
43000,25.2
43250,32.0
43500,32.0
43750,30.4
44000,36.0
44250,25.6
44500,40.8
44750,23.599999999999998
45000,42.8
45250,12.8
45500,51.2
45750,15.2
46000,46.800000000000004
46250,6.800000000000001
46500,44.800000000000004
46750,18.4
47000,38.4
47250,26.400000000000002
47500,32.800000000000004
47750,33.6
48000,32.0
48250,34.4
48500,26.8
48750,39.6
49000,17.2
49250,46.800000000000004
49500,14.799999999999999
49750,45.2
50000,11.200000000000001
50250,48.8
50500,15.2
50750,51.2
51000,15.2
51250,44.800000000000004
51500,21.6
51750,38.800000000000004
52000,34.8
52250,27.6
52500,37.6
52750,13.200000000000001
53000,47.199999999999996
53250,15.2
53500,49.6
53750,10.4
54000,44.800000000000004
54250,15.2
54500,46.800000000000004
54750,19.6
55000,42.8
55250,23.599999999999998
55500,38.4
55750,28.000000000000004
56000,36.8
56250,29.599999999999998
56500,32.0
56750,34.4
57000,29.2
57250,37.2
57500,25.6
57750,40.8
58000,24.0
58250,42.4
58500,19.2
58750,45.6
59000,15.2
59250,48.4
59500,8.4
59750,48.8
60000,12.8
60250,50.8
60500,15.2
60750,44.800000000000004
61000,21.6
61250,32.0
61500,34.4
61750,32.0
62000,34.4
62250,25.6
62500,40.8
62750,19.2
63000,47.199999999999996
63250,14.000000000000002
63500,50.0
63750,13.600000000000001
64000,44.4
64250,10.4
64500,46.800000000000004
64750,19.2
65000,44.800000000000004
65250,21.6
65500,40.400000000000006
65750,26.0
66000,32.0
66250,34.4
66500,19.2
66750,45.6
67000,14.399999999999999
67250,48.4
67500,11.600000000000001
67750,44.800000000000004
68000,15.2
68250,38.800000000000004
68500,27.6
68750,34.8
69000,31.6
69250,32.0
69500,34.4
69750,22.0
70000,44.4
70250,18.8
70500,47.599999999999994
70750,13.600000000000001
71000,50.4
71250,12.4
71500,41.199999999999996
71750,15.2
72000,39.6
72250,26.8
72500,38.4
72750,28.000000000000004
73000,34.8
73250,31.6
73500,32.0
73750,34.4
74000,27.200000000000003
74250,39.2
74500,19.2
74750,44.800000000000004
75000,13.600000000000001
75250,46.400000000000006
75500,14.399999999999999
75750,48.8
76000,12.0
76250,51.2
76500,15.2
76750,46.800000000000004
77000,19.6
77250,44.800000000000004
77500,21.6
77750,38.4
78000,28.000000000000004
78250,29.599999999999998
78500,36.8
78750,22.0
79000,43.6
79250,14.799999999999999
79500,48.4
79750,8.4
80000,49.2
80250,11.600000000000001
80500,42.0
80750,21.2
81000,46.0
81250,0.0
81500,34.0
81750,9.6
82000,40.0
82250,26.400000000000002
82500,32.0
82750,34.4
83000,25.6
83250,40.8
83500,19.2
83750,46.800000000000004
84000,11.200000000000001
84250,46.400000000000006
84500,8.799999999999999
84750,35.6
85000,26.8
85250,26.0
85500,40.0
85750,24.4
86000,42.4
86250,12.8
86500,50.0
86750,5.6000000000000005
87000,45.6
87250,15.2
87500,50.8
87750,15.6
88000,23.599999999999998
88250,0.0
88500,0.0
88750,0.0
89000,14.799999999999999
89250,47.199999999999996
89500,12.8
89750,47.599999999999994
90000,12.4
90250,51.2
90500,15.2
90750,46.0
91000,20.4
91250,44.800000000000004
91500,21.6
91750,32.800000000000004
92000,34.8
92250,24.4
92500,48.0
92750,13.600000000000001
93000,47.599999999999994
93250,6.800000000000001
93500,50.8
93750,11.600000000000001
94000,48.4
94250,15.2
94500,51.2
94750,15.2
95000,44.800000000000004
95250,21.6
95500,32.0
95750,32.0
96000,25.6
96250,40.8
96500,19.2
96750,45.6
97000,12.8
97250,51.2
97500,15.2
97750,49.2
98000,12.4
98250,49.6
98500,15.2
98750,48.8
99000,11.200000000000001
99250,48.8
99500,17.599999999999998
99750,38.4
100000,28.000000000000004
100250,32.0
100500,34.4
