250,4.8
500,18.0
750,22.8
1000,12.8
1250,23.200000000000003
1500,36.0
1750,46.400000000000006
2000,25.2
2250,38.0
2500,14.000000000000002
2750,3.2
3000,1.6
3250,6.4
3500,25.6
3750,52.800000000000004
4000,20.0
4250,48.0
4500,32.0
4750,38.4
5000,38.4
5250,38.4
5500,38.4
5750,32.0
6000,45.2
6250,29.2
6500,48.0
6750,29.599999999999998
7000,47.199999999999996
7250,31.2
7500,48.8
7750,24.4
8000,51.2
8250,25.2
8500,48.8
8750,29.2
9000,45.6
9250,26.0
9500,49.2
9750,34.8
10000,38.4
10250,38.4
10500,38.4
10750,38.4
11000,33.6
11250,43.2
11500,32.0
11750,44.800000000000004
12000,29.599999999999998
12250,47.199999999999996
12500,25.6
12750,51.2
13000,0.0
13250,0.0
13500,0.0
13750,0.0
14000,19.2
14250,50.4
14500,23.200000000000003
14750,48.0
15000,25.6
15250,51.2
15500,19.2
15750,44.800000000000004
16000,25.6
16250,44.800000000000004
16500,32.0
16750,38.800000000000004
17000,46.800000000000004
17250,28.000000000000004
17500,49.6
17750,23.200000000000003
18000,48.8
18250,25.6
18500,51.2
18750,22.400000000000002
19000,45.6
19250,35.199999999999996
19500,48.8
19750,28.000000000000004
20000,50.0
20250,26.8
20500,44.0
20750,32.800000000000004
21000,34.0
21250,42.8
21500,30.8
21750,46.0
22000,25.6
22250,51.2
22500,25.6
22750,50.4
23000,23.200000000000003
23250,48.0
23500,19.2
23750,51.2
24000,19.2
24250,51.2
24500,25.2
24750,45.2
25000,25.6
25250,44.800000000000004
25500,32.0
25750,32.800000000000004
26000,44.0
26250,32.0
26500,44.800000000000004
26750,26.400000000000002
27000,50.4
27250,22.8
27500,47.599999999999994
27750,25.6
28000,51.2
28250,23.200000000000003
28500,48.8
28750,24.0
29000,51.2
29250,19.2
29500,47.199999999999996
29750,23.200000000000003
30000,48.0
30250,32.0
30500,38.4
30750,38.4
31000,36.0
31250,41.199999999999996
31500,32.0
31750,44.800000000000004
32000,25.6
32250,44.800000000000004
32500,9.6
32750,46.400000000000006
33000,27.6
33250,39.2
33500,39.2
33750,32.4
34000,44.800000000000004
34250,29.599999999999998
34500,47.199999999999996
34750,25.6
35000,51.2
35250,19.2
35500,51.2
35750,24.0
36000,48.4
36250,24.0
36500,50.8
36750,19.6
37000,51.2
37250,20.4
37500,50.0
37750,28.799999999999997
38000,38.4
38250,38.4
38500,35.6
38750,41.199999999999996
39000,26.0
39250,33.6
39500,30.0
39750,14.000000000000002
40000,24.8
40250,43.6
40500,25.6
40750,45.6
41000,24.8
41250,50.0
41500,22.400000000000002
41750,49.2
42000,25.6
42250,47.599999999999994
42500,22.8
42750,41.199999999999996
43000,35.6
43250,32.0
43500,44.800000000000004
43750,30.4
44000,46.800000000000004
44250,25.6
44500,51.2
44750,23.599999999999998
45000,46.400000000000006
45250,22.8
45500,51.2
45750,25.6
46000,46.800000000000004
46250,17.2
46500,44.800000000000004
46750,32.0
47000,38.4
47250,39.2
47500,32.800000000000004
47750,44.0
48000,32.0
48250,44.800000000000004
48500,26.8
48750,45.6
49000,22.8
49250,46.800000000000004
49500,25.2
49750,45.2
50000,21.6
50250,48.8
50500,26.0
50750,51.2
51000,25.6
51250,44.800000000000004
51500,32.4
51750,38.800000000000004
52000,45.6
52250,30.8
52500,46.0
52750,19.6
53000,50.8
53250,25.6
53500,50.0
53750,23.200000000000003
54000,44.800000000000004
54250,25.6
54500,46.800000000000004
54750,30.4
55000,43.2
55250,34.0
55500,38.4
55750,38.4
56000,37.6
56250,40.0
56500,32.0
56750,44.800000000000004
57000,29.2
57250,47.599999999999994
57500,25.6
57750,51.2
58000,24.0
58250,48.8
58500,23.200000000000003
58750,45.6
59000,25.6
59250,51.6
59500,20.8
59750,48.8
60000,23.200000000000003
60250,51.2
60500,25.6
60750,44.800000000000004
61000,32.0
61250,32.4
61500,44.800000000000004
61750,32.0
62000,44.800000000000004
62250,25.6
62500,54.400000000000006
62750,23.200000000000003
63000,48.4
63250,23.200000000000003
63500,50.0
63750,24.8
64000,44.4
64250,20.8
64500,46.800000000000004
64750,30.0
65000,44.800000000000004
65250,32.0
65500,40.400000000000006
65750,36.4
66000,32.0
66250,44.800000000000004
66500,19.6
66750,45.6
67000,24.8
67250,48.4
67500,22.0
67750,44.800000000000004
68000,26.0
68250,38.800000000000004
68500,38.4
68750,36.0
69000,48.4
69250,36.8
69500,44.800000000000004
69750,22.0
70000,48.4
70250,25.2
70500,48.4
70750,23.200000000000003
71000,50.4
71250,22.8
71500,41.199999999999996
71750,25.6
72000,39.6
72250,37.2
72500,38.4
72750,38.4
73000,34.8
73250,42.0
73500,32.0
73750,45.2
74000,27.200000000000003
74250,49.6
74500,19.2
74750,44.800000000000004
75000,24.0
75250,46.400000000000006
75500,24.8
75750,48.8
76000,22.400000000000002
76250,51.6
76500,25.6
76750,46.800000000000004
77000,30.0
77250,44.800000000000004
77500,32.0
77750,38.4
78000,38.4
78250,29.599999999999998
78500,46.0
78750,23.200000000000003
79000,49.6
79250,23.200000000000003
79500,49.2
79750,21.2
80000,49.2
80250,22.0
80500,42.4
80750,32.0
81000,46.800000000000004
81250,0.0
81500,43.6
81750,9.6
82000,40.0
82250,36.8
82500,32.0
82750,44.800000000000004
83000,25.6
83250,47.599999999999994
83500,24.0
83750,51.2
84000,17.599999999999998
84250,46.400000000000006
84500,19.2
84750,35.6
85000,44.4
85250,29.2
85500,50.8
85750,24.4
86000,47.199999999999996
86250,22.0
86500,50.8
86750,15.6
87000,45.6
87250,25.6
87500,50.8
87750,26.0
88000,24.0
88250,0.0
88500,0.8
88750,0.0
89000,14.799999999999999
89250,47.199999999999996
89500,23.200000000000003
89750,54.400000000000006
90000,22.8
90250,51.2
90500,26.0
90750,46.0
91000,30.8
91250,44.800000000000004
91500,32.0
91750,39.6
92000,46.0
92250,24.4
92500,49.2
92750,25.2
93000,48.8
93250,22.8
93500,50.8
93750,22.0
94000,48.4
94250,25.6
94500,51.2
94750,25.6
95000,44.800000000000004
95250,32.0
95500,32.0
95750,44.800000000000004
96000,25.6
96250,46.400000000000006
96500,25.6
96750,46.800000000000004
97000,23.599999999999998
97250,51.2
97500,25.6
97750,49.2
98000,22.8
98250,49.6
98500,25.6
98750,48.8
99000,21.6
99250,48.8
99500,28.000000000000004
99750,38.4
100000,38.800000000000004
100250,32.0
100500,45.2
