250,4.8
500,18.0
750,22.8
1000,12.8
1250,23.599999999999998
1500,36.0
1750,46.400000000000006
2000,28.799999999999997
2250,45.2
2500,14.000000000000002
2750,3.2
3000,40.0
3250,44.800000000000004
3500,38.4
3750,52.800000000000004
4000,33.2
4250,48.0
4500,44.800000000000004
4750,41.6
5000,51.2
5250,38.4
5500,47.199999999999996
5750,36.0
6000,51.6
6250,35.6
6500,48.4
6750,42.4
7000,47.199999999999996
7250,44.0
7500,48.8
7750,37.2
8000,52.0
8250,38.0
8500,48.8
8750,42.4
9000,52.0
9250,38.800000000000004
9500,49.2
9750,48.0
10000,38.4
10250,51.2
10500,38.4
10750,48.8
11000,36.0
11250,55.2
11500,32.800000000000004
11750,51.2
12000,36.0
12250,48.8
12500,36.8
12750,51.2
13000,12.8
13250,0.0
13500,25.6
13750,44.800000000000004
14000,38.4
14250,50.4
14500,36.0
14750,48.0
15000,38.4
15250,51.2
15500,32.0
15750,44.800000000000004
16000,38.4
16250,47.199999999999996
16500,44.800000000000004
16750,44.800000000000004
17000,53.2
17250,41.6
17500,52.0
17750,36.0
18000,48.8
18250,38.4
18500,51.2
18750,35.199999999999996
19000,51.6
19250,48.0
19500,49.2
19750,40.8
20000,50.0
20250,39.6
20500,44.0
20750,46.0
21000,34.0
21250,49.2
21500,37.2
21750,48.4
22000,36.0
22250,51.2
22500,38.4
22750,50.4
23000,36.0
23250,51.6
23500,35.199999999999996
23750,54.400000000000006
24000,32.0
24250,51.2
24500,38.0
24750,46.0
25000,38.800000000000004
25250,44.800000000000004
25500,51.6
25750,39.6
26000,50.8
26250,38.800000000000004
26500,50.4
26750,34.4
27000,50.4
27250,35.6
27500,48.4
27750,38.4
28000,51.2
28250,36.0
28500,48.8
28750,36.8
29000,51.2
29250,32.0
29500,48.0
29750,38.4
30000,48.0
30250,48.0
30500,38.4
30750,51.2
31000,36.0
31250,48.8
31500,37.2
31750,51.6
32000,38.4
32250,45.2
32500,30.0
32750,47.599999999999994
33000,40.400000000000006
33250,41.199999999999996
33500,51.2
33750,34.8
34000,52.0
34250,36.8
34500,48.8
34750,37.6
35000,51.2
35250,32.4
35500,51.6
35750,36.8
36000,48.8
36250,36.8
36500,50.8
36750,32.4
37000,51.2
37250,33.2
37500,50.0
37750,41.6
38000,41.6
38250,50.8
38500,36.0
38750,47.599999999999994
39000,32.4
39250,37.2
39500,30.4
39750,50.8
40000,37.6
40250,46.400000000000006
40500,38.4
40750,46.0
41000,38.0
41250,50.0
41500,36.0
41750,49.2
42000,39.2
42250,47.599999999999994
42500,35.6
42750,41.199999999999996
43000,49.6
43250,34.4
43500,52.400000000000006
43750,36.8
44000,48.8
44250,36.8
44500,51.6
44750,37.2
45000,49.2
45250,35.6
45500,51.2
45750,38.4
46000,47.199999999999996
46250,34.0
46500,44.800000000000004
46750,46.400000000000006
47000,38.4
47250,50.0
47500,38.0
47750,50.4
48000,38.800000000000004
48250,48.4
48500,36.0
48750,52.400000000000006
49000,36.8
49250,47.599999999999994
49500,38.0
49750,45.2
50000,34.8
50250,49.2
50500,42.8
50750,51.2
51000,38.4
51250,44.800000000000004
51500,45.2
51750,43.6
52000,58.8
52250,39.2
52500,49.6
52750,34.4
53000,50.8
53250,38.4
53500,51.6
53750,36.4
54000,51.6
54250,38.800000000000004
54500,47.599999999999994
54750,44.0
55000,43.6
55250,46.800000000000004
55500,38.4
55750,51.2
56000,37.6
56250,48.8
56500,36.0
56750,51.2
57000,38.0
57250,48.8
57500,38.0
57750,51.2
58000,37.6
58250,48.8
58500,39.2
58750,48.4
59000,38.4
59250,51.6
59500,36.8
59750,48.8
60000,36.0
60250,51.2
60500,38.4
60750,44.800000000000004
61000,51.6
61250,38.800000000000004
61500,51.2
61750,38.4
62000,48.8
62250,34.8
62500,54.400000000000006
62750,42.4
63000,50.4
63250,38.4
63500,51.6
63750,38.800000000000004
64000,45.2
64250,33.6
64500,46.800000000000004
64750,42.8
65000,44.800000000000004
65250,46.0
65500,40.400000000000006
65750,49.2
66000,32.0
66250,44.800000000000004
66500,39.2
66750,46.800000000000004
67000,37.6
67250,48.4
67500,38.0
67750,44.800000000000004
68000,45.2
68250,45.2
68500,49.6
68750,47.199999999999996
69000,48.4
69250,38.4
69500,47.199999999999996
69750,35.199999999999996
70000,48.4
70250,38.0
70500,48.4
70750,36.8
71000,50.4
71250,36.4
71500,49.2
71750,45.2
72000,39.6
72250,50.0
72500,38.4
72750,50.0
73000,36.0
73250,48.8
73500,38.0
73750,53.2
74000,34.4
74250,49.6
74500,32.0
74750,44.800000000000004
75000,37.6
75250,46.400000000000006
75500,37.6
75750,48.8
76000,35.6
76250,51.6
76500,38.4
76750,46.800000000000004
77000,42.8
77250,45.2
77500,44.800000000000004
77750,38.4
78000,46.0
78250,34.8
78500,50.0
78750,36.0
79000,49.6
79250,36.0
79500,49.6
79750,40.8
80000,50.0
80250,35.199999999999996
80500,49.2
80750,42.4
81000,48.0
81250,18.4
81500,45.6
81750,45.2
82000,40.0
82250,54.0
82500,41.199999999999996
82750,49.6
83000,38.4
83250,50.4
83500,36.8
83750,52.400000000000006
84000,33.2
84250,48.4
84500,37.2
84750,36.0
85000,50.8
85250,35.6
85500,50.8
85750,37.2
86000,50.8
86250,34.8
86500,50.8
86750,41.6
87000,48.0
87250,38.4
87500,50.8
87750,38.800000000000004
88000,24.0
88250,0.8
88500,18.8
88750,48.8
89000,37.2
89250,54.0
89500,36.0
89750,54.400000000000006
90000,36.0
90250,51.6
90500,57.199999999999996
90750,46.400000000000006
91000,43.6
91250,52.400000000000006
91500,51.2
91750,40.0
92000,52.800000000000004
92250,44.800000000000004
92500,50.8
92750,55.2
93000,48.8
93250,35.6
93500,50.8
93750,34.8
94000,48.8
94250,38.4
94500,51.2
94750,38.4
95000,47.199999999999996
95250,44.800000000000004
95500,39.6
95750,48.0
96000,36.4
96250,46.400000000000006
96500,38.4
96750,47.599999999999994
97000,36.4
97250,51.2
97500,38.4
97750,49.2
98000,36.0
98250,49.6
98500,38.4
98750,48.8
99000,35.199999999999996
99250,48.8
99500,43.6
99750,41.199999999999996
100000,52.800000000000004
100250,38.800000000000004
100500,51.6
