100,87.7770596131855,12.222940386814498
200,70.17849152289564,29.82150847710436
400,65.26525132998559,34.73474867001442
600,65.12902103117388,34.87097896882613
800,64.96494804355392,35.035051956446075
1000,64.92417839208471,35.07582160791528
1200,64.86650425098195,35.133495749018046
1400,64.70143688161886,35.298563118381146
1800,64.51847064087903,35.48152935912097
2200,64.30467856610153,35.69532143389848
2600,64.15949883160145,35.840501168398546
3000,64.1157460349028,35.8842539650972
3400,64.04514493113906,35.95485506886094
3800,63.967583155173266,36.032416844826734
4200,63.91985283150201,36.08014716849799

