250,0.0
500,10.8
750,5.6000000000000005
1000,2.8000000000000003
1250,10.8
1500,14.399999999999999
1750,20.8
2000,9.6
2250,6.800000000000001
2500,12.8
2750,3.2
3000,1.6
3250,6.4
3500,12.0
3750,20.8
4000,2.4
4250,22.400000000000002
4500,0.8
4750,20.0
5000,0.0
5250,20.0
5500,0.0
5750,10.4
6000,0.0
6250,10.4
6500,0.0
6750,10.4
7000,0.0
7250,10.4
7500,0.0
7750,10.4
8000,0.0
8250,10.4
8500,0.0
8750,10.4
9000,0.0
9250,0.0
9500,10.4
9750,0.0
10000,10.4
10250,0.0
10500,10.4
10750,0.0
11000,10.4
11250,0.0
11500,10.4
11750,0.0
12000,10.4
12250,0.0
12500,10.4
12750,0.0
13000,0.0
13250,0.0
13500,0.0
13750,0.0
14000,10.4
14250,0.0
14500,10.4
14750,0.0
15000,10.4
15250,0.0
15500,6.4
15750,4.0
16000,0.0
16250,10.4
16500,0.0
16750,10.8
17000,7.6
17250,12.8
17500,0.0
17750,4.3999999999999995
18000,5.6000000000000005
18250,4.8
18500,6.0
18750,6.4
19000,6.4
19250,16.0
19500,8.799999999999999
19750,0.0
20000,4.3999999999999995
20250,6.0
20500,6.4
20750,4.0
21000,6.4
21250,4.0
21500,10.4
21750,0.0
22000,10.4
22250,0.0
22500,10.4
22750,0.0
23000,10.4
23250,0.0
23500,10.4
23750,0.0
24000,6.4
24250,4.0
24500,6.0
24750,4.3999999999999995
25000,0.0
25250,10.4
25500,0.0
25750,10.4
26000,0.0
26250,10.4
26500,0.0
26750,10.4
27000,0.0
27250,10.4
27500,0.0
27750,10.4
28000,0.0
28250,10.4
28500,0.0
28750,10.4
29000,0.0
29250,6.4
29500,4.0
29750,0.0
30000,10.4
30250,0.0
30500,10.4
30750,0.0
31000,7.199999999999999
31250,3.2
31500,7.199999999999999
31750,3.2
32000,7.199999999999999
32250,3.2
32500,3.2
32750,7.199999999999999
33000,0.0
33250,11.200000000000001
33500,0.4
33750,10.0
34000,0.0
34250,9.6
34500,0.4
34750,10.0
35000,0.4
35250,10.0
35500,0.4
35750,10.0
36000,0.4
36250,10.0
36500,0.4
36750,6.4
37000,4.0
37250,1.2
37500,9.2
37750,0.0
38000,10.4
38250,0.0
38500,7.199999999999999
38750,0.0
39000,10.4
39250,0.0
39500,0.0
39750,0.0
40000,6.800000000000001
40250,3.5999999999999996
40500,6.800000000000001
40750,3.5999999999999996
41000,6.800000000000001
41250,3.5999999999999996
41500,8.4
41750,2.0
42000,6.4
42250,4.0
42500,0.0
42750,10.4
43000,0.0
43250,10.4
43500,0.0
43750,6.800000000000001
44000,3.5999999999999996
44250,6.800000000000001
44500,3.5999999999999996
44750,9.2
45000,1.2
45250,9.2
45500,1.2
45750,10.4
46000,0.0
46250,0.0
46500,10.4
46750,0.0
47000,7.199999999999999
47250,3.2
47500,8.0
47750,2.4
48000,10.4
48250,0.0
48500,10.4
48750,0.0
49000,10.4
49250,0.0
49500,10.4
49750,0.0
50000,2.4
50250,8.0
50500,0.0
50750,10.4
51000,0.0
51250,10.4
51500,0.0
51750,10.8
52000,6.800000000000001
52250,13.600000000000001
52500,0.0
52750,4.3999999999999995
53000,2.8000000000000003
53250,4.3999999999999995
53500,6.0
53750,4.3999999999999995
54000,6.0
54250,0.0
54500,10.4
54750,0.0
55000,10.4
55250,0.0
55500,10.4
55750,0.0
56000,10.4
56250,0.0
56500,10.4
56750,0.0
57000,10.4
57250,0.0
57500,10.4
57750,0.0
58000,10.4
58250,0.0
58500,10.4
58750,0.8
59000,10.4
59250,0.0
59500,5.2
59750,5.2
60000,0.4
60250,6.800000000000001
60500,3.2
60750,7.199999999999999
61000,3.2
61250,7.199999999999999
61500,3.2
61750,10.4
62000,0.0
62250,10.4
62500,0.0
62750,10.4
63000,0.0
63250,10.0
63500,0.0
63750,10.4
64000,0.0
64250,0.0
64500,10.4
64750,0.0
65000,10.4
65250,0.0
65500,10.4
65750,0.0
66000,10.4
66250,0.0
66500,10.4
66750,0.0
67000,10.4
67250,0.0
67500,6.4
67750,4.0
68000,0.0
68250,10.4
68500,0.0
68750,10.4
69000,0.0
69250,10.4
69500,0.0
69750,10.4
70000,0.0
70250,10.4
70500,0.0
70750,10.4
71000,0.0
71250,10.0
71500,0.4
71750,0.0
72000,10.4
72250,0.0
72500,10.4
72750,0.0
73000,10.4
73250,0.0
73500,10.4
73750,0.0
74000,10.4
74250,0.0
74500,10.4
74750,0.0
75000,10.4
75250,0.0
75500,5.6000000000000005
75750,4.8
76000,0.0
76250,10.4
76500,0.0
76750,10.4
77000,0.0
77250,10.4
77500,0.0
77750,10.4
78000,0.0
78250,10.4
78500,0.0
78750,10.4
79000,0.0
79250,9.6
79500,0.0
79750,8.4
80000,2.0
80250,2.8000000000000003
80500,7.6
80750,0.0
81000,0.4
81250,0.0
81500,10.4
81750,0.0
82000,10.4
82250,0.0
82500,10.4
82750,0.0
83000,10.4
83250,0.0
83500,10.4
83750,0.0
84000,10.0
84250,0.0
84500,0.0
84750,10.0
85000,0.0
85250,7.199999999999999
85500,2.8000000000000003
85750,4.8
86000,6.0
86250,6.800000000000001
86500,0.0
86750,5.6000000000000005
87000,4.8
87250,0.0
87500,10.4
87750,0.0
88000,10.4
88250,0.0
88500,0.0
88750,0.0
89000,10.4
89250,0.0
89500,8.4
89750,4.0
90000,0.0
90250,10.4
90500,0.0
90750,10.4
91000,0.0
91250,10.4
91500,0.0
91750,10.4
92000,1.2
92250,15.6
92500,2.0
92750,6.0
93000,0.8
93250,6.800000000000001
93500,3.5999999999999996
93750,2.8000000000000003
94000,7.6
94250,0.0
94500,10.4
94750,0.0
95000,10.4
95250,0.0
95500,10.4
95750,0.0
96000,10.4
96250,0.0
96500,10.4
96750,0.0
97000,10.4
97250,0.0
97500,10.4
97750,0.0
98000,8.0
98250,2.4
98500,6.4
98750,4.0
99000,0.0
99250,10.4
99500,0.0
99750,10.4
100000,0.0
100250,10.4
100500,0.0
