250,0.4
500,10.8
750,5.6000000000000005
1000,6.4
1250,11.600000000000001
1500,21.2
1750,30.8
2000,17.2
2250,32.4
2500,12.8
2750,3.2
3000,1.6
3250,6.4
3500,19.2
3750,20.8
4000,9.6
4250,22.400000000000002
4500,8.0
4750,22.400000000000002
5000,4.8
5250,27.200000000000003
5500,0.0
5750,26.400000000000002
6000,0.0
6250,26.400000000000002
6500,0.0
6750,26.400000000000002
7000,0.0
7250,24.4
7500,2.0
7750,12.8
8000,13.600000000000001
8250,12.4
8500,14.000000000000002
8750,12.4
9000,14.000000000000002
9250,0.0
9500,26.400000000000002
9750,0.0
10000,26.400000000000002
10250,0.0
10500,26.400000000000002
10750,0.0
11000,26.400000000000002
11250,0.0
11500,26.400000000000002
11750,0.0
12000,26.400000000000002
12250,0.0
12500,25.6
12750,0.8
13000,0.0
13250,0.0
13500,0.0
13750,0.0
14000,19.2
14250,7.199999999999999
14500,16.0
14750,10.4
15000,12.8
15250,13.600000000000001
15500,6.4
15750,20.0
16000,0.0
16250,26.400000000000002
16500,0.0
16750,26.8
17000,7.6
17250,27.6
17500,0.0
17750,20.4
18000,5.6000000000000005
18250,19.6
18500,7.199999999999999
18750,16.0
19000,12.8
19250,16.0
19500,24.8
19750,0.0
20000,20.4
20250,6.0
20500,22.400000000000002
20750,4.0
21000,22.400000000000002
21250,4.0
21500,26.400000000000002
21750,0.0
22000,25.6
22250,0.8
22500,25.6
22750,0.8
23000,22.400000000000002
23250,4.0
23500,12.8
23750,12.8
24000,6.4
24250,19.2
24500,6.0
24750,20.4
25000,0.0
25250,26.400000000000002
25500,0.0
25750,26.400000000000002
26000,0.0
26250,26.400000000000002
26500,0.0
26750,26.400000000000002
27000,0.0
27250,22.8
27500,3.5999999999999996
27750,19.2
28000,7.199999999999999
28250,16.8
28500,9.6
28750,12.8
29000,13.600000000000001
29250,6.4
29500,20.0
29750,0.0
30000,26.400000000000002
30250,0.0
30500,26.400000000000002
30750,0.0
31000,23.200000000000003
31250,3.2
31500,23.200000000000003
31750,3.2
32000,23.200000000000003
32250,3.2
32500,3.2
32750,23.200000000000003
33000,0.0
33250,27.200000000000003
33500,0.4
33750,25.2
34000,0.0
34250,25.6
34500,0.4
34750,25.6
35000,0.8
35250,19.2
35500,7.199999999999999
35750,17.2
36000,9.2
36250,12.8
36500,13.600000000000001
36750,6.4
37000,20.0
37250,1.2
37500,25.2
37750,0.0
38000,26.400000000000002
38250,0.0
38500,23.200000000000003
38750,0.0
39000,25.6
39250,0.8
39500,0.0
39750,0.0
40000,6.800000000000001
40250,19.6
40500,6.800000000000001
40750,19.6
41000,6.800000000000001
41250,19.6
41500,8.4
41750,18.0
42000,6.4
42250,20.0
42500,0.0
42750,26.400000000000002
43000,0.0
43250,26.400000000000002
43500,0.0
43750,22.8
44000,3.5999999999999996
44250,22.8
44500,3.5999999999999996
44750,23.599999999999998
45000,2.8000000000000003
45250,12.8
45500,13.600000000000001
45750,12.8
46000,13.600000000000001
46250,0.0
46500,26.400000000000002
46750,0.0
47000,23.200000000000003
47250,3.2
47500,24.0
47750,2.4
48000,26.400000000000002
48250,0.0
48500,26.400000000000002
48750,0.0
49000,17.2
49250,9.2
49500,12.4
49750,14.000000000000002
50000,2.4
50250,24.0
50500,0.0
50750,26.400000000000002
51000,0.0
51250,26.400000000000002
51500,0.0
51750,26.8
52000,6.800000000000001
52250,27.6
52500,1.2
52750,13.200000000000001
53000,10.0
53250,12.8
53500,13.600000000000001
53750,6.4
54000,20.0
54250,0.0
54500,26.400000000000002
54750,0.0
55000,26.400000000000002
55250,0.0
55500,26.400000000000002
55750,0.0
56000,26.400000000000002
56250,0.0
56500,26.400000000000002
56750,0.0
57000,26.400000000000002
57250,0.0
57500,25.6
57750,0.8
58000,24.0
58250,2.4
58500,19.2
58750,8.0
59000,12.8
59250,12.8
59500,5.2
59750,21.2
60000,0.4
60250,22.8
60500,3.2
60750,23.200000000000003
61000,3.2
61250,23.200000000000003
61500,3.2
61750,26.400000000000002
62000,0.0
62250,25.6
62500,0.8
62750,19.2
63000,7.199999999999999
63250,14.000000000000002
63500,12.0
63750,11.600000000000001
64000,14.799999999999999
64250,0.0
64500,26.400000000000002
64750,0.0
65000,26.400000000000002
65250,0.0
65500,26.400000000000002
65750,0.0
66000,26.400000000000002
66250,0.0
66500,19.2
66750,7.199999999999999
67000,12.8
67250,13.600000000000001
67500,6.4
67750,20.0
68000,0.0
68250,26.400000000000002
68500,0.0
68750,26.400000000000002
69000,0.0
69250,26.400000000000002
69500,0.0
69750,22.0
70000,4.3999999999999995
70250,18.8
70500,7.6
70750,13.600000000000001
71000,12.8
71250,10.0
71500,16.400000000000002
71750,0.0
72000,26.400000000000002
72250,0.0
72500,26.400000000000002
72750,0.0
73000,26.400000000000002
73250,0.0
73500,26.400000000000002
73750,0.0
74000,26.400000000000002
74250,0.0
74500,19.2
74750,7.199999999999999
75000,11.200000000000001
75250,15.2
75500,5.6000000000000005
75750,20.8
76000,0.0
76250,26.400000000000002
76500,0.0
76750,26.400000000000002
77000,0.0
77250,26.400000000000002
77500,0.0
77750,26.400000000000002
78000,0.0
78250,26.400000000000002
78500,0.0
78750,22.0
79000,4.3999999999999995
79250,14.799999999999999
79500,8.4
79750,8.4
80000,18.0
80250,2.8000000000000003
80500,23.599999999999998
80750,0.0
81000,6.0
81250,0.0
81500,26.400000000000002
81750,0.0
82000,26.400000000000002
82250,0.0
82500,26.400000000000002
82750,0.0
83000,25.6
83250,0.8
83500,19.2
83750,7.199999999999999
84000,11.200000000000001
84250,15.2
84500,0.0
84750,25.6
85000,0.0
85250,23.200000000000003
85500,2.8000000000000003
85750,20.8
86000,6.0
86250,12.8
86500,10.0
86750,5.6000000000000005
87000,20.8
87250,0.0
87500,26.400000000000002
87750,0.0
88000,23.599999999999998
88250,0.0
88500,0.0
88750,0.0
89000,14.799999999999999
89250,11.600000000000001
89500,8.4
89750,20.0
90000,0.0
90250,26.400000000000002
90500,0.0
90750,26.400000000000002
91000,0.0
91250,26.400000000000002
91500,0.0
91750,26.400000000000002
92000,1.2
92250,24.4
92500,9.2
92750,13.600000000000001
93000,9.2
93250,6.800000000000001
93500,19.6
93750,2.8000000000000003
94000,23.599999999999998
94250,0.0
94500,26.400000000000002
94750,0.0
95000,26.400000000000002
95250,0.0
95500,25.6
95750,0.0
96000,25.6
96250,0.8
96500,19.2
96750,7.199999999999999
97000,12.8
97250,13.600000000000001
97500,12.8
97750,13.600000000000001
98000,8.0
98250,18.4
98500,6.4
98750,20.0
99000,0.0
99250,26.400000000000002
99500,0.0
99750,26.400000000000002
100000,0.0
100250,26.400000000000002
100500,0.0
