250,0.4,0.0
500,10.8,0.0
750,5.6000000000000005,0.0
1000,6.4,0.0
1250,11.600000000000001,0.0
1500,21.2,0.0
1750,30.8,0.0
2000,17.2,0.0
2250,32.4,0.0
2500,12.8,0.0
2750,3.2,0.0
3000,1.6,0.0
3250,6.4,0.0
3500,19.2,0.0
3750,20.8,0.0
4000,9.6,0.0
4250,22.400000000000002,0.0
4500,8.0,0.0
4750,22.400000000000002,0.0
5000,4.8,0.0
5250,27.200000000000003,0.0
5500,0.0,0.0
5750,26.400000000000002,0.0
6000,0.0,0.0
6250,26.400000000000002,0.0
6500,0.0,0.0
6750,26.400000000000002,0.0
7000,0.0,0.0
7250,24.4,0.0
7500,2.0,0.0
7750,12.8,0.0
8000,13.600000000000001,0.0
8250,12.4,0.0
8500,14.000000000000002,0.0
8750,12.4,0.0
9000,14.000000000000002,0.0
9250,0.0,0.0
9500,26.400000000000002,0.0
9750,0.0,0.0
10000,26.400000000000002,0.0
10250,0.0,0.0
10500,26.400000000000002,0.0
10750,0.0,0.0
11000,26.400000000000002,0.0
11250,0.0,0.0
11500,26.400000000000002,0.0
11750,0.0,0.0
12000,26.400000000000002,0.0
12250,0.0,0.0
12500,25.6,0.0
12750,0.8,0.0
13000,0.0,0.0
13250,0.0,0.0
13500,0.0,0.0
13750,0.0,0.0
14000,19.2,0.0
14250,7.199999999999999,0.0
14500,16.0,0.0
14750,10.4,0.0
15000,12.8,0.0
15250,13.600000000000001,0.0
15500,6.4,0.0
15750,20.0,0.0
16000,0.0,0.0
16250,26.400000000000002,0.0
16500,0.0,0.0
16750,26.8,0.0
17000,7.6,0.0
17250,27.6,0.0
17500,0.0,0.0
17750,20.4,0.0
18000,5.6000000000000005,0.0
18250,19.6,0.0
18500,7.199999999999999,0.0
18750,16.0,0.0
19000,12.8,0.0
19250,16.0,0.0
19500,24.8,0.0
19750,0.0,0.0
20000,20.4,0.0
20250,6.0,0.0
20500,22.400000000000002,0.0
20750,4.0,0.0
21000,22.400000000000002,0.0
21250,4.0,0.0
21500,26.400000000000002,0.0
21750,0.0,0.0
22000,25.6,0.0
22250,0.8,0.0
22500,25.6,0.0
22750,0.8,0.0
23000,22.400000000000002,0.0
23250,4.0,0.0
23500,12.8,0.0
23750,12.8,0.0
24000,6.4,0.0
24250,19.2,0.0
24500,6.0,0.0
24750,20.4,0.0
25000,0.0,0.0
25250,26.400000000000002,0.0
25500,0.0,0.0
25750,26.400000000000002,0.0
26000,0.0,0.0
26250,26.400000000000002,0.0
26500,0.0,0.0
26750,26.400000000000002,0.0
27000,0.0,0.0
27250,22.8,0.0
27500,3.5999999999999996,0.0
27750,19.2,0.0
28000,7.199999999999999,0.0
28250,16.8,0.0
28500,9.6,0.0
28750,12.8,0.0
29000,13.600000000000001,0.0
29250,6.4,0.0
29500,20.0,0.0
29750,0.0,0.0
30000,26.400000000000002,0.0
30250,0.0,0.0
30500,26.400000000000002,0.0
30750,0.0,0.0
31000,23.200000000000003,0.0
31250,3.2,0.0
31500,23.200000000000003,0.0
31750,3.2,0.0
32000,23.200000000000003,0.0
32250,3.2,0.0
32500,3.2,0.0
32750,23.200000000000003,0.0
33000,0.0,0.0
33250,27.200000000000003,0.0
33500,0.4,0.0
33750,25.2,0.0
34000,0.0,0.0
34250,25.6,0.0
34500,0.4,0.0
34750,25.6,0.0
35000,0.8,0.0
35250,19.2,0.0
35500,7.199999999999999,0.0
35750,17.2,0.0
36000,9.2,0.0
36250,12.8,0.0
36500,13.600000000000001,0.0
36750,6.4,0.0
37000,20.0,0.0
37250,1.2,0.0
37500,25.2,0.0
37750,0.0,0.0
38000,26.400000000000002,0.0
38250,0.0,0.0
38500,23.200000000000003,0.0
38750,0.0,0.0
39000,25.6,0.0
39250,0.8,0.0
39500,0.0,0.0
39750,0.0,0.0
40000,6.800000000000001,0.0
40250,19.6,0.0
40500,6.800000000000001,0.0
40750,19.6,0.0
41000,6.800000000000001,0.0
41250,19.6,0.0
41500,8.4,0.0
41750,18.0,0.0
42000,6.4,0.0
42250,20.0,0.0
42500,0.0,0.0
42750,26.400000000000002,0.0
43000,0.0,0.0
43250,26.400000000000002,0.0
43500,0.0,0.0
43750,22.8,0.0
44000,3.5999999999999996,0.0
44250,22.8,0.0
44500,3.5999999999999996,0.0
44750,23.599999999999998,0.0
45000,2.8000000000000003,0.0
45250,12.8,0.0
45500,13.600000000000001,0.0
45750,12.8,0.0
46000,13.600000000000001,0.0
46250,0.0,0.0
46500,26.400000000000002,0.0
46750,0.0,0.0
47000,23.200000000000003,0.0
47250,3.2,0.0
47500,24.0,0.0
47750,2.4,0.0
48000,26.400000000000002,0.0
48250,0.0,0.0
48500,26.400000000000002,0.0
48750,0.0,0.0
49000,17.2,0.0
49250,9.2,0.0
49500,12.4,0.0
49750,14.000000000000002,0.0
50000,2.4,0.0
50250,24.0,0.0
50500,0.0,0.0
50750,26.400000000000002,0.0
51000,0.0,0.0
51250,26.400000000000002,0.0
51500,0.0,0.0
51750,26.8,0.0
52000,6.800000000000001,0.0
52250,27.6,0.0
52500,1.2,0.0
52750,13.200000000000001,0.0
53000,10.0,0.0
53250,12.8,0.0
53500,13.600000000000001,0.0
53750,6.4,0.0
54000,20.0,0.0
54250,0.0,0.0
54500,26.400000000000002,0.0
54750,0.0,0.0
55000,26.400000000000002,0.0
55250,0.0,0.0
55500,26.400000000000002,0.0
55750,0.0,0.0
56000,26.400000000000002,0.0
56250,0.0,0.0
56500,26.400000000000002,0.0
56750,0.0,0.0
57000,26.400000000000002,0.0
57250,0.0,0.0
57500,25.6,0.0
57750,0.8,0.0
58000,24.0,0.0
58250,2.4,0.0
58500,19.2,0.0
58750,8.0,0.0
59000,12.8,0.0
59250,12.8,0.0
59500,5.2,0.0
59750,21.2,0.0
60000,0.4,0.0
60250,22.8,0.0
60500,3.2,0.0
60750,23.200000000000003,0.0
61000,3.2,0.0
61250,23.200000000000003,0.0
61500,3.2,0.0
61750,26.400000000000002,0.0
62000,0.0,0.0
62250,25.6,0.0
62500,0.8,0.0
62750,19.2,0.0
63000,7.199999999999999,0.0
63250,14.000000000000002,0.0
63500,12.0,0.0
63750,11.600000000000001,0.0
64000,14.799999999999999,0.0
64250,0.0,0.0
64500,26.400000000000002,0.0
64750,0.0,0.0
65000,26.400000000000002,0.0
65250,0.0,0.0
65500,26.400000000000002,0.0
65750,0.0,0.0
66000,26.400000000000002,0.0
66250,0.0,0.0
66500,19.2,0.0
66750,7.199999999999999,0.0
67000,12.8,0.0
67250,13.600000000000001,0.0
67500,6.4,0.0
67750,20.0,0.0
68000,0.0,0.0
68250,26.400000000000002,0.0
68500,0.0,0.0
68750,26.400000000000002,0.0
69000,0.0,0.0
69250,26.400000000000002,0.0
69500,0.0,0.0
69750,22.0,0.0
70000,4.3999999999999995,0.0
70250,18.8,0.0
70500,7.6,0.0
70750,13.600000000000001,0.0
71000,12.8,0.0
71250,10.0,0.0
71500,16.400000000000002,0.0
71750,0.0,0.0
72000,26.400000000000002,0.0
72250,0.0,0.0
72500,26.400000000000002,0.0
72750,0.0,0.0
73000,26.400000000000002,0.0
73250,0.0,0.0
73500,26.400000000000002,0.0
73750,0.0,0.0
74000,26.400000000000002,0.0
74250,0.0,0.0
74500,19.2,0.0
74750,7.199999999999999,0.0
75000,11.200000000000001,0.0
75250,15.2,0.0
75500,5.6000000000000005,0.0
75750,20.8,0.0
76000,0.0,0.0
76250,26.400000000000002,0.0
76500,0.0,0.0
76750,26.400000000000002,0.0
77000,0.0,0.0
77250,26.400000000000002,0.0
77500,0.0,0.0
77750,26.400000000000002,0.0
78000,0.0,0.0
78250,26.400000000000002,0.0
78500,0.0,0.0
78750,22.0,0.0
79000,4.3999999999999995,0.0
79250,14.799999999999999,0.0
79500,8.4,0.0
79750,8.4,0.0
80000,18.0,0.0
80250,2.8000000000000003,0.0
80500,23.599999999999998,0.0
80750,0.0,0.0
81000,6.0,0.0
81250,0.0,0.0
81500,26.400000000000002,0.0
81750,0.0,0.0
82000,26.400000000000002,0.0
82250,0.0,0.0
82500,26.400000000000002,0.0
82750,0.0,0.0
83000,25.6,0.0
83250,0.8,0.0
83500,19.2,0.0
83750,7.199999999999999,0.0
84000,11.200000000000001,0.0
84250,15.2,0.0
84500,0.0,0.0
84750,25.6,0.0
85000,0.0,0.0
85250,23.200000000000003,0.0
85500,2.8000000000000003,0.0
85750,20.8,0.0
86000,6.0,0.0
86250,12.8,0.0
86500,10.0,0.0
86750,5.6000000000000005,0.0
87000,20.8,0.0
87250,0.0,0.0
87500,26.400000000000002,0.0
87750,0.0,0.0
88000,23.599999999999998,0.0
88250,0.0,0.0
88500,0.0,0.0
88750,0.0,0.0
89000,14.799999999999999,0.0
89250,11.600000000000001,0.0
89500,8.4,0.0
89750,20.0,0.0
90000,0.0,0.0
90250,26.400000000000002,0.0
90500,0.0,0.0
90750,26.400000000000002,0.0
91000,0.0,0.0
91250,26.400000000000002,0.0
91500,0.0,0.0
91750,26.400000000000002,0.0
92000,1.2,0.0
92250,24.4,0.0
92500,9.2,0.0
92750,13.600000000000001,0.0
93000,9.2,0.0
93250,6.800000000000001,0.0
93500,19.6,0.0
93750,2.8000000000000003,0.0
94000,23.599999999999998,0.0
94250,0.0,0.0
94500,26.400000000000002,0.0
94750,0.0,0.0
95000,26.400000000000002,0.0
95250,0.0,0.0
95500,25.6,0.0
95750,0.0,0.0
96000,25.6,0.0
96250,0.8,0.0
96500,19.2,0.0
96750,7.199999999999999,0.0
97000,12.8,0.0
97250,13.600000000000001,0.0
97500,12.8,0.0
97750,13.600000000000001,0.0
98000,8.0,0.0
98250,18.4,0.0
98500,6.4,0.0
98750,20.0,0.0
99000,0.0,0.0
99250,26.400000000000002,0.0
99500,0.0,0.0
99750,26.400000000000002,0.0
100000,0.0,0.0
100250,26.400000000000002,0.0
100500,0.0,0.0
