30,99.06130363446528,0.9386963655347289,2.571994870001166
60,94.90975985680903,5.090240143190971,12.200069954529557
100,87.7770596131855,12.222940386814498,28.723329835606854
200,70.17849152289564,29.82150847710436,69.71202051999533
300,65.30403221796848,34.69596778203152,80.8487816252769
400,65.26525132998559,34.73474867001442,80.4733589833275
500,65.18470640879033,34.81529359120967,3.6726128016789086
600,65.12902103117388,34.87097896882613,1.3081497026932494
700,65.0693581265848,34.930641873415205,1.4084178617232133
800,64.96494804355392,35.035051956446075,1.522676926664335
900,64.9430716452046,35.05692835479541,1.5506587384866504
1000,64.92417839208471,35.07582160791528,1.515681473708756
1100,64.90429075722169,35.0957092427783,1.497026932493879
1200,64.86650425098195,35.133495749018046,1.4783723912790019
1300,64.85059414309153,35.149405856908466,1.5879678209164045
1400,64.70143688161886,35.298563118381146,1.6742450740352104
