250,4.8,0.0
500,18.0,0.0
750,22.8,0.0
1000,12.8,0.0
1250,23.599999999999998,0.0
1500,36.0,0.0
1750,46.400000000000006,0.0
2000,26.400000000000002,0.0
2250,38.4,0.0
2500,14.000000000000002,0.0
2750,3.2,0.0
3000,1.6,0.0
3250,6.4,0.0
3500,25.6,0.0
3750,52.800000000000004,0.0
4000,20.0,0.0
4250,48.0,0.0
4500,32.0,0.0
4750,38.4,0.0
5000,38.4,0.0
5250,38.4,0.0
5500,38.4,0.0
5750,32.0,0.0
6000,45.2,0.0
6250,29.2,0.0
6500,48.0,0.0
6750,29.599999999999998,0.0
7000,47.199999999999996,0.0
7250,31.2,0.0
7500,48.8,0.0
7750,24.4,0.0
8000,51.2,0.0
8250,25.2,0.0
8500,48.8,0.0
8750,29.2,0.0
9000,45.6,0.0
9250,26.0,0.0
9500,49.2,0.0
9750,35.199999999999996,0.0
10000,38.4,0.0
10250,38.4,0.0
10500,38.4,0.0
10750,38.4,0.0
11000,33.6,0.0
11250,43.2,0.0
11500,32.0,0.0
11750,44.800000000000004,0.0
12000,29.599999999999998,0.0
12250,47.199999999999996,0.0
12500,25.6,0.0
12750,51.2,0.0
13000,0.0,0.0
13250,0.0,0.0
13500,0.0,0.0
13750,0.0,0.0
14000,19.2,0.0
14250,50.4,0.0
14500,23.200000000000003,0.0
14750,48.0,0.0
15000,25.6,0.0
15250,51.2,0.0
15500,19.2,0.0
15750,44.800000000000004,0.0
16000,25.6,0.0
16250,44.800000000000004,0.0
16500,32.0,0.0
16750,38.800000000000004,0.0
17000,46.800000000000004,0.0
17250,28.000000000000004,0.0
17500,49.6,0.0
17750,23.200000000000003,0.0
18000,48.8,0.0
18250,25.6,0.0
18500,51.2,0.0
18750,22.400000000000002,0.0
19000,45.6,0.0
19250,35.199999999999996,0.0
19500,48.8,0.0
19750,28.000000000000004,0.0
20000,50.0,0.0
20250,26.8,0.0
20500,44.0,0.0
20750,32.800000000000004,0.0
21000,34.0,0.0
21250,42.8,0.0
21500,30.8,0.0
21750,46.0,0.0
22000,25.6,0.0
22250,51.2,0.0
22500,25.6,0.0
22750,50.4,0.0
23000,23.200000000000003,0.0
23250,48.0,0.0
23500,19.2,0.0
23750,51.2,0.0
24000,19.2,0.0
24250,51.2,0.0
24500,25.2,0.0
24750,45.2,0.0
25000,25.6,0.0
25250,44.800000000000004,0.0
25500,32.0,0.0
25750,32.800000000000004,0.0
26000,44.0,0.0
26250,32.0,0.0
26500,44.800000000000004,0.0
26750,26.400000000000002,0.0
27000,50.4,0.0
27250,22.8,0.0
27500,47.599999999999994,0.0
27750,25.6,0.0
28000,51.2,0.0
28250,23.200000000000003,0.0
28500,48.8,0.0
28750,24.0,0.0
29000,51.2,0.0
29250,19.2,0.0
29500,47.199999999999996,0.0
29750,23.200000000000003,0.0
30000,48.0,0.0
30250,32.0,0.0
30500,38.4,0.0
30750,38.4,0.0
31000,36.0,0.0
31250,41.199999999999996,0.0
31500,32.0,0.0
31750,44.800000000000004,0.0
32000,25.6,0.0
32250,44.800000000000004,0.0
32500,9.6,0.0
32750,46.400000000000006,0.0
33000,27.6,0.0
33250,39.2,0.0
33500,39.2,0.0
33750,32.4,0.0
34000,44.800000000000004,0.0
34250,29.599999999999998,0.0
34500,47.199999999999996,0.0
34750,25.6,0.0
35000,51.2,0.0
35250,19.2,0.0
35500,51.2,0.0
35750,24.0,0.0
36000,48.4,0.0
36250,24.0,0.0
36500,50.8,0.0
36750,19.6,0.0
37000,51.2,0.0
37250,20.4,0.0
37500,50.0,0.0
37750,28.799999999999997,0.0
38000,38.4,0.0
38250,38.4,0.0
38500,35.6,0.0
38750,41.199999999999996,0.0
39000,26.0,0.0
39250,33.6,0.0
39500,30.0,0.0
39750,14.000000000000002,0.0
40000,24.8,0.0
40250,43.6,0.0
40500,25.6,0.0
40750,45.6,0.0
41000,24.8,0.0
41250,50.0,0.0
41500,22.400000000000002,0.0
41750,49.2,0.0
42000,25.6,0.0
42250,47.599999999999994,0.0
42500,22.8,0.0
42750,41.199999999999996,0.0
43000,35.6,0.0
43250,32.0,0.0
43500,44.800000000000004,0.0
43750,30.4,0.0
44000,46.800000000000004,0.0
44250,25.6,0.0
44500,51.2,0.0
44750,23.599999999999998,0.0
45000,48.8,0.0
45250,22.8,0.0
45500,51.2,0.0
45750,25.6,0.0
46000,46.800000000000004,0.0
46250,17.2,0.0
46500,44.800000000000004,0.0
46750,32.0,0.0
47000,38.4,0.0
47250,39.2,0.0
47500,33.2,0.0
47750,44.0,0.0
48000,32.0,0.0
48250,44.800000000000004,0.0
48500,26.8,0.0
48750,45.6,0.0
49000,22.8,0.0
49250,47.199999999999996,0.0
49500,25.2,0.0
49750,45.2,0.0
50000,21.6,0.0
50250,48.8,0.0
50500,26.0,0.0
50750,51.2,0.0
51000,25.6,0.0
51250,44.800000000000004,0.0
51500,32.4,0.0
51750,38.800000000000004,0.0
52000,45.6,0.0
52250,30.8,0.0
52500,46.0,0.0
52750,19.6,0.0
53000,50.8,0.0
53250,25.6,0.0
53500,50.0,0.0
53750,23.599999999999998,0.0
54000,51.6,0.0
54250,25.6,0.0
54500,46.800000000000004,0.0
54750,30.4,0.0
55000,43.2,0.0
55250,34.0,0.0
55500,38.4,0.0
55750,38.4,0.0
56000,37.6,0.0
56250,40.0,0.0
56500,32.0,0.0
56750,44.800000000000004,0.0
57000,29.2,0.0
57250,47.599999999999994,0.0
57500,25.6,0.0
57750,51.2,0.0
58000,24.0,0.0
58250,48.8,0.0
58500,25.6,0.0
58750,45.6,0.0
59000,25.6,0.0
59250,51.6,0.0
59500,20.8,0.0
59750,48.8,0.0
60000,23.200000000000003,0.0
60250,51.2,0.0
60500,25.6,0.0
60750,44.800000000000004,0.0
61000,38.800000000000004,0.0
61250,32.4,0.0
61500,44.800000000000004,0.0
61750,32.0,0.0
62000,44.800000000000004,0.0
62250,25.6,0.0
62500,54.400000000000006,0.0
62750,29.599999999999998,0.0
63000,48.4,0.0
63250,23.200000000000003,0.0
63500,50.0,0.0
63750,24.8,0.0
64000,44.4,0.0
64250,20.8,0.0
64500,46.800000000000004,0.0
64750,30.0,0.0
65000,44.800000000000004,0.0
65250,32.0,0.0
65500,40.400000000000006,0.0
65750,36.4,0.0
66000,32.0,0.0
66250,44.800000000000004,0.0
66500,19.6,0.0
66750,45.6,0.0
67000,24.8,0.0
67250,48.4,0.0
67500,23.200000000000003,0.0
67750,44.800000000000004,0.0
68000,26.0,0.0
68250,38.800000000000004,0.0
68500,38.4,0.0
68750,36.0,0.0
69000,48.4,0.0
69250,36.8,0.0
69500,44.800000000000004,0.0
69750,22.0,0.0
70000,48.4,0.0
70250,25.2,0.0
70500,48.4,0.0
70750,23.200000000000003,0.0
71000,50.4,0.0
71250,22.8,0.0
71500,41.199999999999996,0.0
71750,25.6,0.0
72000,39.6,0.0
72250,37.2,0.0
72500,38.4,0.0
72750,38.4,0.0
73000,34.8,0.0
73250,42.0,0.0
73500,32.0,0.0
73750,45.2,0.0
74000,27.200000000000003,0.0
74250,49.6,0.0
74500,19.2,0.0
74750,44.800000000000004,0.0
75000,24.0,0.0
75250,46.400000000000006,0.0
75500,24.8,0.0
75750,48.8,0.0
76000,22.400000000000002,0.0
76250,51.6,0.0
76500,25.6,0.0
76750,46.800000000000004,0.0
77000,30.0,0.0
77250,44.800000000000004,0.0
77500,32.0,0.0
77750,38.4,0.0
78000,38.4,0.0
78250,29.599999999999998,0.0
78500,46.0,0.0
78750,23.200000000000003,0.0
79000,49.6,0.0
79250,23.200000000000003,0.0
79500,49.2,0.0
79750,21.2,0.0
80000,49.2,0.0
80250,22.0,0.0
80500,42.4,0.0
80750,32.0,0.0
81000,46.800000000000004,0.0
81250,0.0,0.0
81500,43.6,0.0
81750,9.6,0.0
82000,40.0,0.0
82250,36.8,0.0
82500,32.0,0.0
82750,44.800000000000004,0.0
83000,25.6,0.0
83250,47.599999999999994,0.0
83500,24.0,0.0
83750,51.2,0.0
84000,17.599999999999998,0.0
84250,46.400000000000006,0.0
84500,19.2,0.0
84750,35.6,0.0
85000,44.4,0.0
85250,29.2,0.0
85500,50.8,0.0
85750,24.4,0.0
86000,47.199999999999996,0.0
86250,22.0,0.0
86500,50.8,0.0
86750,15.6,0.0
87000,45.6,0.0
87250,25.6,0.0
87500,50.8,0.0
87750,26.0,0.0
88000,24.0,0.0
88250,0.0,0.0
88500,0.8,0.0
88750,0.0,0.0
89000,14.799999999999999,0.0
89250,47.199999999999996,0.0
89500,23.200000000000003,0.0
89750,54.400000000000006,0.0
90000,22.8,0.0
90250,51.2,0.0
90500,26.0,0.0
90750,46.0,0.0
91000,30.8,0.0
91250,44.800000000000004,0.0
91500,32.0,0.0
91750,39.6,0.0
92000,46.0,0.0
92250,24.4,0.0
92500,49.2,0.0
92750,25.2,0.0
93000,48.8,0.0
93250,22.8,0.0
93500,50.8,0.0
93750,22.0,0.0
94000,48.4,0.0
94250,25.6,0.0
94500,51.2,0.0
94750,25.6,0.0
95000,44.800000000000004,0.0
95250,32.0,0.0
95500,32.0,0.0
95750,44.800000000000004,0.0
96000,25.6,0.0
96250,46.400000000000006,0.0
96500,25.6,0.0
96750,46.800000000000004,0.0
97000,23.599999999999998,0.0
97250,51.2,0.0
97500,25.6,0.0
97750,49.2,0.0
98000,22.8,0.0
98250,49.6,0.0
98500,25.6,0.0
98750,48.8,0.0
99000,21.6,0.0
99250,48.8,0.0
99500,28.000000000000004,0.0
99750,38.4,0.0
100000,38.800000000000004,0.0
100250,32.0,0.0
100500,45.2,0.0
