200,0.024704496218311733,0.0072593211964577554
400,0.02455246854927597,0.0005701037588841169
600,0.01554482915890692,0.0011022006005092927
800,0.028467181026946904,0.0017103112766523507
1000,0.01584888449697845,0.010565922997985634
1200,0.02527459997719585,0.004560830071072935
1400,0.04089544297062065,0.003002546463456349
1600,0.04792672266352476,0.00338261563604576
1800,0.03245790733913572,0.0002660484208125879
2000,0.030177492303599254,0.0001520276690357645
2200,0.026224772908669376,0.00038006917258941126
2400,0.02056174223708715,3.8006917258941126e-05
2600,0.014328607806620805,7.601383451788225e-05
2800,0.008399528714225989,3.8006917258941126e-05
3000,0.0027364980426437613,0.0
