200,62.274333928775036,37.725666071224964
400,54.88198852191098,45.11801147808901
600,50.28315153357911,49.716848466420885
800,47.056364258295005,52.94363574170499
1000,44.43388696742807,55.56611303257193
1200,40.351944053817796,59.64805594618221
1400,45.14081562844437,54.85918437155563
1600,44.13363232108244,55.86636767891756
1800,30.762798829386952,69.23720117061305
2000,29.246322830755194,70.7536771692448
2200,27.25856105811258,72.74143894188742
2400,25.464634563490556,74.53536543650945
2600,24.11918969252404,75.88081030747597
2800,22.515297784196726,77.48470221580328
3000,21.888183649424196,78.11181635057581
