100,0.004519143862618026,0.0
200,0.06713332435914694,0.0
300,0.14182419568854446,0.0
400,0.18893867425626432,0.0
500,0.23605315282398415,0.0
600,0.28316763139170403,0.0
700,0.33028210995942386,0.0
800,0.36856983519547704,0.0
900,0.4245110670948636,0.0
1000,0.4517990038653103,0.0046152958596950054
1100,0.43270321724582217,0.005288359839233861
1200,0.3846272187073326,0.0057691198246187575
1300,0.3365512201688429,0.006249879810003653
1400,0.2884752216303533,0.00673063979538855
1500,0.24039922309186362,0.007211399780773447
1600,0.19232322455337397,0.007692159766158343
1700,0.14424722601488432,0.00817291975154324
1800,0.09617122747639469,0.008653679736928136
1900,0.04809522893790504,0.009134439722313032
2000,1.923039941539586e-05,0.009153670121728429
2100,0.0,0.0
