1000,0.0
2000,0.0
3000,79.80000000000001
4000,80.10000000000001
5000,81.69999999999999
6000,80.10000000000001
7000,99.9
8000,80.0
9000,99.9
10000,80.0
11000,99.9
12000,80.0
13000,99.9
14000,80.0
15000,99.9
16000,80.0
17000,99.9
18000,80.0
19000,99.9
20000,80.0
21000,99.9
22000,80.0
23000,99.9
24000,80.0
25000,99.9
26000,80.0
27000,99.9
28000,80.0
29000,99.9
30000,80.0
31000,99.9
32000,80.0
33000,99.9
34000,80.0
35000,99.9
36000,80.0
37000,99.9
38000,80.0
39000,99.9
40000,80.0
41000,99.9
42000,80.0
43000,99.9
44000,80.0
45000,99.9
46000,80.0
47000,99.9
48000,80.0
49000,99.9
50000,80.0
51000,99.9
52000,80.0
53000,99.9
54000,100.0
55000,87.3
56000,41.099999999999994
57000,50.8
58000,51.6
59000,35.5
60000,45.9
61000,47.4
62000,46.7
63000,41.8
64000,22.0
65000,28.499999999999996
66000,27.0
67000,31.0
68000,26.8
69000,48.699999999999996
70000,42.4
71000,38.4
72000,60.199999999999996
73000,39.300000000000004
74000,55.60000000000001
75000,65.60000000000001
76000,63.4
77000,47.5
78000,62.6
79000,83.39999999999999
80000,71.7
81000,80.0
82000,69.89999999999999
