1000,0.0
2000,0.0
3000,0.8999999999999999
4000,98.9
5000,100.0
6000,0.0
7000,99.9
8000,0.0
9000,99.9
10000,0.0
11000,98.9
12000,1.0
13000,99.9
14000,0.0
15000,98.9
16000,1.0
17000,99.9
18000,0.0
19000,99.9
20000,0.0
21000,99.9
22000,0.0
23000,98.9
24000,1.0
25000,99.9
26000,0.0
27000,98.9
28000,1.0
29000,99.9
30000,0.0
31000,99.9
32000,0.0
33000,99.9
34000,0.0
35000,98.9
36000,1.0
37000,99.9
38000,0.0
39000,98.9
40000,1.0
41000,99.9
42000,0.0
43000,99.9
44000,0.0
45000,99.9
46000,0.0
47000,98.9
48000,1.0
49000,99.9
50000,0.0
51000,98.9
52000,1.0
53000,99.9
54000,59.9
55000,30.599999999999998
56000,33.0
57000,34.9
58000,38.2
59000,28.299999999999997
60000,29.799999999999997
61000,35.6
62000,35.699999999999996
63000,33.0
64000,21.7
65000,27.800000000000004
66000,26.700000000000003
67000,30.5
68000,25.6
69000,24.5
70000,16.3
71000,30.099999999999998
72000,44.5
73000,39.300000000000004
74000,39.800000000000004
75000,50.0
76000,28.999999999999996
77000,19.7
78000,56.2
79000,65.5
80000,70.6
81000,79.9
82000,69.89999999999999
