1000,0.0
2000,0.0
3000,99.9
4000,100.0
5000,100.0
6000,100.0
7000,100.0
8000,100.0
9000,100.0
10000,100.0
11000,100.0
12000,100.0
13000,100.0
14000,100.0
15000,100.0
16000,100.0
17000,100.0
18000,100.0
19000,100.0
20000,100.0
21000,100.0
22000,100.0
23000,100.0
24000,100.0
25000,100.0
26000,100.0
27000,100.0
28000,100.0
29000,100.0
30000,100.0
31000,100.0
32000,100.0
33000,100.0
34000,100.0
35000,100.0
36000,100.0
37000,100.0
38000,100.0
39000,100.0
40000,100.0
41000,100.0
42000,100.0
43000,100.0
44000,100.0
45000,100.0
46000,100.0
47000,100.0
48000,100.0
49000,100.0
50000,100.0
51000,100.0
52000,100.0
53000,100.0
54000,100.0
55000,100.0
56000,49.3
57000,50.9
58000,86.1
59000,84.39999999999999
60000,92.10000000000001
61000,51.2
62000,56.00000000000001
63000,88.6
64000,71.8
65000,58.4
66000,51.0
67000,51.1
68000,62.9
69000,92.9
70000,76.6
71000,72.7
72000,60.5
73000,40.6
74000,55.7
75000,65.60000000000001
76000,63.4
77000,47.699999999999996
78000,62.6
79000,86.3
80000,71.7
81000,80.0
82000,69.89999999999999
