1000,0.0
2000,0.0
3000,0.5
4000,0.0
5000,0.5
6000,0.0
7000,0.5
8000,59.4
9000,59.9
10000,0.0
11000,59.9
12000,0.0
13000,59.9
14000,0.0
15000,59.3
16000,0.6
17000,59.9
18000,0.0
19000,59.3
20000,0.5
21000,59.8
22000,0.0
23000,59.9
24000,0.0
25000,59.3
26000,0.5
27000,59.9
28000,0.0
29000,59.3
30000,0.6
31000,59.9
32000,0.0
33000,59.9
34000,0.0
35000,59.3
36000,0.6
37000,59.9
38000,0.0
39000,59.3
40000,0.6
41000,59.9
42000,0.0
43000,59.9
44000,0.0
45000,59.9
46000,0.0
47000,59.3
48000,0.6
49000,59.9
50000,0.0
51000,59.3
52000,0.6
53000,89.3
54000,29.099999999999998
55000,25.4
56000,29.299999999999997
57000,32.6
58000,28.799999999999997
59000,24.3
60000,28.299999999999997
61000,32.7
62000,26.700000000000003
63000,27.200000000000003
64000,21.3
65000,27.3
66000,25.3
67000,29.5
68000,23.400000000000002
69000,21.3
70000,12.9
71000,22.6
72000,39.300000000000004
73000,27.500000000000004
74000,36.199999999999996
75000,30.2
76000,19.3
77000,18.0
78000,54.50000000000001
79000,64.8
80000,68.8
81000,78.9
82000,69.6
