1000,0.0
2000,0.0
3000,19.8
4000,20.1
5000,19.900000000000002
6000,20.1
7000,21.099999999999998
8000,20.1
9000,99.9
10000,20.0
11000,99.9
12000,20.0
13000,99.9
14000,20.0
15000,99.9
16000,20.0
17000,99.9
18000,20.0
19000,99.9
20000,20.0
21000,99.9
22000,20.0
23000,99.9
24000,19.900000000000002
25000,99.9
26000,20.0
27000,99.9
28000,20.0
29000,99.9
30000,19.900000000000002
31000,99.9
32000,20.0
33000,99.9
34000,20.0
35000,99.9
36000,19.900000000000002
37000,99.9
38000,19.900000000000002
39000,99.9
40000,19.900000000000002
41000,99.9
42000,19.900000000000002
43000,99.9
44000,19.8
45000,99.9
46000,19.8
47000,99.9
48000,20.0
49000,99.9
50000,19.900000000000002
51000,100.0
52000,20.0
53000,99.9
54000,79.9
55000,31.3
56000,37.9
57000,50.3
58000,50.8
59000,31.2
60000,29.5
61000,41.199999999999996
62000,44.6
63000,41.6
64000,21.8
65000,28.1
66000,26.700000000000003
67000,30.3
68000,25.7
69000,27.400000000000002
70000,16.3
71000,30.3
72000,60.5
73000,39.4
74000,53.2
75000,55.60000000000001
76000,31.4
77000,21.2
78000,57.49999999999999
79000,65.5
80000,70.6
81000,79.9
82000,69.89999999999999
