1000,0.0
2000,0.0
3000,0.1
4000,0.0
5000,0.1
6000,0.0
7000,0.1
8000,19.8
9000,19.900000000000002
10000,0.0
11000,19.7
12000,0.2
13000,19.900000000000002
14000,0.0
15000,19.900000000000002
16000,0.0
17000,19.7
18000,0.2
19000,19.900000000000002
20000,0.0
21000,19.7
22000,0.2
23000,19.8
24000,0.0
25000,19.900000000000002
26000,0.0
27000,19.7
28000,0.2
29000,19.900000000000002
30000,0.0
31000,19.7
32000,0.2
33000,19.8
34000,0.0
35000,19.900000000000002
36000,0.0
37000,19.7
38000,0.2
39000,19.8
40000,0.0
41000,19.7
42000,0.2
43000,19.8
44000,0.0
45000,19.900000000000002
46000,0.0
47000,19.900000000000002
48000,0.0
49000,19.900000000000002
50000,0.0
51000,19.7
52000,0.2
53000,37.7
54000,13.200000000000001
55000,11.1
56000,6.0
57000,19.5
58000,18.5
59000,7.5
60000,13.700000000000001
61000,18.7
62000,14.099999999999998
63000,2.3
64000,0.7000000000000001
65000,9.700000000000001
66000,7.8
67000,18.099999999999998
68000,8.200000000000001
69000,3.2
70000,3.0
71000,7.6
72000,26.1
73000,16.6
74000,23.0
75000,7.9
76000,3.9
77000,8.0
78000,48.3
79000,44.0
80000,28.000000000000004
81000,25.6
82000,22.2
