1000,0.0
2000,0.0
3000,0.7000000000000001
4000,79.0
5000,79.80000000000001
6000,0.0
7000,79.9
8000,0.0
9000,79.9
10000,0.0
11000,79.9
12000,0.0
13000,79.9
14000,0.0
15000,79.10000000000001
16000,0.0
17000,79.10000000000001
18000,0.8
19000,79.9
20000,0.0
21000,79.9
22000,0.0
23000,79.10000000000001
24000,0.8
25000,79.9
26000,0.0
27000,79.10000000000001
28000,0.8
29000,79.9
30000,0.0
31000,79.10000000000001
32000,0.8
33000,79.9
34000,0.0
35000,79.10000000000001
36000,0.8
37000,79.9
38000,0.0
39000,79.9
40000,0.0
41000,79.9
42000,0.0
43000,79.10000000000001
44000,0.8
45000,79.9
46000,0.0
47000,79.10000000000001
48000,0.8
49000,79.9
50000,0.0
51000,79.9
52000,0.0
53000,99.9
54000,39.5
55000,28.199999999999996
56000,30.8
57000,34.5
58000,32.6
59000,25.3
60000,28.499999999999996
61000,33.2
62000,30.3
63000,27.6
64000,21.4
65000,27.500000000000004
66000,26.6
67000,29.799999999999997
68000,23.9
69000,22.5
70000,13.3
71000,28.7
72000,40.2
73000,29.799999999999997
74000,38.9
75000,49.8
76000,28.999999999999996
77000,19.6
78000,54.50000000000001
79000,65.5
80000,70.5
81000,79.7
82000,69.6
