1000,0.0
2000,0.0
3000,39.800000000000004
4000,40.1
5000,39.900000000000006
6000,40.1
7000,39.900000000000006
8000,40.1
9000,99.9
10000,40.0
11000,99.9
12000,40.0
13000,99.9
14000,40.0
15000,99.9
16000,40.0
17000,99.9
18000,40.0
19000,99.9
20000,40.0
21000,99.9
22000,40.0
23000,99.9
24000,40.0
25000,99.9
26000,40.0
27000,99.9
28000,40.0
29000,99.9
30000,40.0
31000,99.9
32000,40.0
33000,99.9
34000,40.0
35000,99.9
36000,40.0
37000,99.9
38000,40.0
39000,99.9
40000,40.0
41000,99.9
42000,40.0
43000,99.9
44000,40.0
45000,99.9
46000,40.0
47000,99.9
48000,40.0
49000,99.9
50000,40.0
51000,99.9
52000,40.0
53000,99.9
54000,99.9
55000,46.7
56000,41.0
57000,50.3
58000,51.0
59000,34.9
60000,45.2
61000,47.3
62000,45.1
63000,40.1
64000,21.5
65000,28.000000000000004
66000,26.8
67000,30.8
68000,26.400000000000002
69000,43.5
70000,25.8
71000,39.6
72000,60.699999999999996
73000,39.5
74000,56.39999999999999
75000,59.9
76000,32.300000000000004
77000,23.0
78000,61.7
79000,83.3
80000,70.7
81000,79.9
82000,69.89999999999999
