200,73.6715055719057,26.328494428094306
400,56.34734301114381,43.65265698885619
600,54.28061241361066,45.71938758638934
800,53.63579246718032,46.364207532819684
1000,50.934162230084986,49.065837769915014
1200,51.14579544327238,48.85420455672762
1400,46.79408749710658,53.205912502893426
1600,45.8417380377633,54.1582619622367
1800,40.79230184187031,59.207698158129695
2000,48.182930458648855,51.817069541351145
2200,36.54971727125426,63.45028272874574
2400,35.28322476108594,64.71677523891405
2600,33.785258423993916,66.21474157600609
2800,32.16163486657187,67.83836513342813
3000,31.000958962997256,68.99904103700274
3200,30.002314738269238,69.99768526173075
3400,28.709368076452495,71.2906319235475
3600,28.03478720941768,71.96521279058233
3800,27.839687841010548,72.16031215898944
4000,27.330445421778382,72.66955457822162
