200,0.02132865976654211,0.0015211137197843987
400,0.019377666082470817,0.0018848583049502331
600,0.036176052379220267,0.002050196752752885
800,0.03918521212922853,0.006282861016500777
1000,0.03019080056876426,0.006679673291227142
1200,0.027479250024800766,0.0010912337554975034
1400,0.03389438179954367,0.0008266922390132601
1600,0.03905294137098641,0.008002380873648358
1800,0.04715452531331636,0.004794814986276909
2000,0.04510432856056348,0.0
2200,0.0428557256704474,6.613537912106081e-05
2400,0.04943619589299296,0.0067127409807876725
2600,0.0515525280248669,0.010482457590688138
2800,0.04242584570616051,0.00013227075824212163
3000,0.03739955689295989,0.00013227075824212163
3200,0.03422505869514897,0.0
3400,0.024172481068747725,6.613537912106081e-05
3600,0.024205548758308257,0.00013227075824212163
3800,0.017261333950596872,0.000892827618134321
4000,0.016897589365431037,0.004001190436824179
