250,33.2
500,35.199999999999996
750,27.200000000000003
1000,24.0
1250,40.400000000000006
1500,26.0
1750,22.400000000000002
2000,30.8
2250,34.4
2500,44.800000000000004
2750,52.400000000000006
3000,32.800000000000004
3250,26.400000000000002
3500,32.4
3750,33.2
4000,54.400000000000006
4250,54.400000000000006
4500,55.60000000000001
4750,53.2
5000,39.2
5250,43.6
5500,84.39999999999999
5750,88.4
6000,98.4
6250,65.2
6500,37.2
6750,31.2
7000,52.0
7250,52.400000000000006
7500,59.199999999999996
7750,52.800000000000004
8000,18.0
8250,26.400000000000002
8500,48.0
8750,54.800000000000004
9000,56.00000000000001
9250,50.8
9500,36.0
9750,41.199999999999996
10000,69.19999999999999
10250,68.8
10500,79.60000000000001
10750,66.0
11000,36.4
11250,32.800000000000004
11500,23.200000000000003
11750,24.4
12000,23.200000000000003
12250,21.2
12500,31.6
12750,29.599999999999998
13000,28.4
13250,34.4
13500,32.0
13750,24.8
14000,19.6
14250,16.0
14500,45.2
14750,59.199999999999996
15000,53.6
15250,56.8
15500,40.400000000000006
15750,22.0
16000,27.6
16250,39.2
16500,52.400000000000006
16750,46.400000000000006
17000,34.4
17250,21.2
17500,9.2
17750,41.6
18000,37.2
18250,41.199999999999996
18500,40.8
18750,36.4
19000,39.6
19250,71.2
19500,60.0
19750,60.0
20000,31.2
20250,42.4
20500,63.2
20750,43.2
21000,5.6000000000000005
21250,64.4
21500,50.8
21750,35.199999999999996
22000,72.39999999999999
22250,74.0
22500,46.0
22750,31.2
23000,79.2
23250,52.400000000000006
23500,30.0
23750,31.6
24000,16.8
24250,10.8
24500,9.6
24750,24.8
25000,44.0
25250,50.8
25500,55.60000000000001
25750,53.6
26000,82.39999999999999
26250,96.39999999999999
26500,92.80000000000001
26750,47.199999999999996
27000,95.6
27250,75.2
27500,67.2
27750,84.8
28000,54.400000000000006
28250,90.4
28500,65.60000000000001
28750,69.19999999999999
29000,95.19999999999999
29250,52.400000000000006
29500,85.2
29750,73.2
30000,68.8
