200,0.034886412486359576,0.00042987996428689527
400,0.024007142620945075,0.00013227075824212163
600,0.04341787639297642,0.0019840613736318243
800,0.06011705962104428,0.006348996395621838
1000,0.06461426540127642,0.006811944049469263
1200,0.07304652623921166,0.0051916272610032736
1400,0.07803974736285176,0.018385635395654906
1600,0.0692768096293112,0.010052577626401243
1800,0.06140669951390496,0.0025792797857213715
2000,0.05641347839026487,0.0008597599285737905
2200,0.05538838001388843,0.00016533844780265204
2400,0.058232201316094044,0.00023147382692371285
2600,0.05264376178036441,0.00019840613736318244
2800,0.04312026718693165,0.00013227075824212163
3000,0.03832545220065474,0.00013227075824212163
3200,0.034555735590754276,0.0
3400,0.028768889917661453,9.920306868159122e-05
3600,0.025561324030290003,0.00013227075824212163
3800,0.02040276445884726,0.0008597599285737905
4000,0.016633047848946793,0.0
