250,33.2
500,32.0
750,17.2
1000,19.6
1250,32.0
1500,24.4
1750,22.0
2000,30.0
2250,32.4
2500,21.2
2750,37.6
3000,25.6
3250,23.200000000000003
3500,31.2
3750,32.0
4000,46.800000000000004
4250,48.8
4500,32.800000000000004
4750,32.4
5000,36.8
5250,40.0
5500,48.4
5750,39.2
6000,28.799999999999997
6250,23.200000000000003
6500,17.599999999999998
6750,25.2
7000,42.4
7250,45.2
7500,45.2
7750,31.2
8000,13.600000000000001
8250,21.2
8500,45.2
8750,43.6
9000,49.2
9250,24.8
9500,26.400000000000002
9750,38.4
10000,34.4
10250,44.4
10500,33.6
10750,28.000000000000004
11000,20.8
11250,18.4
11500,19.6
11750,24.4
12000,23.200000000000003
12250,20.4
12500,30.4
12750,26.8
13000,25.6
13250,32.800000000000004
13500,28.4
13750,24.8
14000,18.0
14250,14.799999999999999
14500,44.0
14750,35.6
15000,48.4
15250,27.6
15500,32.800000000000004
15750,20.8
16000,26.0
16250,19.2
16500,44.0
16750,24.8
17000,22.400000000000002
17250,21.2
17500,9.2
17750,38.0
18000,18.8
18250,22.0
18500,22.400000000000002
18750,30.8
19000,36.8
19250,62.4
19500,50.0
19750,37.6
20000,14.799999999999999
20250,34.4
20500,41.199999999999996
20750,21.2
21000,5.6000000000000005
21250,42.0
21500,34.4
21750,31.2
22000,54.800000000000004
22250,40.400000000000006
22500,29.2
22750,23.599999999999998
23000,52.400000000000006
23250,29.2
23500,23.599999999999998
23750,20.0
24000,16.8
24250,6.4
24500,9.6
24750,13.600000000000001
25000,41.6
25250,46.0
25500,54.400000000000006
25750,52.800000000000004
26000,62.8
26250,60.8
26500,56.39999999999999
26750,47.199999999999996
27000,53.2
27250,48.0
27500,50.4
27750,59.199999999999996
28000,44.0
28250,69.6
28500,38.800000000000004
28750,62.4
29000,61.199999999999996
29250,52.400000000000006
29500,66.8
29750,54.0
30000,60.0
