250,33.2
500,35.199999999999996
750,27.200000000000003
1000,22.400000000000002
1250,38.800000000000004
1500,24.8
1750,22.0
2000,30.0
2250,33.2
2500,21.2
2750,37.6
3000,27.200000000000003
3250,26.0
3500,32.4
3750,33.2
4000,53.6
4250,54.0
4500,55.60000000000001
4750,53.2
5000,38.800000000000004
5250,42.0
5500,66.4
5750,50.8
6000,52.0
6250,37.6
6500,20.4
6750,31.2
7000,52.0
7250,52.400000000000006
7500,59.199999999999996
7750,52.800000000000004
8000,18.0
8250,25.6
8500,48.0
8750,54.400000000000006
9000,55.60000000000001
9250,50.8
9500,35.6
9750,41.199999999999996
10000,47.599999999999994
10250,45.6
10500,52.0
10750,41.199999999999996
11000,20.8
11250,19.2
11500,22.400000000000002
11750,24.4
12000,23.200000000000003
12250,21.2
12500,31.2
12750,29.2
13000,28.4
13250,33.6
13500,31.6
13750,24.8
14000,19.6
14250,16.0
14500,45.2
14750,59.199999999999996
15000,53.6
15250,50.8
15500,40.0
15750,20.8
16000,26.8
16250,38.800000000000004
16500,52.0
16750,46.400000000000006
17000,33.6
17250,21.2
17500,9.2
17750,41.199999999999996
18000,37.2
18250,41.199999999999996
18500,39.6
18750,34.8
19000,39.6
19250,71.2
19500,60.0
19750,59.199999999999996
20000,30.0
20250,37.6
20500,62.0
20750,39.6
21000,5.6000000000000005
21250,64.4
21500,48.8
21750,32.0
22000,72.0
22250,72.8
22500,44.800000000000004
22750,24.8
23000,74.4
23250,52.0
23500,26.8
23750,28.4
24000,16.8
24250,8.4
24500,9.6
24750,22.400000000000002
25000,42.8
25250,48.4
25500,54.800000000000004
25750,52.800000000000004
26000,79.60000000000001
26250,96.0
26500,92.80000000000001
26750,47.199999999999996
27000,95.6
27250,75.2
27500,67.2
27750,84.8
28000,54.400000000000006
28250,90.0
28500,65.60000000000001
28750,69.19999999999999
29000,95.19999999999999
29250,52.400000000000006
29500,85.2
29750,73.2
30000,68.8
