250,33.2
500,35.199999999999996
750,27.200000000000003
1000,24.0
1250,40.400000000000006
1500,25.6
1750,22.400000000000002
2000,30.8
2250,34.4
2500,43.2
2750,37.6
3000,27.6
3250,26.400000000000002
3500,32.4
3750,33.2
4000,54.0
4250,54.0
4500,55.60000000000001
4750,53.2
5000,38.800000000000004
5250,42.0
5500,77.2
5750,80.0
6000,75.2
6250,48.8
6500,20.8
6750,31.2
7000,52.0
7250,52.400000000000006
7500,59.199999999999996
7750,52.800000000000004
8000,18.0
8250,26.400000000000002
8500,48.0
8750,54.800000000000004
9000,56.00000000000001
9250,50.8
9500,36.0
9750,41.199999999999996
10000,62.0
10250,48.8
10500,53.2
10750,41.199999999999996
11000,20.8
11250,19.2
11500,22.400000000000002
11750,24.4
12000,23.200000000000003
12250,21.2
12500,31.2
12750,29.2
13000,28.4
13250,33.6
13500,31.6
13750,24.8
14000,19.6
14250,16.0
14500,45.2
14750,59.199999999999996
15000,53.6
15250,51.2
15500,40.400000000000006
15750,20.8
16000,26.8
16250,39.2
16500,52.400000000000006
16750,46.400000000000006
17000,34.4
17250,21.2
17500,9.2
17750,41.6
18000,37.2
18250,41.199999999999996
18500,40.400000000000006
18750,36.0
19000,39.6
19250,71.2
19500,60.0
19750,60.0
20000,30.4
20250,42.0
20500,63.2
20750,43.2
21000,5.6000000000000005
21250,64.4
21500,50.8
21750,35.199999999999996
22000,72.39999999999999
22250,74.0
22500,46.0
22750,29.2
23000,79.2
23250,52.0
23500,29.599999999999998
23750,30.0
24000,16.8
24250,10.8
24500,9.6
24750,24.4
25000,43.6
25250,48.8
25500,55.2
25750,53.6
26000,82.0
26250,96.39999999999999
26500,92.80000000000001
26750,47.199999999999996
27000,95.6
27250,75.2
27500,67.2
27750,84.8
28000,54.400000000000006
28250,90.0
28500,65.60000000000001
28750,69.19999999999999
29000,95.19999999999999
29250,52.400000000000006
29500,85.2
29750,73.2
30000,68.8
