250,33.2
500,35.199999999999996
750,27.200000000000003
1000,24.0
1250,40.400000000000006
1500,26.0
1750,22.400000000000002
2000,30.8
2250,34.4
2500,46.800000000000004
2750,52.400000000000006
3000,57.199999999999996
3250,38.0
3500,35.6
3750,37.2
4000,54.400000000000006
4250,54.400000000000006
4500,55.60000000000001
4750,54.0
5000,39.2
5250,61.199999999999996
5500,84.39999999999999
5750,97.6
6000,98.4
6250,85.2
6500,71.2
6750,81.2
7000,98.4
7250,98.8
7500,99.2
7750,83.2
8000,38.0
8250,27.6
8500,48.0
8750,55.2
9000,56.39999999999999
9250,50.8
9500,36.0
9750,41.199999999999996
10000,76.0
10250,85.6
10500,98.0
10750,89.2
11000,70.0
11250,69.19999999999999
11500,70.8
11750,72.8
12000,73.2
12250,66.4
12500,55.60000000000001
12750,55.2
13000,52.800000000000004
13250,57.599999999999994
13500,36.0
13750,25.2
14000,19.6
14250,16.0
14500,45.2
14750,59.199999999999996
15000,60.0
15250,75.2
15500,64.8
15750,46.400000000000006
16000,56.39999999999999
16250,66.0
16500,97.2
16750,95.6
17000,85.2
17250,69.6
17500,59.599999999999994
17750,93.2
18000,91.2
18250,76.0
18500,52.800000000000004
18750,45.6
19000,40.400000000000006
19250,71.6
19500,60.4
19750,60.4
20000,36.0
20250,42.4
20500,63.2
20750,43.2
21000,5.6000000000000005
21250,64.4
21500,50.8
21750,35.199999999999996
22000,72.39999999999999
22250,74.0
22500,46.0
22750,31.2
23000,82.0
23250,74.8
23500,63.2
23750,66.0
24000,48.4
24250,48.4
24500,35.6
24750,29.599999999999998
25000,46.400000000000006
25250,52.400000000000006
25500,55.60000000000001
25750,56.39999999999999
26000,84.0
26250,96.8
26500,93.2
26750,47.199999999999996
27000,95.6
27250,75.2
27500,67.60000000000001
27750,85.2
28000,54.800000000000004
28250,90.4
28500,65.60000000000001
28750,69.19999999999999
29000,95.19999999999999
29250,52.400000000000006
29500,85.2
29750,73.2
30000,68.8
