250,33.2
500,35.199999999999996
750,27.200000000000003
1000,24.0
1250,40.400000000000006
1500,26.0
1750,22.400000000000002
2000,30.8
2250,34.4
2500,46.800000000000004
2750,52.400000000000006
3000,57.199999999999996
3250,38.0
3500,35.6
3750,38.800000000000004
4000,54.400000000000006
4250,54.400000000000006
4500,55.60000000000001
4750,53.6
5000,39.6
5250,44.0
5500,59.199999999999996
5750,52.800000000000004
6000,52.0
6250,37.6
6500,21.2
6750,32.800000000000004
7000,52.0
7250,52.400000000000006
7500,59.199999999999996
7750,53.2
8000,18.8
8250,27.6
8500,48.4
8750,57.199999999999996
9000,56.39999999999999
9250,64.0
9500,38.0
9750,43.2
10000,48.4
10250,52.400000000000006
10500,54.400000000000006
10750,64.8
11000,46.400000000000006
11250,20.4
11500,23.599999999999998
11750,24.4
12000,23.200000000000003
12250,22.8
12500,35.6
12750,29.599999999999998
13000,28.4
13250,34.0
13500,30.8
13750,24.8
14000,18.8
14250,15.6
14500,39.2
14750,31.6
15000,39.2
15250,27.200000000000003
15500,33.6
15750,20.8
16000,26.8
16250,42.4
16500,52.400000000000006
16750,46.400000000000006
17000,34.8
17250,22.0
17500,9.2
17750,39.2
18000,33.6
18250,41.199999999999996
18500,43.2
18750,36.8
19000,41.6
19250,71.6
19500,60.8
19750,64.8
20000,46.0
20250,48.4
20500,64.8
20750,43.6
21000,5.6000000000000005
21250,69.6
21500,50.4
21750,34.8
22000,72.8
22250,78.8
22500,51.2
22750,34.0
23000,78.8
23250,52.0
23500,30.0
23750,30.8
24000,16.8
24250,9.6
24500,9.6
24750,28.4
25000,47.199999999999996
25250,52.800000000000004
25500,56.00000000000001
25750,56.39999999999999
26000,85.2
26250,97.2
26500,93.60000000000001
26750,47.199999999999996
27000,95.6
27250,75.2
27500,67.2
27750,85.2
28000,54.800000000000004
28250,92.0
28500,65.60000000000001
28750,69.19999999999999
29000,95.19999999999999
29250,52.400000000000006
29500,85.2
29750,73.2
30000,69.19999999999999
