250,33.2
500,35.199999999999996
750,27.200000000000003
1000,24.0
1250,40.400000000000006
1500,26.0
1750,22.400000000000002
2000,30.8
2250,33.6
2500,23.200000000000003
2750,37.6
3000,30.4
3250,25.2
3500,34.8
3750,38.0
4000,53.6
4250,54.400000000000006
4500,55.60000000000001
4750,53.2
5000,37.6
5250,42.8
5500,58.4
5750,50.0
6000,52.0
6250,37.6
6500,20.0
6750,29.2
7000,39.2
7250,28.000000000000004
7500,45.6
7750,30.0
8000,14.399999999999999
8250,26.400000000000002
8500,45.6
8750,41.199999999999996
9000,54.400000000000006
9250,53.2
9500,35.199999999999996
9750,42.0
10000,48.0
10250,52.400000000000006
10500,52.0
10750,41.199999999999996
11000,20.8
11250,18.8
11500,21.6
11750,24.4
12000,23.200000000000003
12250,20.8
12500,34.8
12750,29.599999999999998
13000,26.8
13250,32.800000000000004
13500,30.8
13750,24.8
14000,18.8
14250,14.000000000000002
14500,38.800000000000004
14750,29.2
15000,39.2
15250,26.400000000000002
15500,29.2
15750,20.8
16000,26.0
16250,33.2
16500,34.4
16750,22.8
17000,19.2
17250,22.0
17500,8.799999999999999
17750,25.6
18000,9.2
18250,17.2
18500,28.4
18750,35.199999999999996
19000,40.400000000000006
19250,70.8
19500,60.8
19750,64.8
20000,45.6
20250,44.0
20500,64.4
20750,43.2
21000,5.6000000000000005
21250,64.4
21500,49.6
21750,33.2
22000,65.60000000000001
22250,73.6
22500,46.0
22750,26.400000000000002
23000,76.4
23250,52.0
23500,28.000000000000004
23750,29.2
24000,16.8
24250,8.799999999999999
24500,9.6
24750,18.4
25000,47.199999999999996
25250,52.0
25500,56.00000000000001
25750,55.60000000000001
26000,66.4
26250,64.0
26500,55.2
26750,47.199999999999996
27000,95.6
27250,75.2
27500,67.2
27750,85.2
28000,54.400000000000006
28250,90.0
28500,65.60000000000001
28750,69.19999999999999
29000,95.19999999999999
29250,52.400000000000006
29500,85.2
29750,73.2
30000,68.8
