250,33.2
500,35.199999999999996
750,27.200000000000003
1000,24.0
1250,40.400000000000006
1500,26.0
1750,22.400000000000002
2000,30.8
2250,32.4
2500,23.200000000000003
2750,37.6
3000,29.599999999999998
3250,25.2
3500,32.800000000000004
3750,35.6
4000,38.0
4250,33.2
4500,37.2
4750,32.4
5000,36.8
5250,42.4
5500,34.4
5750,43.6
6000,29.2
6250,26.0
6500,19.6
6750,28.799999999999997
7000,39.2
7250,28.000000000000004
7500,45.6
7750,30.0
8000,12.0
8250,25.6
8500,45.6
8750,34.0
9000,37.2
9250,25.6
9500,28.4
9750,40.8
10000,48.0
10250,52.400000000000006
10500,35.6
10750,23.599999999999998
11000,20.4
11250,18.4
11500,21.6
11750,24.4
12000,22.8
12250,19.6
12500,34.8
12750,29.599999999999998
13000,26.8
13250,32.800000000000004
13500,30.8
13750,24.8
14000,18.8
14250,14.000000000000002
14500,38.800000000000004
14750,29.2
15000,39.2
15250,26.400000000000002
15500,29.2
15750,20.8
16000,25.6
16250,20.8
16500,34.4
16750,22.8
17000,19.2
17250,22.0
17500,8.799999999999999
17750,25.6
18000,9.2
18250,17.2
18500,28.000000000000004
18750,35.199999999999996
19000,39.2
19250,54.0
19500,39.2
19750,40.8
20000,44.0
20250,43.6
20500,64.4
20750,43.2
21000,5.6000000000000005
21250,40.8
21500,36.0
21750,32.800000000000004
22000,49.6
22250,52.0
22500,46.0
22750,26.400000000000002
23000,75.6
23250,50.8
23500,26.400000000000002
23750,22.400000000000002
24000,16.8
24250,8.4
24500,9.6
24750,16.0
25000,44.4
25250,52.0
25500,56.00000000000001
25750,51.6
26000,64.8
26250,64.0
26500,55.2
26750,47.199999999999996
27000,95.6
27250,75.2
27500,67.2
27750,85.2
28000,54.400000000000006
28250,90.0
28500,65.60000000000001
28750,69.19999999999999
29000,95.19999999999999
29250,52.400000000000006
29500,85.2
29750,73.2
30000,68.8
