250,33.2
500,35.199999999999996
750,27.200000000000003
1000,24.0
1250,28.799999999999997
1500,22.400000000000002
1750,15.2
2000,30.0
2250,14.799999999999999
2500,16.0
2750,27.200000000000003
3000,20.4
3250,23.200000000000003
3500,28.4
3750,26.400000000000002
4000,33.6
4250,29.599999999999998
4500,22.0
4750,32.0
5000,32.4
5250,31.6
5500,28.799999999999997
5750,24.8
6000,24.0
6250,24.4
6500,11.200000000000001
6750,15.6
7000,32.4
7250,26.400000000000002
7500,32.0
7750,29.599999999999998
8000,7.6
8250,22.8
8500,34.0
8750,34.0
9000,33.6
9250,20.8
9500,21.6
9750,36.0
10000,23.200000000000003
10250,28.799999999999997
10500,29.599999999999998
10750,23.200000000000003
11000,19.2
11250,17.2
11500,21.6
11750,24.0
12000,20.4
12250,18.8
12500,34.8
12750,26.8
13000,21.6
13250,26.400000000000002
13500,30.8
13750,24.0
14000,18.0
14250,13.600000000000001
14500,36.4
14750,28.000000000000004
15000,38.800000000000004
15250,21.2
15500,28.4
15750,19.2
16000,19.2
16250,15.2
16500,23.200000000000003
16750,16.0
17000,14.399999999999999
17250,22.0
17500,0.0
17750,7.6
18000,4.0
18250,6.4
18500,10.0
18750,31.6
19000,32.800000000000004
19250,48.8
19500,38.800000000000004
19750,35.6
20000,29.2
20250,40.0
20500,32.800000000000004
20750,19.2
21000,3.2
21250,14.399999999999999
21500,35.199999999999996
21750,29.2
22000,40.0
22250,38.4
22500,21.2
22750,22.0
23000,28.000000000000004
23250,6.0
23500,7.6
23750,22.0
24000,3.5999999999999996
24250,0.0
24500,0.0
24750,5.6000000000000005
25000,38.800000000000004
25250,45.2
25500,53.2
25750,51.6
26000,61.6
26250,64.0
26500,51.6
26750,46.400000000000006
27000,53.2
27250,42.0
27500,27.200000000000003
27750,45.2
28000,44.800000000000004
28250,41.199999999999996
28500,35.6
28750,65.60000000000001
29000,29.599999999999998
29250,46.800000000000004
29500,44.800000000000004
29750,38.800000000000004
30000,39.2
