250,33.2
500,35.199999999999996
750,27.200000000000003
1000,24.0
1250,40.400000000000006
1500,25.6
1750,22.400000000000002
2000,30.0
2250,23.599999999999998
2500,22.400000000000002
2750,37.6
3000,29.599999999999998
3250,24.0
3500,32.800000000000004
3750,31.6
4000,34.4
4250,33.2
4500,36.0
4750,32.4
5000,36.4
5250,42.4
5500,33.6
5750,25.2
6000,29.2
6250,26.0
6500,18.0
6750,24.0
7000,33.6
7250,28.000000000000004
7500,45.6
7750,29.599999999999998
8000,10.4
8250,25.6
8500,36.0
8750,34.0
9000,36.4
9250,24.0
9500,28.000000000000004
9750,40.8
10000,28.799999999999997
10250,34.0
10500,32.4
10750,23.599999999999998
11000,20.4
11250,18.0
11500,21.6
11750,24.4
12000,22.8
12250,19.6
12500,34.8
12750,27.6
13000,26.8
13250,32.4
13500,30.8
13750,24.8
14000,18.8
14250,13.600000000000001
14500,37.2
14750,28.4
15000,39.2
15250,26.400000000000002
15500,29.2
15750,20.4
16000,19.2
16250,17.599999999999998
16500,33.6
16750,19.6
17000,18.8
17250,22.0
17500,7.6
17750,16.0
18000,8.0
18250,12.0
18500,28.000000000000004
18750,34.0
19000,38.4
19250,48.8
19500,39.2
19750,38.800000000000004
20000,32.4
20250,43.2
20500,45.2
20750,24.8
21000,5.6000000000000005
21250,40.8
21500,35.6
21750,29.2
22000,49.2
22250,52.0
22500,46.0
22750,25.6
23000,75.6
23250,50.8
23500,26.400000000000002
23750,22.400000000000002
24000,16.8
24250,8.0
24500,9.6
24750,16.0
25000,44.4
25250,48.8
25500,53.2
25750,51.6
26000,64.8
26250,64.0
26500,55.2
26750,47.199999999999996
27000,95.6
27250,75.2
27500,67.2
27750,85.2
28000,54.0
28250,89.2
28500,65.60000000000001
28750,69.19999999999999
29000,95.19999999999999
29250,52.400000000000006
29500,85.2
29750,73.2
30000,67.60000000000001
