250,33.2
500,31.2
750,6.0
1000,0.4
1250,7.6
1500,20.8
1750,2.4
2000,22.0
2250,14.000000000000002
2500,0.0
2750,12.0
3000,16.8
3250,3.2
3500,7.6
3750,5.6000000000000005
4000,4.3999999999999995
4250,17.2
4500,6.0
4750,22.0
5000,32.0
5250,28.000000000000004
5500,22.0
5750,8.799999999999999
6000,14.000000000000002
6250,7.199999999999999
6500,0.0
6750,4.3999999999999995
7000,16.400000000000002
7250,8.4
7500,11.600000000000001
7750,28.799999999999997
8000,4.0
8250,7.199999999999999
8500,14.000000000000002
8750,28.000000000000004
9000,24.0
9250,12.4
9500,8.0
9750,20.0
10000,13.600000000000001
10250,2.8000000000000003
10500,3.2
10750,0.0
11000,0.0
11250,0.0
11500,0.0
11750,0.4
12000,0.0
12250,1.2
12500,8.4
12750,10.0
13000,16.8
13250,9.2
13500,7.6
13750,10.0
14000,1.2
14250,0.0
14500,20.4
14750,22.8
15000,28.4
15250,8.4
15500,16.0
15750,0.0
16000,5.6000000000000005
16250,4.0
16500,4.0
16750,3.2
17000,0.0
17250,2.4
17500,0.0
17750,6.0
18000,2.0
18250,4.0
18500,7.6
18750,10.4
19000,6.800000000000001
19250,46.0
19500,29.599999999999998
19750,10.4
20000,16.8
20250,25.2
20500,26.8
20750,14.000000000000002
21000,0.4
21250,11.200000000000001
21500,33.2
21750,23.200000000000003
22000,22.8
22250,8.0
22500,0.0
22750,4.0
23000,17.2
23250,5.6000000000000005
23500,0.0
23750,7.6
24000,0.0
24250,0.0
24500,0.0
24750,5.6000000000000005
25000,24.8
25250,40.400000000000006
25500,45.2
25750,48.0
26000,60.0
26250,60.8
26500,40.0
26750,46.400000000000006
27000,28.4
27250,25.2
27500,17.599999999999998
27750,26.8
28000,40.8
28250,22.400000000000002
28500,3.2
28750,56.00000000000001
29000,19.2
29250,14.399999999999999
29500,29.2
29750,14.000000000000002
30000,29.599999999999998
