250,33.2
500,35.199999999999996
750,27.200000000000003
1000,24.0
1250,40.400000000000006
1500,26.0
1750,22.400000000000002
2000,30.8
2250,34.4
2500,46.800000000000004
2750,52.400000000000006
3000,56.00000000000001
3250,37.6
3500,35.199999999999996
3750,38.0
4000,53.6
4250,54.400000000000006
4500,55.60000000000001
4750,53.2
5000,39.6
5250,42.8
5500,58.8
5750,51.2
6000,52.0
6250,37.6
6500,20.4
6750,30.8
7000,52.0
7250,52.0
7500,59.199999999999996
7750,53.2
8000,16.0
8250,27.200000000000003
8500,48.4
8750,57.199999999999996
9000,56.39999999999999
9250,57.199999999999996
9500,36.8
9750,42.4
10000,48.0
10250,52.400000000000006
10500,52.0
10750,41.199999999999996
11000,21.6
11250,18.8
11500,22.0
11750,24.4
12000,23.200000000000003
12250,20.8
12500,34.8
12750,29.599999999999998
13000,26.8
13250,34.0
13500,30.8
13750,24.8
14000,18.8
14250,15.6
14500,39.2
14750,30.4
15000,39.2
15250,27.200000000000003
15500,31.6
15750,20.8
16000,26.0
16250,42.4
16500,52.400000000000006
16750,46.400000000000006
17000,34.8
17250,22.0
17500,9.2
17750,38.800000000000004
18000,33.6
18250,41.199999999999996
18500,42.0
18750,36.0
19000,40.400000000000006
19250,71.6
19500,60.8
19750,64.8
20000,45.6
20250,45.2
20500,64.4
20750,43.2
21000,5.6000000000000005
21250,69.6
21500,49.6
21750,33.2
22000,72.8
22250,73.6
22500,46.0
22750,26.8
23000,76.4
23250,52.0
23500,28.000000000000004
23750,29.2
24000,16.8
24250,8.799999999999999
24500,9.6
24750,19.2
25000,47.199999999999996
25250,52.400000000000006
25500,56.00000000000001
25750,55.60000000000001
26000,70.39999999999999
26250,64.4
26500,56.39999999999999
26750,47.199999999999996
27000,95.6
27250,75.2
27500,67.2
27750,85.2
28000,54.400000000000006
28250,91.2
28500,65.60000000000001
28750,69.19999999999999
29000,95.19999999999999
29250,52.400000000000006
29500,85.2
29750,73.2
30000,69.19999999999999
