250,33.2
500,35.199999999999996
750,27.200000000000003
1000,24.0
1250,40.400000000000006
1500,26.0
1750,22.400000000000002
2000,30.8
2250,34.4
2500,46.800000000000004
2750,52.400000000000006
3000,57.199999999999996
3250,38.0
3500,35.6
3750,38.800000000000004
4000,54.400000000000006
4250,54.400000000000006
4500,55.60000000000001
4750,54.0
5000,39.6
5250,62.8
5500,85.6
5750,98.8
6000,98.4
6250,85.2
6500,71.2
6750,82.8
7000,98.4
7250,98.8
7500,99.2
7750,98.0
8000,72.39999999999999
8250,56.8
8500,70.8
8750,83.6
9000,85.6
9250,93.2
9500,62.8
9750,44.800000000000004
10000,89.60000000000001
10250,97.2
10500,98.0
10750,89.2
11000,70.8
11250,69.19999999999999
11500,72.0
11750,72.8
12000,73.2
12250,68.4
12500,58.4
12750,55.2
13000,52.800000000000004
13250,57.99999999999999
13500,55.60000000000001
13750,49.6
14000,47.199999999999996
14250,39.2
14500,46.400000000000006
14750,67.60000000000001
15000,75.2
15250,75.6
15500,67.60000000000001
15750,46.400000000000006
16000,56.8
16250,68.4
16500,74.8
16750,70.8
17000,59.599999999999994
17250,45.2
17500,34.4
17750,67.2
18000,62.4
18250,67.2
18500,70.0
18750,61.6
19000,63.6
19250,76.0
19500,60.8
19750,64.8
20000,46.400000000000006
20250,48.8
20500,64.8
20750,43.6
21000,5.6000000000000005
21250,69.6
21500,50.8
21750,35.6
22000,72.8
22250,78.8
22500,51.6
22750,34.4
23000,79.2
23250,52.0
23500,31.6
23750,31.2
24000,16.8
24250,16.0
24500,9.6
24750,29.599999999999998
25000,47.199999999999996
25250,52.800000000000004
25500,56.00000000000001
25750,56.39999999999999
26000,85.2
26250,97.2
26500,93.60000000000001
26750,47.199999999999996
27000,95.6
27250,75.2
27500,67.2
27750,85.2
28000,54.800000000000004
28250,92.0
28500,65.60000000000001
28750,69.19999999999999
29000,95.19999999999999
29250,94.8
29500,98.8
29750,99.6
30000,99.2
