250,33.2
500,35.199999999999996
750,27.200000000000003
1000,24.0
1250,40.400000000000006
1500,24.0
1750,22.0
2000,30.0
2250,23.599999999999998
2500,16.8
2750,37.6
3000,23.599999999999998
3250,23.599999999999998
3500,29.599999999999998
3750,29.599999999999998
4000,34.0
4250,30.8
4500,34.4
4750,32.4
5000,32.4
5250,32.4
5500,32.0
5750,24.8
6000,24.8
6250,26.0
6500,14.799999999999999
6750,19.2
7000,33.6
7250,27.200000000000003
7500,45.6
7750,29.599999999999998
8000,10.4
8250,24.4
8500,36.0
8750,34.0
9000,36.4
9250,23.599999999999998
9500,23.599999999999998
9750,36.4
10000,23.200000000000003
10250,33.2
10500,32.4
10750,23.200000000000003
11000,20.0
11250,17.599999999999998
11500,21.6
11750,24.4
12000,20.4
12250,19.6
12500,34.8
12750,27.6
13000,26.8
13250,28.000000000000004
13500,30.8
13750,24.8
14000,18.0
14250,13.600000000000001
14500,37.2
14750,28.4
15000,38.800000000000004
15250,24.8
15500,29.2
15750,20.0
16000,19.2
16250,15.6
16500,33.6
16750,19.6
17000,16.400000000000002
17250,22.0
17500,7.6
17750,15.6
18000,6.800000000000001
18250,8.799999999999999
18500,11.600000000000001
18750,34.0
19000,33.6
19250,48.8
19500,38.800000000000004
19750,35.6
20000,31.6
20250,42.0
20500,38.4
20750,22.400000000000002
21000,5.2
21250,33.2
21500,35.199999999999996
21750,29.2
22000,47.199999999999996
22250,39.2
22500,21.6
22750,22.400000000000002
23000,37.6
23250,13.600000000000001
23500,25.2
23750,22.0
24000,16.8
24250,6.800000000000001
24500,9.6
24750,14.000000000000002
25000,41.199999999999996
25250,48.8
25500,53.2
25750,51.6
26000,64.8
26250,64.0
26500,53.2
26750,46.400000000000006
27000,95.6
27250,75.2
27500,67.2
27750,84.0
28000,48.4
28250,86.0
28500,65.60000000000001
28750,69.19999999999999
29000,95.19999999999999
29250,52.400000000000006
29500,85.2
29750,73.2
30000,67.60000000000001
