250,33.2,100.0
500,35.199999999999996,100.0
750,27.200000000000003,100.0
1000,24.0,100.0
1250,40.400000000000006,100.0
1500,26.0,100.0
1750,22.400000000000002,100.0
2000,30.8,100.0
2250,34.4,100.0
2500,46.800000000000004,100.0
2750,52.400000000000006,100.0
3000,57.199999999999996,100.0
3250,38.0,100.0
3500,35.6,100.0
3750,38.800000000000004,100.0
4000,54.400000000000006,100.0
4250,54.400000000000006,100.0
4500,55.60000000000001,100.0
4750,54.0,100.0
5000,39.6,100.0
5250,62.8,100.0
5500,85.6,100.0
5750,98.8,100.0
6000,98.4,100.0
6250,85.2,100.0
6500,71.2,68.949488689185
6750,82.8,73.28641370869033
7000,98.4,76.8643031784841
7250,98.8,80.42748091603053
7500,99.2,83.4909978638999
7750,98.0,86.95519658640659
8000,65.2,90.75630252100841
8250,32.800000000000004,91.32366005330175
8500,48.4,91.39404656646036
8750,58.8,91.56769596199526
9000,60.4,91.59437630870477
9250,66.4,6.685126582278481
9500,40.0,14.360704911886014
9750,44.800000000000004,19.44045911047346
10000,89.60000000000001,26.30824372759857
10250,97.2,31.866572036905605
10500,98.0,37.234042553191486
10750,89.2,42.04425711275026
11000,70.8,99.96555287633483
11250,69.19999999999999,99.93222636394442
11500,72.0,99.96685449121644
11750,72.8,99.96758508914101
12000,73.2,99.96827411167513
12250,68.8,99.96807151979566
12500,58.4,99.72014925373134
12750,55.2,99.84962406015038
13000,52.800000000000004,99.88378849506101
13250,57.99999999999999,99.97178329571106
13500,55.2,99.91668980838656
13750,49.6,99.91950630533941
14000,30.0,99.15492957746478
14250,18.4,99.97206703910615
14500,46.400000000000006,99.97277429893819
14750,67.60000000000001,99.97310381925767
15000,64.4,97.22826086956522
15250,68.4,95.80193756727664
15500,67.60000000000001,96.07481559536353
15750,46.800000000000004,96.35575942915392
16000,62.0,96.85785536159601
16250,93.60000000000001,98.68027888446214
16500,97.2,99.97510580034852
16750,95.6,99.97500000000001
17000,86.0,99.97471554993679
17250,70.39999999999999,99.97535731887629
17500,59.599999999999994,99.97594419052201
17750,94.39999999999999,99.97528423133959
18000,92.0,99.97491219267435
18250,93.2,99.97475385003787
18500,77.60000000000001,99.97412677878395
18750,62.0,99.972647702407
19000,49.2,2.737467018469657
19250,72.39999999999999,1.2699446434386192
19500,60.8,8.121827411167512
19750,65.2,99.96884735202492
20000,46.400000000000006,99.96932515337423
20250,48.4,99.97020262216924
20500,64.8,99.97090485888856
20750,43.6,99.94405594405595
21000,5.6000000000000005,99.91989319092123
21250,69.6,99.94720168954593
21500,50.8,99.97439180537772
21750,35.6,99.97534516765286
22000,72.8,99.92721979621543
22250,74.4,99.75568043000244
22500,46.400000000000006,99.9248873309965
22750,43.2,99.92418498862776
23000,98.4,98.00252844500632
23250,74.8,97.79338014042126
23500,63.2,96.11029049729197
23750,54.400000000000006,93.72873116188624
24000,38.4,93.21309919316563
24250,52.400000000000006,93.18921431892143
24500,42.8,93.34085778781038
24750,42.8,93.63616414307658
25000,47.199999999999996,93.95299145299145
25250,52.800000000000004,94.11764705882352
25500,56.00000000000001,94.28804569563444
25750,57.99999999999999,94.44555444555445
26000,85.2,94.53714739769566
26250,97.2,94.6010321556173
26500,93.60000000000001,94.63684939639818
26750,47.199999999999996,94.77338476374156
27000,95.6,94.78444957659738
27250,75.2,97.17459080280592
27500,67.60000000000001,95.34284581847008
27750,85.2,92.1498306435545
28000,54.800000000000004,91.26512200123027
28250,91.60000000000001,91.29899445926533
28500,65.60000000000001,91.36240350511162
28750,69.19999999999999,91.26397974256172
29000,95.19999999999999,91.28604504314882
29250,52.400000000000006,90.74355083459787
29500,85.2,90.74195666447801
29750,73.2,95.99717447610078
30000,69.19999999999999,99.29039301310044
