250,33.2,100.0
500,35.199999999999996,100.0
750,27.200000000000003,100.0
1000,24.0,100.0
1250,40.400000000000006,100.0
1500,26.0,100.0
1750,22.400000000000002,100.0
2000,30.8,100.0
2250,34.4,100.0
2500,46.800000000000004,100.0
2750,52.400000000000006,4.3454345434543455
3000,57.199999999999996,15.720978656949505
3250,38.0,23.795761078998073
3500,35.6,29.964221824686945
3750,37.2,34.955937893411665
4000,54.400000000000006,39.56748097717261
4250,54.400000000000006,44.23592493297587
4500,55.60000000000001,46.54665686994856
4750,54.0,48.78392668311597
5000,39.2,51.54052243804421
5250,61.199999999999996,54.61038961038961
5500,84.39999999999999,57.24847315975571
5750,97.6,61.071887034659824
6000,98.4,64.83974358974359
6250,85.2,69.02122267975926
6500,71.2,73.61412201920099
6750,81.2,77.75397796817626
7000,98.4,81.32640586797066
7250,98.8,84.88549618320612
7500,99.2,87.94629234055539
7750,83.2,90.60092449922959
8000,38.0,93.62229102167183
8250,27.6,94.51256897608829
8500,48.0,94.53935326418548
8750,55.2,99.96613613274636
9000,56.39999999999999,99.96489996489997
9250,50.8,99.96004794246903
9500,36.0,99.8109640831758
9750,41.199999999999996,99.71119133574007
10000,76.0,99.61034360609281
10250,84.8,99.18497519489723
10500,98.0,99.9645390070922
10750,89.2,99.96487530734106
11000,70.0,99.96555287633483
11250,69.19999999999999,99.93222636394442
11500,70.8,99.90056347364931
11750,72.8,99.90275526742302
12000,73.2,99.90482233502537
12250,66.4,99.96807151979566
12500,55.60000000000001,99.31592039800995
12750,55.2,99.66917293233082
13000,52.800000000000004,99.70947123765252
13250,57.599999999999994,99.77426636568849
13500,36.0,99.96998799519808
13750,25.2,99.97078586035641
14000,19.6,99.94316567206593
14250,16.0,99.9720514253773
14500,45.2,99.9450247388675
14750,59.199999999999996,98.53752759381898
15000,59.199999999999996,98.16186556927298
15250,75.2,98.4041114417095
15500,65.2,98.22234014327408
15750,46.400000000000006,98.40944073884043
16000,56.39999999999999,97.07573106723319
16250,67.2,97.05665930831493
16500,97.2,98.6019131714496
16750,95.6,99.95092024539878
17000,85.2,99.97543601080817
17250,69.6,99.9755082047514
17500,59.599999999999994,99.97594419052201
17750,93.2,99.97528423133959
18000,91.60000000000001,99.97491219267435
18250,76.0,99.9745417515275
18500,52.800000000000004,99.96874023132229
18750,46.0,99.96851385390428
19000,40.400000000000006,99.96666666666667
19250,71.6,99.93444772205834
19500,60.4,99.93646759847522
19750,60.4,99.90645463049579
20000,36.0,99.96926859250154
20250,43.6,99.94035192365047
20500,63.2,99.94174191669094
20750,43.2,99.9439932791935
21000,5.6000000000000005,99.91989319092123
21250,64.4,99.89440337909187
21500,50.8,99.97439180537772
21750,35.199999999999996,99.97535731887629
22000,72.39999999999999,99.97575169738118
22250,74.0,99.70695970695971
22500,46.400000000000006,99.92492492492492
22750,31.2,99.41431117901706
23000,80.80000000000001,99.12461380020598
23250,74.8,99.56599438345673
23500,63.2,97.82009521423201
23750,65.2,95.99213179247603
24000,48.8,96.11164122137404
24250,52.0,96.09721897639636
24500,33.2,95.53123575011399
24750,29.599999999999998,95.15300424391333
25000,46.400000000000006,95.36956521739131
25250,52.400000000000006,95.46033092914722
25500,55.60000000000001,95.58274574865202
25750,57.599999999999994,95.67512690355329
26000,84.0,95.68025837706904
26250,96.8,95.70391286809196
26500,93.2,95.71687110396138
26750,47.199999999999996,95.82761998041136
27000,95.6,95.83659108678656
27250,75.2,98.21958456973294
27500,67.60000000000001,97.44784281952603
27750,85.2,94.58077709611452
28000,54.800000000000004,94.12255106294289
28250,90.4,94.25407438361889
28500,65.60000000000001,94.27480916030534
28750,69.19999999999999,96.10076670317635
29000,95.19999999999999,96.11098973126502
29250,52.400000000000006,98.97213957262645
29500,85.2,99.9714937286203
29750,73.2,98.0914874280521
30000,68.8,97.30399752091726
