250,33.2,100.0
500,35.199999999999996,100.0
750,27.200000000000003,100.0
1000,24.0,100.0
1250,40.400000000000006,100.0
1500,26.0,100.0
1750,22.400000000000002,100.0
2000,30.8,100.0
2250,34.4,100.0
2500,46.800000000000004,100.0
2750,52.400000000000006,100.0
3000,57.199999999999996,100.0
3250,38.0,9.663461538461538
3500,35.6,18.21428571428571
3750,37.2,24.256388772517802
4000,54.400000000000006,29.748100759696122
4250,54.400000000000006,34.83747609942638
4500,55.60000000000001,39.17828319882612
4750,54.0,43.048222456881376
5000,39.2,46.08695652173913
5250,62.0,49.35107073329007
5500,84.8,52.104079665917126
5750,98.0,55.93329057087877
6000,98.4,59.70531710442024
6250,85.2,63.94428616650839
6500,71.2,68.64747756112659
6750,82.0,72.92176039119805
7000,98.4,76.49572649572649
7250,98.8,80.05489478499543
7500,99.2,83.11490399268516
7750,97.6,86.54490106544901
8000,65.2,90.64748201438849
8250,32.4,91.1860396332446
8500,48.0,91.22755372387401
8750,55.60000000000001,91.22182680901541
9000,60.4,91.38498354771164
9250,50.8,99.96034892942109
9500,36.4,99.8874296435272
9750,41.199999999999996,99.74883387154647
10000,76.0,99.68298696724199
10250,90.0,99.2912827781715
10500,98.0,99.9645390070922
10750,89.2,99.96487530734106
11000,70.0,99.96555287633483
11250,69.19999999999999,99.93222636394442
11500,70.8,99.90056347364931
11750,72.8,99.90275526742302
12000,73.2,99.90482233502537
12250,66.4,99.96807151979566
12500,56.00000000000001,99.31592039800995
12750,55.2,99.66917293233082
13000,52.800000000000004,99.70947123765252
13250,57.599999999999994,99.77426636568849
13500,55.2,99.91668980838656
13750,49.6,99.91950630533941
14000,30.0,99.01547116736991
14250,16.0,99.97206703910615
14500,45.6,99.97277429893819
14750,59.199999999999996,98.48317705460563
15000,63.6,97.8130125751777
15250,75.2,97.9536887452881
15500,67.60000000000001,98.02319451765946
15750,46.400000000000006,98.21565128728015
16000,56.39999999999999,98.16149068322981
16250,76.4,98.79695556101153
16500,97.2,98.94426712496931
16750,95.6,99.23832923832924
17000,85.2,99.97536338999754
17250,69.6,99.9754058042302
17500,59.599999999999994,99.97557401074744
17750,93.2,99.97528423133959
18000,91.60000000000001,99.97491219267435
18250,93.2,99.97475385003787
18500,76.8,99.97412677878395
18750,60.0,99.972647702407
19000,48.4,99.96701846965699
19250,71.6,99.9674373168349
19500,60.4,99.96827411167513
19750,60.4,99.96884735202492
20000,44.0,99.96932515337423
20250,43.6,99.97020262216924
20500,63.2,99.94180971777713
20750,43.2,99.94405594405595
21000,5.6000000000000005,99.91989319092123
21250,64.4,99.89440337909187
21500,50.8,99.97439180537772
21750,35.199999999999996,99.97534516765286
22000,72.39999999999999,99.92721979621543
22250,74.0,99.75568043000244
22500,46.400000000000006,99.9248873309965
22750,31.2,99.43963321446765
23000,90.0,99.23195084485407
23250,74.8,99.00990099009901
23500,63.2,97.2838275604286
23750,66.8,97.3388671875
24000,49.2,97.41889651906229
24250,48.8,95.46722454672245
24500,42.8,95.53047404063206
24750,41.199999999999996,95.56725916172921
25000,47.199999999999996,95.81196581196582
25250,52.800000000000004,95.93241551939926
25500,55.60000000000001,96.02203182374541
25750,57.599999999999994,96.1038961038961
26000,84.0,96.04688120778705
26250,96.8,96.06986899563319
26500,93.2,96.06174549772413
26750,47.199999999999996,96.16200578592093
27000,95.6,96.17013086989992
27250,75.2,97.81761496492595
27500,67.60000000000001,95.34284581847008
27750,85.2,92.1498306435545
28000,54.800000000000004,91.26512200123027
28250,90.4,91.23743074081675
28500,65.60000000000001,91.29981222616316
28750,69.19999999999999,91.20067524794261
29000,95.19999999999999,91.22290044201222
29250,52.400000000000006,90.5484500325168
29500,85.2,90.67629678266579
29750,73.2,95.88138385502472
30000,68.8,99.20937840785169
