50,22.0,0.0
100,52.0,0.0
150,60.0,0.0
200,18.0,0.0
250,14.000000000000002,0.0
300,18.0,0.0
350,36.0,0.0
400,56.00000000000001,0.0
450,46.0,0.0
500,20.0,0.0
550,34.0,0.0
600,32.0,0.0
650,16.0,0.0
700,32.0,0.0
750,22.0,0.0
800,10.0,0.0
850,30.0,0.0
900,26.0,0.0
950,26.0,0.0
1000,28.000000000000004,0.0
1050,50.0,0.0
1100,68.0,0.0
1150,18.0,0.0
1200,26.0,4.634146341463414
1250,40.0,10.352941176470589
1300,20.0,15.505617977528091
1350,26.0,18.554476806903992
1400,28.000000000000004,15.472481827622014
1450,28.000000000000004,12.812812812812812
1500,28.000000000000004,15.265700483091788
1550,34.0,17.134831460674157
1600,22.0,21.04787714543812
1650,14.000000000000002,24.60869565217391
1700,16.0,26.174496644295303
1750,26.0,24.735557363710335
1800,30.0,17.405063291139243
1850,36.0,9.25925925925926
1900,28.000000000000004,9.00900900900901
1950,32.0,9.809663250366032
2000,28.000000000000004,9.985734664764621
2050,26.0,10.979847116052815
2100,38.0,12.108843537414966
2150,42.0,15.210140093395596
2200,34.0,2.219321148825065
2250,32.0,2.490421455938697
2300,42.0,5.579937304075235
2350,50.0,8.580246913580247
2400,46.0,11.475409836065573
2450,46.0,14.277180406212665
2500,40.0,17.060212514757968
2550,46.0,14.642649622312609
2600,50.0,14.318442153493699
2650,44.0,15.501691093573843
2700,66.0,2.233389168062535
2750,56.00000000000001,2.095973524544953
2800,48.0,4.790419161676647
2850,38.0,1.95971692977681
2900,36.0,2.0607375271149677
2950,14.000000000000002,0.6497022198159177
3000,28.000000000000004,1.7751479289940828
3050,36.0,0.7498660953401178
3100,40.0,2.0266666666666664
3150,30.0,4.631578947368421
3200,18.0,7.109737248840804
3250,8.0,9.47103274559194
3300,32.0,0.7940446650124069
3350,32.0,0.6832601268911664
3400,38.0,0.6730769230769231
3450,42.0,1.849217638691323
3500,18.0,1.3084112149532712
3550,16.0,3.2228360957642725
3600,32.0,0.31789282470481384
3650,18.0,0.8053691275167786
3700,46.0,2.6548672566371683
3750,54.0,2.4091108190976787
3800,60.0,2.909248805905341
3850,60.0,3.142488161859664
3900,50.0,5.238500851788756
3950,52.0,7.293423271500843
4000,50.0,9.303295786399666
4050,57.99999999999999,9.305210918114144
4100,56.00000000000001,7.745901639344262
4150,48.0,7.826439578264396
4200,52.0,7.791164658634537
4250,57.99999999999999,8.403026682596575
4300,62.0,1.0276679841897234
4350,66.0,1.9630938358853551
4400,48.0,3.8865137971239796
4450,50.0,5.773672055427252
4500,52.0,7.627765064836003
4550,52.0,7.671957671957672
4600,54.0,7.418508804795803
4650,52.0,6.23839584106944
4700,66.0,3.4317343173431736
4750,42.0,1.936426744610888
4800,40.0,3.614022406938923
4850,36.0,4.787424080028582
4900,30.0,5.010585744530699
4950,38.0,0.4542278127183787
5000,52.0,0.38115038115038113
5050,38.0,0.17164435290078955
5100,24.0,0.7793968146391054
5150,26.0,0.7705192629815745
5200,54.0,0.4323245759893582
5250,76.0,0.8280887711162637
5300,84.0,0.6276841757515692
5350,76.0,0.29634507737899246
5400,88.0,1.0190664036817882
5450,94.0,0.39421813403416556
5500,80.0,0.32786885245901637
5550,82.0,0.556282722513089
5600,74.0,1.0752688172043012
5650,100.0,0.6842619745845552
5700,92.0,0.7830342577487764
5750,94.0,2.411994784876141
5800,100.0,4.041720990873533
5850,100.0,5.6714471968709255
5900,92.0,6.022135416666666
5950,100.0,5.794270833333334
6000,100.0,11.458333333333332
6050,100.0,6.282552083333333
6100,76.0,7.282821685173089
6150,54.0,6.7669172932330826
6200,50.0,6.7973856209150325
6250,46.0,6.403136229990198
6300,48.0,7.99739921976593
6350,48.0,9.585492227979273
6400,48.0,11.164891900613101
6450,24.0,12.703296703296704
6500,18.0,10.924006908462868
6550,32.0,8.212765957446809
6600,38.0,6.4678706425871475
6650,22.0,7.336390162567737
6700,20.0,8.113848768054375
6750,44.0,8.312342569269521
6800,54.0,1.8711018711018712
6850,52.0,1.6467682173734046
6900,54.0,1.7128874388254487
6950,50.0,1.6148566814695196
7000,50.0,1.7186250999200638
7050,56.00000000000001,1.9809825673534072
7100,48.0,1.647058823529412
7150,50.0,1.9029126213592233
7200,50.0,1.8846153846153846
7250,57.99999999999999,2.174742464708127
7300,64.0,0.189465706707086
7350,66.0,0.9036144578313252
7400,54.0,0.6718924972004479
7450,56.00000000000001,0.777489818585709
7500,56.00000000000001,0.7712082262210797
7550,57.99999999999999,0.7653061224489796
7600,50.0,0.7222824124232575
7650,56.00000000000001,0.895736295234683
7700,52.0,0.6851785070320953
7750,48.0,1.0003572704537336
7800,32.0,0.953053300388281
7850,6.0,1.3194444444444444
7900,14.000000000000002,2.0526855969893942
7950,22.0,3.013392857142857
8000,16.0,0.2605135839225903
8050,24.0,0.8455882352941176
8100,30.0,0.8714596949891068
8150,30.0,0.6101938262742284
8200,32.0,1.8085106382978722
8250,16.0,0.6706671373102718
8300,16.0,0.4869565217391304
8350,40.0,0.3098106712564544
8400,60.0,0.8888888888888888
8450,62.0,0.5095108695652174
8500,62.0,0.6927606511950122
8550,52.0,0.9689140088817118
8600,57.99999999999999,0.8993576017130621
8650,57.99999999999999,0.6791171477079796
8700,54.0,0.5884825556956704
8750,52.0,0.08322929671244278
8800,60.0,0.33016921172100705
8850,57.99999999999999,0.4510045100451004
8900,50.0,0.8227067050596462
8950,56.00000000000001,1.222992254382389
9000,56.00000000000001,1.3737373737373737
9050,54.0,1.5028432168968318
9100,50.0,1.8227009113504555
9150,54.0,1.9900497512437811
9200,42.0,2.152317880794702
9250,54.0,1.192924722336487
9300,68.0,1.9230769230769231
9350,36.0,0.12121212121212122
9400,36.0,1.2779552715654952
9450,14.000000000000002,1.84821077467558
9500,26.0,3.4563106796116503
9550,38.0,5.333844973138911
9600,44.0,1.89897455374098
9650,32.0,3.7678975131876418
9700,18.0,5.530809205642168
9750,74.0,0.7393715341959335
9800,84.0,1.4831294030404154
9850,60.0,2.1908652060898626
9900,72.0,4.031065088757396
9950,57.99999999999999,5.8348623853211015
10000,72.0,7.636097917427841
10050,76.0,9.421607857402691
10100,76.0,10.467222021006881
10150,57.99999999999999,9.499637418419145
10200,60.0,10.303687635574837
10250,74.0,1.0075566750629723
10300,78.0,0.10752688172043011
10350,76.0,1.284796573875803
10400,84.0,1.886120996441281
10450,90.0,2.9547881808472765
10500,66.0,4.265908282971917
10550,57.99999999999999,6.021962451292951
10600,76.0,7.793127878143818
10650,76.0,9.560906515580736
10700,62.0,11.05616389968209
10750,57.99999999999999,10.594860964449138
10800,30.0,11.352487736510161
10850,18.0,10.22964509394572
10900,48.0,10.249307479224377
10950,52.0,10.106933425319076
11000,34.0,10.05181347150259
11050,24.0,11.049723756906078
11100,26.0,11.537132987910189
11150,28.000000000000004,12.620689655172415
11200,34.0,13.028532141629427
11250,52.0,12.108703130374957
11300,30.0,12.733260153677278
11350,34.0,12.745490981963927
11400,26.0,12.302215189873419
11450,14.000000000000002,11.824192921042396
11500,12.0,12.973593570608497
11550,22.0,6.787330316742081
11600,26.0,8.553365563406471
11650,30.0,10.279001468428781
11700,28.000000000000004,11.014492753623188
11750,16.0,9.992862241256246
11800,16.0,9.46808510638298
11850,24.0,10.097597597597598
11900,26.0,10.329507589781564
11950,20.0,11.419190076614374
12000,30.0,11.203170028818443
12050,14.000000000000002,12.321937321937321
12100,12.0,12.903225806451612
12150,16.0,12.320112320112319
12200,26.0,12.864431486880468
12250,38.0,1.7297297297297298
12300,38.0,1.2125805229253506
12350,34.0,0.8662900188323917
12400,16.0,0.8520526723470179
12450,36.0,0.8076923076923077
12500,34.0,1.1039208222306813
12550,24.0,1.0542168674698795
12600,24.0,0.8908685968819599
12650,32.0,0.5498533724340177
12700,30.0,0.5070626584570808
12750,38.0,0.42979942693409745
12800,24.0,1.0215249908792412
12850,30.0,2.5576368876080693
12900,32.0,2.740213523131673
12950,28.000000000000004,1.651440618411806
13000,28.000000000000004,1.6655100624566272
13050,34.0,0.4125128910278446
13100,40.0,0.47635250085062947
13150,22.0,1.0745466756212223
13200,38.0,0.49883604921849023
13250,38.0,0.4945598417408506
13300,36.0,0.3915171288743882
13350,26.0,0.2579812963560142
13400,32.0,0.415202810603641
13450,32.0,1.6429699842022119
13500,34.0,2.8767979987492183
13550,30.0,3.8663779771110423
13600,14.000000000000002,4.853479853479854
13650,26.0,5.795351645034712
13700,26.0,5.253731343283582
13750,28.000000000000004,5.936207914943887
13800,0.0,6.89755529685681
13850,18.0,7.909117054932413
13900,24.0,8.066361556064074
13950,26.0,8.01254633589963
14000,30.0,5.200341005967604
14050,20.0,6.072644721906924
14100,6.0,7.138777841233581
14150,18.0,8.015805814281682
14200,6.0,8.704170165127344
14250,30.0,9.050279329608939
14300,30.0,7.7827547592385224
14350,24.0,8.421052631578947
14400,32.0,5.677097756854057
14450,74.0,1.434878587196468
14500,66.0,1.098599285910464
14550,70.0,0.87527352297593
14600,50.0,0.7342942616263258
14650,70.0,1.4897074756229687
14700,66.0,2.841677943166441
14750,40.0,4.274682846111418
14800,54.0,4.85249517507582
14850,50.0,5.3517241379310345
14900,57.99999999999999,0.5239933811362383
14950,56.00000000000001,0.5506607929515419
15000,50.0,1.7094017094017095
15050,50.0,3.088803088803089
15100,54.0,4.466501240694789
15150,50.0,5.843439911797133
15200,50.0,7.211670795485825
15250,76.0,0.2200825309491059
15300,64.0,0.30353200883002207
15350,64.0,0.30386740331491713
15400,32.0,0.19299696719051557
15450,16.0,0.33048746901679976
15500,26.0,0.4947773501924134
15550,24.0,1.5089163237311385
15600,26.0,2.351654361498496
15650,22.0,3.024523160762943
15700,14.000000000000002,3.6363636363636362
15750,24.0,4.262829215313603
15800,2.0,4.82683392418871
15850,12.0,5.45404963185165
15900,6.0,6.36734693877551
15950,60.0,0.38419319429198684
16000,57.99999999999999,0.5234159779614325
16050,52.0,0.4976499861763893
16100,44.0,0.528658875904285
16150,34.0,0.5877413937867338
16200,42.0,0.7309530503233062
16250,26.0,1.229256299938537
16300,44.0,1.4929920780012187
16350,46.0,1.7527954064672107
16400,52.0,1.8301830183018304
16450,54.0,1.907032181168057
16500,66.0,0.41506077675659653
16550,50.0,0.5346005346005346
16600,38.0,0.6182380216383307
16650,42.0,1.133578431372549
16700,52.0,1.7639902676399026
16750,50.0,2.3543616057953516
16800,50.0,3.153153153153153
16850,44.0,3.719383126700938
16900,36.0,3.7173579109062977
16950,20.0,3.0444237340789067
17000,22.0,2.7624309392265194
17050,26.0,2.8831562974203337
17100,32.0,3.0039050765995796
17150,24.0,3.0918460139436195
17200,22.0,0.4881025015253203
17250,2.0,0.6612563871355576
17300,0.0,1.031866464339909
17350,0.0,1.3751868460388639
17400,0.0,1.7215791035915702
17450,12.0,2.2592152199762188
17500,34.0,2.7082720047100386
17550,50.0,1.4488286066584464
17600,42.0,1.1039558417663293
17650,34.0,1.0664229128580134
17700,36.0,1.187214611872146
17750,40.0,1.1771808028976758
17800,32.0,1.4249525015832807
17850,30.0,1.641098822689975
17900,26.0,1.8309859154929577
17950,34.0,2.297250261051166
18000,46.0,0.5175983436853002
18050,52.0,0.5486968449931412
18100,34.0,0.7150153217568949
18150,38.0,0.6064690026954178
18200,40.0,0.6337558372248165
18250,42.0,1.2553683515031384
18300,50.0,1.343381389252949
18350,60.0,0.68762278978389
18400,50.0,0.3915171288743882
18450,20.0,0.42622950819672134
18500,26.0,0.6809338521400778
18550,26.0,1.0921940250562159
18600,40.0,0.5090677696468342
18650,46.0,0.4100946372239748
18700,36.0,0.5939356048765239
18750,28.000000000000004,0.48409405255878285
18800,22.0,1.059104885548343
18850,34.0,0.5405405405405406
18900,32.0,0.26746907388833163
18950,46.0,0.46666666666666673
19000,68.0,0.3691275167785235
19050,66.0,2.0353687020353686
19100,76.0,1.429046194749086
19150,60.0,0.3963011889035667
19200,76.0,1.5810276679841897
19250,78.0,2.3957991467016737
19300,72.0,1.8621365566808232
19350,62.0,2.1753246753246755
19400,78.0,2.9440310579100615
19450,44.0,0.9624639076034648
19500,46.0,1.3676844783715014
19550,26.0,1.9805092738132664
19600,56.00000000000001,0.28142589118198874
19650,78.0,0.4985976939856653
19700,84.0,0.27993779160186627
19750,56.00000000000001,1.8425983760149904
19800,57.99999999999999,2.2741433021806854
19850,28.000000000000004,0.18581604211830288
19900,28.000000000000004,0.09302325581395349
19950,2.0,0.7133995037220844
20000,40.0,0.7389162561576355
20050,44.0,0.7631257631257631
20100,32.0,0.3036744609778318
20150,42.0,0.2420574886535552
20200,48.0,0.3002101471029721
20250,52.0,0.5374738727978501
20300,56.00000000000001,0.7140731925022314
20350,68.0,0.8883624518803671
20400,72.0,2.241226776762017
20450,70.0,3.69935408103347
20500,50.0,5.016039661708953
20550,64.0,5.047867711053089
20600,68.0,3.6962171527577246
20650,66.0,5.120828538550057
20700,18.0,6.482797839067388
20750,0.0,7.793664143537987
20800,0.0,9.068288636991982
20850,14.000000000000002,5.46448087431694
20900,14.000000000000002,6.1841749932487176
20950,0.0,6.075139888089528
21000,0.0,6.648865153538051
21050,48.0,0.31940377961139205
21100,56.00000000000001,0.7731271660890429
21150,80.0,0.39904229848363926
21200,78.0,0.2653927813163482
21250,60.0,0.39609189331925004
21300,56.00000000000001,0.4728132387706856
21350,80.0,0.41939711664482304
21400,46.0,0.4165581879718824
21450,42.0,0.3102378490175801
21500,30.0,0.48680502177811935
21550,48.0,0.20366598778004072
21600,44.0,0.3538928210313448
21650,36.0,0.6529382219989954
21700,22.0,0.1492908683752177
21750,26.0,0.2465483234714004
21800,54.0,0.14709487619514586
21850,80.0,0.3179261433113231
21900,78.0,0.2926829268292683
21950,80.0,0.12165450121654502
22000,70.0,0.1455604075691412
22050,62.0,0.7753816331475648
22100,60.0,1.1630724497213472
22150,78.0,0.48543689320388345
22200,82.0,1.7787524366471734
22250,88.0,2.9318348399706817
22300,92.0,4.16258570029383
22350,66.0,0.3437269825681316
22400,12.0,0.2729528535980149
22450,28.000000000000004,0.3240279162512463
22500,34.0,0.3755633450175263
22550,32.0,0.42778057372924005
22600,28.000000000000004,0.30272452068617556
22650,30.0,0.1271617497456765
22700,32.0,0.3821656050955414
22750,34.0,0.3565970453387672
22800,72.0,0.7660878447395302
22850,74.0,0.7684426229508197
22900,94.0,2.0507562163547806
22950,90.0,3.336755646817249
23000,66.0,0.4896907216494845
23050,74.0,1.1904761904761905
23100,86.0,1.5535991714137753
23150,64.0,0.2925531914893617
23200,12.0,1.1312812417784792
23250,26.0,1.826722338204593
23300,36.0,2.786709539121115
23350,34.0,3.5059760956175303
23400,28.000000000000004,3.606212161095025
23450,28.000000000000004,3.877604853600633
23500,24.0,4.901141743247006
23550,38.0,5.024848150193264
23600,38.0,5.2069060016442865
23650,30.0,5.890336590662323
23700,18.0,7.16778523489933
23750,34.0,0.29948271167982576
23800,6.0,1.6397849462365592
23850,0.0,3.0344450519409514
23900,10.0,4.3478260869565215
23950,36.0,5.779238564776774
24000,32.0,7.11743772241993
24050,20.0,8.528843499861994
24100,20.0,10.41183294663573
24150,10.0,12.643321970870778
24200,10.0,14.75250727919767
24250,14.000000000000002,15.762603701340142
24300,2.0,17.090794847628025
24350,0.0,18.373028147231672
24400,0.0,19.616204690831555
24450,20.0,16.160096298525428
24500,26.0,16.36904761904762
24550,28.000000000000004,12.19799646434885
24600,28.000000000000004,13.974591651542651
24650,28.000000000000004,0.18359853121175032
24700,32.0,0.9996970614965162
24750,12.0,1.86487312748395
24800,50.0,0.6077180188392586
24850,50.0,0.3329297820823245
24900,46.0,0.21027335536197056
24950,42.0,0.9532320524277629
25000,42.0,0.325155187703222
25050,48.0,0.2054593484003522
25100,46.0,0.34954849985435477
25150,50.0,0.2891844997108155
25200,50.0,0.45937410278495555
25250,68.0,0.2857959416976279
25300,68.0,1.166429587482219
25350,48.0,2.5713478383724215
25400,50.0,2.55331088664422
25450,54.0,1.8399776972400335
25500,57.99999999999999,2.7993348115299335
25550,42.0,3.493810178817056
25600,52.0,2.596337797212353
25650,50.0,3.342391304347826
25700,48.0,4.349007882576787
25750,82.0,2.467462039045553
25800,56.00000000000001,2.7238403451995685
25850,80.0,2.743410435718128
25900,100.0,0.6186121570736955
25950,96.0,1.532258064516129
26000,88.0,1.480086114101184
26050,100.0,3.767491926803014
26100,90.0,2.338709677419355
26150,98.0,2.4200053777897286
26200,96.0,3.843052942757323
26250,98.0,2.6881720430107525
26300,96.0,0.914470145239376
26350,82.0,2.2538234504963777
26400,100.0,3.595385028172793
26450,100.0,4.400321974778643
26500,86.0,3.9635779325120515
26550,56.00000000000001,3.913738019169329
26600,28.000000000000004,1.3185654008438819
26650,56.00000000000001,2.6219192448872572
26700,54.0,2.111024237685692
26750,42.0,2.224521469218831
26800,84.0,1.1615900877645844
26850,100.0,0.8002065049044915
26900,100.0,2.0908621579762516
26950,94.0,3.120969822027341
27000,100.0,0.8769667268506577
27050,100.0,2.166623678101625
27100,100.0,3.456280629352592
27150,54.0,4.9743589743589745
27200,60.0,2.295918367346939
27250,62.0,2.767199796902767
27300,56.00000000000001,1.8682150971976774
27350,4.0,3.0431529059615863
27400,76.0,0.820691370305894
27450,100.0,1.4672966923650834
27500,100.0,2.511812981845312
27550,94.0,1.1928429423459244
27600,98.0,0.695998011434253
27650,100.0,1.9388516032811336
27700,78.0,0.5205751115518097
27750,54.0,1.5775203352230711
27800,57.99999999999999,2.7954879843060323
27850,50.0,2.6565927370216915
27900,56.00000000000001,2.4484848484848483
27950,46.0,2.5048169556840074
28000,64.0,3.0455635491606716
28050,78.0,0.3599712023038157
28100,94.0,1.2968299711815563
28150,98.0,2.498198414604852
28200,100.0,3.3869805428777324
28250,80.0,1.413850946561227
28300,100.0,2.6120297148334535
28350,78.0,3.8001912045889106
28400,64.0,4.995219885277247
28450,42.0,5.893581484132665
28500,44.0,3.865546218487395
28550,72.0,3.7063778580024067
28600,46.0,4.119941491955144
28650,42.0,3.679496489954006
28700,86.0,0.290838584585555
28750,100.0,0.9936984973339797
28800,100.0,2.2055259331071255
28850,100.0,3.223460979156568
28900,76.0,0.8699855002416627
28950,100.0,0.9908168197196714
29000,100.0,2.199130014499758
29050,82.0,3.8118410381184105
29100,56.00000000000001,5.1944519989121565
29150,12.0,6.901489117983964
29200,46.0,5.18327605956472
29250,66.0,5.49777117384844
29300,38.0,5.889281507656066
29350,94.0,0.5589879376287143
29400,100.0,2.0300088261253313
29450,100.0,0.29420417769932333
29500,94.0,1.0582010582010581
29550,100.0,2.5279247501469726
29600,86.0,3.6476868327402134
29650,64.0,5.149700598802395
29700,54.0,0.6929798131967461
29750,62.0,2.2141340612678193
29800,57.99999999999999,1.1280487804878048
29850,62.0,2.667893284268629
29900,24.0,1.2414649286157666
29950,100.0,0.8690254500310366
30000,100.0,2.4208566108007448
30050,100.0,0.3414028553693358
30100,100.0,1.4276846679081316
30150,100.0,2.97951582867784
30200,18.0,4.59263919471532
