200,65.63275023974074,34.36724976025925
400,55.943917198505346,44.05608280149466
600,54.472405013061746,45.52759498693826
800,52.62392116662809,47.376078833371906
1000,50.39185212129228,49.60814787870771
1200,48.6657187262326,51.3342812737674
1400,45.349029463311396,54.650970536688604
1600,42.68046691577659,57.31953308422341
1800,39.97222314076915,60.02777685923084
2000,38.060910684170494,61.9390893158295
2200,37.70047286796071,62.29952713203929
2400,37.389636586091726,62.61036341390827
2600,37.33342151383883,62.66657848616117
2800,37.22099136933302,62.77900863066698
3000,37.09533414900301,62.90466585099699
3200,37.032505538838,62.967494461162
3400,35.53123243278992,64.46876756721008
3600,35.33613306438279,64.66386693561721
3800,35.478324129493075,64.52167587050693
4000,34.27796699844582,65.72203300155418
