250,33.2
500,35.199999999999996
750,27.200000000000003
1000,24.0
1250,40.400000000000006
1500,26.0
1750,22.400000000000002
2000,30.8
2250,34.4
2500,44.800000000000004
2750,52.400000000000006
3000,53.6
3250,30.8
3500,33.6
3750,35.199999999999996
4000,54.400000000000006
4250,54.400000000000006
4500,55.60000000000001
4750,53.6
5000,39.2
5250,55.2
5500,84.39999999999999
5750,95.6
6000,98.4
6250,84.8
6500,51.2
6750,48.8
7000,52.0
7250,52.400000000000006
7500,59.199999999999996
7750,52.800000000000004
8000,18.8
8250,27.200000000000003
8500,48.0
8750,54.800000000000004
9000,56.00000000000001
9250,50.8
9500,36.0
9750,41.199999999999996
10000,76.0
10250,80.80000000000001
10500,98.0
10750,89.2
11000,49.6
11250,44.0
11500,46.800000000000004
11750,24.8
12000,23.200000000000003
12250,20.8
12500,32.4
12750,30.0
13000,27.200000000000003
13250,34.0
13500,32.4
13750,24.8
14000,22.0
14250,16.8
14500,45.2
14750,57.599999999999994
15000,54.800000000000004
15250,74.8
15500,67.60000000000001
15750,30.4
16000,33.2
16250,75.2
16500,74.8
16750,70.8
17000,59.599999999999994
17250,47.199999999999996
17500,34.4
17750,48.4
18000,38.0
18250,41.199999999999996
18500,41.6
18750,34.0
19000,36.8
19250,68.0
19500,57.199999999999996
19750,59.599999999999994
20000,42.0
20250,43.2
20500,62.0
20750,43.2
21000,5.6000000000000005
21250,64.4
21500,49.6
21750,37.2
22000,72.39999999999999
22250,73.6
22500,46.0
22750,40.400000000000006
23000,95.6
23250,73.6
23500,61.199999999999996
23750,64.4
24000,49.2
24250,20.4
24500,9.6
24750,23.200000000000003
25000,45.6
25250,50.4
25500,54.800000000000004
25750,54.800000000000004
26000,82.0
26250,97.2
26500,91.60000000000001
26750,47.199999999999996
27000,95.6
27250,75.2
27500,67.2
27750,84.39999999999999
28000,52.800000000000004
28250,88.4
28500,61.6
28750,62.8
29000,93.60000000000001
29250,48.4
29500,81.6
29750,70.8
30000,68.4
