250,33.2,0.0
500,32.0,0.0
750,17.2,0.0
1000,19.6,0.0
1250,32.0,0.0
1500,24.4,0.0
1750,22.0,0.0
2000,30.0,0.0
2250,32.4,0.0
2500,21.2,0.0
2750,37.6,0.0
3000,25.6,0.0
3250,23.200000000000003,0.0
3500,31.6,0.0
3750,32.0,0.0
4000,45.6,0.0
4250,48.8,0.0
4500,36.4,0.0
4750,32.4,0.0
5000,38.4,0.0
5250,40.8,0.0
5500,42.4,0.0
5750,26.0,0.0
6000,24.8,0.0
6250,26.0,0.0
6500,14.799999999999999,0.0
6750,27.200000000000003,0.0
7000,48.4,0.0
7250,46.400000000000006,0.0
7500,46.400000000000006,0.0
7750,29.599999999999998,0.0
8000,13.600000000000001,0.0
8250,23.599999999999998,0.0
8500,46.0,0.0
8750,32.0,0.0
9000,36.4,0.0
9250,24.0,0.0
9500,26.0,0.0
9750,38.800000000000004,0.0
10000,45.6,0.0
10250,40.400000000000006,0.0
10500,27.200000000000003,0.0
10750,18.0,0.0
11000,18.0,0.0
11250,12.0,0.0
11500,16.8,0.0
11750,24.4,0.0
12000,22.8,0.0
12250,20.0,0.0
12500,25.2,0.0
12750,23.599999999999998,0.0
13000,24.4,0.0
13250,31.2,0.0
13500,27.200000000000003,0.0
13750,24.8,0.0
14000,18.8,0.0
14250,14.799999999999999,0.0
14500,44.0,0.0
14750,32.4,0.0
15000,38.800000000000004,0.0
15250,22.400000000000002,0.0
15500,22.400000000000002,0.0
15750,20.8,0.0
16000,24.8,0.0
16250,33.6,0.0
16500,48.0,0.0
16750,21.2,0.0
17000,18.0,0.0
17250,21.2,0.0
17500,8.799999999999999,0.0
17750,31.2,0.0
18000,8.4,0.0
18250,8.799999999999999,0.0
18500,11.200000000000001,0.0
18750,22.400000000000002,0.0
19000,32.800000000000004,0.0
19250,61.199999999999996,0.0
19500,52.400000000000006,0.0
19750,27.6,0.0
20000,16.8,0.0
20250,37.2,0.0
20500,60.0,0.0
20750,36.4,0.0
21000,5.2,0.0
21250,31.2,0.0
21500,23.599999999999998,0.0
21750,24.4,0.0
22000,47.199999999999996,0.0
22250,43.2,0.0
22500,20.4,0.0
22750,24.4,0.0
23000,64.4,0.0
23250,15.2,0.0
23500,25.2,0.0
23750,21.6,0.0
24000,16.8,0.0
24250,7.6,0.0
24500,9.6,0.0
24750,12.4,0.0
25000,36.8,0.0
25250,43.2,0.0
25500,54.800000000000004,0.0
25750,54.400000000000006,0.0
26000,73.6,0.0
26250,61.199999999999996,0.0
26500,46.400000000000006,0.0
26750,41.199999999999996,0.0
27000,51.2,0.0
27250,41.199999999999996,0.0
27500,56.39999999999999,0.0
27750,55.60000000000001,0.0
28000,45.2,0.0
28250,70.8,0.0
28500,40.0,0.0
28750,61.199999999999996,0.0
29000,65.2,0.0
29250,42.0,0.0
29500,40.8,0.0
29750,19.2,0.0
30000,39.2,0.0
