50,22.0,0.0
100,52.0,0.0
150,60.0,0.0
200,18.0,0.0
250,14.000000000000002,0.0
300,18.0,0.0
350,36.0,0.0
400,56.00000000000001,0.0
450,46.0,0.0
500,20.0,0.0
550,34.0,0.0
600,32.0,0.0
650,16.0,11.187214611872145
700,32.0,20.97457627118644
750,22.0,29.158512720156555
800,10.0,35.79136690647482
850,28.000000000000004,12.372881355932204
900,26.0,19.617224880382775
950,20.0,26.172465960665658
1000,28.000000000000004,31.99426111908178
1050,46.0,2.9166666666666665
1100,64.0,3.6784741144414173
1150,18.0,9.935483870967742
1200,26.0,15.64039408866995
1250,40.0,21.021377672209027
1300,20.0,21.428571428571427
1350,24.0,18.736383442265794
1400,28.000000000000004,15.618448637316561
1450,28.000000000000004,12.929292929292929
1500,24.0,15.4296875
1550,32.0,17.329545454545457
1600,22.0,21.27853881278539
1650,14.000000000000002,24.868189806678384
1700,16.0,26.440677966101696
1750,26.0,24.979457682826624
1800,30.0,17.57188498402556
1850,36.0,9.345794392523365
1900,28.000000000000004,9.090909090909092
1950,28.000000000000004,9.911242603550296
2000,28.000000000000004,10.086455331412104
2050,26.0,11.087719298245615
2100,38.0,12.225274725274724
2150,36.0,15.384615384615385
2200,34.0,2.2442244224422443
2250,32.0,2.5177533892834085
2300,22.0,5.676020408163265
2350,26.0,8.791903858317522
2400,22.0,11.842105263157894
2450,20.0,14.844720496894409
2500,16.0,17.861557478368358
2550,22.0,15.43172075933864
2600,26.0,15.188335358444716
2650,24.0,16.526442307692307
2700,66.0,2.379535990481856
2750,50.0,2.235294117647059
2800,26.0,5.137186223000584
2850,34.0,1.5169194865810969
2900,34.0,2.2080185938407904
2950,14.000000000000002,0.6960556844547563
3000,28.000000000000004,1.9009216589861753
3050,36.0,0.8027522935779817
3100,40.0,2.1689497716894977
3150,30.0,4.952166572875633
3200,16.0,7.59493670886076
3250,8.0,10.102095647501343
3300,32.0,0.8461131676361713
3350,32.0,0.7272727272727273
3400,38.0,0.7157464212678937
3450,42.0,1.964735516372796
3500,18.0,1.3888888888888888
3550,16.0,3.41796875
3600,32.0,0.3368623676612127
3650,18.0,0.8526764566556134
3700,46.0,2.762172284644195
3750,54.0,2.5474756831866605
3800,60.0,3.0748049564020192
3850,60.0,3.3196907685311507
3900,46.0,5.480682839173405
3950,52.0,7.511111111111111
4000,50.0,9.626373626373626
4050,57.99999999999999,9.79965156794425
4100,54.0,8.157099697885197
4150,48.0,8.237302603499787
4200,52.0,8.19602872834812
4250,57.99999999999999,8.835845896147404
4300,62.0,1.080182800166182
4350,66.0,1.608910891089109
4400,48.0,3.63265306122449
4450,50.0,5.616161616161616
4500,52.0,7.563025210084033
4550,52.0,8.045977011494253
4600,54.0,7.776904948939513
4650,52.0,6.536964980544748
4700,66.0,3.5948975647468107
4750,42.0,2.0275439938791124
4800,40.0,3.7821482602118004
4850,36.0,5.007473841554559
4900,30.0,5.237919586868315
4950,36.0,0.4746257758305951
5000,52.0,0.39811798769453494
5050,38.0,0.17921146953405018
5100,24.0,0.7425742574257426
5150,24.0,0.6988120195667366
5200,52.0,0.45076282940360607
5250,72.0,0.8281573498964804
5300,62.0,0.5142269454919438
5350,52.0,0.3062266076896904
5400,57.99999999999999,0.6423258958755916
5450,92.0,0.40540540540540543
5500,68.0,0.33783783783783783
5550,54.0,0.2787456445993031
5600,46.0,0.3106662064204349
5650,54.0,0.3424657534246575
5700,52.0,0.5237887385421214
5750,48.0,0.6042296072507553
5800,52.0,0.6834686031610423
5850,57.99999999999999,0.8890770533446233
5900,46.0,0.9208874005860193
5950,50.0,0.9113504556752278
6000,54.0,1.107919573245794
6050,57.99999999999999,1.017087062652563
6100,54.0,1.128577186618299
6150,30.0,1.152623211446741
6200,26.0,1.8409714061887974
6250,20.0,2.3139220979560355
6300,22.0,3.0775075987841944
6350,22.0,3.5941594908274053
6400,24.0,5.060456784594716
6450,16.0,5.670329670329671
6500,18.0,6.347150259067358
6550,32.0,6.978723404255319
6600,38.0,6.425871482570349
6650,22.0,7.294706127553146
6700,20.0,8.028887000849618
6750,44.0,8.228379513014273
6800,54.0,1.8711018711018712
6850,52.0,1.6467682173734046
6900,54.0,1.7128874388254487
6950,50.0,1.6148566814695196
7000,50.0,1.7186250999200638
7050,56.00000000000001,1.9809825673534072
7100,48.0,1.647058823529412
7150,50.0,1.9029126213592233
7200,50.0,1.8846153846153846
7250,57.99999999999999,2.174742464708127
7300,64.0,0.7957559681697612
7350,66.0,0.8659638554216867
7400,54.0,0.6718924972004479
7450,56.00000000000001,0.777489818585709
7500,56.00000000000001,0.7712082262210797
7550,57.99999999999999,0.7653061224489796
7600,50.0,0.7222824124232575
7650,56.00000000000001,0.895736295234683
7700,52.0,0.721240533717995
7750,48.0,1.0003572704537336
7800,32.0,0.9883515707730322
7850,6.0,1.4583333333333333
7900,14.000000000000002,2.0868970236058844
7950,22.0,3.050595238095238
8000,16.0,0.3721622627465575
8050,24.0,0.9926470588235293
8100,28.000000000000004,0.8714596949891068
8150,30.0,0.7537688442211055
8200,32.0,1.9148936170212765
8250,14.000000000000002,0.6889050036258157
8300,16.0,0.3928571428571429
8350,40.0,0.3180212014134276
8400,60.0,0.7368421052631579
8450,62.0,0.4879749041477867
8500,62.0,0.6434519303557911
8550,52.0,0.734341252699784
8600,56.00000000000001,0.6092254134029591
8650,57.99999999999999,0.603708495040966
8700,54.0,0.5977796754910333
8750,52.0,0.8875739644970414
8800,60.0,0.3352891869237217
8850,56.00000000000001,0.463743676222597
8900,50.0,0.7142857142857143
8950,56.00000000000001,1.2489592006661114
9000,56.00000000000001,1.278877887788779
9050,54.0,1.3114754098360655
9100,50.0,1.48619957537155
9150,54.0,2.0338983050847457
9200,42.0,2.197802197802198
9250,54.0,1.050420168067227
9300,68.0,1.6297534475553699
9350,34.0,0.12396694214876033
9400,36.0,1.4285714285714286
9450,14.000000000000002,1.8867924528301887
9500,26.0,3.565768621236133
9550,38.0,5.47945205479452
9600,44.0,1.9364833462432223
9650,32.0,3.84172109104879
9700,18.0,5.675368898978434
9750,74.0,0.7530120481927711
9800,80.0,1.6
9850,38.0,2.3310944290794153
9900,38.0,4.666095890410959
9950,36.0,6.714527027027027
10000,46.0,8.744769874476987
10050,52.0,10.729080364540183
10100,50.0,12.283594394064304
10150,34.0,14.346793349168646
10200,36.0,16.455696202531644
10250,56.00000000000001,1.6477272727272725
10300,56.00000000000001,1.4590347923681257
10350,52.0,2.823920265780731
10400,50.0,5.516111414527581
10450,57.99999999999999,8.153347732181425
10500,44.0,10.691489361702128
10550,30.0,13.107049608355092
10600,52.0,15.420319752449716
10650,50.0,15.020366598778004
10700,38.0,14.887218045112782
10750,36.0,14.80019733596448
10800,12.0,16.079188797682278
10850,16.0,13.913866540463795
10900,24.0,13.761041376104139
10950,28.000000000000004,13.763145861911294
11000,24.0,13.19225574065736
11050,24.0,14.165559982293049
11100,26.0,14.547038327526133
11150,6.0,15.96244131455399
11200,12.0,16.422287390029325
11250,28.000000000000004,14.527445315724307
11300,26.0,14.146341463414632
11350,34.0,12.755716004813477
11400,26.0,12.321711568938193
11450,14.000000000000002,11.842617841838722
11500,12.0,12.993484093522422
11550,22.0,6.797583081570997
11600,26.0,8.56610800744879
11650,30.0,10.294117647058822
11700,28.000000000000004,11.030478955007258
11750,16.0,10.007147962830592
11800,16.0,9.46808510638298
11850,24.0,10.097597597597598
11900,26.0,10.329507589781564
11950,20.0,11.419190076614374
12000,30.0,11.203170028818443
12050,14.000000000000002,12.321937321937321
12100,12.0,12.903225806451612
12150,16.0,12.320112320112319
12200,26.0,12.864431486880468
12250,38.0,1.7297297297297298
12300,36.0,1.2125805229253506
12350,34.0,0.8662900188323917
12400,16.0,0.8520526723470179
12450,36.0,0.8076923076923077
12500,34.0,1.1039208222306813
12550,22.0,1.0542168674698795
12600,24.0,0.8908685968819599
12650,32.0,0.5498533724340177
12700,30.0,0.5070626584570808
12750,38.0,0.42979942693409745
12800,24.0,1.0215249908792412
12850,30.0,2.5576368876080693
12900,32.0,2.740213523131673
12950,28.000000000000004,1.651440618411806
13000,28.000000000000004,1.6655100624566272
13050,34.0,0.41350792556857335
13100,40.0,0.47748976807639837
13150,22.0,1.0770784247728038
13200,36.0,0.4998333888703766
13250,36.0,0.49521294156487283
13300,36.0,0.3920287487749101
13350,24.0,0.25848142164781907
13400,32.0,0.41586692258477287
13450,32.0,1.6139240506329113
13500,34.0,2.8186658315064204
13550,30.0,3.841387856257745
13600,14.000000000000002,4.769183735860593
13650,26.0,5.683192261185006
13700,26.0,5.261584454409567
13750,28.000000000000004,5.944986690328305
13800,0.0,6.907607111629263
13850,18.0,7.949308755760369
13900,24.0,8.066361556064074
13950,26.0,8.041060735671515
14000,30.0,5.228758169934641
14050,20.0,6.101021566401816
14100,6.0,7.138777841233581
14150,18.0,8.015805814281682
14200,6.0,8.913963328631876
14250,30.0,9.050279329608939
14300,30.0,7.754759238521837
14350,24.0,8.421052631578947
14400,32.0,5.677097756854057
14450,74.0,1.434878587196468
14500,66.0,1.1535292502059873
14550,70.0,0.87527352297593
14600,50.0,0.8158825129181398
14650,70.0,1.6793066088840736
14700,66.0,3.031123139377537
14750,40.0,4.611443210930828
14800,54.0,4.928774928774929
14850,50.0,5.155226431216177
14900,57.99999999999999,0.5469199769717904
14950,56.00000000000001,0.5720823798627002
15000,48.0,1.2838801711840229
15050,50.0,1.9110096976611524
15100,54.0,3.252496433666191
15150,50.0,4.677695379349686
15200,44.0,5.464949928469242
15250,40.0,0.22948938611589212
15300,38.0,0.20132297958009776
15350,42.0,0.26836632002683664
15400,30.0,0.2635542168674699
15450,16.0,0.4016064257028112
15500,26.0,0.593589236248516
15550,18.0,1.557632398753894
15600,26.0,2.2648752399232244
15650,22.0,2.760968229954614
15700,14.000000000000002,3.312244138444362
15750,24.0,3.926605504587156
15800,2.0,4.217736121124729
15850,12.0,4.8014440433212995
15900,4.0,5.311942959001782
15950,60.0,0.36310820624546114
16000,56.00000000000001,0.33345683586513525
16050,52.0,0.3305178112376056
16100,44.0,0.4116766467065869
16150,34.0,0.41029466616933974
16200,40.0,0.6160954948016942
16250,26.0,1.0630220197418374
16300,44.0,1.7280240420736288
16350,46.0,1.859427296392711
16400,52.0,2.0272760781422776
16450,54.0,2.083333333333333
16500,66.0,0.6175081729022884
16550,50.0,0.4679625629949604
16600,38.0,0.6763972944108224
16650,42.0,1.233262861169838
16700,52.0,1.257861635220126
16750,50.0,1.2123311395912713
16800,50.0,1.201923076923077
16850,44.0,1.1904761904761905
16900,36.0,1.0865874363327674
16950,20.0,1.055858310626703
17000,22.0,1.3109243697478992
17050,26.0,1.2616201859229748
17100,32.0,1.3460275771503611
17150,24.0,1.264591439688716
17200,22.0,0.5438477226376615
17250,2.0,0.7689735874289535
17300,0.0,1.1180532719500165
17350,0.0,1.5205435134260756
17400,0.0,1.8783826806749442
17450,12.0,2.3233908948194664
17500,34.0,2.8278433809819767
17550,50.0,1.4492753623188406
17600,42.0,1.1042944785276074
17650,32.0,1.0680500457735733
17700,36.0,1.187214611872146
17750,40.0,1.206636500754148
17800,32.0,1.6403785488958993
17850,30.0,1.7481270067784518
17900,26.0,1.8661971830985915
17950,34.0,2.366863905325444
18000,46.0,0.5186721991701244
18050,52.0,0.4807692307692308
18100,34.0,0.6128702757916241
18150,38.0,0.5053908355795148
18200,40.0,0.5670446964643095
18250,42.0,1.1562603237528906
18300,50.0,1.2123197903014418
18350,60.0,0.29469548133595286
18400,48.0,0.26101141924959215
18450,18.0,0.32808398950131235
18500,26.0,0.6493506493506493
18550,26.0,1.1250401800064287
18600,40.0,0.35020694046482015
18650,46.0,0.2840909090909091
18700,36.0,0.4900359359686377
18750,28.000000000000004,0.4153686396677051
18800,22.0,1.0598290598290598
18850,34.0,0.47329276538201487
18900,32.0,0.10087424344317418
18950,46.0,0.5390835579514826
19000,68.0,0.36925142665323935
19050,66.0,2.0360480640854473
19100,76.0,1.4295212765957446
19150,60.0,0.39669421487603307
19200,76.0,1.5815485996705108
19250,78.0,1.8056467498358504
19300,72.0,1.6666666666666667
19350,62.0,1.8837284832737902
19400,78.0,2.9449838187702264
19450,44.0,0.9630818619582664
19500,46.0,1.3685550604710375
19550,26.0,1.9817552689525009
19600,54.0,0.2816020025031289
19650,78.0,0.4989086373557842
19700,84.0,0.2801120448179272
19750,54.0,1.9529956967891429
19800,57.99999999999999,1.5706806282722512
19850,28.000000000000004,0.48543689320388345
19900,24.0,0.4777830864787387
19950,2.0,1.5678254942058625
20000,38.0,1.5425888665325285
20050,44.0,1.6458196181698488
20100,14.000000000000002,0.7501875468867216
20150,40.0,0.699912510936133
20200,48.0,0.8554319931565441
20250,52.0,1.2842465753424657
20300,56.00000000000001,2.096069868995633
20350,68.0,2.5839793281653747
20400,72.0,6.468085106382978
20450,68.0,10.614995787700083
20500,50.0,14.250207125103561
20550,64.0,14.204081632653063
20600,68.0,10.314262691377921
20650,64.0,14.426229508196723
20700,8.0,20.287253141831236
20750,0.0,23.711340206185564
20800,0.0,26.85337726523888
20850,14.000000000000002,15.910898965791567
20900,14.000000000000002,17.307692307692307
20950,0.0,16.59259259259259
21000,0.0,16.0
21050,48.0,0.6015037593984963
21100,56.00000000000001,1.3008130081300813
21150,80.0,1.2244897959183674
21200,78.0,0.864304235090752
21250,60.0,1.2942191544434858
21300,56.00000000000001,1.5254237288135595
21350,80.0,1.3456686291000841
21400,38.0,1.2376237623762376
21450,40.0,0.9732360097323601
21500,30.0,1.3406940063091484
21550,48.0,0.541795665634675
21600,42.0,0.6818181818181818
21650,30.0,1.8518518518518516
21700,16.0,0.4319654427645789
21750,26.0,0.5610098176718092
21800,54.0,0.4140786749482402
21850,80.0,0.8910212474297465
21900,78.0,0.8163265306122449
21950,80.0,0.33783783783783783
22000,68.0,0.4018754186202277
22050,60.0,1.455026455026455
22100,57.99999999999999,1.8941868060091442
22150,78.0,0.25940337224383914
22200,82.0,1.6118633139909737
22250,88.0,3.0186255619781632
22300,92.0,4.612427930813581
22350,66.0,0.4435994930291508
22400,12.0,0.3082614056720099
22450,28.000000000000004,0.4221954161640531
22500,32.0,0.41371158392434987
22550,22.0,0.9820912767186597
22600,24.0,0.622524052065648
22650,22.0,0.3331482509716824
22700,24.0,1.3609145345672293
22750,34.0,2.5668449197860963
22800,72.0,1.5923566878980893
22850,62.0,1.6085790884718498
22900,94.0,4.282655246252676
22950,86.0,6.933333333333333
23000,57.99999999999999,1.0026385224274408
23050,72.0,2.4096385542168677
23100,86.0,4.3319415448851775
23150,64.0,4.963805584281282
23200,12.0,2.8816986855409503
23250,26.0,4.317617866004963
23300,34.0,5.56640625
23350,30.0,7.060518731988473
23400,26.0,8.117036337895234
23450,24.0,9.656453110492109
23500,24.0,11.35948905109489
23550,38.0,8.187134502923977
23600,38.0,8.429458740017747
23650,30.0,9.480122324159021
23700,10.0,11.454311454311455
23750,26.0,0.467687074829932
23800,6.0,2.542726135889954
23850,0.0,4.532462229481421
23900,10.0,6.455493183640739
23950,36.0,8.353127474267618
24000,32.0,10.1953125
24050,8.0,11.996904024767801
24100,10.0,13.676190476190476
24150,10.0,15.223097112860891
24200,10.0,16.426725729051313
24250,12.0,17.87141300399564
24300,2.0,19.34332619557459
24350,0.0,20.75736325385694
24400,0.0,22.12267401791868
24450,20.0,18.25288919102651
24500,26.0,18.462571332661966
24550,26.0,13.745019920318724
24600,26.0,15.172413793103448
24650,22.0,0.20202020202020202
24700,32.0,0.999000999000999
24750,12.0,2.0073603211776514
24800,50.0,0.6637902422834384
24850,48.0,0.36496350364963503
24900,46.0,0.23033892727871008
24950,40.0,1.0114192495921697
25000,40.0,0.41904761904761906
25050,48.0,0.26435045317220546
25100,44.0,0.4491017964071856
25150,50.0,0.37078235076010385
25200,50.0,0.5878030859662012
25250,68.0,0.3652300949598247
25300,68.0,1.4887436456063907
25350,46.0,3.279279279279279
25400,50.0,3.25
25450,54.0,2.3379383634431457
25500,56.00000000000001,3.5525852972212455
25550,40.0,4.425087108013937
25600,52.0,3.282653766413269
25650,50.0,4.221002059025395
25700,48.0,5.521048999309869
25750,82.0,3.130374957000344
25800,48.0,3.8876889848812093
25850,80.0,3.6585365853658534
25900,96.0,0.8354522339266255
25950,96.0,2.0689655172413794
26000,86.0,2.122732535700502
26050,100.0,4.0138942493245855
26100,90.0,3.3760186263096625
26150,98.0,3.5742652899126295
26200,96.0,4.2063492063492065
26250,98.0,4.378283712784588
26300,96.0,1.5850815850815851
26350,82.0,3.905160390516039
26400,100.0,6.24126688402422
26450,100.0,7.652823145123658
26500,86.0,8.12740252608457
26550,56.00000000000001,7.976125881714596
26600,28.000000000000004,2.6609898882384244
26650,56.00000000000001,5.260389268805891
26700,54.0,4.209979209979211
26750,42.0,4.403481822836661
26800,84.0,2.039775624681285
26850,100.0,1.580826109127996
26900,100.0,4.130545639979602
26950,94.0,6.160896130346232
27000,100.0,1.7311608961303464
27050,100.0,4.276985743380855
27100,100.0,6.822810590631365
27150,54.0,9.76346250629089
27200,60.0,4.484304932735426
27250,62.0,5.380059230009872
27300,56.00000000000001,3.61328125
27350,4.0,5.820610687022901
27400,76.0,1.3757115749525617
27450,100.0,2.7988614800759013
27500,100.0,4.791271347248577
27550,94.0,2.2738038844149693
27600,98.0,1.3605442176870748
27650,100.0,3.7900874635568513
27700,78.0,0.6766553890768487
27750,54.0,3.0592734225621414
27800,56.00000000000001,5.444126074498568
27850,50.0,5.143935818782444
27900,56.00000000000001,4.717421765530126
27950,46.0,4.797047970479705
28000,64.0,5.809698078682525
28050,78.0,0.6843065693430658
28100,94.0,2.4827586206896552
28150,98.0,4.7926267281106
28200,100.0,6.175115207373272
28250,80.0,2.706422018348624
28300,100.0,5.0
28350,78.0,7.256960292104061
28400,64.0,9.46129470348574
28450,42.0,11.036639857015192
28500,44.0,7.105030891438659
28550,72.0,6.754385964912281
28600,46.0,7.152145643693109
28650,42.0,6.506849315068493
28700,86.0,0.5121638924455826
28750,100.0,1.7498932991890739
28800,100.0,3.883909517712335
28850,100.0,5.6764831412718735
28900,76.0,1.5286624203821657
28950,100.0,1.7409766454352442
29000,100.0,3.8641188959660298
29050,82.0,5.964467005076142
29100,56.00000000000001,8.005029337803855
29150,12.0,9.917695473251028
29200,46.0,7.3667073667073675
29250,66.0,7.477768795472918
29300,38.0,7.984031936127744
29350,94.0,0.7575757575757576
29400,100.0,2.751196172248804
29450,100.0,0.3987240829346092
29500,94.0,1.4336917562724014
29550,100.0,3.424930306650737
29600,86.0,4.845115170770453
29650,64.0,6.782334384858044
29700,54.0,4.298554122704181
29750,62.0,4.228083785880528
29800,57.99999999999999,3.270488649480569
29850,62.0,3.6669213139801378
29900,24.0,1.509433962264151
29950,100.0,1.0566037735849056
30000,100.0,2.943396226415094
30050,100.0,0.41509433962264153
30100,100.0,1.7358490566037734
30150,100.0,3.6226415094339623
30200,18.0,5.425492382014121
