250,33.2,100.0
500,35.199999999999996,100.0
750,27.200000000000003,100.0
1000,24.0,100.0
1250,40.400000000000006,100.0
1500,26.0,100.0
1750,22.400000000000002,100.0
2000,30.8,100.0
2250,34.4,100.0
2500,46.800000000000004,100.0
2750,52.400000000000006,100.0
3000,57.199999999999996,100.0
3250,38.0,100.0
3500,35.6,100.0
3750,38.800000000000004,100.0
4000,54.400000000000006,100.0
4250,54.400000000000006,100.0
4500,55.60000000000001,100.0
4750,54.0,100.0
5000,39.6,100.0
5250,62.8,100.0
5500,85.6,100.0
5750,98.8,100.0
6000,98.4,100.0
6250,85.2,100.0
6500,71.2,100.0
6750,82.8,100.0
7000,98.4,100.0
7250,98.8,100.0
7500,99.2,100.0
7750,98.0,100.0
8000,72.39999999999999,100.0
8250,56.8,100.0
8500,70.8,100.0
8750,83.6,100.0
9000,85.6,100.0
9250,93.2,100.0
9500,62.8,100.0
9750,44.800000000000004,100.0
10000,89.60000000000001,100.0
10250,97.2,100.0
10500,98.0,100.0
10750,89.2,100.0
11000,70.8,100.0
11250,69.19999999999999,100.0
11500,72.0,100.0
11750,72.8,100.0
12000,73.2,100.0
12250,68.8,100.0
12500,58.4,100.0
12750,55.2,100.0
13000,52.800000000000004,100.0
13250,57.99999999999999,100.0
13500,56.00000000000001,100.0
13750,49.6,0.02697599136768276
14000,47.199999999999996,0.052096900234436055
14250,41.6,0.026281208935611037
14500,46.400000000000006,0.05083884087442806
14750,68.0,3.250188964474679
15000,75.6,8.014888337468982
15250,76.0,1.3516834603096584
15500,67.60000000000001,0.024102193299590263
15750,46.800000000000004,0.11690437222352115
16000,54.0,2.08577454886337
16250,93.60000000000001,3.0077056922694507
16500,97.2,8.940231039678553
16750,95.6,14.387391967463142
17000,86.0,0.07704160246533129
17250,70.39999999999999,0.07716049382716049
17500,59.599999999999994,0.6380806533945891
17750,98.4,0.25400050800101603
18000,92.0,5.870546914199699
18250,94.8,4.594799293107801
18500,77.60000000000001,0.28460543337645533
18750,62.4,0.08205689277899343
19000,64.0,1.8109976950938425
19250,79.60000000000001,7.1865936190783115
19500,60.8,1.9158291457286432
19750,65.60000000000001,5.5382700684505295
20000,47.199999999999996,0.06125574272588055
20250,48.8,0.05952380952380953
20500,65.2,6.306306306306306
20750,43.6,11.73512154233026
21000,90.0,17.543391188251
21250,70.39999999999999,3.4582893347412877
21500,51.6,0.05121638924455826
21750,38.800000000000004,91.69132149901381
22000,72.8,91.87287724405628
22250,81.2,93.79428292206205
22500,51.6,99.14872308462694
22750,50.0,98.80952380952381
23000,98.4,98.78472222222221
23250,74.8,98.23529411764706
23500,65.2,96.00288947748615
23750,66.8,96.08120868744098
24000,49.2,96.10359844143937
24250,22.400000000000002,91.89313680331644
24500,35.6,91.80695847362514
24750,44.0,91.47033158813264
25000,47.199999999999996,91.85626196045078
25250,52.800000000000004,92.06975295827279
25500,56.00000000000001,92.28269699431357
25750,57.99999999999999,92.4592120970951
26000,85.2,92.5618199802176
26250,97.2,92.60723463135007
26500,93.60000000000001,92.66706091070373
26750,47.199999999999996,92.85302593659942
27000,95.6,92.8680981595092
27250,75.2,95.2251552795031
27500,67.60000000000001,94.35183369288096
27750,85.2,90.40156709108716
28000,54.800000000000004,87.50985027580772
28250,92.0,87.37940539476274
28500,65.60000000000001,85.80695891488106
28750,69.19999999999999,84.54598940968818
29000,95.19999999999999,84.58227352768539
29250,52.400000000000006,81.30366900858704
29500,85.2,80.47591183928223
29750,73.2,79.15366614664586
30000,69.19999999999999,77.65646324819653
