50,22.0,0.0
100,52.0,0.0
150,60.0,0.0
200,18.0,0.0
250,14.000000000000002,0.0
300,18.0,0.0
350,36.0,0.0
400,56.00000000000001,0.0
450,46.0,0.0
500,20.0,0.0
550,34.0,0.0
600,32.0,0.0
650,16.0,0.0
700,32.0,0.0
750,22.0,0.0
800,10.0,0.0
850,30.0,0.0
900,26.0,7.32484076433121
950,26.0,14.43609022556391
1000,28.000000000000004,20.827389443651924
1050,50.0,2.8925619834710745
1100,68.0,3.638814016172507
1150,18.0,9.83397190293742
1200,26.0,15.487804878048781
1250,40.0,20.823529411764703
1300,20.0,21.235955056179776
1350,24.0,18.57451403887689
1400,28.000000000000004,15.48856548856549
1450,28.000000000000004,12.825651302605209
1500,28.000000000000004,15.28046421663443
1550,34.0,17.150890346766634
1600,22.0,21.066907775768534
1650,14.000000000000002,24.630113141862488
1700,16.0,26.19647355163728
1750,26.0,24.7557003257329
1800,30.0,17.418844022169438
1850,36.0,9.266409266409266
1900,28.000000000000004,9.015777610818933
1950,32.0,9.816849816849818
2000,28.000000000000004,9.992862241256246
2050,26.0,10.987482614742698
2100,38.0,12.11708645336964
2150,42.0,15.220293724966622
2200,34.0,2.2207707380796866
2250,32.0,2.4920127795527156
2300,42.0,5.583437892095358
2350,50.0,8.58554663372452
2400,46.0,11.482381530984204
2450,46.0,14.285714285714285
2500,32.0,17.11071640023683
2550,22.0,14.788732394366196
2600,26.0,14.560279557367501
2650,24.0,15.85014409221902
2700,66.0,2.28310502283105
2750,50.0,2.1456804065499715
2800,26.0,4.932735426008969
2850,36.0,1.7376681614349778
2900,34.0,2.121719709659408
2950,14.000000000000002,0.6688963210702341
3000,28.000000000000004,1.8272425249169437
3050,36.0,0.7717750826901874
3100,40.0,2.0856201975850714
3150,30.0,4.76448294531673
3200,18.0,7.309322033898305
3250,8.0,9.730848861283643
3300,32.0,0.8154943934760449
3350,32.0,0.7014028056112225
3400,38.0,0.6906758756783424
3450,42.0,1.8968871595330739
3500,18.0,1.3416387158600862
3550,16.0,3.303445021236432
3600,32.0,0.32573289902280134
3650,18.0,0.8249312557286892
3700,46.0,2.718622564567286
3750,54.0,2.4663677130044843
3800,60.0,2.977777777777778
3850,60.0,3.2158590308370045
3900,48.0,5.313588850174216
3950,52.0,7.413793103448276
4000,50.0,9.466950959488273
4050,57.99999999999999,9.509721048182588
4100,54.0,7.9178885630498534
4150,48.0,7.998342312474099
4200,52.0,7.960607304062371
4250,57.99999999999999,8.584214808787632
4300,62.0,1.0496568429551878
4350,66.0,1.8043303929430634
4400,48.0,3.7698412698412698
4450,50.0,5.697445972495088
4500,52.0,7.59050214091086
4550,52.0,7.828769764751254
4600,54.0,7.568807339449542
4650,52.0,6.363636363636363
4700,66.0,3.4625517500940908
4750,42.0,1.9746646795827123
4800,40.0,3.6845983787767134
4850,36.0,4.879825200291333
4900,30.0,5.106076950737145
4950,36.0,0.4627981488074048
5000,52.0,0.3882809742322626
5050,38.0,0.17482517482517482
5100,24.0,0.759144237405107
5150,24.0,0.7162346521145976
5200,52.0,0.4400812457684496
5250,72.0,0.8423180592991913
5300,62.0,0.6026113157013726
5350,62.0,0.2996005326231691
5400,88.0,1.030242605516783
5450,94.0,0.39853869146462967
5500,80.0,0.3314550878355983
5550,82.0,0.5623552762156798
5600,74.0,0.8563899868247694
5650,78.0,0.6892024942566459
5700,80.0,0.787143325680551
5750,86.0,2.4278215223097113
5800,76.0,4.084321475625823
5850,80.0,5.746367239101717
5900,68.0,6.105610561056106
5950,76.0,5.872649290663148
6000,76.0,8.184818481848184
6050,80.0,5.740679643681953
6100,76.0,6.904525933267261
6150,42.0,6.510506372717878
6200,26.0,4.081632653061225
6250,20.0,4.203625144620131
6300,22.0,4.787234042553192
6350,22.0,5.316360913515537
6400,26.0,7.165248544558889
6450,16.0,7.648351648351648
6500,18.0,8.376511226252159
6550,32.0,8.212765957446809
6600,38.0,6.4678706425871475
6650,22.0,7.336390162567737
6700,20.0,8.071367884451996
6750,44.0,8.270361041141898
6800,54.0,1.8711018711018712
6850,52.0,1.6467682173734046
6900,54.0,1.7128874388254487
6950,50.0,1.6148566814695196
7000,50.0,1.7186250999200638
7050,56.00000000000001,1.9809825673534072
7100,48.0,1.647058823529412
7150,50.0,1.9029126213592233
7200,50.0,1.8846153846153846
7250,57.99999999999999,2.174742464708127
7300,64.0,0.7957559681697612
7350,66.0,0.8659638554216867
7400,54.0,0.6718924972004479
7450,56.00000000000001,0.777489818585709
7500,56.00000000000001,0.7712082262210797
7550,57.99999999999999,0.7653061224489796
7600,50.0,0.7222824124232575
7650,56.00000000000001,0.895736295234683
7700,52.0,0.6851785070320953
7750,48.0,1.0003572704537336
7800,32.0,0.9883515707730322
7850,6.0,1.3541666666666667
7900,14.000000000000002,2.0526855969893942
7950,22.0,3.050595238095238
8000,16.0,0.2605135839225903
8050,24.0,0.9926470588235293
8100,30.0,0.8351488743645605
8150,30.0,0.6101938262742284
8200,32.0,1.8794326241134751
8250,16.0,0.6353688669255206
8300,16.0,0.41739130434782606
8350,40.0,0.3098106712564544
8400,60.0,0.8205128205128205
8450,62.0,0.5095108695652174
8500,62.0,0.6927606511950122
8550,52.0,0.8477997577714977
8600,57.99999999999999,0.8993576017130621
8650,57.99999999999999,0.6791171477079796
8700,54.0,0.5884825556956704
8750,52.0,0.8739076154806492
8800,60.0,0.33016921172100705
8850,57.99999999999999,0.36900369003690037
8900,50.0,0.8227067050596462
8950,56.00000000000001,1.222992254382389
9000,56.00000000000001,1.2525252525252526
9050,54.0,1.340373679935012
9100,50.0,1.5959680806383874
9150,54.0,2.0151133501259446
9200,42.0,2.0493517356754496
9250,54.0,1.080182800166182
9300,68.0,1.8174308137133415
9350,36.0,0.12234910277324632
9400,36.0,1.1684125705076551
9450,14.000000000000002,1.9024970273483945
9500,26.0,3.482003129890454
9550,38.0,5.373018940858136
9600,44.0,1.9127773527161436
9650,32.0,3.79794910748196
9700,18.0,5.574261129816685
9750,74.0,0.7454342154304883
9800,84.0,1.4992503748125936
9850,38.0,2.220549491908167
9900,57.99999999999999,4.094665664913599
9950,57.99999999999999,5.926202012672381
10000,72.0,7.755102040816326
10050,60.0,9.59614672100778
10100,54.0,11.703703703703704
10150,34.0,11.222593831289483
10200,36.0,10.643840714551544
10250,60.0,1.0768659487560341
10300,62.0,0.5934718100890208
10350,52.0,0.5934718100890208
10400,50.0,0.44493882091212456
10450,57.99999999999999,0.6305637982195845
10500,44.0,0.7963594994311717
10550,30.0,1.665972511453561
10600,52.0,2.88659793814433
10650,50.0,4.73469387755102
10700,38.0,6.690850463522772
10750,36.0,8.595304417031437
10800,12.0,10.40281579976535
10850,16.0,11.404189294026377
10900,24.0,11.557985162046077
10950,28.000000000000004,11.644100580270793
11000,24.0,11.539976368649075
11050,24.0,12.417539774932091
11100,26.0,12.777352716143842
11150,6.0,14.40677966101695
11200,12.0,14.84848484848485
11250,28.000000000000004,13.2380594208349
11300,26.0,14.13484971567831
11350,34.0,12.745490981963927
11400,26.0,12.302215189873419
11450,14.000000000000002,11.824192921042396
11500,12.0,12.973593570608497
11550,22.0,6.787330316742081
11600,26.0,8.553365563406471
11650,30.0,10.279001468428781
11700,28.000000000000004,11.014492753623188
11750,16.0,9.992862241256246
11800,16.0,9.46808510638298
11850,24.0,10.097597597597598
11900,26.0,10.329507589781564
11950,20.0,11.419190076614374
12000,30.0,11.203170028818443
12050,14.000000000000002,12.321937321937321
12100,12.0,12.903225806451612
12150,16.0,12.320112320112319
12200,26.0,12.864431486880468
12250,38.0,1.7297297297297298
12300,36.0,1.2125805229253506
12350,34.0,0.8662900188323917
12400,16.0,0.8520526723470179
12450,36.0,0.8076923076923077
12500,34.0,1.1039208222306813
12550,22.0,1.0542168674698795
12600,24.0,0.8908685968819599
12650,32.0,0.5498533724340177
12700,30.0,0.5070626584570808
12750,38.0,0.42979942693409745
12800,24.0,1.0215249908792412
12850,30.0,2.5576368876080693
12900,32.0,2.740213523131673
12950,28.000000000000004,1.651440618411806
13000,28.000000000000004,1.6655100624566272
13050,34.0,0.4125128910278446
13100,40.0,0.47635250085062947
13150,22.0,1.0745466756212223
13200,36.0,0.4996668887408394
13250,36.0,0.49472295514511877
13300,36.0,0.39164490861618795
13350,24.0,0.25823111684958033
13400,32.0,0.41560102301790286
13450,32.0,1.644528779253637
13500,34.0,2.879499217527387
13550,30.0,3.8390092879256965
13600,14.000000000000002,4.827375496486404
13650,26.0,5.740181268882175
13700,26.0,5.25844039438303
13750,28.000000000000004,5.94147206621342
13800,0.0,6.903582872123507
13850,18.0,7.915947035118019
13900,24.0,8.066361556064074
13950,26.0,8.01254633589963
14000,30.0,5.200341005967604
14050,20.0,6.072644721906924
14100,6.0,7.167332952598516
14150,18.0,8.044030482641828
14200,6.0,8.857545839210156
14250,30.0,9.050279329608939
14300,30.0,7.7827547592385224
14350,24.0,8.421052631578947
14400,32.0,5.677097756854057
14450,74.0,1.434878587196468
14500,66.0,1.098599285910464
14550,70.0,0.87527352297593
14600,50.0,0.7614903453902638
14650,70.0,1.5980498374864573
14700,66.0,2.949932341001353
14750,40.0,4.384997242140099
14800,54.0,4.85249517507582
14850,50.0,5.3517241379310345
14900,57.99999999999999,0.5239933811362383
14950,56.00000000000001,0.5506607929515419
15000,50.0,1.7094017094017095
15050,50.0,3.088803088803089
15100,54.0,4.466501240694789
15150,50.0,5.843439911797133
15200,44.0,7.21763085399449
15250,57.99999999999999,0.22105554020447638
15300,64.0,0.3044561306393579
15350,64.0,0.30479357162648935
15400,32.0,0.19358407079646017
15450,16.0,0.30403537866224434
15500,26.0,0.45133991537376583
15550,18.0,1.1677584733694104
15600,26.0,1.6629086809470124
15650,22.0,2.231008189776899
15700,14.000000000000002,2.7385657820440428
15750,24.0,3.225806451612903
15800,2.0,3.5765379113018603
15850,12.0,3.920454545454546
15900,4.0,4.429105550762151
15950,60.0,0.40650406504065045
16000,57.99999999999999,0.2886002886002886
16050,52.0,0.40126110633419315
16100,44.0,0.5082592121982211
16150,34.0,0.411522633744856
16200,42.0,0.5299768135144087
16250,26.0,0.9489528795811518
16300,44.0,1.913099870298314
16350,46.0,2.925104468016715
16400,52.0,3.7639553429027113
16450,54.0,4.654844838505383
16500,66.0,0.8503937007874015
16550,50.0,0.8125
16600,38.0,0.8666047663262147
16650,42.0,1.4110429447852761
16700,52.0,1.6443361753958587
16750,50.0,1.5714717437292234
16800,50.0,1.5315315315315314
16850,44.0,1.5421832476564863
16900,36.0,1.566820276497696
16950,20.0,1.2426219322771046
17000,22.0,1.4426028238182933
17050,26.0,1.487101669195751
17100,32.0,1.5620306398317814
17150,24.0,1.6065474386177632
17200,22.0,0.4881025015253203
17250,2.0,0.6612563871355576
17300,0.0,1.062215477996965
17350,0.0,1.3751868460388639
17400,0.0,1.7512615019293558
17450,12.0,2.2592152199762188
17500,34.0,2.7082720047100386
17550,50.0,1.4488286066584464
17600,42.0,1.1039558417663293
17650,34.0,1.0664229128580134
17700,36.0,1.187214611872146
17750,40.0,1.1771808028976758
17800,32.0,1.4882837238758708
17850,30.0,1.6779721528025704
17900,26.0,1.8322762508809023
17950,34.0,2.2988505747126435
18000,46.0,0.48409405255878285
18050,52.0,0.4464285714285714
18100,34.0,0.6128702757916241
18150,38.0,0.5053908355795148
18200,40.0,0.5003335557038026
18250,42.0,1.1562603237528906
18300,50.0,1.2123197903014418
18350,60.0,0.5239030779305829
18400,48.0,0.3915171288743882
18450,20.0,0.39344262295081966
18500,26.0,0.648508430609598
18550,26.0,1.0921940250562159
18600,40.0,0.4454342984409799
18650,46.0,0.4100946372239748
18700,36.0,0.5626758361988121
18750,28.000000000000004,0.380754586362063
18800,22.0,1.0598290598290598
18850,34.0,0.5409060175794456
18900,32.0,0.26899798251513113
18950,46.0,0.6738544474393532
19000,68.0,0.36925142665323935
19050,66.0,2.0360480640854473
19100,76.0,1.4295212765957446
19150,60.0,0.39669421487603307
19200,76.0,1.5815485996705108
19250,78.0,2.0026263952724883
19300,72.0,1.6666666666666667
19350,62.0,2.04611886976291
19400,78.0,2.9449838187702264
19450,44.0,0.9630818619582664
19500,46.0,1.3685550604710375
19550,26.0,1.9817552689525009
19600,56.00000000000001,0.2816020025031289
19650,78.0,0.4989086373557842
19700,84.0,0.2801120448179272
19750,56.00000000000001,1.8443263519849953
19800,57.99999999999999,2.119700748129676
19850,28.000000000000004,0.402975821450713
19900,24.0,0.3412969283276451
19950,2.0,0.7140639552933872
20000,40.0,0.7087827426810477
20050,44.0,0.7638252367858234
20100,30.0,0.27347310847766637
20150,42.0,0.24227740763173833
20200,48.0,0.3004807692307693
20250,52.0,0.4482964734010759
20300,56.00000000000001,0.7142857142857143
20350,68.0,0.8886255924170616
20400,72.0,2.24188790560472
20450,70.0,3.700440528634361
20500,50.0,5.020431990659661
20550,64.0,5.052264808362369
20600,68.0,3.6994219653179194
20650,66.0,5.122302158273381
20700,18.0,6.484641638225256
20750,0.0,7.795849691531127
20800,0.0,9.070796460176991
20850,14.000000000000002,5.465974309920743
20900,14.000000000000002,6.131820637493247
20950,0.0,6.023454157782516
21000,0.0,6.622162883845127
21050,48.0,0.2927867979771094
21100,56.00000000000001,0.5331911490269262
21150,80.0,0.39904229848363926
21200,78.0,0.2653927813163482
21250,60.0,0.39609189331925004
21300,56.00000000000001,0.4728132387706856
21350,80.0,0.41939711664482304
21400,46.0,0.3905233012236397
21450,42.0,0.3102378490175801
21500,30.0,0.4355623879067384
21550,48.0,0.20366598778004072
21600,44.0,0.2780586450960566
21650,36.0,0.6027122049221497
21700,22.0,0.1492908683752177
21750,26.0,0.22189349112426035
21800,54.0,0.14709487619514586
21850,80.0,0.3179261433113231
21900,78.0,0.2926829268292683
21950,80.0,0.12165450121654502
22000,70.0,0.1455604075691412
22050,62.0,0.7269202810758421
22100,60.0,0.9207656893627332
22150,78.0,0.48543689320388345
22200,82.0,1.7787524366471734
22250,88.0,2.9318348399706817
22300,92.0,4.16258570029383
22350,66.0,0.2700712005892462
22400,12.0,0.2123705866737457
22450,28.000000000000004,0.2635046113306983
22500,34.0,0.2612330198537095
22550,32.0,0.28482651475919213
22600,28.000000000000004,0.23088763468445359
22650,28.000000000000004,0.15518311607697083
22700,26.0,0.9066487575554063
22750,34.0,1.7270009963467288
22800,72.0,0.9917355371900827
22850,74.0,0.9874917709019092
22900,94.0,2.6307135810588624
22950,90.0,4.267892317793828
23000,66.0,0.6203068886712374
23050,72.0,0.9099772505687357
23100,86.0,1.6536964980544748
23150,64.0,0.2578981302385558
23200,12.0,0.540368722186904
23250,26.0,1.0053408733898836
23300,34.0,1.4303482587064678
23350,34.0,2.308402585410896
23400,28.000000000000004,2.8614916286149166
23450,28.000000000000004,3.9437480892693366
23500,24.0,5.476485148514851
23550,38.0,5.577689243027888
23600,38.0,5.785627283800244
23650,30.0,6.53811388972582
23700,18.0,7.946428571428571
23750,26.0,0.3247711839385887
23800,6.0,1.7763541059988353
23850,0.0,3.1859931113662454
23900,10.0,4.562198923207707
23950,36.0,5.925301881493962
24000,32.0,7.232267037552156
24050,10.0,9.043020193151888
24100,12.0,11.0699969164354
24150,10.0,13.039309683604985
24200,10.0,15.03461918892186
24250,14.000000000000002,16.059817945383614
24300,2.0,17.408
24350,0.0,18.708661417322833
24400,0.0,19.968992248062015
24450,20.0,16.44716692189893
24500,26.0,16.65657177468201
24550,28.000000000000004,12.656679914399266
24600,28.000000000000004,13.987284287011809
24650,28.000000000000004,0.18387986515476554
24700,32.0,0.9541397353031703
24750,12.0,1.8382352941176472
24800,50.0,0.6097560975609756
24850,50.0,0.3331314354936402
24900,46.0,0.21039975954313195
24950,42.0,0.9538002980625931
25000,40.0,0.3253475303164744
25050,48.0,0.2055800293685756
25100,46.0,0.34975225881667155
25150,50.0,0.28935185185185186
25200,50.0,0.4596380350474002
25250,68.0,0.28595939376608526
25300,68.0,1.1670936521491604
25350,48.0,2.572801809443031
25400,50.0,2.5547445255474455
25450,54.0,1.8410041841004186
25500,56.00000000000001,2.8016643550624134
25550,42.0,3.496696035242291
25600,52.0,2.598468271334792
25650,50.0,3.3643326039387307
25700,48.0,4.358485426314355
25750,82.0,2.4728260869565215
25800,56.00000000000001,2.72972972972973
25850,80.0,2.7493261455525606
25900,100.0,0.6199460916442049
25950,96.0,1.535560344827586
26000,86.0,1.4812819822246162
26050,100.0,2.800969566388365
26100,90.0,2.340597255851493
26150,98.0,2.4219590958019377
26200,96.0,3.0930607853684777
26250,98.0,2.690341673392521
26300,96.0,0.9181744531460978
26350,82.0,2.2629310344827585
26400,100.0,3.6099137931034484
26450,100.0,4.418103448275862
26500,86.0,3.9795643990319975
26550,56.00000000000001,3.929430633520449
26600,28.000000000000004,1.3238019592268997
26650,56.00000000000001,2.632271650434325
26700,54.0,2.119309262166405
26750,42.0,2.233186185406388
26800,84.0,1.0883648613630474
26850,100.0,0.8033169214822493
26900,100.0,2.098989375485877
26950,94.0,3.1330916623511134
27000,100.0,0.8803728638011392
27050,100.0,2.1750388399792855
27100,100.0,3.469704816157431
27150,54.0,4.993564993564994
27200,60.0,2.3047375160051216
27250,62.0,2.7777777777777777
27300,56.00000000000001,1.8753167764825138
27350,4.0,3.0545818728092136
27400,76.0,0.7738392411382925
27450,100.0,1.4727908137793309
27500,100.0,2.521218172740889
27550,94.0,1.1973060613619355
27600,98.0,0.6986027944111777
27650,100.0,1.9461077844311379
27700,78.0,0.3732271709380443
27750,54.0,1.5833745670460169
27800,56.00000000000001,2.806499261447563
27850,50.0,2.666992904330805
27900,56.00000000000001,2.4580189827208567
27950,46.0,2.5145067698259185
28000,64.0,3.0572941742898414
28050,78.0,0.36031707902954596
28100,94.0,1.303088803088803
28150,98.0,2.510258266956312
28200,100.0,3.3067825247405267
28250,80.0,1.4206597640260052
28300,100.0,2.6246087165904166
28350,78.0,3.818443804034582
28400,64.0,4.9976087996174074
28450,42.0,5.896395321079016
28500,44.0,3.865546218487395
28550,72.0,3.7063778580024067
28600,46.0,4.119941491955144
28650,42.0,3.679496489954006
28700,86.0,0.290838584585555
28750,100.0,0.9936984973339797
28800,100.0,2.2055259331071255
28850,100.0,3.223460979156568
28900,76.0,0.8699855002416627
28950,100.0,0.9908168197196714
29000,100.0,2.199130014499758
29050,82.0,3.812871822606814
29100,56.00000000000001,5.195865070729053
29150,12.0,6.901489117983964
29200,46.0,5.18327605956472
29250,66.0,5.49777117384844
29300,38.0,5.889281507656066
29350,94.0,0.5589879376287143
29400,100.0,2.0300088261253313
29450,100.0,0.29420417769932333
29500,94.0,1.0582010582010581
29550,100.0,2.5279247501469726
29600,86.0,3.6180308422301306
29650,64.0,5.149700598802395
29700,54.0,0.6929798131967461
29750,62.0,2.2181707687632937
29800,57.99999999999999,1.155888784754764
29850,62.0,2.719599874960925
29900,24.0,1.2775471095496647
29950,100.0,0.8942829766847652
30000,100.0,2.491216863621846
30050,100.0,0.35132545512615776
30100,100.0,1.4691791759821142
30150,100.0,3.066113062919195
30200,18.0,5.048409405255878
