250,33.2,100.0
500,35.199999999999996,100.0
750,27.200000000000003,100.0
1000,24.0,100.0
1250,40.400000000000006,100.0
1500,26.0,100.0
1750,22.400000000000002,100.0
2000,30.8,1.4978601997146932
2250,34.4,16.347381864623244
2500,46.800000000000004,28.01648028251913
2750,52.400000000000006,34.763476347634764
3000,54.400000000000006,41.84952978056427
3250,37.6,47.77562862669246
3500,33.6,51.55195681511471
3750,35.199999999999996,54.630021141649046
4000,54.400000000000006,56.79709560306575
4250,54.400000000000006,58.69649055148477
4500,55.60000000000001,60.392011834319526
4750,54.0,62.07875133025895
5000,39.2,64.01617250673854
5250,58.4,66.4926590538336
5500,84.39999999999999,69.02454780361758
5750,97.6,72.8474685585295
6000,98.4,76.61835748792271
6250,85.2,80.68109484404837
6500,70.8,84.99844382197324
6750,81.2,89.02214022140221
7000,81.6,91.8792781580585
7250,72.0,93.84126984126983
7500,59.199999999999996,99.96460176991151
7750,52.800000000000004,99.96583532627264
8000,18.8,99.96668887408394
8250,27.200000000000003,99.96503496503496
8500,48.0,99.96644295302013
8750,54.800000000000004,99.96355685131195
9000,56.00000000000001,99.96260284218398
9250,50.8,99.79943842759728
9500,36.0,99.77246871444824
9750,41.199999999999996,99.60188201230547
10000,76.0,99.6090973702914
10250,82.8,99.18497519489723
10500,98.0,99.9645390070922
10750,89.2,99.96487530734106
11000,70.0,99.96555287633483
11250,69.19999999999999,99.93222636394442
11500,70.8,99.90056347364931
11750,60.4,94.97978436657682
12000,48.0,94.85488126649076
12250,32.0,96.14137483787289
12500,32.800000000000004,99.96778350515464
12750,30.4,99.93832870798643
13000,28.4,99.96796925048046
13250,34.4,99.90726429675425
13500,32.4,99.96996996996998
13750,24.8,99.9706916764361
14000,19.6,99.94316567206593
14250,16.0,99.9720514253773
14500,45.2,99.9450247388675
14750,59.199999999999996,98.53752759381898
15000,57.199999999999996,98.4048404840484
15250,75.2,98.5373781148429
15500,64.8,96.86586985391766
15750,46.400000000000006,97.09809964047253
16000,56.39999999999999,97.1228421315987
16250,67.2,97.10287257549717
16500,88.8,96.88496443463332
16750,72.0,96.14629356897399
17000,62.8,95.82924435721296
17250,47.199999999999996,96.64051005394802
17500,35.199999999999996,97.1748660496834
17750,60.4,98.11414392059554
18000,64.0,98.66967871485943
18250,68.4,99.05804480651732
18500,52.400000000000006,99.96870109546165
18750,45.2,99.96851385390428
19000,40.400000000000006,99.96666666666667
19250,71.6,99.93444772205834
19500,60.4,99.93646759847522
19750,60.4,99.90645463049579
20000,34.4,99.96926859250154
20250,43.6,99.94035192365047
20500,63.2,99.94174191669094
20750,43.2,99.9439932791935
21000,5.6000000000000005,99.91989319092123
21250,64.4,99.97359387377873
21500,50.8,99.94875736612862
21750,35.199999999999996,99.97534516765286
22000,72.39999999999999,99.92721979621543
22250,74.0,99.75568043000244
22500,46.400000000000006,99.9248873309965
22750,31.2,99.43963321446765
23000,79.2,99.0721649484536
23250,67.2,98.8940329218107
23500,31.2,99.07072792978833
23750,36.0,98.54356306892068
24000,17.2,99.97349589186324
24250,20.4,99.22314492365389
24500,10.0,99.28248737709275
24750,28.799999999999997,98.93561786085151
25000,46.0,99.01936132763389
25250,52.400000000000006,99.07158563400928
25500,55.60000000000001,99.1192573196858
25750,57.599999999999994,99.1635687732342
26000,84.0,99.19224555735056
26250,96.8,99.2619926199262
26500,93.2,99.2645368880717
26750,47.199999999999996,99.28619228195404
27000,95.6,99.28793947485536
27250,75.2,99.29762949956101
27500,67.60000000000001,99.30989864136295
27750,85.2,99.97794441993825
28000,54.800000000000004,99.97748254897546
28250,90.4,99.9771324033844
28500,65.60000000000001,99.97599039615847
28750,69.19999999999999,99.97576345128454
29000,95.19999999999999,99.9758337361044
29250,52.400000000000006,99.9702823179792
29500,85.2,99.97060552616108
29750,73.2,98.21049438883834
30000,68.8,97.45499689633768
