50,22.0,0.0
100,52.0,0.0
150,60.0,0.0
200,18.0,0.0
250,14.000000000000002,0.0
300,18.0,0.0
350,36.0,0.0
400,56.00000000000001,0.0
450,46.0,0.0
500,20.0,0.0
550,34.0,0.0
600,32.0,0.0
650,16.0,0.0
700,32.0,0.0
750,22.0,0.0
800,10.0,0.0
850,30.0,0.0
900,26.0,0.0
950,26.0,0.0
1000,28.000000000000004,0.0
1050,50.0,0.0
1100,68.0,0.0
1150,18.0,0.0
1200,26.0,0.0
1250,40.0,0.0
1300,20.0,0.0
1350,26.0,0.0
1400,28.000000000000004,0.0
1450,28.000000000000004,0.0
1500,28.000000000000004,5.990338164251208
1550,34.0,10.486891385767791
1600,22.0,14.634146341463413
1650,14.000000000000002,18.434782608695652
1700,16.0,21.97986577181208
1750,26.0,24.735557363710335
1800,30.0,17.405063291139243
1850,36.0,9.25925925925926
1900,28.000000000000004,9.00900900900901
1950,32.0,9.809663250366032
2000,28.000000000000004,9.985734664764621
2050,26.0,10.979847116052815
2100,38.0,12.108843537414966
2150,42.0,15.210140093395596
2200,34.0,2.219321148825065
2250,32.0,2.490421455938697
2300,42.0,5.579937304075235
2350,50.0,8.580246913580247
2400,46.0,11.475409836065573
2450,46.0,14.277180406212665
2500,40.0,17.060212514757968
2550,46.0,14.642649622312609
2600,50.0,14.318442153493699
2650,44.0,15.501691093573843
2700,66.0,2.233389168062535
2750,56.00000000000001,2.095973524544953
2800,50.0,4.787812840043525
2850,62.0,1.948051948051948
2900,57.99999999999999,2.0364415862808145
2950,46.0,0.636604774535809
3000,52.0,1.7286537454164486
3050,57.99999999999999,0.7261410788381742
3100,40.0,1.962809917355372
3150,30.0,4.487506374298826
3200,18.0,6.893106893106893
3250,8.0,9.188660801564028
3300,36.0,0.7703418391911411
3350,34.0,0.6635071090047393
3400,38.0,0.6539000467071462
3450,42.0,1.7972350230414749
3500,18.0,1.2721490231712858
3550,16.0,3.1347962382445136
3600,34.0,0.30932390631904555
3650,20.0,0.7839721254355401
3700,52.0,2.6293103448275863
3750,54.0,2.3474178403755865
3800,60.0,2.8353787558188746
3850,60.0,3.063365505665128
3900,50.0,5.107973421926911
3950,52.0,7.113486842105263
4000,50.0,9.076109076109077
4050,57.99999999999999,9.079903147699758
4100,56.00000000000001,7.5600000000000005
4150,48.0,7.640538400633412
4200,52.0,7.6078431372549025
4250,57.99999999999999,8.206923376118242
4300,62.0,1.0038610038610039
4350,66.0,1.9946298427311087
4400,48.0,3.8739080896315987
4450,50.0,5.718585402558315
4500,52.0,7.531692766592095
4550,52.0,7.501847745750184
4600,54.0,7.255404910223525
4650,52.0,6.102433708681438
4700,68.0,3.358613217768147
4750,42.0,1.8955650929899857
4800,40.0,3.5385704175513095
4850,36.0,4.688593421973408
4900,30.0,4.908399585205669
4950,38.0,0.4450530640191715
5000,52.0,0.37351443123938877
5050,38.0,0.16823687752355315
5100,24.0,0.7973421926910298
5150,48.0,0.8242664029014177
5200,78.0,0.42720999014130795
5250,88.0,0.819940964250574
5300,84.0,0.6215243702976775
5350,76.0,0.293446364525595
5400,88.0,1.0091145833333335
5450,94.0,0.3903708523096942
5500,80.0,0.3246753246753247
5550,92.0,0.5515898767034394
5600,100.0,2.1739130434782608
5650,100.0,0.6813757300454251
5700,92.0,0.7797270955165692
5750,94.0,2.4018175916910094
5800,100.0,4.024667315806556
5850,100.0,5.647517039922103
5900,92.0,5.9967585089141
5950,100.0,5.769854132901134
6000,100.0,13.646677471636954
6050,100.0,6.256077795786062
6100,98.0,15.910563836681787
6150,80.0,6.686046511627906
6200,74.0,6.690254100997104
6250,72.0,6.280038449214994
6300,72.0,7.84688995215311
6350,48.0,9.441786283891547
6400,48.0,11.036682615629983
6450,42.0,15.987261146496815
6500,46.0,11.67674196627426
6550,56.00000000000001,6.140629971364938
6600,62.0,5.529075309818875
6650,46.0,7.099841521394612
6700,36.0,10.446538303973782
6750,44.0,8.626974483596598
6800,54.0,1.8057784911717496
6850,52.0,1.5898251192368837
6900,54.0,1.654194564789287
6950,50.0,1.5600624024960998
7000,50.0,1.660872923908845
7050,56.00000000000001,1.9149751053236308
7100,48.0,1.5927189988623434
7150,50.0,1.8407212622088653
7200,50.0,1.8235950874581317
7250,57.99999999999999,2.104874446085672
7300,64.0,0.9537784299339692
7350,66.0,0.36456434560699963
7400,54.0,0.7953723788864787
7450,56.00000000000001,1.0043041606886656
7500,56.00000000000001,0.8896797153024912
7550,57.99999999999999,0.9184033910279052
7600,50.0,0.8753501400560224
7650,56.00000000000001,0.9728978457261988
7700,52.0,0.7939247497411116
7750,48.0,1.094765651727677
7800,32.0,0.9469056476158269
7850,6.0,1.3693940431359124
7900,14.000000000000002,2.058029689608637
7950,24.0,2.731512325116589
8000,18.0,0.13324450366422386
8050,26.0,1.0122921185827911
8100,30.0,0.9061254077564335
8150,30.0,0.17921146953405018
8200,32.0,1.4872521246458925
8250,18.0,0.4195804195804196
8300,16.0,0.4824259131633356
8350,40.0,0.30695770804911326
8400,60.0,0.9485094850948509
8450,62.0,0.5048805116122518
8500,62.0,0.6711409395973155
8550,52.0,0.8726003490401396
8600,57.99999999999999,0.9715994020926756
8650,57.99999999999999,0.5932517612161661
8700,54.0,0.5147058823529411
8750,52.0,0.7653061224489796
8800,60.0,0.2894356005788712
8850,57.99999999999999,0.3955411722402014
8900,50.0,0.4182509505703422
8950,56.00000000000001,0.1508295625942685
9000,56.00000000000001,0.8227374719521316
9050,54.0,0.9076558800315706
9100,50.0,0.889967637540453
9150,54.0,1.054766734279919
9200,42.0,1.2960712839206157
9250,54.0,1.20870265914585
9300,68.0,2.203525641025641
9350,36.0,0.11876484560570072
9400,36.0,1.2133072407045011
9450,14.000000000000002,1.8118735543562068
9500,26.0,3.3511043412033508
9550,38.0,5.193827625141137
9600,44.0,1.8635855385762206
9650,32.0,3.7023324694557576
9700,18.0,5.435972272893105
9750,74.0,0.7270083605961468
9800,98.0,1.4550745725718441
9850,80.0,2.138455962305183
9900,72.0,3.9350180505415158
9950,57.99999999999999,5.696882837692583
10000,72.0,6.35260528194147
10050,76.0,5.828002842928217
10100,76.0,6.652512384996462
10150,74.0,7.340425531914893
10200,84.0,9.016684416045438
10250,90.0,1.0276399716513112
10300,100.0,1.4539007092198581
10350,100.0,3.232682060390764
10400,100.0,5.0088809946714035
10450,100.0,6.785079928952042
10500,90.0,8.546099290780141
10550,82.0,10.286320254506894
10600,100.0,10.569105691056912
10650,100.0,10.427712972781903
10700,86.0,14.915373765867418
10750,78.0,16.01685985247629
10800,56.00000000000001,11.659663865546218
10850,42.0,10.70931849791377
10900,50.0,10.242214532871973
10950,52.0,10.372157133011715
11000,48.0,10.175922731976543
11050,48.0,11.03448275862069
11100,50.0,11.529168104936142
11150,36.0,12.89655172413793
11200,34.0,13.028532141629427
11250,52.0,12.108703130374957
11300,50.0,11.97110423116615
11350,57.99999999999999,10.939112487100102
11400,48.0,10.716747070985527
11450,42.0,9.676308539944904
11500,36.0,11.041883004499827
11550,24.0,6.779661016949152
11600,26.0,8.543833580980683
11650,30.0,10.267693436010267
11700,28.000000000000004,11.00253347810351
11750,16.0,9.982174688057041
11800,16.0,9.421312632321808
11850,24.0,9.6415770609319
11900,26.0,9.869119207640608
11950,20.0,11.419190076614374
12000,30.0,11.203170028818443
12050,14.000000000000002,12.321937321937321
12100,12.0,12.903225806451612
12150,16.0,12.320112320112319
12200,26.0,12.864431486880468
12250,38.0,1.7297297297297298
12300,38.0,1.2125805229253506
12350,34.0,0.8662900188323917
12400,18.0,0.8520526723470179
12450,36.0,0.8076923076923077
12500,36.0,1.1039208222306813
12550,24.0,1.0542168674698795
12600,24.0,0.8908685968819599
12650,32.0,0.5498533724340177
12700,32.0,0.5070626584570808
12750,38.0,0.42979942693409745
12800,24.0,1.0178117048346056
12850,30.0,2.548456568557071
12900,32.0,2.7304964539007095
12950,28.000000000000004,1.6456582633053223
13000,28.000000000000004,1.6597510373443984
13050,34.0,0.411522633744856
13100,40.0,0.47522063815342835
13150,22.0,1.0720268006700169
13200,38.0,0.4976775049767751
13250,38.0,0.4934210526315789
13300,36.0,0.390625
13350,26.0,0.2574831026713872
13400,34.0,0.4146730462519936
13450,32.0,1.7040075733669928
13500,34.0,2.9044347282948157
13550,30.0,3.8924930491195555
13600,14.000000000000002,4.847560975609756
13650,26.0,5.788362978595115
13700,26.0,5.247465712581992
13750,28.000000000000004,5.929203539823009
13800,0.0,6.88953488372093
13850,18.0,7.900028727377191
13900,24.0,8.066361556064074
13950,26.0,8.041060735671515
14000,30.0,5.200341005967604
14050,20.0,6.101021566401816
14100,6.0,7.167332952598516
14150,18.0,7.902907140841095
14200,6.0,8.620207108872096
14250,30.0,9.050279329608939
14300,30.0,7.7827547592385224
14350,24.0,8.421052631578947
14400,32.0,5.677097756854057
14450,74.0,1.434878587196468
14500,66.0,1.0711343037627026
14550,70.0,0.8205689277899343
14600,50.0,0.7342942616263258
14650,70.0,1.5442969384990517
14700,66.0,2.76273022751896
14750,40.0,4.1931034482758625
14800,54.0,4.855172413793103
14850,50.0,5.3532008830022075
14900,57.99999999999999,0.5241379310344828
14950,57.99999999999999,0.5506607929515419
15000,52.0,1.7089305402425579
15050,74.0,3.0777686177521297
15100,76.0,4.437140509449466
15150,74.0,5.786026200873363
15200,70.0,7.121500407719489
15250,82.0,0.2170374389582203
15300,88.0,0.2979414951245937
15350,86.0,0.2973776696404434
15400,56.00000000000001,0.18827326519634213
15450,42.0,0.34805890227576974
15500,52.0,0.5852620377760043
15550,46.0,1.531959852086635
15600,42.0,2.337798791699501
15650,26.0,2.904238618524333
15700,14.000000000000002,3.571428571428571
15750,24.0,4.134165366614664
15800,2.0,4.64935064935065
15850,12.0,5.170630816959669
15900,10.0,5.859676175790286
15950,62.0,0.3611039463502708
16000,57.99999999999999,0.6212787988609888
16050,52.0,0.5698005698005698
16100,54.0,0.5696530295183843
16150,34.0,0.5695055656225732
16200,42.0,0.7800312012480499
16250,32.0,1.066042641705668
16300,44.0,1.8262457605009133
16350,46.0,2.3304529981670594
16400,52.0,2.7055424218544784
16450,54.0,2.9783869267264103
16500,66.0,0.7657776604172167
16550,50.0,0.5565862708719851
16600,38.0,0.6631299734748011
16650,42.0,1.4388489208633095
16700,52.0,1.7661225582017663
16750,50.0,1.7176596886741815
16800,50.0,1.7227456258411842
16850,44.0,1.6729627630868862
16900,36.0,1.5976171134578931
16950,20.0,1.1093073593073595
17000,22.0,1.543878656554713
17050,26.0,2.299495232753786
17100,32.0,3.169431279620853
17150,24.0,2.758411639890876
17200,26.0,0.09068923821039904
17250,2.0,0.6311992786293958
17300,0.0,1.031866464339909
17350,0.0,1.345291479820628
17400,0.0,1.7215791035915702
17450,12.0,2.2592152199762188
17500,34.0,2.7082720047100386
17550,50.0,1.4488286066584464
17600,42.0,1.1652867218644587
17650,34.0,1.0664229128580134
17700,36.0,1.21765601217656
17750,40.0,1.1771808028976758
17800,32.0,1.4882837238758708
17850,30.0,1.670814077497334
17900,26.0,1.8245614035087718
17950,34.0,2.2892819979188346
18000,46.0,0.5159958720330238
18050,52.0,0.478796169630643
18100,34.0,0.7135575942915392
18150,38.0,0.605245460659045
18200,40.0,0.6324900133155792
18250,42.0,1.252884932410155
18300,50.0,1.3407455853499017
18350,60.0,0.684931506849315
18400,50.0,0.3902439024390244
18450,22.0,0.4865390853065196
18500,26.0,0.674373795761079
18550,26.0,1.1221545367104842
18600,40.0,0.5716100349317244
18650,46.0,0.4093198992443325
18700,36.0,0.6244146113019045
18750,28.000000000000004,0.5105513955071478
18800,22.0,0.9897610921501706
18850,34.0,0.6074924063449206
18900,32.0,0.2672903441363181
18950,46.0,0.8286377195889957
19000,68.0,0.36666666666666664
19050,66.0,2.0218760357971495
19100,76.0,1.4196104324859689
19150,60.0,0.395778364116095
19200,78.0,1.5789473684210527
19250,78.0,2.5893149786955094
19300,72.0,2.2185970636215333
19350,62.0,2.3346303501945527
19400,78.0,3.0048465266558964
19450,44.0,0.6728612624158924
19500,46.0,1.3659466327827192
19550,26.0,1.9780219780219779
19600,56.00000000000001,0.2810743285446596
19650,78.0,0.4979769685652039
19700,84.0,0.27958993476234856
19750,56.00000000000001,1.8397256002494544
19800,57.99999999999999,2.3957685127566895
19850,28.000000000000004,0.2165841584158416
19900,36.0,0.3096934035305048
19950,2.0,0.7120743034055728
20000,40.0,0.7990165949600493
20050,44.0,0.7617306520414382
20100,32.0,0.3033060357901122
20150,42.0,0.24183796856106407
20200,48.0,0.2999400119976005
20250,52.0,0.656128839844915
20300,56.00000000000001,0.7132243684992571
20350,68.0,0.8873114463176575
20400,72.0,2.2385861561119293
20450,70.0,3.695014662756598
20500,50.0,5.010195164579085
20550,64.0,5.042016806722689
20600,68.0,3.691952696856071
20650,66.0,5.114942528735632
20700,18.0,6.4754331155921605
20750,0.0,7.7849341921030515
20800,0.0,9.058271195802265
20850,14.000000000000002,5.458515283842795
20900,14.000000000000002,6.231454005934718
20950,0.0,6.121905775885015
21000,0.0,6.702269692923898
21050,48.0,0.18631887143997872
21100,56.00000000000001,0.8531058384430819
21150,80.0,0.39904229848363926
21200,78.0,0.2653927813163482
21250,60.0,0.39609189331925004
21300,56.00000000000001,0.4728132387706856
21350,80.0,0.41939711664482304
21400,46.0,0.44259307472012493
21450,42.0,0.3102378490175801
21500,30.0,0.5636689725851909
21550,48.0,0.20366598778004072
21600,44.0,0.3538928210313448
21650,36.0,0.6529382219989954
21700,22.0,0.1492908683752177
21750,26.0,0.2465483234714004
21800,54.0,0.14709487619514586
21850,80.0,0.3179261433113231
21900,78.0,0.2926829268292683
21950,80.0,0.12165450121654502
22000,70.0,0.1455604075691412
22050,62.0,0.8238429852192876
22100,60.0,1.2842258299006541
22150,78.0,0.48543689320388345
22200,82.0,1.7787524366471734
22250,88.0,2.9318348399706817
22300,92.0,4.16258570029383
22350,66.0,0.41738276454701695
22400,12.0,0.2729528535980149
22450,28.000000000000004,0.3988035892323031
22500,34.0,0.4256384576865298
22550,32.0,0.5032712632108707
22600,28.000000000000004,0.3279515640766902
22650,30.0,0.1271617497456765
22700,32.0,0.45859872611464964
22750,34.0,0.45848191543555783
22800,72.0,0.7660878447395302
22850,74.0,0.7684426229508197
22900,94.0,2.0507562163547806
22950,90.0,3.336755646817249
23000,66.0,0.4896907216494845
23050,74.0,1.1904761904761905
23100,86.0,1.9161056447436562
23150,64.0,0.31047865459249674
23200,12.0,0.5947763123868632
23250,26.0,1.1639937920331092
23300,36.0,1.2415933781686497
23350,34.0,1.2422360248447204
23400,28.000000000000004,1.166709878143635
23450,28.000000000000004,1.765775123344586
23500,24.0,3.013769810340348
23550,38.0,4.3139293139293144
23600,38.0,4.9504950495049505
23650,30.0,5.634171907756813
23700,18.0,6.990240042205223
23750,34.0,0.2960172228202368
23800,6.0,1.6397849462365592
23850,0.0,3.0344450519409514
23900,10.0,4.3478260869565215
23950,36.0,5.779238564776774
24000,32.0,7.144812482890775
24050,20.0,8.528843499861994
24100,22.0,9.873487348734873
24150,10.0,12.439172749391728
24200,10.0,14.366729678638942
24250,14.000000000000002,15.355921666148586
24300,2.0,16.656460502143293
24350,0.0,17.913148371531967
24400,0.0,19.132501485442663
24450,20.0,15.76629477392836
24500,26.0,15.974440894568689
24550,28.000000000000004,12.19440353460972
24600,28.000000000000004,13.701067615658364
24650,28.000000000000004,0.18170805572380377
24700,32.0,1.0599636583888552
24750,12.0,1.8948655256723717
24800,50.0,0.6067961165048543
24850,50.0,0.332025354663447
24900,46.0,0.21021021021021022
24950,42.0,0.9529481834425254
25000,42.0,0.3250591016548463
25050,48.0,0.20539906103286387
25100,46.0,0.34944670937682004
25150,50.0,0.28910089621277824
25200,50.0,0.4592422502870264
25250,68.0,0.2857142857142857
25300,68.0,1.1660978384527871
25350,48.0,2.5706214689265536
25400,50.0,2.5525946704067324
25450,54.0,1.8399776972400335
25500,57.99999999999999,2.7993348115299335
25550,42.0,3.493810178817056
25600,52.0,2.596337797212353
25650,50.0,3.342391304347826
25700,48.0,4.349007882576787
25750,82.0,2.467462039045553
25800,56.00000000000001,2.7238403451995685
25850,80.0,2.743410435718128
25900,100.0,0.6186121570736955
25950,96.0,1.532258064516129
26000,88.0,1.480086114101184
26050,100.0,3.821313240043057
26100,90.0,2.338709677419355
26150,100.0,2.4200053777897286
26200,96.0,3.8968019349637193
26250,98.0,2.6881720430107525
26300,96.0,0.914470145239376
26350,82.0,2.2538234504963777
26400,100.0,3.595385028172793
26450,100.0,4.400321974778643
26500,86.0,3.9635779325120515
26550,56.00000000000001,3.913738019169329
26600,28.000000000000004,1.3185654008438819
26650,56.00000000000001,2.6219192448872572
26700,54.0,2.111024237685692
26750,42.0,2.224521469218831
26800,84.0,1.2648425400103251
26850,100.0,0.8002065049044915
26900,100.0,2.0908621579762516
26950,94.0,3.120969822027341
27000,100.0,0.8769667268506577
27050,100.0,2.166623678101625
27100,100.0,3.456280629352592
27150,54.0,4.9743589743589745
27200,60.0,2.295918367346939
27250,62.0,2.767199796902767
27300,56.00000000000001,1.8682150971976774
27350,4.0,3.0431529059615863
27400,76.0,0.870430241233524
27450,100.0,1.4672966923650834
27500,100.0,2.511812981845312
27550,94.0,1.1928429423459244
27600,98.0,0.695998011434253
27650,100.0,1.9388516032811336
27700,78.0,3.1730292513634106
27750,54.0,1.5775203352230711
27800,57.99999999999999,2.7954879843060323
27850,50.0,2.6565927370216915
27900,56.00000000000001,2.4484848484848483
27950,46.0,2.5048169556840074
28000,64.0,3.0455635491606716
28050,78.0,0.3599712023038157
28100,94.0,1.2968299711815563
28150,98.0,2.498198414604852
28200,100.0,3.4590439586836412
28250,80.0,1.413850946561227
28300,100.0,2.6120297148334535
28350,78.0,3.8001912045889106
28400,64.0,4.995219885277247
28450,42.0,5.893581484132665
28500,44.0,3.865546218487395
28550,72.0,3.7063778580024067
28600,46.0,4.119941491955144
28650,42.0,3.679496489954006
28700,86.0,0.290838584585555
28750,100.0,0.9936984973339797
28800,100.0,2.2055259331071255
28850,100.0,3.223460979156568
28900,76.0,0.8699855002416627
28950,100.0,0.9908168197196714
29000,100.0,2.199130014499758
29050,82.0,3.80978114023237
29100,56.00000000000001,5.191628159826039
29150,12.0,6.901489117983964
29200,46.0,5.18327605956472
29250,66.0,5.49777117384844
29300,38.0,5.889281507656066
29350,94.0,0.5589879376287143
29400,100.0,2.0300088261253313
29450,100.0,0.29420417769932333
29500,94.0,1.0582010582010581
29550,100.0,2.5279247501469726
29600,86.0,4.033214709371293
29650,64.0,5.149700598802395
29700,54.0,0.6929798131967461
29750,62.0,2.2141340612678193
29800,57.99999999999999,1.1280487804878048
29850,62.0,2.667893284268629
29900,24.0,1.2414649286157666
29950,100.0,0.8690254500310366
30000,100.0,2.4208566108007448
30050,100.0,0.3414028553693358
30100,100.0,1.4276846679081316
30150,100.0,2.97951582867784
30200,18.0,4.59263919471532
