200,0.018881650739062863,0.0007605568598921993
400,0.024007142620945075,0.001554181409344929
600,0.02612347475281902,0.0004629476538474257
800,0.018683244601699678,0.0
1000,0.02364339803577924,6.613537912106081e-05
1200,0.026288813200621673,0.001950993684071294
1400,0.03296848649184882,0.0007936245494527298
1600,0.04103700274461823,0.0010250983763764425
1800,0.05442941701663305,0.0035382427829767533
2000,0.05889355510730465,0.0054231010879269865
2200,0.046989186865513705,0.0051254918818822125
2400,0.05009754968420357,3.306768956053041e-05
2600,0.05194934029959327,0.00016533844780265204
2800,0.040937799675936644,0.00023147382692371285
3000,0.036275255447901854,9.920306868159122e-05
3200,0.03329916338745412,0.0
3400,0.02857048378029827,9.920306868159122e-05
3600,0.027479250024800766,0.00019840613736318244
3800,0.019939816804999833,0.0
4000,0.01640157402202308,0.0
