200,66.35693264111636,33.643067358883634
400,56.75738236169438,43.24261763830562
600,54.87583082570021,45.124169174299794
800,53.08686882047551,46.913131179524484
1000,50.5108958037102,49.48910419628981
1200,48.629344267716014,51.370655732283986
1400,45.26966700836613,54.73033299163388
1600,42.67385337786449,57.32614662213551
1800,41.463575939949074,58.536424060050926
2000,41.01054859296981,58.98945140703019
2200,38.53377864488608,61.466221355113916
2400,38.54369895175424,61.456301048245756
2600,35.33613306438279,64.66386693561721
2800,32.82298865778248,67.17701134221753
3000,30.911676201183823,69.08832379881618
3200,30.075063655302404,69.9249363446976
3400,29.261598492113354,70.73840150788664
3600,29.043351741013858,70.95664825898615
3800,28.96068251711253,71.03931748288747
4000,28.391918256671406,71.60808174332858
