250,33.2
500,35.199999999999996
750,27.200000000000003
1000,24.0
1250,40.400000000000006
1500,26.0
1750,22.400000000000002
2000,30.8
2250,34.4
2500,46.800000000000004
2750,52.400000000000006
3000,57.199999999999996
3250,38.0
3500,35.6
3750,38.800000000000004
4000,54.400000000000006
4250,54.400000000000006
4500,55.60000000000001
4750,54.0
5000,39.6
5250,62.8
5500,84.39999999999999
5750,98.8
6000,98.4
6250,85.2
6500,71.2
6750,82.0
7000,98.4
7250,98.8
7500,99.2
7750,97.6
8000,72.39999999999999
8250,56.39999999999999
8500,70.39999999999999
8750,81.6
9000,85.6
9250,55.60000000000001
9500,39.2
9750,42.0
10000,88.4
10250,91.60000000000001
10500,98.0
10750,89.2
11000,70.0
11250,69.19999999999999
11500,70.8
11750,72.8
12000,73.2
12250,66.8
12500,55.60000000000001
12750,55.2
13000,52.800000000000004
13250,57.599999999999994
13500,61.6
13750,72.8
14000,66.4
14250,41.6
14500,45.6
14750,67.2
15000,75.6
15250,76.8
15500,67.60000000000001
15750,48.8
16000,62.0
16250,93.60000000000001
16500,97.2
16750,95.6
17000,86.0
17250,72.8
17500,82.39999999999999
17750,98.8
18000,92.0
18250,95.19999999999999
18500,76.8
18750,60.0
19000,62.4
19250,71.6
19500,60.4
19750,61.199999999999996
20000,44.0
20250,46.0
20500,90.4
20750,98.4
21000,51.2
21250,64.4
21500,50.8
21750,35.6
22000,72.39999999999999
22250,74.0
22500,46.400000000000006
22750,43.2
23000,98.4
23250,74.8
23500,63.6
23750,66.8
24000,49.2
24250,55.2
24500,45.2
24750,41.199999999999996
25000,46.0
25250,52.800000000000004
25500,55.60000000000001
25750,56.8
26000,84.39999999999999
26250,97.2
26500,92.80000000000001
26750,47.199999999999996
27000,95.6
27250,75.2
27500,92.80000000000001
27750,96.8
28000,54.800000000000004
28250,88.8
28500,62.4
28750,64.4
29000,93.60000000000001
29250,49.2
29500,82.0
29750,71.6
30000,68.8
