250,33.2,100.0
500,35.199999999999996,100.0
750,27.200000000000003,100.0
1000,24.0,100.0
1250,40.400000000000006,10.352941176470589
1500,26.0,29.275362318840582
1750,22.400000000000002,41.9039869812856
2000,30.8,49.21540656205421
2250,34.4,56.25798212005109
2500,44.800000000000004,63.16410861865407
2750,52.400000000000006,67.6227247655819
3000,32.800000000000004,69.12318450779989
3250,26.400000000000002,71.23425692695214
3500,32.4,73.36448598130842
3750,33.2,74.98904949627683
4000,54.400000000000006,76.26199415936587
4250,54.400000000000006,77.33970529669453
4500,55.60000000000001,78.29900839054157
4750,53.2,79.21081476068689
5000,39.2,80.31878031878031
5250,43.6,81.3183173236171
5500,84.39999999999999,83.73770491803279
5750,88.4,86.96219035202087
6000,98.4,90.75520833333334
6250,65.2,96.11238157464881
6500,37.2,99.95682210708118
6750,31.2,99.95801847187238
7000,52.0,99.96003197442046
7250,52.400000000000006,99.96184662342617
7500,59.199999999999996,99.96327579875137
7750,52.800000000000004,99.96427295462665
8000,18.0,99.96278377372533
8250,26.400000000000002,99.96470172961524
8500,48.0,99.96536196744024
8750,54.800000000000004,99.95838535164377
9000,56.00000000000001,99.95959595959596
9250,50.8,98.27231591937475
9500,36.0,98.33009708737865
9750,41.199999999999996,97.89279112754159
10000,69.19999999999999,91.59663865546219
10250,68.8,92.83915077365958
10500,78.8,93.672236046925
10750,66.0,92.18585005279832
11000,36.4,92.88428324697755
11250,32.800000000000004,94.94324045407637
11500,23.200000000000003,99.73210868733257
11750,24.4,99.7501784439686
12000,23.200000000000003,99.92795389048992
12250,21.2,99.96396396396396
12500,31.6,99.92386752950134
12750,29.599999999999998,99.92836676217765
13000,28.4,99.96530187369882
13250,34.4,99.93405868776789
13500,32.0,99.96873045653534
13750,24.8,99.97046662728883
14000,19.6,99.94316567206593
14250,16.0,99.97206703910615
14500,45.2,99.97253501785224
14750,59.199999999999996,98.48317705460563
15000,53.6,98.64902122966639
15250,56.00000000000001,98.2668500687758
15500,40.400000000000006,98.21330401319406
15750,22.0,97.63779527559055
16000,27.6,98.15426997245179
16250,39.6,99.96926859250154
16500,52.400000000000006,99.97035280166024
16750,46.400000000000006,99.96981587684878
17000,34.4,99.96930632289748
17250,21.2,99.96994289149383
17500,9.2,99.97056226081837
17750,40.400000000000006,99.96981587684878
18000,33.6,99.96549344375431
18250,41.199999999999996,99.96696399074992
18500,41.199999999999996,99.96757457846952
18750,35.199999999999996,99.96542185338866
19000,40.400000000000006,99.93288590604027
19250,71.2,99.93436166721365
19500,60.4,99.90458015267176
19750,60.0,99.9687695190506
20000,31.2,99.9692118226601
20250,43.6,99.94028068080024
20500,63.2,99.94167395742198
20750,43.2,99.9439304737875
21000,5.6000000000000005,99.91989319092123
21250,64.4,99.97359387377873
21500,50.8,99.94875736612862
21750,35.199999999999996,99.97534516765286
22000,72.39999999999999,99.92721979621543
22250,74.0,99.75568043000244
22500,46.400000000000006,99.9248873309965
22750,31.2,99.43963321446765
23000,79.2,99.14948453608248
23250,52.400000000000006,99.97390396659708
23500,30.0,99.97215260373154
23750,31.6,99.97277429893819
24000,16.8,99.97262523952915
24250,14.799999999999999,99.93618379068283
24500,9.6,99.94047619047619
24750,25.6,99.90828492815653
25000,46.0,99.67484481229678
25250,52.400000000000006,99.71420405830237
25500,55.60000000000001,99.72283813747228
25750,54.800000000000004,99.86442516268981
26000,84.0,99.81162540365986
26250,96.39999999999999,99.83870967741936
26500,92.80000000000001,99.8393144081414
26750,47.199999999999996,99.84480082772892
27000,95.6,99.84524116584988
27250,75.2,99.84767707539984
27500,67.2,99.8507833872171
27750,84.8,99.85210746857284
28000,54.800000000000004,99.85611510791367
28250,90.0,99.85621854780733
28500,65.60000000000001,99.97599039615847
28750,69.19999999999999,99.97576345128454
29000,95.19999999999999,99.9758337361044
29250,52.400000000000006,99.9702823179792
29500,85.2,99.97060552616108
29750,73.2,98.21049438883834
30000,68.8,97.45499689633768
