50,22.0,0.0
100,52.0,0.0
150,60.0,0.0
200,18.0,0.0
250,14.000000000000002,0.0
300,18.0,0.0
350,36.0,0.0
400,56.00000000000001,0.0
450,46.0,0.0
500,20.0,0.0
550,34.0,0.0
600,32.0,0.0
650,16.0,0.0
700,32.0,0.0
750,22.0,0.0
800,10.0,0.0
850,30.0,0.0
900,26.0,0.0
950,26.0,0.0
1000,28.000000000000004,0.0
1050,50.0,0.0
1100,68.0,0.0
1150,18.0,0.0
1200,26.0,0.0
1250,40.0,0.0
1300,20.0,0.0
1350,26.0,0.0
1400,28.000000000000004,0.0
1450,28.000000000000004,0.0
1500,28.000000000000004,0.0
1550,34.0,0.0
1600,22.0,0.0
1650,14.000000000000002,0.0
1700,16.0,0.0
1750,26.0,0.0
1800,30.0,0.0
1850,36.0,0.0
1900,28.000000000000004,0.0
1950,32.0,0.0
2000,28.000000000000004,1.4978601997146932
2050,26.0,4.933981931897151
2100,38.0,8.231292517006802
2150,42.0,11.407605070046698
2200,34.0,2.219321148825065
2250,32.0,2.490421455938697
2300,42.0,5.579937304075235
2350,50.0,8.580246913580247
2400,46.0,11.475409836065573
2450,46.0,14.277180406212665
2500,50.0,17.010005885815186
2550,46.0,14.600231749710312
2600,50.0,14.277555682467161
2650,44.0,15.458122540753234
2700,66.0,2.2271714922048997
2750,56.00000000000001,2.0902090209020905
2800,50.0,4.774823657080846
2850,62.0,1.9427954668105774
2900,60.0,2.030999465526456
2950,48.0,0.6349206349206349
3000,52.0,1.7241379310344827
3050,60.0,0.7238883143743536
3100,62.0,1.9457245263696878
3150,40.0,4.43772062531518
3200,18.0,6.8181818181818175
3250,8.0,9.090909090909092
3300,36.0,0.7622677465459743
3350,34.0,0.6566604127579738
3400,38.0,0.6472491909385114
3450,42.0,1.7791970802919708
3500,18.0,1.2595591542959963
3550,16.0,3.1042128603104215
3600,34.0,0.3063457330415755
3650,20.0,0.7765314926660914
3700,52.0,2.604611443210931
3750,54.0,2.3255813953488373
3800,60.0,2.8092243186582806
3850,60.0,3.0353430353430353
3900,50.0,5.061728395061729
3950,52.0,7.049714751426244
4000,50.0,8.99556272690601
4050,57.99999999999999,9.0
4100,56.00000000000001,7.494052339413164
4150,48.0,7.574568288854003
4200,52.0,7.542768273716952
4250,57.99999999999999,8.137292711145392
4300,62.0,0.9954058192955589
4350,66.0,2.3583111449220233
4400,48.0,4.218455743879472
4450,50.0,6.044776119402985
4500,52.0,7.840236686390532
4550,52.0,7.441348973607038
4600,54.0,7.197382769901854
4650,52.0,6.054054054054054
4700,68.0,3.3321390182730206
4750,44.0,1.8800993260021284
4800,40.0,3.51000351000351
4850,36.0,4.651162790697675
4900,30.0,4.869684499314129
4950,38.0,0.44157608695652173
5000,52.0,0.3706199460916442
5050,38.0,0.1669449081803005
5100,32.0,0.924397490921096
5150,56.00000000000001,0.819940964250574
5200,78.0,0.4249754821837201
5250,88.0,0.8156606851549755
5300,84.0,0.6182883176049463
5350,76.0,0.2919234511839118
5400,88.0,1.0038860103626943
5450,94.0,0.3883495145631068
5500,80.0,0.32299741602067183
5550,94.0,0.5487411233053583
5600,100.0,2.1626856036152353
5650,100.0,0.6778566817301485
5700,100.0,0.7746933505487411
5750,94.0,2.3863269912931315
5800,100.0,3.99871009351822
5850,100.0,5.611093195743309
5900,92.0,5.958132045088567
5950,100.0,5.732689210950081
6000,100.0,14.814814814814813
6050,100.0,6.215780998389694
6100,98.0,17.06374758531874
6150,80.0,6.643132220795891
6200,74.0,6.647491211249601
6250,74.0,6.238064926798217
6300,72.0,7.79467680608365
6350,74.0,9.340485957715368
6400,72.0,10.877082678403017
6450,66.0,15.69731081926204
6500,70.0,11.422346716464364
6550,78.0,5.9863523573201
6600,82.0,5.381998144138571
6650,70.0,6.90505548705302
6700,76.0,8.425584255842558
6750,100.0,9.96309963099631
6800,98.0,1.4448201660006148
6850,86.0,1.2939001848428837
6900,76.0,2.6592455163883733
6950,72.0,4.215747055176689
7000,76.0,4.418170504044804
7050,78.0,7.336871682797377
7100,74.0,8.934169278996865
7150,72.0,6.473915776241358
7200,74.0,6.437361943830862
7250,62.0,7.2063492063492065
7300,64.0,0.8301404853128991
7350,66.0,0.9297851875601153
7400,54.0,2.0025839793281652
7450,56.00000000000001,3.6434612882238127
7500,56.00000000000001,5.734513274336283
7550,57.99999999999999,1.3000702740688685
7600,50.0,1.2190874259839777
7650,56.00000000000001,1.244382993432423
7700,52.0,0.9996552912788694
7750,48.0,1.3324222753672703
7800,32.0,1.0821778829895163
7850,6.0,1.4720985963711057
7900,14.000000000000002,2.1255060728744937
7950,24.0,2.8647568287808127
8000,18.0,0.4996668887408394
8050,26.0,0.5422993492407809
8100,30.0,0.9061254077564335
8150,30.0,0.43010752688172044
8200,32.0,1.3456090651558072
8250,18.0,0.27972027972027974
8300,16.0,0.4824259131633356
8350,40.0,0.30695770804911326
8400,60.0,1.1856368563685638
8450,62.0,0.5048805116122518
8500,62.0,0.6711409395973155
8550,52.0,0.8726003490401396
8600,57.99999999999999,1.195814648729447
8650,57.99999999999999,0.5932517612161661
8700,54.0,0.5147058823529411
8750,52.0,0.7653061224489796
8800,60.0,0.2894356005788712
8850,57.99999999999999,0.3955411722402014
8900,50.0,0.1520912547528517
8950,56.00000000000001,1.1689291101055808
9000,56.00000000000001,1.1593118922961856
9050,54.0,1.2628255722178374
9100,50.0,1.3671089666264575
9150,54.0,1.371520774505849
9200,42.0,1.4521984671238404
9250,54.0,1.444043321299639
9300,68.0,2.672516952532908
9350,36.0,0.11824990145841545
9400,36.0,1.2076353720296065
9450,14.000000000000002,1.7267843438219495
9500,26.0,3.261281759575275
9550,38.0,5.097451274362818
9600,44.0,1.855287569573284
9650,32.0,3.685956505713232
9700,18.0,5.414244186046512
9750,74.0,0.7238508867173362
9800,98.0,1.4487504527345163
9850,80.0,2.1291952363767592
9900,72.0,3.9180445722501798
9950,57.99999999999999,5.066000713521227
10000,72.0,5.437100213219616
10050,76.0,5.590941259731069
10100,82.0,6.633733239237827
10150,82.0,7.624113475177305
10200,84.0,9.016684416045438
10250,90.0,1.0276399716513112
10300,100.0,1.4539007092198581
10350,100.0,3.232682060390764
10400,100.0,5.0088809946714035
10450,100.0,6.785079928952042
10500,90.0,8.546099290780141
10550,82.0,10.286320254506894
10600,100.0,10.569105691056912
10650,100.0,10.427712972781903
10700,86.0,14.915373765867418
10750,78.0,16.01685985247629
10800,68.0,11.631156129933636
10850,60.0,10.683315990287895
10900,74.0,10.220994475138122
10950,76.0,10.350756533700139
11000,72.0,10.161901481226318
11050,72.0,11.019283746556475
11100,76.0,11.501377410468319
11150,64.0,12.816997943797121
11200,57.99999999999999,13.405920381082002
11250,76.0,11.928159945781092
11300,74.0,11.740890688259109
11350,80.0,10.692669804976463
11400,72.0,10.42574589339591
11450,70.0,10.140093395597065
11500,57.99999999999999,11.236327477626782
11550,74.0,5.9405940594059405
11600,76.0,7.5608152531229464
11650,60.0,9.514101257220524
11700,52.0,10.145911096029861
11750,40.0,9.164420485175203
11800,40.0,8.883674153536708
11850,50.0,8.914858096828047
11900,50.0,8.643617021276597
11950,48.0,8.970539556438267
12000,52.0,9.762532981530343
12050,40.0,10.687273923051627
12100,18.0,11.695524338451486
12150,16.0,11.414634146341465
12200,26.0,11.423948220064725
12250,60.0,1.4591439688715953
12300,38.0,1.0276172125883107
12350,34.0,0.7313195548489666
12400,20.0,0.7037747920665387
12450,36.0,0.683371298405467
12500,36.0,0.9342783505154639
12550,24.0,0.8925725215173733
12600,24.0,0.7559055118110236
12650,32.0,0.46743533811156124
12700,32.0,0.431832202344232
12750,40.0,0.37002775208140615
12800,24.0,0.8894536213468869
12850,30.0,2.2306000628338043
12900,32.0,2.393534348772148
12950,28.000000000000004,1.4448201660006148
13000,28.000000000000004,1.5374759769378605
13050,34.0,0.3824091778202677
13100,40.0,0.4419191919191919
13150,22.0,0.9978172747115684
13200,38.0,0.4677268475210477
13250,38.0,0.46367851622874806
13300,36.0,0.3673094582185491
13350,26.0,0.24220405691795338
13400,34.0,0.38980509745127434
13450,32.0,1.6681831968456171
13500,34.0,2.8528528528528527
13550,30.0,3.684992570579495
13600,14.000000000000002,4.6539027982326955
13650,26.0,5.690326445043426
13700,26.0,5.213270142180095
13750,28.000000000000004,5.890973036342322
13800,0.0,6.832657788071801
13850,18.0,7.871301350186728
13900,24.0,8.066361556064074
13950,26.0,8.01254633589963
14000,30.0,5.143506678033533
14050,20.0,6.015891032917139
14100,6.0,7.149059334298119
14150,18.0,7.837528604118993
14200,6.0,8.523849844764325
14250,30.0,9.111235326998324
14300,30.0,7.824858757062147
14350,24.0,8.468418110676355
14400,32.0,5.681818181818182
14450,74.0,1.4360673847003589
14500,66.0,1.2094557449147882
14550,70.0,1.3687380235422941
14600,50.0,0.8433079434167573
14650,70.0,1.817195551939246
14700,66.0,2.846299810246679
14750,40.0,4.277041942604857
14800,54.0,4.856512141280353
14850,50.0,5.354678443279051
14900,57.99999999999999,0.5242825607064018
14950,72.0,0.5497526113249038
15000,52.0,1.7051705170517053
15050,74.0,3.071859572133845
15100,76.0,4.428649535265173
15150,74.0,5.774993189866522
15200,70.0,7.107976125881714
15250,82.0,0.21668472372697722
15300,88.0,0.29745808545159547
15350,86.0,0.2968960863697706
15400,56.00000000000001,0.18796992481203006
15450,42.0,0.3475006682705159
15500,52.0,0.6374501992031872
15550,46.0,1.5822784810126582
15600,50.0,2.436468430704742
15650,48.0,3.0705178246161853
15700,38.0,3.6443525458774877
15750,50.0,4.288649203903441
15800,42.0,4.639306653071628
15850,36.0,5.185934733114091
15900,30.0,5.795283492222779
15950,92.0,0.3510531594784353
16000,82.0,1.1508631473605204
16050,76.0,1.0476428036916938
16100,76.0,0.5968664511315593
16150,62.0,0.9905894006934125
16200,68.0,1.3333333333333335
16250,54.0,1.2030444389884607
16300,80.0,2.2042615723732553
16350,98.0,3.4280117531831538
16400,98.0,4.578844270323213
16450,84.0,5.51605785731797
16500,84.0,0.7113073338238901
16550,76.0,1.3738959764474974
16600,62.0,2.5948592411260707
16650,66.0,3.81791483113069
16700,80.0,5.042839657282742
16750,76.0,4.761904761904762
16800,76.0,5.989199803632793
16850,70.0,7.212953876349363
16900,64.0,8.454165642664044
16950,44.0,9.106529209621993
17000,60.0,8.341511285574093
17050,56.00000000000001,7.849409448818897
17100,54.0,5.904059040590406
17150,52.0,6.0024600246002455
17200,48.0,0.4182041820418204
17250,26.0,1.1034820990681709
17300,26.0,1.8835616438356164
17350,24.0,2.709299487429827
17400,26.0,3.5104826913700635
17450,36.0,4.37956204379562
17500,64.0,5.309303458353629
17550,76.0,1.1980440097799512
17600,70.0,1.030421982335623
17650,64.0,0.5921539600296076
17700,50.0,0.8678403173816018
17750,42.0,2.109181141439206
17800,66.0,3.3498759305210917
17850,68.0,4.200845140442456
17900,54.0,5.472263868065967
17950,62.0,6.7334167709637045
18000,70.0,1.104417670682731
18050,72.0,0.829979879275654
18100,62.0,1.9701944935589795
18150,74.0,3.241326918207141
18200,68.0,4.52006094464195
18250,66.0,5.8044806517311605
18300,76.0,7.1027082268778745
18350,80.0,0.5530682117461154
18400,54.0,0.3780718336483932
18450,26.0,0.569079987353778
18500,26.0,0.6885758998435054
18550,26.0,1.2111801242236024
18600,46.0,0.5558987029030266
18650,64.0,0.40260142458965625
18700,50.0,0.9666354848768319
18750,40.0,0.5667506297229219
18800,22.0,1.0416666666666665
18850,34.0,0.7976071784646062
18900,32.0,0.26702269692923897
18950,46.0,0.563473649320517
19000,68.0,0.36666666666666664
19050,66.0,2.0218760357971495
19100,76.0,1.4196104324859689
19150,60.0,0.395778364116095
19200,78.0,1.5789473684210527
19250,78.0,3.179285480170436
19300,72.0,2.838499184339315
19350,62.0,2.6913099870298316
19400,78.0,3.45718901453958
19450,44.0,0.9612303748798462
19500,46.0,1.3659466327827192
19550,26.0,1.9780219780219779
19600,57.99999999999999,0.2810743285446596
19650,78.0,0.4979769685652039
19700,84.0,0.27958993476234856
19750,56.00000000000001,1.8397256002494544
19800,57.99999999999999,2.7380211574362168
19850,28.000000000000004,0.4641089108910891
19900,44.0,0.3096934035305048
19950,2.0,0.7120743034055728
20000,40.0,0.8912108174554395
20050,44.0,0.7921998781230957
20100,32.0,0.3033060357901122
20150,42.0,0.24183796856106407
20200,48.0,0.2999400119976005
20250,52.0,0.656128839844915
20300,56.00000000000001,0.7132243684992571
20350,68.0,0.8873114463176575
20400,72.0,2.2385861561119293
20450,70.0,3.695014662756598
20500,50.0,5.010195164579085
20550,64.0,5.042016806722689
20600,68.0,3.691952696856071
20650,66.0,5.114942528735632
20700,18.0,6.4754331155921605
20750,0.0,7.7849341921030515
20800,0.0,9.058271195802265
20850,14.000000000000002,5.458515283842795
20900,14.000000000000002,6.339357971405449
20950,0.0,6.228373702422145
21000,0.0,6.702269692923898
21050,48.0,0.3992547245142401
21100,56.00000000000001,0.9864036256998134
21150,80.0,0.39904229848363926
21200,78.0,0.2653927813163482
21250,60.0,0.39609189331925004
21300,56.00000000000001,0.4728132387706856
21350,80.0,0.41939711664482304
21400,46.0,0.5467326217130956
21450,42.0,0.3102378490175801
21500,30.0,0.5636689725851909
21550,48.0,0.20366598778004072
21600,44.0,0.3538928210313448
21650,36.0,0.7533902561526872
21700,22.0,0.1492908683752177
21750,26.0,0.2465483234714004
21800,54.0,0.14709487619514586
21850,80.0,0.3179261433113231
21900,78.0,0.2926829268292683
21950,80.0,0.12165450121654502
22000,70.0,0.1455604075691412
22050,62.0,0.8238429852192876
22100,60.0,1.4053792100799611
22150,78.0,0.48543689320388345
22200,82.0,1.7787524366471734
22250,88.0,2.9318348399706817
22300,92.0,4.16258570029383
22350,66.0,0.5892462558310827
22400,12.0,0.42183622828784123
22450,28.000000000000004,0.5483549351944167
22500,34.0,0.5758637956935403
22550,32.0,0.6290890790135883
22600,28.000000000000004,0.4288597376387487
22650,30.0,0.1271617497456765
22700,32.0,0.6369426751592357
22750,34.0,0.6113092205807438
22800,72.0,0.7660878447395302
22850,74.0,0.7684426229508197
22900,94.0,2.0507562163547806
22950,90.0,3.336755646817249
23000,66.0,0.4896907216494845
23050,96.0,1.186178442496132
23100,92.0,2.47805885389778
23150,80.0,3.7687145069695407
23200,34.0,0.6168080185042405
23250,34.0,1.286008230452675
23300,36.0,1.3117283950617282
23350,34.0,1.3377926421404682
23400,32.0,1.2342504499871434
23450,30.0,1.7027863777089782
23500,24.0,2.9168817759421786
23550,40.0,4.207537429013939
23600,38.0,4.90575781048283
23650,48.0,5.53695596188514
23700,18.0,6.861729673744174
23750,36.0,0.2860858257477243
23800,6.0,1.5868886576482828
23850,0.0,2.8853652196516766
23900,10.0,4.2025580788305925
23950,36.0,5.552631578947369
24000,34.0,6.8645640074211505
24050,26.0,8.186666666666667
24100,24.0,9.276139410187668
24150,20.0,10.610932475884244
24200,12.0,11.873492361297238
24250,20.0,13.206536297883739
24300,2.0,14.491593274619696
24350,0.0,15.788072417465388
24400,0.0,17.08743024182833
24450,20.0,14.240254574383451
24500,28.000000000000004,14.615997874036674
24550,30.0,11.004784688995215
24600,34.0,12.287234042553191
24650,28.000000000000004,0.15864621893178213
24700,34.0,0.9698558322411532
24750,18.0,1.687435098650052
24800,50.0,0.5159958720330238
24850,50.0,0.2821959979476654
24900,46.0,0.1784348712719857
24950,42.0,0.8099215388509239
25000,42.0,0.2765903947699271
25050,48.0,0.17495626093476632
25100,46.0,0.29798857710454435
25150,50.0,0.24679170779861795
25200,50.0,0.3924454255580083
25250,68.0,0.2443195699975568
25300,68.0,0.9978096860550012
25350,48.0,2.201790466973143
25400,50.0,2.1885521885521886
25450,54.0,1.5789473684210527
25500,57.99999999999999,2.4041894786955487
25550,46.0,3.004494913650343
25600,52.0,2.2347682898141614
25650,54.0,2.8792134831460676
25700,54.0,3.7252619324796274
25750,82.0,2.1143122676579926
25800,56.00000000000001,2.5
25850,80.0,2.355658198614319
25900,100.0,0.5311778290993071
25950,96.0,1.3157894736842104
26000,88.0,1.269328409877683
26050,100.0,3.369489960766213
26100,90.0,2.005994927369149
26150,100.0,2.0756457564575648
26200,96.0,3.8497003227293685
26250,98.0,2.3062730627306274
26300,98.0,0.7843137254901961
26350,82.0,1.9337016574585635
26400,100.0,3.0847145488029466
26450,100.0,3.7753222836095763
26500,86.0,3.401516892668352
26550,56.00000000000001,3.361536702492568
26600,28.000000000000004,1.1340440009072352
26650,56.00000000000001,2.256826901376664
26700,54.0,1.8185900314324204
26750,42.0,1.9183582422484944
26800,84.0,1.291471832553997
26850,100.0,0.6902694277443776
26900,100.0,1.8036072144288577
26950,94.0,2.69247886070316
27000,100.0,0.7565643079661771
27050,100.0,1.8691588785046727
27100,100.0,2.9817534490431687
27150,54.0,4.294885986274076
27200,60.0,1.9836896627727574
27250,62.0,2.392449517120281
27300,57.99999999999999,1.616779549923531
27350,4.0,2.637837837837838
27400,76.0,0.8410610308389044
27450,100.0,1.2723743799870606
27500,100.0,2.1781324131981883
27550,94.0,1.0344827586206897
27600,100.0,0.603448275862069
27650,100.0,1.6810344827586206
27700,78.0,2.763385146804836
27750,54.0,1.345390383767093
27800,57.99999999999999,2.4417069951605805
27850,50.0,2.4115044247787614
27900,56.00000000000001,2.241953385127636
27950,46.0,2.351345240786796
28000,64.0,2.8822337311416346
28050,78.0,0.3423094477407576
28100,96.0,1.2354152367879203
28150,98.0,2.3836809534723815
28200,100.0,3.4838413935365575
28250,80.0,1.3491882003201463
28300,100.0,2.4925680310999314
28350,78.0,3.752655180552278
28400,64.0,4.966730038022813
28450,42.0,5.893581484132665
28500,44.0,6.386554621848739
28550,72.0,3.7063778580024067
28600,46.0,4.119941491955144
28650,42.0,3.679496489954006
28700,86.0,0.290838584585555
28750,100.0,0.9936984973339797
28800,100.0,2.2055259331071255
28850,100.0,3.223460979156568
28900,76.0,0.8699855002416627
28950,100.0,0.9908168197196714
29000,100.0,2.199130014499758
29050,82.0,3.80978114023237
29100,56.00000000000001,5.191628159826039
29150,12.0,6.901489117983964
29200,46.0,5.18327605956472
29250,66.0,5.49777117384844
29300,38.0,5.889281507656066
29350,94.0,0.5589879376287143
29400,100.0,2.0300088261253313
29450,100.0,0.29420417769932333
29500,94.0,1.0582010582010581
29550,100.0,2.5279247501469726
29600,86.0,4.033214709371293
29650,64.0,5.149700598802395
29700,54.0,3.3142512805061766
29750,62.0,2.2141340612678193
29800,57.99999999999999,1.1280487804878048
29850,62.0,2.667893284268629
29900,24.0,1.2414649286157666
29950,100.0,0.8690254500310366
30000,100.0,2.4208566108007448
30050,100.0,0.3414028553693358
30100,100.0,1.4276846679081316
30150,100.0,2.97951582867784
30200,18.0,4.59263919471532
