50,22.0,0.0
100,52.0,0.0
150,60.0,0.0
200,18.0,0.0
250,14.000000000000002,0.0
300,18.0,0.0
350,36.0,0.0
400,56.00000000000001,0.0
450,46.0,0.0
500,20.0,0.0
550,34.0,0.0
600,32.0,0.0
650,16.0,0.0
700,32.0,0.0
750,22.0,0.0
800,10.0,0.0
850,30.0,0.0
900,26.0,0.0
950,26.0,0.0
1000,28.000000000000004,0.0
1050,50.0,0.0
1100,68.0,0.0
1150,18.0,0.0
1200,26.0,0.0
1250,40.0,0.0
1300,20.0,0.0
1350,26.0,0.0
1400,28.000000000000004,0.0
1450,28.000000000000004,0.0
1500,28.000000000000004,0.0
1550,34.0,0.0
1600,22.0,0.0
1650,14.000000000000002,0.0
1700,16.0,0.0
1750,26.0,0.0
1800,30.0,0.0
1850,36.0,0.0
1900,28.000000000000004,0.0
1950,32.0,0.0
2000,28.000000000000004,0.0
2050,26.0,0.0
2100,38.0,0.0
2150,42.0,0.0
2200,34.0,0.0
2250,32.0,0.0
2300,42.0,0.0
2350,50.0,0.0
2400,46.0,0.0
2450,46.0,0.0
2500,50.0,0.0
2550,46.0,0.0
2600,50.0,0.0
2650,44.0,0.0
2700,66.0,0.0
2750,56.00000000000001,0.0
2800,50.0,0.0
2850,70.0,0.0
2900,60.0,0.0
2950,54.0,0.0
3000,52.0,0.0
3050,60.0,0.0
3100,62.0,0.0
3150,40.0,0.0
3200,18.0,0.0
3250,10.0,0.0
3300,36.0,0.0
3350,34.0,0.0
3400,38.0,0.0
3450,42.0,0.0
3500,28.000000000000004,0.0
3550,26.0,0.0
3600,36.0,0.0
3650,26.0,0.0
3700,52.0,0.0
3750,54.0,0.0
3800,60.0,0.0
3850,60.0,0.0
3900,50.0,0.0
3950,52.0,0.0
4000,50.0,0.0
4050,57.99999999999999,0.0
4100,56.00000000000001,0.0
4150,48.0,0.0
4200,52.0,0.0
4250,57.99999999999999,0.0
4300,62.0,0.0
4350,66.0,0.0
4400,48.0,0.0
4450,50.0,0.0
4500,52.0,0.0
4550,52.0,0.0
4600,54.0,0.0
4650,52.0,0.0
4700,68.0,0.0
4750,44.0,0.0
4800,40.0,0.0
4850,36.0,0.0
4900,30.0,0.0
4950,40.0,0.0
5000,52.0,0.0
5050,42.0,0.0
5100,50.0,0.0
5150,56.00000000000001,0.0
5200,78.0,0.0
5250,88.0,0.0
5300,84.0,0.0
5350,78.0,0.0
5400,88.0,0.0
5450,94.0,0.0
5500,84.0,0.0
5550,100.0,0.0
5600,100.0,0.0
5650,100.0,0.0
5700,100.0,0.0
5750,94.0,0.0
5800,100.0,0.0
5850,100.0,0.0
5900,92.0,0.0
5950,100.0,0.0
6000,100.0,0.0
6050,100.0,0.0
6100,98.0,0.0
6150,80.0,0.0
6200,74.0,0.0
6250,74.0,0.0
6300,72.0,0.0
6350,74.0,0.0
6400,74.0,18.88090028133792
6450,66.0,67.13308457711443
6500,70.0,11.3587124729186
6550,78.0,5.953115360888341
6600,82.0,5.352199323285143
6650,74.0,6.866952789699571
6700,80.0,8.374083129584351
6750,100.0,9.902200488997554
6800,98.0,1.435991445157348
6850,100.0,1.2832263978001834
6900,100.0,2.6275588145432325
6950,94.0,4.151404151404151
7000,100.0,4.334554334554334
7050,100.0,12.698412698412698
7100,100.0,9.951159951159951
7150,94.0,6.282403171698689
7200,100.0,6.221408966148216
7250,100.0,6.922842329978653
7300,100.0,0.7929246721561453
7350,96.0,0.8838768668088998
7400,100.0,1.8896677842121303
7450,100.0,3.4135934166412683
7500,100.0,4.9375190490704055
7550,98.0,5.423522242535039
7600,100.0,5.606337599024984
7650,100.0,5.149299207800122
7700,96.0,38.22723119098386
7750,96.0,5.418569254185693
7800,82.0,33.75834851244687
7850,64.0,34.66183574879227
7900,72.0,28.983764281419123
7950,62.0,9.69096909690969
8000,46.0,0.44964028776978415
8050,46.0,1.5255758300927311
8100,36.0,1.0749477455957002
8150,30.0,0.922893718368562
8200,32.0,2.254523880154257
8250,20.0,0.6802721088435374
8300,16.0,0.41188584877905265
8350,40.0,0.2643171806167401
8400,60.0,1.0285042609462238
8450,62.0,0.4411764705882353
8500,64.0,0.588754783632617
8550,62.0,0.7376807317792858
8600,64.0,0.9464655427388345
8650,60.0,0.47393364928909953
8700,54.0,0.41506077675659653
8750,54.0,0.6227758007117438
8800,60.0,0.23767082590612004
8850,57.99999999999999,0.3273809523809524
8900,54.0,0.7742703990470519
8950,62.0,0.922893718368562
9000,68.0,2.422973377206102
9050,68.0,3.978135438809596
9100,72.0,7.111984282907661
9150,72.0,1.7515923566878981
9200,60.0,1.7111022682053323
9250,60.0,1.7446471054718478
9300,72.0,3.7095501183898976
9350,36.0,0.11695906432748539
9400,40.0,1.5811801002699577
9450,22.0,2.1656534954407296
9500,30.0,4.018024784078107
9550,38.0,5.827765404602822
9600,44.0,1.8389113644722324
9650,44.0,3.656307129798903
9700,22.0,5.409304002884962
9750,76.0,0.7183908045977011
9800,100.0,1.0783608914450036
9850,80.0,1.4684813753581663
9900,82.0,3.2534858777261353
9950,84.0,5.041115480872363
10000,98.0,6.8532472192321485
10050,100.0,8.662832494608196
10100,100.0,10.463861920172599
10150,100.0,10.938065918145599
10200,96.0,1.5596663039535728
10250,90.0,1.0499637943519189
10300,100.0,1.4844315713251268
10350,100.0,3.294713975380159
10400,100.0,5.1049963794351925
10450,100.0,6.915278783490224
10500,90.0,8.709794000722805
10550,82.0,10.482708933717579
10600,100.0,10.770893371757925
10650,100.0,0.6484149855907781
10700,86.0,2.443406395975566
10750,78.0,4.223335719398712
10800,68.0,6.002143622722401
10850,60.0,7.760768956924172
10900,74.0,9.544159544159545
10950,76.0,0.8537886872998933
11000,76.0,2.6353276353276356
11050,72.0,4.41438234247063
11100,76.0,6.19878874242964
11150,64.0,7.97153024911032
11200,57.99999999999999,9.71631205673759
11250,76.0,11.48936170212766
11300,74.0,0.7790368271954674
11350,80.0,2.5504782146652496
11400,76.0,4.30943129636171
11450,70.0,6.043569922698524
11500,60.0,7.74869109947644
11550,74.0,6.254343293954134
11600,76.0,7.958477508650519
11650,76.0,9.648518263266713
11700,80.0,10.43956043956044
11750,57.99999999999999,86.56665530173883
11800,66.0,9.05084745762712
11850,76.0,9.081701553004727
11900,74.0,9.378151260504202
11950,74.0,87.58366800535475
12000,76.0,88.03333333333333
12050,74.0,11.498836822864739
12100,62.0,88.58552631578948
12150,68.0,11.444408216498207
12200,74.0,11.412867765923052
12250,66.0,1.5424164524421593
12300,60.0,1.0217113665389528
12350,60.0,0.7296954314720813
12400,52.0,0.6935687263556116
12450,57.99999999999999,0.6578947368421052
12500,62.0,0.9034267912772586
12550,52.0,0.8695652173913043
12600,50.0,0.7425742574257426
12650,54.0,0.4623921085080148
12700,57.99999999999999,0.43090181594336713
12750,62.0,0.36708473539308656
12800,46.0,0.8497723823975721
12850,54.0,2.1398432790837854
12900,57.99999999999999,2.3060796645702304
12950,54.0,1.3979773944080904
13000,52.0,1.4176018901358536
13050,57.99999999999999,0.3524229074889868
13100,62.0,0.40887850467289716
13150,48.0,0.927536231884058
13200,60.0,0.4324012683770539
13250,62.0,0.43016919988528823
13300,56.00000000000001,0.3419777714448561
13350,48.0,0.22740193291642977
13400,57.99999999999999,0.36743923120407007
13450,56.00000000000001,1.7696629213483146
13500,57.99999999999999,3.1555431443730804
13550,54.0,4.522752497225305
13600,38.0,5.474552957359009
13650,50.0,5.628415300546448
13700,54.0,4.778713005701873
13750,52.0,5.7728621526841115
13800,40.0,7.064490232807065
13850,30.0,85.8477214831588
13900,24.0,7.993197278911565
13950,26.0,7.963852019203614
14000,30.0,5.292792792792793
14050,22.0,6.692913385826772
14100,16.0,8.223872073101084
14150,18.0,9.173017217047699
14200,6.0,9.403862300587742
14250,30.0,9.106145251396649
14300,34.0,7.9787234042553195
14350,24.0,8.753462603878116
14400,34.0,5.677097756854057
14450,74.0,1.434878587196468
14500,66.0,1.2084592145015105
14550,70.0,2.461706783369803
14600,52.0,2.2300788686429156
14650,70.0,3.4949878081820644
14700,70.0,4.245538128718226
14750,72.0,5.581019142626045
14800,76.0,4.733727810650888
14850,76.0,5.201072386058981
14900,78.0,0.507885592087677
14950,74.0,0.5326231691078562
15000,74.0,1.645435244161359
15050,76.0,2.9629629629629632
15100,76.0,4.272151898734177
15150,74.0,5.57161629434954
15200,72.0,6.923890063424948
15250,82.0,0.21220159151193632
15300,88.0,0.2913135593220339
15350,86.0,0.2907745175786413
15400,57.99999999999999,0.18455048774057475
15450,54.0,0.34067085953878407
15500,52.0,0.8593750000000001
15550,46.0,2.1463666925265064
15600,50.0,3.41726618705036
15650,50.0,4.671942813377585
15700,38.0,5.909206188181588
15750,50.0,7.132056451612903
15800,42.0,8.331248436327247
15850,38.0,50.38490191209337
15900,30.0,51.206896551724135
15950,100.0,0.3448275862068966
16000,100.0,1.1330049261083743
16050,100.0,1.0347376201034737
16100,98.0,2.044334975369458
16150,92.0,3.278284446635445
16200,98.0,4.511834319526628
16250,80.0,5.73044761436301
16300,88.0,6.949901768172888
16350,98.0,8.175791799656274
16400,100.0,9.414945919370698
16450,100.0,9.591736350221346
16500,100.0,0.7132316773241515
16550,100.0,1.3772749631087065
16600,84.0,2.6018654884634267
16650,94.0,3.8272816486751715
16700,100.0,5.067650676506765
16750,100.0,4.77479694806793
16800,100.0,6.005414718188531
16850,78.0,7.27362691736764
16900,66.0,8.623715216846326
16950,44.0,61.20906801007556
17000,66.0,8.575031525851198
17050,74.0,8.480565371024735
17100,76.0,7.698132256436144
17150,68.0,6.185044359949303
17200,72.0,0.43136259832529816
17250,50.0,1.6944865958523014
17300,52.0,2.949331988908495
17350,50.0,4.1959798994974875
17400,50.0,5.435871743486974
17450,60.0,6.683354192740926
17500,84.0,7.956827309236949
17550,100.0,1.2336354481369587
17600,94.0,1.061410159211524
17650,96.0,1.3677811550151975
17700,90.0,2.656449553001277
17750,92.0,3.946694003075346
17800,98.0,5.250965250965251
17850,94.0,6.558223599277047
17900,84.0,7.861391259374193
17950,88.0,9.163862283199586
18000,96.0,11.015848272278514
18050,92.0,0.8593750000000001
18100,90.0,2.1586475942782837
18150,100.0,3.44559585492228
18200,96.0,4.721362229102167
18250,88.0,5.983564458140729
18300,100.0,7.2452636968765995
18350,98.0,0.5440414507772021
18400,82.0,0.31388961548522104
18450,56.00000000000001,0.6825938566552902
18500,52.0,0.5846399149614669
18550,54.0,1.4325068870523416
18600,64.0,0.4955947136563877
18650,68.0,0.356359649122807
18700,62.0,1.1745424747336795
18750,62.0,0.5051922537187763
18800,50.0,1.0323660714285714
18850,38.0,0.8843967150979154
18900,34.0,0.25007814942169426
18950,54.0,1.9192587690271343
19000,72.0,0.3627968337730871
19050,66.0,2.0006559527714005
19100,76.0,1.4047696831100946
19150,64.0,0.39164490861618795
19200,78.0,1.5686274509803921
19250,78.0,3.1911429501790947
19300,72.0,4.7974068071312805
19350,62.0,0.7731958762886598
19400,78.0,2.375601926163724
19450,46.0,0.96
19500,46.0,0.4441624365482234
19550,28.000000000000004,1.1288805268109126
19600,57.99999999999999,0.280723643169058
19650,78.0,0.4973577867578489
19700,84.0,0.27932960893854747
19750,78.0,1.838006230529595
19800,68.0,3.3882499222878457
19850,40.0,1.2669962917181705
19900,52.0,0.3093102381688834
19950,34.0,0.7109737248840804
20000,40.0,1.196319018404908
20050,44.0,0.7907542579075426
20100,40.0,0.3029385034837928
20150,54.0,0.24154589371980675
20200,48.0,0.2995805871779509
20250,56.00000000000001,0.6555423122765197
20300,62.0,0.7123775601068566
20350,68.0,0.8862629246676514
20400,72.0,2.2359517505148574
20450,70.0,3.690685413005272
20500,52.0,5.120744835612453
20550,64.0,5.036179450072359
20600,68.0,3.6876980697205415
20650,68.0,5.109070034443168
20700,18.0,6.468085106382978
20750,0.0,7.776223776223776
20800,0.0,9.048275862068964
20850,14.000000000000002,5.452562704471101
20900,14.000000000000002,50.17515494475882
20950,0.0,50.70459984046796
21000,0.0,51.77570093457944
21050,56.00000000000001,0.6386375731772219
21100,74.0,1.9712306872669154
21150,80.0,0.39893617021276595
21200,78.0,0.2652519893899204
21250,60.0,0.395987328405491
21300,56.00000000000001,0.4725649776844316
21350,80.0,0.41917736442232123
21400,46.0,0.5986465382613222
21450,42.0,0.31007751937984496
21500,30.0,0.5633802816901409
21550,48.0,0.20361415118350726
21600,44.0,0.3538033864038413
21650,36.0,0.8034145116746171
21700,24.0,0.1492908683752177
21750,26.0,0.2465483234714004
21800,54.0,0.14709487619514586
21850,80.0,0.3179261433113231
21900,78.0,0.2926829268292683
21950,80.0,0.12165450121654502
22000,72.0,0.1455604075691412
22050,64.0,0.8238429852192876
22100,60.0,1.7203779985461594
22150,78.0,0.48543689320388345
22200,82.0,6.3352826510721245
22250,88.0,7.01197165892988
22300,92.0,7.761998041136141
22350,66.0,7.979376381045912
22400,12.0,39.33002481389578
22450,28.000000000000004,7.751744765702891
22500,34.0,39.43415122684026
22550,32.0,9.209864116758933
22600,28.000000000000004,6.432896064581231
22650,32.0,0.12709710218607015
22700,57.99999999999999,1.0406091370558375
22750,66.0,2.2997220116249686
22800,96.0,0.7577671129072998
22850,98.0,0.7581501137225171
22900,100.0,2.021733636593379
22950,100.0,3.2853171594642405
23000,98.0,0.4804045512010114
23050,96.0,1.163673159625601
23100,92.0,2.430995188655356
23150,80.0,3.6971385160800203
23200,46.0,4.934541792547835
23250,60.0,6.168505516549649
23300,68.0,7.392607392607392
23350,68.0,8.606965174129353
23400,62.0,9.388159524399306
23450,62.0,44.39229249011858
23500,56.00000000000001,6.277695716395865
23550,70.0,44.81236203090508
23600,68.0,4.644341236861403
23650,64.0,5.305427111219275
23700,62.0,6.492248062015504
23750,68.0,0.2654440154440154
23800,38.0,1.4610778443113772
23850,32.0,2.6372059871703493
23900,44.0,3.799858390370545
23950,68.0,4.961203856101575
24000,64.0,6.110981034886444
24050,56.00000000000001,7.244351269508502
24100,62.0,8.371985157699443
24150,57.99999999999999,9.485345026540504
24200,46.0,10.600137962750058
24250,54.0,11.401098901098901
24300,34.0,48.07998182231311
24350,34.0,48.66937302661254
24400,34.0,49.42914707857622
24450,26.0,11.991960696739616
24500,26.0,12.307003803982994
24550,30.0,9.267965077233043
24600,34.0,10.351781313018149
24650,28.000000000000004,0.1336898395721925
24700,34.0,0.9953550099535502
24750,22.0,1.9745502413339184
24800,50.0,0.4364906154517678
24850,52.0,0.23892267593397049
24900,48.0,0.1512205659969756
24950,42.0,0.6874328678839957
25000,44.0,0.2349925229651784
25050,50.0,0.1488411652136934
25100,46.0,0.2537534362444491
25150,50.0,0.2103491796381994
25200,50.0,0.3347980749110693
25250,68.0,0.20855057351407716
25300,68.0,0.8522136769902307
25350,50.0,1.8821096173733196
25400,50.0,1.8724279835390947
25450,54.0,1.3519049569848423
25500,57.99999999999999,2.05996328778299
25550,46.0,2.576587543112193
25600,52.0,43.20613769432667
25650,56.00000000000001,3.1564133494169684
25700,54.0,36.682009205523315
25750,82.0,1.8178186176588094
25800,57.99999999999999,2.1505376344086025
25850,80.0,2.027027027027027
25900,100.0,0.45707472178060415
25950,96.0,1.132300357568534
26000,92.0,1.0923535253227408
26050,100.0,36.76266137040715
26100,90.0,1.7265330422702916
26150,100.0,1.7864231838030966
26200,96.0,37.698412698412696
26250,100.0,1.9845207382417147
26300,100.0,0.6748709805478365
26350,82.0,1.6643550624133148
26400,100.0,2.6550425995640974
26450,100.0,3.249455121854567
26500,86.0,2.928373565492679
26550,56.00000000000001,2.895981087470449
26600,28.000000000000004,0.9780907668231612
26650,56.00000000000001,1.9477989871445267
26700,54.0,1.5706806282722512
26750,42.0,1.6583108368684922
26800,84.0,2.3681170581440125
26850,100.0,0.5968425105891413
26900,100.0,1.5594917212167885
26950,94.0,2.3282663074850873
27000,100.0,0.6542235905329998
27050,100.0,1.6163171060227053
27100,100.0,2.578410621512411
27150,54.0,35.264580919273854
27200,60.0,1.7475728155339807
27250,62.0,2.123514513929476
27300,57.99999999999999,35.13302034428795
27350,4.0,35.95572247479739
27400,76.0,34.41648504061819
27450,100.0,1.1690112938379233
27500,100.0,2.001188825044581
27550,94.0,0.9504950495049505
27600,100.0,0.5544554455445544
27650,100.0,1.5445544554455446
27700,78.0,2.537165510406343
27750,54.0,3.545816733067729
27800,57.99999999999999,2.3046092184368736
27850,50.0,2.2033555690317366
27900,56.00000000000001,34.11860276198213
27950,46.0,2.1241830065359477
28000,64.0,33.599835998359985
28050,78.0,0.3081980686254366
28100,100.0,1.1099691675231245
28150,100.0,2.138157894736842
28200,100.0,33.573190789473685
28250,80.0,1.2105047189167009
28300,100.0,2.2363561756257693
28350,78.0,3.269586674892042
28400,64.0,4.313725490196078
28450,42.0,5.115990057995029
28500,44.0,33.75052148518982
28550,72.0,3.222431471019042
28600,46.0,34.20058749475451
28650,42.0,3.2020223298925634
28700,86.0,0.25316455696202533
28750,100.0,0.8649789029535865
28800,100.0,1.9198312236286919
28850,100.0,2.8059071729957807
28900,76.0,0.7575757575757576
28950,100.0,0.8627946127946129
29000,100.0,1.914983164983165
29050,82.0,2.97593921485859
29100,56.00000000000001,4.052620411627413
29150,12.0,5.153977758768178
29200,46.0,3.903385809790813
29250,66.0,4.008667388949079
29300,38.0,4.3725404459991255
29350,94.0,0.4159369527145359
29400,100.0,1.5105078809106829
29450,100.0,0.21891418563922943
29500,94.0,0.7875738350470356
29550,100.0,1.8814263837234741
29600,86.0,2.98376480912681
29650,64.0,4.187303016659163
29700,54.0,2.576715858514875
29750,62.0,2.5665175417942074
29800,57.99999999999999,2.0214030915576697
29850,62.0,2.5785656728444803
29900,26.0,1.0917030567685588
29950,100.0,0.7641921397379913
30000,100.0,2.12882096069869
30050,100.0,0.3002183406113537
30100,100.0,1.2554585152838427
30150,100.0,2.6200873362445414
30200,18.0,4.360812425328555
