250,33.2,0.0
500,32.0,0.0
750,17.2,0.0
1000,19.6,0.0
1250,32.0,0.0
1500,24.4,0.0
1750,22.0,0.0
2000,30.0,0.0
2250,32.4,0.0
2500,21.2,0.0
2750,37.6,0.0
3000,25.6,0.0
3250,23.200000000000003,0.0
3500,31.2,0.0
3750,32.0,0.0
4000,46.800000000000004,0.0
4250,48.8,0.0
4500,32.800000000000004,0.0
4750,32.4,0.0
5000,36.8,0.0
5250,40.0,0.0
5500,48.4,0.0
5750,39.2,0.0
6000,28.799999999999997,0.0
6250,23.200000000000003,0.0
6500,17.599999999999998,0.0
6750,25.2,0.0
7000,42.4,0.0
7250,45.2,0.0
7500,45.2,0.0
7750,31.2,0.0
8000,13.600000000000001,0.0
8250,21.2,0.0
8500,45.2,0.0
8750,43.6,0.0
9000,49.2,0.0
9250,24.8,0.0
9500,26.400000000000002,0.0
9750,38.4,0.0
10000,34.4,0.0
10250,44.4,0.0
10500,33.6,0.0
10750,28.000000000000004,0.0
11000,20.8,0.0
11250,18.4,0.0
11500,19.6,0.0
11750,24.4,0.0
12000,23.200000000000003,0.0
12250,20.4,0.0
12500,30.4,0.0
12750,26.8,0.0
13000,25.6,0.0
13250,32.800000000000004,0.0
13500,28.4,0.0
13750,24.8,0.0
14000,18.0,0.0
14250,14.799999999999999,0.0
14500,44.0,0.0
14750,35.6,0.0
15000,48.4,0.0
15250,27.6,0.0
15500,32.800000000000004,0.0
15750,20.8,0.0
16000,26.0,0.0
16250,19.2,0.0
16500,44.0,0.0
16750,24.8,0.0
17000,22.400000000000002,0.0
17250,21.2,0.0
17500,9.2,0.0
17750,38.0,0.0
18000,18.8,0.0
18250,22.0,0.0
18500,22.400000000000002,0.0
18750,30.8,0.0
19000,36.8,0.0
19250,62.4,0.0
19500,50.0,0.0
19750,37.6,0.0
20000,14.799999999999999,0.0
20250,34.4,0.0
20500,41.199999999999996,0.0
20750,21.2,0.0
21000,5.6000000000000005,0.0
21250,42.0,0.0
21500,34.4,0.0
21750,31.2,0.0
22000,54.800000000000004,0.0
22250,40.400000000000006,0.0
22500,29.2,0.0
22750,23.599999999999998,0.0
23000,52.400000000000006,0.0
23250,29.2,0.0
23500,23.599999999999998,0.0
23750,20.0,0.0
24000,16.8,0.0
24250,6.4,0.0
24500,9.6,0.0
24750,13.600000000000001,0.0
25000,41.6,0.0
25250,46.0,0.0
25500,54.400000000000006,0.0
25750,52.800000000000004,0.0
26000,62.8,0.0
26250,60.8,0.0
26500,56.39999999999999,0.0
26750,47.199999999999996,0.0
27000,53.2,0.0
27250,48.0,0.0
27500,50.4,0.0
27750,59.199999999999996,0.0
28000,44.0,0.0
28250,69.6,0.0
28500,38.800000000000004,0.0
28750,62.4,0.0
29000,61.199999999999996,0.0
29250,52.400000000000006,0.0
29500,66.8,0.0
29750,54.0,0.0
30000,60.0,0.0
