250,33.2,100.0
500,35.199999999999996,100.0
750,27.200000000000003,100.0
1000,24.0,100.0
1250,40.400000000000006,100.0
1500,26.0,100.0
1750,22.400000000000002,4.393816110659072
2000,30.8,18.18830242510699
2250,34.4,29.88505747126437
2500,46.800000000000004,39.78811065332549
2750,52.400000000000006,45.76457645764577
3000,54.0,52.2466039707419
3250,37.6,57.350096711798834
3500,33.6,60.45883940620783
3750,35.199999999999996,63.00211416490487
4000,54.400000000000006,64.78418717224687
4250,54.400000000000006,66.33243347473969
4500,55.60000000000001,67.71449704142012
4750,54.0,69.1025186236254
5000,39.2,70.68733153638814
5250,58.4,72.95269168026101
5500,84.39999999999999,75.41989664082688
5750,97.6,79.23250564334086
6000,98.4,82.99516908212561
6250,85.2,86.98281349458942
6500,70.8,91.12978524743231
6750,62.0,94.13233458177278
7000,69.19999999999999,96.33173843700159
7250,52.400000000000006,99.96327579875137
7500,59.199999999999996,99.96460176991151
7750,52.800000000000004,99.96583532627264
8000,18.8,99.96668887408394
8250,27.200000000000003,99.96503496503496
8500,48.0,99.96644295302013
8750,54.800000000000004,99.96355685131195
9000,56.00000000000001,99.96260284218398
9250,50.8,99.79943842759728
9500,36.0,99.77246871444824
9750,41.199999999999996,99.60188201230547
10000,76.0,99.6090973702914
10250,82.8,99.18497519489723
10500,98.0,99.9645390070922
10750,89.2,99.96487530734106
11000,70.0,99.96555287633483
11250,65.60000000000001,99.9656002751978
11500,46.800000000000004,99.89687177724304
11750,48.0,97.0687331536388
12000,33.6,99.92795389048992
12250,21.2,99.96396396396396
12500,32.800000000000004,99.92386752950134
12750,30.0,99.96418338108882
13000,28.4,99.96542185338866
13250,34.4,99.96710526315789
13500,32.4,99.93753903810119
13750,24.8,99.9410029498525
14000,19.6,99.94316567206593
14250,16.0,99.97206703910615
14500,45.2,99.97253501785224
14750,59.199999999999996,98.48317705460563
15000,57.199999999999996,98.29670329670328
15250,75.2,98.4573748308525
15500,64.8,96.81444119989382
15750,46.400000000000006,97.0482546201232
16000,54.800000000000004,96.9712140175219
16250,42.8,95.0037471896078
16500,54.400000000000006,94.05297351324337
16750,46.800000000000004,93.52896914973664
17000,34.4,93.92251202836161
17250,22.0,94.38543247344461
17500,9.2,95.05770195684897
17750,41.6,97.31320368474923
18000,38.4,99.96960486322189
18250,41.199999999999996,99.96725605762934
18500,42.4,99.96818326439707
18750,38.4,99.96744791666666
19000,40.400000000000006,99.96683250414594
19250,71.6,99.93444772205834
19500,60.4,99.93646759847522
19750,60.0,99.90645463049579
20000,34.4,99.96926859250154
20250,43.6,99.94035192365047
20500,63.2,99.94174191669094
20750,43.2,99.9439932791935
21000,5.6000000000000005,99.91989319092123
21250,64.4,99.97359387377873
21500,50.8,99.94875736612862
21750,35.199999999999996,99.97534516765286
22000,72.39999999999999,99.92721979621543
22250,74.0,99.75568043000244
22500,46.400000000000006,99.9248873309965
22750,31.2,99.43963321446765
23000,79.2,99.0721649484536
23250,52.800000000000004,99.4568028970512
23500,30.0,99.71421148350221
23750,31.6,99.97348886532343
24000,16.8,99.89148128052089
24250,16.0,99.97299486902511
24500,9.6,99.97266265718973
24750,26.400000000000002,99.97070884592853
25000,46.0,99.94246260069045
25250,52.400000000000006,99.97213708553915
25500,55.60000000000001,99.91742361684558
25750,56.00000000000001,99.65081923180232
26000,84.0,99.68051118210862
26250,96.8,99.7340425531915
26500,93.2,99.73509933774835
26750,47.199999999999996,99.74404914256463
27000,95.6,99.74476773864215
27250,75.2,99.74874371859298
27500,67.2,99.75381585425899
27750,84.8,99.7559785261103
28000,54.800000000000004,99.76252671574449
28250,90.4,99.88112220637186
28500,65.60000000000001,99.97599039615847
28750,69.19999999999999,99.97576345128454
29000,95.19999999999999,99.9758337361044
29250,52.400000000000006,99.9702823179792
29500,85.2,99.97060552616108
29750,73.2,98.21049438883834
30000,68.8,97.45499689633768
