50,22.0,0.0
100,52.0,0.0
150,60.0,0.0
200,18.0,0.0
250,14.000000000000002,0.0
300,18.0,0.0
350,36.0,0.0
400,56.00000000000001,0.0
450,46.0,0.0
500,20.0,0.0
550,34.0,0.0
600,32.0,0.0
650,16.0,0.0
700,32.0,0.0
750,22.0,0.0
800,10.0,0.0
850,30.0,0.0
900,26.0,0.0
950,26.0,0.0
1000,28.000000000000004,0.0
1050,50.0,0.0
1100,68.0,0.0
1150,18.0,0.0
1200,26.0,0.0
1250,40.0,0.0
1300,20.0,0.0
1350,26.0,0.0
1400,28.000000000000004,0.0
1450,28.000000000000004,0.0
1500,28.000000000000004,0.0
1550,34.0,0.0
1600,22.0,0.0
1650,14.000000000000002,0.0
1700,16.0,0.0
1750,26.0,0.0
1800,30.0,0.0
1850,36.0,0.0
1900,28.000000000000004,0.0
1950,32.0,0.0
2000,28.000000000000004,0.0
2050,26.0,0.0
2100,38.0,0.0
2150,42.0,0.0
2200,34.0,0.0
2250,32.0,0.0
2300,42.0,0.0
2350,50.0,0.0
2400,46.0,0.0
2450,46.0,0.0
2500,50.0,0.0
2550,46.0,0.0
2600,50.0,0.0
2650,44.0,0.0
2700,66.0,0.0
2750,56.00000000000001,0.0
2800,50.0,0.0
2850,70.0,0.0
2900,60.0,0.0
2950,54.0,0.0
3000,52.0,0.0
3050,60.0,0.0
3100,62.0,0.0
3150,40.0,0.0
3200,18.0,0.0
3250,10.0,0.0
3300,36.0,0.0
3350,34.0,0.0
3400,38.0,0.0
3450,42.0,0.0
3500,28.000000000000004,0.0
3550,26.0,0.0
3600,36.0,0.0
3650,26.0,0.0
3700,52.0,0.0
3750,54.0,0.0
3800,60.0,0.0
3850,60.0,0.0
3900,50.0,0.0
3950,52.0,0.0
4000,50.0,0.0
4050,57.99999999999999,0.0
4100,56.00000000000001,0.0
4150,48.0,0.0
4200,52.0,0.0
4250,57.99999999999999,0.0
4300,62.0,0.0
4350,66.0,0.0
4400,48.0,0.0
4450,50.0,0.0
4500,52.0,0.0
4550,52.0,0.0
4600,54.0,0.0
4650,52.0,0.0
4700,68.0,0.0
4750,44.0,0.0
4800,40.0,0.0
4850,36.0,0.0
4900,30.0,0.0
4950,40.0,0.0
5000,52.0,0.0
5050,42.0,0.0
5100,50.0,0.0
5150,56.00000000000001,0.0
5200,78.0,0.0
5250,88.0,0.0
5300,84.0,0.0
5350,78.0,0.0
5400,88.0,0.0
5450,94.0,0.0
5500,84.0,0.0
5550,100.0,0.0
5600,100.0,0.0
5650,100.0,0.0
5700,100.0,0.0
5750,94.0,0.0
5800,100.0,0.0
5850,100.0,0.0
5900,92.0,0.0
5950,100.0,0.0
6000,100.0,0.0
6050,100.0,0.0
6100,98.0,0.0
6150,80.0,0.0
6200,74.0,0.0
6250,74.0,0.0
6300,72.0,0.0
6350,74.0,0.0
6400,74.0,0.0
6450,66.0,0.0
6500,70.0,0.0
6550,78.0,0.0
6600,82.0,0.0
6650,74.0,0.0
6700,80.0,0.0
6750,100.0,0.0
6800,98.0,0.0
6850,100.0,0.0
6900,100.0,0.0
6950,94.0,0.0
7000,100.0,0.0
7050,100.0,0.0
7100,100.0,0.0
7150,94.0,0.0
7200,100.0,0.0
7250,100.0,0.0
7300,100.0,0.0
7350,96.0,0.0
7400,100.0,0.0
7450,100.0,0.0
7500,100.0,0.0
7550,98.0,0.0
7600,100.0,0.0
7650,100.0,0.0
7700,96.0,0.0
7750,96.0,0.0
7800,82.0,0.0
7850,64.0,0.0
7900,72.0,0.0
7950,74.0,0.0
8000,70.0,0.0
8050,66.0,0.0
8100,62.0,0.0
8150,54.0,0.0
8200,54.0,0.0
8250,48.0,0.0
8300,40.0,0.0
8350,64.0,0.0
8400,82.0,0.0
8450,84.0,0.0
8500,84.0,0.0
8550,84.0,0.0
8600,90.0,0.0
8650,86.0,0.0
8700,80.0,0.0
8750,78.0,0.0
8800,86.0,0.0
8850,84.0,0.0
8900,78.0,0.0
8950,80.0,0.0
9000,100.0,0.0
9050,100.0,0.0
9100,100.0,0.0
9150,96.0,0.0
9200,84.0,0.0
9250,86.0,0.0
9300,94.0,0.0
9350,66.0,0.0
9400,64.0,0.0
9450,50.0,0.0
9500,40.0,0.0
9550,38.0,0.0
9600,44.0,0.0
9650,44.0,0.0
9700,22.0,0.0
9750,76.0,0.0
9800,100.0,0.0
9850,80.0,0.0
9900,86.0,0.0
9950,84.0,0.0
10000,98.0,0.0
10050,100.0,0.0
10100,100.0,0.0
10150,100.0,0.0
10200,96.0,0.0
10250,90.0,0.0
10300,100.0,0.0
10350,100.0,0.0
10400,100.0,0.0
10450,100.0,0.0
10500,90.0,0.0
10550,82.0,0.0
10600,100.0,0.0
10650,100.0,0.0
10700,86.0,0.0
10750,78.0,0.0
10800,68.0,0.0
10850,60.0,0.0
10900,74.0,0.0
10950,76.0,0.0
11000,76.0,0.0
11050,72.0,0.0
11100,76.0,0.0
11150,64.0,0.0
11200,57.99999999999999,0.0
11250,76.0,0.0
11300,74.0,0.0
11350,80.0,0.0
11400,76.0,0.0
11450,70.0,0.0
11500,60.0,0.0
11550,74.0,0.0
11600,76.0,0.0
11650,76.0,0.0
11700,80.0,0.0
11750,57.99999999999999,0.0
11800,66.0,0.0
11850,76.0,0.0
11900,74.0,0.0
11950,74.0,0.0
12000,76.0,0.0
12050,74.0,0.0
12100,62.0,0.0
12150,68.0,0.0
12200,74.0,0.0
12250,66.0,0.0
12300,60.0,0.0
12350,60.0,0.0
12400,52.0,0.0
12450,57.99999999999999,0.0
12500,62.0,0.0
12550,52.0,0.0
12600,50.0,0.0
12650,54.0,0.0
12700,57.99999999999999,0.0
12750,62.0,0.0
12800,46.0,0.0
12850,54.0,0.0
12900,57.99999999999999,0.0
12950,54.0,0.0
13000,52.0,0.0
13050,57.99999999999999,0.0
13100,62.0,0.0
13150,48.0,0.0
13200,60.0,0.0
13250,62.0,0.0
13300,56.00000000000001,0.0
13350,52.0,0.0
13400,57.99999999999999,0.0
13450,56.00000000000001,0.0
13500,57.99999999999999,0.0
13550,54.0,0.0
13600,38.0,0.0
13650,50.0,0.0
13700,54.0,4.778713005701873
13750,52.0,5.7728621526841115
13800,40.0,7.064490232807065
13850,44.0,98.53917662682603
13900,48.0,7.934721440630275
13950,50.0,0.3942551393973529
14000,54.0,1.7967434025828188
14050,50.0,3.1914893617021276
14100,44.0,4.596412556053812
14150,42.0,6.034968979131416
14200,32.0,7.388748950461797
14250,40.0,8.77094972067039
14300,34.0,1.1758118701007838
14350,24.0,2.548476454293629
14400,34.0,3.9324286901135417
14450,74.0,1.434878587196468
14500,66.0,0.32957978577313923
14550,70.0,0.6291028446389497
14600,52.0,1.9853141147674735
14650,72.0,3.33243023570848
14700,74.0,0.9449244060475162
14750,72.0,2.2886375875067313
14800,76.0,3.6231884057971016
14850,76.0,4.949170679507758
14900,78.0,0.5068018138170179
14950,74.0,0.4783417486048365
15000,74.0,1.2711864406779663
15050,76.0,2.587117212249208
15100,76.0,3.8947368421052633
15150,74.0,5.192761605035405
15200,74.0,6.492146596858639
15250,82.0,0.2098085496984002
15300,88.0,0.2880335166273894
15350,86.0,0.2875065342394145
15400,57.99999999999999,0.1829108962633917
15450,54.0,0.33766233766233766
15500,52.0,0.8518327310273619
15550,46.0,2.127659574468085
15600,50.0,3.3876719307182883
15650,50.0,4.655303993894684
15700,48.0,5.904713634059807
15750,50.0,7.1266683455049105
15800,42.0,8.325000000000001
15850,38.0,88.38709677419355
15900,32.0,60.52178193453114
15950,100.0,0.34457297563376815
16000,100.0,1.1321683485109524
16050,100.0,1.03397341211226
16100,98.0,2.0428254984001972
16150,92.0,3.2734432685207975
16200,98.0,4.508499630450849
16250,80.0,5.726222659130007
16300,88.0,6.94478527607362
16350,98.0,8.169774288518155
16400,100.0,9.401080019636721
16450,100.0,9.584664536741213
16500,100.0,0.7127058245269108
16550,100.0,1.3762595232243795
16600,84.0,2.5999509443218054
16650,94.0,3.823529411764706
16700,100.0,5.06018177352002
16750,100.0,4.771273979340875
16800,100.0,6.0009837678307925
16850,98.0,7.262845849802371
16900,94.0,8.606454841130848
16950,68.0,83.22434607645876
17000,72.0,8.570708343836653
17050,76.0,8.474148802017654
17100,76.0,7.694248234106962
17150,76.0,6.180344478216818
17200,74.0,0.4311437991377124
17250,50.0,1.6936299292214358
17300,52.0,2.947845804988662
17350,50.0,4.1938724259166245
17400,50.0,5.4331497245868805
17450,60.0,6.678339169584792
17500,86.0,7.952834922227797
17550,100.0,1.2330145948666331
17600,100.0,1.0608739580702198
17650,96.0,1.3670886075949367
17700,100.0,2.6544155181214903
17750,92.0,3.944672131147541
17800,98.0,5.248263442243376
17850,94.0,6.55483870967742
17900,84.0,7.85732747479969
17950,88.0,9.159120310478656
18000,96.0,11.010127239678006
18050,94.0,0.8589276418532015
18100,96.0,2.1575253444242266
18150,100.0,3.443811496633868
18200,96.0,4.718927282104177
18250,88.0,5.980492813141684
18300,100.0,7.241555783009213
18350,98.0,0.5440414507772021
18400,82.0,0.31388961548522104
18450,56.00000000000001,0.6825938566552902
18500,52.0,0.5846399149614669
18550,54.0,1.4512977951437345
18600,64.0,0.5558987029030266
18650,68.0,0.40210330961954843
18700,64.0,1.3333333333333335
18750,62.0,0.5581395348837209
18800,50.0,1.1476426799007444
18850,57.99999999999999,0.8698353525939734
18900,66.0,0.24984384759525297
18950,68.0,1.9192587690271343
19000,78.0,0.3627968337730871
19050,72.0,2.0006559527714005
19100,100.0,1.4047696831100946
19150,70.0,0.39164490861618795
19200,78.0,1.5686274509803921
19250,78.0,3.1911429501790947
19300,72.0,4.7974068071312805
19350,62.0,0.7731958762886598
19400,78.0,2.375601926163724
19450,46.0,0.96
19500,46.0,0.4441624365482234
19550,28.000000000000004,1.1288805268109126
19600,57.99999999999999,0.280723643169058
19650,78.0,0.4973577867578489
19700,86.0,0.27932960893854747
19750,78.0,1.838006230529595
19800,68.0,3.3882499222878457
19850,42.0,1.2669962917181705
19900,52.0,0.3093102381688834
19950,34.0,0.7109737248840804
20000,40.0,1.196319018404908
20050,44.0,0.7907542579075426
20100,42.0,0.3029385034837928
20150,54.0,0.24154589371980675
20200,48.0,0.2995805871779509
20250,56.00000000000001,0.6555423122765197
20300,62.0,0.7123775601068566
20350,68.0,0.5022156573116691
20400,72.0,1.9711679905854662
20450,70.0,3.427065026362039
20500,54.0,4.8588885656095435
20550,64.0,1.1577424023154848
20600,68.0,2.592912705272256
20650,68.0,4.018369690011482
20700,18.0,5.390070921985815
20750,57.99999999999999,6.713286713286713
20800,100.0,8.0
20850,100.0,5.452562704471101
20900,100.0,0.2694691457828079
20950,100.0,1.5953203935123637
21000,100.0,2.9372496662216285
21050,60.0,0.3459286854709952
21100,74.0,1.6782099094299414
21150,80.0,0.39893617021276595
21200,78.0,0.2652519893899204
21250,60.0,0.395987328405491
21300,56.00000000000001,0.4725649776844316
21350,80.0,0.41917736442232123
21400,46.0,0.5986465382613222
21450,42.0,0.31007751937984496
21500,30.0,0.5633802816901409
21550,48.0,0.20361415118350726
21600,44.0,0.3538033864038413
21650,38.0,0.8034145116746171
21700,24.0,0.1492908683752177
21750,26.0,0.2465483234714004
21800,54.0,0.14709487619514586
21850,80.0,0.3179261433113231
21900,78.0,0.2926829268292683
21950,80.0,0.12165450121654502
22000,72.0,0.1455604075691412
22050,82.0,0.8238429852192876
22100,76.0,1.7203779985461594
22150,78.0,0.48543689320388345
22200,82.0,6.3352826510721245
22250,88.0,7.01197165892988
22300,92.0,7.761998041136141
22350,66.0,7.979376381045912
22400,36.0,76.52605459057072
22450,30.0,7.751744765702891
22500,34.0,74.91236855282925
22550,32.0,9.209864116758933
22600,28.000000000000004,6.432896064581231
22650,56.00000000000001,0.12709710218607015
22700,68.0,1.0406091370558375
22750,66.0,2.2997220116249686
22800,96.0,0.7577671129072998
22850,98.0,0.7581501137225171
22900,100.0,2.021733636593379
22950,100.0,3.2853171594642405
23000,98.0,0.4804045512010114
23050,96.0,1.163673159625601
23100,92.0,2.430995188655356
23150,80.0,3.6971385160800203
23200,46.0,4.934541792547835
23250,60.0,6.168505516549649
23300,68.0,7.392607392607392
23350,68.0,8.606965174129353
23400,62.0,9.388159524399306
23450,64.0,56.79347826086957
23500,64.0,6.277695716395865
23550,70.0,66.22516556291392
23600,70.0,4.644341236861403
23650,64.0,5.305427111219275
23700,62.0,6.492248062015504
23750,68.0,0.2654440154440154
23800,38.0,1.4610778443113772
23850,32.0,2.6372059871703493
23900,44.0,3.799858390370545
23950,68.0,4.961203856101575
24000,64.0,6.110981034886444
24050,56.00000000000001,7.244351269508502
24100,62.0,8.371985157699443
24150,57.99999999999999,9.485345026540504
24200,46.0,10.600137962750058
24250,54.0,11.401098901098901
24300,34.0,66.9620540786185
24350,34.0,67.52368064952638
24400,34.0,67.696440564137
24450,26.0,11.991960696739616
24500,26.0,12.307003803982994
24550,30.0,9.267965077233043
24600,36.0,10.347144456886898
24650,34.0,0.13366005791935842
24700,34.0,0.9951348960636887
24750,22.0,1.9741171309497696
24800,50.0,0.4363953742090334
24850,52.0,0.23887079261672098
24900,48.0,0.1511879049676026
24950,42.0,0.6872852233676976
25000,44.0,0.23494233233660827
25050,50.0,0.1488095238095238
25100,46.0,0.2536997885835095
25150,50.0,0.2103049421661409
25200,50.0,0.33472803347280333
25250,68.0,0.2085070892410342
25300,68.0,0.8520365752285952
25350,50.0,1.881720430107527
25400,50.0,1.8720427895494753
25450,54.0,1.3516280974810568
25500,57.99999999999999,2.0595432300163132
25550,46.0,2.5760649087221097
25600,52.0,59.8304400484457
25650,56.00000000000001,3.1557788944723617
25700,54.0,59.32372949179672
25750,82.0,1.817455562212902
25800,57.99999999999999,2.1501094963169423
25850,80.0,2.026624279753626
25900,100.0,0.45698390621895485
25950,96.0,1.1320754716981132
26000,92.0,1.0921366163621922
26050,100.0,58.89594916600477
26100,90.0,1.7261904761904763
26150,100.0,1.7860686644175432
26200,96.0,43.205713152152356
26250,100.0,1.984126984126984
26300,100.0,0.674737051002183
26350,82.0,1.664025356576862
26400,100.0,2.654516640253566
26450,100.0,3.248811410459588
26500,86.0,2.927794263105836
26550,56.00000000000001,2.895410675595824
26600,28.000000000000004,0.9778994719342852
26650,56.00000000000001,1.9474196689386565
26700,54.0,1.5703761147731679
26750,42.0,1.6579911316753422
26800,84.0,2.3676612127045233
26850,100.0,0.5967276227141483
26900,100.0,1.5591915303176132
26950,94.0,2.327818391689111
27000,100.0,0.6540977298961139
27050,100.0,1.6160061562139283
27100,100.0,2.5779145825317427
27150,54.0,57.269743193666734
27200,60.0,1.7472335468841003
27250,62.0,2.123100895987534
27300,57.99999999999999,58.0089966751418
27350,4.0,58.913043478260875
27400,76.0,58.75594294770205
27450,100.0,1.1687797147385102
27500,100.0,2.0007923930269413
27550,94.0,0.9503068699267472
27600,100.0,0.5543456741239359
27650,100.0,1.5442486636309642
27700,78.0,2.536662703131193
27750,54.0,3.544404619673437
27800,57.99999999999999,2.303685897435898
27850,50.0,2.202465144473631
27900,56.00000000000001,60.211124644742185
27950,46.0,2.1237492342250355
28000,64.0,60.77064972330396
28050,80.0,0.30813475760065734
28100,100.0,1.1097410604192355
28150,100.0,2.137718396711202
28200,100.0,60.94552929085303
28250,80.0,1.2102564102564102
28300,100.0,2.235897435897436
28350,78.0,3.2689144736842106
28400,64.0,4.312835328105654
28450,42.0,5.114930627459102
28500,44.0,61.84320266889074
28550,72.0,3.221757322175732
28600,46.0,62.19844766100273
28650,42.0,3.201347935973041
28700,86.0,0.2531111579835478
28750,100.0,0.8647964564437883
28800,100.0,1.9194262813752374
28850,100.0,2.8053153343176542
28900,76.0,0.7574163686092994
28950,100.0,0.8626130864717021
29000,100.0,1.914580265095729
29050,82.0,2.9746835443037973
29100,56.00000000000001,4.051760712770471
29150,12.0,5.152875775069489
29200,46.0,3.9025442000862443
29250,66.0,4.012144870960746
29300,38.0,4.385003288752467
29350,94.0,0.41712403951701427
29400,100.0,1.5148188803512623
29450,100.0,0.21953896816684962
29500,94.0,0.7898200965335673
29550,100.0,1.8867924528301887
29600,86.0,2.9936165529385868
29650,64.0,4.187303016659163
29700,54.0,2.576715858514875
29750,62.0,2.5665175417942074
29800,57.99999999999999,2.0214030915576697
29850,62.0,2.5785656728444803
29900,26.0,1.0917030567685588
29950,100.0,0.7641921397379913
30000,100.0,2.12882096069869
30050,100.0,0.3002183406113537
30100,100.0,1.2554585152838427
30150,100.0,2.6200873362445414
30200,18.0,4.360812425328555
