250,33.2
500,35.199999999999996
750,27.200000000000003
1000,22.400000000000002
1250,38.800000000000004
1500,24.8
1750,22.0
2000,30.0
2250,33.2
2500,21.2
2750,37.6
3000,27.200000000000003
3250,26.0
3500,32.4
3750,33.2
4000,53.6
4250,54.0
4500,55.60000000000001
4750,53.2
5000,38.800000000000004
5250,42.0
5500,66.4
5750,50.8
6000,52.0
6250,37.6
6500,20.4
6750,31.2
7000,52.0
7250,52.400000000000006
7500,59.199999999999996
7750,52.800000000000004
8000,17.599999999999998
8250,12.0
8500,30.8
8750,34.0
9000,31.6
9250,35.6
9500,19.6
9750,10.8
10000,34.0
10250,28.000000000000004
10500,45.2
10750,24.0
11000,3.5999999999999996
11250,2.8000000000000003
11500,4.0
11750,3.5999999999999996
12000,6.0
12250,4.0
12500,10.8
12750,10.8
13000,9.2
13250,12.8
13500,12.0
13750,6.800000000000001
14000,4.3999999999999995
14250,6.800000000000001
14500,17.599999999999998
14750,52.0
15000,24.4
15250,40.8
15500,26.8
15750,8.0
16000,8.4
16250,30.8
16500,25.6
16750,29.599999999999998
17000,18.8
17250,8.0
17500,0.0
17750,27.6
18000,27.200000000000003
18250,33.2
18500,25.2
18750,16.8
19000,10.0
19250,38.4
19500,40.400000000000006
19750,41.199999999999996
20000,29.2
20250,16.0
20500,29.599999999999998
20750,25.2
21000,0.4
21250,36.4
21500,28.4
21750,20.0
22000,45.2
22250,49.2
22500,26.400000000000002
22750,11.600000000000001
23000,61.6
23250,42.8
23500,6.800000000000001
23750,9.6
24000,1.6
24250,8.799999999999999
24500,0.0
24750,14.399999999999999
25000,16.0
25250,26.8
25500,49.2
25750,34.8
26000,68.8
26250,96.0
26500,86.8
26750,39.2
27000,80.4
27250,70.8
27500,57.199999999999996
27750,66.4
28000,45.2
28250,70.0
28500,35.6
28750,23.200000000000003
29000,83.6
29250,25.2
29500,65.60000000000001
29750,56.00000000000001
30000,60.0
