250,33.2,100.0
500,35.199999999999996,100.0
750,27.200000000000003,100.0
1000,24.0,100.0
1250,40.400000000000006,100.0
1500,26.0,100.0
1750,22.400000000000002,100.0
2000,30.8,100.0
2250,34.4,100.0
2500,46.800000000000004,100.0
2750,52.400000000000006,100.0
3000,57.199999999999996,100.0
3250,38.0,100.0
3500,35.6,100.0
3750,38.800000000000004,100.0
4000,54.400000000000006,100.0
4250,54.400000000000006,100.0
4500,55.60000000000001,100.0
4750,54.0,100.0
5000,39.6,100.0
5250,62.8,100.0
5500,85.6,100.0
5750,98.8,100.0
6000,98.4,100.0
6250,85.2,100.0
6500,71.2,100.0
6750,82.8,100.0
7000,98.4,100.0
7250,98.8,100.0
7500,99.2,100.0
7750,98.0,100.0
8000,72.39999999999999,100.0
8250,56.8,100.0
8500,70.8,100.0
8750,83.6,100.0
9000,85.6,99.4311377245509
9250,93.2,7.403008709422012
9500,62.8,14.934333958724203
9750,44.800000000000004,19.978479196556673
10000,89.60000000000001,26.354679802955665
10250,97.2,32.35294117647059
10500,98.0,37.5886524822695
10750,89.2,42.395504039339656
11000,70.8,48.329314502239065
11250,69.19999999999999,54.42222975262623
11500,72.0,59.69506131919125
11750,72.8,64.50567260940032
12000,73.2,69.2258883248731
12250,68.8,75.8301404853129
12500,58.4,78.85572139303483
12750,55.2,99.84962406015038
13000,52.800000000000004,99.88378849506101
13250,57.99999999999999,99.97178329571106
13500,55.2,99.91668980838656
13750,49.6,99.91950630533941
14000,42.0,99.09909909909909
14250,18.4,99.97206703910615
14500,46.400000000000006,99.97277429893819
14750,60.0,98.48317705460563
15000,64.8,97.75956284153006
15250,75.6,97.92732166890983
15500,67.60000000000001,93.30698287220027
15750,46.800000000000004,91.05276574050471
16000,62.4,90.79570965328013
16250,93.60000000000001,92.62764632627646
16500,97.2,94.19676214196761
16750,95.6,96.4232116058029
17000,86.0,99.97470275739944
17250,70.39999999999999,99.97533908754625
17500,59.599999999999994,99.97594419052201
17750,97.6,99.97528423133959
18000,92.0,99.97491219267435
18250,93.2,99.97475385003787
18500,77.60000000000001,99.97412677878395
18750,62.0,99.972647702407
19000,64.0,5.672823218997362
19250,73.6,10.029306414848584
19500,60.8,1.9352791878172588
19750,65.60000000000001,5.545171339563863
20000,47.199999999999996,11.226993865030675
20250,48.8,15.226460071513706
20500,64.8,19.551934826883908
20750,43.6,99.94405594405595
21000,5.6000000000000005,99.91989319092123
21250,69.6,99.94720168954593
21500,50.8,99.97439180537772
21750,36.0,99.97534516765286
22000,72.8,99.92721979621543
22250,79.60000000000001,99.75568043000244
22500,51.6,99.97496244366549
22750,50.0,99.97472832954259
23000,98.4,98.00252844500632
23250,74.8,97.79338014042126
23500,63.2,96.11029049729197
23750,54.400000000000006,93.72873116188624
24000,38.0,93.16239316239316
24250,52.400000000000006,93.20614239181015
24500,42.8,93.3137564942399
24750,44.0,93.15038419319428
25000,47.199999999999996,93.48011970927746
25250,52.800000000000004,93.65609348914859
25500,56.00000000000001,93.83673469387756
25750,57.99999999999999,94.00359784129523
26000,85.2,94.09777424483306
26250,97.2,94.14333928925947
26500,93.60000000000001,94.18052256532067
26750,47.199999999999996,94.32870370370371
27000,95.6,94.34071222329162
27250,75.2,96.72578444747613
27500,67.60000000000001,95.36174430128841
27750,85.2,92.16819449980072
28000,54.800000000000004,91.28383921246925
28250,92.0,91.31773399014779
28500,65.60000000000001,91.40054268419954
28750,69.19999999999999,91.28324187420853
29000,95.19999999999999,91.30526315789473
29250,52.400000000000006,90.78291043157667
29500,85.2,90.78169476680534
29750,73.2,95.99717447610078
30000,69.19999999999999,99.29039301310044
