200,65.74518038424655,34.25481961575345
400,55.96045104328561,44.03954895671439
600,54.541847161138854,45.458152838861146
800,52.68344300783704,47.31655699216296
1000,50.44476042458913,49.555239575410866
1200,48.778148870738406,51.221851129261594
1400,45.306041466882704,54.693958533117296
1600,42.644092457260015,57.35590754273999
1800,39.998677292417575,60.00132270758242
2000,37.75999470916967,62.240005290830325
2200,36.39760589927582,63.60239410072418
2400,35.352666909163055,64.64733309083695
2600,33.81501934459839,66.1849806554016
2800,32.19800932508846,67.80199067491154
3000,30.911676201183823,69.08832379881618
3200,30.008928276181347,69.99107172381865
3400,28.957375748156476,71.04262425184352
3600,28.170364736615856,71.82963526338415
3800,27.17833404979994,72.82166595020006
4000,26.487219337984858,73.51278066201515
