250,33.2
500,35.199999999999996
750,27.200000000000003
1000,24.0
1250,40.400000000000006
1500,25.6
1750,22.400000000000002
2000,30.8
2250,34.4
2500,43.2
2750,37.6
3000,27.6
3250,26.400000000000002
3500,32.4
3750,33.2
4000,54.0
4250,54.0
4500,55.60000000000001
4750,53.2
5000,38.800000000000004
5250,42.0
5500,77.2
5750,80.0
6000,75.2
6250,48.8
6500,20.8
6750,31.2
7000,52.0
7250,52.400000000000006
7500,59.199999999999996
7750,52.800000000000004
8000,18.0
8250,26.400000000000002
8500,48.0
8750,54.800000000000004
9000,48.8
9250,38.0
9500,22.400000000000002
9750,10.8
10000,47.199999999999996
10250,36.0
10500,68.4
10750,65.60000000000001
11000,40.400000000000006
11250,3.5999999999999996
11500,6.0
11750,4.0
12000,6.0
12250,4.3999999999999995
12500,12.4
12750,26.8
13000,24.0
13250,12.0
13500,29.2
13750,24.0
14000,5.2
14250,6.800000000000001
14500,26.8
14750,28.799999999999997
15000,43.6
15250,57.599999999999994
15500,66.4
15750,46.0
16000,8.799999999999999
16250,12.4
16500,24.8
16750,38.800000000000004
17000,22.0
17250,11.600000000000001
17500,0.0
17750,14.000000000000002
18000,19.2
18250,32.4
18500,26.0
18750,17.2
19000,16.8
19250,48.4
19500,47.199999999999996
19750,59.599999999999994
20000,40.8
20250,36.0
20500,31.2
20750,38.4
21000,0.8
21250,41.199999999999996
21500,48.4
21750,31.2
22000,30.4
22250,63.6
22500,46.0
22750,12.8
23000,42.8
23250,44.0
23500,8.799999999999999
23750,19.6
24000,2.0
24250,9.6
24500,0.4
24750,17.599999999999998
25000,31.2
25250,49.2
25500,54.400000000000006
25750,53.2
26000,66.8
26250,79.60000000000001
26500,92.4
26750,46.400000000000006
27000,65.60000000000001
27250,74.4
27500,43.2
27750,82.8
28000,50.4
28250,57.199999999999996
28500,65.60000000000001
28750,57.99999999999999
29000,76.4
29250,52.400000000000006
29500,52.800000000000004
29750,73.2
30000,44.4
