250,33.2,100.0
500,35.199999999999996,100.0
750,27.200000000000003,29.158512720156555
1000,22.400000000000002,53.65853658536586
1250,38.800000000000004,64.01425178147268
1500,24.8,70.5078125
1750,22.0,75.1848808545604
2000,30.0,78.24207492795388
2250,33.2,80.63266623628147
2500,21.2,81.70580964153275
2750,37.6,82.52941176470588
3000,27.200000000000003,82.94930875576037
3250,26.0,84.14830736163353
3500,32.4,85.41666666666666
3750,33.2,86.38258452987493
4000,53.6,87.07692307692308
4250,54.0,87.68844221105527
4500,55.60000000000001,88.23529411764706
4750,53.2,88.75286916602907
5000,38.800000000000004,89.35939196525516
5250,42.0,89.85507246376811
5500,66.4,91.21621621621621
5750,50.8,99.95684074233924
6000,52.0,99.95896594173163
6250,37.6,99.96143463170073
6500,20.4,99.95682210708118
6750,31.2,99.95801847187238
7000,52.0,99.96003197442046
7250,52.400000000000006,99.96184662342617
7500,59.199999999999996,99.96327579875137
7750,52.800000000000004,99.96427295462665
8000,18.0,99.96278377372533
8250,25.6,99.96374184191443
8500,48.0,99.96214988644965
8750,54.400000000000006,99.95773457311918
9000,55.60000000000001,99.95874587458746
9250,50.8,98.36134453781511
9500,35.6,98.6529318541997
9750,41.199999999999996,98.87048192771084
10000,47.599999999999994,99.9163179916318
10250,45.6,99.77272727272727
10500,52.0,99.7872340425532
10750,41.199999999999996,99.80266403552048
11000,20.8,99.68482665466006
11250,19.2,99.71110193974411
11500,22.400000000000002,99.80835569183594
11750,24.4,99.82130092923516
12000,23.200000000000003,99.92795389048992
12250,21.2,99.96396396396396
12500,31.2,99.92386752950134
12750,29.2,99.92836676217765
13000,28.4,99.96530187369882
13250,33.6,99.96698580389568
13500,31.6,99.96868149076104
13750,24.8,99.9704229517894
14000,19.6,99.94316567206593
14250,16.0,99.97206703910615
14500,45.2,99.97253501785224
14750,59.199999999999996,99.9715343011671
15000,53.2,99.97146932952924
15250,47.599999999999994,99.97131382673551
15500,30.4,99.9604273842501
15750,20.8,99.96330275229359
16000,26.8,99.96294924045944
16250,39.2,99.96203492786636
16500,52.400000000000006,99.96367598982928
16750,46.400000000000006,99.96536196744024
17000,34.4,99.96638655462185
17250,21.2,99.93313273152792
17500,9.2,99.93784959602237
17750,40.0,99.96983408748115
18000,33.6,99.96542185338866
18250,41.199999999999996,99.96696399074992
18500,39.6,99.96749024707412
18750,35.199999999999996,99.96538594669437
19000,40.400000000000006,99.96643168848607
19250,71.2,99.90151017728168
19500,60.4,99.90451941438575
19750,59.199999999999996,99.96689837802052
20000,30.0,99.93293091884641
20250,39.6,99.91438356164383
20500,62.8,99.91714995857498
20750,40.8,99.82817869415808
21000,5.6000000000000005,99.85714285714286
21250,64.4,99.7411561691113
21500,48.8,99.9211356466877
21750,32.0,98.73949579831933
22000,72.0,99.06354515050168
22250,73.2,99.16613213598461
22500,46.0,99.23258559622195
22750,25.2,99.35897435897436
23000,74.4,99.78969505783385
23250,52.0,99.80217606330366
23500,26.8,99.68080255357957
23750,28.4,99.74500637484063
24000,16.8,99.76571651698555
24250,10.0,99.78213507625271
24500,9.6,99.79865771812081
24750,23.599999999999998,99.83568846533026
25000,44.800000000000004,99.93540051679587
25250,51.2,99.8905109489051
25500,54.800000000000004,99.82419127988749
25750,54.0,99.9656002751978
26000,81.2,99.96140486298727
26250,96.39999999999999,99.95621716287215
26500,92.80000000000001,99.945085118067
26750,47.199999999999996,99.94879672299028
27000,95.6,99.949083503055
27250,75.2,99.95064165844028
27500,67.2,99.95256166982922
27750,84.8,99.95219885277247
28000,54.400000000000006,99.95425434583714
28250,90.0,99.95412844036697
28500,65.60000000000001,99.9558693733451
28750,69.19999999999999,99.95731967562953
29000,95.19999999999999,99.95753715498938
29250,52.400000000000006,99.95957962813257
29500,85.2,99.96017522899243
29750,73.2,99.96121024049651
30000,68.8,99.9622641509434
