250,33.2
500,35.199999999999996
750,27.200000000000003
1000,24.0
1250,40.400000000000006
1500,26.0
1750,22.400000000000002
2000,30.8
2250,34.4
2500,46.800000000000004
2750,52.400000000000006
3000,54.400000000000006
3250,37.6
3500,33.6
3750,35.199999999999996
4000,54.400000000000006
4250,54.400000000000006
4500,55.60000000000001
4750,54.0
5000,39.2
5250,58.4
5500,84.39999999999999
5750,97.6
6000,98.4
6250,85.2
6500,70.8
6750,81.2
7000,81.6
7250,72.0
7500,59.199999999999996
7750,52.800000000000004
8000,18.8
8250,27.200000000000003
8500,48.0
8750,54.800000000000004
9000,56.00000000000001
9250,50.8
9500,36.0
9750,41.199999999999996
10000,76.0
10250,83.6
10500,98.0
10750,89.2
11000,70.0
11250,69.19999999999999
11500,70.8
11750,60.4
12000,48.0
12250,32.0
12500,32.800000000000004
12750,30.4
13000,26.8
13250,34.0
13500,32.4
13750,24.8
14000,22.0
14250,17.2
14500,44.4
14750,59.199999999999996
15000,57.99999999999999
15250,73.2
15500,65.2
15750,46.400000000000006
16000,56.39999999999999
16250,66.4
16500,68.0
16750,47.199999999999996
17000,36.8
17250,22.8
17500,9.6
17750,42.0
18000,38.4
18250,41.199999999999996
18500,41.6
18750,34.0
19000,38.800000000000004
19250,69.19999999999999
19500,59.599999999999994
19750,60.4
20000,42.4
20250,43.2
20500,61.6
20750,39.2
21000,5.2
21250,60.4
21500,46.400000000000006
21750,32.800000000000004
22000,71.6
22250,72.8
22500,46.0
22750,39.6
23000,94.8
23250,74.4
23500,60.0
23750,64.0
24000,48.4
24250,53.2
24500,45.2
24750,34.8
25000,44.4
25250,51.6
25500,54.400000000000006
25750,55.60000000000001
26000,82.8
26250,97.2
26500,90.8
26750,76.8
27000,94.8
27250,74.4
27500,67.2
27750,84.39999999999999
28000,52.400000000000006
28250,88.4
28500,61.199999999999996
28750,62.0
29000,93.60000000000001
29250,49.6
29500,81.6
29750,70.0
30000,68.8
