250,33.2
500,35.199999999999996
750,27.200000000000003
1000,24.0
1250,40.400000000000006
1500,26.0
1750,22.400000000000002
2000,30.8
2250,34.4
2500,46.800000000000004
2750,52.400000000000006
3000,57.199999999999996
3250,38.0
3500,35.6
3750,37.2
4000,54.400000000000006
4250,54.400000000000006
4500,55.60000000000001
4750,54.0
5000,39.2
5250,61.199999999999996
5500,84.39999999999999
5750,97.6
6000,98.4
6250,85.2
6500,71.2
6750,81.2
7000,98.4
7250,98.8
7500,99.2
7750,83.2
8000,38.0
8250,27.6
8500,48.0
8750,55.2
9000,56.39999999999999
9250,50.8
9500,36.0
9750,41.199999999999996
10000,76.0
10250,85.6
10500,98.0
10750,89.2
11000,70.0
11250,69.19999999999999
11500,70.8
11750,72.8
12000,73.2
12250,66.4
12500,55.60000000000001
12750,55.2
13000,52.800000000000004
13250,57.599999999999994
13500,36.0
13750,25.2
14000,19.6
14250,16.0
14500,45.2
14750,59.199999999999996
15000,60.0
15250,75.2
15500,64.8
15750,46.400000000000006
16000,56.39999999999999
16250,66.0
16500,97.2
16750,95.6
17000,85.2
17250,69.6
17500,59.599999999999994
17750,93.2
18000,91.2
18250,55.2
18500,42.4
18750,34.4
19000,38.800000000000004
19250,68.0
19500,59.599999999999994
19750,60.4
20000,37.6
20250,43.2
20500,62.4
20750,40.8
21000,5.6000000000000005
21250,62.0
21500,47.199999999999996
21750,34.0
22000,72.39999999999999
22250,74.0
22500,46.0
22750,30.0
23000,81.2
23250,74.8
23500,60.8
23750,66.0
24000,49.2
24250,52.800000000000004
24500,45.2
24750,36.4
25000,45.6
25250,51.6
25500,55.2
25750,54.400000000000006
26000,81.6
26250,97.2
26500,91.2
26750,46.800000000000004
27000,95.19999999999999
27250,74.8
27500,67.2
27750,84.39999999999999
28000,53.2
28250,88.0
28500,61.6
28750,62.8
29000,93.60000000000001
29250,48.4
29500,81.2
29750,71.2
30000,68.8
