200,76.29046658509971,23.7095334149003
400,62.58390926225985,37.416090737740156
600,58.999371713898356,41.000628286101644
800,55.93069012268113,44.06930987731887
1000,55.25941602460236,44.74058397539764
1200,55.0874640388876,44.9125359611124
1400,51.53268741113058,48.46731258886942
1600,49.651135875136404,50.34886412486359
1800,45.60034390397143,54.39965609602857
2000,40.17062927813234,59.82937072186766
2200,36.52326311960583,63.47673688039417
2400,35.73294533910916,64.26705466089085
2600,34.22505869514897,65.77494130485103
2800,32.65765020997983,67.34234979002018
3000,31.120002645415163,68.87999735458483
3200,30.382593168215337,69.61740683178466
3400,29.522833239641542,70.47716676035846
3600,28.59363116299064,71.40636883700935
3800,27.36351311133891,72.6364868886611
4000,26.470685493204588,73.5293145067954
