50,22.0,0.0
100,52.0,0.0
150,60.0,0.0
200,18.0,0.0
250,14.000000000000002,0.0
300,18.0,0.0
350,36.0,0.0
400,56.00000000000001,0.0
450,46.0,0.0
500,20.0,0.0
550,34.0,0.0
600,32.0,0.0
650,16.0,0.0
700,32.0,0.0
750,22.0,0.0
800,10.0,0.0
850,30.0,0.0
900,26.0,0.0
950,26.0,0.0
1000,28.000000000000004,0.0
1050,50.0,0.0
1100,68.0,0.0
1150,18.0,0.0
1200,26.0,0.0
1250,40.0,0.0
1300,20.0,0.0
1350,26.0,0.0
1400,28.000000000000004,0.0
1450,28.000000000000004,0.0
1500,28.000000000000004,0.0
1550,34.0,0.0
1600,22.0,0.0
1650,14.000000000000002,0.0
1700,16.0,0.0
1750,26.0,0.0
1800,30.0,0.0
1850,36.0,0.0
1900,28.000000000000004,0.0
1950,32.0,0.0
2000,28.000000000000004,0.0
2050,26.0,0.0
2100,38.0,0.0
2150,42.0,0.0
2200,34.0,0.0
2250,32.0,0.0
2300,42.0,0.0
2350,50.0,0.0
2400,46.0,0.0
2450,46.0,0.0
2500,50.0,0.0
2550,46.0,0.0
2600,50.0,0.0
2650,44.0,0.0
2700,66.0,0.0
2750,56.00000000000001,0.0
2800,50.0,0.0
2850,70.0,0.0
2900,60.0,0.0
2950,54.0,0.0
3000,52.0,0.0
3050,60.0,0.0
3100,62.0,0.0
3150,40.0,0.0
3200,18.0,0.0
3250,10.0,0.0
3300,36.0,0.0
3350,34.0,0.0
3400,38.0,0.0
3450,42.0,14.700544464609798
3500,28.000000000000004,1.25
3550,26.0,3.0742204655248133
3600,34.0,0.30342436064152584
3650,22.0,0.7692307692307693
3700,52.0,2.5803722504230118
3750,54.0,2.3041474654377883
3800,60.0,2.7835479850436227
3850,60.0,3.0078285949732178
3900,50.0,5.0163132137031
3950,52.0,6.987075928917609
4000,50.0,8.916433426629348
4050,57.99999999999999,8.921490880253767
4100,56.00000000000001,7.429245283018868
4150,48.0,7.509727626459144
4200,52.0,7.478797224363917
4250,57.99999999999999,17.934990439770555
4300,62.0,0.9870918754745633
4350,66.0,10.33572236891739
4400,48.0,11.468061262607396
4450,50.0,18.097705403404884
4500,52.0,11.77549523110785
4550,52.0,17.636363636363637
4600,54.0,9.015506671474936
4650,52.0,6.006435466571326
4700,68.0,3.3060789193032347
4750,44.0,1.8655403027103132
4800,40.0,4.632532218739115
4850,36.0,4.857044436789528
4900,30.0,13.648740639891082
4950,38.0,0.4383007417397168
5000,52.0,0.36789297658862874
5050,42.0,0.16561775422325273
5100,48.0,1.0177281680892973
5150,56.00000000000001,0.8153946510110893
5200,78.0,0.42262678803641096
5250,88.0,0.8111615833874107
5300,84.0,0.6148867313915858
5350,78.0,0.2903225806451613
5400,88.0,0.998389694041868
5450,94.0,0.3862246540070808
5500,80.0,0.32123353678123995
5550,98.0,0.5457463884430177
5600,100.0,2.1508828250401284
5650,100.0,0.6741573033707865
5700,100.0,0.7704654895666132
5750,94.0,2.3733162283515075
5800,100.0,3.9769082745349587
5850,100.0,5.58050032071841
5900,92.0,5.92568866111467
5950,100.0,5.701473414477898
6000,100.0,28.443305573350415
6050,100.0,6.18193465727098
6100,98.0,30.547550432276655
6150,80.0,6.607085860197894
6200,74.0,6.6115702479338845
6250,74.0,6.204495093383982
6300,72.0,7.7529152221872035
6350,74.0,9.290646578782171
6400,74.0,10.815879962488276
6450,66.0,35.385572139303484
6500,70.0,11.3587124729186
6550,78.0,5.953115360888341
6600,82.0,5.352199323285143
6650,74.0,6.866952789699571
6700,80.0,8.374083129584351
6750,100.0,9.902200488997554
6800,98.0,1.435991445157348
6850,100.0,1.2832263978001834
6900,100.0,2.6275588145432325
6950,94.0,4.151404151404151
7000,100.0,4.334554334554334
7050,100.0,12.698412698412698
7100,100.0,9.951159951159951
7150,94.0,6.282403171698689
7200,100.0,6.221408966148216
7250,100.0,6.922842329978653
7300,100.0,0.7929246721561453
7350,96.0,0.8838768668088998
7400,100.0,1.8896677842121303
7450,100.0,3.4135934166412683
7500,100.0,4.9375190490704055
7550,98.0,5.423522242535039
7600,100.0,5.606337599024984
7650,100.0,5.149299207800122
7700,96.0,38.22723119098386
7750,96.0,5.418569254185693
7800,82.0,33.75834851244687
7850,64.0,34.66183574879227
7900,72.0,28.983764281419123
7950,62.0,9.69096909690969
8000,46.0,0.44964028776978415
8050,46.0,1.5255758300927311
8100,36.0,1.0749477455957002
8150,30.0,0.922893718368562
8200,32.0,2.254523880154257
8250,18.0,0.6802721088435374
8300,16.0,0.41188584877905265
8350,40.0,0.2643171806167401
8400,60.0,1.0285042609462238
8450,62.0,0.4411764705882353
8500,64.0,0.588754783632617
8550,62.0,0.7376807317792858
8600,64.0,0.9464655427388345
8650,60.0,0.47393364928909953
8700,54.0,0.41506077675659653
8750,54.0,0.6227758007117438
8800,60.0,0.23767082590612004
8850,57.99999999999999,0.3273809523809524
8900,54.0,0.7742703990470519
8950,62.0,0.922893718368562
9000,68.0,2.422973377206102
9050,54.0,3.978135438809596
9100,50.0,7.111984282907661
9150,54.0,2.1496815286624202
9200,42.0,19.18026263430163
9250,54.0,1.7446471054718478
9300,70.0,3.7095501183898976
9350,36.0,0.11695906432748539
9400,40.0,1.5793528505392913
9450,22.0,2.1648309912647172
9500,30.0,4.01500938086304
9550,38.0,5.8234421364985165
9600,44.0,1.836884643644379
9650,44.0,3.6536353671903545
9700,18.0,5.403458213256484
9750,74.0,0.7176175098672408
9800,98.0,1.436265709156194
9850,80.0,2.110912343470483
9900,72.0,3.8831492696829355
9950,57.99999999999999,5.6223479490806225
10000,90.0,7.395612172682236
10050,100.0,9.190915542938253
10100,100.0,11.249555001779992
10150,100.0,10.805008944543829
10200,94.0,10.269299820466786
10250,90.0,1.0412926391382404
10300,100.0,1.4721723518850987
10350,100.0,3.267504488330341
10400,100.0,5.062836624775584
10450,100.0,6.858168761220826
10500,90.0,8.637992831541219
10550,82.0,10.39657020364416
10600,100.0,10.68238656663094
10650,100.0,10.53947838513755
10700,86.0,33.713471133285815
10750,78.0,34.291799787007456
10800,68.0,11.754324038122132
10850,60.0,35.61163687346653
10900,74.0,10.367775831873907
10950,76.0,10.546601261387528
11000,72.0,11.263157894736842
11050,72.0,11.208406304728546
11100,76.0,11.694677871148459
11150,64.0,13.090654532726637
11200,57.99999999999999,41.492329149232916
11250,76.0,12.28192602930914
11300,74.0,12.138123474014648
11350,80.0,11.099476439790577
11400,76.0,10.855148342059337
11450,70.0,10.596026490066226
11500,57.99999999999999,29.570637119113574
11550,74.0,6.204756980351603
11600,76.0,7.89564023343632
11650,76.0,9.572649572649574
11700,80.0,10.357751277683134
11750,57.99999999999999,24.93234100135318
11800,66.0,8.980827447023207
11850,76.0,9.011725293132328
11900,74.0,9.306204136090727
11950,74.0,24.01195616074394
12000,76.0,23.94971882236189
12050,66.0,11.411609498680738
12100,62.0,23.66960496245511
12150,68.0,11.39240506329114
12200,74.0,11.40917905623788
12250,64.0,1.5424164524421593
12300,60.0,1.0217113665389528
12350,60.0,0.7296954314720813
12400,52.0,0.6935687263556116
12450,57.99999999999999,0.6578947368421052
12500,62.0,0.9034267912772586
12550,52.0,0.8695652173913043
12600,50.0,0.7425742574257426
12650,54.0,0.4623921085080148
12700,57.99999999999999,0.43090181594336713
12750,62.0,0.36708473539308656
12800,46.0,0.8497723823975721
12850,54.0,2.1398432790837854
12900,57.99999999999999,2.3060796645702304
12950,54.0,1.3979773944080904
13000,52.0,1.4176018901358536
13050,56.00000000000001,0.3524229074889868
13100,62.0,0.40887850467289716
13150,48.0,0.927536231884058
13200,60.0,0.4324012683770539
13250,62.0,0.43016919988528823
13300,56.00000000000001,0.3419777714448561
13350,48.0,0.22740193291642977
13400,57.99999999999999,0.36743923120407007
13450,56.00000000000001,1.7696629213483146
13500,57.99999999999999,3.1555431443730804
13550,54.0,4.522752497225305
13600,38.0,5.474552957359009
13650,50.0,5.628415300546448
13700,54.0,4.778713005701873
13750,52.0,5.7728621526841115
13800,40.0,7.064490232807065
13850,30.0,13.416360033965468
13900,24.0,7.993197278911565
13950,26.0,7.963852019203614
14000,30.0,5.292792792792793
14050,22.0,6.692913385826772
14100,10.0,8.263988522238163
14150,18.0,9.21724333522405
14200,6.0,9.403862300587742
14250,30.0,9.050279329608939
14300,30.0,0.9238521836506159
14350,24.0,2.2991689750692523
14400,32.0,3.6831902520077544
14450,74.0,1.434878587196468
14500,66.0,1.2084592145015105
14550,70.0,2.461706783369803
14600,50.0,2.2300788686429156
14650,70.0,3.4949878081820644
14700,66.0,4.252437703141928
14750,40.0,5.710344827586207
14800,66.0,4.845814977973569
14850,76.0,5.323819978046103
14900,78.0,0.5198358413132695
14950,72.0,0.5451076587626056
15000,74.0,1.6838674633351438
15050,76.0,3.0319436924742824
15100,76.0,4.371289800323799
15150,74.0,5.700457112126916
15200,70.0,7.020364415862808
15250,82.0,0.21396095212623695
15300,88.0,0.2937249666221629
15350,86.0,0.2931769722814499
15400,57.99999999999999,0.1855779427359491
15450,54.0,0.3425559947299078
15500,52.0,0.864100549882168
15550,46.0,2.158086323452938
15600,50.0,3.4358047016274864
15650,48.0,4.695919938414165
15700,38.0,5.940846506884243
15750,50.0,7.1700025335698
15800,42.0,8.375251509054324
15850,36.0,12.805791313030454
15900,30.0,12.28026739291904
15950,92.0,0.34644889878742885
16000,82.0,1.1358024691358024
16050,84.0,1.0349926071956628
16100,98.0,2.044838630204484
16150,92.0,3.2790927021696255
16200,94.0,4.512946979038224
16250,80.0,5.731857318573185
16300,88.0,6.951608941292066
16350,98.0,8.177799607072691
16400,100.0,9.41957697983276
16450,100.0,9.59409594095941
16500,100.0,0.7134071340713407
16550,100.0,1.3776137761377614
16600,84.0,2.602504296587282
16650,94.0,3.8282208588957056
16700,100.0,5.070145212896874
16750,100.0,4.775972427375677
16800,100.0,6.006893156080748
16850,76.0,7.277227722772277
16900,84.0,8.574277168494516
16950,66.0,27.519960079840324
17000,72.0,8.480917934647044
17050,74.0,8.387418871692462
17100,76.0,7.611679560768655
17150,68.0,6.104578433825369
17200,70.0,0.4256384576865298
17250,50.0,1.6754188547136784
17300,52.0,2.918433524569718
17350,50.0,4.152163102933864
17400,50.0,5.376610505450941
17450,60.0,6.602373887240357
17500,84.0,7.854311199207135
17550,100.0,1.2204234122042341
17600,94.0,1.05
17650,92.0,1.3547415955845459
17700,88.0,2.618987660538907
17750,92.0,3.8997214484679668
17800,98.0,5.189519206308827
17850,94.0,6.481245215616228
17900,84.0,7.768975210835675
17950,88.0,9.06530089628681
18000,94.0,10.882956878850102
18050,92.0,0.8483290488431876
18100,90.0,2.132031852042127
18150,100.0,3.403275332650972
18200,96.0,4.663608562691132
18250,88.0,5.925737538148525
18300,100.0,7.197355035605289
18350,98.0,0.5460218408736349
18400,82.0,0.3142183817753339
18450,56.00000000000001,0.6953730944102702
18500,50.0,0.5893383337798017
18550,50.0,1.4388489208633095
18600,64.0,0.4964147821290678
18650,68.0,0.35694673256452497
18700,60.0,1.1826182618261827
18750,62.0,0.5057600449564484
18800,48.0,1.0372862349313148
18850,38.0,0.8908685968819599
18900,32.0,0.26298487836949375
18950,50.0,1.9211659489897317
19000,72.0,0.3648424543946932
19050,66.0,2.0118733509234827
19100,76.0,1.4126149802890933
19150,60.0,0.3935716628402755
19200,78.0,1.5773907328294448
19250,78.0,3.20890635232482
19300,72.0,4.823989569752282
19350,62.0,5.7013281503077415
19400,78.0,15.300193673337636
19450,44.0,0.9609224855861628
19500,46.0,1.365512861225786
19550,26.0,1.977401129943503
19600,57.99999999999999,0.280986575085857
19650,78.0,0.49782202862476665
19700,84.0,0.279416330332195
19750,78.0,1.839152119700748
19800,62.0,3.390357698289269
19850,40.0,1.2677798392084108
19900,52.0,0.3095017022593624
19950,32.0,0.7114135477884318
20000,40.0,1.197420939514891
20050,44.0,0.7914764079147641
20100,40.0,0.3031221582297666
20150,54.0,0.2416918429003021
20200,48.0,0.2997601918465228
20250,52.0,0.655933214072749
20300,56.00000000000001,0.7125890736342043
20350,68.0,0.8865248226950355
20400,72.0,2.2366097704532075
20450,70.0,3.691766774099033
20500,52.0,5.12521840419336
20550,64.0,5.040556199304751
20600,68.0,3.690888119953864
20650,66.0,5.11053689348263
20700,18.0,6.469920544835414
20750,0.0,7.778399552322328
20800,0.0,9.050772626931568
20850,14.000000000000002,5.45404963185165
20900,14.000000000000002,9.946091644204852
20950,0.0,11.143617021276595
21000,0.0,12.52336448598131
21050,48.0,0.6386375731772219
21100,56.00000000000001,1.9712306872669154
21150,80.0,0.39893617021276595
21200,78.0,0.2652519893899204
21250,60.0,0.395987328405491
21300,56.00000000000001,0.4725649776844316
21350,80.0,0.41917736442232123
21400,46.0,0.5986465382613222
21450,42.0,0.31007751937984496
21500,30.0,0.5633802816901409
21550,48.0,0.20361415118350726
21600,44.0,0.3538033864038413
21650,36.0,0.8034145116746171
21700,22.0,0.14921661278288983
21750,26.0,0.2464268112370626
21800,54.0,0.1470227885322225
21850,80.0,0.31777071620630654
21900,78.0,0.29254022428083865
21950,80.0,0.12159533073929961
22000,72.0,0.1454898157129001
22050,62.0,0.8234439331557277
22100,60.0,1.7199612403100775
22150,78.0,0.4852013585638039
22200,82.0,6.3321967851924015
22250,88.0,7.0085470085470085
22300,92.0,7.758198727361723
22350,66.0,7.977417771232203
22400,12.0,13.665674603174601
22450,28.000000000000004,7.747882411559541
22500,34.0,13.563563563563562
22550,32.0,9.205231388329981
22600,28.000000000000004,6.429652042360061
22650,30.0,0.12709710218607015
22700,32.0,1.044319918492104
22750,56.00000000000001,2.3108176739461657
22800,96.0,0.7614213197969544
22850,98.0,0.7616146230007617
22900,100.0,2.030972328002031
22950,100.0,3.3003300330033
23000,98.0,0.4824784154393093
23050,96.0,1.16869918699187
23100,92.0,2.441505595116989
23150,80.0,3.7131230925737535
23200,46.0,4.95575221238938
23250,60.0,6.1949131201208765
23300,68.0,7.424128417356409
23350,68.0,8.643517361978516
23400,62.0,9.427860696517413
23450,62.0,18.53138179111883
23500,56.00000000000001,6.30407911001236
23550,70.0,19.1871921182266
23600,68.0,4.66372115856652
23650,64.0,5.327468230694037
23700,62.0,6.519095110678667
23750,68.0,0.2665374363944754
23800,38.0,1.4670514670514672
23850,32.0,2.6479007633587783
23900,44.0,3.815165876777251
23950,68.0,4.981114258734656
24000,64.0,6.1354019746121295
24050,56.00000000000001,7.2731524789522926
24100,62.0,8.40512223515716
24150,57.99999999999999,9.522706209453197
24200,46.0,10.641735918744228
24250,54.0,11.44564467938405
24300,34.0,13.5264598540146
24350,34.0,14.557391894951325
24400,34.0,15.57303370786517
24450,26.0,12.037659717552119
24500,26.0,12.353998203054807
24550,44.0,9.250112258643915
24600,62.0,10.246085011185682
24650,28.000000000000004,0.13354106387714224
24700,34.0,0.9942554131683606
24750,18.0,1.9723865877712032
24800,50.0,0.4360148245040331
24850,52.0,0.23866348448687352
24900,48.0,0.1510574018126888
24950,42.0,0.6866952789699571
25000,44.0,0.2347417840375587
25050,50.0,0.14868309260832627
25100,46.0,0.25348542458808615
25150,50.0,0.21012817818869511
25200,50.0,0.33444816053511706
25250,68.0,0.20833333333333334
25300,68.0,0.8513289036544851
25350,48.0,1.8801652892561984
25400,50.0,1.870503597122302
25450,54.0,1.350521792510743
25500,57.99999999999999,2.057864710676447
25550,46.0,2.573976489663559
25600,52.0,7.039128680919726
25650,54.0,3.153243623217514
25700,54.0,7.137145141943223
25750,82.0,1.8160047894631812
25800,56.00000000000001,2.1483986473045555
25850,80.0,2.0250148898153664
25900,100.0,0.45662100456621
25950,96.0,1.1311768207977773
26000,88.0,1.0912698412698412
26050,100.0,8.412698412698413
26100,90.0,1.724821570182395
26150,100.0,1.784651992861392
26200,96.0,9.474727452923688
26250,98.0,1.9825535289452814
26300,98.0,0.6742018639698593
26350,82.0,1.66270783847981
26400,100.0,2.6524148851939824
26450,100.0,3.246239113222486
26500,86.0,2.925479343743823
26550,56.00000000000001,2.8931312733713836
26600,28.000000000000004,0.9771350400625366
26650,56.00000000000001,1.945903872348706
26700,54.0,1.5691592406044168
26750,42.0,1.6567135426700057
26800,84.0,2.3658395845354874
26850,100.0,0.5962685131756107
26900,100.0,1.5579919215233697
26950,94.0,2.3260284505959246
27000,100.0,0.6535947712418301
27050,100.0,1.6147635524798154
27100,100.0,2.575932333717801
27150,54.0,11.3254871695929
27200,60.0,1.7458777885548011
27250,62.0,2.121448034254574
27300,57.99999999999999,11.19796755911667
27350,4.0,12.065560821484993
27400,76.0,10.827395091053047
27450,100.0,1.1678543151227236
27500,100.0,1.9992082343626285
27550,94.0,0.9495548961424332
27600,100.0,0.5539070227497527
27650,100.0,1.543026706231454
27700,78.0,2.5346534653465347
27750,54.0,3.540879252038989
27800,57.99999999999999,2.3
27850,50.0,2.1989106314303006
27900,56.00000000000001,11.653830563437372
27950,46.0,2.122015915119363
28000,64.0,12.123694450133113
28050,78.0,0.3078817733990148
28100,96.0,1.108829568788501
28150,98.0,2.1359622098993634
28200,100.0,12.672006572191416
28250,80.0,1.209264193482271
28300,100.0,2.2340643574502974
28350,78.0,3.2662284305669678
28400,64.0,4.309278350515464
28450,42.0,5.109640049648324
28500,44.0,11.682632236568097
28550,72.0,3.2190635451505014
28600,46.0,12.450220079647872
28650,42.0,3.1986531986531985
28700,86.0,0.25289778714436245
28750,100.0,0.8640674394099052
28800,100.0,1.9178082191780823
28850,100.0,2.802950474183351
28900,76.0,0.7567794828673533
28950,100.0,0.8618877443767081
29000,100.0,1.9129703594702543
29050,82.0,2.969671440606571
29100,56.00000000000001,4.048325561678678
29150,12.0,5.147372917556599
29200,46.0,3.896663078579117
29250,66.0,4.0025962786672435
29300,38.0,4.365858982754857
29350,94.0,0.41511907362901457
29400,100.0,1.507537688442211
29450,100.0,0.2184837229626393
29500,94.0,0.7860262008733625
29550,100.0,1.8777292576419216
29600,86.0,2.977884825925115
29650,64.0,4.130579613590939
29700,54.0,2.5682932523931825
29750,62.0,2.564705882352941
29800,57.99999999999999,2.0194820622475644
29850,62.0,2.3827252419955323
29900,24.0,1.0905125408942202
29950,100.0,0.7633587786259541
30000,100.0,2.1264994547437297
30050,100.0,0.2998909487459106
30100,100.0,1.2540894220283534
30150,100.0,2.6172300981461287
30200,18.0,4.359510301582562
