250,33.2,100.0
500,35.199999999999996,100.0
750,27.200000000000003,100.0
1000,24.0,20.827389443651924
1250,40.400000000000006,41.529411764705884
1500,25.6,52.41779497098646
1750,22.400000000000002,60.016286644951144
2000,30.8,65.0963597430407
2250,34.4,69.07348242811501
2500,43.2,74.83718176435761
2750,37.6,76.00225861095427
3000,27.6,76.52270210409745
3250,26.400000000000002,78.1055900621118
3500,32.4,79.77958792525156
3750,33.2,81.0762331838565
4000,54.0,82.04690831556503
4250,54.0,82.87225386493084
4500,55.60000000000001,83.61230050603348
4750,53.2,84.31445603576752
5000,38.800000000000004,85.13942816801978
5250,42.0,85.81536388140162
5500,77.2,87.70301624129931
5750,80.0,90.5511811023622
6000,75.2,95.04950495049505
6250,48.8,99.96143463170073
6500,20.8,99.95682210708118
6750,31.2,99.95801847187238
7000,52.0,99.96003197442046
7250,52.400000000000006,99.96184662342617
7500,59.199999999999996,99.96327579875137
7750,52.800000000000004,99.96427295462665
8000,18.0,99.96278377372533
8250,26.400000000000002,99.96470172961524
8500,48.0,99.96536196744024
8750,54.800000000000004,99.95838535164377
9000,56.00000000000001,99.95959595959596
9250,50.8,97.4241794765268
9500,36.0,97.41784037558685
9750,41.199999999999996,97.61461051062244
10000,62.0,97.55102040816327
10250,48.8,98.36613442257706
10500,53.2,99.9620781190747
10750,41.199999999999996,99.96020692399522
11000,20.8,99.96061441512406
11250,19.2,99.96239187664536
11500,22.400000000000002,99.73210868733257
11750,24.4,99.7501784439686
12000,23.200000000000003,99.92795389048992
12250,21.2,99.96396396396396
12500,31.2,99.92386752950134
12750,29.2,99.92836676217765
13000,28.4,99.96530187369882
13250,33.6,99.93403693931398
13500,31.6,99.96870109546165
13750,24.8,99.97044043748153
14000,19.6,99.94316567206593
14250,16.0,99.97206703910615
14500,45.2,99.97253501785224
14750,59.199999999999996,98.48317705460563
15000,53.6,98.64902122966639
15250,51.2,98.7012987012987
15500,40.400000000000006,99.97179125528915
15750,20.8,99.97194950911641
16000,27.200000000000003,99.97113997113996
16250,39.6,99.967277486911
16500,52.400000000000006,99.96850393700787
16750,46.400000000000006,99.96977938954366
17000,34.4,99.96930632289748
17250,21.2,99.96994289149383
17500,9.2,99.97056226081837
17750,40.400000000000006,99.96981587684878
18000,33.6,99.96542185338866
18250,41.199999999999996,99.96696399074992
18500,40.8,99.96757457846952
18750,35.199999999999996,99.96538594669437
19000,40.400000000000006,99.96643168848607
19250,71.2,99.90151017728168
19500,60.4,99.90451941438575
19750,60.0,99.96874023132229
20000,30.4,99.9692118226601
20250,43.2,99.94028068080024
20500,63.2,99.94167395742198
20750,43.2,99.9439304737875
21000,5.6000000000000005,99.91989319092123
21250,64.4,99.97359387377873
21500,50.8,99.94875736612862
21750,35.199999999999996,99.97534516765286
22000,72.39999999999999,99.92721979621543
22250,74.0,99.75568043000244
22500,46.400000000000006,99.97387669801464
22750,29.599999999999998,99.96678844237795
23000,79.2,99.96735226901731
23250,52.0,99.96858309770657
23500,29.599999999999998,99.9690594059406
23750,30.0,99.97047534691468
24000,16.8,99.97218358831711
24250,10.8,99.96677740863788
24500,9.6,99.9690976514215
24750,25.6,99.60061443932412
25000,45.6,99.70414201183432
25250,52.400000000000006,99.74256292906179
25500,55.2,99.75027746947835
25750,54.800000000000004,99.78254960587117
26000,83.6,99.78448275862068
26250,96.39999999999999,99.83801295896329
26500,92.80000000000001,99.838622915546
26750,47.199999999999996,99.84415584415585
27000,95.6,99.84459984459984
27250,75.2,99.84705582462401
27500,67.2,99.8501872659176
27750,84.8,99.85152190051967
28000,54.400000000000006,99.85552612569228
28250,90.0,99.61464354527938
28500,65.60000000000001,99.97599039615847
28750,69.19999999999999,99.97576345128454
29000,95.19999999999999,99.9758337361044
29250,52.400000000000006,99.9702823179792
29500,85.2,99.97060552616108
29750,73.2,98.57186265572774
30000,68.8,99.96806132226126
