250,33.2,100.0
500,35.199999999999996,100.0
750,27.200000000000003,100.0
1000,24.0,100.0
1250,40.400000000000006,100.0
1500,26.0,100.0
1750,22.400000000000002,100.0
2000,30.8,100.0
2250,34.4,100.0
2500,46.800000000000004,100.0
2750,52.400000000000006,100.0
3000,57.199999999999996,100.0
3250,38.0,100.0
3500,35.6,100.0
3750,38.800000000000004,100.0
4000,54.400000000000006,30.027988804478206
4250,54.400000000000006,35.105162523900574
4500,55.60000000000001,39.43506969919296
4750,54.0,43.189017951425555
5000,39.2,46.220735785953174
5250,62.4,49.44841012329656
5500,85.6,52.264696434307744
5750,98.4,56.07956368302855
6000,98.4,59.85261134251842
6250,85.2,64.09119696010133
6500,71.2,68.79256965944272
6750,82.8,73.12748394986242
7000,98.4,76.70229007633587
7250,98.8,80.26235509456986
7500,99.2,83.32317073170732
7750,98.0,86.78440925700366
8000,65.2,90.67466266866566
8250,32.800000000000004,91.24260355029585
8500,48.4,91.3133097762073
8750,58.8,91.486205873628
9000,60.4,91.59437630870477
9250,50.8,99.96034892942109
9500,39.6,99.96244836650393
9750,44.800000000000004,99.92818671454219
10000,88.0,99.96415770609319
10250,97.2,99.85805535841023
10500,98.0,99.9645390070922
10750,89.2,99.96487530734106
11000,70.8,99.96555287633483
11250,69.19999999999999,99.93222636394442
11500,72.0,99.96685449121644
11750,72.8,99.96758508914101
12000,73.2,99.96827411167513
12250,66.8,99.96807151979566
12500,58.4,99.72014925373134
12750,55.2,99.84962406015038
13000,52.800000000000004,99.88378849506101
13250,57.99999999999999,99.97178329571106
13500,55.2,99.91668980838656
13750,49.6,99.91950630533941
14000,30.0,99.04333145751266
14250,17.2,99.97206703910615
14500,45.6,99.97277429893819
14750,65.60000000000001,99.97303855486655
15000,64.0,97.30758770737013
15250,68.0,95.85352719439956
15500,67.60000000000001,96.12546125461255
15750,46.400000000000006,96.38032118276828
16000,61.6,96.78384442782348
16250,93.60000000000001,98.60592481951706
16500,97.2,99.97511818860413
16750,95.6,99.97501249375313
17000,85.6,99.97472832954259
17250,69.6,99.97536945812809
17500,59.599999999999994,99.97594419052201
17750,93.2,99.97528423133959
18000,91.60000000000001,99.97491219267435
18250,93.2,99.97475385003787
18500,77.60000000000001,99.97412677878395
18750,61.6,99.972647702407
19000,49.6,99.96701846965699
19250,71.6,99.9674373168349
19500,60.8,99.96827411167513
19750,64.8,99.96884735202492
20000,46.0,99.96932515337423
20250,48.4,99.97020262216924
20500,64.8,99.97090485888856
20750,43.2,99.94405594405595
21000,5.6000000000000005,99.91989319092123
21250,64.4,99.89440337909187
21500,50.8,99.97439180537772
21750,35.6,99.97534516765286
22000,72.8,99.92721979621543
22250,74.0,99.75568043000244
22500,46.400000000000006,99.9248873309965
22750,42.4,97.97622059195548
23000,98.4,98.05211231975714
23250,74.8,97.84244856999497
23500,63.2,96.1576354679803
23750,54.400000000000006,93.77431906614785
24000,38.800000000000004,93.28269641585568
24250,52.0,93.2759422987436
24500,42.8,93.40411113620962
24750,41.6,93.58946212952799
25000,47.199999999999996,93.88627618640444
25250,52.800000000000004,94.07345575959934
25500,55.60000000000001,94.20408163265306
25750,57.599999999999994,94.34339396362182
26000,84.0,94.3362480127186
26250,96.8,94.38046068308181
26500,93.2,94.37735101960007
26750,47.199999999999996,94.52054794520548
27000,95.6,94.53215248363497
27250,75.2,96.92007797270955
27500,67.60000000000001,95.38065027755749
27750,85.2,92.18656567669923
28000,54.800000000000004,91.3025641025641
28250,90.4,91.27489221925683
28500,65.60000000000001,91.35699373695199
28750,69.19999999999999,91.23918091619169
29000,95.19999999999999,91.26131817224679
29250,52.400000000000006,90.60737527114966
29500,85.2,90.75575027382257
29750,73.2,95.9265363786202
30000,68.8,99.26310043668121
