50,22.0,0.0
100,52.0,0.0
150,60.0,0.0
200,18.0,0.0
250,14.000000000000002,0.0
300,18.0,0.0
350,36.0,0.0
400,56.00000000000001,0.0
450,46.0,0.0
500,20.0,0.0
550,34.0,0.0
600,32.0,0.0
650,16.0,0.0
700,32.0,0.0
750,22.0,0.0
800,10.0,0.0
850,30.0,0.0
900,26.0,0.0
950,26.0,0.0
1000,28.000000000000004,0.0
1050,50.0,0.0
1100,68.0,0.0
1150,18.0,0.0
1200,26.0,0.0
1250,40.0,0.0
1300,20.0,0.0
1350,26.0,0.0
1400,28.000000000000004,0.0
1450,28.000000000000004,0.0
1500,28.000000000000004,0.0
1550,34.0,0.0
1600,22.0,0.0
1650,14.000000000000002,0.0
1700,16.0,0.0
1750,26.0,0.0
1800,30.0,0.0
1850,36.0,0.0
1900,28.000000000000004,0.0
1950,32.0,0.0
2000,28.000000000000004,0.0
2050,26.0,0.0
2100,38.0,0.0
2150,42.0,0.0
2200,34.0,0.0
2250,32.0,0.0
2300,42.0,0.0
2350,50.0,0.0
2400,46.0,0.0
2450,46.0,0.0
2500,50.0,0.0
2550,46.0,0.0
2600,50.0,0.0
2650,44.0,0.0
2700,66.0,0.0
2750,56.00000000000001,0.0
2800,50.0,0.0
2850,70.0,0.0
2900,60.0,0.0
2950,54.0,0.0
3000,52.0,0.0
3050,60.0,0.0
3100,62.0,0.0
3150,40.0,0.0
3200,18.0,7.42014742014742
3250,10.0,9.663461538461538
3300,36.0,0.7579346281383231
3350,34.0,0.6529850746268656
3400,38.0,0.6436781609195402
3450,42.0,1.7695099818511795
3500,28.000000000000004,1.25
3550,26.0,3.0742204655248133
3600,34.0,0.30342436064152584
3650,20.0,0.7692307692307693
3700,52.0,2.5803722504230118
3750,54.0,2.3041474654377883
3800,60.0,2.7835479850436227
3850,60.0,3.0078285949732178
3900,50.0,5.0163132137031
3950,52.0,6.987075928917609
4000,50.0,8.916433426629348
4050,57.99999999999999,8.921490880253767
4100,56.00000000000001,7.429245283018868
4150,48.0,7.509727626459144
4200,52.0,7.478797224363917
4250,57.99999999999999,8.068833652007648
4300,62.0,0.9870918754745633
4350,66.0,5.960015088645794
4400,48.0,7.769891669779604
4450,50.0,9.548482605477423
4500,52.0,11.298606016140866
4550,52.0,7.381818181818183
4600,54.0,7.14028128380815
4650,52.0,6.006435466571326
4700,68.0,3.3060789193032347
4750,44.0,1.8655403027103132
4800,40.0,4.632532218739115
4850,36.0,4.6159145711333105
4900,30.0,4.8332198774676645
4950,38.0,0.4383007417397168
5000,52.0,0.36789297658862874
5050,42.0,0.16561775422325273
5100,46.0,1.0177281680892973
5150,56.00000000000001,0.8153946510110893
5200,78.0,0.42262678803641096
5250,88.0,0.8111615833874107
5300,84.0,0.6148867313915858
5350,78.0,0.2903225806451613
5400,88.0,0.998389694041868
5450,94.0,0.3862246540070808
5500,80.0,0.32123353678123995
5550,96.0,0.5457463884430177
5600,100.0,2.1508828250401284
5650,100.0,0.6741573033707865
5700,100.0,0.7704654895666132
5750,94.0,2.3733162283515075
5800,100.0,3.9769082745349587
5850,100.0,5.58050032071841
5900,92.0,5.92568866111467
5950,100.0,5.701473414477898
6000,100.0,20.819987187700193
6050,100.0,6.18193465727098
6100,98.0,22.92667307076529
6150,80.0,6.607085860197894
6200,74.0,6.6115702479338845
6250,74.0,6.204495093383982
6300,72.0,7.7529152221872035
6350,74.0,9.290646578782171
6400,74.0,10.815879962488276
6450,66.0,15.609452736318408
6500,70.0,11.3587124729186
6550,78.0,5.953115360888341
6600,82.0,5.352199323285143
6650,70.0,6.866952789699571
6700,80.0,8.374083129584351
6750,100.0,9.902200488997554
6800,98.0,1.435991445157348
6850,100.0,1.2832263978001834
6900,100.0,2.6275588145432325
6950,94.0,4.151404151404151
7000,100.0,4.334554334554334
7050,100.0,12.698412698412698
7100,100.0,9.951159951159951
7150,94.0,6.282403171698689
7200,100.0,6.221408966148216
7250,100.0,6.922842329978653
7300,100.0,0.7929246721561453
7350,96.0,0.8838768668088998
7400,100.0,1.8896677842121303
7450,100.0,3.4135934166412683
7500,100.0,4.9375190490704055
7550,98.0,5.423522242535039
7600,100.0,5.606337599024984
7650,100.0,5.149299207800122
7700,94.0,27.292110874200425
7750,96.0,5.418569254185693
7800,82.0,28.688524590163933
7850,64.0,30.042270531400966
7900,72.0,28.983764281419123
7950,62.0,9.69096909690969
8000,46.0,0.44964028776978415
8050,46.0,1.5255758300927311
8100,36.0,1.0749477455957002
8150,30.0,0.922893718368562
8200,32.0,2.254523880154257
8250,18.0,0.6802721088435374
8300,16.0,0.41188584877905265
8350,40.0,0.2643171806167401
8400,60.0,1.0285042609462238
8450,62.0,0.4411764705882353
8500,62.0,0.588754783632617
8550,52.0,0.7376807317792858
8600,60.0,0.9464655427388345
8650,57.99999999999999,0.47393364928909953
8700,54.0,0.41506077675659653
8750,54.0,0.6227758007117438
8800,60.0,0.23767082590612004
8850,57.99999999999999,0.3273809523809524
8900,54.0,0.7742703990470519
8950,62.0,0.922893718368562
9000,68.0,2.422973377206102
9050,54.0,3.978135438809596
9100,50.0,7.111984282907661
9150,54.0,2.1496815286624202
9200,42.0,4.138479904496617
9250,54.0,1.7446471054718478
9300,68.0,3.7095501183898976
9350,36.0,0.11695906432748539
9400,38.0,1.5793528505392913
9450,14.000000000000002,2.1648309912647172
9500,26.0,3.414634146341464
9550,38.0,4.821958456973293
9600,44.0,1.836884643644379
9650,32.0,3.6536353671903545
9700,18.0,5.403458213256484
9750,74.0,0.7176175098672408
9800,98.0,1.436265709156194
9850,80.0,2.110912343470483
9900,72.0,3.8831492696829355
9950,57.99999999999999,5.6223479490806225
10000,72.0,7.3617470940472
10050,92.0,9.1261451726568
10100,100.0,11.1660777385159
10150,82.0,10.754985754985755
10200,86.0,10.203353549768106
10250,90.0,1.033868092691622
10300,100.0,1.465856274579907
10350,100.0,3.2534858777261353
10400,100.0,5.041115480872363
10450,100.0,6.828745084018592
10500,90.0,8.600999286224125
10550,82.0,10.352187833511206
10600,100.0,10.63678406261117
10650,100.0,10.494485948061188
10700,86.0,21.788502484031227
10750,78.0,21.668434075645106
10800,68.0,11.704745166959578
10850,60.0,10.75043630017452
10900,74.0,10.284920083391244
10950,76.0,10.455019103855506
11000,72.0,10.264439805149618
11050,72.0,11.126564673157164
11100,76.0,11.601250434178533
11150,64.0,12.977099236641221
11200,57.99999999999999,13.62850224835697
11250,76.0,12.171507607192254
11300,74.0,12.037357315807679
11350,80.0,11.007268951194185
11400,72.0,10.776160776160776
11450,70.0,10.519031141868512
11500,57.99999999999999,11.689655172413794
11550,74.0,6.179196704428424
11600,76.0,7.863247863247863
11650,76.0,9.533537623425264
11700,80.0,10.315575161180861
11750,57.99999999999999,9.433962264150944
11800,66.0,8.944723618090453
11850,76.0,8.975642308975642
11900,74.0,9.269102990033222
11950,74.0,10.353953026794576
12000,76.0,10.247116968698517
12050,66.0,11.366622864651774
12100,62.0,12.039151712887438
12150,66.0,11.39240506329114
12200,74.0,11.40917905623788
12250,64.0,1.5424164524421593
12300,60.0,1.0217113665389528
12350,60.0,0.7296954314720813
12400,42.0,0.6935687263556116
12450,56.00000000000001,0.6578947368421052
12500,62.0,0.9034267912772586
12550,52.0,0.8695652173913043
12600,50.0,0.7425742574257426
12650,54.0,0.4623921085080148
12700,57.99999999999999,0.43090181594336713
12750,62.0,0.36708473539308656
12800,46.0,0.8497723823975721
12850,54.0,2.1398432790837854
12900,57.99999999999999,2.3060796645702304
12950,54.0,1.3979773944080904
13000,52.0,1.4176018901358536
13050,56.00000000000001,0.3524229074889868
13100,62.0,0.40887850467289716
13150,48.0,0.927536231884058
13200,60.0,0.4324012683770539
13250,62.0,0.43016919988528823
13300,56.00000000000001,0.3419777714448561
13350,48.0,0.22740193291642977
13400,57.99999999999999,0.36743923120407007
13450,56.00000000000001,1.7696629213483146
13500,57.99999999999999,3.1555431443730804
13550,54.0,4.300776914539401
13600,38.0,4.814305364511692
13650,50.0,5.491803278688525
13700,54.0,4.778713005701873
13750,52.0,5.314270299433504
13800,40.0,6.127910088306128
13850,30.0,7.019530144353241
13900,24.0,7.482993197278912
13950,26.0,7.963852019203614
14000,30.0,5.0957207207207205
14050,20.0,5.849268841394826
14100,6.0,6.714490674318507
14150,18.0,7.37379466817924
14200,6.0,7.8085642317380355
14250,30.0,8.687150837988828
14300,30.0,7.754759238521837
14350,24.0,8.11634349030471
14400,32.0,5.677097756854057
14450,74.0,1.434878587196468
14500,66.0,1.2084592145015105
14550,70.0,2.461706783369803
14600,50.0,2.2300788686429156
14650,70.0,3.4949878081820644
14700,66.0,4.117009750812568
14750,40.0,4.3310344827586205
14800,54.0,4.855172413793103
14850,64.0,5.34288074910493
14900,78.0,0.5216913783635365
14950,72.0,0.5470459518599562
15000,74.0,1.6898337421640774
15050,76.0,3.0426514534093996
15100,76.0,4.3866774979691305
15150,74.0,5.720453318942256
15200,70.0,7.04490454423232
15250,82.0,0.2147074610842727
15300,88.0,0.29474812433011793
15350,86.0,0.2941963091735758
15400,57.99999999999999,0.186219739292365
15450,54.0,0.3437334743521946
15500,52.0,0.8670520231213872
15550,46.0,2.1654056874510825
15600,50.0,3.0585795749092792
15650,48.0,3.964984552008239
15700,38.0,4.680306905370844
15750,50.0,5.209656925031767
15800,42.0,5.82744702320888
15850,36.0,6.084126189283926
15900,30.0,6.481251552023839
15950,92.0,0.3474807644576818
16000,82.0,1.1391778107974244
16050,76.0,1.037037037037037
16100,76.0,2.0433284096504187
16150,84.0,3.2702237521514634
16200,94.0,4.506279241566117
16250,80.0,5.723409481699828
16300,88.0,6.941378464557273
16350,98.0,8.165767533104464
16400,100.0,9.396467124631993
16450,100.0,9.579955784819456
16500,100.0,0.7123556865634979
16550,100.0,1.3755833947433063
16600,84.0,2.5986761461142436
16650,94.0,3.821656050955414
16700,100.0,5.0552147239263805
16750,100.0,4.768928220255654
16800,100.0,5.99803343166175
16850,92.0,7.227138643067847
16900,90.0,8.491730436929153
16950,66.0,18.13024173655649
17000,72.0,8.405438813349814
17050,74.0,8.31271647699159
17100,76.0,4.650012367054168
17150,68.0,5.033473840813291
17200,70.0,0.42152243987106375
17250,50.0,1.6567754698318498
17300,52.0,2.246358923722538
17350,50.0,2.8339083292262197
17400,50.0,3.43980343980344
17450,60.0,4.167688158862466
17500,84.0,5.206286836935167
17550,100.0,1.206896551724138
17600,94.0,1.0403765172157542
17650,92.0,1.3426156141223273
17700,88.0,2.5980514614039474
17750,92.0,3.852889667250438
17800,98.0,5.141129032258065
17850,94.0,6.422250316055626
17900,84.0,7.6981514307419605
17950,88.0,8.98249175336209
18000,94.0,10.78880407124682
18050,92.0,0.8414074451810302
18100,90.0,2.112496818528888
18150,100.0,3.372210953346856
18200,96.0,4.6317388003037205
18250,88.0,5.888299216578216
18300,100.0,7.1518827394490785
18350,94.0,0.5339435545385203
18400,78.0,0.3116073747078681
18450,54.0,0.6792058516196446
18500,50.0,0.573962953300287
18550,50.0,1.384451544195953
18600,64.0,0.4934210526315789
18650,68.0,0.3548034934497817
18700,60.0,1.1726206708481048
18750,57.99999999999999,0.504060487258471
18800,48.0,1.0312151616499443
18850,38.0,0.8908685968819599
18900,32.0,0.26298487836949375
18950,48.0,1.9211659489897317
19000,68.0,0.3648424543946932
19050,66.0,2.0118733509234827
19100,76.0,1.4126149802890933
19150,60.0,0.3935716628402755
19200,78.0,1.5773907328294448
19250,78.0,3.20890635232482
19300,72.0,4.823989569752282
19350,62.0,5.7013281503077415
19400,78.0,6.294383473208522
19450,44.0,0.9609224855861628
19500,46.0,1.365512861225786
19550,26.0,1.977401129943503
19600,57.99999999999999,0.280986575085857
19650,78.0,0.49782202862476665
19700,84.0,0.279416330332195
19750,56.00000000000001,1.839152119700748
19800,57.99999999999999,3.390357698289269
19850,38.0,1.2677798392084108
19900,52.0,0.3095017022593624
19950,32.0,0.7114135477884318
20000,40.0,1.197420939514891
20050,44.0,0.7914764079147641
20100,32.0,0.3031221582297666
20150,42.0,0.2416918429003021
20200,48.0,0.2997601918465228
20250,52.0,0.655933214072749
20300,56.00000000000001,0.7125890736342043
20350,68.0,0.8865248226950355
20400,72.0,2.2366097704532075
20450,70.0,3.691766774099033
20500,50.0,5.12521840419336
20550,64.0,5.040556199304751
20600,68.0,3.690888119953864
20650,66.0,5.11053689348263
20700,18.0,6.469920544835414
20750,0.0,7.778399552322328
20800,0.0,9.050772626931568
20850,14.000000000000002,5.45404963185165
20900,14.000000000000002,6.765498652291105
20950,0.0,7.3936170212765955
21000,0.0,7.39652870493992
21050,48.0,0.6386375731772219
21100,56.00000000000001,1.9712306872669154
21150,80.0,0.39893617021276595
21200,78.0,0.2652519893899204
21250,60.0,0.395987328405491
21300,56.00000000000001,0.4725649776844316
21350,80.0,0.41917736442232123
21400,46.0,0.5986465382613222
21450,42.0,0.31007751937984496
21500,30.0,0.5633802816901409
21550,48.0,0.20361415118350726
21600,44.0,0.3538033864038413
21650,36.0,0.8034145116746171
21700,22.0,0.1492908683752177
21750,26.0,0.2465483234714004
21800,54.0,0.14709487619514586
21850,80.0,0.3179261433113231
21900,78.0,0.2926829268292683
21950,80.0,0.12165450121654502
22000,70.0,0.1455604075691412
22050,62.0,0.8238429852192876
22100,60.0,1.7203779985461594
22150,78.0,0.48543689320388345
22200,82.0,4.434697855750487
22250,88.0,5.448326410945517
22300,92.0,6.586679725759059
22350,66.0,7.58654554382519
22400,12.0,7.4689826302729525
22450,28.000000000000004,2.3678963110667994
22500,34.0,2.553830746119179
22550,32.0,2.6170105686965277
22600,28.000000000000004,2.5227043390514634
22650,30.0,0.1271617497456765
22700,32.0,1.0445859872611465
22750,34.0,2.215995924605196
22800,82.0,0.7651109410864576
22850,98.0,0.7653061224489796
22900,100.0,2.0408163265306123
22950,100.0,3.316326530612245
23000,98.0,0.48481755549885175
23050,96.0,1.1743681388817973
23100,92.0,2.4533605928954767
23150,80.0,3.7311525683618707
23200,46.0,4.979674796747967
23250,60.0,6.224696356275303
23300,68.0,3.5282258064516134
23350,68.0,4.292168674698795
23400,62.0,4.873781554611347
23450,62.0,4.710867397806581
23500,56.00000000000001,4.321907600596125
23550,70.0,4.479089334323187
23600,68.0,4.68557336621455
23650,64.0,5.27866437515345
23700,62.0,6.47605083088954
23750,68.0,0.26777020447906524
23800,38.0,1.47378593863252
23850,32.0,2.659956865564342
23900,44.0,3.8324208521780525
23950,68.0,5.003557031064738
24000,64.0,6.162927981109799
24050,56.00000000000001,7.3056142823584675
24100,62.0,8.442469597754911
24150,57.99999999999999,9.47172445892483
24200,46.0,10.340830048690007
24250,54.0,11.449676823638043
24300,34.0,12.439862542955327
24350,34.0,13.483401546157344
24400,34.0,14.511396975851953
24450,26.0,12.089149031967581
24500,36.0,12.40694789081886
24550,64.0,9.30546190155091
24600,62.0,10.344827586206897
24650,28.000000000000004,0.13363028953229397
24700,34.0,0.9949148795047534
24750,18.0,1.776315789473684
24800,50.0,0.4363001745200698
24850,52.0,0.23881893182805036
24900,48.0,0.1511552580436191
24950,42.0,0.687137642258965
25000,44.0,0.2348921631432842
25050,50.0,0.1487778958554729
25100,46.0,0.2536461636017755
25150,50.0,0.21026072329688814
25200,50.0,0.3346580213344489
25250,68.0,0.20846362309776945
25300,68.0,0.8518595470600456
25350,48.0,1.881331403762663
25400,50.0,1.8716577540106951
25450,54.0,1.3513513513513513
25500,57.99999999999999,2.059123343527013
25550,46.0,2.575542486311093
25600,52.0,2.280524722502523
25650,54.0,2.491961414790997
25700,54.0,3.200640128025605
25750,82.0,1.8170926517571886
25800,56.00000000000001,2.1496815286624202
25850,80.0,2.026221692491061
25900,100.0,0.45689312673818033
25950,96.0,1.1318506751389992
26000,88.0,1.0919197935278937
26050,100.0,4.308119912646417
26100,90.0,1.7258480460226144
26150,100.0,1.7857142857142856
26200,96.0,5.414518048393495
26250,98.0,1.98373338623289
26300,98.0,0.6746031746031746
26350,82.0,1.6636957813428401
26400,100.0,2.653990889285007
26450,100.0,3.2481679540503072
26500,86.0,2.9272151898734178
26550,56.00000000000001,2.894840488381252
26600,28.000000000000004,0.9777082518576458
26650,56.00000000000001,1.9470404984423675
26700,54.0,1.5700717193254505
26750,42.0,1.6576715497301466
26800,84.0,2.367205542725173
26850,100.0,0.596612779060816
26900,100.0,1.558891454965358
26950,94.0,2.3273706482015775
27000,100.0,0.6539719176764763
27050,100.0,1.6156953260242353
27100,100.0,2.5774187343719945
27150,54.0,6.525096525096526
27200,60.0,1.746894409937888
27250,62.0,2.122687439143135
27300,57.99999999999999,2.894016425498631
27350,4.0,3.872752420470263
27400,76.0,3.069914834620717
27450,100.0,1.168548227371757
27500,100.0,2.000396118043177
27550,94.0,0.9501187648456058
27600,100.0,0.5542359461599367
27650,100.0,1.5439429928741093
27700,78.0,2.5361600951060033
27750,54.0,3.543698984670516
27800,57.99999999999999,2.302763315979175
27850,50.0,0.9695011108866897
27900,56.00000000000001,1.9886363636363635
27950,46.0,2.1233156390363415
28000,64.0,3.155737704918033
28050,78.0,0.3080714725816389
28100,96.0,1.1095130470515717
28150,98.0,2.137279079325935
28200,100.0,5.1376900945334985
28250,80.0,1.2100082034454471
28300,100.0,2.235438884331419
28350,78.0,3.2682425488180886
28400,64.0,4.311945533319579
28450,42.0,5.1128130821776026
28500,44.0,5.5451323744006675
28550,72.0,3.22108345534407
28600,46.0,6.438758389261745
28650,42.0,3.200673826068646
28700,86.0,0.25305778152678193
28750,100.0,0.8646140868831717
28800,100.0,1.9190215099114296
28850,100.0,2.8047237452551665
28900,76.0,0.7572570466975179
28950,100.0,0.8624316365166175
29000,100.0,1.9141775347076146
29050,82.0,2.973428932939688
29100,56.00000000000001,4.050901378579003
29150,12.0,5.151774262505344
29200,46.0,3.901702953222677
29250,66.0,4.006930907515703
29300,38.0,4.369674459252786
29350,94.0,0.41557305336832895
29400,100.0,1.5091863517060367
29450,100.0,0.21872265966754156
29500,94.0,0.7868852459016393
29550,100.0,1.8797814207650274
29600,86.0,2.9811486190267424
29650,64.0,4.183535762483131
29700,54.0,2.568893040635217
29750,62.0,2.565309484584608
29800,57.99999999999999,2.020442120275731
29850,62.0,2.577181208053691
29900,24.0,1.0911074740861975
29950,100.0,0.7637752318603382
30000,100.0,2.127659574468085
30050,100.0,0.3000545553737043
30100,100.0,1.2547735951991272
30150,100.0,2.618657937806874
30200,18.0,4.359510301582562
