250,33.2
500,35.199999999999996
750,27.200000000000003
1000,24.0
1250,40.400000000000006
1500,26.0
1750,22.400000000000002
2000,30.8
2250,34.4
2500,46.800000000000004
2750,52.400000000000006
3000,55.60000000000001
3250,38.0
3500,35.6
3750,37.2
4000,54.400000000000006
4250,54.400000000000006
4500,55.60000000000001
4750,54.0
5000,39.2
5250,59.599999999999994
5500,84.39999999999999
5750,97.6
6000,98.4
6250,85.2
6500,70.8
6750,81.2
7000,98.4
7250,88.0
7500,79.2
7750,58.8
8000,18.8
8250,27.200000000000003
8500,48.0
8750,54.800000000000004
9000,56.39999999999999
9250,50.8
9500,36.0
9750,41.199999999999996
10000,76.0
10250,84.8
10500,98.0
10750,89.2
11000,70.0
11250,69.19999999999999
11500,70.8
11750,72.8
12000,73.2
12250,49.6
12500,55.60000000000001
12750,45.6
13000,28.4
13250,34.4
13500,32.4
13750,24.8
14000,19.6
14250,16.0
14500,45.2
14750,59.199999999999996
15000,59.199999999999996
15250,74.8
15500,65.2
15750,46.400000000000006
16000,56.39999999999999
16250,66.4
16500,74.8
16750,68.0
17000,46.0
17250,43.2
17500,27.200000000000003
17750,42.8
18000,38.4
18250,41.199999999999996
18500,41.6
18750,34.0
19000,38.4
19250,68.0
19500,59.599999999999994
19750,60.4
20000,36.0
20250,40.0
20500,61.199999999999996
20750,39.6
21000,5.2
21250,60.8
21500,45.2
21750,32.800000000000004
22000,71.2
22250,72.0
22500,45.6
22750,38.4
23000,93.2
23250,73.6
23500,58.4
23750,64.4
24000,48.4
24250,53.6
24500,45.2
24750,30.8
25000,44.0
25250,49.2
25500,54.400000000000006
25750,54.0
26000,75.2
26250,96.0
26500,83.6
26750,87.2
27000,58.4
27250,75.2
27500,64.8
27750,82.8
28000,49.2
28250,41.6
28500,35.6
28750,65.60000000000001
29000,29.599999999999998
29250,46.800000000000004
29500,85.2
29750,73.2
30000,67.60000000000001
