250,33.2,100.0
500,35.199999999999996,100.0
750,27.200000000000003,100.0
1000,24.0,100.0
1250,40.400000000000006,100.0
1500,26.0,100.0
1750,22.400000000000002,100.0
2000,30.8,100.0
2250,34.4,100.0
2500,46.800000000000004,100.0
2750,52.400000000000006,100.0
3000,57.199999999999996,100.0
3250,38.0,100.0
3500,35.6,100.0
3750,38.800000000000004,100.0
4000,54.400000000000006,100.0
4250,54.400000000000006,100.0
4500,55.60000000000001,100.0
4750,54.0,100.0
5000,39.6,100.0
5250,62.8,100.0
5500,85.6,100.0
5750,98.8,100.0
6000,98.4,100.0
6250,85.2,100.0
6500,71.2,100.0
6750,82.8,100.0
7000,98.4,100.0
7250,98.8,100.0
7500,99.2,100.0
7750,98.0,100.0
8000,72.39999999999999,100.0
8250,56.8,93.54456618300266
8500,70.8,95.25493663424697
8750,83.6,97.29809976247031
9000,84.8,99.28208196230929
9250,93.2,7.159810126582279
9500,62.0,4.986876640419948
9750,44.800000000000004,6.559139784946237
10000,89.60000000000001,13.466947960618846
10250,97.2,19.489723600283487
10500,98.0,25.49645390070922
10750,89.2,31.963470319634702
11000,70.8,38.201860144677916
11250,69.19999999999999,44.45950525245679
11500,72.0,49.95028173682466
11750,72.8,54.97568881685575
12000,73.2,99.96827411167513
12250,68.8,99.96807151979566
12500,58.4,99.72014925373134
12750,55.2,99.84962406015038
13000,52.800000000000004,99.88378849506101
13250,57.99999999999999,99.97178329571106
13500,55.2,99.91668980838656
13750,49.6,99.91950630533941
14000,30.0,99.15492957746478
14250,18.4,99.97206703910615
14500,46.400000000000006,99.97277429893819
14750,60.0,98.48317705460563
15000,65.2,97.73285987435128
15250,75.6,97.90096878363832
15500,67.60000000000001,97.97154899894626
15750,46.800000000000004,98.19062181447502
16000,62.0,98.70324189526185
16250,93.60000000000001,98.77988047808765
16500,97.2,99.97510580034852
16750,95.6,99.97500000000001
17000,86.0,99.97471554993679
17250,70.39999999999999,99.97535731887629
17500,59.599999999999994,99.97594419052201
17750,95.6,99.97528423133959
18000,92.0,99.97491219267435
18250,93.2,99.97475385003787
18500,77.60000000000001,99.97412677878395
18750,62.0,99.972647702407
19000,64.0,5.672823218997362
19250,72.39999999999999,10.029306414848584
19500,60.8,1.9352791878172588
19750,65.60000000000001,5.545171339563863
20000,47.199999999999996,11.226993865030675
20250,48.4,99.97020262216924
20500,64.8,99.97090485888856
20750,43.6,99.94405594405595
21000,5.6000000000000005,99.91989319092123
21250,69.6,99.94720168954593
21500,50.8,99.97439180537772
21750,36.0,99.97534516765286
22000,72.8,99.92721979621543
22250,79.60000000000001,99.75568043000244
22500,51.6,99.97496244366549
22750,43.2,99.92418498862776
23000,98.4,98.00252844500632
23250,74.8,97.79338014042126
23500,63.2,96.11029049729197
23750,54.400000000000006,93.72873116188624
24000,38.4,93.21309919316563
24250,52.400000000000006,93.18921431892143
24500,42.8,93.34085778781038
24750,44.0,93.74588545095457
25000,47.199999999999996,94.03846153846153
25250,52.800000000000004,94.22194409678765
25500,56.00000000000001,94.39004487964097
25750,57.99999999999999,94.54545454545455
26000,85.2,94.63647199046484
26250,97.2,94.7002778880508
26500,93.60000000000001,94.73580051454582
26750,47.199999999999996,94.86981677917068
27000,95.6,94.88067744418784
27250,75.2,97.27201870615745
27500,67.60000000000001,95.34284581847008
27750,85.2,92.1498306435545
28000,54.800000000000004,91.26512200123027
28250,92.0,91.3195156987482
28500,65.60000000000001,91.38326726476112
28750,69.19999999999999,91.2850812407681
29000,95.19999999999999,91.30709324352767
29250,52.400000000000006,90.76522870149577
29500,85.2,90.76384329174874
29750,73.2,96.02072050859431
30000,69.19999999999999,99.29039301310044
