200,66.0097219007308,33.990278099269204
400,55.917463046856916,44.082536953143084
600,54.46909824410569,45.53090175589431
800,52.62392116662809,47.376078833371906
1000,50.37531827651202,49.62468172348798
1200,48.65579841936444,51.34420158063556
1400,45.349029463311396,54.650970536688604
1600,43.43441023775669,56.565589762243306
1800,40.03174498197811,59.968255018021885
2000,38.01792268774181,61.98207731225819
2200,37.60126979927912,62.39873020072088
2400,37.379716279223565,62.62028372077643
2600,37.31688766905856,62.68311233094144
2800,37.21107106246487,62.78892893753514
3000,37.10194768691512,62.89805231308488
3200,37.02919876988195,62.970801230118056
3400,35.53784597070202,64.46215402929796
3600,35.34605337125095,64.65394662874905
3800,34.88641248635958,65.11358751364043
4000,33.91752918223604,66.08247081776396
