250,33.2,100.0
500,35.199999999999996,100.0
750,27.200000000000003,100.0
1000,24.0,100.0
1250,40.400000000000006,100.0
1500,26.0,5.990338164251208
1750,22.400000000000002,25.223759153783565
2000,30.8,34.59343794579173
2250,34.4,43.16730523627076
2500,44.800000000000004,51.062573789846525
2750,52.400000000000006,56.31549917264203
3000,53.6,62.17915138816134
3250,30.8,65.88465298142717
3500,33.6,68.4234438891413
3750,35.199999999999996,70.50789586000855
4000,54.400000000000006,71.95767195767195
4250,54.400000000000006,73.20108907040063
4500,55.60000000000001,74.31021625652498
4750,53.6,75.3934191702432
5000,39.2,76.67232597623091
5250,55.2,78.55034437520499
5500,84.39999999999999,80.97402597402598
5750,95.6,84.64784160986693
6000,98.4,88.42787682333874
6250,84.8,92.34219801345722
6500,51.2,96.2456251988546
6750,48.8,99.95949777237747
7000,52.0,99.96137504828118
7250,52.400000000000006,99.96307237813885
7500,59.199999999999996,99.9644128113879
7750,52.800000000000004,99.9657885733835
8000,18.8,99.96668887408394
8250,27.200000000000003,99.96503496503496
8500,48.0,99.96644295302013
8750,54.800000000000004,99.96355685131195
9000,56.00000000000001,99.96260284218398
9250,50.8,99.51651893634165
9500,36.0,99.46686976389947
9750,41.199999999999996,99.49109414758269
10000,76.0,99.42897930049965
10250,80.0,98.90148830616585
10500,98.0,99.8936170212766
10750,89.2,99.89462592202318
11000,49.6,97.20593308037255
11250,44.0,97.45442036463709
11500,46.800000000000004,99.20387677397024
11750,24.8,99.85739750445633
12000,23.200000000000003,99.92795389048992
12250,21.2,99.96396396396396
12500,32.4,99.92386752950134
12750,30.0,99.96418338108882
13000,28.4,99.96542185338866
13250,34.4,99.96710526315789
13500,32.4,99.93753903810119
13750,24.8,99.9410029498525
14000,19.6,99.94316567206593
14250,16.0,99.97206703910615
14500,45.2,99.97253501785224
14750,59.199999999999996,98.48317705460563
15000,54.400000000000006,98.59465417470378
15250,75.2,98.67100623813398
15500,64.8,96.99468085106383
15750,30.4,95.09600415153088
16000,28.799999999999997,93.98709677419355
16250,40.8,93.42515592515592
16500,52.400000000000006,93.61309052520454
16750,46.400000000000006,95.0107296137339
17000,34.4,96.91391445587439
17250,22.0,99.96994289149383
17500,9.2,99.97056226081837
17750,40.400000000000006,99.96981587684878
18000,33.6,99.9656002751978
18250,41.199999999999996,99.96702934388394
18500,41.6,99.9678869621066
18750,35.199999999999996,99.96596324029953
19000,40.400000000000006,99.9664767013074
19250,71.6,99.96721311475409
19500,60.4,99.93640699523053
19750,60.0,99.93759750390015
20000,32.800000000000004,99.96924023377423
20250,43.6,99.94029850746269
20500,63.2,99.94169096209913
20750,43.2,99.94397759103641
21000,5.6000000000000005,99.91989319092123
21250,64.4,99.97359387377873
21500,50.8,99.94875736612862
21750,35.199999999999996,99.97534516765286
22000,72.39999999999999,99.92721979621543
22250,74.0,99.75568043000244
22500,46.400000000000006,99.9248873309965
22750,31.2,99.43963321446765
23000,79.2,99.0721649484536
23250,52.400000000000006,99.4568028970512
23500,30.0,99.71421148350221
23750,31.6,99.97308934337998
24000,16.8,99.97262523952915
24250,15.2,99.96891513832763
24500,9.6,99.97095556200988
24750,25.6,99.9083129584352
25000,46.0,99.67494089834516
25250,52.400000000000006,99.71428571428571
25500,55.60000000000001,99.75055432372505
25750,54.800000000000004,99.86442516268981
26000,84.0,99.81162540365986
26250,96.8,99.86559139784946
26500,92.80000000000001,99.86609534011784
26750,47.199999999999996,99.87066735644076
27000,95.6,99.87103430487491
27250,75.2,99.87306422949987
27500,67.2,99.87565282268093
27750,84.8,99.87675622381069
28000,54.800000000000004,99.8800959232614
28250,90.0,99.85621854780733
28500,65.60000000000001,99.97599039615847
28750,69.19999999999999,99.97576345128454
29000,95.19999999999999,99.9758337361044
29250,52.400000000000006,99.9702823179792
29500,85.2,99.97060552616108
29750,73.2,98.21049438883834
30000,68.8,97.45499689633768
