250,33.2,0.0
500,35.199999999999996,0.0
750,27.200000000000003,0.0
1000,24.0,0.0
1250,40.400000000000006,0.0
1500,26.0,0.0
1750,22.400000000000002,0.0
2000,30.8,0.0
2250,34.4,0.0
2500,44.800000000000004,0.0
2750,52.400000000000006,0.0
3000,32.800000000000004,0.0
3250,26.400000000000002,0.0
3500,32.4,0.0
3750,33.2,0.0
4000,54.400000000000006,0.0
4250,54.400000000000006,0.0
4500,55.60000000000001,0.0
4750,53.2,0.0
5000,39.2,0.0
5250,43.6,0.0
5500,84.39999999999999,0.0
5750,88.4,0.0
6000,98.4,0.0
6250,65.2,0.0
6500,37.2,0.0
6750,31.2,0.0
7000,52.0,0.0
7250,52.400000000000006,0.0
7500,59.199999999999996,0.0
7750,52.800000000000004,0.0
8000,18.0,0.0
8250,26.400000000000002,0.0
8500,48.0,0.0
8750,54.800000000000004,0.0
9000,56.00000000000001,0.0
9250,50.8,0.0
9500,36.0,0.0
9750,41.199999999999996,0.0
10000,69.19999999999999,0.0
10250,68.8,0.0
10500,79.60000000000001,0.0
10750,66.0,0.0
11000,36.4,0.0
11250,32.800000000000004,0.0
11500,23.200000000000003,0.0
11750,24.4,0.0
12000,23.200000000000003,0.0
12250,21.2,0.0
12500,31.6,0.0
12750,29.599999999999998,0.0
13000,28.4,0.0
13250,34.4,0.0
13500,32.0,0.0
13750,24.8,0.0
14000,19.6,0.0
14250,16.0,0.0
14500,45.2,0.0
14750,59.199999999999996,0.0
15000,53.6,0.0
15250,56.8,0.0
15500,40.400000000000006,0.0
15750,22.0,0.0
16000,27.6,0.0
16250,39.2,0.0
16500,52.400000000000006,0.0
16750,46.400000000000006,0.0
17000,34.4,0.0
17250,21.2,0.0
17500,9.2,0.0
17750,41.6,0.0
18000,37.2,0.0
18250,41.199999999999996,0.0
18500,40.8,0.0
18750,36.4,0.0
19000,39.6,0.0
19250,71.2,0.0
19500,60.0,0.0
19750,60.0,0.0
20000,31.2,0.0
20250,42.4,0.0
20500,63.2,0.0
20750,43.2,0.0
21000,5.6000000000000005,0.0
21250,64.4,0.0
21500,50.8,0.0
21750,35.199999999999996,0.0
22000,72.39999999999999,0.0
22250,74.0,0.0
22500,46.0,0.0
22750,31.2,0.0
23000,79.2,0.0
23250,52.400000000000006,0.0
23500,30.0,0.0
23750,31.6,0.0
24000,16.8,0.0
24250,10.8,0.0
24500,9.6,0.0
24750,24.8,0.0
25000,44.0,0.0
25250,50.8,0.0
25500,55.60000000000001,0.0
25750,53.6,0.0
26000,82.39999999999999,0.0
26250,96.39999999999999,0.0
26500,92.80000000000001,0.0
26750,47.199999999999996,0.0
27000,95.6,0.0
27250,75.2,0.0
27500,67.2,0.0
27750,84.8,0.0
28000,54.400000000000006,0.0
28250,90.4,0.0
28500,65.60000000000001,0.0
28750,69.19999999999999,0.0
29000,95.19999999999999,0.0
29250,52.400000000000006,0.0
29500,85.2,0.0
29750,73.2,0.0
30000,68.8,0.0
