250,33.2,100.0
500,35.199999999999996,100.0
750,27.200000000000003,100.0
1000,24.0,100.0
1250,40.400000000000006,100.0
1500,26.0,100.0
1750,22.400000000000002,100.0
2000,30.8,100.0
2250,34.4,100.0
2500,46.800000000000004,100.0
2750,52.400000000000006,100.0
3000,57.199999999999996,100.0
3250,38.0,100.0
3500,35.6,100.0
3750,38.800000000000004,100.0
4000,54.400000000000006,100.0
4250,54.400000000000006,100.0
4500,55.60000000000001,100.0
4750,54.0,100.0
5000,39.6,100.0
5250,62.8,100.0
5500,85.6,100.0
5750,98.8,100.0
6000,98.4,100.0
6250,85.2,100.0
6500,71.2,100.0
6750,82.8,100.0
7000,98.4,100.0
7250,98.8,100.0
7500,99.2,100.0
7750,98.0,100.0
8000,72.39999999999999,100.0
8250,56.8,100.0
8500,70.8,100.0
8750,83.6,100.0
9000,85.6,100.0
9250,93.2,100.0
9500,62.8,100.0
9750,44.800000000000004,100.0
10000,89.60000000000001,100.0
10250,97.2,100.0
10500,98.0,100.0
10750,89.2,100.0
11000,70.8,100.0
11250,69.19999999999999,100.0
11500,72.0,100.0
11750,72.8,100.0
12000,73.2,100.0
12250,68.8,100.0
12500,58.4,100.0
12750,55.2,100.0
13000,52.800000000000004,100.0
13250,57.99999999999999,99.97132205334098
13500,55.2,99.52527227031555
13750,49.6,97.97680064742379
14000,47.199999999999996,96.40531388382392
14250,41.6,98.71222076215506
14500,46.400000000000006,95.24656837824098
14750,67.60000000000001,95.36407155454775
15000,75.6,95.4590570719603
15250,76.0,95.99410174490046
15500,67.60000000000001,95.17956134008195
15750,46.800000000000004,93.64040215104045
16000,42.4,88.04780876494024
16250,68.0,92.29430773054933
16500,84.0,93.24460070316424
16750,95.6,96.23792577529233
17000,86.0,98.71597329224447
17250,70.39999999999999,99.40843621399176
17500,59.599999999999994,99.97447677386421
17750,97.2,99.9745999491999
18000,92.0,99.97491219267435
18250,93.2,99.97475385003787
18500,77.60000000000001,99.74126778783958
18750,62.0,0.08205689277899343
19000,64.0,1.8109976950938425
19250,77.2,7.1865936190783115
19500,60.8,1.9158291457286432
19750,65.60000000000001,5.5382700684505295
20000,47.199999999999996,0.06125574272588055
20250,48.8,0.05952380952380953
20500,65.2,6.306306306306306
20750,43.6,11.73512154233026
21000,5.6000000000000005,99.91989319092123
21250,69.6,98.52164730728616
21500,51.6,96.82458386683739
21750,36.0,96.86883629191321
22000,72.8,96.96749150897622
22250,81.2,98.92499389201075
22500,51.6,97.06168042739193
22750,50.0,96.29629629629629
23000,98.4,96.27224627224628
23250,74.8,95.76795054683785
23500,65.2,95.97848959551088
23750,66.8,96.05504587155963
24000,49.2,96.09984399375975
24250,22.400000000000002,90.97710269780094
24500,35.6,90.94932507191857
24750,44.0,90.62163906216391
25000,47.199999999999996,90.90718625602346
25250,52.800000000000004,91.16022099447514
25500,56.00000000000001,91.35135135135135
25750,57.99999999999999,91.58163265306123
26000,85.2,91.68780487804878
26250,97.2,91.71378436342367
26500,93.60000000000001,91.77522846587594
26750,47.199999999999996,91.98104265402843
27000,95.6,91.99772985244041
27250,75.2,94.27641653905053
27500,67.60000000000001,93.69036027263876
27750,85.2,90.31311154598825
28000,54.800000000000004,88.69808306709265
28250,92.0,88.95570254560032
28500,65.60000000000001,89.227309893704
28750,69.19999999999999,89.21771523178808
29000,95.19999999999999,89.24442609413707
29250,52.400000000000006,88.02028311852948
29500,85.2,87.88072417465389
29750,73.2,88.37361201828871
30000,69.19999999999999,89.80834272829763
