250,33.2,100.0
500,35.199999999999996,100.0
750,27.200000000000003,100.0
1000,24.0,100.0
1250,40.400000000000006,100.0
1500,26.0,100.0
1750,22.400000000000002,100.0
2000,30.8,100.0
2250,34.4,100.0
2500,46.800000000000004,100.0
2750,52.400000000000006,100.0
3000,57.199999999999996,100.0
3250,38.0,100.0
3500,35.6,18.21428571428571
3750,37.6,24.34017595307918
4000,54.400000000000006,29.828068772491
4250,54.400000000000006,34.91395793499044
4500,55.60000000000001,39.251650770359504
4750,54.0,43.083421330517425
5000,39.2,46.12040133779264
5250,62.4,49.38351719662557
5500,84.8,52.13620301959525
5750,98.4,55.96536241180243
6000,98.4,59.73734785393978
6250,85.2,63.97594175371953
6500,71.2,68.67842773135251
6750,82.8,73.01344743276283
7000,98.4,76.5873015873016
7250,98.8,80.14638609332113
7500,99.2,83.2063395306309
7750,98.0,86.66666666666667
8000,65.2,90.64748201438849
8250,32.4,91.1860396332446
8500,48.4,91.25699146305564
8750,58.8,91.429418742586
9000,60.4,91.56446305713432
9250,50.8,99.96034892942109
9500,39.6,99.9624765478424
9750,43.6,99.85647649802655
10000,79.60000000000001,99.96461429582449
10250,96.8,99.7165131112686
10500,98.0,99.9645390070922
10750,89.2,99.96487530734106
11000,70.0,99.96555287633483
11250,69.19999999999999,99.93222636394442
11500,71.6,99.93370898243288
11750,72.8,99.93517017828201
12000,73.2,99.93654822335026
12250,66.8,99.96807151979566
12500,58.4,99.72014925373134
12750,55.2,99.84962406015038
13000,52.800000000000004,99.88378849506101
13250,57.599999999999994,99.94356659142211
13500,55.2,99.91668980838656
13750,49.6,99.91950630533941
14000,30.0,99.01547116736991
14250,17.2,99.97206703910615
14500,45.6,99.97277429893819
14750,59.199999999999996,98.48317705460563
15000,63.6,97.8130125751777
15250,75.2,97.9536887452881
15500,67.60000000000001,98.02319451765946
15750,46.400000000000006,98.21565128728015
16000,56.39999999999999,98.16149068322981
16250,80.0,99.04059040590406
16500,97.2,99.1389913899139
16750,95.6,99.43377646479567
17000,85.6,99.97524139638524
17250,69.6,99.97530254383798
17500,59.599999999999994,99.97547817557626
17750,93.2,99.97528423133959
18000,91.60000000000001,99.97491219267435
18250,93.2,99.97475385003787
18500,77.2,99.97412677878395
18750,60.8,99.972647702407
19000,49.2,99.96701846965699
19250,71.6,99.9674373168349
19500,60.4,99.96827411167513
19750,64.8,99.96884735202492
20000,45.2,99.96932515337423
20250,47.599999999999994,99.97020262216924
20500,63.6,99.97090485888856
20750,43.2,99.94405594405595
21000,5.6000000000000005,99.91989319092123
21250,64.4,99.89440337909187
21500,50.8,99.97439180537772
21750,35.199999999999996,99.97534516765286
22000,72.8,99.92721979621543
22250,74.0,99.75568043000244
22500,46.400000000000006,99.9248873309965
22750,31.2,99.43963321446765
23000,93.2,99.05443393815487
23250,74.8,98.8342625443487
23500,63.2,97.11442786069652
23750,66.8,97.17280038995857
24000,49.2,97.25768321513002
24250,45.6,95.13953488372093
24500,42.8,95.2122854561879
24750,41.6,95.2809482001756
25000,47.199999999999996,95.53323359692241
25250,52.800000000000004,95.66033799290632
25500,55.60000000000001,95.75596816976127
25750,57.599999999999994,95.84332533972821
26000,84.0,95.78780051659051
26250,96.8,95.8109986102839
26500,93.2,95.80364212193192
26750,47.199999999999996,95.9104938271605
27000,95.6,95.91915303176131
27250,75.2,97.83667900993959
27500,67.60000000000001,95.36174430128841
27750,85.2,92.16819449980072
28000,54.800000000000004,91.28383921246925
28250,90.4,91.25615763546799
28500,65.60000000000001,91.33792527656021
28750,69.19999999999999,91.21992401857324
29000,95.19999999999999,91.2421052631579
29250,52.400000000000006,90.58772500542182
29500,85.2,90.71600613093935
29750,73.2,95.90395480225989
30000,68.8,99.23622476813966
