250,33.2
500,35.199999999999996
750,27.200000000000003
1000,24.0
1250,40.400000000000006
1500,26.0
1750,22.400000000000002
2000,30.8
2250,34.4
2500,44.800000000000004
2750,52.400000000000006
3000,32.800000000000004
3250,26.400000000000002
3500,32.4
3750,33.2
4000,54.400000000000006
4250,54.400000000000006
4500,55.60000000000001
4750,53.2
5000,39.2
5250,43.6
5500,84.39999999999999
5750,88.4
6000,98.4
6250,65.2
6500,37.2
6750,31.2
7000,52.0
7250,52.400000000000006
7500,59.199999999999996
7750,52.800000000000004
8000,18.0
8250,26.400000000000002
8500,48.0
8750,54.800000000000004
9000,56.00000000000001
9250,50.8
9500,36.0
9750,40.8
10000,69.19999999999999
10250,68.4
10500,63.2
10750,36.8
11000,18.8
11250,12.8
11500,15.6
11750,18.8
12000,18.4
12250,18.4
12500,26.0
12750,25.6
13000,28.000000000000004
13250,28.4
13500,32.0
13750,24.8
14000,20.0
14250,15.6
14500,44.800000000000004
14750,57.599999999999994
15000,63.6
15250,75.2
15500,67.60000000000001
15750,46.400000000000006
16000,56.39999999999999
16250,62.4
16500,74.8
16750,61.199999999999996
17000,33.2
17250,22.0
17500,9.2
17750,42.8
18000,34.0
18250,41.199999999999996
18500,38.800000000000004
18750,30.0
19000,33.2
19250,62.0
19500,52.800000000000004
19750,56.00000000000001
20000,28.4
20250,38.800000000000004
20500,60.8
20750,43.2
21000,5.6000000000000005
21250,63.6
21500,47.199999999999996
21750,33.2
22000,66.8
22250,72.39999999999999
22500,40.400000000000006
22750,32.800000000000004
23000,95.6
23250,73.6
23500,42.0
23750,24.8
24000,16.8
24250,17.2
24500,9.6
24750,24.4
25000,44.4
25250,51.6
25500,55.60000000000001
25750,55.2
26000,79.60000000000001
26250,96.39999999999999
26500,92.4
26750,47.199999999999996
27000,95.6
27250,75.2
27500,66.4
27750,84.0
28000,52.800000000000004
28250,88.8
28500,62.4
28750,64.4
29000,93.60000000000001
29250,49.2
29500,82.0
29750,71.6
30000,68.8
