50,22.0,0.0
100,52.0,0.0
150,60.0,0.0
200,18.0,0.0
250,14.000000000000002,0.0
300,18.0,0.0
350,36.0,0.0
400,56.00000000000001,0.0
450,46.0,0.0
500,20.0,0.0
550,34.0,0.0
600,32.0,0.0
650,16.0,0.0
700,32.0,0.0
750,22.0,0.0
800,10.0,0.0
850,30.0,0.0
900,26.0,0.0
950,26.0,0.0
1000,28.000000000000004,0.0
1050,50.0,0.0
1100,68.0,0.0
1150,18.0,0.0
1200,26.0,0.0
1250,40.0,0.0
1300,20.0,0.0
1350,26.0,0.0
1400,28.000000000000004,0.0
1450,28.000000000000004,0.0
1500,28.000000000000004,0.0
1550,34.0,0.0
1600,22.0,0.0
1650,14.000000000000002,0.0
1700,16.0,0.0
1750,26.0,4.393816110659072
1800,30.0,8.227848101265822
1850,36.0,9.25925925925926
1900,28.000000000000004,9.00900900900901
1950,32.0,9.809663250366032
2000,28.000000000000004,9.985734664764621
2050,26.0,10.979847116052815
2100,38.0,12.108843537414966
2150,42.0,15.210140093395596
2200,34.0,2.219321148825065
2250,32.0,2.490421455938697
2300,42.0,5.579937304075235
2350,50.0,8.580246913580247
2400,46.0,11.475409836065573
2450,46.0,14.277180406212665
2500,50.0,17.010005885815186
2550,46.0,14.600231749710312
2600,50.0,14.277555682467161
2650,44.0,15.458122540753234
2700,66.0,2.2271714922048997
2750,56.00000000000001,2.0902090209020905
2800,50.0,4.774823657080846
2850,62.0,1.9427954668105774
2900,57.99999999999999,2.030999465526456
2950,48.0,0.6349206349206349
3000,52.0,1.7241379310344827
3050,60.0,0.7238883143743536
3100,62.0,1.9457245263696878
3150,40.0,4.43772062531518
3200,18.0,6.8181818181818175
3250,8.0,9.090909090909092
3300,36.0,0.7622677465459743
3350,34.0,0.6566604127579738
3400,38.0,0.6472491909385114
3450,42.0,1.7791970802919708
3500,18.0,1.2595591542959963
3550,16.0,3.1042128603104215
3600,34.0,0.3063457330415755
3650,20.0,0.7765314926660914
3700,52.0,2.604611443210931
3750,54.0,2.3255813953488373
3800,60.0,2.8092243186582806
3850,60.0,3.0353430353430353
3900,50.0,5.061728395061729
3950,52.0,7.049714751426244
4000,50.0,8.99556272690601
4050,57.99999999999999,9.0
4100,56.00000000000001,7.494052339413164
4150,48.0,7.574568288854003
4200,52.0,7.542768273716952
4250,57.99999999999999,8.137292711145392
4300,62.0,0.9954058192955589
4350,66.0,2.092050209205021
4400,48.0,3.954802259887006
4450,50.0,5.7835820895522385
4500,52.0,7.581360946745562
4550,52.0,7.441348973607038
4600,54.0,7.197382769901854
4650,52.0,6.054054054054054
4700,68.0,3.3321390182730206
4750,44.0,1.8800993260021284
4800,40.0,3.51000351000351
4850,36.0,4.651162790697675
4900,30.0,4.869684499314129
4950,38.0,0.44157608695652173
5000,52.0,0.3706199460916442
5050,38.0,0.1669449081803005
5100,32.0,0.8583690987124464
5150,56.00000000000001,0.819940964250574
5200,78.0,0.4249754821837201
5250,88.0,0.8156606851549755
5300,84.0,0.6182883176049463
5350,76.0,0.2919234511839118
5400,88.0,1.0038860103626943
5450,94.0,0.3883495145631068
5500,80.0,0.32299741602067183
5550,94.0,0.5487411233053583
5600,100.0,2.1626856036152353
5650,100.0,0.6778566817301485
5700,100.0,0.7746933505487411
5750,94.0,2.3863269912931315
5800,100.0,3.99871009351822
5850,100.0,5.611093195743309
5900,92.0,5.958132045088567
5950,100.0,5.732689210950081
6000,100.0,14.68599033816425
6050,100.0,6.215780998389694
6100,98.0,16.934964584674823
6150,80.0,6.643132220795891
6200,74.0,6.647491211249601
6250,74.0,6.238064926798217
6300,72.0,7.79467680608365
6350,74.0,9.340485957715368
6400,72.0,10.877082678403017
6450,66.0,15.69731081926204
6500,70.0,11.422346716464364
6550,78.0,5.9863523573201
6600,66.0,5.395348837209302
6650,46.0,6.9478908188585615
6700,48.0,8.514605344934742
6750,72.0,10.112359550561797
6800,76.0,1.4715090795241077
6850,76.0,1.3199245757385292
6900,76.0,2.7129337539432177
6950,68.0,4.30379746835443
7000,50.0,4.529505582137161
7050,56.00000000000001,8.948971820258949
7100,48.0,1.1312217194570136
7150,50.0,1.232723197609264
7200,50.0,1.3323464100666174
7250,57.99999999999999,1.6158648549394052
7300,64.0,0.9485589201021525
7350,66.0,1.0514865844815084
7400,54.0,0.5753326141675656
7450,56.00000000000001,1.1416339636104174
7500,56.00000000000001,1.0265486725663717
7550,57.99999999999999,1.229796205200281
7600,50.0,1.0797631487286659
7650,56.00000000000001,1.1406844106463878
7700,52.0,0.8617718028266115
7750,48.0,1.2299282541851726
7800,32.0,1.048359824146094
7850,6.0,1.4378637452927079
7900,14.000000000000002,2.0917678812415654
7950,24.0,2.798134576948701
8000,18.0,0.06662225183211193
8050,26.0,1.0122921185827911
8100,30.0,0.9061254077564335
8150,30.0,0.5017921146953405
8200,32.0,1.7705382436260624
8250,18.0,0.34965034965034963
8300,16.0,0.4824259131633356
8350,40.0,0.30695770804911326
8400,60.0,1.1178861788617886
8450,62.0,0.5048805116122518
8500,62.0,0.6711409395973155
8550,52.0,0.8726003490401396
8600,57.99999999999999,1.1210762331838564
8650,57.99999999999999,0.5932517612161661
8700,54.0,0.5147058823529411
8750,52.0,0.7653061224489796
8800,60.0,0.2894356005788712
8850,57.99999999999999,0.3955411722402014
8900,50.0,0.3422053231939164
8950,56.00000000000001,0.3393665158371041
9000,56.00000000000001,0.4113687359760658
9050,54.0,0.4340962904498816
9100,50.0,1.0454362685967027
9150,54.0,1.2505042355788625
9200,42.0,1.371520774505849
9250,54.0,1.444043321299639
9300,68.0,2.5528520143597926
9350,36.0,0.11824990145841545
9400,36.0,0.07791195948578107
9450,14.000000000000002,1.3814274750575595
9500,26.0,2.7682973075464545
9550,38.0,4.610194902548725
9600,44.0,1.855287569573284
9650,32.0,3.685956505713232
9700,18.0,5.414244186046512
9750,74.0,0.7238508867173362
9800,98.0,1.4487504527345163
9850,80.0,2.1291952363767592
9900,72.0,3.9180445722501798
9950,57.99999999999999,4.887620406707099
10000,72.0,5.330490405117271
10050,76.0,5.449398443029016
10100,82.0,6.52787579393084
10150,82.0,7.482269503546099
10200,84.0,9.016684416045438
10250,90.0,1.0276399716513112
10300,100.0,1.4539007092198581
10350,100.0,3.232682060390764
10400,100.0,5.0088809946714035
10450,100.0,6.785079928952042
10500,90.0,8.546099290780141
10550,82.0,10.286320254506894
10600,100.0,10.569105691056912
10650,100.0,10.427712972781903
10700,86.0,14.915373765867418
10750,78.0,16.01685985247629
10800,68.0,11.631156129933636
10850,60.0,10.683315990287895
10900,74.0,10.220994475138122
10950,76.0,10.350756533700139
11000,72.0,10.161901481226318
11050,72.0,11.019283746556475
11100,76.0,11.501377410468319
11150,64.0,12.816997943797121
11200,57.99999999999999,13.405920381082002
11250,57.99999999999999,12.108703130374957
11300,50.0,11.97110423116615
11350,57.99999999999999,10.939112487100102
11400,48.0,10.716747070985527
11450,42.0,9.641873278236915
11500,36.0,10.656583018219319
11550,46.0,5.519369214946863
11600,52.0,6.420765027322404
11650,52.0,7.731607629427793
11700,50.0,8.627717391304348
11750,40.0,9.231805929919137
11800,40.0,8.9171974522293
11850,50.0,8.996307485733468
11900,28.000000000000004,9.851694915254237
11950,20.0,11.419190076614374
12000,30.0,11.203170028818443
12050,14.000000000000002,12.321937321937321
12100,12.0,12.9382889200561
12150,16.0,12.320112320112319
12200,26.0,12.864431486880468
12250,38.0,1.7297297297297298
12300,38.0,1.2125805229253506
12350,34.0,0.8662900188323917
12400,20.0,0.8520526723470179
12450,36.0,0.8076923076923077
12500,36.0,1.1039208222306813
12550,24.0,1.0542168674698795
12600,24.0,0.8908685968819599
12650,32.0,0.5498533724340177
12700,32.0,0.5070626584570808
12750,38.0,0.42979942693409745
12800,24.0,1.0178117048346056
12850,30.0,2.548456568557071
12900,32.0,2.7304964539007095
12950,28.000000000000004,1.6456582633053223
13000,28.000000000000004,1.6597510373443984
13050,34.0,0.411522633744856
13100,40.0,0.47522063815342835
13150,22.0,1.0720268006700169
13200,38.0,0.4976775049767751
13250,38.0,0.4934210526315789
13300,36.0,0.390625
13350,26.0,0.2574831026713872
13400,34.0,0.4146730462519936
13450,32.0,1.7040075733669928
13500,34.0,2.9044347282948157
13550,30.0,3.8924930491195555
13600,14.000000000000002,4.878048780487805
13650,26.0,5.818510702441966
13700,26.0,5.247465712581992
13750,28.000000000000004,5.929203539823009
13800,0.0,6.88953488372093
13850,18.0,7.900028727377191
13900,24.0,8.066361556064074
13950,26.0,8.01254633589963
14000,30.0,5.200341005967604
14050,20.0,6.072644721906924
14100,6.0,7.23589001447178
14150,18.0,8.009153318077804
14200,6.0,8.693197854925204
14250,30.0,9.055338177752935
14300,30.0,7.853107344632769
14350,24.0,8.468418110676355
14400,32.0,5.681818181818182
14450,74.0,1.4360673847003589
14500,66.0,1.0995052226498077
14550,70.0,1.2044894607172187
14600,50.0,0.7616974972796519
14650,70.0,1.654461621914836
14700,66.0,2.7649769585253456
14750,40.0,4.194260485651214
14800,54.0,4.856512141280353
14850,50.0,5.354678443279051
14900,57.99999999999999,0.5242825607064018
14950,72.0,0.5497526113249038
15000,52.0,1.7051705170517053
15050,74.0,3.071859572133845
15100,76.0,4.428649535265173
15150,74.0,5.774993189866522
15200,70.0,7.107976125881714
15250,82.0,0.21668472372697722
15300,88.0,0.29745808545159547
15350,86.0,0.2968960863697706
15400,56.00000000000001,0.18796992481203006
15450,42.0,0.3475006682705159
15500,52.0,0.5843293492695883
15550,46.0,1.5559071729957807
15600,50.0,2.384071260151952
15650,48.0,2.992453812125943
15700,38.0,3.592659601964332
15750,50.0,4.185927067283
15800,42.0,4.613815957175631
15850,36.0,5.1353402479129775
15900,30.0,5.77019568489714
15950,92.0,0.3510531594784353
16000,74.0,0.9266215877786126
16050,52.0,0.6511394941147007
16100,54.0,0.6760140210315473
16150,34.0,0.6257822277847309
16200,42.0,0.8523439458510905
16250,32.0,1.0997250687328168
16300,44.0,1.771899176441228
16350,54.0,2.4426719840478563
16400,54.0,2.691253426364316
16450,54.0,2.922077922077922
16500,66.0,0.7251812953238309
16550,52.0,0.6251562890722681
16600,38.0,0.6237524950099801
16650,42.0,1.3736263736263736
16700,52.0,1.7530678687703483
16750,50.0,1.808136614766449
16800,50.0,1.6153457849570922
16850,44.0,1.6962025316455698
16900,36.0,1.6002032004064008
16950,20.0,1.1669203450025367
17000,22.0,1.3684744044602128
17050,26.0,1.5458692346680183
17100,32.0,1.6480730223123734
17150,24.0,1.574003554201574
17200,26.0,0.4318008636017272
17250,2.0,0.6582278481012658
17300,0.0,1.034569770375978
17350,0.0,1.509813789632612
17400,0.0,2.331995987963892
17450,12.0,3.0584106292303836
17500,34.0,3.566047212456052
17550,50.0,1.2096774193548387
17600,44.0,1.0619469026548671
17650,38.0,0.8130081300813009
17700,36.0,1.1000255819902789
17750,40.0,0.9221311475409836
17800,48.0,1.2023535431056536
17850,38.0,1.3705851344227729
17900,26.0,1.8256772673733805
17950,34.0,2.1374045801526718
18000,46.0,0.7902735562310031
18050,52.0,0.2720677146311971
18100,34.0,0.8097165991902834
18150,38.0,0.7011686143572621
18200,40.0,0.7603305785123967
18250,42.0,1.3425016371971186
18300,50.0,1.4615134784020787
18350,60.0,0.6813757300454251
18400,50.0,0.3877221324717286
18450,26.0,0.5143040822886531
18500,26.0,0.6681514476614699
18550,26.0,1.135646687697161
18600,40.0,0.5632040050062578
18650,46.0,0.40335091529630784
18700,46.0,0.9354536950420954
18750,40.0,0.5667506297229219
18800,22.0,0.9744623655913979
18850,34.0,0.6979062811565304
18900,32.0,0.26702269692923897
18950,46.0,0.9937065253395164
19000,68.0,0.3648424543946932
19050,66.0,2.0118733509234827
19100,76.0,1.4126149802890933
19150,60.0,0.3935716628402755
19200,78.0,1.5773907328294448
19250,78.0,2.7832351015062216
19300,72.0,2.5423728813559325
19350,62.0,2.4619371558147067
19400,78.0,3.0987734021949644
19450,44.0,0.9609224855861628
19500,46.0,1.365512861225786
19550,26.0,1.977401129943503
19600,56.00000000000001,0.280986575085857
19650,78.0,0.49782202862476665
19700,84.0,0.279416330332195
19750,56.00000000000001,1.839152119700748
19800,57.99999999999999,2.5194401244167963
19850,28.000000000000004,0.3710575139146568
19900,44.0,0.3095017022593624
19950,2.0,0.7114135477884318
20000,40.0,0.8289837273564631
20050,44.0,0.76103500761035
20100,32.0,0.3031221582297666
20150,42.0,0.2416918429003021
20200,48.0,0.2997601918465228
20250,52.0,0.655933214072749
20300,56.00000000000001,0.7125890736342043
20350,68.0,0.8865248226950355
20400,72.0,2.2366097704532075
20450,70.0,3.691766774099033
20500,50.0,5.008736167734421
20550,64.0,5.040556199304751
20600,68.0,3.690888119953864
20650,66.0,5.11053689348263
20700,18.0,6.469920544835414
20750,0.0,7.778399552322328
20800,0.0,9.050772626931568
20850,14.000000000000002,5.45404963185165
20900,14.000000000000002,6.280323450134771
20950,0.0,6.170212765957447
21000,0.0,6.728971962616822
21050,48.0,0.07985094490284801
21100,56.00000000000001,0.9330845107971207
21150,80.0,0.39904229848363926
21200,78.0,0.2653927813163482
21250,60.0,0.39609189331925004
21300,56.00000000000001,0.4728132387706856
21350,80.0,0.41939711664482304
21400,46.0,0.5206977349648528
21450,42.0,0.3102378490175801
21500,30.0,0.5636689725851909
21550,48.0,0.20366598778004072
21600,44.0,0.3538928210313448
21650,36.0,0.6780512305374184
21700,22.0,0.1492908683752177
21750,26.0,0.2465483234714004
21800,54.0,0.14709487619514586
21850,80.0,0.3179261433113231
21900,78.0,0.2926829268292683
21950,80.0,0.12165450121654502
22000,70.0,0.1455604075691412
22050,62.0,0.8238429852192876
22100,60.0,1.2842258299006541
22150,78.0,0.48543689320388345
22200,82.0,1.7787524366471734
22250,88.0,2.9318348399706817
22300,92.0,4.16258570029383
22350,66.0,0.5155904738521974
22400,12.0,0.34739454094292804
22450,28.000000000000004,0.4735792622133599
22500,34.0,0.5007511266900351
22550,32.0,0.5535983895319577
22600,28.000000000000004,0.3784056508577195
22650,30.0,0.1271617497456765
22700,32.0,0.535031847133758
22750,34.0,0.5348955680081509
22800,72.0,0.7660878447395302
22850,74.0,0.7684426229508197
22900,94.0,2.0507562163547806
22950,90.0,3.336755646817249
23000,66.0,0.4896907216494845
23050,74.0,1.1904761904761905
23100,86.0,1.993785603314345
23150,66.0,0.38809831824062097
23200,12.0,0.5947763123868632
23250,26.0,1.1639937920331092
23300,36.0,1.2415933781686497
23350,34.0,1.2422360248447204
23400,28.000000000000004,1.166709878143635
23450,28.000000000000004,1.7138405608932743
23500,24.0,2.9358274876591324
23550,38.0,4.235966735966736
23600,38.0,4.9504950495049505
23650,30.0,5.634171907756813
23700,18.0,6.990240042205223
23750,34.0,0.29162248144220576
23800,6.0,1.6223404255319147
23850,0.0,2.9623698959167335
23900,10.0,4.323308270676692
23950,36.0,5.713512049823991
24000,32.0,7.026587086272381
24050,20.0,8.048780487804878
24100,22.0,9.379235565193818
24150,14.000000000000002,10.728799783256571
24200,10.0,12.018448182311449
24250,14.000000000000002,13.313529570618417
24300,2.0,14.632174616006468
24350,0.0,16.794109317473804
24400,0.0,17.955878246299918
24450,20.0,14.830157415078707
24500,26.0,15.035538545653363
24550,28.000000000000004,11.277581040588396
24600,28.000000000000004,12.581699346405228
24650,28.000000000000004,0.16882386043894204
24700,32.0,0.9765625
24750,16.0,1.839080459770115
24800,50.0,0.5815644082582146
24850,50.0,0.31801098583405607
24900,46.0,0.2014388489208633
24950,42.0,0.9153318077803204
25000,42.0,0.31339031339031337
25050,48.0,0.1999428734647244
25100,46.0,0.3402324922030054
25150,50.0,0.28153153153153154
25200,50.0,0.44730220855465475
25250,68.0,0.27831895352073477
25300,68.0,1.1360487669714603
25350,48.0,2.5068870523415976
25400,50.0,2.489740082079343
25450,54.0,1.8181818181818181
25500,57.99999999999999,2.766365379348124
25550,42.0,3.469945355191257
25600,52.0,2.5787187839305106
25650,50.0,3.3315276273022754
25700,54.0,4.306864064602961
25750,82.0,2.443609022556391
25800,56.00000000000001,2.697649572649573
25850,80.0,2.717101758124667
25900,100.0,0.6126798082045818
25950,96.0,1.5175718849840254
26000,88.0,1.463933989885547
26050,100.0,3.8328453553367043
26100,90.0,2.3132145705929275
26150,100.0,2.393617021276596
26200,96.0,4.43912812333865
26250,98.0,2.658867322520606
26300,98.0,0.9042553191489361
26350,82.0,2.22870788007429
26400,100.0,3.555319713451844
26450,100.0,4.351286813478376
26500,86.0,3.919491525423729
26550,56.00000000000001,3.8704581358609795
26600,28.000000000000004,1.3041210224308815
26650,56.00000000000001,2.5933609958506225
26700,54.0,2.088167053364269
26750,42.0,2.200614124872057
26800,84.0,1.3534218590398366
26850,100.0,0.7916241062308479
26900,100.0,2.0684371807967317
26950,94.0,3.087522327124266
27000,100.0,0.8675682572084715
27050,100.0,2.143403929573871
27100,100.0,3.41923960193927
27150,54.0,4.921359715880263
27200,60.0,2.271580010095911
27250,62.0,2.7380055262496863
27300,56.00000000000001,1.8486135398451162
27350,4.0,3.0116020735620834
27400,76.0,0.9106571498892444
27450,100.0,1.4521289687423087
27500,100.0,2.485847895643613
27550,94.0,1.1805213969503197
27600,98.0,0.6888068880688807
27650,100.0,1.918819188191882
27700,78.0,3.140333660451423
27750,54.0,1.56135642839717
27800,57.99999999999999,2.766990291262136
27850,50.0,2.6296743063932446
27900,56.00000000000001,2.423806095512359
27950,46.0,2.479732951835956
28000,64.0,3.0151946818613484
28050,78.0,0.35536602700781805
28100,96.0,1.2799241526428065
28150,98.0,2.477960447939004
28200,100.0,3.5263283297593517
28250,80.0,1.4024245305443308
28300,100.0,2.5909198954124077
28350,78.0,3.7713472485768498
28400,64.0,4.98093422306959
28450,42.0,5.893581484132665
28500,44.0,3.865546218487395
28550,72.0,3.7063778580024067
28600,46.0,4.119941491955144
28650,42.0,3.679496489954006
28700,86.0,0.290838584585555
28750,100.0,0.9936984973339797
28800,100.0,2.2055259331071255
28850,100.0,3.223460979156568
28900,76.0,0.8699855002416627
28950,100.0,0.9908168197196714
29000,100.0,2.199130014499758
29050,82.0,3.8087520259319287
29100,56.00000000000001,5.190217391304348
29150,12.0,6.901489117983964
29200,46.0,5.18327605956472
29250,66.0,5.49777117384844
29300,38.0,5.889281507656066
29350,94.0,0.5589879376287143
29400,100.0,2.0300088261253313
29450,100.0,0.29420417769932333
29500,94.0,1.0582010582010581
29550,100.0,2.5279247501469726
29600,86.0,4.033214709371293
29650,64.0,5.149700598802395
29700,54.0,3.3142512805061766
29750,62.0,2.2141340612678193
29800,57.99999999999999,1.1280487804878048
29850,62.0,2.667893284268629
29900,24.0,1.2414649286157666
29950,100.0,0.8690254500310366
30000,100.0,2.4208566108007448
30050,100.0,0.3414028553693358
30100,100.0,1.4276846679081316
30150,100.0,2.97951582867784
30200,18.0,4.59263919471532
