250,33.2
500,35.199999999999996
750,27.200000000000003
1000,24.0
1250,40.400000000000006
1500,26.0
1750,22.400000000000002
2000,30.8
2250,34.4
2500,46.800000000000004
2750,52.400000000000006
3000,54.0
3250,37.6
3500,33.6
3750,35.199999999999996
4000,54.400000000000006
4250,54.400000000000006
4500,55.60000000000001
4750,54.0
5000,39.2
5250,58.4
5500,84.39999999999999
5750,97.6
6000,98.4
6250,85.2
6500,70.8
6750,62.0
7000,69.19999999999999
7250,52.400000000000006
7500,59.199999999999996
7750,52.800000000000004
8000,18.8
8250,27.200000000000003
8500,48.0
8750,54.800000000000004
9000,56.00000000000001
9250,50.8
9500,36.0
9750,41.199999999999996
10000,76.0
10250,83.6
10500,98.0
10750,89.2
11000,70.0
11250,65.60000000000001
11500,46.800000000000004
11750,48.0
12000,33.6
12250,21.2
12500,19.6
12750,17.2
13000,11.200000000000001
13250,18.8
13500,13.200000000000001
13750,7.6
14000,6.0
14250,6.0
14500,24.0
14750,54.0
15000,45.2
15250,70.0
15500,62.4
15750,45.6
16000,52.400000000000006
16250,42.0
16500,57.99999999999999
16750,44.800000000000004
17000,45.2
17250,47.199999999999996
17500,34.0
17750,54.0
18000,42.8
18250,20.4
18500,28.799999999999997
18750,35.6
19000,39.6
19250,66.8
19500,60.8
19750,65.60000000000001
20000,44.4
20250,44.0
20500,64.4
20750,43.2
21000,5.6000000000000005
21250,64.4
21500,48.8
21750,36.0
22000,67.2
22250,75.2
22500,46.0
22750,26.400000000000002
23000,76.4
23250,52.0
23500,28.000000000000004
23750,29.2
24000,16.8
24250,9.6
24500,9.6
24750,19.6
25000,46.0
25250,52.400000000000006
25500,56.00000000000001
25750,55.60000000000001
26000,66.0
26250,64.4
26500,55.2
26750,47.199999999999996
27000,95.6
27250,75.2
27500,67.2
27750,85.2
28000,54.400000000000006
28250,90.0
28500,65.60000000000001
28750,69.19999999999999
29000,95.19999999999999
29250,52.400000000000006
29500,85.2
29750,73.2
30000,68.8
