100,95.72315917001596,4.276840829984039
200,97.19428472529374,2.8057152747062557
300,99.90384800292303,0.09615199707697929
400,99.85577200438453,0.14422799561546892
500,99.80769600584604,0.19230399415395857
600,99.75962000730755,0.24037999269244822
700,99.71154400876905,0.28845599123093785
800,98.7807926770639,1.2192073229360973
900,99.61539201169208,0.38460798830791715
1000,97.91927078325416,2.0807292167458318
1100,90.38672333224362,9.61327666775639
1200,80.77152362454568,19.228476375454317
1300,71.15632391684775,28.843676083152246
1400,61.54112420914982,38.45887579085018
1500,51.925924501451895,48.074075498548105
1600,42.31072479375397,57.68927520624604
1700,32.69552508605604,67.30447491394396
1800,23.080325378358108,76.91967462164189
1900,13.382434953173977,86.61756504682602
2000,3.8960789215592007,96.1039210784408
2100,3.848002923020711,96.15199707697928
