30,97.4729842061513,2.5270157938487117
60,95.46134663341645,4.538653366583541
100,92.80133000831256,7.198669991687448
200,86.1512884455528,13.848711554447215
300,79.56774729842061,20.432252701579383
400,72.98420615128845,27.015793848711557
500,66.40066500415628,33.59933499584372
600,59.85037406483791,40.14962593516209
700,57.223607647547794,42.776392352452206
800,54.72984206151289,45.27015793848712
900,51.4380714879468,48.5619285120532
1000,49.276807980049874,50.723192019950126
1100,48.14630091438071,51.85369908561929
1200,48.14630091438071,51.85369908561929
1300,47.21529509559434,52.78470490440566
1400,46.733167082294266,53.26683291770573
1500,46.45054031587698,53.54945968412302
1600,46.45054031587698,53.54945968412302
1700,46.45054031587698,53.54945968412302
1800,46.45054031587698,53.54945968412302
1900,46.45054031587698,53.54945968412302
2000,46.45054031587698,53.54945968412302
2100,46.45054031587698,53.54945968412302
2200,46.45054031587698,53.54945968412302
2300,44.38902743142145,55.61097256857855
2400,44.38902743142145,55.61097256857855
