250,1.6,100.0
500,0.0,100.0
750,2.0,6.477732793522267
1000,0.0,30.07063572149344
1250,41.199999999999996,47.36379613356767
1500,100.0,69.33216168717048
1750,100.0,91.21265377855887
2000,6.4,93.58600583090379
2250,76.4,93.85045422781272
2500,100.0,93.85045422781272
2750,71.2,94.14504324683965
3000,0.0,34.735706580366774
3250,0.0,48.598130841121495
3500,24.4,59.516837481698396
3750,100.0,77.81844802342606
4000,100.0,96.04685212298682
4250,23.200000000000003,93.61856417693981
4500,8.4,95.83333333333334
4750,26.8,53.35389360061681
5000,0.0,60.89204912734324
5250,0.0,66.33277685030606
5500,88.4,78.47754654983571
5750,100.0,92.16867469879519
6000,59.199999999999996,94.16058394160584
