50,8.0,0.0
100,0.0,0.0
150,0.0,0.0
200,0.0,0.0
250,0.0,0.0
300,0.0,0.0
350,0.0,0.0
400,0.0,0.0
450,0.0,0.0
500,0.0,0.0
550,2.0,0.0
600,0.0,0.0
650,8.0,0.0
700,0.0,0.0
750,0.0,6.477732793522267
800,0.0,12.389380530973451
850,0.0,17.59809750297265
900,0.0,22.22222222222222
950,0.0,26.35494155154091
1000,0.0,30.07063572149344
1050,0.0,33.429394812680115
1100,0.0,36.48029330889093
1150,6.0,39.19156414762742
1200,100.0,3.690685413005272
1250,100.0,8.084358523725834
1300,100.0,12.478031634446397
1350,100.0,16.87170474516696
1400,100.0,21.26537785588752
1450,100.0,25.65905096660808
1500,100.0,30.052724077328648
1550,100.0,34.44639718804921
1600,100.0,38.84007029876977
1650,100.0,43.23374340949033
1700,100.0,47.6274165202109
1750,100.0,52.02108963093146
1800,32.0,3.0716723549488054
1850,0.0,7.037643207855974
1900,0.0,10.69182389937107
1950,0.0,14.069591527987896
2000,0.0,17.20116618075802
2050,0.0,20.112517580872012
2100,82.0,2.0964360587002098
2150,100.0,5.590496156533892
2200,100.0,9.084556254367575
2250,100.0,12.578616352201259
2300,100.0,16.07267645003494
2350,100.0,19.566736547868622
2400,100.0,23.060796645702304
2450,100.0,26.554856743535986
2500,100.0,30.04891684136967
2550,100.0,33.542976939203356
2600,100.0,37.03703703703704
2650,100.0,40.53109713487072
2700,56.00000000000001,1.6517549896765313
2750,0.0,4.9234863606121095
2800,0.0,7.98454603992273
2850,0.0,10.854647535870242
2900,0.0,14.29483088704531
2950,0.0,31.242873432155072
3000,0.0,29.665587918015103
3050,0.0,28.147389969293755
3100,0.0,26.777020447906523
3150,0.0,17.36304549675023
3200,0.0,18.278615794143743
3250,0.0,21.75021240441801
3300,0.0,24.938875305623473
3350,0.0,27.877838684416602
3400,0.0,30.59532780708365
3450,22.0,0.36603221083455345
3500,100.0,3.6603221083455346
3550,100.0,7.320644216691069
3600,100.0,10.980966325036604
3650,100.0,14.641288433382138
3700,100.0,18.301610541727673
3750,100.0,21.96193265007321
3800,100.0,25.622254758418737
3850,100.0,29.282576866764277
3900,100.0,32.942898975109806
3950,100.0,36.603221083455345
4000,100.0,40.26354319180088
4050,100.0,43.92386530014642
4100,16.0,3.580146460537022
4150,0.0,7.349491790461298
4200,0.0,10.835214446952596
4250,0.0,11.16751269035533
4300,0.0,14.205738278516444
4350,0.0,17.106152805949968
4400,0.0,17.920209287115764
4450,0.0,20.519316022799238
4500,42.0,23.258706467661693
4550,100.0,26.368159203980102
4600,34.0,41.325196163905844
4650,0.0,43.77610693400167
4700,0.0,46.03047313552526
4750,0.0,48.11102544333076
4800,0.0,50.03711952487008
4850,0.0,48.46098783106657
4900,0.0,46.786454733932274
4950,0.0,45.22378089512358
5000,0.0,46.34776987718164
5050,0.0,48.0275516593613
5100,0.0,49.605343047966
5150,0.0,50.795521508544496
5200,0.0,49.34172867773326
5250,0.0,47.96883695047301
5300,42.0,0.547645125958379
5350,100.0,3.285870755750274
5400,100.0,6.024096385542169
5450,100.0,8.762322015334064
5500,100.0,11.500547645125959
5550,100.0,14.238773274917854
5600,100.0,16.97699890470975
5650,100.0,19.715224534501644
5700,100.0,22.453450164293535
5750,100.0,25.191675794085434
5800,100.0,27.92990142387733
5850,100.0,30.66812705366922
5900,96.0,0.28429282160625446
5950,0.0,3.706245710363761
6000,0.0,6.901128069011281
