50,8.0,0.0
100,0.0,0.0
150,0.0,0.0
200,0.0,0.0
250,0.0,0.0
300,0.0,0.0
350,0.0,0.0
400,0.0,0.0
450,0.0,0.0
500,0.0,0.0
550,2.0,0.0
600,0.0,0.0
650,8.0,0.0
700,0.0,0.0
750,0.0,0.0
800,0.0,0.0
850,0.0,0.0
900,0.0,0.0
950,0.0,0.0
1000,0.0,0.0
1050,0.0,0.0
1100,0.0,0.0
1150,6.0,0.0
1200,100.0,0.0
1250,100.0,0.0
1300,100.0,0.0
1350,100.0,0.0
1400,100.0,0.0
1450,100.0,0.0
1500,100.0,0.0
1550,100.0,0.0
1600,100.0,0.0
1650,100.0,0.0
1700,100.0,0.0
1750,100.0,0.0
1800,32.0,0.0
1850,0.0,0.0
1900,0.0,0.0
1950,0.0,0.0
2000,0.0,0.0
2050,0.0,2.5316455696202533
2100,82.0,2.0964360587002098
2150,100.0,5.590496156533892
2200,100.0,9.084556254367575
2250,100.0,12.578616352201259
2300,100.0,16.07267645003494
2350,100.0,19.566736547868622
2400,100.0,23.060796645702304
2450,100.0,26.554856743535986
2500,100.0,30.04891684136967
2550,100.0,33.542976939203356
2600,100.0,37.03703703703704
2650,100.0,40.53109713487072
2700,56.00000000000001,1.6517549896765313
2750,0.0,4.9234863606121095
2800,0.0,7.98454603992273
2850,0.0,10.854647535870242
2900,86.0,13.91304347826087
2950,100.0,17.018633540372672
3000,100.0,20.124223602484474
3050,100.0,23.229813664596275
3100,100.0,26.335403726708073
3150,100.0,29.440993788819874
3200,48.0,32.02933985330073
3250,0.0,34.04507710557533
3300,0.0,35.944700460829495
3350,0.0,37.73796192609182
3400,0.0,39.433551198257085
3450,22.0,0.26666666666666666
3500,100.0,2.666666666666667
3550,100.0,5.333333333333334
3600,100.0,8.0
3650,100.0,10.666666666666668
3700,100.0,13.333333333333334
3750,100.0,16.0
3800,100.0,18.666666666666668
3850,100.0,21.333333333333336
3900,100.0,24.0
3950,100.0,26.666666666666668
4000,100.0,29.333333333333332
4050,100.0,32.0
4100,16.0,2.2952529994783517
4150,0.0,4.778851042196238
4200,0.0,7.139315815567675
4250,80.0,9.570794277257031
4300,0.0,11.7477130476649
4350,0.0,13.822284908321581
4400,24.0,16.14265603003285
4450,0.0,18.06510774873911
4500,42.0,20.09049773755656
4550,100.0,22.35294117647059
4600,100.0,24.615384615384617
4650,100.0,26.877828054298643
4700,100.0,29.140271493212673
4750,100.0,31.402714932126695
4800,92.0,33.72620126926564
4850,0.0,36.82745825602968
4900,0.0,40.07597340930674
4950,60.0,42.75466284074606
5000,6.0,44.1534144059869
5050,0.0,45.42961608775137
5100,0.0,46.64879356568365
5150,0.0,48.32155477031802
5200,0.0,51.67118337850045
5250,0.0,55.17560073937153
5300,42.0,0.468384074941452
5350,100.0,2.810304449648712
5400,100.0,5.152224824355972
5450,100.0,7.494145199063232
5500,100.0,9.836065573770492
5550,100.0,12.177985948477751
5600,100.0,14.519906323185012
5650,100.0,16.861826697892273
5700,100.0,19.20374707259953
5750,100.0,21.54566744730679
5800,100.0,23.88758782201405
5850,100.0,26.229508196721312
5900,96.0,0.18717828731867103
5950,0.0,2.4691358024691357
6000,0.0,4.64908359409924
