250,1.6,100.0
500,0.0,100.0
750,2.0,100.0
1000,0.0,20.080726538849646
1250,41.199999999999996,38.664323374340945
1500,100.0,60.632688927943754
1750,100.0,82.51318101933217
2000,6.4,86.37026239067055
2250,76.4,86.93221523410203
2500,100.0,86.93221523410203
2750,71.2,87.55821689953427
3000,20.4,97.10144927536231
3250,0.0,48.598130841121495
3500,24.4,59.516837481698396
3750,100.0,77.81844802342606
4000,100.0,96.04685212298682
4250,23.200000000000003,86.4394488759971
4500,8.4,89.6766169154229
4750,66.4,53.35389360061681
5000,0.0,60.89204912734324
5250,0.0,66.33277685030606
5500,88.4,78.47754654983571
5750,100.0,92.16867469879519
6000,59.199999999999996,87.59124087591242
