50,8.0,0.0
100,0.0,0.0
150,0.0,0.0
200,0.0,0.0
250,0.0,0.0
300,0.0,0.0
350,0.0,0.0
400,0.0,0.0
450,0.0,0.0
500,0.0,0.0
550,2.0,0.0
600,0.0,0.0
650,8.0,0.0
700,0.0,0.0
750,0.0,0.0
800,0.0,0.0
850,0.0,0.0
900,0.0,0.0
950,0.0,0.0
1000,0.0,0.0
1050,0.0,0.0
1100,0.0,0.0
1150,6.0,4.393673110720562
1200,100.0,3.690685413005272
1250,100.0,8.084358523725834
1300,100.0,12.478031634446397
1350,100.0,16.87170474516696
1400,100.0,21.26537785588752
1450,100.0,25.65905096660808
1500,100.0,30.052724077328648
1550,100.0,34.44639718804921
1600,100.0,38.84007029876977
1650,100.0,43.23374340949033
1700,100.0,47.6274165202109
1750,100.0,52.02108963093146
1800,32.0,3.0716723549488054
1850,0.0,7.037643207855974
1900,0.0,10.69182389937107
1950,0.0,14.069591527987896
2000,0.0,17.20116618075802
2050,0.0,20.112517580872012
2100,82.0,2.0964360587002098
2150,100.0,5.590496156533892
2200,100.0,9.084556254367575
2250,100.0,12.578616352201259
2300,100.0,16.07267645003494
2350,100.0,19.566736547868622
2400,100.0,23.060796645702304
2450,100.0,26.554856743535986
2500,100.0,30.04891684136967
2550,100.0,33.542976939203356
2600,100.0,37.03703703703704
2650,100.0,40.53109713487072
2700,56.00000000000001,1.6517549896765313
2750,0.0,4.9234863606121095
2800,0.0,7.98454603992273
2850,0.0,10.854647535870242
2900,86.0,13.91304347826087
2950,100.0,17.018633540372672
3000,100.0,20.124223602484474
3050,100.0,23.229813664596275
3100,100.0,26.335403726708073
3150,100.0,29.440993788819874
3200,48.0,32.02933985330073
3250,0.0,34.04507710557533
3300,0.0,35.944700460829495
3350,0.0,37.73796192609182
3400,0.0,39.433551198257085
3450,22.0,0.26666666666666666
3500,100.0,2.666666666666667
3550,100.0,5.333333333333334
3600,100.0,8.0
3650,100.0,10.666666666666668
3700,100.0,13.333333333333334
3750,100.0,16.0
3800,100.0,18.666666666666668
3850,100.0,21.333333333333336
3900,100.0,24.0
3950,100.0,26.666666666666668
4000,100.0,29.333333333333332
4050,100.0,32.0
4100,16.0,2.2952529994783517
4150,0.0,4.778851042196238
4200,0.0,7.139315815567675
4250,0.0,9.76346250629089
4300,0.0,11.978399607265587
4350,0.0,14.087206516530907
4400,0.0,16.546416546416545
4450,0.0,18.506341005166746
4500,42.0,20.574606116774792
4550,100.0,22.89156626506024
4600,100.0,25.208526413345687
4650,100.0,27.52548656163114
4700,100.0,29.842446709916587
4750,100.0,32.15940685820204
4800,92.0,34.540389972144844
4850,0.0,37.73764258555133
4900,0.0,58.32757429163787
4950,0.0,56.64662658650634
5000,0.0,57.14285714285714
5050,0.0,58.48465873512837
5100,0.0,59.74499089253188
5150,0.0,60.872127283441365
5200,0.0,59.129937034917
5250,0.0,55.25876460767947
5300,42.0,0.547645125958379
5350,100.0,3.285870755750274
5400,100.0,6.024096385542169
5450,100.0,8.762322015334064
5500,100.0,11.500547645125959
5550,100.0,14.238773274917854
5600,100.0,16.97699890470975
5650,100.0,19.715224534501644
5700,100.0,22.453450164293535
5750,100.0,25.191675794085434
5800,100.0,27.92990142387733
5850,100.0,30.66812705366922
5900,96.0,0.23781212841854932
5950,0.0,3.117782909930716
6000,0.0,5.836139169472503
