30,98.08811305070657,1.9118869492934332
60,96.54197838736492,3.4580216126350787
100,94.56359102244389,5.43640897755611
200,89.57605985037407,10.423940149625935
300,84.63840399002494,15.361596009975061
400,79.66749792186201,20.33250207813799
500,74.713216957606,25.286783042394017
600,69.72568578553616,30.27431421446384
700,67.24854530340815,32.75145469659185
800,64.75477971737324,35.24522028262677
900,61.46300914380715,38.53699085619285
1000,59.31837073981713,40.68162926018288
1100,58.171238570241066,41.828761429758934
1200,58.171238570241066,41.828761429758934
1300,47.21529509559434,52.78470490440566
1400,46.74979218620116,53.25020781379883
1500,46.74979218620116,53.25020781379883
1600,46.74979218620116,53.25020781379883
1700,46.74979218620116,53.25020781379883
1800,46.74979218620116,53.25020781379883
1900,46.74979218620116,53.25020781379883
2000,46.74979218620116,53.25020781379883
2100,44.68827930174564,55.31172069825436
2200,44.38902743142145,55.61097256857855
2300,42.04488778054863,57.95511221945138
2400,42.04488778054863,57.95511221945138
