250,1.6,100.0
500,0.0,100.0
750,2.0,100.0
1000,0.0,10.090817356205854
1250,41.199999999999996,29.964850615114237
1500,100.0,51.933216168717045
1750,100.0,73.81370826010544
2000,6.4,79.1545189504373
2250,76.4,80.01397624039134
2500,100.0,80.01397624039134
2750,71.2,80.97139055222887
3000,57.199999999999996,91.11801242236025
3250,2.8000000000000003,48.598130841121495
3500,24.4,59.516837481698396
3750,100.0,77.81844802342606
4000,100.0,96.04685212298682
4250,23.200000000000003,79.26033357505439
4500,8.4,83.51990049751244
4750,100.0,99.06716417910447
5000,6.0,60.89204912734324
5250,0.0,66.33277685030606
5500,88.4,78.47754654983571
5750,100.0,92.16867469879519
6000,59.199999999999996,81.02189781021897
