250,1.6,100.0
500,0.0,100.0
750,2.0,100.0
1000,0.0,100.0
1250,41.199999999999996,100.0
1500,100.0,100.0
1750,100.0,100.0
2000,6.4,100.0
2250,76.4,15.86303284416492
2500,100.0,33.33333333333333
2750,71.2,48.037258815701925
3000,57.199999999999996,60.372670807453424
3250,69.6,72.47924080664293
3500,24.4,75.25333333333334
3750,100.0,75.25333333333334
4000,100.0,75.25333333333334
4250,39.2,79.08238776517021
4500,13.200000000000001,82.12669683257919
4750,100.0,82.12669683257919
5000,31.6,82.83442469597755
5250,0.0,84.38077634011091
5500,88.4,67.11943793911007
5750,100.0,78.82903981264637
6000,59.199999999999996,86.1868573983013
