250,1.6,100.0
500,0.0,100.0
750,2.0,100.0
1000,0.0,100.0
1250,41.199999999999996,12.56590509666081
1500,100.0,34.53427065026362
1750,100.0,56.41476274165203
2000,6.4,64.72303206997084
2250,76.4,66.17749825296994
2500,100.0,66.17749825296994
2750,71.2,67.7977378576181
3000,57.199999999999996,78.81987577639752
3250,69.6,90.09489916963227
3500,24.4,91.09333333333333
3750,100.0,91.09333333333333
4000,100.0,91.09333333333333
4250,23.200000000000003,91.59536990437846
4500,8.4,92.2613531047266
4750,100.0,92.2613531047266
5000,18.4,60.89204912734324
5250,0.0,66.33277685030606
5500,88.4,78.47754654983571
5750,100.0,92.16867469879519
6000,59.199999999999996,97.75533108866442
