250,1.6,100.0
500,0.0,100.0
750,2.0,100.0
1000,0.0,100.0
1250,41.199999999999996,100.0
1500,100.0,100.0
1750,100.0,100.0
2000,6.4,6.19533527696793
2250,76.4,22.78127183787561
2500,100.0,40.25157232704403
2750,71.2,54.62408516300732
3000,57.199999999999996,66.52173913043478
3250,69.6,78.35112692763938
3500,24.4,80.53333333333333
3750,100.0,80.53333333333333
4000,100.0,80.53333333333333
4250,39.2,83.96645288603848
4500,8.4,85.21383075523204
4750,100.0,85.21383075523204
5000,24.8,85.54724041159962
5250,0.0,85.72088724584104
5500,88.4,67.11943793911007
5750,100.0,78.82903981264637
6000,59.199999999999996,86.1868573983013
