250,1.6,100.0
500,0.0,100.0
750,2.0,100.0
1000,0.0,100.0
1250,41.199999999999996,21.26537785588752
1500,100.0,43.23374340949033
1750,100.0,65.11423550087873
2000,6.4,71.93877551020408
2250,76.4,73.09573724668064
2500,100.0,73.09573724668064
2750,71.2,74.38456420492349
3000,57.199999999999996,84.96894409937889
3250,42.4,95.7972805933251
3500,24.4,96.23685666851135
3750,100.0,96.23685666851135
4000,100.0,96.23685666851135
4250,23.200000000000003,96.45648775403856
4500,8.4,81.59203980099502
4750,100.0,97.13930348258707
5000,18.4,60.89204912734324
5250,0.0,66.33277685030606
5500,88.4,78.47754654983571
5750,100.0,92.16867469879519
6000,59.199999999999996,97.75533108866442
