50,8.0,0.0
100,0.0,0.0
150,0.0,0.0
200,0.0,0.0
250,0.0,0.0
300,0.0,0.0
350,0.0,0.0
400,0.0,0.0
450,0.0,0.0
500,0.0,0.0
550,2.0,0.0
600,0.0,0.0
650,8.0,0.0
700,0.0,0.0
750,0.0,0.0
800,0.0,0.0
850,0.0,0.0
900,0.0,0.0
950,0.0,0.0
1000,0.0,0.0
1050,0.0,0.0
1100,0.0,0.0
1150,6.0,0.0
1200,100.0,0.0
1250,100.0,0.0
1300,100.0,0.0
1350,100.0,0.0
1400,100.0,0.0
1450,100.0,0.0
1500,100.0,0.0
1550,100.0,0.0
1600,100.0,0.0
1650,100.0,0.0
1700,100.0,0.0
1750,100.0,0.0
1800,32.0,0.0
1850,0.0,0.0
1900,0.0,0.0
1950,0.0,0.0
2000,0.0,0.0
2050,0.0,0.0
2100,82.0,0.0
2150,100.0,0.0
2200,100.0,0.0
2250,100.0,0.0
2300,100.0,0.0
2350,100.0,0.0
2400,100.0,0.0
2450,100.0,0.0
2500,100.0,0.0
2550,100.0,0.0
2600,100.0,0.0
2650,100.0,0.0
2700,56.00000000000001,0.0
2750,0.0,0.0
2800,0.0,0.0
2850,0.0,0.0
2900,86.0,0.0
2950,100.0,0.0
3000,100.0,0.0
3050,100.0,0.0
3100,100.0,0.0
3150,100.0,0.0
3200,48.0,0.0
3250,0.0,0.0
3300,0.0,0.0
3350,0.0,0.0
3400,0.0,0.0
3450,22.0,0.0
3500,100.0,0.0
3550,100.0,0.0
3600,100.0,0.0
3650,100.0,0.0
3700,100.0,0.0
3750,100.0,0.0
3800,100.0,0.0
3850,100.0,0.0
3900,100.0,0.0
3950,100.0,0.0
4000,100.0,0.0
4050,100.0,0.0
4100,16.0,0.0
4150,0.0,0.0
4200,0.0,0.0
4250,80.0,0.0
4300,0.0,0.0
4350,0.0,0.0
4400,57.99999999999999,0.0
4450,0.0,0.0
4500,42.0,0.0
4550,100.0,0.0
4600,100.0,0.0
4650,100.0,0.0
4700,100.0,0.0
4750,100.0,0.0
4800,100.0,0.0
4850,100.0,0.0
4900,100.0,0.0
4950,100.0,0.0
5000,6.0,0.0
5050,0.0,79.0
5100,0.0,79.46666666666667
5150,0.0,80.22847100175747
5200,0.0,82.03054806828392
5250,0.0,83.91544117647058
5300,42.0,0.4657661853749418
5350,100.0,2.7945971122496505
5400,100.0,5.123428039124359
5450,100.0,7.452258965999069
5500,100.0,9.781089892873778
5550,100.0,12.109920819748487
5600,100.0,14.438751746623197
5650,100.0,16.767582673497905
5700,100.0,19.096413600372614
5750,100.0,21.425244527247322
5800,100.0,23.75407545412203
5850,100.0,26.08290638099674
5900,96.0,0.18613308515588647
5950,0.0,2.455661664392906
6000,0.0,4.624277456647398
