250,1.6,100.0
500,0.0,100.0
750,2.0,100.0
1000,0.0,100.0
1250,41.199999999999996,100.0
1500,100.0,100.0
1750,100.0,100.0
2000,6.4,13.411078717201166
2250,76.4,29.699510831586302
2500,100.0,47.16981132075472
2750,71.2,61.210911510312705
3000,57.199999999999996,72.67080745341616
3250,69.6,84.22301304863582
3500,24.4,85.81333333333333
3750,100.0,85.81333333333333
4000,100.0,85.81333333333333
4250,23.200000000000003,86.61298439859084
4500,8.4,87.67377201112141
4750,100.0,87.67377201112141
5000,18.4,87.41721854304636
5250,0.0,66.33277685030606
5500,88.4,78.47754654983571
5750,100.0,92.16867469879519
6000,59.199999999999996,97.75533108866442
