30,98.30423940149626,1.6957605985037407
60,95.46134663341645,4.538653366583541
100,92.80133000831256,7.198669991687448
200,86.1512884455528,13.848711554447215
300,79.56774729842061,20.432252701579383
400,80.29925187032418,19.70074812967581
500,66.81629260182876,33.18370739817124
600,62.826267664172896,37.1737323358271
700,57.223607647547794,42.776392352452206
800,54.72984206151289,45.27015793848712
900,54.41396508728179,45.586034912718205
1000,49.276807980049874,50.723192019950126
1100,58.171238570241066,41.828761429758934
1200,48.14630091438071,51.85369908561929
1300,47.48129675810474,52.51870324189526
1400,46.733167082294266,53.26683291770573
1500,46.45054031587698,53.54945968412302
1600,46.45054031587698,53.54945968412302
1700,45.236907730673316,54.763092269326684
1800,43.591022443890274,56.40897755610973
1900,42.04488778054863,57.95511221945138
2000,42.04488778054863,57.95511221945138
2100,42.04488778054863,57.95511221945138
2200,42.04488778054863,57.95511221945138
2300,42.04488778054863,57.95511221945138
2400,42.04488778054863,57.95511221945138
