250,1.6,100.0
500,0.0,20.161290322580644
750,2.0,46.89189189189189
1000,0.0,60.303030303030305
1250,40.8,73.4622144112478
1500,100.0,95.43057996485061
1750,11.600000000000001,99.909338168631
2000,2.0,53.10262529832935
2250,76.0,76.16926503340757
2500,85.6,99.86225895316805
2750,2.4,41.86390532544378
3000,0.0,57.55939524838013
3250,0.0,66.58163265306123
3500,24.0,74.81698389458272
3750,100.0,93.1185944363104
4000,38.0,99.92383853769992
4250,2.0,50.62814070351759
4500,0.0,62.4282982791587
4750,0.0,69.67592592592592
5000,0.0,74.57956015523934
5250,0.0,78.11804008908686
5500,88.0,89.92332968236583
5750,73.6,99.94061757719716
6000,2.4,44.3342776203966
