50,8.0,41.30434782608695
100,0.0,71.875
150,0.0,81.5068493150685
200,0.0,86.22448979591837
250,0.0,89.02439024390245
300,0.0,90.87837837837837
350,0.0,92.1965317919075
400,0.0,93.18181818181817
450,0.0,93.94618834080718
500,0.0,94.55645161290323
550,2.0,95.22935779816514
600,0.0,95.63025210084034
650,6.0,2.190923317683881
700,0.0,9.288824383164005
750,0.0,15.426251691474965
800,0.0,20.785804816223067
850,0.0,25.50655542312277
900,0.0,29.696287964004497
950,0.0,33.43982960596379
1000,0.0,36.804853387259854
1050,0.0,39.84600577478344
1100,0.0,42.6078971533517
1150,6.0,45.07042253521127
1200,18.0,0.5415162454873645
1250,0.0,0.49668874172185434
1300,0.0,0.45871559633027525
1350,0.0,0.4261363636363636
1400,0.0,0.3978779840848806
1450,0.0,0.3731343283582089
1500,0.0,0.351288056206089
1550,0.0,0.33185840707964603
1600,0.0,0.3144654088050315
1650,0.0,0.29880478087649404
1700,2.0,0.2849002849002849
1750,0.0,0.271985494106981
1800,10.0,5.651491365777081
1850,0.0,12.518195050946144
1900,0.0,18.45318860244233
1950,0.0,23.63405336721728
2000,0.0,28.19593787335723
2050,0.0,32.2435174746336
2100,72.0,9.202453987730062
2150,0.0,21.27659574468085
2200,0.0,30.51643192488263
2250,0.0,37.81512605042017
2300,0.0,43.72623574144487
2350,0.0,48.61111111111111
2400,0.0,52.715654952076676
2450,0.0,56.213017751479285
2500,0.0,59.22865013774105
2550,0.0,61.855670103092784
2600,2.0,64.24242424242425
2650,0.0,66.28571428571428
2700,10.0,3.84
2750,0.0,10.962962962962964
2800,0.0,17.103448275862068
2850,0.0,22.451612903225808
2900,0.0,22.060606060606062
2950,0.0,20.8
3000,0.0,19.675675675675674
3050,0.0,18.666666666666668
3100,0.0,17.756097560975608
3150,0.0,16.930232558139537
3200,0.0,18.31111111111111
3250,0.0,21.78723404255319
3300,0.0,24.979591836734695
3350,0.0,27.92156862745098
3400,0.0,30.641509433962266
3450,18.0,0.36603221083455345
3500,54.0,0.2457002457002457
3550,0.0,0.23148148148148145
3600,0.0,0.2188183807439825
3650,0.0,0.2074688796680498
3700,0.0,0.19723865877712032
3750,0.0,0.18796992481203006
3800,0.0,0.17953321364452424
3850,0.0,0.1718213058419244
3900,0.0,0.16474464579901155
3950,0.0,0.15822784810126583
4000,2.0,0.2284843869002285
4050,0.0,0.22010271460014674
4100,10.0,6.821705426356589
4150,0.0,13.525179856115107
4200,0.0,19.328859060402685
4250,0.0,19.245283018867926
4300,0.0,24.023668639053255
4350,0.0,28.268156424581004
4400,0.0,28.994708994708994
4450,0.0,32.562814070351756
4500,0.0,35.78947368421053
4550,0.0,38.721461187214615
4600,0.0,41.39737991266376
4650,0.0,43.84937238493724
4700,0.0,46.10441767068273
4750,0.0,48.18532818532819
4800,0.0,49.962825278810406
4850,0.0,48.17204301075269
4900,0.0,46.50519031141869
4950,0.0,44.94983277591974
5000,0.0,46.40776699029126
5050,0.0,48.08777429467085
5100,0.0,49.66565349544073
5150,0.0,50.560471976401175
5200,0.0,49.11174785100286
5250,0.0,47.74373259052925
5300,38.0,0.547645125958379
5350,34.0,4.672897196261682
5400,0.0,8.245877061469265
5450,0.0,11.560693641618498
5500,0.0,14.644351464435147
5550,0.0,17.52021563342318
5600,0.0,20.208604954367665
5650,0.0,22.727272727272727
5700,0.0,25.091799265605875
5750,0.0,27.315914489311165
5800,0.0,29.411764705882355
5850,2.0,31.40773976444195
5900,10.0,0.6611570247933884
5950,0.0,8.244274809160306
6000,0.0,14.75177304964539
