50,8.0,0.0
100,0.0,0.0
150,0.0,0.0
200,0.0,0.0
250,0.0,0.0
300,0.0,0.0
350,0.0,0.0
400,0.0,0.0
450,0.0,0.0
500,0.0,0.0
550,2.0,0.0
600,0.0,0.0
650,8.0,0.0
700,0.0,0.0
750,0.0,0.0
800,0.0,0.0
850,0.0,0.0
900,0.0,0.0
950,0.0,0.0
1000,0.0,0.0
1050,0.0,0.0
1100,0.0,0.0
1150,6.0,0.0
1200,100.0,0.0
1250,100.0,0.0
1300,100.0,0.0
1350,100.0,0.0
1400,100.0,0.0
1450,100.0,0.0
1500,100.0,0.0
1550,100.0,0.0
1600,100.0,0.0
1650,100.0,0.0
1700,100.0,0.0
1750,100.0,0.0
1800,32.0,0.0
1850,0.0,0.0
1900,0.0,0.0
1950,0.0,0.0
2000,0.0,0.0
2050,0.0,0.0
2100,82.0,0.0
2150,100.0,0.0
2200,100.0,0.0
2250,100.0,0.0
2300,100.0,0.0
2350,100.0,0.0
2400,100.0,0.0
2450,100.0,0.0
2500,100.0,0.0
2550,100.0,0.0
2600,100.0,0.0
2650,100.0,0.0
2700,56.00000000000001,0.0
2750,0.0,0.0
2800,0.0,0.0
2850,0.0,1.1852776044915783
2900,86.0,4.285714285714286
2950,100.0,7.391304347826087
3000,100.0,10.49689440993789
3050,100.0,13.602484472049689
3100,100.0,16.70807453416149
3150,100.0,19.81366459627329
3200,48.0,22.555012224938874
3250,0.0,24.851720047449586
3300,0.0,27.016129032258064
3350,0.0,29.059350503919372
3400,0.0,30.99128540305011
3450,22.0,0.26666666666666666
3500,100.0,2.666666666666667
3550,100.0,5.333333333333334
3600,100.0,8.0
3650,100.0,10.666666666666668
3700,100.0,13.333333333333334
3750,100.0,16.0
3800,100.0,18.666666666666668
3850,100.0,21.333333333333336
3900,100.0,24.0
3950,100.0,26.666666666666668
4000,100.0,29.333333333333332
4050,100.0,32.0
4100,16.0,2.2952529994783517
4150,0.0,4.778851042196238
4200,0.0,7.139315815567675
4250,80.0,9.570794277257031
4300,0.0,11.7477130476649
4350,0.0,13.822284908321581
4400,57.99999999999999,16.01489757914339
4450,0.0,17.925386715195632
4500,42.0,19.937135159407273
4550,100.0,22.182308037718904
4600,100.0,24.427480916030532
4650,100.0,26.672653794342168
4700,100.0,28.917826672653796
4750,100.0,31.162999550965427
4800,92.0,33.46828609986505
4850,0.0,36.53934652554073
4900,0.0,39.75506358926048
4950,60.0,42.51069900142653
5000,6.0,43.906976744186046
5050,0.0,45.18181818181819
5100,0.0,46.400000000000006
5150,0.0,48.06678383128295
5200,0.0,51.39263252470799
5250,0.0,54.87132352941176
5300,42.0,0.4657661853749418
5350,100.0,2.7945971122496505
5400,100.0,5.123428039124359
5450,100.0,7.452258965999069
5500,100.0,9.781089892873778
5550,100.0,12.109920819748487
5600,100.0,14.438751746623197
5650,100.0,16.767582673497905
5700,100.0,19.096413600372614
5750,100.0,21.425244527247322
5800,100.0,23.75407545412203
5850,100.0,26.08290638099674
5900,96.0,0.18613308515588647
5950,0.0,2.455661664392906
6000,0.0,4.624277456647398
