250,1.6,100.0
500,0.0,100.0
750,2.0,100.0
1000,0.0,100.0
1250,41.199999999999996,100.0
1500,100.0,100.0
1750,100.0,100.0
2000,6.4,100.0
2250,76.4,100.0
2500,100.0,100.0
2750,71.2,100.0
3000,57.199999999999996,10.49689440993789
3250,69.6,24.851720047449586
3500,24.4,35.199999999999996
3750,100.0,48.53333333333333
4000,100.0,61.81333333333333
4250,39.2,69.31425752343364
4500,20.0,73.37224966322407
4750,100.0,73.37224966322407
5000,31.6,78.51162790697674
5250,0.0,83.91544117647058
5500,88.4,66.74429436422916
5750,100.0,78.3884489986027
6000,59.199999999999996,85.72698977323255
