30,0.0048212801330008315,0.0
60,0.004655029093931837,0.0
100,0.004655029093931837,0.0
200,0.004655029093931837,0.0
300,0.004655029093931837,0.0
400,0.004655029093931837,0.0
500,0.004655029093931837,0.0
600,0.004156275976724855,0.026267664172901082
700,0.014796342477140482,0.04455527847049044
800,0.022776392352452202,0.061014131338320864
900,0.022776392352452202,0.07747298420615129
1000,0.022776392352452202,0.0
1100,0.027930174563591023,0.014962593516209476
1200,0.044389027431421445,0.014962593516209476
1300,0.04887780548628429,0.0
1400,0.04688279301745636,0.0006650041562759767
1500,0.04405652535328346,0.0
1600,0.04405652535328346,0.0
1700,0.03192019950124688,0.0
1800,0.015461346633416459,0.0
1900,0.0,0.0
2000,0.0,0.0
2100,0.0,0.0
2200,0.0,0.0
2300,0.0,0.0
2400,0.0,0.0
