50,8.0,0.0
100,0.0,0.0
150,0.0,0.0
200,0.0,0.0
250,0.0,19.51219512195122
300,0.0,33.108108108108105
350,0.0,42.77456647398844
400,0.0,50.0
450,0.0,55.60538116591929
500,0.0,60.08064516129033
550,2.0,63.853211009174316
600,0.0,66.890756302521
650,8.0,2.1875
700,0.0,9.27536231884058
750,0.0,15.405405405405407
800,0.0,20.759493670886076
850,0.0,25.476190476190474
900,0.0,29.662921348314608
950,0.0,33.40425531914894
1000,0.0,36.76767676767677
1050,0.0,39.80769230769231
1100,0.0,42.56880733944954
1150,6.0,45.03078276165348
1200,98.0,3.690685413005272
1250,100.0,8.084358523725834
1300,100.0,12.478031634446397
1350,60.0,17.173524150268335
1400,0.0,0.3978779840848806
1450,0.0,0.3731343283582089
1500,0.0,0.351288056206089
1550,0.0,0.33185840707964603
1600,0.0,0.3144654088050315
1650,0.0,0.29880478087649404
1700,2.0,0.2849002849002849
1750,0.0,0.271985494106981
1800,10.0,5.6426332288401255
1850,0.0,12.5
1900,0.0,18.428184281842817
1950,0.0,23.604060913705585
2000,0.0,28.162291169451077
2050,0.0,32.207207207207205
2100,80.0,3.34075723830735
2150,100.0,8.908685968819599
2200,100.0,14.476614699331849
2250,100.0,20.044543429844097
2300,32.0,43.72623574144487
2350,0.0,48.61111111111111
2400,0.0,52.715654952076676
2450,0.0,56.213017751479285
2500,0.0,59.22865013774105
2550,0.0,61.855670103092784
2600,2.0,64.24242424242425
2650,0.0,66.28571428571428
2700,10.0,3.8338658146964857
2750,0.0,10.946745562130179
2800,0.0,17.079889807162534
2850,0.0,22.422680412371136
2900,0.0,22.033898305084744
2950,0.0,20.776255707762555
3000,0.0,19.654427645788335
3050,0.0,18.647540983606557
3100,0.0,17.73879142300195
3150,0.0,16.91449814126394
3200,0.0,18.29484902309059
3250,0.0,21.768707482993197
3300,0.0,24.95921696574225
3350,0.0,27.89968652037618
3400,0.0,30.618401206636502
3450,20.0,0.36603221083455345
3500,100.0,3.6603221083455346
3550,100.0,7.320644216691069
3600,100.0,10.980966325036604
3650,92.0,0.3112033195020747
3700,0.0,0.2958579881656805
3750,0.0,0.28195488721804507
3800,0.0,0.26929982046678635
3850,0.0,0.25773195876288657
3900,0.0,0.2471169686985173
3950,0.0,0.23734177215189875
4000,2.0,0.2284843869002285
4050,0.0,0.22010271460014674
4100,10.0,6.811145510835913
4150,0.0,13.505747126436782
4200,0.0,19.302949061662197
4250,0.0,19.22110552763819
4300,0.0,23.995271867612296
4350,0.0,28.236607142857146
4400,0.0,28.964059196617338
4450,0.0,32.53012048192771
4500,0.0,35.75525812619503
4550,0.0,38.68613138686132
4600,0.0,41.361256544502616
4650,0.0,43.812709030100336
4700,0.0,46.06741573033708
4750,0.0,48.148148148148145
4800,0.0,49.925705794947994
4850,0.0,48.13753581661891
4900,0.0,46.47302904564315
4950,0.0,44.919786096256686
5000,0.0,46.377749029754206
5050,0.0,48.05764411027569
5100,0.0,49.63547995139733
5150,0.0,50.530660377358494
5200,0.0,49.0836197021764
5250,0.0,47.71714922048998
5300,40.0,0.547645125958379
5350,100.0,3.285870755750274
5400,100.0,6.024096385542169
5450,100.0,8.762322015334064
5500,72.0,14.644351464435147
5550,0.0,17.52021563342318
5600,0.0,20.208604954367665
5650,0.0,22.727272727272727
5700,0.0,25.091799265605875
5750,0.0,27.315914489311165
5800,0.0,29.411764705882355
5850,2.0,31.40773976444195
5900,10.0,0.6600660066006601
5950,0.0,8.231707317073171
6000,0.0,14.730878186968837
