30,98.47049044056526,1.5295095594347465
60,98.03823773898587,1.9617622610141314
100,97.53948462177888,2.4605153782211135
200,96.30922693266832,3.690773067331671
300,95.02909393183707,4.970906068162926
400,93.76558603491272,6.234413965087282
500,92.50207813798836,7.497921862011638
600,91.23857024106401,8.761429758935993
700,92.50207813798836,7.497921862011638
800,91.6708229426434,8.329177057356608
900,81.64588528678304,18.35411471321696
1000,82.16126350789692,17.838736492103074
1100,88.8611803823774,11.13881961762261
1200,88.8445552784705,11.155444721529511
1300,88.8445552784705,11.155444721529511
1400,69.12718204488777,30.872817955112218
1500,72.38570241064006,27.614297589359932
1600,70.32418952618454,29.67581047381546
1700,57.92186201163757,42.07813798836243
1800,57.92186201163757,42.07813798836243
1900,52.10307564422278,47.89692435577722
2000,52.10307564422278,47.89692435577722
2100,52.10307564422278,47.89692435577722
2200,52.10307564422278,47.89692435577722
2300,52.10307564422278,47.89692435577722
2400,42.11138819617622,57.88861180382378
