250,1.6,60.16260162601627
500,0.0,80.24193548387096
750,2.0,87.16216216216216
1000,0.0,90.40404040404042
1250,32.800000000000004,99.6422182468694
1500,0.0,99.88290398126463
1750,0.4,99.909338168631
2000,2.0,88.66348448687351
2250,42.4,99.78991596638656
2500,0.0,99.86225895316805
2750,2.4,85.94674556213018
3000,0.0,89.74082073434126
3250,0.0,91.921768707483
3500,24.0,96.63250366032212
3750,18.4,99.90601503759399
4000,0.4,99.92383853769992
4250,2.0,88.06532663316582
4500,0.0,90.91778202676865
4750,0.0,92.66975308641975
5000,0.0,93.85510996119017
5250,0.0,94.71046770601336
5500,42.4,99.9302649930265
5750,0.0,99.94061757719716
6000,2.4,86.54390934844193
