250,1.6,19.51219512195122
500,0.0,60.08064516129033
750,2.0,73.64864864864865
1000,0.0,80.3030303030303
1250,40.8,90.86115992970123
1500,32.0,99.88290398126463
1750,0.4,99.909338168631
2000,2.0,76.73031026252983
2250,76.0,98.21826280623608
2500,6.4,99.86225895316805
2750,2.4,71.15384615384616
3000,0.0,78.94168466522679
3250,0.0,83.41836734693877
3500,24.0,89.31185944363104
3750,58.4,99.90601503759399
4000,0.4,99.92383853769992
4250,2.0,75.50251256281408
4500,0.0,81.35755258126196
4750,0.0,84.95370370370371
5000,0.0,87.38680465717982
5250,0.0,89.14253897550111
5500,82.39999999999999,99.9302649930265
5750,0.0,99.94061757719716
6000,2.4,72.37960339943342
