250,1.6,100.0
500,0.0,40.12096774193548
750,2.0,60.27027027027027
1000,0.0,70.3030303030303
1250,40.8,82.16168717047452
1500,71.6,99.88290398126463
1750,0.4,99.909338168631
2000,2.0,64.9164677804296
2250,76.0,87.19376391982183
2500,46.0,99.86225895316805
2750,2.4,56.50887573964497
3000,0.0,68.25053995680346
3250,0.0,75.0
3500,24.0,82.06442166910688
3750,98.0,99.90601503759399
4000,0.4,99.92383853769992
4250,2.0,63.06532663316583
4500,0.0,71.89292543021033
4750,0.0,77.31481481481481
5000,0.0,80.98318240620958
5250,0.0,83.63028953229399
5500,88.0,95.34501642935378
5750,34.0,99.94061757719716
6000,2.4,58.35694050991501
