50,8.0,0.0
100,0.0,0.0
150,0.0,0.0
200,0.0,0.0
250,0.0,0.0
300,0.0,0.0
350,0.0,0.0
400,0.0,0.0
450,0.0,0.0
500,0.0,0.0
550,2.0,9.357798165137615
600,0.0,16.974789915966387
650,8.0,2.1875
700,0.0,9.27536231884058
750,0.0,15.405405405405407
800,0.0,20.759493670886076
850,0.0,25.476190476190474
900,0.0,29.662921348314608
950,0.0,33.40425531914894
1000,0.0,36.76767676767677
1050,0.0,39.80769230769231
1100,0.0,42.56880733944954
1150,6.0,45.03078276165348
1200,98.0,3.690685413005272
1250,100.0,8.084358523725834
1300,100.0,12.478031634446397
1350,100.0,16.87170474516696
1400,100.0,21.26537785588752
1450,100.0,25.65905096660808
1500,100.0,30.052724077328648
1550,100.0,34.44639718804921
1600,100.0,38.84007029876977
1650,54.0,44.125560538116595
1700,2.0,0.5698005698005698
1750,0.0,0.543970988213962
1800,10.0,5.6426332288401255
1850,0.0,12.5
1900,0.0,18.428184281842817
1950,0.0,23.604060913705585
2000,0.0,28.162291169451077
2050,0.0,32.207207207207205
2100,80.0,3.34075723830735
2150,100.0,8.908685968819599
2200,100.0,14.476614699331849
2250,100.0,20.044543429844097
2300,100.0,25.612472160356347
2350,100.0,31.180400890868597
2400,100.0,36.74832962138085
2450,100.0,42.31625835189309
2500,100.0,47.88418708240535
2550,100.0,53.4521158129176
2600,28.000000000000004,64.24242424242425
2650,0.0,66.28571428571428
2700,10.0,3.8338658146964857
2750,0.0,10.946745562130179
2800,0.0,17.079889807162534
2850,0.0,22.422680412371136
2900,0.0,22.397094430992738
2950,0.0,21.118721461187214
3000,0.0,19.978401727861772
3050,0.0,18.954918032786885
3100,0.0,18.03118908382066
3150,0.0,17.193308550185872
3200,0.0,18.29484902309059
3250,0.0,21.768707482993197
3300,0.0,24.95921696574225
3350,0.0,27.89968652037618
3400,0.0,30.618401206636502
3450,20.0,0.36603221083455345
3500,100.0,3.6603221083455346
3550,100.0,7.320644216691069
3600,100.0,10.980966325036604
3650,100.0,14.641288433382138
3700,100.0,18.301610541727673
3750,100.0,21.96193265007321
3800,100.0,25.622254758418737
3850,100.0,29.282576866764277
3900,100.0,32.942898975109806
3950,86.0,0.4746835443037975
4000,2.0,0.456968773800457
4050,0.0,0.4402054292002935
4100,10.0,6.811145510835913
4150,0.0,13.505747126436782
4200,0.0,19.302949061662197
4250,0.0,19.22110552763819
4300,0.0,23.995271867612296
4350,0.0,28.236607142857146
4400,0.0,28.964059196617338
4450,0.0,32.53012048192771
4500,0.0,35.75525812619503
4550,0.0,38.68613138686132
4600,0.0,41.361256544502616
4650,0.0,43.812709030100336
4700,0.0,46.06741573033708
4750,0.0,48.148148148148145
4800,0.0,50.074294205052006
4850,0.0,48.352435530085955
4900,0.0,46.6804979253112
4950,0.0,45.12032085561498
5000,0.0,46.377749029754206
5050,0.0,48.05764411027569
5100,0.0,49.63547995139733
5150,0.0,50.70754716981132
5200,0.0,49.25544100801833
5250,0.0,47.88418708240535
5300,40.0,0.547645125958379
5350,100.0,3.285870755750274
5400,100.0,6.024096385542169
5450,100.0,8.762322015334064
5500,100.0,11.500547645125959
5550,100.0,14.238773274917854
5600,100.0,16.97699890470975
5650,100.0,19.715224534501644
5700,100.0,22.453450164293535
5750,100.0,25.191675794085434
5800,66.0,29.411764705882355
5850,2.0,31.40773976444195
5900,10.0,0.6600660066006601
5950,0.0,8.231707317073171
6000,0.0,14.730878186968837
