250,1.6,100.0
500,0.0,100.0
750,2.0,20.0
1000,0.0,40.2020202020202
1250,40.8,56.06326889279437
1500,100.0,78.03163444639719
1750,90.8,99.91031390134529
2000,2.0,29.355608591885442
2250,76.0,54.12026726057907
2500,100.0,81.9599109131403
2750,67.2,12.42603550295858
3000,0.0,36.06911447084234
3250,0.0,49.65986394557823
3500,24.0,60.32210834553441
3750,100.0,78.62371888726209
4000,100.0,96.85212298682285
4250,19.2,25.628140703517587
4500,0.0,43.40344168260038
4750,0.0,54.32098765432099
5000,0.0,61.707632600258734
5250,0.0,67.03786191536749
5500,88.0,79.07995618838993
5750,100.0,92.7710843373494
6000,55.2,16.147308781869686
