250,1.6,100.0
500,0.0,100.0
750,2.0,33.513513513513516
1000,0.0,50.303030303030305
1250,40.8,64.76274165202109
1500,100.0,86.7311072056239
1750,51.2,99.909338168631
2000,2.0,41.288782816229116
2250,76.0,65.14476614699332
2500,100.0,92.98440979955457
2750,27.6,27.218934911242602
3000,0.0,46.868250539956804
3250,0.0,58.16326530612245
3500,24.0,67.56954612005856
3750,100.0,85.87115666178624
4000,77.60000000000001,99.92383853769992
4250,2.0,38.19095477386934
4500,0.0,52.96367112810707
4750,0.0,62.03703703703704
5000,0.0,68.17593790426908
5250,0.0,72.60579064587974
5500,88.0,84.50164293537787
5750,100.0,98.19277108433735
6000,15.6,30.31161473087819
