250,1.6,100.0
500,0.0,100.0
750,2.0,100.0
1000,0.0,100.0
1250,41.199999999999996,100.0
1500,100.0,100.0
1750,100.0,100.0
2000,6.4,100.0
2250,76.4,100.0
2500,100.0,100.0
2750,71.2,100.0
3000,57.199999999999996,100.0
3250,69.6,100.0
3500,24.4,16.906666666666666
3750,100.0,30.240000000000002
4000,100.0,43.519999999999996
4250,39.2,52.392698569314256
4500,20.0,58.913336326897166
4750,100.0,70.13920071845531
5000,31.6,78.51162790697674
5250,0.0,83.91544117647058
5500,88.4,66.74429436422916
5750,100.0,78.3884489986027
6000,59.199999999999996,85.72698977323255
