200,0.02367830945232032,0.0006841245106609403
400,0.02842917410968796,0.0001520276690357645
600,0.021131845995971267,0.001482269773098704
800,0.027402987343696554,0.003876705560411995
1000,0.03036752688989396,0.0055110030025464635
1200,0.024362433962981263,0.0037626848086351715
1400,0.017103112766523508,0.019991638478203032
1600,0.06221732355288662,0.0049789061609212875
1800,0.032419900421876785,0.0002660484208125879
2000,0.030215499220858196,0.0006841245106609403
2200,0.026148759074151495,7.601383451788225e-05
2400,0.02056174223708715,3.8006917258941126e-05
2600,0.012998365702557866,7.601383451788225e-05
2800,0.008399528714225989,3.8006917258941126e-05
3000,0.0027364980426437613,0.0
