200,64.06826042339706,35.931739576602936
400,55.28486184485576,44.71513815514424
600,49.184751624795716,50.81524837520429
800,45.04959902702292,54.950400972977086
1000,42.51073695412565,57.48926304587435
1200,46.136596860628636,53.86340313937137
1400,38.72524799513511,61.27475200486489
1600,42.89080612671506,57.10919387328494
1800,30.755197445935163,69.24480255406485
2000,29.10189654517122,70.89810345482877
2200,27.840066892174377,72.15993310782562
2400,25.411424879328038,74.58857512067196
2600,24.81471627836266,75.18528372163735
2800,22.515297784196726,77.48470221580328
3000,21.888183649424196,78.11181635057581
