250,0.0
500,0.0
750,0.0
1000,0.0
1250,0.0
1500,40.0
1750,100.0
2000,18.4
2250,0.0
2500,0.0
2750,0.0
3000,79.60000000000001
3250,78.8
3500,0.0
3750,0.0
4000,0.0
4250,19.6
4500,100.0
4750,38.800000000000004
5000,0.0
5250,0.0
5500,0.0
5750,59.599999999999994
6000,98.8
6250,0.0
6500,0.0
6750,0.0
7000,0.0
7250,99.6
7500,58.8
7750,0.0
8000,0.0
8250,0.0
8500,39.6
8750,100.0
9000,18.8
9250,0.0
9500,0.0
9750,0.0
10000,79.60000000000001
10250,78.8
10500,0.0
10750,0.0
11000,0.0
11250,19.6
11500,100.0
11750,38.800000000000004
12000,0.0
12250,0.0
12500,0.0
12750,59.599999999999994
13000,98.8
13250,0.0
13500,0.0
13750,0.0
14000,0.0
14250,99.6
14500,58.8
14750,0.0
15000,0.0
15250,0.0
15500,39.6
15750,100.0
16000,18.8
16250,0.0
16500,0.0
16750,0.0
17000,79.60000000000001
17250,78.8
17500,0.0
17750,0.0
18000,0.0
18250,19.6
18500,100.0
18750,38.800000000000004
19000,0.0
19250,0.0
19500,0.0
19750,59.599999999999994
20000,98.8
20250,0.0
20500,0.0
20750,0.0
21000,0.0
21250,99.6
21500,58.8
21750,0.0
22000,0.0
22250,0.0
22500,39.6
22750,100.0
23000,18.8
23250,0.0
23500,0.0
23750,0.0
24000,79.60000000000001
24250,78.8
24500,0.0
24750,0.0
25000,0.0
25250,19.6
25500,100.0
25750,38.800000000000004
26000,0.0
26250,0.0
26500,0.0
26750,59.599999999999994
27000,98.8
27250,0.0
27500,0.0
27750,0.0
28000,0.0
28250,99.6
28500,58.8
28750,0.0
29000,0.0
29250,0.0
29500,39.6
29750,100.0
30000,18.8
30250,0.0
30500,0.0
30750,0.0
