250,0.0
500,0.0
750,0.0
1000,0.0
1250,0.0
1500,40.0
1750,100.0
2000,100.0
2250,100.0
2500,100.0
2750,74.8
3000,79.60000000000001
3250,100.0
3500,100.0
3750,100.0
4000,100.0
4250,54.800000000000004
4500,100.0
4750,100.0
5000,100.0
5250,100.0
5500,95.19999999999999
5750,59.599999999999994
6000,100.0
6250,100.0
6500,100.0
6750,100.0
7000,55.2
7250,99.6
7500,100.0
7750,100.0
8000,100.0
8250,100.0
8500,54.800000000000004
8750,100.0
9000,100.0
9250,100.0
9500,100.0
9750,75.2
10000,79.60000000000001
10250,100.0
10500,100.0
10750,100.0
11000,100.0
11250,54.800000000000004
11500,100.0
11750,100.0
12000,100.0
12250,100.0
12500,95.19999999999999
12750,59.599999999999994
13000,100.0
13250,100.0
13500,100.0
13750,100.0
14000,55.2
14250,99.6
14500,100.0
14750,100.0
15000,100.0
15250,100.0
15500,54.800000000000004
15750,100.0
16000,100.0
16250,100.0
16500,100.0
16750,75.2
17000,79.60000000000001
17250,100.0
17500,100.0
17750,100.0
18000,100.0
18250,54.800000000000004
18500,100.0
18750,100.0
19000,100.0
19250,100.0
19500,95.19999999999999
19750,59.599999999999994
20000,100.0
20250,100.0
20500,100.0
20750,100.0
21000,55.2
21250,99.6
21500,100.0
21750,100.0
22000,100.0
22250,100.0
22500,54.800000000000004
22750,100.0
23000,100.0
23250,100.0
23500,100.0
23750,75.2
24000,79.60000000000001
24250,100.0
24500,100.0
24750,100.0
25000,100.0
25250,54.800000000000004
25500,100.0
25750,100.0
26000,100.0
26250,100.0
26500,95.19999999999999
26750,59.599999999999994
27000,100.0
27250,100.0
27500,100.0
27750,100.0
28000,55.2
28250,99.6
28500,100.0
28750,100.0
29000,100.0
29250,100.0
29500,54.800000000000004
29750,100.0
30000,100.0
30250,100.0
30500,100.0
30750,75.2
