250,0.0
500,0.0
750,0.0
1000,0.0
1250,0.0
1500,23.200000000000003
1750,0.0
2000,0.0
2250,0.0
2500,0.0
2750,0.0
3000,23.200000000000003
3250,0.0
3500,0.0
3750,0.0
4000,0.0
4250,19.6
4500,3.5999999999999996
4750,0.0
5000,0.0
5250,0.0
5500,0.0
5750,23.200000000000003
6000,0.0
6250,0.0
6500,0.0
6750,0.0
7000,0.0
7250,23.200000000000003
7500,0.0
7750,0.0
8000,0.0
8250,0.0
8500,23.200000000000003
8750,0.0
9000,0.0
9250,0.0
9500,0.0
9750,0.0
10000,23.200000000000003
10250,0.0
10500,0.0
10750,0.0
11000,0.0
11250,19.6
11500,3.5999999999999996
11750,0.0
12000,0.0
12250,0.0
12500,0.0
12750,23.200000000000003
13000,0.0
13250,0.0
13500,0.0
13750,0.0
14000,0.0
14250,23.200000000000003
14500,0.0
14750,0.0
15000,0.0
15250,0.0
15500,23.200000000000003
15750,0.0
16000,0.0
16250,0.0
16500,0.0
16750,0.0
17000,23.200000000000003
17250,0.0
17500,0.0
17750,0.0
18000,0.0
18250,19.6
18500,3.5999999999999996
18750,0.0
19000,0.0
19250,0.0
19500,0.0
19750,23.200000000000003
20000,0.0
20250,0.0
20500,0.0
20750,0.0
21000,0.0
21250,23.200000000000003
21500,0.0
21750,0.0
22000,0.0
22250,0.0
22500,23.200000000000003
22750,0.0
23000,0.0
23250,0.0
23500,0.0
23750,0.0
24000,23.200000000000003
24250,0.0
24500,0.0
24750,0.0
25000,0.0
25250,19.6
25500,3.5999999999999996
25750,0.0
26000,0.0
26250,0.0
26500,0.0
26750,23.200000000000003
27000,0.0
27250,0.0
27500,0.0
27750,0.0
28000,0.0
28250,23.200000000000003
28500,0.0
28750,0.0
29000,0.0
29250,0.0
29500,23.200000000000003
29750,0.0
30000,0.0
30250,0.0
30500,0.0
30750,0.0
