250,0.0
500,0.0
750,0.0
1000,0.0
1250,0.0
1500,40.0
1750,100.0
2000,100.0
2250,76.8
2500,0.0
2750,0.0
3000,79.60000000000001
3250,100.0
3500,100.0
3750,37.2
4000,0.0
4250,19.6
4500,100.0
4750,100.0
5000,97.2
5250,0.0
5500,0.0
5750,59.599999999999994
6000,100.0
6250,100.0
6500,57.199999999999996
6750,0.0
7000,0.0
7250,99.6
7500,100.0
7750,100.0
8000,17.2
8250,0.0
8500,39.6
8750,100.0
9000,100.0
9250,77.2
9500,0.0
9750,0.0
10000,79.60000000000001
10250,100.0
10500,100.0
10750,37.2
11000,0.0
11250,19.6
11500,100.0
11750,100.0
12000,97.2
12250,0.0
12500,0.0
12750,59.599999999999994
13000,100.0
13250,100.0
13500,57.199999999999996
13750,0.0
14000,0.0
14250,99.6
14500,100.0
14750,100.0
15000,17.2
15250,0.0
15500,39.6
15750,100.0
16000,100.0
16250,77.2
16500,0.0
16750,0.0
17000,79.60000000000001
17250,100.0
17500,100.0
17750,37.2
18000,0.0
18250,19.6
18500,100.0
18750,100.0
19000,97.2
19250,0.0
19500,0.0
19750,59.599999999999994
20000,100.0
20250,100.0
20500,57.199999999999996
20750,0.0
21000,0.0
21250,99.6
21500,100.0
21750,100.0
22000,17.2
22250,0.0
22500,39.6
22750,100.0
23000,100.0
23250,77.2
23500,0.0
23750,0.0
24000,79.60000000000001
24250,100.0
24500,100.0
24750,37.2
25000,0.0
25250,19.6
25500,100.0
25750,100.0
26000,97.2
26250,0.0
26500,0.0
26750,59.599999999999994
27000,100.0
27250,100.0
27500,57.199999999999996
27750,0.0
28000,0.0
28250,99.6
28500,100.0
28750,100.0
29000,17.2
29250,0.0
29500,39.6
29750,100.0
30000,100.0
30250,77.2
30500,0.0
30750,0.0
