30,98.0909090909091,1.9090909090909092,0.003401360544217687
60,96.04545454545455,3.954545454545454,0.003401360544217687
100,93.31818181818183,6.681818181818182,0.003401360544217687
200,86.5,13.5,0.003401360544217687
300,79.75,20.25,0.003401360544217687
400,73.0,27.0,0.003401360544217687
500,66.25,33.75,0.003401360544217687
600,59.5,40.5,0.003401360544217687
700,52.75,47.25,0.003401360544217687
800,46.0,54.0,0.003401360544217687
900,39.25,60.75000000000001,0.003401360544217687
1000,32.5,67.5,0.003401360544217687
1100,25.75,74.25,0.003401360544217687
1200,19.0,81.0,0.003401360544217687
1300,12.25,87.75,0.003401360544217687
1400,4.545454545454546,95.45454545454545,0.9965986394557823
