250,0.0
500,0.0
750,0.0
1000,0.0
1250,0.0
1500,40.0
1750,100.0
2000,57.99999999999999
2250,0.0
2500,0.0
2750,0.0
3000,79.60000000000001
3250,100.0
3500,18.4
3750,0.0
4000,0.0
4250,19.6
4500,100.0
4750,78.4
5000,0.0
5250,0.0
5500,0.0
5750,59.599999999999994
6000,100.0
6250,38.4
6500,0.0
6750,0.0
7000,0.0
7250,99.6
7500,98.4
7750,0.0
8000,0.0
8250,0.0
8500,39.6
8750,100.0
9000,58.4
9250,0.0
9500,0.0
9750,0.0
10000,79.60000000000001
10250,100.0
10500,18.4
10750,0.0
11000,0.0
11250,19.6
11500,100.0
11750,78.4
12000,0.0
12250,0.0
12500,0.0
12750,59.599999999999994
13000,100.0
13250,38.4
13500,0.0
13750,0.0
14000,0.0
14250,99.6
14500,98.4
14750,0.0
15000,0.0
15250,0.0
15500,39.6
15750,100.0
16000,58.4
16250,0.0
16500,0.0
16750,0.0
17000,79.60000000000001
17250,100.0
17500,18.4
17750,0.0
18000,0.0
18250,19.6
18500,100.0
18750,78.4
19000,0.0
19250,0.0
19500,0.0
19750,59.599999999999994
20000,100.0
20250,38.4
20500,0.0
20750,0.0
21000,0.0
21250,99.6
21500,98.4
21750,0.0
22000,0.0
22250,0.0
22500,39.6
22750,100.0
23000,58.4
23250,0.0
23500,0.0
23750,0.0
24000,79.60000000000001
24250,100.0
24500,18.4
24750,0.0
25000,0.0
25250,19.6
25500,100.0
25750,78.4
26000,0.0
26250,0.0
26500,0.0
26750,59.599999999999994
27000,100.0
27250,38.4
27500,0.0
27750,0.0
28000,0.0
28250,99.6
28500,98.4
28750,0.0
29000,0.0
29250,0.0
29500,39.6
29750,100.0
30000,58.4
30250,0.0
30500,0.0
30750,0.0
