50,0.0,0.0
100,0.0,0.0
150,0.0,0.0
200,0.0,0.0
250,0.0,0.0
300,0.0,0.0
350,0.0,15.142857142857144
400,0.0,25.75
450,0.0,34.0
500,0.0,40.6
550,0.0,46.0
600,0.0,50.5
650,0.0,54.307692307692314
700,0.0,57.57142857142858
750,0.0,60.4
800,0.0,62.875
850,0.0,65.05882352941177
900,0.0,67.0
950,0.0,68.73684210526316
1000,0.0,70.3
1050,0.0,71.71428571428572
1100,0.0,73.0
1150,0.0,74.17391304347825
1200,0.0,75.25
1250,0.0,76.24
1300,0.0,77.15384615384615
1350,0.0,78.0
1400,0.0,78.78571428571428
1450,100.0,82.35714285714286
1500,100.0,85.92857142857143
1550,100.0,89.5
1600,100.0,93.07142857142857
1650,100.0,96.64285714285714
1700,94.0,1.6666666666666667
1750,0.0,1.1428571428571428
1800,0.0,1.0
1850,0.0,0.8888888888888888
1900,0.0,0.8
1950,0.0,0.7272727272727273
2000,0.0,0.6666666666666667
2050,0.0,0.6153846153846154
2100,0.0,0.5714285714285714
2150,0.0,0.5333333333333333
2200,0.0,0.5
2250,0.0,0.4705882352941176
2300,0.0,0.4444444444444444
2350,0.0,0.42105263157894735
2400,0.0,0.4
2450,0.0,0.38095238095238093
2500,0.0,0.36363636363636365
2550,0.0,0.34782608695652173
2600,0.0,0.33333333333333337
2650,0.0,0.32
2700,0.0,0.3076923076923077
2750,0.0,0.2962962962962963
2800,0.0,0.2857142857142857
2850,100.0,3.8571428571428568
2900,100.0,7.428571428571429
2950,100.0,11.0
3000,100.0,14.571428571428571
3050,100.0,18.142857142857142
3100,94.0,1.6666666666666667
3150,0.0,15.714285714285714
3200,0.0,26.25
3250,0.0,34.44444444444444
3300,0.0,41.0
3350,0.0,46.36363636363636
3400,0.0,50.83333333333333
3450,0.0,54.61538461538461
3500,0.0,57.85714285714286
3550,0.0,60.66666666666667
3600,0.0,63.125
3650,0.0,65.29411764705883
3700,0.0,67.22222222222223
3750,0.0,68.94736842105263
3800,0.0,70.5
3850,0.0,71.9047619047619
3900,0.0,73.18181818181819
3950,0.0,74.34782608695653
4000,0.0,75.41666666666667
4050,0.0,76.4
4100,0.0,77.3076923076923
4150,0.0,78.14814814814814
4200,0.0,78.92857142857143
4250,100.0,82.5
4300,100.0,86.07142857142858
4350,100.0,89.64285714285715
4400,100.0,93.21428571428572
4450,100.0,96.78571428571429
4500,94.0,1.6666666666666667
4550,0.0,1.1428571428571428
4600,0.0,1.0
4650,0.0,0.8888888888888888
4700,0.0,0.8
4750,0.0,0.7272727272727273
4800,0.0,0.6666666666666667
4850,0.0,0.6153846153846154
4900,0.0,0.5714285714285714
4950,0.0,0.5333333333333333
5000,0.0,0.5
5050,0.0,0.4705882352941176
5100,0.0,0.4444444444444444
5150,0.0,0.42105263157894735
5200,0.0,0.4
5250,0.0,0.38095238095238093
5300,0.0,0.36363636363636365
5350,0.0,0.34782608695652173
5400,0.0,0.33333333333333337
5450,0.0,0.32
5500,0.0,0.3076923076923077
5550,0.0,0.2962962962962963
5600,0.0,0.2857142857142857
5650,100.0,3.8571428571428568
5700,100.0,7.428571428571429
5750,100.0,11.0
5800,100.0,14.571428571428571
5850,100.0,18.142857142857142
5900,94.0,1.6666666666666667
5950,0.0,15.714285714285714
6000,0.0,26.25
6050,0.0,34.44444444444444
6100,0.0,41.0
6150,0.0,46.36363636363636
6200,0.0,50.83333333333333
6250,0.0,54.61538461538461
6300,0.0,57.85714285714286
6350,0.0,60.66666666666667
6400,0.0,63.125
6450,0.0,65.29411764705883
6500,0.0,67.22222222222223
6550,0.0,68.94736842105263
6600,0.0,70.5
6650,0.0,71.9047619047619
6700,0.0,73.18181818181819
6750,0.0,74.34782608695653
6800,0.0,75.41666666666667
6850,0.0,76.4
6900,0.0,77.3076923076923
6950,0.0,78.14814814814814
7000,0.0,78.92857142857143
7050,100.0,82.5
7100,100.0,86.07142857142858
7150,100.0,89.64285714285715
7200,100.0,93.21428571428572
7250,100.0,96.78571428571429
7300,94.0,1.6666666666666667
7350,0.0,1.1428571428571428
7400,0.0,1.0
7450,0.0,0.8888888888888888
7500,0.0,0.8
7550,0.0,0.7272727272727273
7600,0.0,0.6666666666666667
7650,0.0,0.6153846153846154
7700,0.0,0.5714285714285714
7750,0.0,0.5333333333333333
7800,0.0,0.5
7850,0.0,0.4705882352941176
7900,0.0,0.4444444444444444
7950,0.0,0.42105263157894735
8000,0.0,0.4
8050,0.0,0.38095238095238093
8100,0.0,0.36363636363636365
8150,0.0,0.34782608695652173
8200,0.0,0.33333333333333337
8250,0.0,0.32
8300,0.0,0.3076923076923077
8350,0.0,0.2962962962962963
8400,0.0,0.2857142857142857
8450,100.0,3.8571428571428568
8500,100.0,7.428571428571429
8550,100.0,11.0
8600,100.0,14.571428571428571
8650,100.0,18.142857142857142
8700,94.0,1.6666666666666667
8750,0.0,15.714285714285714
8800,0.0,26.25
8850,0.0,34.44444444444444
8900,0.0,41.0
8950,0.0,46.36363636363636
9000,0.0,50.83333333333333
9050,0.0,54.61538461538461
9100,0.0,57.85714285714286
9150,0.0,60.66666666666667
9200,0.0,63.125
9250,0.0,65.29411764705883
9300,0.0,67.22222222222223
9350,0.0,68.94736842105263
9400,0.0,70.5
9450,0.0,71.9047619047619
9500,0.0,73.18181818181819
9550,0.0,74.34782608695653
9600,0.0,75.41666666666667
9650,0.0,76.4
9700,0.0,77.3076923076923
9750,0.0,78.14814814814814
9800,0.0,78.92857142857143
9850,100.0,82.5
9900,100.0,86.07142857142858
9950,100.0,89.64285714285715
10000,100.0,93.21428571428572
10050,100.0,96.78571428571429
10100,94.0,1.6666666666666667
10150,0.0,1.1428571428571428
10200,0.0,1.0
10250,0.0,0.8888888888888888
10300,0.0,0.8
10350,0.0,0.7272727272727273
10400,0.0,0.6666666666666667
10450,0.0,0.6153846153846154
10500,0.0,0.5714285714285714
10550,0.0,0.5333333333333333
10600,0.0,0.5
10650,0.0,0.4705882352941176
10700,0.0,0.4444444444444444
10750,0.0,0.42105263157894735
10800,0.0,0.4
10850,0.0,0.38095238095238093
10900,0.0,0.36363636363636365
10950,0.0,0.34782608695652173
11000,0.0,0.33333333333333337
11050,0.0,0.32
11100,0.0,0.3076923076923077
11150,0.0,0.2962962962962963
11200,0.0,0.2857142857142857
11250,100.0,3.8571428571428568
11300,100.0,7.428571428571429
11350,100.0,11.0
11400,100.0,14.571428571428571
11450,100.0,18.142857142857142
11500,94.0,1.6666666666666667
11550,0.0,15.714285714285714
11600,0.0,26.25
11650,0.0,34.44444444444444
11700,0.0,41.0
11750,0.0,46.36363636363636
11800,0.0,50.83333333333333
11850,0.0,54.61538461538461
11900,0.0,57.85714285714286
11950,0.0,60.66666666666667
12000,0.0,63.125
12050,0.0,65.29411764705883
12100,0.0,67.22222222222223
12150,0.0,68.94736842105263
12200,0.0,70.5
12250,0.0,71.9047619047619
12300,0.0,73.18181818181819
12350,0.0,74.34782608695653
12400,0.0,75.41666666666667
12450,0.0,76.4
12500,0.0,77.3076923076923
12550,0.0,78.14814814814814
12600,0.0,78.92857142857143
12650,100.0,82.5
12700,100.0,86.07142857142858
12750,100.0,89.64285714285715
12800,100.0,93.21428571428572
12850,100.0,96.78571428571429
12900,94.0,1.6666666666666667
12950,0.0,1.1428571428571428
13000,0.0,1.0
13050,0.0,0.8888888888888888
13100,0.0,0.8
13150,0.0,0.7272727272727273
13200,0.0,0.6666666666666667
13250,0.0,0.6153846153846154
13300,0.0,0.5714285714285714
13350,0.0,0.5333333333333333
13400,0.0,0.5
13450,0.0,0.4705882352941176
13500,0.0,0.4444444444444444
13550,0.0,0.42105263157894735
13600,0.0,0.4
13650,0.0,0.38095238095238093
13700,0.0,0.36363636363636365
13750,0.0,0.34782608695652173
13800,0.0,0.33333333333333337
13850,0.0,0.32
13900,0.0,0.3076923076923077
13950,0.0,0.2962962962962963
14000,0.0,0.2857142857142857
14050,100.0,3.8571428571428568
14100,100.0,7.428571428571429
14150,100.0,11.0
14200,100.0,14.571428571428571
14250,100.0,18.142857142857142
14300,94.0,1.6666666666666667
14350,0.0,15.714285714285714
14400,0.0,26.25
14450,0.0,34.44444444444444
14500,0.0,41.0
14550,0.0,46.36363636363636
14600,0.0,50.83333333333333
14650,0.0,54.61538461538461
14700,0.0,57.85714285714286
14750,0.0,60.66666666666667
14800,0.0,63.125
14850,0.0,65.29411764705883
14900,0.0,67.22222222222223
14950,0.0,68.94736842105263
15000,0.0,70.5
15050,0.0,71.9047619047619
15100,0.0,73.18181818181819
15150,0.0,74.34782608695653
15200,0.0,75.41666666666667
15250,0.0,76.4
15300,0.0,77.3076923076923
15350,0.0,78.14814814814814
15400,0.0,78.92857142857143
15450,100.0,82.5
15500,100.0,86.07142857142858
15550,100.0,89.64285714285715
15600,100.0,93.21428571428572
15650,100.0,96.78571428571429
15700,94.0,1.6666666666666667
15750,0.0,1.1428571428571428
15800,0.0,1.0
15850,0.0,0.8888888888888888
15900,0.0,0.8
15950,0.0,0.7272727272727273
16000,0.0,0.6666666666666667
16050,0.0,0.6153846153846154
16100,0.0,0.5714285714285714
16150,0.0,0.5333333333333333
16200,0.0,0.5
16250,0.0,0.4705882352941176
16300,0.0,0.4444444444444444
16350,0.0,0.42105263157894735
16400,0.0,0.4
16450,0.0,0.38095238095238093
16500,0.0,0.36363636363636365
16550,0.0,0.34782608695652173
16600,0.0,0.33333333333333337
16650,0.0,0.32
16700,0.0,0.3076923076923077
16750,0.0,0.2962962962962963
16800,0.0,0.2857142857142857
16850,100.0,3.8571428571428568
16900,100.0,7.428571428571429
16950,100.0,11.0
17000,100.0,14.571428571428571
17050,100.0,18.142857142857142
17100,94.0,1.6666666666666667
17150,0.0,15.714285714285714
17200,0.0,26.25
17250,0.0,34.44444444444444
17300,0.0,41.0
17350,0.0,46.36363636363636
17400,0.0,50.83333333333333
17450,0.0,54.61538461538461
17500,0.0,57.85714285714286
17550,0.0,60.66666666666667
17600,0.0,63.125
17650,0.0,65.29411764705883
17700,0.0,67.22222222222223
17750,0.0,68.94736842105263
17800,0.0,70.5
17850,0.0,71.9047619047619
17900,0.0,73.18181818181819
17950,0.0,74.34782608695653
18000,0.0,75.41666666666667
18050,0.0,76.4
18100,0.0,77.3076923076923
18150,0.0,78.14814814814814
18200,0.0,78.92857142857143
18250,100.0,82.5
18300,100.0,86.07142857142858
18350,100.0,89.64285714285715
18400,100.0,93.21428571428572
18450,100.0,96.78571428571429
18500,94.0,1.6666666666666667
18550,0.0,1.1428571428571428
18600,0.0,1.0
18650,0.0,0.8888888888888888
18700,0.0,0.8
18750,0.0,0.7272727272727273
18800,0.0,0.6666666666666667
18850,0.0,0.6153846153846154
18900,0.0,0.5714285714285714
18950,0.0,0.5333333333333333
19000,0.0,0.5
19050,0.0,0.4705882352941176
19100,0.0,0.4444444444444444
19150,0.0,0.42105263157894735
19200,0.0,0.4
19250,0.0,0.38095238095238093
19300,0.0,0.36363636363636365
19350,0.0,0.34782608695652173
19400,0.0,0.33333333333333337
19450,0.0,0.32
19500,0.0,0.3076923076923077
19550,0.0,0.2962962962962963
19600,0.0,0.2857142857142857
19650,100.0,3.8571428571428568
19700,100.0,7.428571428571429
19750,100.0,11.0
19800,100.0,14.571428571428571
19850,100.0,18.142857142857142
19900,94.0,1.6666666666666667
19950,0.0,15.714285714285714
20000,0.0,26.25
20050,0.0,34.44444444444444
20100,0.0,41.0
20150,0.0,46.36363636363636
20200,0.0,50.83333333333333
20250,0.0,54.61538461538461
20300,0.0,57.85714285714286
20350,0.0,60.66666666666667
20400,0.0,63.125
20450,0.0,65.29411764705883
20500,0.0,67.22222222222223
20550,0.0,68.94736842105263
20600,0.0,70.5
20650,0.0,71.9047619047619
20700,0.0,73.18181818181819
20750,0.0,74.34782608695653
20800,0.0,75.41666666666667
20850,0.0,76.4
20900,0.0,77.3076923076923
20950,0.0,78.14814814814814
21000,0.0,78.92857142857143
21050,100.0,82.5
21100,100.0,86.07142857142858
21150,100.0,89.64285714285715
21200,100.0,93.21428571428572
21250,100.0,96.78571428571429
21300,94.0,1.6666666666666667
21350,0.0,1.1428571428571428
21400,0.0,1.0
21450,0.0,0.8888888888888888
21500,0.0,0.8
21550,0.0,0.7272727272727273
21600,0.0,0.6666666666666667
21650,0.0,0.6153846153846154
21700,0.0,0.5714285714285714
21750,0.0,0.5333333333333333
21800,0.0,0.5
21850,0.0,0.4705882352941176
21900,0.0,0.4444444444444444
21950,0.0,0.42105263157894735
22000,0.0,0.4
22050,0.0,0.38095238095238093
22100,0.0,0.36363636363636365
22150,0.0,0.34782608695652173
22200,0.0,0.33333333333333337
22250,0.0,0.32
22300,0.0,0.3076923076923077
22350,0.0,0.2962962962962963
22400,0.0,0.2857142857142857
22450,100.0,3.8571428571428568
22500,100.0,7.428571428571429
22550,100.0,11.0
22600,100.0,14.571428571428571
22650,100.0,18.142857142857142
22700,94.0,1.6666666666666667
22750,0.0,15.714285714285714
22800,0.0,26.25
22850,0.0,34.44444444444444
22900,0.0,41.0
22950,0.0,46.36363636363636
23000,0.0,50.83333333333333
23050,0.0,54.61538461538461
23100,0.0,57.85714285714286
23150,0.0,60.66666666666667
23200,0.0,63.125
23250,0.0,65.29411764705883
23300,0.0,67.22222222222223
23350,0.0,68.94736842105263
23400,0.0,70.5
23450,0.0,71.9047619047619
23500,0.0,73.18181818181819
23550,0.0,74.34782608695653
23600,0.0,75.41666666666667
23650,0.0,76.4
23700,0.0,77.3076923076923
23750,0.0,78.14814814814814
23800,0.0,78.92857142857143
23850,100.0,82.5
23900,100.0,86.07142857142858
23950,100.0,89.64285714285715
24000,100.0,93.21428571428572
24050,100.0,96.78571428571429
24100,94.0,1.6666666666666667
24150,0.0,1.1428571428571428
24200,0.0,1.0
24250,0.0,0.8888888888888888
24300,0.0,0.8
24350,0.0,0.7272727272727273
24400,0.0,0.6666666666666667
24450,0.0,0.6153846153846154
24500,0.0,0.5714285714285714
24550,0.0,0.5333333333333333
24600,0.0,0.5
24650,0.0,0.4705882352941176
24700,0.0,0.4444444444444444
24750,0.0,0.42105263157894735
24800,0.0,0.4
24850,0.0,0.38095238095238093
24900,0.0,0.36363636363636365
24950,0.0,0.34782608695652173
25000,0.0,0.33333333333333337
25050,0.0,0.32
25100,0.0,0.3076923076923077
25150,0.0,0.2962962962962963
25200,0.0,0.2857142857142857
25250,100.0,3.8571428571428568
25300,100.0,7.428571428571429
25350,100.0,11.0
25400,100.0,14.571428571428571
25450,100.0,18.142857142857142
25500,94.0,1.6666666666666667
25550,0.0,15.714285714285714
25600,0.0,26.25
25650,0.0,34.44444444444444
25700,0.0,41.0
25750,0.0,46.36363636363636
25800,0.0,50.83333333333333
25850,0.0,54.61538461538461
25900,0.0,57.85714285714286
25950,0.0,60.66666666666667
26000,0.0,63.125
26050,0.0,65.29411764705883
26100,0.0,67.22222222222223
26150,0.0,68.94736842105263
26200,0.0,70.5
26250,0.0,71.9047619047619
26300,0.0,73.18181818181819
26350,0.0,74.34782608695653
26400,0.0,75.41666666666667
26450,0.0,76.4
26500,0.0,77.3076923076923
26550,0.0,78.14814814814814
26600,0.0,78.92857142857143
26650,100.0,82.5
26700,100.0,86.07142857142858
26750,100.0,89.64285714285715
26800,100.0,93.21428571428572
26850,100.0,96.78571428571429
26900,94.0,1.6666666666666667
26950,0.0,1.1428571428571428
27000,0.0,1.0
27050,0.0,0.8888888888888888
27100,0.0,0.8
27150,0.0,0.7272727272727273
27200,0.0,0.6666666666666667
27250,0.0,0.6153846153846154
27300,0.0,0.5714285714285714
27350,0.0,0.5333333333333333
27400,0.0,0.5
27450,0.0,0.4705882352941176
27500,0.0,0.4444444444444444
27550,0.0,0.42105263157894735
27600,0.0,0.4
27650,0.0,0.38095238095238093
27700,0.0,0.36363636363636365
27750,0.0,0.34782608695652173
27800,0.0,0.33333333333333337
27850,0.0,0.32
27900,0.0,0.3076923076923077
27950,0.0,0.2962962962962963
28000,0.0,0.2857142857142857
28050,100.0,3.8571428571428568
28100,100.0,7.428571428571429
28150,100.0,11.0
28200,100.0,14.571428571428571
28250,100.0,18.142857142857142
28300,94.0,1.6666666666666667
28350,0.0,15.714285714285714
28400,0.0,26.25
28450,0.0,34.44444444444444
28500,0.0,41.0
28550,0.0,46.36363636363636
28600,0.0,50.83333333333333
28650,0.0,54.61538461538461
28700,0.0,57.85714285714286
28750,0.0,60.66666666666667
28800,0.0,63.125
28850,0.0,65.29411764705883
28900,0.0,67.22222222222223
28950,0.0,68.94736842105263
29000,0.0,70.5
29050,0.0,71.9047619047619
29100,0.0,73.18181818181819
29150,0.0,74.34782608695653
29200,0.0,75.41666666666667
29250,0.0,76.4
29300,0.0,77.3076923076923
29350,0.0,78.14814814814814
29400,0.0,78.92857142857143
29450,100.0,82.5
29500,100.0,86.07142857142858
29550,100.0,89.64285714285715
29600,100.0,93.21428571428572
29650,100.0,96.78571428571429
29700,94.0,1.6666666666666667
29750,0.0,1.1428571428571428
29800,0.0,1.0
29850,0.0,0.8888888888888888
29900,0.0,0.8
29950,0.0,0.7272727272727273
30000,0.0,0.6666666666666667
30050,0.0,0.6153846153846154
30100,0.0,0.5714285714285714
30150,0.0,0.5333333333333333
30200,0.0,0.5
30250,0.0,0.4705882352941176
30300,0.0,0.4444444444444444
30350,0.0,0.42105263157894735
30400,0.0,0.4
30450,0.0,0.38095238095238093
30500,0.0,0.36363636363636365
30550,0.0,0.34782608695652173
30600,0.0,0.33333333333333337
30650,0.0,0.32
30700,0.0,0.3076923076923077
30750,0.0,0.2962962962962963
