250,0.0,100.0
500,0.0,100.0
750,0.0,93.33333333333333
1000,0.0,70.0
1250,0.0,56.00000000000001
1500,40.0,50.0
1750,100.0,50.0
2000,100.0,50.0
2250,37.2,82.35294117647058
2500,0.0,63.63636363636363
2750,0.0,51.85185185185185
3000,80.0,50.0
3250,100.0,50.0
3500,97.2,100.0
3750,0.0,73.68421052631578
4000,0.0,58.333333333333336
4250,20.0,50.0
4500,100.0,50.0
4750,100.0,50.0
5000,57.199999999999996,87.5
5250,0.0,66.66666666666666
5500,0.0,53.84615384615385
5750,60.0,50.0
6000,100.0,50.0
6250,100.0,50.0
6500,17.2,77.77777777777779
6750,0.0,60.86956521739131
7000,0.0,50.0
7250,100.0,50.0
7500,100.0,50.0
7750,77.2,93.33333333333333
8000,0.0,70.0
8250,0.0,56.00000000000001
8500,40.0,50.0
8750,100.0,50.0
9000,100.0,50.0
9250,37.2,82.35294117647058
9500,0.0,63.63636363636363
9750,0.0,51.85185185185185
10000,80.0,50.0
10250,100.0,50.0
10500,97.2,100.0
10750,0.0,73.68421052631578
11000,0.0,58.333333333333336
11250,20.0,50.0
11500,100.0,50.0
11750,100.0,50.0
12000,57.199999999999996,87.5
12250,0.0,66.66666666666666
12500,0.0,53.84615384615385
12750,60.0,50.0
13000,100.0,50.0
13250,100.0,50.0
13500,17.2,77.77777777777779
13750,0.0,60.86956521739131
14000,0.0,50.0
14250,100.0,50.0
14500,100.0,50.0
14750,77.2,93.33333333333333
15000,0.0,70.0
15250,0.0,56.00000000000001
15500,40.0,50.0
15750,100.0,50.0
16000,100.0,50.0
16250,37.2,82.35294117647058
16500,0.0,63.63636363636363
16750,0.0,51.85185185185185
17000,80.0,50.0
17250,100.0,50.0
17500,97.2,100.0
17750,0.0,73.68421052631578
18000,0.0,58.333333333333336
18250,20.0,50.0
18500,100.0,50.0
18750,100.0,50.0
19000,57.199999999999996,87.5
19250,0.0,66.66666666666666
19500,0.0,53.84615384615385
19750,60.0,50.0
20000,100.0,50.0
20250,100.0,50.0
20500,17.2,77.77777777777779
20750,0.0,60.86956521739131
21000,0.0,50.0
21250,100.0,50.0
21500,100.0,50.0
21750,77.2,93.33333333333333
22000,0.0,70.0
22250,0.0,56.00000000000001
22500,40.0,50.0
22750,100.0,50.0
23000,100.0,50.0
23250,37.2,82.35294117647058
23500,0.0,63.63636363636363
23750,0.0,51.85185185185185
24000,80.0,50.0
24250,100.0,50.0
24500,97.2,100.0
24750,0.0,73.68421052631578
25000,0.0,58.333333333333336
25250,20.0,50.0
25500,100.0,50.0
25750,100.0,50.0
26000,57.199999999999996,87.5
26250,0.0,66.66666666666666
26500,0.0,53.84615384615385
26750,60.0,50.0
27000,100.0,50.0
27250,100.0,50.0
27500,17.2,77.77777777777779
27750,0.0,60.86956521739131
28000,0.0,50.0
28250,100.0,50.0
28500,100.0,50.0
28750,77.2,93.33333333333333
29000,0.0,70.0
29250,0.0,56.00000000000001
29500,40.0,50.0
29750,100.0,50.0
30000,100.0,50.0
30250,37.2,82.35294117647058
30500,0.0,63.63636363636363
30750,0.0,51.85185185185185
