250,0.0,100.0
500,0.0,100.0
750,0.0,100.0
1000,0.0,100.0
1250,0.0,4.96
1500,40.0,22.285714285714285
1750,100.0,40.14285714285714
2000,100.0,57.99999999999999
2250,100.0,75.85714285714286
2500,100.0,93.71428571428572
2750,35.199999999999996,12.0
3000,80.0,29.428571428571427
3250,100.0,47.285714285714285
3500,100.0,65.14285714285715
3750,100.0,83.0
4000,95.19999999999999,1.1784511784511784
4250,0.0,22.22222222222222
4500,0.0,43.26599326599327
4750,0.0,64.3097643097643
5000,0.0,85.28174936921783
5250,15.6,17.92857142857143
5500,100.0,35.785714285714285
5750,100.0,53.642857142857146
6000,100.0,71.5
6250,100.0,89.35714285714286
6500,59.599999999999994,8.67003367003367
6750,0.0,29.713804713804713
7000,0.0,50.75757575757576
7250,0.0,71.8013468013468
7500,0.0,92.84511784511784
7750,0.0,13.88888888888889
8000,0.0,34.93265993265993
8250,0.0,55.97643097643098
8500,0.0,76.95542472666106
8750,15.6,17.92857142857143
9000,100.0,35.785714285714285
9250,100.0,53.642857142857146
9500,100.0,71.5
9750,100.0,89.35714285714286
10000,59.599999999999994,58.333333333333336
10250,0.0,41.66666666666667
10500,0.0,25.0
10750,0.0,8.333333333333332
11000,0.0,91.66666666666666
11250,0.0,75.0
11500,0.0,53.84615384615385
11750,0.0,97.71863117870723
12000,0.0,98.83040935672514
12250,0.0,99.21363040629096
12500,0.0,99.40769990128332
12750,0.0,99.04988123515439
13000,4.8,91.1504424778761
13250,0.0,97.2451790633609
13500,0.0,98.36867862969005
13750,0.0,98.84125144843568
14000,0.0,99.1015274034142
14250,0.0,99.11958914159942
14500,4.8,95.30516431924883
14750,0.0,97.8401727861771
15000,0.0,98.59747545582047
15250,0.0,98.96157840083075
15500,0.0,99.01071723000825
15750,4.8,84.12698412698413
16000,0.0,96.80511182108627
16250,0.0,98.22380106571936
16500,0.0,98.76998769987699
16750,0.0,99.05926622765757
17000,0.0,99.08606245239908
17250,4.8,93.86503067484662
17500,0.0,97.57869249394673
17750,0.0,98.49170437405732
18000,0.0,98.90470974808323
18250,0.0,99.140154772141
18500,4.8,23.076923076923077
18750,0.0,96.1977186311787
19000,0.0,98.05068226120858
19250,0.0,98.68938401048493
19500,0.0,99.01283316880553
19750,0.0,99.04988123515439
20000,4.8,91.1504424778761
20250,0.0,97.2451790633609
20500,0.0,98.36867862969005
20750,0.0,98.84125144843568
21000,0.0,99.1015274034142
21250,0.0,99.11958914159942
21500,4.8,95.30516431924883
21750,0.0,97.8401727861771
22000,0.0,98.59747545582047
22250,0.0,98.96157840083075
22500,0.0,99.01071723000825
22750,4.8,84.12698412698413
23000,0.0,96.80511182108627
23250,0.0,98.22380106571936
23500,0.0,98.76998769987699
23750,0.0,99.05926622765757
24000,0.0,99.08606245239908
24250,4.8,93.86503067484662
24500,0.0,97.57869249394673
24750,0.0,98.49170437405732
25000,0.0,98.90470974808323
25250,0.0,99.140154772141
25500,4.8,23.076923076923077
25750,0.0,96.1977186311787
26000,0.0,98.05068226120858
26250,0.0,98.68938401048493
26500,0.0,99.01283316880553
26750,0.0,99.04988123515439
27000,4.8,91.1504424778761
27250,0.0,97.2451790633609
27500,0.0,98.36867862969005
27750,0.0,98.84125144843568
28000,0.0,99.1015274034142
28250,0.0,99.11958914159942
28500,4.8,95.30516431924883
28750,0.0,97.8401727861771
29000,0.0,98.59747545582047
29250,0.0,98.96157840083075
29500,0.0,99.01071723000825
29750,4.8,84.12698412698413
30000,0.0,96.80511182108627
30250,0.0,98.22380106571936
30500,0.0,98.76998769987699
30750,0.0,99.05926622765757
