250,0.0,88.8
500,0.0,94.39999999999999
750,0.0,96.26666666666667
1000,0.0,97.2
1250,0.0,97.76
1500,11.200000000000001,72.0
1750,0.0,92.0
2000,0.0,95.33333333333334
2250,0.0,96.70588235294117
2500,0.0,97.45454545454545
2750,0.0,97.92592592592592
3000,11.200000000000001,86.0
3250,0.0,93.77777777777779
3500,0.0,96.0
3750,0.0,97.05263157894737
4000,0.0,97.66666666666667
4250,11.200000000000001,44.0
4500,0.0,90.66666666666666
4750,0.0,94.9090909090909
5000,0.0,96.5
5250,0.0,97.33333333333334
5500,0.0,97.84615384615385
5750,11.200000000000001,81.33333333333333
6000,0.0,93.0
6250,0.0,95.6923076923077
6500,0.0,96.88888888888889
6750,0.0,97.56521739130434
7000,0.0,98.0
7250,11.200000000000001,88.8
7500,0.0,94.39999999999999
7750,0.0,96.26666666666667
8000,0.0,97.2
8250,0.0,97.76
8500,11.200000000000001,72.0
8750,0.0,92.0
9000,0.0,95.33333333333334
9250,0.0,96.70588235294117
9500,0.0,97.45454545454545
9750,0.0,97.92592592592592
10000,11.200000000000001,86.0
10250,0.0,93.77777777777779
10500,0.0,96.0
10750,0.0,97.05263157894737
11000,0.0,97.66666666666667
11250,11.200000000000001,44.0
11500,0.0,90.66666666666666
11750,0.0,94.9090909090909
12000,0.0,96.5
12250,0.0,97.33333333333334
12500,0.0,97.84615384615385
12750,11.200000000000001,81.33333333333333
13000,0.0,93.0
13250,0.0,95.6923076923077
13500,0.0,96.88888888888889
13750,0.0,97.56521739130434
14000,0.0,98.0
14250,11.200000000000001,88.8
14500,0.0,94.39999999999999
14750,0.0,96.26666666666667
15000,0.0,97.2
15250,0.0,97.76
15500,11.200000000000001,72.0
15750,0.0,92.0
16000,0.0,95.33333333333334
16250,0.0,96.70588235294117
16500,0.0,97.45454545454545
16750,0.0,97.92592592592592
17000,11.200000000000001,86.0
17250,0.0,93.77777777777779
17500,0.0,96.0
17750,0.0,97.05263157894737
18000,0.0,97.66666666666667
18250,11.200000000000001,44.0
18500,0.0,90.66666666666666
18750,0.0,94.9090909090909
19000,0.0,96.5
19250,0.0,97.33333333333334
19500,0.0,97.84615384615385
19750,11.200000000000001,81.33333333333333
20000,0.0,93.0
20250,0.0,95.6923076923077
20500,0.0,96.88888888888889
20750,0.0,97.56521739130434
21000,0.0,98.0
21250,11.200000000000001,88.8
21500,0.0,94.39999999999999
21750,0.0,96.26666666666667
22000,0.0,97.2
22250,0.0,97.76
22500,11.200000000000001,72.0
22750,0.0,92.0
23000,0.0,95.33333333333334
23250,0.0,96.70588235294117
23500,0.0,97.45454545454545
23750,0.0,97.92592592592592
24000,11.200000000000001,86.0
24250,0.0,93.77777777777779
24500,0.0,96.0
24750,0.0,97.05263157894737
25000,0.0,97.66666666666667
25250,11.200000000000001,44.0
25500,0.0,90.66666666666666
25750,0.0,94.9090909090909
26000,0.0,96.5
26250,0.0,97.33333333333334
26500,0.0,97.84615384615385
26750,11.200000000000001,81.33333333333333
27000,0.0,93.0
27250,0.0,95.6923076923077
27500,0.0,96.88888888888889
27750,0.0,97.56521739130434
28000,0.0,98.0
28250,11.200000000000001,88.8
28500,0.0,94.39999999999999
28750,0.0,96.26666666666667
29000,0.0,97.2
29250,0.0,97.76
29500,11.200000000000001,72.0
29750,0.0,92.0
30000,0.0,95.33333333333334
30250,0.0,96.70588235294117
30500,0.0,97.45454545454545
30750,0.0,97.92592592592592
