250,0.0,100.0
500,0.0,100.0
750,0.0,20.8
1000,0.0,40.6
1250,0.0,52.480000000000004
1500,40.0,64.71428571428571
1750,100.0,82.57142857142857
2000,97.6,1.3333333333333335
2250,0.0,30.117647058823525
2500,0.0,46.0
2750,0.0,56.00000000000001
3000,80.0,71.85714285714285
3250,100.0,89.71428571428571
3500,57.599999999999994,15.142857142857144
3750,0.0,37.473684210526315
4000,0.0,50.5
4250,20.0,61.142857142857146
4500,100.0,79.0
4750,100.0,96.85714285714285
5000,17.599999999999998,25.75
5250,0.0,43.42857142857143
5500,0.0,54.307692307692314
5750,60.0,68.28571428571428
6000,100.0,86.14285714285714
6250,77.60000000000001,8.615384615384615
6500,0.0,34.0
6750,0.0,48.347826086956516
7000,0.0,57.57142857142858
7250,100.0,75.42857142857143
7500,100.0,93.28571428571428
7750,37.6,20.8
8000,0.0,40.6
8250,0.0,52.480000000000004
8500,40.0,64.71428571428571
8750,100.0,82.57142857142857
9000,97.6,1.3333333333333335
9250,0.0,30.117647058823525
9500,0.0,46.0
9750,0.0,56.00000000000001
10000,80.0,71.85714285714285
10250,100.0,89.71428571428571
10500,57.599999999999994,15.142857142857144
10750,0.0,37.473684210526315
11000,0.0,50.5
11250,20.0,61.142857142857146
11500,100.0,79.0
11750,100.0,96.85714285714285
12000,17.599999999999998,25.75
12250,0.0,43.42857142857143
12500,0.0,54.307692307692314
12750,60.0,68.28571428571428
13000,100.0,86.14285714285714
13250,77.60000000000001,8.615384615384615
13500,0.0,34.0
13750,0.0,48.347826086956516
14000,0.0,57.57142857142858
14250,100.0,75.42857142857143
14500,100.0,93.28571428571428
14750,37.6,20.8
15000,0.0,40.6
15250,0.0,52.480000000000004
15500,40.0,64.71428571428571
15750,100.0,82.57142857142857
16000,97.6,1.3333333333333335
16250,0.0,30.117647058823525
16500,0.0,46.0
16750,0.0,56.00000000000001
17000,80.0,71.85714285714285
17250,100.0,89.71428571428571
17500,57.599999999999994,15.142857142857144
17750,0.0,37.473684210526315
18000,0.0,50.5
18250,20.0,61.142857142857146
18500,100.0,79.0
18750,100.0,96.85714285714285
19000,17.599999999999998,25.75
19250,0.0,43.42857142857143
19500,0.0,54.307692307692314
19750,60.0,68.28571428571428
20000,100.0,86.14285714285714
20250,77.60000000000001,8.615384615384615
20500,0.0,34.0
20750,0.0,48.347826086956516
21000,0.0,57.57142857142858
21250,100.0,75.42857142857143
21500,100.0,93.28571428571428
21750,37.6,20.8
22000,0.0,40.6
22250,0.0,52.480000000000004
22500,40.0,64.71428571428571
22750,100.0,82.57142857142857
23000,97.6,1.3333333333333335
23250,0.0,30.117647058823525
23500,0.0,46.0
23750,0.0,56.00000000000001
24000,80.0,71.85714285714285
24250,100.0,89.71428571428571
24500,57.599999999999994,15.142857142857144
24750,0.0,37.473684210526315
25000,0.0,50.5
25250,20.0,61.142857142857146
25500,100.0,79.0
25750,100.0,96.85714285714285
26000,17.599999999999998,25.75
26250,0.0,43.42857142857143
26500,0.0,54.307692307692314
26750,60.0,68.28571428571428
27000,100.0,86.14285714285714
27250,77.60000000000001,8.615384615384615
27500,0.0,34.0
27750,0.0,48.347826086956516
28000,0.0,57.57142857142858
28250,100.0,75.42857142857143
28500,100.0,93.28571428571428
28750,37.6,20.8
29000,0.0,40.6
29250,0.0,52.480000000000004
29500,40.0,64.71428571428571
29750,100.0,82.57142857142857
30000,97.6,1.3333333333333335
30250,0.0,30.117647058823525
30500,0.0,46.0
30750,0.0,56.00000000000001
