250,0.0,100.0
500,0.0,100.0
750,0.0,100.0
1000,0.0,10.9
1250,0.0,28.720000000000002
1500,40.0,43.5
1750,100.0,61.357142857142854
2000,100.0,79.21428571428571
2250,100.0,97.07142857142857
2500,16.400000000000002,19.0
2750,0.0,34.0
3000,80.0,50.642857142857146
3250,100.0,68.5
3500,100.0,86.35714285714286
3750,76.4,6.210526315789474
4000,0.0,25.75
4250,20.0,39.92857142857143
4500,100.0,57.785714285714285
4750,100.0,75.64285714285714
5000,100.0,93.5
5250,36.4,15.142857142857144
5500,0.0,31.461538461538463
5750,60.0,47.07142857142857
6000,100.0,64.92857142857143
6250,100.0,82.78571428571428
6500,96.39999999999999,1.2222222222222223
6750,0.0,22.52173913043478
7000,0.0,36.357142857142854
7250,100.0,54.214285714285715
7500,100.0,72.07142857142857
7750,100.0,89.92857142857143
8000,56.39999999999999,10.9
8250,0.0,28.720000000000002
8500,40.0,43.5
8750,100.0,61.357142857142854
9000,100.0,79.21428571428571
9250,100.0,97.07142857142857
9500,16.400000000000002,19.0
9750,0.0,34.0
10000,80.0,50.642857142857146
10250,100.0,68.5
10500,100.0,86.35714285714286
10750,76.4,6.210526315789474
11000,0.0,25.75
11250,20.0,39.92857142857143
11500,100.0,57.785714285714285
11750,100.0,75.64285714285714
12000,100.0,93.5
12250,36.4,15.142857142857144
12500,0.0,31.461538461538463
12750,60.0,47.07142857142857
13000,100.0,64.92857142857143
13250,100.0,82.78571428571428
13500,96.39999999999999,1.2222222222222223
13750,0.0,22.52173913043478
14000,0.0,36.357142857142854
14250,100.0,54.214285714285715
14500,100.0,72.07142857142857
14750,100.0,89.92857142857143
15000,56.39999999999999,10.9
15250,0.0,28.720000000000002
15500,40.0,43.5
15750,100.0,61.357142857142854
16000,100.0,79.21428571428571
16250,100.0,97.07142857142857
16500,16.400000000000002,19.0
16750,0.0,34.0
17000,80.0,50.642857142857146
17250,100.0,68.5
17500,100.0,86.35714285714286
17750,76.4,6.210526315789474
18000,0.0,25.75
18250,20.0,39.92857142857143
18500,100.0,57.785714285714285
18750,100.0,75.64285714285714
19000,100.0,93.5
19250,36.4,15.142857142857144
19500,0.0,31.461538461538463
19750,60.0,47.07142857142857
20000,100.0,64.92857142857143
20250,100.0,82.78571428571428
20500,96.39999999999999,1.2222222222222223
20750,0.0,22.52173913043478
21000,0.0,36.357142857142854
21250,100.0,54.214285714285715
21500,100.0,72.07142857142857
21750,100.0,89.92857142857143
22000,56.39999999999999,10.9
22250,0.0,28.720000000000002
22500,40.0,43.5
22750,100.0,61.357142857142854
23000,100.0,79.21428571428571
23250,100.0,97.07142857142857
23500,16.400000000000002,19.0
23750,0.0,34.0
24000,80.0,50.642857142857146
24250,100.0,68.5
24500,100.0,86.35714285714286
24750,76.4,6.210526315789474
25000,0.0,25.75
25250,20.0,39.92857142857143
25500,100.0,57.785714285714285
25750,100.0,75.64285714285714
26000,100.0,93.5
26250,36.4,15.142857142857144
26500,0.0,31.461538461538463
26750,60.0,47.07142857142857
27000,100.0,64.92857142857143
27250,100.0,82.78571428571428
27500,96.39999999999999,1.2222222222222223
27750,0.0,22.52173913043478
28000,0.0,36.357142857142854
28250,100.0,54.214285714285715
28500,100.0,72.07142857142857
28750,100.0,89.92857142857143
29000,56.39999999999999,10.9
29250,0.0,28.720000000000002
29500,40.0,43.5
29750,100.0,61.357142857142854
30000,100.0,79.21428571428571
30250,100.0,97.07142857142857
30500,16.400000000000002,19.0
30750,0.0,34.0
