250,0.0,100.0
500,0.0,100.0
750,0.0,100.0
1000,0.0,100.0
1250,0.0,96.0
1500,40.0,85.71428571428571
1750,100.0,85.71428571428571
2000,100.0,85.71428571428571
2250,100.0,85.71428571428571
2500,100.0,85.71428571428571
2750,35.199999999999996,88.88888888888889
3000,80.0,85.71428571428571
3250,100.0,85.71428571428571
3500,100.0,85.71428571428571
3750,100.0,85.71428571428571
4000,95.19999999999999,100.0
4250,0.0,100.0
4500,0.0,100.0
4750,0.0,100.0
5000,0.0,100.0
5250,15.6,85.71428571428571
5500,100.0,85.71428571428571
5750,100.0,85.71428571428571
6000,100.0,85.71428571428571
6250,100.0,85.71428571428571
6500,59.599999999999994,100.0
6750,0.0,100.0
7000,0.0,100.0
7250,0.0,100.0
7500,0.0,100.0
7750,0.0,100.0
8000,0.0,100.0
8250,0.0,100.0
8500,0.0,100.0
8750,15.6,85.71428571428571
9000,100.0,85.71428571428571
9250,100.0,85.71428571428571
9500,100.0,85.71428571428571
9750,100.0,85.71428571428571
10000,59.599999999999994,100.0
10250,0.0,100.0
10500,0.0,100.0
10750,0.0,100.0
11000,0.0,100.0
11250,0.0,100.0
11500,0.0,100.0
11750,0.0,100.0
12000,0.0,100.0
12250,0.0,100.0
12500,0.0,100.0
12750,0.0,95.01187648456056
13000,4.8,100.0
13250,0.0,100.0
13500,0.0,100.0
13750,0.0,100.0
14000,0.0,100.0
14250,0.0,88.0410858400587
14500,4.8,100.0
14750,0.0,100.0
15000,0.0,100.0
15250,0.0,100.0
15500,0.0,98.92827699917561
15750,4.8,100.0
16000,0.0,100.0
16250,0.0,100.0
16500,0.0,100.0
16750,0.0,100.0
17000,0.0,91.3937547600914
17250,4.8,100.0
17500,0.0,100.0
17750,0.0,100.0
18000,0.0,100.0
18250,0.0,100.0
18500,4.8,100.0
18750,0.0,100.0
19000,0.0,100.0
19250,0.0,100.0
19500,0.0,100.0
19750,0.0,95.01187648456056
20000,4.8,100.0
20250,0.0,100.0
20500,0.0,100.0
20750,0.0,100.0
21000,0.0,100.0
21250,0.0,88.0410858400587
21500,4.8,100.0
21750,0.0,100.0
22000,0.0,100.0
22250,0.0,100.0
22500,0.0,98.92827699917561
22750,4.8,100.0
23000,0.0,100.0
23250,0.0,100.0
23500,0.0,100.0
23750,0.0,100.0
24000,0.0,91.3937547600914
24250,4.8,100.0
24500,0.0,100.0
24750,0.0,100.0
25000,0.0,100.0
25250,0.0,100.0
25500,4.8,100.0
25750,0.0,100.0
26000,0.0,100.0
26250,0.0,100.0
26500,0.0,100.0
26750,0.0,95.01187648456056
27000,4.8,100.0
27250,0.0,100.0
27500,0.0,100.0
27750,0.0,100.0
28000,0.0,100.0
28250,0.0,88.0410858400587
28500,4.8,100.0
28750,0.0,100.0
29000,0.0,100.0
29250,0.0,100.0
29500,0.0,98.92827699917561
29750,4.8,100.0
30000,0.0,100.0
30250,0.0,100.0
30500,0.0,100.0
30750,0.0,100.0
