250,0.0,100.0
500,0.0,100.0
750,0.0,100.0
1000,0.0,100.0
1250,0.0,100.0
1500,40.0,15.214285714285714
1750,100.0,33.07142857142858
2000,100.0,50.92857142857142
2250,100.0,68.78571428571428
2500,100.0,86.64285714285714
2750,74.8,4.666666666666667
3000,80.0,22.357142857142858
3250,100.0,40.214285714285715
3500,100.0,58.07142857142858
3750,100.0,75.92857142857142
4000,100.0,93.78571428571428
4250,34.8,12.82051282051282
4500,0.0,32.245532245532246
4750,0.0,51.67055167055167
5000,0.0,71.04037267080744
5250,55.2,17.92857142857143
5500,100.0,35.785714285714285
5750,100.0,53.642857142857146
6000,100.0,71.5
6250,100.0,89.35714285714286
6500,59.599999999999994,8.003108003108004
6750,0.0,27.42812742812743
7000,0.0,46.85314685314685
7250,0.0,66.27816627816627
7500,0.0,85.7031857031857
7750,0.0,5.128205128205128
8000,0.0,24.553224553224553
8250,0.0,43.97824397824398
8500,0.0,63.35403726708074
8750,55.2,17.92857142857143
9000,100.0,35.785714285714285
9250,100.0,53.642857142857146
9500,100.0,71.5
9750,100.0,89.35714285714286
10000,59.599999999999994,92.3076923076923
10250,0.0,15.384615384615385
10500,0.0,38.46153846153847
10750,0.0,61.53846153846154
11000,0.0,84.61538461538461
11250,0.0,7.6923076923076925
11500,0.0,30.76923076923077
11750,0.0,53.84615384615385
12000,0.0,71.42857142857143
12250,0.0,98.48484848484848
12500,0.0,99.22178988326849
12750,0.0,99.47643979057592
13000,0.0,99.60552268244575
13250,0.0,99.68354430379746
13500,5.2,90.35087719298247
13750,0.0,96.97802197802197
14000,0.0,98.2084690553746
14250,0.0,98.72685185185185
14500,0.0,99.01256732495511
14750,0.0,99.04692082111437
15000,5.2,94.85981308411215
15250,0.0,97.62931034482759
15500,0.0,98.45938375350141
15750,0.0,98.85892116182573
16000,0.0,99.09390444810543
16250,5.2,82.8125
16500,0.0,96.4968152866242
16750,0.0,98.04964539007092
17000,0.0,98.64864864864865
17250,0.0,98.96616541353383
17500,0.0,99.01065449010655
17750,5.2,93.29268292682927
18000,0.0,97.34299516908213
18250,0.0,98.3433734939759
18500,0.0,98.7964989059081
18750,0.0,99.05498281786942
19000,5.2,21.428571428571427
19250,0.0,95.83333333333334
19500,0.0,97.85992217898833
19750,0.0,98.56020942408377
20000,0.0,98.91518737672584
20250,0.0,99.12974683544303
20500,5.2,90.35087719298247
20750,0.0,96.97802197802197
21000,0.0,98.2084690553746
21250,0.0,98.72685185185185
21500,0.0,99.01256732495511
21750,0.0,99.04692082111437
22000,5.2,94.85981308411215
22250,0.0,97.62931034482759
22500,0.0,98.45938375350141
22750,0.0,98.85892116182573
23000,0.0,99.09390444810543
23250,5.2,82.8125
23500,0.0,96.4968152866242
23750,0.0,98.04964539007092
24000,0.0,98.64864864864865
24250,0.0,98.96616541353383
24500,0.0,99.01065449010655
24750,5.2,93.29268292682927
25000,0.0,97.34299516908213
25250,0.0,98.3433734939759
25500,0.0,98.7964989059081
25750,0.0,99.05498281786942
26000,5.2,21.428571428571427
26250,0.0,95.83333333333334
26500,0.0,97.85992217898833
26750,0.0,98.56020942408377
27000,0.0,98.91518737672584
27250,0.0,99.12974683544303
27500,5.2,90.35087719298247
27750,0.0,96.97802197802197
28000,0.0,98.2084690553746
28250,0.0,98.72685185185185
28500,0.0,99.01256732495511
28750,0.0,99.04692082111437
29000,5.2,94.85981308411215
29250,0.0,97.62931034482759
29500,0.0,98.45938375350141
29750,0.0,98.85892116182573
30000,0.0,99.09390444810543
30250,5.2,82.8125
30500,0.0,96.4968152866242
30750,0.0,98.04964539007092
