50,0.0,0.0
100,0.0,0.0
150,0.0,0.0
200,0.0,0.0
250,0.0,0.0
300,0.0,0.0
350,0.0,0.0
400,0.0,0.0
450,0.0,0.0
500,0.0,0.0
550,0.0,0.0
600,0.0,0.0
650,0.0,0.0
700,0.0,0.0
750,0.0,0.0
800,0.0,0.0
850,0.0,0.0
900,0.0,0.0
950,0.0,0.0
1000,0.0,0.0
1050,0.0,0.0
1100,0.0,0.0
1150,0.0,5.304347826086957
1200,0.0,9.25
1250,0.0,12.879999999999999
1300,0.0,16.230769230769234
1350,0.0,19.333333333333332
1400,0.0,22.214285714285715
1450,100.0,25.785714285714285
1500,100.0,29.35714285714286
1550,100.0,32.92857142857143
1600,100.0,36.5
1650,100.0,40.07142857142857
1700,100.0,43.642857142857146
1750,100.0,47.214285714285715
1800,100.0,50.78571428571429
1850,100.0,54.35714285714286
1900,100.0,57.92857142857143
1950,100.0,61.5
2000,100.0,65.07142857142857
2050,100.0,68.64285714285714
2100,100.0,72.21428571428572
2150,100.0,75.78571428571429
2200,100.0,79.35714285714286
2250,100.0,82.92857142857143
2300,100.0,86.5
2350,100.0,90.07142857142857
2400,100.0,93.64285714285714
2450,100.0,97.21428571428572
2500,78.0,1.1818181818181819
2550,0.0,1.0434782608695654
2600,0.0,1.0
2650,0.0,0.96
2700,0.0,0.9230769230769231
2750,0.0,0.8888888888888888
2800,0.0,0.8571428571428572
2850,100.0,4.428571428571428
2900,100.0,8.0
2950,100.0,11.571428571428571
3000,100.0,15.142857142857144
3050,100.0,18.714285714285715
3100,100.0,22.285714285714285
3150,100.0,25.857142857142858
3200,100.0,29.428571428571427
3250,100.0,33.0
3300,100.0,36.57142857142857
3350,100.0,40.14285714285714
3400,100.0,43.714285714285715
3450,100.0,47.285714285714285
3500,100.0,50.857142857142854
3550,100.0,54.42857142857142
3600,100.0,57.99999999999999
3650,100.0,61.57142857142858
3700,100.0,65.14285714285715
3750,100.0,68.71428571428572
3800,100.0,72.28571428571429
3850,100.0,75.85714285714286
3900,78.0,1.1818181818181819
3950,0.0,5.478260869565217
4000,0.0,9.416666666666666
4050,0.0,13.04
4100,0.0,16.384615384615383
4150,0.0,19.48148148148148
4200,0.0,22.357142857142858
4250,100.0,25.928571428571427
4300,100.0,29.5
4350,100.0,33.07142857142858
4400,100.0,36.642857142857146
4450,100.0,40.214285714285715
4500,100.0,43.785714285714285
4550,100.0,47.35714285714286
4600,100.0,50.92857142857142
4650,100.0,54.50000000000001
4700,100.0,58.07142857142858
4750,100.0,61.642857142857146
4800,100.0,65.21428571428571
4850,100.0,68.78571428571428
4900,100.0,72.35714285714285
4950,100.0,75.92857142857142
5000,100.0,79.5
5050,100.0,83.07142857142857
5100,100.0,86.64285714285714
5150,100.0,90.21428571428571
5200,100.0,93.78571428571428
5250,100.0,97.35714285714285
5300,78.0,1.1937557392102847
5350,0.0,5.785123966942149
5400,0.0,10.376492194674013
5450,0.0,14.967860422405877
5500,0.0,19.55922865013774
5550,0.0,24.150596877869603
5600,0.0,28.74196510560147
5650,0.0,33.33333333333333
5700,0.0,37.9247015610652
5750,0.0,42.51606978879706
5800,0.0,47.107438016528924
5850,0.0,51.69880624426079
5900,0.0,56.29017447199265
5950,0.0,60.88154269972452
6000,0.0,65.41284403669725
6050,0.0,1.0526315789473684
6100,0.0,1.0084033613445378
6150,0.0,0.967741935483871
6200,0.0,0.9302325581395349
6250,0.0,0.8955223880597015
6300,0.0,0.8633093525179856
6350,80.0,3.7142857142857144
6400,100.0,7.285714285714286
6450,100.0,10.857142857142858
6500,100.0,14.428571428571429
6550,100.0,18.0
6600,100.0,21.571428571428573
6650,100.0,25.142857142857146
6700,100.0,28.714285714285715
6750,100.0,32.285714285714285
6800,100.0,35.85714285714286
6850,100.0,39.42857142857143
6900,100.0,43.0
6950,100.0,46.57142857142857
7000,100.0,50.142857142857146
7050,100.0,53.714285714285715
7100,100.0,57.285714285714285
7150,100.0,60.857142857142854
7200,100.0,64.42857142857143
7250,100.0,68.0
7300,100.0,71.57142857142857
7350,100.0,75.14285714285714
7400,98.0,0.27522935779816515
7450,0.0,4.649122807017544
7500,0.0,8.655462184873949
7550,0.0,12.338709677419354
7600,0.0,15.736434108527131
7650,0.0,18.880597014925375
7700,0.0,21.798561151079138
7750,80.0,25.214285714285715
7800,100.0,28.78571428571429
7850,100.0,32.357142857142854
7900,100.0,35.92857142857142
7950,100.0,39.5
8000,100.0,43.07142857142857
8050,100.0,46.64285714285714
8100,100.0,50.21428571428571
8150,100.0,53.78571428571428
8200,100.0,57.35714285714286
8250,100.0,60.92857142857143
8300,100.0,64.5
8350,100.0,68.07142857142857
8400,100.0,71.64285714285714
8450,100.0,75.21428571428571
8500,100.0,78.78571428571428
8550,100.0,82.35714285714286
8600,100.0,85.92857142857143
8650,100.0,89.5
8700,100.0,93.07142857142857
8750,100.0,96.64285714285714
8800,98.0,0.27548209366391185
8850,0.0,4.866850321395775
8900,0.0,9.45821854912764
8950,0.0,14.049586776859504
9000,0.0,18.623853211009177
9050,0.0,1.0526315789473684
9100,0.0,1.0084033613445378
9150,0.0,3.4166666666666665
9200,0.0,7.583333333333334
9250,0.0,11.75
9300,0.0,15.916666666666668
9350,0.0,20.083333333333332
9400,0.0,24.25
9450,0.0,28.416666666666668
9500,0.0,32.28736581337737
9550,0.0,34.97224425059476
9600,0.0,37.45232646834478
9650,0.0,39.75018368846436
9700,22.0,42.214285714285715
9750,100.0,45.785714285714285
9800,100.0,49.357142857142854
9850,100.0,52.92857142857142
9900,100.0,56.49999999999999
9950,100.0,60.07142857142858
10000,100.0,63.642857142857146
10050,100.0,67.21428571428572
10100,100.0,70.78571428571429
10150,100.0,74.35714285714286
10200,100.0,77.92857142857143
10250,100.0,81.5
10300,100.0,85.07142857142857
10350,100.0,88.64285714285714
10400,98.0,70.62015503875969
10450,0.0,71.71641791044776
10500,0.0,72.73381294964028
10550,80.0,75.78571428571429
10600,100.0,79.35714285714286
10650,100.0,82.92857142857143
10700,100.0,86.5
10750,100.0,90.07142857142857
10800,100.0,93.64285714285714
10850,100.0,97.21428571428572
10900,78.0,41.37076796036334
10950,0.0,39.73037272006344
11000,0.0,38.215102974828376
11050,0.0,8.96399706098457
11100,22.0,9.5
11150,100.0,13.071428571428573
11200,100.0,16.642857142857142
11250,100.0,20.214285714285715
11300,100.0,23.785714285714285
11350,100.0,27.357142857142858
11400,100.0,30.928571428571427
11450,100.0,34.5
11500,100.0,38.07142857142857
11550,100.0,41.642857142857146
11600,100.0,45.214285714285715
11650,100.0,48.785714285714285
11700,100.0,52.35714285714286
11750,100.0,55.92857142857143
11800,98.0,64.54615981380915
11850,0.0,67.64934057408844
11900,0.0,71.52831652443756
11950,0.0,75.40729247478666
12000,0.0,79.28626842513576
12050,0.0,83.16524437548487
12100,0.0,87.04422032583398
12150,0.0,90.92319627618308
12200,0.0,2.1120293847566574
12250,0.0,6.703397612488522
12300,0.0,11.181818181818182
12350,0.0,15.043478260869565
12400,0.0,18.583333333333332
12450,0.0,21.84
12500,0.0,24.846153846153847
12550,0.0,27.629629629629633
12600,0.0,30.214285714285715
12650,100.0,33.785714285714285
12700,100.0,37.357142857142854
12750,100.0,40.92857142857143
12800,100.0,44.5
12850,100.0,48.07142857142857
12900,100.0,51.642857142857146
12950,100.0,55.214285714285715
13000,100.0,58.785714285714285
13050,100.0,62.357142857142854
13100,100.0,65.92857142857143
13150,100.0,69.5
13200,100.0,73.07142857142857
13250,100.0,76.64285714285714
13300,100.0,80.21428571428572
13350,100.0,83.78571428571429
13400,100.0,87.35714285714286
13450,100.0,90.92857142857143
13500,100.0,94.5
13550,100.0,98.07142857142857
13600,100.0,93.64285714285714
13650,100.0,97.21428571428572
13700,78.0,1.1818181818181819
13750,0.0,1.0434782608695654
13800,0.0,1.0
13850,0.0,0.96
13900,0.0,0.9230769230769231
13950,0.0,0.8888888888888888
14000,0.0,0.8571428571428572
14050,100.0,4.428571428571428
14100,100.0,8.0
14150,100.0,11.571428571428571
14200,100.0,15.142857142857144
14250,100.0,18.714285714285715
14300,100.0,22.285714285714285
14350,100.0,25.857142857142858
14400,100.0,29.428571428571427
14450,100.0,33.0
14500,100.0,36.57142857142857
14550,100.0,40.14285714285714
14600,100.0,43.714285714285715
14650,100.0,47.285714285714285
14700,100.0,50.857142857142854
14750,100.0,54.42857142857142
14800,100.0,57.99999999999999
14850,100.0,61.57142857142858
14900,100.0,65.14285714285715
14950,100.0,68.71428571428572
15000,100.0,72.28571428571429
15050,100.0,75.85714285714286
15100,78.0,1.1818181818181819
15150,0.0,5.478260869565217
15200,0.0,9.416666666666666
15250,0.0,13.04
15300,0.0,16.384615384615383
15350,0.0,19.48148148148148
15400,0.0,22.357142857142858
15450,100.0,25.928571428571427
15500,100.0,29.5
15550,100.0,33.07142857142858
15600,100.0,36.642857142857146
15650,100.0,40.214285714285715
15700,100.0,43.785714285714285
15750,100.0,47.35714285714286
15800,100.0,50.92857142857142
15850,100.0,54.50000000000001
15900,100.0,58.07142857142858
15950,100.0,61.642857142857146
16000,100.0,65.21428571428571
16050,100.0,68.78571428571428
16100,100.0,72.35714285714285
16150,100.0,75.92857142857142
16200,100.0,79.5
16250,100.0,83.07142857142857
16300,100.0,86.64285714285714
16350,100.0,90.21428571428571
16400,100.0,93.78571428571428
16450,100.0,97.35714285714285
16500,78.0,1.1818181818181819
16550,0.0,1.0434782608695654
16600,0.0,1.0
16650,0.0,0.96
16700,0.0,0.9309542280837859
16750,0.0,4.809930178432894
16800,0.0,8.688906128782001
16850,0.0,12.56788207913111
16900,0.0,16.446858029480218
16950,0.0,20.325833979829326
17000,0.0,24.204809930178435
17050,0.0,28.08378588052754
17100,0.0,31.962761830876644
17150,0.0,35.84173778122576
17200,0.0,39.72071373157486
17250,0.0,43.59968968192397
17300,0.0,47.478665632273085
17350,0.0,51.35764158262219
17400,0.0,55.2366175329713
17450,0.0,59.1155934833204
17500,0.0,62.99456943366951
17550,0.0,66.87354538401861
17600,0.0,70.75252133436773
17650,0.0,74.63149728471683
17700,0.0,78.51047323506594
17750,0.0,82.38944918541506
17800,0.0,2.1120293847566574
17850,0.0,6.703397612488522
17900,0.0,11.181818181818182
17950,0.0,15.043478260869565
18000,0.0,18.583333333333332
18050,0.0,21.84
18100,0.0,24.846153846153847
18150,0.0,27.629629629629633
18200,0.0,30.214285714285715
18250,100.0,33.785714285714285
18300,100.0,37.357142857142854
18350,100.0,40.92857142857143
18400,100.0,44.5
18450,100.0,48.07142857142857
18500,100.0,51.642857142857146
18550,100.0,55.214285714285715
18600,100.0,58.785714285714285
18650,100.0,62.357142857142854
18700,100.0,65.92857142857143
18750,100.0,69.5
18800,100.0,73.07142857142857
18850,100.0,76.64285714285714
18900,100.0,80.21428571428572
18950,100.0,83.78571428571429
19000,100.0,87.35714285714286
19050,100.0,90.92857142857143
19100,100.0,94.5
19150,100.0,98.07142857142857
19200,100.0,93.64285714285714
19250,100.0,97.21428571428572
19300,78.0,1.1818181818181819
19350,0.0,1.0434782608695654
19400,0.0,1.0
19450,0.0,0.96
19500,0.0,0.9230769230769231
19550,0.0,0.8888888888888888
19600,0.0,0.8571428571428572
19650,100.0,4.428571428571428
19700,100.0,8.0
19750,100.0,11.571428571428571
19800,100.0,15.142857142857144
19850,100.0,18.714285714285715
19900,100.0,22.285714285714285
19950,100.0,25.857142857142858
20000,100.0,29.428571428571427
20050,100.0,33.0
20100,100.0,36.57142857142857
20150,100.0,40.14285714285714
20200,100.0,43.714285714285715
20250,100.0,47.285714285714285
20300,100.0,50.857142857142854
20350,100.0,54.42857142857142
20400,100.0,57.99999999999999
20450,100.0,61.57142857142858
20500,100.0,65.14285714285715
20550,100.0,68.71428571428572
20600,100.0,72.28571428571429
20650,100.0,75.85714285714286
20700,78.0,1.1818181818181819
20750,0.0,5.478260869565217
20800,0.0,9.416666666666666
20850,0.0,13.04
20900,0.0,16.384615384615383
20950,0.0,19.48148148148148
21000,0.0,22.357142857142858
21050,100.0,25.928571428571427
21100,100.0,29.5
21150,100.0,33.07142857142858
21200,100.0,36.642857142857146
21250,100.0,40.214285714285715
21300,100.0,43.785714285714285
21350,100.0,47.35714285714286
21400,100.0,50.92857142857142
21450,100.0,54.50000000000001
21500,100.0,58.07142857142858
21550,100.0,61.642857142857146
21600,100.0,65.21428571428571
21650,100.0,68.78571428571428
21700,100.0,72.35714285714285
21750,100.0,75.92857142857142
21800,100.0,79.5
21850,100.0,83.07142857142857
21900,100.0,86.64285714285714
21950,100.0,90.21428571428571
22000,100.0,93.78571428571428
22050,100.0,97.35714285714285
22100,78.0,1.1818181818181819
22150,0.0,1.0434782608695654
22200,0.0,1.0
22250,0.0,0.96
22300,0.0,0.9230769230769231
22350,0.0,0.8888888888888888
22400,0.0,0.8571428571428572
22450,100.0,4.428571428571428
22500,100.0,8.0
22550,100.0,11.571428571428571
22600,100.0,15.142857142857144
22650,100.0,18.714285714285715
22700,100.0,22.285714285714285
22750,100.0,25.857142857142858
22800,100.0,29.428571428571427
22850,100.0,33.0
22900,100.0,36.57142857142857
22950,100.0,40.14285714285714
23000,100.0,43.714285714285715
23050,100.0,47.285714285714285
23100,100.0,50.857142857142854
23150,100.0,54.42857142857142
23200,100.0,57.99999999999999
23250,100.0,61.57142857142858
23300,100.0,65.14285714285715
23350,100.0,68.71428571428572
23400,100.0,72.28571428571429
23450,100.0,75.85714285714286
23500,78.0,1.1818181818181819
23550,0.0,5.478260869565217
23600,0.0,9.416666666666666
23650,0.0,13.04
23700,0.0,16.384615384615383
23750,0.0,19.48148148148148
23800,0.0,22.357142857142858
23850,100.0,25.928571428571427
23900,100.0,29.5
23950,100.0,33.07142857142858
24000,100.0,36.642857142857146
24050,100.0,40.214285714285715
24100,100.0,43.785714285714285
24150,100.0,47.35714285714286
24200,100.0,50.92857142857142
24250,100.0,54.50000000000001
24300,100.0,58.07142857142858
24350,100.0,61.642857142857146
24400,100.0,65.21428571428571
24450,100.0,68.78571428571428
24500,100.0,72.35714285714285
24550,100.0,75.92857142857142
24600,100.0,79.5
24650,100.0,83.07142857142857
24700,100.0,86.64285714285714
24750,100.0,90.21428571428571
24800,100.0,93.78571428571428
24850,100.0,97.35714285714285
24900,78.0,1.1818181818181819
24950,0.0,1.0434782608695654
25000,0.0,1.0
25050,0.0,0.96
25100,0.0,0.9230769230769231
25150,0.0,0.8888888888888888
25200,0.0,0.8571428571428572
25250,100.0,4.428571428571428
25300,100.0,8.0
25350,100.0,11.571428571428571
25400,100.0,15.142857142857144
25450,100.0,18.714285714285715
25500,100.0,22.285714285714285
25550,100.0,25.857142857142858
25600,100.0,29.428571428571427
25650,100.0,33.0
25700,100.0,36.57142857142857
25750,100.0,40.14285714285714
25800,100.0,43.714285714285715
25850,100.0,47.285714285714285
25900,100.0,50.857142857142854
25950,100.0,54.42857142857142
26000,100.0,57.99999999999999
26050,100.0,61.57142857142858
26100,100.0,65.14285714285715
26150,100.0,68.71428571428572
26200,100.0,72.28571428571429
26250,100.0,75.85714285714286
26300,78.0,1.1818181818181819
26350,0.0,5.478260869565217
26400,0.0,9.416666666666666
26450,0.0,13.04
26500,0.0,16.384615384615383
26550,0.0,19.48148148148148
26600,0.0,22.357142857142858
26650,100.0,25.928571428571427
26700,100.0,29.5
26750,100.0,33.07142857142858
26800,100.0,36.642857142857146
26850,100.0,40.214285714285715
26900,100.0,43.785714285714285
26950,100.0,47.35714285714286
27000,100.0,50.92857142857142
27050,100.0,54.50000000000001
27100,100.0,58.07142857142858
27150,100.0,61.642857142857146
27200,100.0,65.21428571428571
27250,100.0,68.78571428571428
27300,100.0,72.35714285714285
27350,100.0,75.92857142857142
27400,100.0,79.5
27450,100.0,83.07142857142857
27500,100.0,86.64285714285714
27550,100.0,90.21428571428571
27600,100.0,93.78571428571428
27650,100.0,97.35714285714285
27700,78.0,1.1818181818181819
27750,0.0,1.0434782608695654
27800,0.0,1.0
27850,0.0,0.96
27900,0.0,0.9230769230769231
27950,0.0,0.8888888888888888
28000,0.0,0.8571428571428572
28050,100.0,4.428571428571428
28100,100.0,8.0
28150,100.0,11.571428571428571
28200,100.0,15.142857142857144
28250,100.0,18.714285714285715
28300,100.0,22.285714285714285
28350,100.0,25.857142857142858
28400,100.0,29.428571428571427
28450,100.0,33.0
28500,100.0,36.57142857142857
28550,100.0,40.14285714285714
28600,100.0,43.714285714285715
28650,100.0,47.285714285714285
28700,100.0,50.857142857142854
28750,100.0,54.42857142857142
28800,100.0,57.99999999999999
28850,100.0,61.57142857142858
28900,100.0,65.14285714285715
28950,100.0,68.71428571428572
29000,100.0,72.28571428571429
29050,100.0,75.85714285714286
29100,78.0,1.1818181818181819
29150,0.0,5.478260869565217
29200,0.0,9.416666666666666
29250,0.0,13.04
29300,0.0,16.384615384615383
29350,0.0,19.48148148148148
29400,0.0,22.357142857142858
29450,100.0,25.928571428571427
29500,100.0,29.5
29550,100.0,33.07142857142858
29600,100.0,36.642857142857146
29650,100.0,40.214285714285715
29700,100.0,43.785714285714285
29750,100.0,47.35714285714286
29800,100.0,50.92857142857142
29850,100.0,54.50000000000001
29900,100.0,58.07142857142858
29950,100.0,61.642857142857146
30000,100.0,65.21428571428571
30050,100.0,68.78571428571428
30100,100.0,72.35714285714285
30150,100.0,75.92857142857142
30200,100.0,79.5
30250,100.0,83.07142857142857
30300,100.0,86.64285714285714
30350,100.0,90.21428571428571
30400,100.0,93.78571428571428
30450,100.0,97.35714285714285
30500,78.0,1.1818181818181819
30550,0.0,1.0434782608695654
30600,0.0,1.0
30650,0.0,0.96
30700,0.0,0.9230769230769231
30750,0.0,0.8888888888888888
