250,0.0,100.0
500,0.0,100.0
750,0.0,100.0
1000,0.0,100.0
1250,0.0,100.0
1500,40.0,92.85714285714286
1750,100.0,92.85714285714286
2000,100.0,92.85714285714286
2250,100.0,92.85714285714286
2500,100.0,92.85714285714286
2750,74.8,96.29629629629629
3000,80.0,92.85714285714286
3250,100.0,92.85714285714286
3500,100.0,92.85714285714286
3750,100.0,92.85714285714286
4000,100.0,92.85714285714286
4250,34.8,100.0
4500,0.0,100.0
4750,0.0,100.0
5000,0.0,100.0
5250,55.2,92.85714285714286
5500,100.0,92.85714285714286
5750,100.0,92.85714285714286
6000,100.0,92.85714285714286
6250,100.0,92.85714285714286
6500,59.599999999999994,100.0
6750,0.0,100.0
7000,0.0,100.0
7250,0.0,100.0
7500,0.0,100.0
7750,0.0,100.0
8000,0.0,100.0
8250,0.0,100.0
8500,0.0,100.0
8750,55.2,92.85714285714286
9000,100.0,92.85714285714286
9250,100.0,92.85714285714286
9500,100.0,92.85714285714286
9750,100.0,92.85714285714286
10000,59.599999999999994,100.0
10250,0.0,100.0
10500,0.0,100.0
10750,0.0,100.0
11000,0.0,100.0
11250,0.0,100.0
11500,0.0,100.0
11750,0.0,100.0
12000,0.0,100.0
12250,0.0,100.0
12500,0.0,100.0
12750,0.0,100.0
13000,0.0,100.0
13250,0.0,100.0
13500,5.2,100.0
13750,0.0,100.0
14000,0.0,100.0
14250,0.0,100.0
14500,0.0,100.0
14750,0.0,95.30791788856305
15000,5.2,100.0
15250,0.0,100.0
15500,0.0,100.0
15750,0.0,100.0
16000,0.0,100.0
16250,5.2,100.0
16500,0.0,100.0
16750,0.0,100.0
17000,0.0,100.0
17250,0.0,100.0
17500,0.0,98.93455098934551
17750,5.2,100.0
18000,0.0,100.0
18250,0.0,100.0
18500,0.0,100.0
18750,0.0,100.0
19000,5.2,100.0
19250,0.0,100.0
19500,0.0,100.0
19750,0.0,100.0
20000,0.0,100.0
20250,0.0,100.0
20500,5.2,100.0
20750,0.0,100.0
21000,0.0,100.0
21250,0.0,100.0
21500,0.0,100.0
21750,0.0,95.30791788856305
22000,5.2,100.0
22250,0.0,100.0
22500,0.0,100.0
22750,0.0,100.0
23000,0.0,100.0
23250,5.2,100.0
23500,0.0,100.0
23750,0.0,100.0
24000,0.0,100.0
24250,0.0,100.0
24500,0.0,98.93455098934551
24750,5.2,100.0
25000,0.0,100.0
25250,0.0,100.0
25500,0.0,100.0
25750,0.0,100.0
26000,5.2,100.0
26250,0.0,100.0
26500,0.0,100.0
26750,0.0,100.0
27000,0.0,100.0
27250,0.0,100.0
27500,5.2,100.0
27750,0.0,100.0
28000,0.0,100.0
28250,0.0,100.0
28500,0.0,100.0
28750,0.0,95.30791788856305
29000,5.2,100.0
29250,0.0,100.0
29500,0.0,100.0
29750,0.0,100.0
30000,0.0,100.0
30250,5.2,100.0
30500,0.0,100.0
30750,0.0,100.0
