250,0.0,100.0
500,0.0,100.0
750,0.0,66.66666666666666
1000,0.0,50.0
1250,0.0,40.0
1500,40.0,35.714285714285715
1750,100.0,35.714285714285715
2000,57.99999999999999,83.33333333333334
2250,0.0,58.82352941176471
2500,0.0,45.45454545454545
2750,0.0,37.03703703703704
3000,80.0,35.714285714285715
3250,100.0,35.714285714285715
3500,18.0,71.42857142857143
3750,0.0,52.63157894736842
4000,0.0,41.66666666666667
4250,20.0,35.714285714285715
4500,100.0,35.714285714285715
4750,78.0,90.9090909090909
5000,0.0,62.5
5250,0.0,47.61904761904761
5500,0.0,38.46153846153847
5750,60.0,35.714285714285715
6000,100.0,35.714285714285715
6250,38.0,76.92307692307693
6500,0.0,55.55555555555556
6750,0.0,43.47826086956522
7000,0.0,35.714285714285715
7250,100.0,35.714285714285715
7500,98.0,100.0
7750,0.0,66.66666666666666
8000,0.0,50.0
8250,0.0,40.0
8500,40.0,35.714285714285715
8750,100.0,35.714285714285715
9000,57.99999999999999,83.33333333333334
9250,0.0,58.82352941176471
9500,0.0,45.45454545454545
9750,0.0,37.03703703703704
10000,80.0,35.714285714285715
10250,100.0,35.714285714285715
10500,18.0,71.42857142857143
10750,0.0,52.63157894736842
11000,0.0,41.66666666666667
11250,20.0,35.714285714285715
11500,100.0,35.714285714285715
11750,78.0,90.9090909090909
12000,0.0,62.5
12250,0.0,47.61904761904761
12500,0.0,38.46153846153847
12750,60.0,35.714285714285715
13000,100.0,35.714285714285715
13250,38.0,76.92307692307693
13500,0.0,55.55555555555556
13750,0.0,43.47826086956522
14000,0.0,35.714285714285715
14250,100.0,35.714285714285715
14500,98.0,100.0
14750,0.0,66.66666666666666
15000,0.0,50.0
15250,0.0,40.0
15500,40.0,35.714285714285715
15750,100.0,35.714285714285715
16000,57.99999999999999,83.33333333333334
16250,0.0,58.82352941176471
16500,0.0,45.45454545454545
16750,0.0,37.03703703703704
17000,80.0,35.714285714285715
17250,100.0,35.714285714285715
17500,18.0,71.42857142857143
17750,0.0,52.63157894736842
18000,0.0,41.66666666666667
18250,20.0,35.714285714285715
18500,100.0,35.714285714285715
18750,78.0,90.9090909090909
19000,0.0,62.5
19250,0.0,47.61904761904761
19500,0.0,38.46153846153847
19750,60.0,35.714285714285715
20000,100.0,35.714285714285715
20250,38.0,76.92307692307693
20500,0.0,55.55555555555556
20750,0.0,43.47826086956522
21000,0.0,35.714285714285715
21250,100.0,35.714285714285715
21500,98.0,100.0
21750,0.0,66.66666666666666
22000,0.0,50.0
22250,0.0,40.0
22500,40.0,35.714285714285715
22750,100.0,35.714285714285715
23000,57.99999999999999,83.33333333333334
23250,0.0,58.82352941176471
23500,0.0,45.45454545454545
23750,0.0,37.03703703703704
24000,80.0,35.714285714285715
24250,100.0,35.714285714285715
24500,18.0,71.42857142857143
24750,0.0,52.63157894736842
25000,0.0,41.66666666666667
25250,20.0,35.714285714285715
25500,100.0,35.714285714285715
25750,78.0,90.9090909090909
26000,0.0,62.5
26250,0.0,47.61904761904761
26500,0.0,38.46153846153847
26750,60.0,35.714285714285715
27000,100.0,35.714285714285715
27250,38.0,76.92307692307693
27500,0.0,55.55555555555556
27750,0.0,43.47826086956522
28000,0.0,35.714285714285715
28250,100.0,35.714285714285715
28500,98.0,100.0
28750,0.0,66.66666666666666
29000,0.0,50.0
29250,0.0,40.0
29500,40.0,35.714285714285715
29750,100.0,35.714285714285715
30000,57.99999999999999,83.33333333333334
30250,0.0,58.82352941176471
30500,0.0,45.45454545454545
30750,0.0,37.03703703703704
