50,0.0,0.0
100,0.0,0.0
150,0.0,0.0
200,0.0,0.0
250,0.0,20.8
300,0.0,34.0
350,0.0,43.42857142857143
400,0.0,50.5
450,0.0,56.00000000000001
500,0.0,60.4
550,0.0,64.0
600,0.0,67.0
650,0.0,69.53846153846153
700,0.0,71.71428571428572
750,0.0,73.6
800,0.0,75.25
850,0.0,76.70588235294117
900,0.0,78.0
950,0.0,79.15789473684211
1000,0.0,80.2
1050,0.0,81.14285714285714
1100,0.0,82.0
1150,0.0,82.78260869565217
1200,0.0,83.5
1250,0.0,84.16
1300,0.0,84.76923076923077
1350,0.0,85.33333333333334
1400,0.0,85.85714285714286
1450,100.0,89.42857142857143
1500,100.0,93.0
1550,100.0,96.57142857142857
1600,96.0,2.0
1650,0.0,1.2
1700,0.0,1.0
1750,0.0,0.8571428571428572
1800,0.0,0.75
1850,0.0,0.6666666666666667
1900,0.0,0.6
1950,0.0,0.5454545454545455
2000,0.0,0.5
2050,0.0,0.46153846153846156
2100,0.0,0.4285714285714286
2150,0.0,0.4
2200,0.0,0.375
2250,0.0,0.35294117647058826
2300,0.0,0.33333333333333337
2350,0.0,0.3157894736842105
2400,0.0,0.3
2450,0.0,0.2857142857142857
2500,0.0,0.27272727272727276
2550,0.0,0.26086956521739135
2600,0.0,0.25
2650,0.0,0.24
2700,0.0,0.23076923076923078
2750,0.0,0.2222222222222222
2800,0.0,0.2142857142857143
2850,100.0,3.785714285714286
2900,100.0,7.357142857142857
2950,100.0,10.928571428571429
3000,96.0,2.0
3050,0.0,21.6
3100,0.0,34.66666666666667
3150,0.0,44.0
3200,0.0,51.0
3250,0.0,56.44444444444444
3300,0.0,60.8
3350,0.0,64.36363636363637
3400,0.0,67.33333333333333
3450,0.0,69.84615384615384
3500,0.0,72.0
3550,0.0,73.86666666666667
3600,0.0,75.5
3650,0.0,76.94117647058823
3700,0.0,78.22222222222223
3750,0.0,79.36842105263158
3800,0.0,80.4
3850,0.0,81.33333333333333
3900,0.0,82.18181818181817
3950,0.0,82.95652173913044
4000,0.0,83.66666666666667
4050,0.0,84.32
4100,0.0,84.92307692307692
4150,0.0,85.48148148148148
4200,0.0,86.0
4250,100.0,89.57142857142857
4300,100.0,93.14285714285714
4350,100.0,96.71428571428572
4400,96.0,2.0
4450,0.0,1.2
4500,0.0,1.0
4550,0.0,0.8571428571428572
4600,0.0,0.75
4650,0.0,0.6666666666666667
4700,0.0,0.6
4750,0.0,0.5454545454545455
4800,0.0,0.5
4850,0.0,0.46153846153846156
4900,0.0,0.4285714285714286
4950,0.0,0.4
5000,0.0,0.375
5050,0.0,0.35294117647058826
5100,0.0,0.33333333333333337
5150,0.0,0.3157894736842105
5200,0.0,0.3
5250,0.0,0.2857142857142857
5300,0.0,0.27272727272727276
5350,0.0,0.26086956521739135
5400,0.0,0.25
5450,0.0,0.24
5500,0.0,0.23076923076923078
5550,0.0,0.2222222222222222
5600,0.0,0.2142857142857143
5650,100.0,3.785714285714286
5700,100.0,7.357142857142857
5750,100.0,10.928571428571429
5800,96.0,2.0
5850,0.0,21.6
5900,0.0,34.66666666666667
5950,0.0,44.0
6000,0.0,51.0
6050,0.0,56.44444444444444
6100,0.0,60.8
6150,0.0,64.36363636363637
6200,0.0,67.33333333333333
6250,0.0,69.84615384615384
6300,0.0,72.0
6350,0.0,73.86666666666667
6400,0.0,75.5
6450,0.0,76.94117647058823
6500,0.0,78.22222222222223
6550,0.0,79.36842105263158
6600,0.0,80.4
6650,0.0,81.33333333333333
6700,0.0,82.18181818181817
6750,0.0,82.95652173913044
6800,0.0,83.66666666666667
6850,0.0,84.32
6900,0.0,84.92307692307692
6950,0.0,85.48148148148148
7000,0.0,86.0
7050,100.0,89.57142857142857
7100,100.0,93.14285714285714
7150,100.0,96.71428571428572
7200,96.0,2.0
7250,0.0,1.2
7300,0.0,1.0
7350,0.0,0.8571428571428572
7400,0.0,0.75
7450,0.0,0.6666666666666667
7500,0.0,0.6
7550,0.0,0.5454545454545455
7600,0.0,0.5
7650,0.0,0.46153846153846156
7700,0.0,0.4285714285714286
7750,0.0,0.4
7800,0.0,0.375
7850,0.0,0.35294117647058826
7900,0.0,0.33333333333333337
7950,0.0,0.3157894736842105
8000,0.0,0.3
8050,0.0,0.2857142857142857
8100,0.0,0.27272727272727276
8150,0.0,0.26086956521739135
8200,0.0,0.25
8250,0.0,0.24
8300,0.0,0.23076923076923078
8350,0.0,0.2222222222222222
8400,0.0,0.2142857142857143
8450,100.0,3.785714285714286
8500,100.0,7.357142857142857
8550,100.0,10.928571428571429
8600,96.0,2.0
8650,0.0,21.6
8700,0.0,34.66666666666667
8750,0.0,44.0
8800,0.0,51.0
8850,0.0,56.44444444444444
8900,0.0,60.8
8950,0.0,64.36363636363637
9000,0.0,67.33333333333333
9050,0.0,69.84615384615384
9100,0.0,72.0
9150,0.0,73.86666666666667
9200,0.0,75.5
9250,0.0,76.94117647058823
9300,0.0,78.22222222222223
9350,0.0,79.36842105263158
9400,0.0,80.4
9450,0.0,81.33333333333333
9500,0.0,82.18181818181817
9550,0.0,82.95652173913044
9600,0.0,83.66666666666667
9650,0.0,84.32
9700,0.0,84.92307692307692
9750,0.0,85.48148148148148
9800,0.0,86.0
9850,100.0,89.57142857142857
9900,100.0,93.14285714285714
9950,100.0,96.71428571428572
10000,96.0,2.0
10050,0.0,1.2
10100,0.0,1.0
10150,0.0,0.8571428571428572
10200,0.0,0.75
10250,0.0,0.6666666666666667
10300,0.0,0.6
10350,0.0,0.5454545454545455
10400,0.0,0.5
10450,0.0,0.46153846153846156
10500,0.0,0.4285714285714286
10550,0.0,0.4
10600,0.0,0.375
10650,0.0,0.35294117647058826
10700,0.0,0.33333333333333337
10750,0.0,0.3157894736842105
10800,0.0,0.3
10850,0.0,0.2857142857142857
10900,0.0,0.27272727272727276
10950,0.0,0.26086956521739135
11000,0.0,0.25
11050,0.0,0.24
11100,0.0,0.23076923076923078
11150,0.0,0.2222222222222222
11200,0.0,0.2142857142857143
11250,100.0,3.785714285714286
11300,100.0,7.357142857142857
11350,100.0,10.928571428571429
11400,96.0,2.0
11450,0.0,21.6
11500,0.0,34.66666666666667
11550,0.0,44.0
11600,0.0,51.0
11650,0.0,56.44444444444444
11700,0.0,60.8
11750,0.0,64.36363636363637
11800,0.0,67.33333333333333
11850,0.0,69.84615384615384
11900,0.0,72.0
11950,0.0,73.86666666666667
12000,0.0,75.5
12050,0.0,76.94117647058823
12100,0.0,78.22222222222223
12150,0.0,79.36842105263158
12200,0.0,80.4
12250,0.0,81.33333333333333
12300,0.0,82.18181818181817
12350,0.0,82.95652173913044
12400,0.0,83.66666666666667
12450,0.0,84.32
12500,0.0,84.92307692307692
12550,0.0,85.48148148148148
12600,0.0,86.0
12650,100.0,89.57142857142857
12700,100.0,93.14285714285714
12750,100.0,96.71428571428572
12800,96.0,2.0
12850,0.0,1.2
12900,0.0,1.0
12950,0.0,0.8571428571428572
13000,0.0,0.75
13050,0.0,0.6666666666666667
13100,0.0,0.6
13150,0.0,0.5454545454545455
13200,0.0,0.5
13250,0.0,0.46153846153846156
13300,0.0,0.4285714285714286
13350,0.0,0.4
13400,0.0,0.375
13450,0.0,0.35294117647058826
13500,0.0,0.33333333333333337
13550,0.0,0.3157894736842105
13600,0.0,0.3
13650,0.0,0.2857142857142857
13700,0.0,0.27272727272727276
13750,0.0,0.26086956521739135
13800,0.0,0.25
13850,0.0,0.24
13900,0.0,0.23076923076923078
13950,0.0,0.2222222222222222
14000,0.0,0.2142857142857143
14050,100.0,3.785714285714286
14100,100.0,7.357142857142857
14150,100.0,10.928571428571429
14200,96.0,2.0
14250,0.0,21.6
14300,0.0,34.66666666666667
14350,0.0,44.0
14400,0.0,51.0
14450,0.0,56.44444444444444
14500,0.0,60.8
14550,0.0,64.36363636363637
14600,0.0,67.33333333333333
14650,0.0,69.84615384615384
14700,0.0,72.0
14750,0.0,73.86666666666667
14800,0.0,75.5
14850,0.0,76.94117647058823
14900,0.0,78.22222222222223
14950,0.0,79.36842105263158
15000,0.0,80.4
15050,0.0,81.33333333333333
15100,0.0,82.18181818181817
15150,0.0,82.95652173913044
15200,0.0,83.66666666666667
15250,0.0,84.32
15300,0.0,84.92307692307692
15350,0.0,85.48148148148148
15400,0.0,86.0
15450,100.0,89.57142857142857
15500,100.0,93.14285714285714
15550,100.0,96.71428571428572
15600,96.0,2.0
15650,0.0,1.2
15700,0.0,1.0
15750,0.0,0.8571428571428572
15800,0.0,0.75
15850,0.0,0.6666666666666667
15900,0.0,0.6
15950,0.0,0.5454545454545455
16000,0.0,0.5
16050,0.0,0.46153846153846156
16100,0.0,0.4285714285714286
16150,0.0,0.4
16200,0.0,0.375
16250,0.0,0.35294117647058826
16300,0.0,0.33333333333333337
16350,0.0,0.3157894736842105
16400,0.0,0.3
16450,0.0,0.2857142857142857
16500,0.0,0.27272727272727276
16550,0.0,0.26086956521739135
16600,0.0,0.25
16650,0.0,0.24
16700,0.0,0.23076923076923078
16750,0.0,0.2222222222222222
16800,0.0,0.2142857142857143
16850,100.0,3.785714285714286
16900,100.0,7.357142857142857
16950,100.0,10.928571428571429
17000,96.0,2.0
17050,0.0,21.6
17100,0.0,34.66666666666667
17150,0.0,44.0
17200,0.0,51.0
17250,0.0,56.44444444444444
17300,0.0,60.8
17350,0.0,64.36363636363637
17400,0.0,67.33333333333333
17450,0.0,69.84615384615384
17500,0.0,72.0
17550,0.0,73.86666666666667
17600,0.0,75.5
17650,0.0,76.94117647058823
17700,0.0,78.22222222222223
17750,0.0,79.36842105263158
17800,0.0,80.4
17850,0.0,81.33333333333333
17900,0.0,82.18181818181817
17950,0.0,82.95652173913044
18000,0.0,83.66666666666667
18050,0.0,84.32
18100,0.0,84.92307692307692
18150,0.0,85.48148148148148
18200,0.0,86.0
18250,100.0,89.57142857142857
18300,100.0,93.14285714285714
18350,100.0,96.71428571428572
18400,96.0,2.0
18450,0.0,1.2
18500,0.0,1.0
18550,0.0,0.8571428571428572
18600,0.0,0.75
18650,0.0,0.6666666666666667
18700,0.0,0.6
18750,0.0,0.5454545454545455
18800,0.0,0.5
18850,0.0,0.46153846153846156
18900,0.0,0.4285714285714286
18950,0.0,0.4
19000,0.0,0.375
19050,0.0,0.35294117647058826
19100,0.0,0.33333333333333337
19150,0.0,0.3157894736842105
19200,0.0,0.3
19250,0.0,0.2857142857142857
19300,0.0,0.27272727272727276
19350,0.0,0.26086956521739135
19400,0.0,0.25
19450,0.0,0.24
19500,0.0,0.23076923076923078
19550,0.0,0.2222222222222222
19600,0.0,0.2142857142857143
19650,100.0,3.785714285714286
19700,100.0,7.357142857142857
19750,100.0,10.928571428571429
19800,96.0,2.0
19850,0.0,21.6
19900,0.0,34.66666666666667
19950,0.0,44.0
20000,0.0,51.0
20050,0.0,56.44444444444444
20100,0.0,60.8
20150,0.0,64.36363636363637
20200,0.0,67.33333333333333
20250,0.0,69.84615384615384
20300,0.0,72.0
20350,0.0,73.86666666666667
20400,0.0,75.5
20450,0.0,76.94117647058823
20500,0.0,78.22222222222223
20550,0.0,79.36842105263158
20600,0.0,80.4
20650,0.0,81.33333333333333
20700,0.0,82.18181818181817
20750,0.0,82.95652173913044
20800,0.0,83.66666666666667
20850,0.0,84.32
20900,0.0,84.92307692307692
20950,0.0,85.48148148148148
21000,0.0,86.0
21050,100.0,89.57142857142857
21100,100.0,93.14285714285714
21150,100.0,96.71428571428572
21200,96.0,2.0
21250,0.0,1.2
21300,0.0,1.0
21350,0.0,0.8571428571428572
21400,0.0,0.75
21450,0.0,0.6666666666666667
21500,0.0,0.6
21550,0.0,0.5454545454545455
21600,0.0,0.5
21650,0.0,0.46153846153846156
21700,0.0,0.4285714285714286
21750,0.0,0.4
21800,0.0,0.375
21850,0.0,0.35294117647058826
21900,0.0,0.33333333333333337
21950,0.0,0.3157894736842105
22000,0.0,0.3
22050,0.0,0.2857142857142857
22100,0.0,0.27272727272727276
22150,0.0,0.26086956521739135
22200,0.0,0.25
22250,0.0,0.24
22300,0.0,0.23076923076923078
22350,0.0,0.2222222222222222
22400,0.0,0.2142857142857143
22450,100.0,3.785714285714286
22500,100.0,7.357142857142857
22550,100.0,10.928571428571429
22600,96.0,2.0
22650,0.0,21.6
22700,0.0,34.66666666666667
22750,0.0,44.0
22800,0.0,51.0
22850,0.0,56.44444444444444
22900,0.0,60.8
22950,0.0,64.36363636363637
23000,0.0,67.33333333333333
23050,0.0,69.84615384615384
23100,0.0,72.0
23150,0.0,73.86666666666667
23200,0.0,75.5
23250,0.0,76.94117647058823
23300,0.0,78.22222222222223
23350,0.0,79.36842105263158
23400,0.0,80.4
23450,0.0,81.33333333333333
23500,0.0,82.18181818181817
23550,0.0,82.95652173913044
23600,0.0,83.66666666666667
23650,0.0,84.32
23700,0.0,84.92307692307692
23750,0.0,85.48148148148148
23800,0.0,86.0
23850,100.0,89.57142857142857
23900,100.0,93.14285714285714
23950,100.0,96.71428571428572
24000,96.0,2.0
24050,0.0,1.2
24100,0.0,1.0
24150,0.0,0.8571428571428572
24200,0.0,0.75
24250,0.0,0.6666666666666667
24300,0.0,0.6
24350,0.0,0.5454545454545455
24400,0.0,0.5
24450,0.0,0.46153846153846156
24500,0.0,0.4285714285714286
24550,0.0,0.4
24600,0.0,0.375
24650,0.0,0.35294117647058826
24700,0.0,0.33333333333333337
24750,0.0,0.3157894736842105
24800,0.0,0.3
24850,0.0,0.2857142857142857
24900,0.0,0.27272727272727276
24950,0.0,0.26086956521739135
25000,0.0,0.25
25050,0.0,0.24
25100,0.0,0.23076923076923078
25150,0.0,0.2222222222222222
25200,0.0,0.2142857142857143
25250,100.0,3.785714285714286
25300,100.0,7.357142857142857
25350,100.0,10.928571428571429
25400,96.0,2.0
25450,0.0,21.6
25500,0.0,34.66666666666667
25550,0.0,44.0
25600,0.0,51.0
25650,0.0,56.44444444444444
25700,0.0,60.8
25750,0.0,64.36363636363637
25800,0.0,67.33333333333333
25850,0.0,69.84615384615384
25900,0.0,72.0
25950,0.0,73.86666666666667
26000,0.0,75.5
26050,0.0,76.94117647058823
26100,0.0,78.22222222222223
26150,0.0,79.36842105263158
26200,0.0,80.4
26250,0.0,81.33333333333333
26300,0.0,82.18181818181817
26350,0.0,82.95652173913044
26400,0.0,83.66666666666667
26450,0.0,84.32
26500,0.0,84.92307692307692
26550,0.0,85.48148148148148
26600,0.0,86.0
26650,100.0,89.57142857142857
26700,100.0,93.14285714285714
26750,100.0,96.71428571428572
26800,96.0,2.0
26850,0.0,1.2
26900,0.0,1.0
26950,0.0,0.8571428571428572
27000,0.0,0.75
27050,0.0,0.6666666666666667
27100,0.0,0.6
27150,0.0,0.5454545454545455
27200,0.0,0.5
27250,0.0,0.46153846153846156
27300,0.0,0.4285714285714286
27350,0.0,0.4
27400,0.0,0.375
27450,0.0,0.35294117647058826
27500,0.0,0.33333333333333337
27550,0.0,0.3157894736842105
27600,0.0,0.3
27650,0.0,0.2857142857142857
27700,0.0,0.27272727272727276
27750,0.0,0.26086956521739135
27800,0.0,0.25
27850,0.0,0.24
27900,0.0,0.23076923076923078
27950,0.0,0.2222222222222222
28000,0.0,0.2142857142857143
28050,100.0,3.785714285714286
28100,100.0,7.357142857142857
28150,100.0,10.928571428571429
28200,96.0,2.0
28250,0.0,21.6
28300,0.0,34.66666666666667
28350,0.0,44.0
28400,0.0,51.0
28450,0.0,56.44444444444444
28500,0.0,60.8
28550,0.0,64.36363636363637
28600,0.0,67.33333333333333
28650,0.0,69.84615384615384
28700,0.0,72.0
28750,0.0,73.86666666666667
28800,0.0,75.5
28850,0.0,76.94117647058823
28900,0.0,78.22222222222223
28950,0.0,79.36842105263158
29000,0.0,80.4
29050,0.0,81.33333333333333
29100,0.0,82.18181818181817
29150,0.0,82.95652173913044
29200,0.0,83.66666666666667
29250,0.0,84.32
29300,0.0,84.92307692307692
29350,0.0,85.48148148148148
29400,0.0,86.0
29450,100.0,89.57142857142857
29500,100.0,93.14285714285714
29550,100.0,96.71428571428572
29600,96.0,2.0
29650,0.0,1.2
29700,0.0,1.0
29750,0.0,0.8571428571428572
29800,0.0,0.75
29850,0.0,0.6666666666666667
29900,0.0,0.6
29950,0.0,0.5454545454545455
30000,0.0,0.5
30050,0.0,0.46153846153846156
30100,0.0,0.4285714285714286
30150,0.0,0.4
30200,0.0,0.375
30250,0.0,0.35294117647058826
30300,0.0,0.33333333333333337
30350,0.0,0.3157894736842105
30400,0.0,0.3
30450,0.0,0.2857142857142857
30500,0.0,0.27272727272727276
30550,0.0,0.26086956521739135
30600,0.0,0.25
30650,0.0,0.24
30700,0.0,0.23076923076923078
30750,0.0,0.2222222222222222
