250,0.0,100.0
500,0.0,100.0
750,0.0,100.0
1000,0.0,20.8
1250,0.0,36.64
1500,40.0,50.57142857142857
1750,100.0,68.42857142857143
2000,100.0,86.28571428571429
2250,76.8,6.8235294117647065
2500,0.0,28.000000000000004
2750,0.0,41.333333333333336
3000,80.0,57.714285714285715
3250,100.0,75.57142857142857
3500,100.0,93.42857142857143
3750,36.8,16.63157894736842
4000,0.0,34.0
4250,20.0,47.0
4500,100.0,64.85714285714286
4750,100.0,82.71428571428572
5000,96.8,1.25
5250,0.0,24.571428571428573
5500,0.0,39.07692307692307
5750,60.0,54.142857142857146
6000,100.0,72.0
6250,100.0,89.85714285714286
6500,56.8,12.0
6750,0.0,31.130434782608695
7000,0.0,43.42857142857143
7250,100.0,61.285714285714285
7500,100.0,79.14285714285715
7750,100.0,97.0
8000,16.8,20.8
8250,0.0,36.64
8500,40.0,50.57142857142857
8750,100.0,68.42857142857143
9000,100.0,86.28571428571429
9250,76.8,6.8235294117647065
9500,0.0,28.000000000000004
9750,0.0,41.333333333333336
10000,80.0,57.714285714285715
10250,100.0,75.57142857142857
10500,100.0,93.42857142857143
10750,36.8,16.63157894736842
11000,0.0,34.0
11250,20.0,47.0
11500,100.0,64.85714285714286
11750,100.0,82.71428571428572
12000,96.8,1.25
12250,0.0,24.571428571428573
12500,0.0,39.07692307692307
12750,60.0,54.142857142857146
13000,100.0,72.0
13250,100.0,89.85714285714286
13500,56.8,12.0
13750,0.0,31.130434782608695
14000,0.0,43.42857142857143
14250,100.0,61.285714285714285
14500,100.0,79.14285714285715
14750,100.0,97.0
15000,16.8,20.8
15250,0.0,36.64
15500,40.0,50.57142857142857
15750,100.0,68.42857142857143
16000,100.0,86.28571428571429
16250,76.8,6.8235294117647065
16500,0.0,28.000000000000004
16750,0.0,41.333333333333336
17000,80.0,57.714285714285715
17250,100.0,75.57142857142857
17500,100.0,93.42857142857143
17750,36.8,16.63157894736842
18000,0.0,34.0
18250,20.0,47.0
18500,100.0,64.85714285714286
18750,100.0,82.71428571428572
19000,96.8,1.25
19250,0.0,24.571428571428573
19500,0.0,39.07692307692307
19750,60.0,54.142857142857146
20000,100.0,72.0
20250,100.0,89.85714285714286
20500,56.8,12.0
20750,0.0,31.130434782608695
21000,0.0,43.42857142857143
21250,100.0,61.285714285714285
21500,100.0,79.14285714285715
21750,100.0,97.0
22000,16.8,20.8
22250,0.0,36.64
22500,40.0,50.57142857142857
22750,100.0,68.42857142857143
23000,100.0,86.28571428571429
23250,76.8,6.8235294117647065
23500,0.0,28.000000000000004
23750,0.0,41.333333333333336
24000,80.0,57.714285714285715
24250,100.0,75.57142857142857
24500,100.0,93.42857142857143
24750,36.8,16.63157894736842
25000,0.0,34.0
25250,20.0,47.0
25500,100.0,64.85714285714286
25750,100.0,82.71428571428572
26000,96.8,1.25
26250,0.0,24.571428571428573
26500,0.0,39.07692307692307
26750,60.0,54.142857142857146
27000,100.0,72.0
27250,100.0,89.85714285714286
27500,56.8,12.0
27750,0.0,31.130434782608695
28000,0.0,43.42857142857143
28250,100.0,61.285714285714285
28500,100.0,79.14285714285715
28750,100.0,97.0
29000,16.8,20.8
29250,0.0,36.64
29500,40.0,50.57142857142857
29750,100.0,68.42857142857143
30000,100.0,86.28571428571429
30250,76.8,6.8235294117647065
30500,0.0,28.000000000000004
30750,0.0,41.333333333333336
