250,0.0,100.0
500,0.0,100.0
750,0.0,100.0
1000,0.0,100.0
1250,0.0,80.0
1500,40.0,71.42857142857143
1750,100.0,71.42857142857143
2000,100.0,71.42857142857143
2250,100.0,71.42857142857143
2500,56.00000000000001,90.9090909090909
2750,0.0,74.07407407407408
3000,80.0,71.42857142857143
3250,100.0,71.42857142857143
3500,100.0,71.42857142857143
3750,100.0,71.42857142857143
4000,16.0,83.33333333333334
4250,20.0,71.42857142857143
4500,100.0,71.42857142857143
4750,100.0,71.42857142857143
5000,100.0,71.42857142857143
5250,76.0,95.23809523809523
5500,0.0,76.92307692307693
5750,60.0,71.42857142857143
6000,100.0,71.42857142857143
6250,100.0,71.42857142857143
6500,100.0,71.42857142857143
6750,36.0,86.95652173913044
7000,0.0,71.42857142857143
7250,100.0,71.42857142857143
7500,100.0,71.42857142857143
7750,100.0,71.42857142857143
8000,96.0,100.0
8250,0.0,80.0
8500,40.0,71.42857142857143
8750,100.0,71.42857142857143
9000,100.0,71.42857142857143
9250,100.0,71.42857142857143
9500,56.00000000000001,90.9090909090909
9750,0.0,74.07407407407408
10000,80.0,71.42857142857143
10250,100.0,71.42857142857143
10500,100.0,71.42857142857143
10750,100.0,71.42857142857143
11000,16.0,83.33333333333334
11250,20.0,71.42857142857143
11500,100.0,71.42857142857143
11750,100.0,71.42857142857143
12000,100.0,71.42857142857143
12250,76.0,95.23809523809523
12500,0.0,76.92307692307693
12750,60.0,71.42857142857143
13000,100.0,71.42857142857143
13250,100.0,71.42857142857143
13500,100.0,71.42857142857143
13750,36.0,86.95652173913044
14000,0.0,71.42857142857143
14250,100.0,71.42857142857143
14500,100.0,71.42857142857143
14750,100.0,71.42857142857143
15000,96.0,100.0
15250,0.0,80.0
15500,40.0,71.42857142857143
15750,100.0,71.42857142857143
16000,100.0,71.42857142857143
16250,100.0,71.42857142857143
16500,56.00000000000001,90.9090909090909
16750,0.0,74.07407407407408
17000,80.0,71.42857142857143
17250,100.0,71.42857142857143
17500,100.0,71.42857142857143
17750,100.0,71.42857142857143
18000,16.0,83.33333333333334
18250,20.0,71.42857142857143
18500,100.0,71.42857142857143
18750,100.0,71.42857142857143
19000,100.0,71.42857142857143
19250,76.0,95.23809523809523
19500,0.0,76.92307692307693
19750,60.0,71.42857142857143
20000,100.0,71.42857142857143
20250,100.0,71.42857142857143
20500,100.0,71.42857142857143
20750,36.0,86.95652173913044
21000,0.0,71.42857142857143
21250,100.0,71.42857142857143
21500,100.0,71.42857142857143
21750,100.0,71.42857142857143
22000,96.0,100.0
22250,0.0,80.0
22500,40.0,71.42857142857143
22750,100.0,71.42857142857143
23000,100.0,71.42857142857143
23250,100.0,71.42857142857143
23500,56.00000000000001,90.9090909090909
23750,0.0,74.07407407407408
24000,80.0,71.42857142857143
24250,100.0,71.42857142857143
24500,100.0,71.42857142857143
24750,100.0,71.42857142857143
25000,16.0,83.33333333333334
25250,20.0,71.42857142857143
25500,100.0,71.42857142857143
25750,100.0,71.42857142857143
26000,100.0,71.42857142857143
26250,76.0,95.23809523809523
26500,0.0,76.92307692307693
26750,60.0,71.42857142857143
27000,100.0,71.42857142857143
27250,100.0,71.42857142857143
27500,100.0,71.42857142857143
27750,36.0,86.95652173913044
28000,0.0,71.42857142857143
28250,100.0,71.42857142857143
28500,100.0,71.42857142857143
28750,100.0,71.42857142857143
29000,96.0,100.0
29250,0.0,80.0
29500,40.0,71.42857142857143
29750,100.0,71.42857142857143
30000,100.0,71.42857142857143
30250,100.0,71.42857142857143
30500,56.00000000000001,90.9090909090909
30750,0.0,74.07407407407408
