50,0.0,0.0
100,0.0,0.0
150,0.0,0.0
200,0.0,0.0
250,0.0,0.0
300,0.0,0.0
350,0.0,0.0
400,0.0,0.0
450,0.0,0.0
500,0.0,0.0
550,0.0,0.0
600,0.0,0.0
650,0.0,0.0
700,0.0,0.0
750,0.0,0.0
800,0.0,0.0
850,0.0,0.0
900,0.0,0.0
950,0.0,0.0
1000,0.0,0.0
1050,0.0,5.714285714285714
1100,0.0,10.0
1150,0.0,13.91304347826087
1200,0.0,17.5
1250,0.0,20.8
1300,0.0,23.846153846153847
1350,0.0,26.666666666666668
1400,0.0,29.28571428571429
1450,100.0,32.857142857142854
1500,100.0,36.42857142857142
1550,100.0,40.0
1600,100.0,43.57142857142857
1650,100.0,47.14285714285714
1700,100.0,50.71428571428571
1750,100.0,54.285714285714285
1800,100.0,57.85714285714286
1850,100.0,61.42857142857143
1900,100.0,65.0
1950,100.0,68.57142857142857
2000,100.0,72.14285714285714
2050,100.0,75.71428571428571
2100,100.0,79.28571428571428
2150,100.0,82.85714285714286
2200,100.0,86.42857142857143
2250,100.0,90.0
2300,100.0,93.57142857142857
2350,100.0,97.14285714285714
2400,80.0,1.2
2450,0.0,1.0476190476190477
2500,0.0,1.0
2550,0.0,0.9565217391304347
2600,0.0,0.9166666666666666
2650,0.0,0.88
2700,0.0,0.8461538461538461
2750,0.0,0.8148148148148148
2800,0.0,0.7857142857142858
2850,100.0,4.357142857142858
2900,100.0,7.928571428571428
2950,100.0,11.5
3000,100.0,15.071428571428571
3050,100.0,18.642857142857142
3100,100.0,22.214285714285715
3150,100.0,25.785714285714285
3200,100.0,29.35714285714286
3250,100.0,32.92857142857143
3300,100.0,36.5
3350,100.0,40.07142857142857
3400,100.0,43.642857142857146
3450,100.0,47.214285714285715
3500,100.0,50.78571428571429
3550,100.0,54.35714285714286
3600,100.0,57.92857142857143
3650,100.0,61.5
3700,100.0,65.07142857142857
3750,100.0,68.64285714285714
3800,80.0,1.2
3850,0.0,5.904761904761905
3900,0.0,10.181818181818182
3950,0.0,14.08695652173913
4000,0.0,17.666666666666668
4050,0.0,20.96
4100,0.0,24.0
4150,0.0,26.814814814814813
4200,0.0,29.428571428571427
4250,100.0,33.0
4300,100.0,36.57142857142857
4350,100.0,40.14285714285714
4400,100.0,43.714285714285715
4450,100.0,47.285714285714285
4500,100.0,50.857142857142854
4550,100.0,54.42857142857142
4600,100.0,57.99999999999999
4650,100.0,61.57142857142858
4700,100.0,65.14285714285715
4750,100.0,68.71428571428572
4800,100.0,72.28571428571429
4850,100.0,75.85714285714286
4900,100.0,79.42857142857143
4950,100.0,83.0
5000,100.0,86.57142857142858
5050,100.0,90.14285714285715
5100,100.0,93.71428571428572
5150,100.0,97.28571428571429
5200,80.0,1.2121212121212122
5250,0.0,6.262626262626263
5300,0.0,11.313131313131313
5350,0.0,16.363636363636363
5400,0.0,21.41414141414141
5450,0.0,26.464646464646464
5500,0.0,31.515151515151512
5550,0.0,36.56565656565657
5600,0.0,41.61616161616162
5650,0.0,46.666666666666664
5700,0.0,51.717171717171716
5750,0.0,56.76767676767677
5800,0.0,61.81818181818181
5850,0.0,66.86868686868686
5900,0.0,71.91919191919192
5950,0.0,76.96969696969697
6000,0.0,81.93743693239153
6050,0.0,1.0566762728146013
6100,0.0,1.008249312557287
6150,0.0,0.9640666082383873
6200,0.0,0.9235936188077246
6250,0.0,0.8863819500402902
6300,0.0,0.8520526723470179
6350,0.0,0.8202833706189411
6400,0.0,0.7907979870596693
6450,82.0,3.7142857142857144
6500,100.0,7.285714285714286
6550,100.0,10.857142857142858
6600,100.0,14.428571428571429
6650,100.0,18.0
6700,100.0,21.571428571428573
6750,100.0,25.142857142857146
6800,100.0,28.714285714285715
6850,100.0,32.285714285714285
6900,100.0,35.85714285714286
6950,100.0,39.42857142857143
7000,100.0,43.0
7050,100.0,46.57142857142857
7100,100.0,50.142857142857146
7150,100.0,53.714285714285715
7200,100.0,57.285714285714285
7250,100.0,60.857142857142854
7300,100.0,64.42857142857143
7350,100.0,68.0
7400,98.0,0.30272452068617556
7450,0.0,5.091258405379443
7500,0.0,9.440879926672777
7550,0.0,13.409290096406663
7600,0.0,17.044500419815282
7650,0.0,20.386784850926674
7700,0.0,23.470178156467856
7750,0.0,26.32363907531693
7800,0.0,28.971962616822427
7850,82.0,32.357142857142854
7900,100.0,35.92857142857142
7950,100.0,39.5
8000,100.0,43.07142857142857
8050,100.0,46.64285714285714
8100,100.0,50.21428571428571
8150,100.0,53.78571428571428
8200,100.0,57.35714285714286
8250,100.0,60.92857142857143
8300,100.0,64.5
8350,100.0,68.07142857142857
8400,100.0,71.64285714285714
8450,100.0,75.21428571428571
8500,100.0,78.78571428571428
8550,100.0,82.35714285714286
8600,100.0,85.92857142857143
8650,100.0,89.5
8700,100.0,93.07142857142857
8750,100.0,96.64285714285714
8800,98.0,0.30272452068617556
8850,0.0,1.0566762728146013
8900,0.0,1.008249312557287
8950,0.0,0.9640666082383873
9000,0.0,0.9235936188077246
9050,0.0,0.8863819500402902
9100,0.0,0.8520526723470179
9150,0.0,0.8202833706189411
9200,0.0,0.7907979870596693
9250,82.0,3.7142857142857144
9300,100.0,7.285714285714286
9350,100.0,10.857142857142858
9400,100.0,14.428571428571429
9450,100.0,18.0
9500,100.0,21.571428571428573
9550,100.0,25.142857142857146
9600,100.0,28.714285714285715
9650,100.0,32.285714285714285
9700,100.0,35.85714285714286
9750,100.0,39.42857142857143
9800,100.0,43.0
9850,100.0,46.57142857142857
9900,100.0,50.142857142857146
9950,100.0,53.714285714285715
10000,100.0,57.285714285714285
10050,100.0,60.857142857142854
10100,100.0,64.42857142857143
10150,100.0,68.0
10200,98.0,0.30272452068617556
10250,0.0,5.091258405379443
10300,0.0,9.440879926672777
10350,0.0,13.409290096406663
10400,0.0,17.044500419815282
10450,0.0,20.386784850926674
10500,0.0,23.470178156467856
10550,0.0,26.32363907531693
10600,0.0,28.971962616822427
10650,82.0,32.357142857142854
10700,100.0,35.92857142857142
10750,100.0,39.5
10800,100.0,43.07142857142857
10850,100.0,46.64285714285714
10900,100.0,50.21428571428571
10950,100.0,53.78571428571428
11000,100.0,57.35714285714286
11050,100.0,60.92857142857143
11100,100.0,64.5
11150,100.0,68.07142857142857
11200,100.0,71.64285714285714
11250,100.0,75.21428571428571
11300,100.0,78.78571428571428
11350,100.0,82.35714285714286
11400,100.0,85.92857142857143
11450,100.0,89.5
11500,100.0,93.07142857142857
11550,100.0,96.64285714285714
11600,98.0,0.30272452068617556
11650,0.0,1.0566762728146013
11700,0.0,1.008249312557287
11750,0.0,0.9640666082383873
11800,0.0,0.9235936188077246
11850,0.0,0.8863819500402902
11900,0.0,0.8520526723470179
11950,0.0,0.8202833706189411
12000,0.0,0.7907979870596693
12050,82.0,3.7142857142857144
12100,100.0,7.285714285714286
12150,100.0,10.857142857142858
12200,100.0,14.428571428571429
12250,100.0,18.0
12300,100.0,21.571428571428573
12350,100.0,25.142857142857146
12400,100.0,28.714285714285715
12450,100.0,32.285714285714285
12500,100.0,35.85714285714286
12550,100.0,39.42857142857143
12600,100.0,43.0
12650,100.0,46.57142857142857
12700,100.0,50.142857142857146
12750,100.0,53.714285714285715
12800,100.0,57.285714285714285
12850,100.0,60.857142857142854
12900,100.0,64.42857142857143
12950,100.0,68.0
13000,98.0,0.30272452068617556
13050,0.0,5.091258405379443
13100,0.0,9.440879926672777
13150,0.0,13.409290096406663
13200,0.0,17.044500419815282
13250,0.0,20.386784850926674
13300,0.0,23.470178156467856
13350,0.0,26.32363907531693
13400,0.0,28.971962616822427
13450,82.0,32.357142857142854
13500,100.0,35.92857142857142
13550,100.0,39.5
13600,100.0,43.07142857142857
13650,100.0,46.64285714285714
13700,100.0,50.21428571428571
13750,100.0,53.78571428571428
13800,100.0,57.35714285714286
13850,100.0,60.92857142857143
13900,100.0,64.5
13950,100.0,68.07142857142857
14000,100.0,71.64285714285714
14050,100.0,75.21428571428571
14100,100.0,78.78571428571428
14150,100.0,82.35714285714286
14200,100.0,85.92857142857143
14250,100.0,89.5
14300,100.0,93.07142857142857
14350,100.0,96.64285714285714
14400,98.0,0.30272452068617556
14450,0.0,1.0566762728146013
14500,0.0,1.008249312557287
14550,0.0,0.9640666082383873
14600,0.0,0.9235936188077246
14650,0.0,0.8863819500402902
14700,0.0,0.8520526723470179
14750,0.0,0.8202833706189411
14800,0.0,0.7907979870596693
14850,82.0,3.7142857142857144
14900,100.0,7.285714285714286
14950,100.0,10.857142857142858
15000,100.0,14.428571428571429
15050,100.0,18.0
15100,100.0,21.571428571428573
15150,100.0,25.142857142857146
15200,100.0,28.714285714285715
15250,100.0,32.285714285714285
15300,100.0,35.85714285714286
15350,100.0,39.42857142857143
15400,100.0,43.0
15450,100.0,46.57142857142857
15500,100.0,50.142857142857146
15550,100.0,53.714285714285715
15600,100.0,57.285714285714285
15650,100.0,60.857142857142854
15700,100.0,64.42857142857143
15750,100.0,68.0
15800,98.0,0.30272452068617556
15850,0.0,5.091258405379443
15900,0.0,9.440879926672777
15950,0.0,13.409290096406663
16000,0.0,17.044500419815282
16050,0.0,20.386784850926674
16100,0.0,23.470178156467856
16150,0.0,26.32363907531693
16200,0.0,28.971962616822427
16250,82.0,32.357142857142854
16300,100.0,35.92857142857142
16350,100.0,39.5
16400,100.0,43.07142857142857
16450,100.0,46.64285714285714
16500,100.0,50.21428571428571
16550,100.0,53.78571428571428
16600,100.0,57.35714285714286
16650,100.0,60.92857142857143
16700,100.0,64.5
16750,100.0,68.07142857142857
16800,100.0,71.64285714285714
16850,100.0,75.21428571428571
16900,100.0,78.78571428571428
16950,100.0,82.35714285714286
17000,100.0,85.92857142857143
17050,100.0,89.5
17100,100.0,93.07142857142857
17150,100.0,96.64285714285714
17200,98.0,0.30272452068617556
17250,0.0,1.0566762728146013
17300,0.0,1.008249312557287
17350,0.0,0.9640666082383873
17400,0.0,0.9235936188077246
17450,0.0,0.8863819500402902
17500,0.0,0.8520526723470179
17550,0.0,0.8202833706189411
17600,0.0,0.7907979870596693
17650,82.0,3.7142857142857144
17700,100.0,7.285714285714286
17750,100.0,10.857142857142858
17800,100.0,14.428571428571429
17850,100.0,18.0
17900,100.0,21.571428571428573
17950,100.0,25.142857142857146
18000,100.0,28.714285714285715
18050,100.0,32.285714285714285
18100,100.0,35.85714285714286
18150,100.0,39.42857142857143
18200,100.0,43.0
18250,100.0,46.57142857142857
18300,100.0,50.142857142857146
18350,100.0,53.714285714285715
18400,100.0,57.285714285714285
18450,100.0,60.857142857142854
18500,100.0,64.42857142857143
18550,100.0,68.0
18600,98.0,0.30272452068617556
18650,0.0,5.091258405379443
18700,0.0,9.440879926672777
18750,0.0,13.409290096406663
18800,0.0,17.044500419815282
18850,0.0,20.386784850926674
18900,0.0,23.470178156467856
18950,0.0,26.32363907531693
19000,0.0,28.971962616822427
19050,82.0,32.357142857142854
19100,100.0,35.92857142857142
19150,100.0,39.5
19200,100.0,43.07142857142857
19250,100.0,46.64285714285714
19300,100.0,50.21428571428571
19350,100.0,53.78571428571428
19400,100.0,57.35714285714286
19450,100.0,60.92857142857143
19500,100.0,64.5
19550,100.0,68.07142857142857
19600,100.0,71.64285714285714
19650,100.0,75.21428571428571
19700,100.0,78.78571428571428
19750,100.0,82.35714285714286
19800,100.0,85.92857142857143
19850,100.0,89.5
19900,100.0,93.07142857142857
19950,100.0,96.64285714285714
20000,98.0,0.30272452068617556
20050,0.0,1.0566762728146013
20100,0.0,1.008249312557287
20150,0.0,0.9640666082383873
20200,0.0,0.9235936188077246
20250,0.0,0.8863819500402902
20300,0.0,0.8520526723470179
20350,0.0,0.8202833706189411
20400,0.0,0.7907979870596693
20450,82.0,3.7142857142857144
20500,100.0,7.285714285714286
20550,100.0,10.857142857142858
20600,100.0,14.428571428571429
20650,100.0,18.0
20700,100.0,21.571428571428573
20750,100.0,25.142857142857146
20800,100.0,28.714285714285715
20850,100.0,32.285714285714285
20900,100.0,35.85714285714286
20950,100.0,39.42857142857143
21000,100.0,43.0
21050,100.0,46.57142857142857
21100,100.0,50.142857142857146
21150,100.0,53.714285714285715
21200,100.0,57.285714285714285
21250,100.0,60.857142857142854
21300,100.0,64.42857142857143
21350,100.0,68.0
21400,98.0,0.30272452068617556
21450,0.0,5.091258405379443
21500,0.0,9.440879926672777
21550,0.0,13.409290096406663
21600,0.0,17.044500419815282
21650,0.0,20.386784850926674
21700,0.0,23.470178156467856
21750,0.0,26.32363907531693
21800,0.0,28.971962616822427
21850,82.0,32.357142857142854
21900,100.0,35.92857142857142
21950,100.0,39.5
22000,100.0,43.07142857142857
22050,100.0,46.64285714285714
22100,100.0,50.21428571428571
22150,100.0,53.78571428571428
22200,100.0,57.35714285714286
22250,100.0,60.92857142857143
22300,100.0,64.5
22350,100.0,68.07142857142857
22400,100.0,71.64285714285714
22450,100.0,75.21428571428571
22500,100.0,78.78571428571428
22550,100.0,82.35714285714286
22600,100.0,85.92857142857143
22650,100.0,89.5
22700,100.0,93.07142857142857
22750,100.0,96.64285714285714
22800,98.0,0.30272452068617556
22850,0.0,1.0566762728146013
22900,0.0,1.008249312557287
22950,0.0,0.9640666082383873
23000,0.0,0.9235936188077246
23050,0.0,0.8863819500402902
23100,0.0,0.8520526723470179
23150,0.0,0.8202833706189411
23200,0.0,0.7907979870596693
23250,82.0,3.7142857142857144
23300,100.0,7.285714285714286
23350,100.0,10.857142857142858
23400,100.0,14.428571428571429
23450,100.0,18.0
23500,100.0,21.571428571428573
23550,100.0,25.142857142857146
23600,100.0,28.714285714285715
23650,100.0,32.285714285714285
23700,100.0,35.85714285714286
23750,100.0,39.42857142857143
23800,100.0,43.0
23850,100.0,46.57142857142857
23900,100.0,50.142857142857146
23950,100.0,53.714285714285715
24000,100.0,57.285714285714285
24050,100.0,60.857142857142854
24100,100.0,64.42857142857143
24150,100.0,68.0
24200,98.0,0.30272452068617556
24250,0.0,5.091258405379443
24300,0.0,9.440879926672777
24350,0.0,13.409290096406663
24400,0.0,17.044500419815282
24450,0.0,20.386784850926674
24500,0.0,23.470178156467856
24550,0.0,26.32363907531693
24600,0.0,28.971962616822427
24650,82.0,32.357142857142854
24700,100.0,35.92857142857142
24750,100.0,39.5
24800,100.0,43.07142857142857
24850,100.0,46.64285714285714
24900,100.0,50.21428571428571
24950,100.0,53.78571428571428
25000,100.0,57.35714285714286
25050,100.0,60.92857142857143
25100,100.0,64.5
25150,100.0,68.07142857142857
25200,100.0,71.64285714285714
25250,100.0,75.21428571428571
25300,100.0,78.78571428571428
25350,100.0,82.35714285714286
25400,100.0,85.92857142857143
25450,100.0,89.5
25500,100.0,93.07142857142857
25550,100.0,96.64285714285714
25600,98.0,0.30272452068617556
25650,0.0,1.0566762728146013
25700,0.0,1.008249312557287
25750,0.0,0.9640666082383873
25800,0.0,0.9235936188077246
25850,0.0,0.8863819500402902
25900,0.0,0.8520526723470179
25950,0.0,0.8202833706189411
26000,0.0,0.7907979870596693
26050,82.0,3.7142857142857144
26100,100.0,7.285714285714286
26150,100.0,10.857142857142858
26200,100.0,14.428571428571429
26250,100.0,18.0
26300,100.0,21.571428571428573
26350,100.0,25.142857142857146
26400,100.0,28.714285714285715
26450,100.0,32.285714285714285
26500,100.0,35.85714285714286
26550,100.0,39.42857142857143
26600,100.0,43.0
26650,100.0,46.57142857142857
26700,100.0,50.142857142857146
26750,100.0,53.714285714285715
26800,100.0,57.285714285714285
26850,100.0,60.857142857142854
26900,100.0,64.42857142857143
26950,100.0,68.0
27000,98.0,0.30272452068617556
27050,0.0,5.091258405379443
27100,0.0,9.440879926672777
27150,0.0,13.409290096406663
27200,0.0,17.044500419815282
27250,0.0,20.386784850926674
27300,0.0,23.470178156467856
27350,0.0,26.32363907531693
27400,0.0,28.971962616822427
27450,82.0,32.357142857142854
27500,100.0,35.92857142857142
27550,100.0,39.5
27600,100.0,43.07142857142857
27650,100.0,46.64285714285714
27700,100.0,50.21428571428571
27750,100.0,53.78571428571428
27800,100.0,57.35714285714286
27850,100.0,60.92857142857143
27900,100.0,64.5
27950,100.0,68.07142857142857
28000,100.0,71.64285714285714
28050,100.0,75.21428571428571
28100,100.0,78.78571428571428
28150,100.0,82.35714285714286
28200,100.0,85.92857142857143
28250,100.0,89.5
28300,100.0,93.07142857142857
28350,100.0,96.64285714285714
28400,98.0,0.30272452068617556
28450,0.0,1.0566762728146013
28500,0.0,1.008249312557287
28550,0.0,0.9640666082383873
28600,0.0,0.9235936188077246
28650,0.0,0.8863819500402902
28700,0.0,0.8520526723470179
28750,0.0,0.8202833706189411
28800,0.0,0.7907979870596693
28850,82.0,3.7142857142857144
28900,100.0,7.285714285714286
28950,100.0,10.857142857142858
29000,100.0,14.428571428571429
29050,100.0,18.0
29100,100.0,21.571428571428573
29150,100.0,25.142857142857146
29200,100.0,28.714285714285715
29250,100.0,32.285714285714285
29300,100.0,35.85714285714286
29350,100.0,39.42857142857143
29400,100.0,43.0
29450,100.0,46.57142857142857
29500,100.0,50.142857142857146
29550,100.0,53.714285714285715
29600,100.0,57.285714285714285
29650,100.0,60.857142857142854
29700,100.0,64.42857142857143
29750,100.0,68.0
29800,98.0,0.30272452068617556
29850,0.0,5.091258405379443
29900,0.0,9.440879926672777
29950,0.0,13.409290096406663
30000,0.0,17.044500419815282
30050,0.0,20.386784850926674
30100,0.0,23.470178156467856
30150,0.0,26.32363907531693
30200,0.0,28.971962616822427
30250,82.0,32.357142857142854
30300,100.0,35.92857142857142
30350,100.0,39.5
30400,100.0,43.07142857142857
30450,100.0,46.64285714285714
30500,100.0,50.21428571428571
30550,100.0,53.78571428571428
30600,100.0,57.35714285714286
30650,100.0,60.92857142857143
30700,100.0,64.5
30750,100.0,68.07142857142857
