250,0.0,100.0
500,0.0,100.0
750,0.0,7.6
1000,0.0,30.7
1250,0.0,44.56
1500,40.0,57.64285714285714
1750,100.0,75.5
2000,100.0,93.35714285714286
2250,37.2,18.470588235294116
2500,0.0,37.0
2750,0.0,48.66666666666667
3000,80.0,64.78571428571429
3250,100.0,82.64285714285714
3500,97.2,1.2857142857142856
3750,0.0,27.052631578947366
4000,0.0,42.25
4250,20.0,54.07142857142857
4500,100.0,71.92857142857143
4750,100.0,89.78571428571429
5000,57.199999999999996,13.375
5250,0.0,34.0
5500,0.0,46.69230769230769
5750,60.0,61.21428571428571
6000,100.0,79.07142857142857
6250,100.0,96.92857142857143
6500,17.2,23.0
6750,0.0,39.73913043478261
7000,0.0,50.5
7250,100.0,68.35714285714286
7500,100.0,86.21428571428571
7750,77.2,7.6
8000,0.0,30.7
8250,0.0,44.56
8500,40.0,57.64285714285714
8750,100.0,75.5
9000,100.0,93.35714285714286
9250,37.2,18.470588235294116
9500,0.0,37.0
9750,0.0,48.66666666666667
10000,80.0,64.78571428571429
10250,100.0,82.64285714285714
10500,97.2,1.2857142857142856
10750,0.0,27.052631578947366
11000,0.0,42.25
11250,20.0,54.07142857142857
11500,100.0,71.92857142857143
11750,100.0,89.78571428571429
12000,57.199999999999996,13.375
12250,0.0,34.0
12500,0.0,46.69230769230769
12750,60.0,61.21428571428571
13000,100.0,79.07142857142857
13250,100.0,96.92857142857143
13500,17.2,23.0
13750,0.0,39.73913043478261
14000,0.0,50.5
14250,100.0,68.35714285714286
14500,100.0,86.21428571428571
14750,77.2,7.6
15000,0.0,30.7
15250,0.0,44.56
15500,40.0,57.64285714285714
15750,100.0,75.5
16000,100.0,93.35714285714286
16250,37.2,18.470588235294116
16500,0.0,37.0
16750,0.0,48.66666666666667
17000,80.0,64.78571428571429
17250,100.0,82.64285714285714
17500,97.2,1.2857142857142856
17750,0.0,27.052631578947366
18000,0.0,42.25
18250,20.0,54.07142857142857
18500,100.0,71.92857142857143
18750,100.0,89.78571428571429
19000,57.199999999999996,13.375
19250,0.0,34.0
19500,0.0,46.69230769230769
19750,60.0,61.21428571428571
20000,100.0,79.07142857142857
20250,100.0,96.92857142857143
20500,17.2,23.0
20750,0.0,39.73913043478261
21000,0.0,50.5
21250,100.0,68.35714285714286
21500,100.0,86.21428571428571
21750,77.2,7.6
22000,0.0,30.7
22250,0.0,44.56
22500,40.0,57.64285714285714
22750,100.0,75.5
23000,100.0,93.35714285714286
23250,37.2,18.470588235294116
23500,0.0,37.0
23750,0.0,48.66666666666667
24000,80.0,64.78571428571429
24250,100.0,82.64285714285714
24500,97.2,1.2857142857142856
24750,0.0,27.052631578947366
25000,0.0,42.25
25250,20.0,54.07142857142857
25500,100.0,71.92857142857143
25750,100.0,89.78571428571429
26000,57.199999999999996,13.375
26250,0.0,34.0
26500,0.0,46.69230769230769
26750,60.0,61.21428571428571
27000,100.0,79.07142857142857
27250,100.0,96.92857142857143
27500,17.2,23.0
27750,0.0,39.73913043478261
28000,0.0,50.5
28250,100.0,68.35714285714286
28500,100.0,86.21428571428571
28750,77.2,7.6
29000,0.0,30.7
29250,0.0,44.56
29500,40.0,57.64285714285714
29750,100.0,75.5
30000,100.0,93.35714285714286
30250,37.2,18.470588235294116
30500,0.0,37.0
30750,0.0,48.66666666666667
