250,0.0,100.0
500,0.0,40.6
750,0.0,60.4
1000,0.0,70.3
1250,0.0,76.24
1500,40.0,85.92857142857143
1750,78.8,15.142857142857144
2000,0.0,50.5
2250,0.0,65.05882352941177
2500,0.0,73.0
2750,0.0,78.0
3000,80.0,93.07142857142857
3250,38.800000000000004,34.0
3500,0.0,57.57142857142858
3750,0.0,68.73684210526316
4000,0.0,75.25
4250,20.0,82.35714285714286
4500,98.8,1.6666666666666667
4750,0.0,46.0
5000,0.0,62.875
5250,0.0,71.71428571428572
5500,0.0,77.15384615384615
5750,60.0,89.5
6000,58.8,25.75
6250,0.0,54.307692307692314
6500,0.0,67.0
6750,0.0,74.17391304347825
7000,0.0,78.78571428571428
7250,100.0,96.64285714285714
7500,18.8,40.6
7750,0.0,60.4
8000,0.0,70.3
8250,0.0,76.24
8500,40.0,85.92857142857143
8750,78.8,15.142857142857144
9000,0.0,50.5
9250,0.0,65.05882352941177
9500,0.0,73.0
9750,0.0,78.0
10000,80.0,93.07142857142857
10250,38.800000000000004,34.0
10500,0.0,57.57142857142858
10750,0.0,68.73684210526316
11000,0.0,75.25
11250,20.0,82.35714285714286
11500,98.8,1.6666666666666667
11750,0.0,46.0
12000,0.0,62.875
12250,0.0,71.71428571428572
12500,0.0,77.15384615384615
12750,60.0,89.5
13000,58.8,25.75
13250,0.0,54.307692307692314
13500,0.0,67.0
13750,0.0,74.17391304347825
14000,0.0,78.78571428571428
14250,100.0,96.64285714285714
14500,18.8,40.6
14750,0.0,60.4
15000,0.0,70.3
15250,0.0,76.24
15500,40.0,85.92857142857143
15750,78.8,15.142857142857144
16000,0.0,50.5
16250,0.0,65.05882352941177
16500,0.0,73.0
16750,0.0,78.0
17000,80.0,93.07142857142857
17250,38.800000000000004,34.0
17500,0.0,57.57142857142858
17750,0.0,68.73684210526316
18000,0.0,75.25
18250,20.0,82.35714285714286
18500,98.8,1.6666666666666667
18750,0.0,46.0
19000,0.0,62.875
19250,0.0,71.71428571428572
19500,0.0,77.15384615384615
19750,60.0,89.5
20000,58.8,25.75
20250,0.0,54.307692307692314
20500,0.0,67.0
20750,0.0,74.17391304347825
21000,0.0,78.78571428571428
21250,100.0,96.64285714285714
21500,18.8,40.6
21750,0.0,60.4
22000,0.0,70.3
22250,0.0,76.24
22500,40.0,85.92857142857143
22750,78.8,15.142857142857144
23000,0.0,50.5
23250,0.0,65.05882352941177
23500,0.0,73.0
23750,0.0,78.0
24000,80.0,93.07142857142857
24250,38.800000000000004,34.0
24500,0.0,57.57142857142858
24750,0.0,68.73684210526316
25000,0.0,75.25
25250,20.0,82.35714285714286
25500,98.8,1.6666666666666667
25750,0.0,46.0
26000,0.0,62.875
26250,0.0,71.71428571428572
26500,0.0,77.15384615384615
26750,60.0,89.5
27000,58.8,25.75
27250,0.0,54.307692307692314
27500,0.0,67.0
27750,0.0,74.17391304347825
28000,0.0,78.78571428571428
28250,100.0,96.64285714285714
28500,18.8,40.6
28750,0.0,60.4
29000,0.0,70.3
29250,0.0,76.24
29500,40.0,85.92857142857143
29750,78.8,15.142857142857144
30000,0.0,50.5
30250,0.0,65.05882352941177
30500,0.0,73.0
30750,0.0,78.0
