250,0.0,100.0
500,0.0,60.0
750,0.0,40.0
1000,0.0,30.0
1250,0.0,24.0
1500,40.0,21.428571428571427
1750,78.8,85.71428571428571
2000,0.0,50.0
2250,0.0,35.294117647058826
2500,0.0,27.27272727272727
2750,0.0,22.22222222222222
3000,80.0,21.428571428571427
3250,38.800000000000004,66.66666666666666
3500,0.0,42.857142857142854
3750,0.0,31.57894736842105
4000,0.0,25.0
4250,20.0,21.428571428571427
4500,98.8,100.0
4750,0.0,54.54545454545454
5000,0.0,37.5
5250,0.0,28.57142857142857
5500,0.0,23.076923076923077
5750,60.0,21.428571428571427
6000,58.8,75.0
6250,0.0,46.15384615384615
6500,0.0,33.33333333333333
6750,0.0,26.08695652173913
7000,0.0,21.428571428571427
7250,100.0,21.428571428571427
7500,18.8,60.0
7750,0.0,40.0
8000,0.0,30.0
8250,0.0,24.0
8500,40.0,21.428571428571427
8750,78.8,85.71428571428571
9000,0.0,50.0
9250,0.0,35.294117647058826
9500,0.0,27.27272727272727
9750,0.0,22.22222222222222
10000,80.0,21.428571428571427
10250,38.800000000000004,66.66666666666666
10500,0.0,42.857142857142854
10750,0.0,31.57894736842105
11000,0.0,25.0
11250,20.0,21.428571428571427
11500,98.8,100.0
11750,0.0,54.54545454545454
12000,0.0,37.5
12250,0.0,28.57142857142857
12500,0.0,23.076923076923077
12750,60.0,21.428571428571427
13000,58.8,75.0
13250,0.0,46.15384615384615
13500,0.0,33.33333333333333
13750,0.0,26.08695652173913
14000,0.0,21.428571428571427
14250,100.0,21.428571428571427
14500,18.8,60.0
14750,0.0,40.0
15000,0.0,30.0
15250,0.0,24.0
15500,40.0,21.428571428571427
15750,78.8,85.71428571428571
16000,0.0,50.0
16250,0.0,35.294117647058826
16500,0.0,27.27272727272727
16750,0.0,22.22222222222222
17000,80.0,21.428571428571427
17250,38.800000000000004,66.66666666666666
17500,0.0,42.857142857142854
17750,0.0,31.57894736842105
18000,0.0,25.0
18250,20.0,21.428571428571427
18500,98.8,100.0
18750,0.0,54.54545454545454
19000,0.0,37.5
19250,0.0,28.57142857142857
19500,0.0,23.076923076923077
19750,60.0,21.428571428571427
20000,58.8,75.0
20250,0.0,46.15384615384615
20500,0.0,33.33333333333333
20750,0.0,26.08695652173913
21000,0.0,21.428571428571427
21250,100.0,21.428571428571427
21500,18.8,60.0
21750,0.0,40.0
22000,0.0,30.0
22250,0.0,24.0
22500,40.0,21.428571428571427
22750,78.8,85.71428571428571
23000,0.0,50.0
23250,0.0,35.294117647058826
23500,0.0,27.27272727272727
23750,0.0,22.22222222222222
24000,80.0,21.428571428571427
24250,38.800000000000004,66.66666666666666
24500,0.0,42.857142857142854
24750,0.0,31.57894736842105
25000,0.0,25.0
25250,20.0,21.428571428571427
25500,98.8,100.0
25750,0.0,54.54545454545454
26000,0.0,37.5
26250,0.0,28.57142857142857
26500,0.0,23.076923076923077
26750,60.0,21.428571428571427
27000,58.8,75.0
27250,0.0,46.15384615384615
27500,0.0,33.33333333333333
27750,0.0,26.08695652173913
28000,0.0,21.428571428571427
28250,100.0,21.428571428571427
28500,18.8,60.0
28750,0.0,40.0
29000,0.0,30.0
29250,0.0,24.0
29500,40.0,21.428571428571427
29750,78.8,85.71428571428571
30000,0.0,50.0
30250,0.0,35.294117647058826
30500,0.0,27.27272727272727
30750,0.0,22.22222222222222
