250,0.0,76.8
500,0.0,88.4
750,0.0,92.26666666666667
1000,0.0,94.19999999999999
1250,0.0,95.36
1500,23.200000000000003,42.0
1750,0.0,83.42857142857143
2000,0.0,90.33333333333333
2250,0.0,93.17647058823529
2500,0.0,94.72727272727272
2750,0.0,95.7037037037037
3000,23.200000000000003,71.0
3250,0.0,87.1111111111111
3500,0.0,91.71428571428571
3750,0.0,93.89473684210526
4000,0.0,95.16666666666667
4250,20.0,99.42857142857143
4500,3.2,80.66666666666666
4750,0.0,89.45454545454545
5000,0.0,92.75
5250,0.0,94.47619047619048
5500,0.0,95.53846153846153
5750,23.200000000000003,61.33333333333333
6000,0.0,85.5
6250,0.0,91.07692307692308
6500,0.0,93.55555555555556
6750,0.0,94.95652173913044
7000,0.0,95.85714285714285
7250,23.200000000000003,76.8
7500,0.0,88.4
7750,0.0,92.26666666666667
8000,0.0,94.19999999999999
8250,0.0,95.36
8500,23.200000000000003,42.0
8750,0.0,83.42857142857143
9000,0.0,90.33333333333333
9250,0.0,93.17647058823529
9500,0.0,94.72727272727272
9750,0.0,95.7037037037037
10000,23.200000000000003,71.0
10250,0.0,87.1111111111111
10500,0.0,91.71428571428571
10750,0.0,93.89473684210526
11000,0.0,95.16666666666667
11250,20.0,99.42857142857143
11500,3.2,80.66666666666666
11750,0.0,89.45454545454545
12000,0.0,92.75
12250,0.0,94.47619047619048
12500,0.0,95.53846153846153
12750,23.200000000000003,61.33333333333333
13000,0.0,85.5
13250,0.0,91.07692307692308
13500,0.0,93.55555555555556
13750,0.0,94.95652173913044
14000,0.0,95.85714285714285
14250,23.200000000000003,76.8
14500,0.0,88.4
14750,0.0,92.26666666666667
15000,0.0,94.19999999999999
15250,0.0,95.36
15500,23.200000000000003,42.0
15750,0.0,83.42857142857143
16000,0.0,90.33333333333333
16250,0.0,93.17647058823529
16500,0.0,94.72727272727272
16750,0.0,95.7037037037037
17000,23.200000000000003,71.0
17250,0.0,87.1111111111111
17500,0.0,91.71428571428571
17750,0.0,93.89473684210526
18000,0.0,95.16666666666667
18250,20.0,99.42857142857143
18500,3.2,80.66666666666666
18750,0.0,89.45454545454545
19000,0.0,92.75
19250,0.0,94.47619047619048
19500,0.0,95.53846153846153
19750,23.200000000000003,61.33333333333333
20000,0.0,85.5
20250,0.0,91.07692307692308
20500,0.0,93.55555555555556
20750,0.0,94.95652173913044
21000,0.0,95.85714285714285
21250,23.200000000000003,76.8
21500,0.0,88.4
21750,0.0,92.26666666666667
22000,0.0,94.19999999999999
22250,0.0,95.36
22500,23.200000000000003,42.0
22750,0.0,83.42857142857143
23000,0.0,90.33333333333333
23250,0.0,93.17647058823529
23500,0.0,94.72727272727272
23750,0.0,95.7037037037037
24000,23.200000000000003,71.0
24250,0.0,87.1111111111111
24500,0.0,91.71428571428571
24750,0.0,93.89473684210526
25000,0.0,95.16666666666667
25250,20.0,99.42857142857143
25500,3.2,80.66666666666666
25750,0.0,89.45454545454545
26000,0.0,92.75
26250,0.0,94.47619047619048
26500,0.0,95.53846153846153
26750,23.200000000000003,61.33333333333333
27000,0.0,85.5
27250,0.0,91.07692307692308
27500,0.0,93.55555555555556
27750,0.0,94.95652173913044
28000,0.0,95.85714285714285
28250,23.200000000000003,76.8
28500,0.0,88.4
28750,0.0,92.26666666666667
29000,0.0,94.19999999999999
29250,0.0,95.36
29500,23.200000000000003,42.0
29750,0.0,83.42857142857143
30000,0.0,90.33333333333333
30250,0.0,93.17647058823529
30500,0.0,94.72727272727272
30750,0.0,95.7037037037037
