50,0.0,0.0
100,0.0,0.0
150,0.0,0.0
200,0.0,0.0
250,0.0,0.0
300,0.0,0.0
350,0.0,0.0
400,0.0,0.0
450,0.0,12.0
500,0.0,20.8
550,0.0,28.000000000000004
600,0.0,34.0
650,0.0,39.07692307692307
700,0.0,43.42857142857143
750,0.0,47.199999999999996
800,0.0,50.5
850,0.0,53.41176470588235
900,0.0,56.00000000000001
950,0.0,58.31578947368421
1000,0.0,60.4
1050,0.0,62.28571428571429
1100,0.0,64.0
1150,0.0,65.56521739130434
1200,0.0,67.0
1250,0.0,68.32000000000001
1300,0.0,69.53846153846153
1350,0.0,70.66666666666667
1400,0.0,71.71428571428572
1450,100.0,75.28571428571429
1500,100.0,78.85714285714286
1550,100.0,82.42857142857143
1600,100.0,86.0
1650,100.0,89.57142857142857
1700,100.0,93.14285714285714
1750,100.0,96.71428571428572
1800,92.0,1.5
1850,0.0,1.1111111111111112
1900,0.0,1.0
1950,0.0,0.9090909090909091
2000,0.0,0.8333333333333334
2050,0.0,0.7692307692307693
2100,0.0,0.7142857142857143
2150,0.0,0.6666666666666667
2200,0.0,0.625
2250,0.0,0.5882352941176471
2300,0.0,0.5555555555555556
2350,0.0,0.5263157894736842
2400,0.0,0.5
2450,0.0,0.4761904761904762
2500,0.0,0.45454545454545453
2550,0.0,0.43478260869565216
2600,0.0,0.4166666666666667
2650,0.0,0.4
2700,0.0,0.38461538461538464
2750,0.0,0.3703703703703704
2800,0.0,0.35714285714285715
2850,100.0,3.9285714285714284
2900,100.0,7.5
2950,100.0,11.071428571428571
3000,100.0,14.642857142857144
3050,100.0,18.21428571428571
3100,100.0,21.785714285714285
3150,100.0,25.357142857142854
3200,92.0,1.5
3250,0.0,12.444444444444445
3300,0.0,21.2
3350,0.0,28.363636363636363
3400,0.0,34.333333333333336
3450,0.0,39.38461538461539
3500,0.0,43.714285714285715
3550,0.0,47.46666666666667
3600,0.0,50.74999999999999
3650,0.0,53.64705882352941
3700,0.0,56.222222222222214
3750,0.0,58.526315789473685
3800,0.0,60.6
3850,0.0,62.476190476190474
3900,0.0,64.18181818181819
3950,0.0,65.73913043478261
4000,0.0,67.16666666666666
4050,0.0,68.47999999999999
4100,0.0,69.6923076923077
4150,0.0,70.81481481481482
4200,0.0,71.85714285714285
4250,100.0,75.42857142857143
4300,100.0,79.0
4350,100.0,82.57142857142857
4400,100.0,86.14285714285714
4450,100.0,89.71428571428571
4500,100.0,93.28571428571428
4550,100.0,96.85714285714285
4600,92.0,1.5
4650,0.0,1.1111111111111112
4700,0.0,1.0
4750,0.0,0.9090909090909091
4800,0.0,0.8333333333333334
4850,0.0,0.7692307692307693
4900,0.0,0.7142857142857143
4950,0.0,0.6666666666666667
5000,0.0,0.625
5050,0.0,0.5882352941176471
5100,0.0,0.5555555555555556
5150,0.0,0.5263157894736842
5200,0.0,0.5
5250,0.0,0.4761904761904762
5300,0.0,0.45454545454545453
5350,0.0,0.43478260869565216
5400,0.0,0.4166666666666667
5450,0.0,0.4
5500,0.0,0.38461538461538464
5550,0.0,0.3703703703703704
5600,0.0,0.35714285714285715
5650,100.0,3.9285714285714284
5700,100.0,7.5
5750,100.0,11.071428571428571
5800,100.0,14.642857142857144
5850,100.0,18.21428571428571
5900,100.0,21.785714285714285
5950,100.0,25.357142857142854
6000,92.0,1.5
6050,0.0,12.444444444444445
6100,0.0,21.2
6150,0.0,28.363636363636363
6200,0.0,34.333333333333336
6250,0.0,39.38461538461539
6300,0.0,43.714285714285715
6350,0.0,47.46666666666667
6400,0.0,50.74999999999999
6450,0.0,53.64705882352941
6500,0.0,56.222222222222214
6550,0.0,58.526315789473685
6600,0.0,60.6
6650,0.0,62.476190476190474
6700,0.0,64.18181818181819
6750,0.0,65.73913043478261
6800,0.0,67.16666666666666
6850,0.0,68.47999999999999
6900,0.0,69.6923076923077
6950,0.0,70.81481481481482
7000,0.0,71.85714285714285
7050,100.0,75.42857142857143
7100,100.0,79.0
7150,100.0,82.57142857142857
7200,100.0,86.14285714285714
7250,100.0,89.71428571428571
7300,100.0,93.28571428571428
7350,100.0,96.85714285714285
7400,92.0,1.5
7450,0.0,1.1111111111111112
7500,0.0,1.0
7550,0.0,0.9090909090909091
7600,0.0,0.8333333333333334
7650,0.0,0.7692307692307693
7700,0.0,0.7142857142857143
7750,0.0,0.6666666666666667
7800,0.0,0.625
7850,0.0,0.5882352941176471
7900,0.0,0.5555555555555556
7950,0.0,0.5263157894736842
8000,0.0,0.5
8050,0.0,0.4761904761904762
8100,0.0,0.45454545454545453
8150,0.0,0.43478260869565216
8200,0.0,0.4166666666666667
8250,0.0,0.4
8300,0.0,0.38461538461538464
8350,0.0,0.3703703703703704
8400,0.0,0.35714285714285715
8450,100.0,3.9285714285714284
8500,100.0,7.5
8550,100.0,11.071428571428571
8600,100.0,14.642857142857144
8650,100.0,18.21428571428571
8700,100.0,21.785714285714285
8750,100.0,25.357142857142854
8800,92.0,1.5
8850,0.0,12.444444444444445
8900,0.0,21.2
8950,0.0,28.363636363636363
9000,0.0,34.333333333333336
9050,0.0,39.38461538461539
9100,0.0,43.714285714285715
9150,0.0,47.46666666666667
9200,0.0,50.74999999999999
9250,0.0,53.64705882352941
9300,0.0,56.222222222222214
9350,0.0,58.526315789473685
9400,0.0,60.6
9450,0.0,62.476190476190474
9500,0.0,64.18181818181819
9550,0.0,65.73913043478261
9600,0.0,67.16666666666666
9650,0.0,68.47999999999999
9700,0.0,69.6923076923077
9750,0.0,70.81481481481482
9800,0.0,71.85714285714285
9850,100.0,75.42857142857143
9900,100.0,79.0
9950,100.0,82.57142857142857
10000,100.0,86.14285714285714
10050,100.0,89.71428571428571
10100,100.0,93.28571428571428
10150,100.0,96.85714285714285
10200,92.0,1.5
10250,0.0,1.1111111111111112
10300,0.0,1.0
10350,0.0,0.9090909090909091
10400,0.0,0.8333333333333334
10450,0.0,0.7692307692307693
10500,0.0,0.7142857142857143
10550,0.0,0.6666666666666667
10600,0.0,0.625
10650,0.0,0.5882352941176471
10700,0.0,0.5555555555555556
10750,0.0,0.5263157894736842
10800,0.0,0.5
10850,0.0,0.4761904761904762
10900,0.0,0.45454545454545453
10950,0.0,0.43478260869565216
11000,0.0,0.4166666666666667
11050,0.0,0.4
11100,0.0,0.38461538461538464
11150,0.0,0.3703703703703704
11200,0.0,0.35714285714285715
11250,100.0,3.9285714285714284
11300,100.0,7.5
11350,100.0,11.071428571428571
11400,100.0,14.642857142857144
11450,100.0,18.21428571428571
11500,100.0,21.785714285714285
11550,100.0,25.357142857142854
11600,92.0,1.5
11650,0.0,12.444444444444445
11700,0.0,21.2
11750,0.0,28.363636363636363
11800,0.0,34.333333333333336
11850,0.0,39.38461538461539
11900,0.0,43.714285714285715
11950,0.0,47.46666666666667
12000,0.0,50.74999999999999
12050,0.0,53.64705882352941
12100,0.0,56.222222222222214
12150,0.0,58.526315789473685
12200,0.0,60.6
12250,0.0,62.476190476190474
12300,0.0,64.18181818181819
12350,0.0,65.73913043478261
12400,0.0,67.16666666666666
12450,0.0,68.47999999999999
12500,0.0,69.6923076923077
12550,0.0,70.81481481481482
12600,0.0,71.85714285714285
12650,100.0,75.42857142857143
12700,100.0,79.0
12750,100.0,82.57142857142857
12800,100.0,86.14285714285714
12850,100.0,89.71428571428571
12900,100.0,93.28571428571428
12950,100.0,96.85714285714285
13000,92.0,1.5
13050,0.0,1.1111111111111112
13100,0.0,1.0
13150,0.0,0.9090909090909091
13200,0.0,0.8333333333333334
13250,0.0,0.7692307692307693
13300,0.0,0.7142857142857143
13350,0.0,0.6666666666666667
13400,0.0,0.625
13450,0.0,0.5882352941176471
13500,0.0,0.5555555555555556
13550,0.0,0.5263157894736842
13600,0.0,0.5
13650,0.0,0.4761904761904762
13700,0.0,0.45454545454545453
13750,0.0,0.43478260869565216
13800,0.0,0.4166666666666667
13850,0.0,0.4
13900,0.0,0.38461538461538464
13950,0.0,0.3703703703703704
14000,0.0,0.35714285714285715
14050,100.0,3.9285714285714284
14100,100.0,7.5
14150,100.0,11.071428571428571
14200,100.0,14.642857142857144
14250,100.0,18.21428571428571
14300,100.0,21.785714285714285
14350,100.0,25.357142857142854
14400,92.0,1.5
14450,0.0,12.444444444444445
14500,0.0,21.2
14550,0.0,28.363636363636363
14600,0.0,34.333333333333336
14650,0.0,39.38461538461539
14700,0.0,43.714285714285715
14750,0.0,47.46666666666667
14800,0.0,50.74999999999999
14850,0.0,53.64705882352941
14900,0.0,56.222222222222214
14950,0.0,58.526315789473685
15000,0.0,60.6
15050,0.0,62.476190476190474
15100,0.0,64.18181818181819
15150,0.0,65.73913043478261
15200,0.0,67.16666666666666
15250,0.0,68.47999999999999
15300,0.0,69.6923076923077
15350,0.0,70.81481481481482
15400,0.0,71.85714285714285
15450,100.0,75.42857142857143
15500,100.0,79.0
15550,100.0,82.57142857142857
15600,100.0,86.14285714285714
15650,100.0,89.71428571428571
15700,100.0,93.28571428571428
15750,100.0,96.85714285714285
15800,92.0,1.5
15850,0.0,1.1111111111111112
15900,0.0,1.0
15950,0.0,0.9090909090909091
16000,0.0,0.8333333333333334
16050,0.0,0.7692307692307693
16100,0.0,0.7142857142857143
16150,0.0,0.6666666666666667
16200,0.0,0.625
16250,0.0,0.5882352941176471
16300,0.0,0.5555555555555556
16350,0.0,0.5263157894736842
16400,0.0,0.5
16450,0.0,0.4761904761904762
16500,0.0,0.45454545454545453
16550,0.0,0.43478260869565216
16600,0.0,0.4166666666666667
16650,0.0,0.4
16700,0.0,0.38461538461538464
16750,0.0,0.3703703703703704
16800,0.0,0.35714285714285715
16850,100.0,3.9285714285714284
16900,100.0,7.5
16950,100.0,11.071428571428571
17000,100.0,14.642857142857144
17050,100.0,18.21428571428571
17100,100.0,21.785714285714285
17150,100.0,25.357142857142854
17200,92.0,1.5
17250,0.0,12.444444444444445
17300,0.0,21.2
17350,0.0,28.363636363636363
17400,0.0,34.333333333333336
17450,0.0,39.38461538461539
17500,0.0,43.714285714285715
17550,0.0,47.46666666666667
17600,0.0,50.74999999999999
17650,0.0,53.64705882352941
17700,0.0,56.222222222222214
17750,0.0,58.526315789473685
17800,0.0,60.6
17850,0.0,62.476190476190474
17900,0.0,64.18181818181819
17950,0.0,65.73913043478261
18000,0.0,67.16666666666666
18050,0.0,68.47999999999999
18100,0.0,69.6923076923077
18150,0.0,70.81481481481482
18200,0.0,71.85714285714285
18250,100.0,75.42857142857143
18300,100.0,79.0
18350,100.0,82.57142857142857
18400,100.0,86.14285714285714
18450,100.0,89.71428571428571
18500,100.0,93.28571428571428
18550,100.0,96.85714285714285
18600,92.0,1.5
18650,0.0,1.1111111111111112
18700,0.0,1.0
18750,0.0,0.9090909090909091
18800,0.0,0.8333333333333334
18850,0.0,0.7692307692307693
18900,0.0,0.7142857142857143
18950,0.0,0.6666666666666667
19000,0.0,0.625
19050,0.0,0.5882352941176471
19100,0.0,0.5555555555555556
19150,0.0,0.5263157894736842
19200,0.0,0.5
19250,0.0,0.4761904761904762
19300,0.0,0.45454545454545453
19350,0.0,0.43478260869565216
19400,0.0,0.4166666666666667
19450,0.0,0.4
19500,0.0,0.38461538461538464
19550,0.0,0.3703703703703704
19600,0.0,0.35714285714285715
19650,100.0,3.9285714285714284
19700,100.0,7.5
19750,100.0,11.071428571428571
19800,100.0,14.642857142857144
19850,100.0,18.21428571428571
19900,100.0,21.785714285714285
19950,100.0,25.357142857142854
20000,92.0,1.5
20050,0.0,12.444444444444445
20100,0.0,21.2
20150,0.0,28.363636363636363
20200,0.0,34.333333333333336
20250,0.0,39.38461538461539
20300,0.0,43.714285714285715
20350,0.0,47.46666666666667
20400,0.0,50.74999999999999
20450,0.0,53.64705882352941
20500,0.0,56.222222222222214
20550,0.0,58.526315789473685
20600,0.0,60.6
20650,0.0,62.476190476190474
20700,0.0,64.18181818181819
20750,0.0,65.73913043478261
20800,0.0,67.16666666666666
20850,0.0,68.47999999999999
20900,0.0,69.6923076923077
20950,0.0,70.81481481481482
21000,0.0,71.85714285714285
21050,100.0,75.42857142857143
21100,100.0,79.0
21150,100.0,82.57142857142857
21200,100.0,86.14285714285714
21250,100.0,89.71428571428571
21300,100.0,93.28571428571428
21350,100.0,96.85714285714285
21400,92.0,1.5
21450,0.0,1.1111111111111112
21500,0.0,1.0
21550,0.0,0.9090909090909091
21600,0.0,0.8333333333333334
21650,0.0,0.7692307692307693
21700,0.0,0.7142857142857143
21750,0.0,0.6666666666666667
21800,0.0,0.625
21850,0.0,0.5882352941176471
21900,0.0,0.5555555555555556
21950,0.0,0.5263157894736842
22000,0.0,0.5
22050,0.0,0.4761904761904762
22100,0.0,0.45454545454545453
22150,0.0,0.43478260869565216
22200,0.0,0.4166666666666667
22250,0.0,0.4
22300,0.0,0.38461538461538464
22350,0.0,0.3703703703703704
22400,0.0,0.35714285714285715
22450,100.0,3.9285714285714284
22500,100.0,7.5
22550,100.0,11.071428571428571
22600,100.0,14.642857142857144
22650,100.0,18.21428571428571
22700,100.0,21.785714285714285
22750,100.0,25.357142857142854
22800,92.0,1.5
22850,0.0,12.444444444444445
22900,0.0,21.2
22950,0.0,28.363636363636363
23000,0.0,34.333333333333336
23050,0.0,39.38461538461539
23100,0.0,43.714285714285715
23150,0.0,47.46666666666667
23200,0.0,50.74999999999999
23250,0.0,53.64705882352941
23300,0.0,56.222222222222214
23350,0.0,58.526315789473685
23400,0.0,60.6
23450,0.0,62.476190476190474
23500,0.0,64.18181818181819
23550,0.0,65.73913043478261
23600,0.0,67.16666666666666
23650,0.0,68.47999999999999
23700,0.0,69.6923076923077
23750,0.0,70.81481481481482
23800,0.0,71.85714285714285
23850,100.0,75.42857142857143
23900,100.0,79.0
23950,100.0,82.57142857142857
24000,100.0,86.14285714285714
24050,100.0,89.71428571428571
24100,100.0,93.28571428571428
24150,100.0,96.85714285714285
24200,92.0,1.5
24250,0.0,1.1111111111111112
24300,0.0,1.0
24350,0.0,0.9090909090909091
24400,0.0,0.8333333333333334
24450,0.0,0.7692307692307693
24500,0.0,0.7142857142857143
24550,0.0,0.6666666666666667
24600,0.0,0.625
24650,0.0,0.5882352941176471
24700,0.0,0.5555555555555556
24750,0.0,0.5263157894736842
24800,0.0,0.5
24850,0.0,0.4761904761904762
24900,0.0,0.45454545454545453
24950,0.0,0.43478260869565216
25000,0.0,0.4166666666666667
25050,0.0,0.4
25100,0.0,0.38461538461538464
25150,0.0,0.3703703703703704
25200,0.0,0.35714285714285715
25250,100.0,3.9285714285714284
25300,100.0,7.5
25350,100.0,11.071428571428571
25400,100.0,14.642857142857144
25450,100.0,18.21428571428571
25500,100.0,21.785714285714285
25550,100.0,25.357142857142854
25600,92.0,1.5
25650,0.0,12.444444444444445
25700,0.0,21.2
25750,0.0,28.363636363636363
25800,0.0,34.333333333333336
25850,0.0,39.38461538461539
25900,0.0,43.714285714285715
25950,0.0,47.46666666666667
26000,0.0,50.74999999999999
26050,0.0,53.64705882352941
26100,0.0,56.222222222222214
26150,0.0,58.526315789473685
26200,0.0,60.6
26250,0.0,62.476190476190474
26300,0.0,64.18181818181819
26350,0.0,65.73913043478261
26400,0.0,67.16666666666666
26450,0.0,68.47999999999999
26500,0.0,69.6923076923077
26550,0.0,70.81481481481482
26600,0.0,71.85714285714285
26650,100.0,75.42857142857143
26700,100.0,79.0
26750,100.0,82.57142857142857
26800,100.0,86.14285714285714
26850,100.0,89.71428571428571
26900,100.0,93.28571428571428
26950,100.0,96.85714285714285
27000,92.0,1.5
27050,0.0,1.1111111111111112
27100,0.0,1.0
27150,0.0,0.9090909090909091
27200,0.0,0.8333333333333334
27250,0.0,0.7692307692307693
27300,0.0,0.7142857142857143
27350,0.0,0.6666666666666667
27400,0.0,0.625
27450,0.0,0.5882352941176471
27500,0.0,0.5555555555555556
27550,0.0,0.5263157894736842
27600,0.0,0.5
27650,0.0,0.4761904761904762
27700,0.0,0.45454545454545453
27750,0.0,0.43478260869565216
27800,0.0,0.4166666666666667
27850,0.0,0.4
27900,0.0,0.38461538461538464
27950,0.0,0.3703703703703704
28000,0.0,0.35714285714285715
28050,100.0,3.9285714285714284
28100,100.0,7.5
28150,100.0,11.071428571428571
28200,100.0,14.642857142857144
28250,100.0,18.21428571428571
28300,100.0,21.785714285714285
28350,100.0,25.357142857142854
28400,92.0,1.5
28450,0.0,12.444444444444445
28500,0.0,21.2
28550,0.0,28.363636363636363
28600,0.0,34.333333333333336
28650,0.0,39.38461538461539
28700,0.0,43.714285714285715
28750,0.0,47.46666666666667
28800,0.0,50.74999999999999
28850,0.0,53.64705882352941
28900,0.0,56.222222222222214
28950,0.0,58.526315789473685
29000,0.0,60.6
29050,0.0,62.476190476190474
29100,0.0,64.18181818181819
29150,0.0,65.73913043478261
29200,0.0,67.16666666666666
29250,0.0,68.47999999999999
29300,0.0,69.6923076923077
29350,0.0,70.81481481481482
29400,0.0,71.85714285714285
29450,100.0,75.42857142857143
29500,100.0,79.0
29550,100.0,82.57142857142857
29600,100.0,86.14285714285714
29650,100.0,89.71428571428571
29700,100.0,93.28571428571428
29750,100.0,96.85714285714285
29800,92.0,1.5
29850,0.0,1.1111111111111112
29900,0.0,1.0
29950,0.0,0.9090909090909091
30000,0.0,0.8333333333333334
30050,0.0,0.7692307692307693
30100,0.0,0.7142857142857143
30150,0.0,0.6666666666666667
30200,0.0,0.625
30250,0.0,0.5882352941176471
30300,0.0,0.5555555555555556
30350,0.0,0.5263157894736842
30400,0.0,0.5
30450,0.0,0.4761904761904762
30500,0.0,0.45454545454545453
30550,0.0,0.43478260869565216
30600,0.0,0.4166666666666667
30650,0.0,0.4
30700,0.0,0.38461538461538464
30750,0.0,0.3703703703703704
