250,0.0,40.0
500,0.0,20.0
750,0.0,13.333333333333334
1000,0.0,10.0
1250,0.0,8.0
1500,39.2,100.0
1750,0.0,28.57142857142857
2000,0.0,16.666666666666664
2250,0.0,11.76470588235294
2500,0.0,9.090909090909092
2750,0.0,7.4074074074074066
3000,39.2,50.0
3250,0.0,22.22222222222222
3500,0.0,14.285714285714285
3750,0.0,10.526315789473683
4000,0.0,8.333333333333332
4250,20.0,7.142857142857142
4500,19.2,33.33333333333333
4750,0.0,18.181818181818183
5000,0.0,12.5
5250,0.0,9.523809523809524
5500,0.0,7.6923076923076925
5750,39.2,66.66666666666666
6000,0.0,25.0
6250,0.0,15.384615384615385
6500,0.0,11.11111111111111
6750,0.0,8.695652173913043
7000,0.0,7.142857142857142
7250,39.2,40.0
7500,0.0,20.0
7750,0.0,13.333333333333334
8000,0.0,10.0
8250,0.0,8.0
8500,39.2,100.0
8750,0.0,28.57142857142857
9000,0.0,16.666666666666664
9250,0.0,11.76470588235294
9500,0.0,9.090909090909092
9750,0.0,7.4074074074074066
10000,39.2,50.0
10250,0.0,22.22222222222222
10500,0.0,14.285714285714285
10750,0.0,10.526315789473683
11000,0.0,8.333333333333332
11250,20.0,7.142857142857142
11500,19.2,33.33333333333333
11750,0.0,18.181818181818183
12000,0.0,12.5
12250,0.0,9.523809523809524
12500,0.0,7.6923076923076925
12750,39.2,66.66666666666666
13000,0.0,25.0
13250,0.0,15.384615384615385
13500,0.0,11.11111111111111
13750,0.0,8.695652173913043
14000,0.0,7.142857142857142
14250,39.2,40.0
14500,0.0,20.0
14750,0.0,13.333333333333334
15000,0.0,10.0
15250,0.0,8.0
15500,39.2,100.0
15750,0.0,28.57142857142857
16000,0.0,16.666666666666664
16250,0.0,11.76470588235294
16500,0.0,9.090909090909092
16750,0.0,7.4074074074074066
17000,39.2,50.0
17250,0.0,22.22222222222222
17500,0.0,14.285714285714285
17750,0.0,10.526315789473683
18000,0.0,8.333333333333332
18250,20.0,7.142857142857142
18500,19.2,33.33333333333333
18750,0.0,18.181818181818183
19000,0.0,12.5
19250,0.0,9.523809523809524
19500,0.0,7.6923076923076925
19750,39.2,66.66666666666666
20000,0.0,25.0
20250,0.0,15.384615384615385
20500,0.0,11.11111111111111
20750,0.0,8.695652173913043
21000,0.0,7.142857142857142
21250,39.2,40.0
21500,0.0,20.0
21750,0.0,13.333333333333334
22000,0.0,10.0
22250,0.0,8.0
22500,39.2,100.0
22750,0.0,28.57142857142857
23000,0.0,16.666666666666664
23250,0.0,11.76470588235294
23500,0.0,9.090909090909092
23750,0.0,7.4074074074074066
24000,39.2,50.0
24250,0.0,22.22222222222222
24500,0.0,14.285714285714285
24750,0.0,10.526315789473683
25000,0.0,8.333333333333332
25250,20.0,7.142857142857142
25500,19.2,33.33333333333333
25750,0.0,18.181818181818183
26000,0.0,12.5
26250,0.0,9.523809523809524
26500,0.0,7.6923076923076925
26750,39.2,66.66666666666666
27000,0.0,25.0
27250,0.0,15.384615384615385
27500,0.0,11.11111111111111
27750,0.0,8.695652173913043
28000,0.0,7.142857142857142
28250,39.2,40.0
28500,0.0,20.0
28750,0.0,13.333333333333334
29000,0.0,10.0
29250,0.0,8.0
29500,39.2,100.0
29750,0.0,28.57142857142857
30000,0.0,16.666666666666664
30250,0.0,11.76470588235294
30500,0.0,9.090909090909092
30750,0.0,7.4074074074074066
