50,0.0,0.0
100,0.0,0.0
150,0.0,0.0
200,0.0,0.0
250,0.0,0.0
300,0.0,0.0
350,0.0,0.0
400,0.0,0.0
450,0.0,0.0
500,0.0,0.0
550,0.0,0.0
600,0.0,0.0
650,0.0,8.615384615384615
700,0.0,15.142857142857144
750,0.0,20.8
800,0.0,25.75
850,0.0,30.117647058823525
900,0.0,34.0
950,0.0,37.473684210526315
1000,0.0,40.6
1050,0.0,43.42857142857143
1100,0.0,46.0
1150,0.0,48.347826086956516
1200,0.0,50.5
1250,0.0,52.480000000000004
1300,0.0,54.307692307692314
1350,0.0,56.00000000000001
1400,0.0,57.57142857142858
1450,100.0,61.142857142857146
1500,100.0,64.71428571428571
1550,100.0,68.28571428571428
1600,100.0,71.85714285714285
1650,100.0,75.42857142857143
1700,100.0,79.0
1750,100.0,82.57142857142857
1800,100.0,86.14285714285714
1850,100.0,89.71428571428571
1900,100.0,93.28571428571428
1950,100.0,96.85714285714285
2000,88.0,1.3333333333333335
2050,0.0,1.0769230769230769
2100,0.0,1.0
2150,0.0,0.9333333333333335
2200,0.0,0.8750000000000001
2250,0.0,0.823529411764706
2300,0.0,0.7777777777777778
2350,0.0,0.7368421052631579
2400,0.0,0.7000000000000001
2450,0.0,0.6666666666666667
2500,0.0,0.6363636363636364
2550,0.0,0.6086956521739131
2600,0.0,0.5833333333333334
2650,0.0,0.5599999999999999
2700,0.0,0.5384615384615384
2750,0.0,0.5185185185185185
2800,0.0,0.5
2850,100.0,4.071428571428572
2900,100.0,7.642857142857143
2950,100.0,11.214285714285714
3000,100.0,14.785714285714285
3050,100.0,18.357142857142858
3100,100.0,21.928571428571427
3150,100.0,25.5
3200,100.0,29.07142857142857
3250,100.0,32.64285714285714
3300,100.0,36.214285714285715
3350,100.0,39.785714285714285
3400,88.0,1.3333333333333335
3450,0.0,8.923076923076923
3500,0.0,15.428571428571427
3550,0.0,21.066666666666666
3600,0.0,26.0
3650,0.0,30.352941176470587
3700,0.0,34.22222222222222
3750,0.0,37.68421052631579
3800,0.0,40.8
3850,0.0,43.61904761904762
3900,0.0,46.18181818181818
3950,0.0,48.52173913043478
4000,0.0,50.66666666666667
4050,0.0,52.64
4100,0.0,54.46153846153846
4150,0.0,56.148148148148145
4200,0.0,57.714285714285715
4250,100.0,61.285714285714285
4300,100.0,64.85714285714286
4350,100.0,68.42857142857143
4400,100.0,72.0
4450,100.0,75.57142857142857
4500,100.0,79.14285714285715
4550,100.0,82.71428571428572
4600,100.0,86.28571428571429
4650,100.0,89.85714285714286
4700,100.0,93.42857142857143
4750,100.0,97.0
4800,88.0,1.3333333333333335
4850,0.0,1.0769230769230769
4900,0.0,1.0
4950,0.0,0.9333333333333335
5000,0.0,0.8750000000000001
5050,0.0,0.823529411764706
5100,0.0,0.7777777777777778
5150,0.0,0.7368421052631579
5200,0.0,0.7000000000000001
5250,0.0,0.6666666666666667
5300,0.0,0.6363636363636364
5350,0.0,0.6086956521739131
5400,0.0,0.5833333333333334
5450,0.0,0.5599999999999999
5500,0.0,0.5384615384615384
5550,0.0,0.5185185185185185
5600,0.0,0.5
5650,100.0,4.071428571428572
5700,100.0,7.642857142857143
5750,100.0,11.214285714285714
5800,100.0,14.785714285714285
5850,100.0,18.357142857142858
5900,100.0,21.928571428571427
5950,100.0,25.5
6000,100.0,29.07142857142857
6050,100.0,32.64285714285714
6100,100.0,36.214285714285715
6150,100.0,39.785714285714285
6200,88.0,1.3333333333333335
6250,0.0,8.923076923076923
6300,0.0,15.428571428571427
6350,0.0,21.066666666666666
6400,0.0,26.0
6450,0.0,30.352941176470587
6500,0.0,34.22222222222222
6550,0.0,37.68421052631579
6600,0.0,40.8
6650,0.0,43.61904761904762
6700,0.0,46.18181818181818
6750,0.0,48.52173913043478
6800,0.0,50.66666666666667
6850,0.0,52.64
6900,0.0,54.46153846153846
6950,0.0,56.148148148148145
7000,0.0,57.714285714285715
7050,100.0,61.285714285714285
7100,100.0,64.85714285714286
7150,100.0,68.42857142857143
7200,100.0,72.0
7250,100.0,75.57142857142857
7300,100.0,79.14285714285715
7350,100.0,82.71428571428572
7400,100.0,86.28571428571429
7450,100.0,89.85714285714286
7500,100.0,93.42857142857143
7550,100.0,97.0
7600,88.0,1.3333333333333335
7650,0.0,1.0769230769230769
7700,0.0,1.0
7750,0.0,0.9333333333333335
7800,0.0,0.8750000000000001
7850,0.0,0.823529411764706
7900,0.0,0.7777777777777778
7950,0.0,0.7368421052631579
8000,0.0,0.7000000000000001
8050,0.0,0.6666666666666667
8100,0.0,0.6363636363636364
8150,0.0,0.6086956521739131
8200,0.0,0.5833333333333334
8250,0.0,0.5599999999999999
8300,0.0,0.5384615384615384
8350,0.0,0.5185185185185185
8400,0.0,0.5
8450,100.0,4.071428571428572
8500,100.0,7.642857142857143
8550,100.0,11.214285714285714
8600,100.0,14.785714285714285
8650,100.0,18.357142857142858
8700,100.0,21.928571428571427
8750,100.0,25.5
8800,100.0,29.07142857142857
8850,100.0,32.64285714285714
8900,100.0,36.214285714285715
8950,100.0,39.785714285714285
9000,88.0,1.3333333333333335
9050,0.0,8.923076923076923
9100,0.0,15.428571428571427
9150,0.0,21.066666666666666
9200,0.0,26.0
9250,0.0,30.352941176470587
9300,0.0,34.22222222222222
9350,0.0,37.68421052631579
9400,0.0,40.8
9450,0.0,43.61904761904762
9500,0.0,46.18181818181818
9550,0.0,48.52173913043478
9600,0.0,50.66666666666667
9650,0.0,52.64
9700,0.0,54.46153846153846
9750,0.0,56.148148148148145
9800,0.0,57.714285714285715
9850,100.0,61.285714285714285
9900,100.0,64.85714285714286
9950,100.0,68.42857142857143
10000,100.0,72.0
10050,100.0,75.57142857142857
10100,100.0,79.14285714285715
10150,100.0,82.71428571428572
10200,100.0,86.28571428571429
10250,100.0,89.85714285714286
10300,100.0,93.42857142857143
10350,100.0,97.0
10400,88.0,1.3333333333333335
10450,0.0,1.0769230769230769
10500,0.0,1.0
10550,0.0,0.9333333333333335
10600,0.0,0.8750000000000001
10650,0.0,0.823529411764706
10700,0.0,0.7777777777777778
10750,0.0,0.7368421052631579
10800,0.0,0.7000000000000001
10850,0.0,0.6666666666666667
10900,0.0,0.6363636363636364
10950,0.0,0.6086956521739131
11000,0.0,0.5833333333333334
11050,0.0,0.5599999999999999
11100,0.0,0.5384615384615384
11150,0.0,0.5185185185185185
11200,0.0,0.5
11250,100.0,4.071428571428572
11300,100.0,7.642857142857143
11350,100.0,11.214285714285714
11400,100.0,14.785714285714285
11450,100.0,18.357142857142858
11500,100.0,21.928571428571427
11550,100.0,25.5
11600,100.0,29.07142857142857
11650,100.0,32.64285714285714
11700,100.0,36.214285714285715
11750,100.0,39.785714285714285
11800,88.0,1.3333333333333335
11850,0.0,8.923076923076923
11900,0.0,15.428571428571427
11950,0.0,21.066666666666666
12000,0.0,26.0
12050,0.0,30.352941176470587
12100,0.0,34.22222222222222
12150,0.0,37.68421052631579
12200,0.0,40.8
12250,0.0,43.61904761904762
12300,0.0,46.18181818181818
12350,0.0,48.52173913043478
12400,0.0,50.66666666666667
12450,0.0,52.64
12500,0.0,54.46153846153846
12550,0.0,56.148148148148145
12600,0.0,57.714285714285715
12650,100.0,61.285714285714285
12700,100.0,64.85714285714286
12750,100.0,68.42857142857143
12800,100.0,72.0
12850,100.0,75.57142857142857
12900,100.0,79.14285714285715
12950,100.0,82.71428571428572
13000,100.0,86.28571428571429
13050,100.0,89.85714285714286
13100,100.0,93.42857142857143
13150,100.0,97.0
13200,88.0,1.3333333333333335
13250,0.0,1.0769230769230769
13300,0.0,1.0
13350,0.0,0.9333333333333335
13400,0.0,0.8750000000000001
13450,0.0,0.823529411764706
13500,0.0,0.7777777777777778
13550,0.0,0.7368421052631579
13600,0.0,0.7000000000000001
13650,0.0,0.6666666666666667
13700,0.0,0.6363636363636364
13750,0.0,0.6086956521739131
13800,0.0,0.5833333333333334
13850,0.0,0.5599999999999999
13900,0.0,0.5384615384615384
13950,0.0,0.5185185185185185
14000,0.0,0.5
14050,100.0,4.071428571428572
14100,100.0,7.642857142857143
14150,100.0,11.214285714285714
14200,100.0,14.785714285714285
14250,100.0,18.357142857142858
14300,100.0,21.928571428571427
14350,100.0,25.5
14400,100.0,29.07142857142857
14450,100.0,32.64285714285714
14500,100.0,36.214285714285715
14550,100.0,39.785714285714285
14600,88.0,1.3333333333333335
14650,0.0,8.923076923076923
14700,0.0,15.428571428571427
14750,0.0,21.066666666666666
14800,0.0,26.0
14850,0.0,30.352941176470587
14900,0.0,34.22222222222222
14950,0.0,37.68421052631579
15000,0.0,40.8
15050,0.0,43.61904761904762
15100,0.0,46.18181818181818
15150,0.0,48.52173913043478
15200,0.0,50.66666666666667
15250,0.0,52.64
15300,0.0,54.46153846153846
15350,0.0,56.148148148148145
15400,0.0,57.714285714285715
15450,100.0,61.285714285714285
15500,100.0,64.85714285714286
15550,100.0,68.42857142857143
15600,100.0,72.0
15650,100.0,75.57142857142857
15700,100.0,79.14285714285715
15750,100.0,82.71428571428572
15800,100.0,86.28571428571429
15850,100.0,89.85714285714286
15900,100.0,93.42857142857143
15950,100.0,97.0
16000,88.0,1.3333333333333335
16050,0.0,1.0769230769230769
16100,0.0,1.0
16150,0.0,0.9333333333333335
16200,0.0,0.8750000000000001
16250,0.0,0.823529411764706
16300,0.0,0.7777777777777778
16350,0.0,0.7368421052631579
16400,0.0,0.7000000000000001
16450,0.0,0.6666666666666667
16500,0.0,0.6363636363636364
16550,0.0,0.6086956521739131
16600,0.0,0.5833333333333334
16650,0.0,0.5599999999999999
16700,0.0,0.5384615384615384
16750,0.0,0.5185185185185185
16800,0.0,0.5
16850,100.0,4.071428571428572
16900,100.0,7.642857142857143
16950,100.0,11.214285714285714
17000,100.0,14.785714285714285
17050,100.0,18.357142857142858
17100,100.0,21.928571428571427
17150,100.0,25.5
17200,100.0,29.07142857142857
17250,100.0,32.64285714285714
17300,100.0,36.214285714285715
17350,100.0,39.785714285714285
17400,88.0,1.3333333333333335
17450,0.0,8.923076923076923
17500,0.0,15.428571428571427
17550,0.0,21.066666666666666
17600,0.0,26.0
17650,0.0,30.352941176470587
17700,0.0,34.22222222222222
17750,0.0,37.68421052631579
17800,0.0,40.8
17850,0.0,43.61904761904762
17900,0.0,46.18181818181818
17950,0.0,48.52173913043478
18000,0.0,50.66666666666667
18050,0.0,52.64
18100,0.0,54.46153846153846
18150,0.0,56.148148148148145
18200,0.0,57.714285714285715
18250,100.0,61.285714285714285
18300,100.0,64.85714285714286
18350,100.0,68.42857142857143
18400,100.0,72.0
18450,100.0,75.57142857142857
18500,100.0,79.14285714285715
18550,100.0,82.71428571428572
18600,100.0,86.28571428571429
18650,100.0,89.85714285714286
18700,100.0,93.42857142857143
18750,100.0,97.0
18800,88.0,1.3333333333333335
18850,0.0,1.0769230769230769
18900,0.0,1.0
18950,0.0,0.9333333333333335
19000,0.0,0.8750000000000001
19050,0.0,0.823529411764706
19100,0.0,0.7777777777777778
19150,0.0,0.7368421052631579
19200,0.0,0.7000000000000001
19250,0.0,0.6666666666666667
19300,0.0,0.6363636363636364
19350,0.0,0.6086956521739131
19400,0.0,0.5833333333333334
19450,0.0,0.5599999999999999
19500,0.0,0.5384615384615384
19550,0.0,0.5185185185185185
19600,0.0,0.5
19650,100.0,4.071428571428572
19700,100.0,7.642857142857143
19750,100.0,11.214285714285714
19800,100.0,14.785714285714285
19850,100.0,18.357142857142858
19900,100.0,21.928571428571427
19950,100.0,25.5
20000,100.0,29.07142857142857
20050,100.0,32.64285714285714
20100,100.0,36.214285714285715
20150,100.0,39.785714285714285
20200,88.0,1.3333333333333335
20250,0.0,8.923076923076923
20300,0.0,15.428571428571427
20350,0.0,21.066666666666666
20400,0.0,26.0
20450,0.0,30.352941176470587
20500,0.0,34.22222222222222
20550,0.0,37.68421052631579
20600,0.0,40.8
20650,0.0,43.61904761904762
20700,0.0,46.18181818181818
20750,0.0,48.52173913043478
20800,0.0,50.66666666666667
20850,0.0,52.64
20900,0.0,54.46153846153846
20950,0.0,56.148148148148145
21000,0.0,57.714285714285715
21050,100.0,61.285714285714285
21100,100.0,64.85714285714286
21150,100.0,68.42857142857143
21200,100.0,72.0
21250,100.0,75.57142857142857
21300,100.0,79.14285714285715
21350,100.0,82.71428571428572
21400,100.0,86.28571428571429
21450,100.0,89.85714285714286
21500,100.0,93.42857142857143
21550,100.0,97.0
21600,88.0,1.3333333333333335
21650,0.0,1.0769230769230769
21700,0.0,1.0
21750,0.0,0.9333333333333335
21800,0.0,0.8750000000000001
21850,0.0,0.823529411764706
21900,0.0,0.7777777777777778
21950,0.0,0.7368421052631579
22000,0.0,0.7000000000000001
22050,0.0,0.6666666666666667
22100,0.0,0.6363636363636364
22150,0.0,0.6086956521739131
22200,0.0,0.5833333333333334
22250,0.0,0.5599999999999999
22300,0.0,0.5384615384615384
22350,0.0,0.5185185185185185
22400,0.0,0.5
22450,100.0,4.071428571428572
22500,100.0,7.642857142857143
22550,100.0,11.214285714285714
22600,100.0,14.785714285714285
22650,100.0,18.357142857142858
22700,100.0,21.928571428571427
22750,100.0,25.5
22800,100.0,29.07142857142857
22850,100.0,32.64285714285714
22900,100.0,36.214285714285715
22950,100.0,39.785714285714285
23000,88.0,1.3333333333333335
23050,0.0,8.923076923076923
23100,0.0,15.428571428571427
23150,0.0,21.066666666666666
23200,0.0,26.0
23250,0.0,30.352941176470587
23300,0.0,34.22222222222222
23350,0.0,37.68421052631579
23400,0.0,40.8
23450,0.0,43.61904761904762
23500,0.0,46.18181818181818
23550,0.0,48.52173913043478
23600,0.0,50.66666666666667
23650,0.0,52.64
23700,0.0,54.46153846153846
23750,0.0,56.148148148148145
23800,0.0,57.714285714285715
23850,100.0,61.285714285714285
23900,100.0,64.85714285714286
23950,100.0,68.42857142857143
24000,100.0,72.0
24050,100.0,75.57142857142857
24100,100.0,79.14285714285715
24150,100.0,82.71428571428572
24200,100.0,86.28571428571429
24250,100.0,89.85714285714286
24300,100.0,93.42857142857143
24350,100.0,97.0
24400,88.0,1.3333333333333335
24450,0.0,1.0769230769230769
24500,0.0,1.0
24550,0.0,0.9333333333333335
24600,0.0,0.8750000000000001
24650,0.0,0.823529411764706
24700,0.0,0.7777777777777778
24750,0.0,0.7368421052631579
24800,0.0,0.7000000000000001
24850,0.0,0.6666666666666667
24900,0.0,0.6363636363636364
24950,0.0,0.6086956521739131
25000,0.0,0.5833333333333334
25050,0.0,0.5599999999999999
25100,0.0,0.5384615384615384
25150,0.0,0.5185185185185185
25200,0.0,0.5
25250,100.0,4.071428571428572
25300,100.0,7.642857142857143
25350,100.0,11.214285714285714
25400,100.0,14.785714285714285
25450,100.0,18.357142857142858
25500,100.0,21.928571428571427
25550,100.0,25.5
25600,100.0,29.07142857142857
25650,100.0,32.64285714285714
25700,100.0,36.214285714285715
25750,100.0,39.785714285714285
25800,88.0,1.3333333333333335
25850,0.0,8.923076923076923
25900,0.0,15.428571428571427
25950,0.0,21.066666666666666
26000,0.0,26.0
26050,0.0,30.352941176470587
26100,0.0,34.22222222222222
26150,0.0,37.68421052631579
26200,0.0,40.8
26250,0.0,43.61904761904762
26300,0.0,46.18181818181818
26350,0.0,48.52173913043478
26400,0.0,50.66666666666667
26450,0.0,52.64
26500,0.0,54.46153846153846
26550,0.0,56.148148148148145
26600,0.0,57.714285714285715
26650,100.0,61.285714285714285
26700,100.0,64.85714285714286
26750,100.0,68.42857142857143
26800,100.0,72.0
26850,100.0,75.57142857142857
26900,100.0,79.14285714285715
26950,100.0,82.71428571428572
27000,100.0,86.28571428571429
27050,100.0,89.85714285714286
27100,100.0,93.42857142857143
27150,100.0,97.0
27200,88.0,1.3333333333333335
27250,0.0,1.0769230769230769
27300,0.0,1.0
27350,0.0,0.9333333333333335
27400,0.0,0.8750000000000001
27450,0.0,0.823529411764706
27500,0.0,0.7777777777777778
27550,0.0,0.7368421052631579
27600,0.0,0.7000000000000001
27650,0.0,0.6666666666666667
27700,0.0,0.6363636363636364
27750,0.0,0.6086956521739131
27800,0.0,0.5833333333333334
27850,0.0,0.5599999999999999
27900,0.0,0.5384615384615384
27950,0.0,0.5185185185185185
28000,0.0,0.5
28050,100.0,4.071428571428572
28100,100.0,7.642857142857143
28150,100.0,11.214285714285714
28200,100.0,14.785714285714285
28250,100.0,18.357142857142858
28300,100.0,21.928571428571427
28350,100.0,25.5
28400,100.0,29.07142857142857
28450,100.0,32.64285714285714
28500,100.0,36.214285714285715
28550,100.0,39.785714285714285
28600,88.0,1.3333333333333335
28650,0.0,8.923076923076923
28700,0.0,15.428571428571427
28750,0.0,21.066666666666666
28800,0.0,26.0
28850,0.0,30.352941176470587
28900,0.0,34.22222222222222
28950,0.0,37.68421052631579
29000,0.0,40.8
29050,0.0,43.61904761904762
29100,0.0,46.18181818181818
29150,0.0,48.52173913043478
29200,0.0,50.66666666666667
29250,0.0,52.64
29300,0.0,54.46153846153846
29350,0.0,56.148148148148145
29400,0.0,57.714285714285715
29450,100.0,61.285714285714285
29500,100.0,64.85714285714286
29550,100.0,68.42857142857143
29600,100.0,72.0
29650,100.0,75.57142857142857
29700,100.0,79.14285714285715
29750,100.0,82.71428571428572
29800,100.0,86.28571428571429
29850,100.0,89.85714285714286
29900,100.0,93.42857142857143
29950,100.0,97.0
30000,88.0,1.3333333333333335
30050,0.0,1.0769230769230769
30100,0.0,1.0
30150,0.0,0.9333333333333335
30200,0.0,0.8750000000000001
30250,0.0,0.823529411764706
30300,0.0,0.7777777777777778
30350,0.0,0.7368421052631579
30400,0.0,0.7000000000000001
30450,0.0,0.6666666666666667
30500,0.0,0.6363636363636364
30550,0.0,0.6086956521739131
30600,0.0,0.5833333333333334
30650,0.0,0.5599999999999999
30700,0.0,0.5384615384615384
30750,0.0,0.5185185185185185
