250,0.0,100.0
500,0.0,100.0
750,0.0,100.0
1000,0.0,100.0
1250,0.0,88.0
1500,40.0,78.57142857142857
1750,100.0,78.57142857142857
2000,100.0,78.57142857142857
2250,100.0,78.57142857142857
2500,95.6,100.0
2750,0.0,81.48148148148148
3000,80.0,78.57142857142857
3250,100.0,78.57142857142857
3500,100.0,78.57142857142857
3750,100.0,78.57142857142857
4000,55.60000000000001,91.66666666666666
4250,20.0,78.57142857142857
4500,100.0,78.57142857142857
4750,100.0,78.57142857142857
5000,100.0,78.57142857142857
5250,100.0,78.57142857142857
5500,15.6,84.61538461538461
5750,60.0,78.57142857142857
6000,100.0,78.57142857142857
6250,100.0,78.57142857142857
6500,100.0,78.57142857142857
6750,75.6,95.65217391304348
7000,0.0,78.57142857142857
7250,100.0,78.57142857142857
7500,100.0,78.57142857142857
7750,100.0,78.57142857142857
8000,100.0,78.57142857142857
8250,35.6,88.0
8500,40.0,78.57142857142857
8750,100.0,78.57142857142857
9000,100.0,78.57142857142857
9250,100.0,78.57142857142857
9500,95.6,100.0
9750,0.0,81.48148148148148
10000,80.0,78.57142857142857
10250,100.0,78.57142857142857
10500,100.0,78.57142857142857
10750,100.0,78.57142857142857
11000,55.60000000000001,91.66666666666666
11250,20.0,78.57142857142857
11500,100.0,78.57142857142857
11750,100.0,78.57142857142857
12000,100.0,78.57142857142857
12250,100.0,78.57142857142857
12500,15.6,84.61538461538461
12750,60.0,78.57142857142857
13000,100.0,78.57142857142857
13250,100.0,78.57142857142857
13500,100.0,78.57142857142857
13750,75.6,95.65217391304348
14000,0.0,78.57142857142857
14250,100.0,78.57142857142857
14500,100.0,78.57142857142857
14750,100.0,78.57142857142857
15000,100.0,78.57142857142857
15250,35.6,88.0
15500,40.0,78.57142857142857
15750,100.0,78.57142857142857
16000,100.0,78.57142857142857
16250,100.0,78.57142857142857
16500,95.6,100.0
16750,0.0,81.48148148148148
17000,80.0,78.57142857142857
17250,100.0,78.57142857142857
17500,100.0,78.57142857142857
17750,100.0,78.57142857142857
18000,55.60000000000001,91.66666666666666
18250,20.0,78.57142857142857
18500,100.0,78.57142857142857
18750,100.0,78.57142857142857
19000,100.0,78.57142857142857
19250,100.0,78.57142857142857
19500,15.6,84.61538461538461
19750,60.0,78.57142857142857
20000,100.0,78.57142857142857
20250,100.0,78.57142857142857
20500,100.0,78.57142857142857
20750,75.6,95.65217391304348
21000,0.0,78.57142857142857
21250,100.0,78.57142857142857
21500,100.0,78.57142857142857
21750,100.0,78.57142857142857
22000,100.0,78.57142857142857
22250,35.6,88.0
22500,40.0,78.57142857142857
22750,100.0,78.57142857142857
23000,100.0,78.57142857142857
23250,100.0,78.57142857142857
23500,95.6,100.0
23750,0.0,81.48148148148148
24000,80.0,78.57142857142857
24250,100.0,78.57142857142857
24500,100.0,78.57142857142857
24750,100.0,78.57142857142857
25000,55.60000000000001,91.66666666666666
25250,20.0,78.57142857142857
25500,100.0,78.57142857142857
25750,100.0,78.57142857142857
26000,100.0,78.57142857142857
26250,100.0,78.57142857142857
26500,15.6,84.61538461538461
26750,60.0,78.57142857142857
27000,100.0,78.57142857142857
27250,100.0,78.57142857142857
27500,100.0,78.57142857142857
27750,75.6,95.65217391304348
28000,0.0,78.57142857142857
28250,100.0,78.57142857142857
28500,100.0,78.57142857142857
28750,100.0,78.57142857142857
29000,100.0,78.57142857142857
29250,35.6,88.0
29500,40.0,78.57142857142857
29750,100.0,78.57142857142857
30000,100.0,78.57142857142857
30250,100.0,78.57142857142857
30500,95.6,100.0
30750,0.0,81.48148148148148
