50,0.0,0.0
100,0.0,0.0
150,0.0,0.0
200,0.0,0.0
250,0.0,0.0
300,0.0,0.0
350,0.0,0.0
400,0.0,0.0
450,0.0,0.0
500,0.0,0.0
550,0.0,0.0
600,0.0,0.0
650,0.0,0.0
700,0.0,0.0
750,0.0,7.6
800,0.0,13.375
850,0.0,18.470588235294116
900,0.0,23.0
950,0.0,27.052631578947366
1000,0.0,30.7
1050,0.0,34.0
1100,0.0,37.0
1150,0.0,39.73913043478261
1200,0.0,42.25
1250,0.0,44.56
1300,0.0,46.69230769230769
1350,0.0,48.66666666666667
1400,0.0,50.5
1450,100.0,54.07142857142857
1500,100.0,57.64285714285714
1550,100.0,61.21428571428571
1600,100.0,64.78571428571429
1650,100.0,68.35714285714286
1700,100.0,71.92857142857143
1750,100.0,75.5
1800,100.0,79.07142857142857
1850,100.0,82.64285714285714
1900,100.0,86.21428571428571
1950,100.0,89.78571428571429
2000,100.0,93.35714285714286
2050,100.0,96.92857142857143
2100,86.0,1.2857142857142856
2150,0.0,1.0666666666666667
2200,0.0,1.0
2250,0.0,0.9411764705882352
2300,0.0,0.8888888888888888
2350,0.0,0.8421052631578947
2400,0.0,0.8
2450,0.0,0.7619047619047619
2500,0.0,0.7272727272727273
2550,0.0,0.6956521739130435
2600,0.0,0.6666666666666667
2650,0.0,0.64
2700,0.0,0.6153846153846154
2750,0.0,0.5925925925925926
2800,0.0,0.5714285714285714
2850,100.0,4.142857142857142
2900,100.0,7.7142857142857135
2950,100.0,11.285714285714285
3000,100.0,14.857142857142858
3050,100.0,18.428571428571427
3100,100.0,22.0
3150,100.0,25.571428571428573
3200,100.0,29.142857142857142
3250,100.0,32.714285714285715
3300,100.0,36.285714285714285
3350,100.0,39.85714285714286
3400,100.0,43.42857142857143
3450,100.0,47.0
3500,86.0,1.2857142857142856
3550,0.0,7.866666666666666
3600,0.0,13.625000000000002
3650,0.0,18.705882352941178
3700,0.0,23.22222222222222
3750,0.0,27.263157894736846
3800,0.0,30.9
3850,0.0,34.19047619047619
3900,0.0,37.18181818181818
3950,0.0,39.91304347826087
4000,0.0,42.41666666666667
4050,0.0,44.72
4100,0.0,46.84615384615385
4150,0.0,48.81481481481482
4200,0.0,50.642857142857146
4250,100.0,54.214285714285715
4300,100.0,57.785714285714285
4350,100.0,61.357142857142854
4400,100.0,64.92857142857143
4450,100.0,68.5
4500,100.0,72.07142857142857
4550,100.0,75.64285714285714
4600,100.0,79.21428571428571
4650,100.0,82.78571428571428
4700,100.0,86.35714285714286
4750,100.0,89.92857142857143
4800,100.0,93.5
4850,100.0,97.07142857142857
4900,86.0,1.2857142857142856
4950,0.0,1.0666666666666667
5000,0.0,1.0
5050,0.0,0.9411764705882352
5100,0.0,0.8888888888888888
5150,0.0,0.8421052631578947
5200,0.0,0.8
5250,0.0,0.7619047619047619
5300,0.0,0.7272727272727273
5350,0.0,0.6956521739130435
5400,0.0,0.6666666666666667
5450,0.0,0.64
5500,0.0,0.6153846153846154
5550,0.0,0.5925925925925926
5600,0.0,0.5714285714285714
5650,100.0,4.142857142857142
5700,100.0,7.7142857142857135
5750,100.0,11.285714285714285
5800,100.0,14.857142857142858
5850,100.0,18.428571428571427
5900,100.0,22.0
5950,100.0,25.571428571428573
6000,100.0,29.142857142857142
6050,100.0,32.714285714285715
6100,100.0,36.285714285714285
6150,100.0,39.85714285714286
6200,100.0,43.42857142857143
6250,100.0,47.0
6300,86.0,1.2857142857142856
6350,0.0,7.866666666666666
6400,0.0,13.625000000000002
6450,0.0,18.705882352941178
6500,0.0,23.22222222222222
6550,0.0,27.263157894736846
6600,0.0,30.9
6650,0.0,34.19047619047619
6700,0.0,37.18181818181818
6750,0.0,39.91304347826087
6800,0.0,42.41666666666667
6850,0.0,44.72
6900,0.0,46.84615384615385
6950,0.0,48.81481481481482
7000,0.0,50.642857142857146
7050,100.0,54.214285714285715
7100,100.0,57.785714285714285
7150,100.0,61.357142857142854
7200,100.0,64.92857142857143
7250,100.0,68.5
7300,100.0,72.07142857142857
7350,100.0,75.64285714285714
7400,100.0,79.21428571428571
7450,100.0,82.78571428571428
7500,100.0,86.35714285714286
7550,100.0,89.92857142857143
7600,100.0,93.5
7650,100.0,97.07142857142857
7700,86.0,1.2857142857142856
7750,0.0,1.0666666666666667
7800,0.0,1.0
7850,0.0,0.9411764705882352
7900,0.0,0.8888888888888888
7950,0.0,0.8421052631578947
8000,0.0,0.8
8050,0.0,0.7619047619047619
8100,0.0,0.7272727272727273
8150,0.0,0.6956521739130435
8200,0.0,0.6666666666666667
8250,0.0,0.64
8300,0.0,0.6153846153846154
8350,0.0,0.5925925925925926
8400,0.0,0.5714285714285714
8450,100.0,4.142857142857142
8500,100.0,7.7142857142857135
8550,100.0,11.285714285714285
8600,100.0,14.857142857142858
8650,100.0,18.428571428571427
8700,100.0,22.0
8750,100.0,25.571428571428573
8800,100.0,29.142857142857142
8850,100.0,32.714285714285715
8900,100.0,36.285714285714285
8950,100.0,39.85714285714286
9000,100.0,43.42857142857143
9050,100.0,47.0
9100,86.0,1.2857142857142856
9150,0.0,7.866666666666666
9200,0.0,13.625000000000002
9250,0.0,18.705882352941178
9300,0.0,23.22222222222222
9350,0.0,27.263157894736846
9400,0.0,30.9
9450,0.0,34.19047619047619
9500,0.0,37.18181818181818
9550,0.0,39.91304347826087
9600,0.0,42.41666666666667
9650,0.0,44.72
9700,0.0,46.84615384615385
9750,0.0,48.81481481481482
9800,0.0,50.642857142857146
9850,100.0,54.214285714285715
9900,100.0,57.785714285714285
9950,100.0,61.357142857142854
10000,100.0,64.92857142857143
10050,100.0,68.5
10100,100.0,72.07142857142857
10150,100.0,75.64285714285714
10200,100.0,79.21428571428571
10250,100.0,82.78571428571428
10300,100.0,86.35714285714286
10350,100.0,89.92857142857143
10400,100.0,93.5
10450,100.0,97.07142857142857
10500,86.0,1.2857142857142856
10550,0.0,1.0666666666666667
10600,0.0,1.0
10650,0.0,0.9411764705882352
10700,0.0,0.8888888888888888
10750,0.0,0.8421052631578947
10800,0.0,0.8
10850,0.0,0.7619047619047619
10900,0.0,0.7272727272727273
10950,0.0,0.6956521739130435
11000,0.0,0.6666666666666667
11050,0.0,0.64
11100,0.0,0.6153846153846154
11150,0.0,0.5925925925925926
11200,0.0,0.5714285714285714
11250,100.0,4.142857142857142
11300,100.0,7.7142857142857135
11350,100.0,11.285714285714285
11400,100.0,14.857142857142858
11450,100.0,18.428571428571427
11500,100.0,22.0
11550,100.0,25.571428571428573
11600,100.0,29.142857142857142
11650,100.0,32.714285714285715
11700,100.0,36.285714285714285
11750,100.0,39.85714285714286
11800,100.0,43.42857142857143
11850,100.0,47.0
11900,86.0,1.2857142857142856
11950,0.0,7.866666666666666
12000,0.0,13.625000000000002
12050,0.0,18.705882352941178
12100,0.0,23.22222222222222
12150,0.0,27.263157894736846
12200,0.0,30.9
12250,0.0,34.19047619047619
12300,0.0,37.18181818181818
12350,0.0,39.91304347826087
12400,0.0,42.41666666666667
12450,0.0,44.72
12500,0.0,46.84615384615385
12550,0.0,48.81481481481482
12600,0.0,50.642857142857146
12650,100.0,54.214285714285715
12700,100.0,57.785714285714285
12750,100.0,61.357142857142854
12800,100.0,64.92857142857143
12850,100.0,68.5
12900,100.0,72.07142857142857
12950,100.0,75.64285714285714
13000,100.0,79.21428571428571
13050,100.0,82.78571428571428
13100,100.0,86.35714285714286
13150,100.0,89.92857142857143
13200,100.0,93.5
13250,100.0,97.07142857142857
13300,86.0,1.2857142857142856
13350,0.0,1.0666666666666667
13400,0.0,1.0
13450,0.0,0.9411764705882352
13500,0.0,0.8888888888888888
13550,0.0,0.8421052631578947
13600,0.0,0.8
13650,0.0,0.7619047619047619
13700,0.0,0.7272727272727273
13750,0.0,0.6956521739130435
13800,0.0,0.6666666666666667
13850,0.0,0.64
13900,0.0,0.6153846153846154
13950,0.0,0.5925925925925926
14000,0.0,0.5714285714285714
14050,100.0,4.142857142857142
14100,100.0,7.7142857142857135
14150,100.0,11.285714285714285
14200,100.0,14.857142857142858
14250,100.0,18.428571428571427
14300,100.0,22.0
14350,100.0,25.571428571428573
14400,100.0,29.142857142857142
14450,100.0,32.714285714285715
14500,100.0,36.285714285714285
14550,100.0,39.85714285714286
14600,100.0,43.42857142857143
14650,100.0,47.0
14700,86.0,1.2857142857142856
14750,0.0,7.866666666666666
14800,0.0,13.625000000000002
14850,0.0,18.705882352941178
14900,0.0,23.22222222222222
14950,0.0,27.263157894736846
15000,0.0,30.9
15050,0.0,34.19047619047619
15100,0.0,37.18181818181818
15150,0.0,39.91304347826087
15200,0.0,42.41666666666667
15250,0.0,44.72
15300,0.0,46.84615384615385
15350,0.0,48.81481481481482
15400,0.0,50.642857142857146
15450,100.0,54.214285714285715
15500,100.0,57.785714285714285
15550,100.0,61.357142857142854
15600,100.0,64.92857142857143
15650,100.0,68.5
15700,100.0,72.07142857142857
15750,100.0,75.64285714285714
15800,100.0,79.21428571428571
15850,100.0,82.78571428571428
15900,100.0,86.35714285714286
15950,100.0,89.92857142857143
16000,100.0,93.5
16050,100.0,97.07142857142857
16100,86.0,1.2857142857142856
16150,0.0,1.0666666666666667
16200,0.0,1.0
16250,0.0,0.9411764705882352
16300,0.0,0.8888888888888888
16350,0.0,0.8421052631578947
16400,0.0,0.8
16450,0.0,0.7619047619047619
16500,0.0,0.7272727272727273
16550,0.0,0.6956521739130435
16600,0.0,0.6666666666666667
16650,0.0,0.64
16700,0.0,0.6153846153846154
16750,0.0,0.5925925925925926
16800,0.0,0.5714285714285714
16850,100.0,4.142857142857142
16900,100.0,7.7142857142857135
16950,100.0,11.285714285714285
17000,100.0,14.857142857142858
17050,100.0,18.428571428571427
17100,100.0,22.0
17150,100.0,25.571428571428573
17200,100.0,29.142857142857142
17250,100.0,32.714285714285715
17300,100.0,36.285714285714285
17350,100.0,39.85714285714286
17400,100.0,43.42857142857143
17450,100.0,47.0
17500,86.0,1.2857142857142856
17550,0.0,7.866666666666666
17600,0.0,13.625000000000002
17650,0.0,18.705882352941178
17700,0.0,23.22222222222222
17750,0.0,27.263157894736846
17800,0.0,30.9
17850,0.0,34.19047619047619
17900,0.0,37.18181818181818
17950,0.0,39.91304347826087
18000,0.0,42.41666666666667
18050,0.0,44.72
18100,0.0,46.84615384615385
18150,0.0,48.81481481481482
18200,0.0,50.642857142857146
18250,100.0,54.214285714285715
18300,100.0,57.785714285714285
18350,100.0,61.357142857142854
18400,100.0,64.92857142857143
18450,100.0,68.5
18500,100.0,72.07142857142857
18550,100.0,75.64285714285714
18600,100.0,79.21428571428571
18650,100.0,82.78571428571428
18700,100.0,86.35714285714286
18750,100.0,89.92857142857143
18800,100.0,93.5
18850,100.0,97.07142857142857
18900,86.0,1.2857142857142856
18950,0.0,1.0666666666666667
19000,0.0,1.0
19050,0.0,0.9411764705882352
19100,0.0,0.8888888888888888
19150,0.0,0.8421052631578947
19200,0.0,0.8
19250,0.0,0.7619047619047619
19300,0.0,0.7272727272727273
19350,0.0,0.6956521739130435
19400,0.0,0.6666666666666667
19450,0.0,0.64
19500,0.0,0.6153846153846154
19550,0.0,0.5925925925925926
19600,0.0,0.5714285714285714
19650,100.0,4.142857142857142
19700,100.0,7.7142857142857135
19750,100.0,11.285714285714285
19800,100.0,14.857142857142858
19850,100.0,18.428571428571427
19900,100.0,22.0
19950,100.0,25.571428571428573
20000,100.0,29.142857142857142
20050,100.0,32.714285714285715
20100,100.0,36.285714285714285
20150,100.0,39.85714285714286
20200,100.0,43.42857142857143
20250,100.0,47.0
20300,86.0,1.2857142857142856
20350,0.0,7.866666666666666
20400,0.0,13.625000000000002
20450,0.0,18.705882352941178
20500,0.0,23.22222222222222
20550,0.0,27.263157894736846
20600,0.0,30.9
20650,0.0,34.19047619047619
20700,0.0,37.18181818181818
20750,0.0,39.91304347826087
20800,0.0,42.41666666666667
20850,0.0,44.72
20900,0.0,46.84615384615385
20950,0.0,48.81481481481482
21000,0.0,50.642857142857146
21050,100.0,54.214285714285715
21100,100.0,57.785714285714285
21150,100.0,61.357142857142854
21200,100.0,64.92857142857143
21250,100.0,68.5
21300,100.0,72.07142857142857
21350,100.0,75.64285714285714
21400,100.0,79.21428571428571
21450,100.0,82.78571428571428
21500,100.0,86.35714285714286
21550,100.0,89.92857142857143
21600,100.0,93.5
21650,100.0,97.07142857142857
21700,86.0,1.2857142857142856
21750,0.0,1.0666666666666667
21800,0.0,1.0
21850,0.0,0.9411764705882352
21900,0.0,0.8888888888888888
21950,0.0,0.8421052631578947
22000,0.0,0.8
22050,0.0,0.7619047619047619
22100,0.0,0.7272727272727273
22150,0.0,0.6956521739130435
22200,0.0,0.6666666666666667
22250,0.0,0.64
22300,0.0,0.6153846153846154
22350,0.0,0.5925925925925926
22400,0.0,0.5714285714285714
22450,100.0,4.142857142857142
22500,100.0,7.7142857142857135
22550,100.0,11.285714285714285
22600,100.0,14.857142857142858
22650,100.0,18.428571428571427
22700,100.0,22.0
22750,100.0,25.571428571428573
22800,100.0,29.142857142857142
22850,100.0,32.714285714285715
22900,100.0,36.285714285714285
22950,100.0,39.85714285714286
23000,100.0,43.42857142857143
23050,100.0,47.0
23100,86.0,1.2857142857142856
23150,0.0,7.866666666666666
23200,0.0,13.625000000000002
23250,0.0,18.705882352941178
23300,0.0,23.22222222222222
23350,0.0,27.263157894736846
23400,0.0,30.9
23450,0.0,34.19047619047619
23500,0.0,37.18181818181818
23550,0.0,39.91304347826087
23600,0.0,42.41666666666667
23650,0.0,44.72
23700,0.0,46.84615384615385
23750,0.0,48.81481481481482
23800,0.0,50.642857142857146
23850,100.0,54.214285714285715
23900,100.0,57.785714285714285
23950,100.0,61.357142857142854
24000,100.0,64.92857142857143
24050,100.0,68.5
24100,100.0,72.07142857142857
24150,100.0,75.64285714285714
24200,100.0,79.21428571428571
24250,100.0,82.78571428571428
24300,100.0,86.35714285714286
24350,100.0,89.92857142857143
24400,100.0,93.5
24450,100.0,97.07142857142857
24500,86.0,1.2857142857142856
24550,0.0,1.0666666666666667
24600,0.0,1.0
24650,0.0,0.9411764705882352
24700,0.0,0.8888888888888888
24750,0.0,0.8421052631578947
24800,0.0,0.8
24850,0.0,0.7619047619047619
24900,0.0,0.7272727272727273
24950,0.0,0.6956521739130435
25000,0.0,0.6666666666666667
25050,0.0,0.64
25100,0.0,0.6153846153846154
25150,0.0,0.5925925925925926
25200,0.0,0.5714285714285714
25250,100.0,4.142857142857142
25300,100.0,7.7142857142857135
25350,100.0,11.285714285714285
25400,100.0,14.857142857142858
25450,100.0,18.428571428571427
25500,100.0,22.0
25550,100.0,25.571428571428573
25600,100.0,29.142857142857142
25650,100.0,32.714285714285715
25700,100.0,36.285714285714285
25750,100.0,39.85714285714286
25800,100.0,43.42857142857143
25850,100.0,47.0
25900,86.0,1.2857142857142856
25950,0.0,7.866666666666666
26000,0.0,13.625000000000002
26050,0.0,18.705882352941178
26100,0.0,23.22222222222222
26150,0.0,27.263157894736846
26200,0.0,30.9
26250,0.0,34.19047619047619
26300,0.0,37.18181818181818
26350,0.0,39.91304347826087
26400,0.0,42.41666666666667
26450,0.0,44.72
26500,0.0,46.84615384615385
26550,0.0,48.81481481481482
26600,0.0,50.642857142857146
26650,100.0,54.214285714285715
26700,100.0,57.785714285714285
26750,100.0,61.357142857142854
26800,100.0,64.92857142857143
26850,100.0,68.5
26900,100.0,72.07142857142857
26950,100.0,75.64285714285714
27000,100.0,79.21428571428571
27050,100.0,82.78571428571428
27100,100.0,86.35714285714286
27150,100.0,89.92857142857143
27200,100.0,93.5
27250,100.0,97.07142857142857
27300,86.0,1.2857142857142856
27350,0.0,1.0666666666666667
27400,0.0,1.0
27450,0.0,0.9411764705882352
27500,0.0,0.8888888888888888
27550,0.0,0.8421052631578947
27600,0.0,0.8
27650,0.0,0.7619047619047619
27700,0.0,0.7272727272727273
27750,0.0,0.6956521739130435
27800,0.0,0.6666666666666667
27850,0.0,0.64
27900,0.0,0.6153846153846154
27950,0.0,0.5925925925925926
28000,0.0,0.5714285714285714
28050,100.0,4.142857142857142
28100,100.0,7.7142857142857135
28150,100.0,11.285714285714285
28200,100.0,14.857142857142858
28250,100.0,18.428571428571427
28300,100.0,22.0
28350,100.0,25.571428571428573
28400,100.0,29.142857142857142
28450,100.0,32.714285714285715
28500,100.0,36.285714285714285
28550,100.0,39.85714285714286
28600,100.0,43.42857142857143
28650,100.0,47.0
28700,86.0,1.2857142857142856
28750,0.0,7.866666666666666
28800,0.0,13.625000000000002
28850,0.0,18.705882352941178
28900,0.0,23.22222222222222
28950,0.0,27.263157894736846
29000,0.0,30.9
29050,0.0,34.19047619047619
29100,0.0,37.18181818181818
29150,0.0,39.91304347826087
29200,0.0,42.41666666666667
29250,0.0,44.72
29300,0.0,46.84615384615385
29350,0.0,48.81481481481482
29400,0.0,50.642857142857146
29450,100.0,54.214285714285715
29500,100.0,57.785714285714285
29550,100.0,61.357142857142854
29600,100.0,64.92857142857143
29650,100.0,68.5
29700,100.0,72.07142857142857
29750,100.0,75.64285714285714
29800,100.0,79.21428571428571
29850,100.0,82.78571428571428
29900,100.0,86.35714285714286
29950,100.0,89.92857142857143
30000,100.0,93.5
30050,100.0,97.07142857142857
30100,86.0,1.2857142857142856
30150,0.0,1.0666666666666667
30200,0.0,1.0
30250,0.0,0.9411764705882352
30300,0.0,0.8888888888888888
30350,0.0,0.8421052631578947
30400,0.0,0.8
30450,0.0,0.7619047619047619
30500,0.0,0.7272727272727273
30550,0.0,0.6956521739130435
30600,0.0,0.6666666666666667
30650,0.0,0.64
30700,0.0,0.6153846153846154
30750,0.0,0.5925925925925926
