250,0.0,100.0
500,0.0,100.0
750,0.0,34.0
1000,0.0,50.5
1250,0.0,60.4
1500,40.0,71.78571428571429
1750,100.0,89.64285714285715
2000,57.99999999999999,17.5
2250,0.0,41.76470588235294
2500,0.0,55.00000000000001
2750,0.0,63.33333333333333
3000,80.0,78.92857142857143
3250,100.0,96.78571428571429
3500,18.0,29.28571428571429
3750,0.0,47.89473684210526
4000,0.0,58.75
4250,20.0,68.21428571428572
4500,100.0,86.07142857142858
4750,78.0,10.0
5000,0.0,38.125
5250,0.0,52.85714285714286
5500,0.0,61.92307692307693
5750,60.0,75.35714285714286
6000,100.0,93.21428571428572
6250,38.0,23.846153846153847
6500,0.0,45.0
6750,0.0,56.95652173913044
7000,0.0,64.64285714285715
7250,100.0,82.5
7500,98.0,1.4000000000000001
7750,0.0,34.0
8000,0.0,50.5
8250,0.0,60.4
8500,40.0,71.78571428571429
8750,100.0,89.64285714285715
9000,57.99999999999999,17.5
9250,0.0,41.76470588235294
9500,0.0,55.00000000000001
9750,0.0,63.33333333333333
10000,80.0,78.92857142857143
10250,100.0,96.78571428571429
10500,18.0,29.28571428571429
10750,0.0,47.89473684210526
11000,0.0,58.75
11250,20.0,68.21428571428572
11500,100.0,86.07142857142858
11750,78.0,10.0
12000,0.0,38.125
12250,0.0,52.85714285714286
12500,0.0,61.92307692307693
12750,60.0,75.35714285714286
13000,100.0,93.21428571428572
13250,38.0,23.846153846153847
13500,0.0,45.0
13750,0.0,56.95652173913044
14000,0.0,64.64285714285715
14250,100.0,82.5
14500,98.0,1.4000000000000001
14750,0.0,34.0
15000,0.0,50.5
15250,0.0,60.4
15500,40.0,71.78571428571429
15750,100.0,89.64285714285715
16000,57.99999999999999,17.5
16250,0.0,41.76470588235294
16500,0.0,55.00000000000001
16750,0.0,63.33333333333333
17000,80.0,78.92857142857143
17250,100.0,96.78571428571429
17500,18.0,29.28571428571429
17750,0.0,47.89473684210526
18000,0.0,58.75
18250,20.0,68.21428571428572
18500,100.0,86.07142857142858
18750,78.0,10.0
19000,0.0,38.125
19250,0.0,52.85714285714286
19500,0.0,61.92307692307693
19750,60.0,75.35714285714286
20000,100.0,93.21428571428572
20250,38.0,23.846153846153847
20500,0.0,45.0
20750,0.0,56.95652173913044
21000,0.0,64.64285714285715
21250,100.0,82.5
21500,98.0,1.4000000000000001
21750,0.0,34.0
22000,0.0,50.5
22250,0.0,60.4
22500,40.0,71.78571428571429
22750,100.0,89.64285714285715
23000,57.99999999999999,17.5
23250,0.0,41.76470588235294
23500,0.0,55.00000000000001
23750,0.0,63.33333333333333
24000,80.0,78.92857142857143
24250,100.0,96.78571428571429
24500,18.0,29.28571428571429
24750,0.0,47.89473684210526
25000,0.0,58.75
25250,20.0,68.21428571428572
25500,100.0,86.07142857142858
25750,78.0,10.0
26000,0.0,38.125
26250,0.0,52.85714285714286
26500,0.0,61.92307692307693
26750,60.0,75.35714285714286
27000,100.0,93.21428571428572
27250,38.0,23.846153846153847
27500,0.0,45.0
27750,0.0,56.95652173913044
28000,0.0,64.64285714285715
28250,100.0,82.5
28500,98.0,1.4000000000000001
28750,0.0,34.0
29000,0.0,50.5
29250,0.0,60.4
29500,40.0,71.78571428571429
29750,100.0,89.64285714285715
30000,57.99999999999999,17.5
30250,0.0,41.76470588235294
30500,0.0,55.00000000000001
30750,0.0,63.33333333333333
