250,0.0,100.0
500,0.0,80.0
750,0.0,53.333333333333336
1000,0.0,40.0
1250,0.0,32.0
1500,40.0,28.57142857142857
1750,100.0,28.57142857142857
2000,18.4,66.66666666666666
2250,0.0,47.05882352941176
2500,0.0,36.36363636363637
2750,0.0,29.629629629629626
3000,80.0,28.57142857142857
3250,78.4,88.88888888888889
3500,0.0,57.14285714285714
3750,0.0,42.10526315789473
4000,0.0,33.33333333333333
4250,20.0,28.57142857142857
4500,100.0,28.57142857142857
4750,38.4,72.72727272727273
5000,0.0,50.0
5250,0.0,38.095238095238095
5500,0.0,30.76923076923077
5750,60.0,28.57142857142857
6000,98.4,100.0
6250,0.0,61.53846153846154
6500,0.0,44.44444444444444
6750,0.0,34.78260869565217
7000,0.0,28.57142857142857
7250,100.0,28.57142857142857
7500,58.4,80.0
7750,0.0,53.333333333333336
8000,0.0,40.0
8250,0.0,32.0
8500,40.0,28.57142857142857
8750,100.0,28.57142857142857
9000,18.4,66.66666666666666
9250,0.0,47.05882352941176
9500,0.0,36.36363636363637
9750,0.0,29.629629629629626
10000,80.0,28.57142857142857
10250,78.4,88.88888888888889
10500,0.0,57.14285714285714
10750,0.0,42.10526315789473
11000,0.0,33.33333333333333
11250,20.0,28.57142857142857
11500,100.0,28.57142857142857
11750,38.4,72.72727272727273
12000,0.0,50.0
12250,0.0,38.095238095238095
12500,0.0,30.76923076923077
12750,60.0,28.57142857142857
13000,98.4,100.0
13250,0.0,61.53846153846154
13500,0.0,44.44444444444444
13750,0.0,34.78260869565217
14000,0.0,28.57142857142857
14250,100.0,28.57142857142857
14500,58.4,80.0
14750,0.0,53.333333333333336
15000,0.0,40.0
15250,0.0,32.0
15500,40.0,28.57142857142857
15750,100.0,28.57142857142857
16000,18.4,66.66666666666666
16250,0.0,47.05882352941176
16500,0.0,36.36363636363637
16750,0.0,29.629629629629626
17000,80.0,28.57142857142857
17250,78.4,88.88888888888889
17500,0.0,57.14285714285714
17750,0.0,42.10526315789473
18000,0.0,33.33333333333333
18250,20.0,28.57142857142857
18500,100.0,28.57142857142857
18750,38.4,72.72727272727273
19000,0.0,50.0
19250,0.0,38.095238095238095
19500,0.0,30.76923076923077
19750,60.0,28.57142857142857
20000,98.4,100.0
20250,0.0,61.53846153846154
20500,0.0,44.44444444444444
20750,0.0,34.78260869565217
21000,0.0,28.57142857142857
21250,100.0,28.57142857142857
21500,58.4,80.0
21750,0.0,53.333333333333336
22000,0.0,40.0
22250,0.0,32.0
22500,40.0,28.57142857142857
22750,100.0,28.57142857142857
23000,18.4,66.66666666666666
23250,0.0,47.05882352941176
23500,0.0,36.36363636363637
23750,0.0,29.629629629629626
24000,80.0,28.57142857142857
24250,78.4,88.88888888888889
24500,0.0,57.14285714285714
24750,0.0,42.10526315789473
25000,0.0,33.33333333333333
25250,20.0,28.57142857142857
25500,100.0,28.57142857142857
25750,38.4,72.72727272727273
26000,0.0,50.0
26250,0.0,38.095238095238095
26500,0.0,30.76923076923077
26750,60.0,28.57142857142857
27000,98.4,100.0
27250,0.0,61.53846153846154
27500,0.0,44.44444444444444
27750,0.0,34.78260869565217
28000,0.0,28.57142857142857
28250,100.0,28.57142857142857
28500,58.4,80.0
28750,0.0,53.333333333333336
29000,0.0,40.0
29250,0.0,32.0
29500,40.0,28.57142857142857
29750,100.0,28.57142857142857
30000,18.4,66.66666666666666
30250,0.0,47.05882352941176
30500,0.0,36.36363636363637
30750,0.0,29.629629629629626
