50,0.0,44.0
100,0.0,72.0
150,0.0,81.33333333333333
200,0.0,86.0
250,0.0,88.8
300,0.0,90.66666666666666
350,0.0,92.0
400,0.0,93.0
450,0.0,93.77777777777779
500,0.0,94.39999999999999
550,0.0,94.9090909090909
600,0.0,95.33333333333334
650,0.0,95.6923076923077
700,0.0,96.0
750,0.0,96.26666666666667
800,0.0,96.5
850,0.0,96.70588235294117
900,0.0,96.88888888888889
950,0.0,97.05263157894737
1000,0.0,97.2
1050,0.0,97.33333333333334
1100,0.0,97.45454545454545
1150,0.0,97.56521739130434
1200,0.0,97.66666666666667
1250,0.0,97.76
1300,0.0,97.84615384615385
1350,0.0,97.92592592592592
1400,0.0,98.0
1450,56.00000000000001,6.0
1500,0.0,3.0
1550,0.0,2.0
1600,0.0,1.5
1650,0.0,1.2
1700,0.0,1.0
1750,0.0,0.8571428571428572
1800,0.0,0.75
1850,0.0,0.6666666666666667
1900,0.0,0.6
1950,0.0,0.5454545454545455
2000,0.0,0.5
2050,0.0,0.46153846153846156
2100,0.0,0.4285714285714286
2150,0.0,0.4
2200,0.0,0.375
2250,0.0,0.35294117647058826
2300,0.0,0.33333333333333337
2350,0.0,0.3157894736842105
2400,0.0,0.3
2450,0.0,0.2857142857142857
2500,0.0,0.27272727272727276
2550,0.0,0.26086956521739135
2600,0.0,0.25
2650,0.0,0.24
2700,0.0,0.23076923076923078
2750,0.0,0.2222222222222222
2800,0.0,0.2142857142857143
2850,56.00000000000001,48.0
2900,0.0,74.0
2950,0.0,82.66666666666667
3000,0.0,87.0
3050,0.0,89.60000000000001
3100,0.0,91.33333333333333
3150,0.0,92.57142857142857
3200,0.0,93.5
3250,0.0,94.22222222222221
3300,0.0,94.8
3350,0.0,95.27272727272728
3400,0.0,95.66666666666667
3450,0.0,96.0
3500,0.0,96.28571428571429
3550,0.0,96.53333333333333
3600,0.0,96.75
3650,0.0,96.94117647058823
3700,0.0,97.11111111111111
3750,0.0,97.26315789473684
3800,0.0,97.39999999999999
3850,0.0,97.52380952380952
3900,0.0,97.63636363636363
3950,0.0,97.73913043478261
4000,0.0,97.83333333333334
4050,0.0,97.92
4100,0.0,98.0
4150,0.0,98.07407407407408
4200,0.0,98.14285714285714
4250,56.00000000000001,6.0
4300,0.0,3.0
4350,0.0,2.0
4400,0.0,1.5
4450,0.0,1.2
4500,0.0,1.0
4550,0.0,0.8571428571428572
4600,0.0,0.75
4650,0.0,0.6666666666666667
4700,0.0,0.6
4750,0.0,0.5454545454545455
4800,0.0,0.5
4850,0.0,0.46153846153846156
4900,0.0,0.4285714285714286
4950,0.0,0.4
5000,0.0,0.375
5050,0.0,0.35294117647058826
5100,0.0,0.33333333333333337
5150,0.0,0.3157894736842105
5200,0.0,0.3
5250,0.0,0.2857142857142857
5300,0.0,0.27272727272727276
5350,0.0,0.26086956521739135
5400,0.0,0.25
5450,0.0,0.24
5500,0.0,0.23076923076923078
5550,0.0,0.2222222222222222
5600,0.0,0.2142857142857143
5650,56.00000000000001,48.0
5700,0.0,74.0
5750,0.0,82.66666666666667
5800,0.0,87.0
5850,0.0,89.60000000000001
5900,0.0,91.33333333333333
5950,0.0,92.57142857142857
6000,0.0,93.5
6050,0.0,94.22222222222221
6100,0.0,94.8
6150,0.0,95.27272727272728
6200,0.0,95.66666666666667
6250,0.0,96.0
6300,0.0,96.28571428571429
6350,0.0,96.53333333333333
6400,0.0,96.75
6450,0.0,96.94117647058823
6500,0.0,97.11111111111111
6550,0.0,97.26315789473684
6600,0.0,97.39999999999999
6650,0.0,97.52380952380952
6700,0.0,97.63636363636363
6750,0.0,97.73913043478261
6800,0.0,97.83333333333334
6850,0.0,97.92
6900,0.0,98.0
6950,0.0,98.07407407407408
7000,0.0,98.14285714285714
7050,56.00000000000001,6.0
7100,0.0,3.0
7150,0.0,2.0
7200,0.0,1.5
7250,0.0,1.2
7300,0.0,1.0
7350,0.0,0.8571428571428572
7400,0.0,0.75
7450,0.0,0.6666666666666667
7500,0.0,0.6
7550,0.0,0.5454545454545455
7600,0.0,0.5
7650,0.0,0.46153846153846156
7700,0.0,0.4285714285714286
7750,0.0,0.4
7800,0.0,0.375
7850,0.0,0.35294117647058826
7900,0.0,0.33333333333333337
7950,0.0,0.3157894736842105
8000,0.0,0.3
8050,0.0,0.2857142857142857
8100,0.0,0.27272727272727276
8150,0.0,0.26086956521739135
8200,0.0,0.25
8250,0.0,0.24
8300,0.0,0.23076923076923078
8350,0.0,0.2222222222222222
8400,0.0,0.2142857142857143
8450,56.00000000000001,48.0
8500,0.0,74.0
8550,0.0,82.66666666666667
8600,0.0,87.0
8650,0.0,89.60000000000001
8700,0.0,91.33333333333333
8750,0.0,92.57142857142857
8800,0.0,93.5
8850,0.0,94.22222222222221
8900,0.0,94.8
8950,0.0,95.27272727272728
9000,0.0,95.66666666666667
9050,0.0,96.0
9100,0.0,96.28571428571429
9150,0.0,96.53333333333333
9200,0.0,96.75
9250,0.0,96.94117647058823
9300,0.0,97.11111111111111
9350,0.0,97.26315789473684
9400,0.0,97.39999999999999
9450,0.0,97.52380952380952
9500,0.0,97.63636363636363
9550,0.0,97.73913043478261
9600,0.0,97.83333333333334
9650,0.0,97.92
9700,0.0,98.0
9750,0.0,98.07407407407408
9800,0.0,98.14285714285714
9850,56.00000000000001,6.0
9900,0.0,3.0
9950,0.0,2.0
10000,0.0,1.5
10050,0.0,1.2
10100,0.0,1.0
10150,0.0,0.8571428571428572
10200,0.0,0.75
10250,0.0,0.6666666666666667
10300,0.0,0.6
10350,0.0,0.5454545454545455
10400,0.0,0.5
10450,0.0,0.46153846153846156
10500,0.0,0.4285714285714286
10550,0.0,0.4
10600,0.0,0.375
10650,0.0,0.35294117647058826
10700,0.0,0.33333333333333337
10750,0.0,0.3157894736842105
10800,0.0,0.3
10850,0.0,0.2857142857142857
10900,0.0,0.27272727272727276
10950,0.0,0.26086956521739135
11000,0.0,0.25
11050,0.0,0.24
11100,0.0,0.23076923076923078
11150,0.0,0.2222222222222222
11200,0.0,0.2142857142857143
11250,56.00000000000001,48.0
11300,0.0,74.0
11350,0.0,82.66666666666667
11400,0.0,87.0
11450,0.0,89.60000000000001
11500,0.0,91.33333333333333
11550,0.0,92.57142857142857
11600,0.0,93.5
11650,0.0,94.22222222222221
11700,0.0,94.8
11750,0.0,95.27272727272728
11800,0.0,95.66666666666667
11850,0.0,96.0
11900,0.0,96.28571428571429
11950,0.0,96.53333333333333
12000,0.0,96.75
12050,0.0,96.94117647058823
12100,0.0,97.11111111111111
12150,0.0,97.26315789473684
12200,0.0,97.39999999999999
12250,0.0,97.52380952380952
12300,0.0,97.63636363636363
12350,0.0,97.73913043478261
12400,0.0,97.83333333333334
12450,0.0,97.92
12500,0.0,98.0
12550,0.0,98.07407407407408
12600,0.0,98.14285714285714
12650,56.00000000000001,6.0
12700,0.0,3.0
12750,0.0,2.0
12800,0.0,1.5
12850,0.0,1.2
12900,0.0,1.0
12950,0.0,0.8571428571428572
13000,0.0,0.75
13050,0.0,0.6666666666666667
13100,0.0,0.6
13150,0.0,0.5454545454545455
13200,0.0,0.5
13250,0.0,0.46153846153846156
13300,0.0,0.4285714285714286
13350,0.0,0.4
13400,0.0,0.375
13450,0.0,0.35294117647058826
13500,0.0,0.33333333333333337
13550,0.0,0.3157894736842105
13600,0.0,0.3
13650,0.0,0.2857142857142857
13700,0.0,0.27272727272727276
13750,0.0,0.26086956521739135
13800,0.0,0.25
13850,0.0,0.24
13900,0.0,0.23076923076923078
13950,0.0,0.2222222222222222
14000,0.0,0.2142857142857143
14050,56.00000000000001,48.0
14100,0.0,74.0
14150,0.0,82.66666666666667
14200,0.0,87.0
14250,0.0,89.60000000000001
14300,0.0,91.33333333333333
14350,0.0,92.57142857142857
14400,0.0,93.5
14450,0.0,94.22222222222221
14500,0.0,94.8
14550,0.0,95.27272727272728
14600,0.0,95.66666666666667
14650,0.0,96.0
14700,0.0,96.28571428571429
14750,0.0,96.53333333333333
14800,0.0,96.75
14850,0.0,96.94117647058823
14900,0.0,97.11111111111111
14950,0.0,97.26315789473684
15000,0.0,97.39999999999999
15050,0.0,97.52380952380952
15100,0.0,97.63636363636363
15150,0.0,97.73913043478261
15200,0.0,97.83333333333334
15250,0.0,97.92
15300,0.0,98.0
15350,0.0,98.07407407407408
15400,0.0,98.14285714285714
15450,56.00000000000001,6.0
15500,0.0,3.0
15550,0.0,2.0
15600,0.0,1.5
15650,0.0,1.2
15700,0.0,1.0
15750,0.0,0.8571428571428572
15800,0.0,0.75
15850,0.0,0.6666666666666667
15900,0.0,0.6
15950,0.0,0.5454545454545455
16000,0.0,0.5
16050,0.0,0.46153846153846156
16100,0.0,0.4285714285714286
16150,0.0,0.4
16200,0.0,0.375
16250,0.0,0.35294117647058826
16300,0.0,0.33333333333333337
16350,0.0,0.3157894736842105
16400,0.0,0.3
16450,0.0,0.2857142857142857
16500,0.0,0.27272727272727276
16550,0.0,0.26086956521739135
16600,0.0,0.25
16650,0.0,0.24
16700,0.0,0.23076923076923078
16750,0.0,0.2222222222222222
16800,0.0,0.2142857142857143
16850,56.00000000000001,48.0
16900,0.0,74.0
16950,0.0,82.66666666666667
17000,0.0,87.0
17050,0.0,89.60000000000001
17100,0.0,91.33333333333333
17150,0.0,92.57142857142857
17200,0.0,93.5
17250,0.0,94.22222222222221
17300,0.0,94.8
17350,0.0,95.27272727272728
17400,0.0,95.66666666666667
17450,0.0,96.0
17500,0.0,96.28571428571429
17550,0.0,96.53333333333333
17600,0.0,96.75
17650,0.0,96.94117647058823
17700,0.0,97.11111111111111
17750,0.0,97.26315789473684
17800,0.0,97.39999999999999
17850,0.0,97.52380952380952
17900,0.0,97.63636363636363
17950,0.0,97.73913043478261
18000,0.0,97.83333333333334
18050,0.0,97.92
18100,0.0,98.0
18150,0.0,98.07407407407408
18200,0.0,98.14285714285714
18250,56.00000000000001,6.0
18300,0.0,3.0
18350,0.0,2.0
18400,0.0,1.5
18450,0.0,1.2
18500,0.0,1.0
18550,0.0,0.8571428571428572
18600,0.0,0.75
18650,0.0,0.6666666666666667
18700,0.0,0.6
18750,0.0,0.5454545454545455
18800,0.0,0.5
18850,0.0,0.46153846153846156
18900,0.0,0.4285714285714286
18950,0.0,0.4
19000,0.0,0.375
19050,0.0,0.35294117647058826
19100,0.0,0.33333333333333337
19150,0.0,0.3157894736842105
19200,0.0,0.3
19250,0.0,0.2857142857142857
19300,0.0,0.27272727272727276
19350,0.0,0.26086956521739135
19400,0.0,0.25
19450,0.0,0.24
19500,0.0,0.23076923076923078
19550,0.0,0.2222222222222222
19600,0.0,0.2142857142857143
19650,56.00000000000001,48.0
19700,0.0,74.0
19750,0.0,82.66666666666667
19800,0.0,87.0
19850,0.0,89.60000000000001
19900,0.0,91.33333333333333
19950,0.0,92.57142857142857
20000,0.0,93.5
20050,0.0,94.22222222222221
20100,0.0,94.8
20150,0.0,95.27272727272728
20200,0.0,95.66666666666667
20250,0.0,96.0
20300,0.0,96.28571428571429
20350,0.0,96.53333333333333
20400,0.0,96.75
20450,0.0,96.94117647058823
20500,0.0,97.11111111111111
20550,0.0,97.26315789473684
20600,0.0,97.39999999999999
20650,0.0,97.52380952380952
20700,0.0,97.63636363636363
20750,0.0,97.73913043478261
20800,0.0,97.83333333333334
20850,0.0,97.92
20900,0.0,98.0
20950,0.0,98.07407407407408
21000,0.0,98.14285714285714
21050,56.00000000000001,6.0
21100,0.0,3.0
21150,0.0,2.0
21200,0.0,1.5
21250,0.0,1.2
21300,0.0,1.0
21350,0.0,0.8571428571428572
21400,0.0,0.75
21450,0.0,0.6666666666666667
21500,0.0,0.6
21550,0.0,0.5454545454545455
21600,0.0,0.5
21650,0.0,0.46153846153846156
21700,0.0,0.4285714285714286
21750,0.0,0.4
21800,0.0,0.375
21850,0.0,0.35294117647058826
21900,0.0,0.33333333333333337
21950,0.0,0.3157894736842105
22000,0.0,0.3
22050,0.0,0.2857142857142857
22100,0.0,0.27272727272727276
22150,0.0,0.26086956521739135
22200,0.0,0.25
22250,0.0,0.24
22300,0.0,0.23076923076923078
22350,0.0,0.2222222222222222
22400,0.0,0.2142857142857143
22450,56.00000000000001,48.0
22500,0.0,74.0
22550,0.0,82.66666666666667
22600,0.0,87.0
22650,0.0,89.60000000000001
22700,0.0,91.33333333333333
22750,0.0,92.57142857142857
22800,0.0,93.5
22850,0.0,94.22222222222221
22900,0.0,94.8
22950,0.0,95.27272727272728
23000,0.0,95.66666666666667
23050,0.0,96.0
23100,0.0,96.28571428571429
23150,0.0,96.53333333333333
23200,0.0,96.75
23250,0.0,96.94117647058823
23300,0.0,97.11111111111111
23350,0.0,97.26315789473684
23400,0.0,97.39999999999999
23450,0.0,97.52380952380952
23500,0.0,97.63636363636363
23550,0.0,97.73913043478261
23600,0.0,97.83333333333334
23650,0.0,97.92
23700,0.0,98.0
23750,0.0,98.07407407407408
23800,0.0,98.14285714285714
23850,56.00000000000001,6.0
23900,0.0,3.0
23950,0.0,2.0
24000,0.0,1.5
24050,0.0,1.2
24100,0.0,1.0
24150,0.0,0.8571428571428572
24200,0.0,0.75
24250,0.0,0.6666666666666667
24300,0.0,0.6
24350,0.0,0.5454545454545455
24400,0.0,0.5
24450,0.0,0.46153846153846156
24500,0.0,0.4285714285714286
24550,0.0,0.4
24600,0.0,0.375
24650,0.0,0.35294117647058826
24700,0.0,0.33333333333333337
24750,0.0,0.3157894736842105
24800,0.0,0.3
24850,0.0,0.2857142857142857
24900,0.0,0.27272727272727276
24950,0.0,0.26086956521739135
25000,0.0,0.25
25050,0.0,0.24
25100,0.0,0.23076923076923078
25150,0.0,0.2222222222222222
25200,0.0,0.2142857142857143
25250,56.00000000000001,48.0
25300,0.0,74.0
25350,0.0,82.66666666666667
25400,0.0,87.0
25450,0.0,89.60000000000001
25500,0.0,91.33333333333333
25550,0.0,92.57142857142857
25600,0.0,93.5
25650,0.0,94.22222222222221
25700,0.0,94.8
25750,0.0,95.27272727272728
25800,0.0,95.66666666666667
25850,0.0,96.0
25900,0.0,96.28571428571429
25950,0.0,96.53333333333333
26000,0.0,96.75
26050,0.0,96.94117647058823
26100,0.0,97.11111111111111
26150,0.0,97.26315789473684
26200,0.0,97.39999999999999
26250,0.0,97.52380952380952
26300,0.0,97.63636363636363
26350,0.0,97.73913043478261
26400,0.0,97.83333333333334
26450,0.0,97.92
26500,0.0,98.0
26550,0.0,98.07407407407408
26600,0.0,98.14285714285714
26650,56.00000000000001,6.0
26700,0.0,3.0
26750,0.0,2.0
26800,0.0,1.5
26850,0.0,1.2
26900,0.0,1.0
26950,0.0,0.8571428571428572
27000,0.0,0.75
27050,0.0,0.6666666666666667
27100,0.0,0.6
27150,0.0,0.5454545454545455
27200,0.0,0.5
27250,0.0,0.46153846153846156
27300,0.0,0.4285714285714286
27350,0.0,0.4
27400,0.0,0.375
27450,0.0,0.35294117647058826
27500,0.0,0.33333333333333337
27550,0.0,0.3157894736842105
27600,0.0,0.3
27650,0.0,0.2857142857142857
27700,0.0,0.27272727272727276
27750,0.0,0.26086956521739135
27800,0.0,0.25
27850,0.0,0.24
27900,0.0,0.23076923076923078
27950,0.0,0.2222222222222222
28000,0.0,0.2142857142857143
28050,56.00000000000001,48.0
28100,0.0,74.0
28150,0.0,82.66666666666667
28200,0.0,87.0
28250,0.0,89.60000000000001
28300,0.0,91.33333333333333
28350,0.0,92.57142857142857
28400,0.0,93.5
28450,0.0,94.22222222222221
28500,0.0,94.8
28550,0.0,95.27272727272728
28600,0.0,95.66666666666667
28650,0.0,96.0
28700,0.0,96.28571428571429
28750,0.0,96.53333333333333
28800,0.0,96.75
28850,0.0,96.94117647058823
28900,0.0,97.11111111111111
28950,0.0,97.26315789473684
29000,0.0,97.39999999999999
29050,0.0,97.52380952380952
29100,0.0,97.63636363636363
29150,0.0,97.73913043478261
29200,0.0,97.83333333333334
29250,0.0,97.92
29300,0.0,98.0
29350,0.0,98.07407407407408
29400,0.0,98.14285714285714
29450,56.00000000000001,6.0
29500,0.0,3.0
29550,0.0,2.0
29600,0.0,1.5
29650,0.0,1.2
29700,0.0,1.0
29750,0.0,0.8571428571428572
29800,0.0,0.75
29850,0.0,0.6666666666666667
29900,0.0,0.6
29950,0.0,0.5454545454545455
30000,0.0,0.5
30050,0.0,0.46153846153846156
30100,0.0,0.4285714285714286
30150,0.0,0.4
30200,0.0,0.375
30250,0.0,0.35294117647058826
30300,0.0,0.33333333333333337
30350,0.0,0.3157894736842105
30400,0.0,0.3
30450,0.0,0.2857142857142857
30500,0.0,0.27272727272727276
30550,0.0,0.26086956521739135
30600,0.0,0.25
30650,0.0,0.24
30700,0.0,0.23076923076923078
30750,0.0,0.2222222222222222
