50,0.0,0.0
100,0.0,0.0
150,0.0,0.0
200,0.0,0.0
250,0.0,0.0
300,0.0,0.0
350,0.0,0.0
400,0.0,0.0
450,0.0,0.0
500,0.0,0.0
550,0.0,0.0
600,0.0,0.0
650,0.0,0.0
700,0.0,0.0
750,0.0,0.0
800,0.0,0.0
850,0.0,0.0
900,0.0,0.0
950,0.0,0.0
1000,0.0,0.0
1050,0.0,0.0
1100,0.0,0.0
1150,0.0,0.0
1200,0.0,0.0
1250,0.0,4.96
1300,0.0,8.615384615384615
1350,0.0,12.0
1400,0.0,15.142857142857144
1450,100.0,18.714285714285715
1500,100.0,22.285714285714285
1550,100.0,25.857142857142858
1600,100.0,29.428571428571427
1650,100.0,33.0
1700,100.0,36.57142857142857
1750,100.0,40.14285714285714
1800,100.0,43.714285714285715
1850,100.0,47.285714285714285
1900,100.0,50.857142857142854
1950,100.0,54.42857142857142
2000,100.0,57.99999999999999
2050,100.0,61.57142857142858
2100,100.0,65.14285714285715
2150,100.0,68.71428571428572
2200,100.0,72.28571428571429
2250,100.0,75.85714285714286
2300,100.0,79.42857142857143
2350,100.0,83.0
2400,100.0,86.57142857142858
2450,100.0,90.14285714285715
2500,100.0,93.71428571428572
2550,100.0,97.28571428571429
2600,76.0,1.1666666666666667
2650,0.0,1.04
2700,0.0,1.0
2750,0.0,0.962962962962963
2800,0.0,0.9285714285714286
2850,100.0,4.5
2900,100.0,8.071428571428571
2950,100.0,11.642857142857142
3000,100.0,15.214285714285714
3050,100.0,18.785714285714285
3100,100.0,22.357142857142858
3150,100.0,25.928571428571427
3200,100.0,29.5
3250,100.0,33.07142857142858
3300,100.0,36.642857142857146
3350,100.0,40.214285714285715
3400,100.0,43.785714285714285
3450,100.0,47.35714285714286
3500,100.0,50.92857142857142
3550,100.0,54.50000000000001
3600,100.0,58.07142857142858
3650,100.0,61.642857142857146
3700,100.0,65.21428571428571
3750,100.0,68.78571428571428
3800,100.0,72.35714285714285
3850,100.0,75.92857142857142
3900,100.0,79.5
3950,100.0,83.07142857142857
4000,76.0,1.1784511784511784
4050,0.0,5.387205387205387
4100,0.0,9.595959595959595
4150,0.0,13.804713804713806
4200,0.0,18.013468013468014
4250,0.0,22.22222222222222
4300,0.0,26.430976430976433
4350,0.0,30.63973063973064
4400,0.0,34.84848484848485
4450,0.0,39.05723905723906
4500,0.0,43.26599326599327
4550,0.0,47.474747474747474
4600,0.0,51.68350168350169
4650,0.0,55.892255892255896
4700,0.0,60.1010101010101
4750,0.0,64.3097643097643
4800,0.0,68.51851851851852
4850,0.0,72.72727272727273
4900,0.0,76.93602693602693
4950,0.0,81.14478114478115
5000,0.0,85.35353535353535
5050,0.0,89.56228956228956
5100,0.0,93.77104377104376
5150,0.0,97.97979797979798
5200,0.0,2.272727272727273
5250,0.0,6.481481481481481
5300,0.0,10.69023569023569
5350,0.0,14.898989898989898
5400,0.0,19.107744107744107
5450,0.0,23.316498316498315
5500,0.0,27.525252525252526
5550,0.0,31.734006734006737
5600,0.0,35.94276094276094
5650,0.0,40.15151515151515
5700,0.0,44.36026936026936
5750,0.0,48.569023569023564
5800,0.0,52.77777777777778
5850,0.0,56.986531986531986
5900,0.0,61.195286195286194
5950,0.0,65.40404040404042
6000,0.0,69.5542472666106
6050,0.0,70.78288942695721
6100,0.0,71.91621411947246
6150,0.0,72.96489917849142
6200,0.0,73.93808495320374
6250,78.0,76.92857142857143
6300,100.0,80.5
6350,100.0,84.07142857142857
6400,100.0,87.64285714285714
6450,100.0,91.21428571428571
6500,100.0,94.78571428571428
6550,100.0,98.35714285714286
6600,100.0,42.92857142857143
6650,100.0,46.5
6700,100.0,50.07142857142857
6750,100.0,53.642857142857146
6800,100.0,57.214285714285715
6850,100.0,60.785714285714285
6900,100.0,64.35714285714286
6950,100.0,67.92857142857143
7000,100.0,71.5
7050,100.0,75.07142857142857
7100,100.0,78.64285714285715
7150,100.0,82.21428571428572
7200,100.0,85.78571428571429
7250,100.0,89.35714285714286
7300,100.0,92.92857142857143
7350,100.0,96.5
7400,98.0,0.2523128679562658
7450,0.0,1.0492332526230832
7500,0.0,1.008533747090768
7550,0.0,0.9708737864077669
7600,0.0,0.9359251259899208
7650,78.0,3.7142857142857144
7700,100.0,7.285714285714286
7750,100.0,10.857142857142858
7800,100.0,14.428571428571429
7850,100.0,18.0
7900,100.0,21.571428571428573
7950,100.0,25.142857142857146
8000,100.0,28.714285714285715
8050,100.0,32.285714285714285
8100,100.0,35.85714285714286
8150,100.0,39.42857142857143
8200,100.0,43.0
8250,100.0,46.57142857142857
8300,100.0,50.142857142857146
8350,100.0,53.714285714285715
8400,100.0,57.285714285714285
8450,100.0,60.857142857142854
8500,100.0,64.42857142857143
8550,100.0,68.0
8600,100.0,71.57142857142857
8650,100.0,75.14285714285714
8700,100.0,78.71428571428571
8750,100.0,82.28571428571428
8800,98.0,0.2523128679562658
8850,0.0,4.277643260694108
8900,0.0,7.990690457719161
8950,0.0,11.426437640029873
9000,0.0,14.614830813534919
9050,78.0,18.071428571428573
9100,100.0,21.642857142857146
9150,100.0,25.214285714285715
9200,100.0,28.78571428571429
9250,100.0,32.357142857142854
9300,100.0,35.92857142857142
9350,100.0,39.5
9400,100.0,43.07142857142857
9450,100.0,46.64285714285714
9500,100.0,50.21428571428571
9550,100.0,53.78571428571428
9600,100.0,57.35714285714286
9650,100.0,60.92857142857143
9700,100.0,64.5
9750,100.0,68.07142857142857
9800,100.0,71.64285714285714
9850,100.0,75.21428571428571
9900,100.0,78.78571428571428
9950,100.0,82.35714285714286
10000,100.0,85.92857142857143
10050,100.0,89.5
10100,100.0,93.07142857142857
10150,100.0,96.64285714285714
10200,98.0,0.25252525252525254
10250,0.0,4.461279461279461
10300,0.0,8.67003367003367
10350,0.0,12.878787878787879
10400,0.0,17.087542087542086
10450,0.0,21.296296296296298
10500,0.0,25.5050505050505
10550,0.0,29.713804713804713
10600,0.0,33.92255892255892
10650,0.0,38.131313131313135
10700,0.0,42.340067340067336
10750,0.0,46.54882154882155
10800,0.0,50.75757575757576
10850,0.0,54.966329966329965
10900,0.0,59.17508417508418
10950,0.0,63.38383838383839
11000,0.0,67.5925925925926
11050,0.0,71.8013468013468
11100,0.0,76.01010101010101
11150,0.0,80.21885521885523
11200,0.0,84.42760942760943
11250,0.0,88.63636363636364
11300,0.0,92.84511784511784
11350,0.0,97.05387205387206
11400,0.0,1.3468013468013467
11450,0.0,5.555555555555555
11500,0.0,9.764309764309765
11550,0.0,13.973063973063974
11600,0.0,18.181818181818183
11650,0.0,22.39057239057239
11700,0.0,26.599326599326602
11750,0.0,30.808080808080806
11800,0.0,35.01683501683502
11850,0.0,39.225589225589225
11900,0.0,43.43434343434344
11950,0.0,47.64309764309764
12000,0.0,51.80824222035324
12050,0.0,1.0492332526230832
12100,0.0,1.008533747090768
12150,0.0,0.9708737864077669
12200,0.0,0.9359251259899208
12250,78.0,3.7142857142857144
12300,100.0,7.285714285714286
12350,100.0,10.857142857142858
12400,100.0,14.428571428571429
12450,100.0,18.0
12500,100.0,21.571428571428573
12550,100.0,25.142857142857146
12600,100.0,28.714285714285715
12650,100.0,32.285714285714285
12700,100.0,35.85714285714286
12750,100.0,39.42857142857143
12800,100.0,43.0
12850,100.0,46.57142857142857
12900,100.0,50.142857142857146
12950,100.0,53.714285714285715
13000,100.0,57.285714285714285
13050,100.0,60.857142857142854
13100,100.0,64.42857142857143
13150,100.0,68.0
13200,100.0,71.57142857142857
13250,100.0,75.14285714285714
13300,100.0,78.71428571428571
13350,100.0,82.28571428571428
13400,98.0,0.2523128679562658
13450,0.0,4.277643260694108
13500,0.0,7.990690457719161
13550,0.0,11.426437640029873
13600,0.0,14.614830813534919
13650,78.0,18.071428571428573
13700,100.0,21.642857142857146
13750,100.0,25.214285714285715
13800,100.0,28.78571428571429
13850,100.0,32.357142857142854
13900,100.0,35.92857142857142
13950,100.0,39.5
14000,100.0,43.07142857142857
14050,100.0,46.64285714285714
14100,100.0,50.21428571428571
14150,100.0,53.78571428571428
14200,100.0,57.35714285714286
14250,100.0,60.92857142857143
14300,100.0,64.5
14350,100.0,68.07142857142857
14400,100.0,71.64285714285714
14450,100.0,75.21428571428571
14500,100.0,78.78571428571428
14550,100.0,82.35714285714286
14600,100.0,85.92857142857143
14650,100.0,89.5
14700,100.0,93.07142857142857
14750,100.0,96.64285714285714
14800,98.0,0.2523128679562658
14850,0.0,1.0492332526230832
14900,0.0,1.008533747090768
14950,0.0,0.9708737864077669
15000,0.0,0.9365994236311239
15050,78.0,3.7463976945244957
15100,100.0,7.348703170028818
15150,100.0,10.951008645533141
15200,100.0,14.553314121037463
15250,100.0,18.155619596541786
15300,100.0,21.75792507204611
15350,100.0,25.360230547550433
15400,100.0,28.962536023054753
15450,100.0,32.564841498559076
15500,100.0,36.1671469740634
15550,100.0,39.76945244956772
15600,100.0,43.371757925072046
15650,100.0,46.97406340057637
15700,100.0,50.57636887608069
15750,100.0,54.17867435158501
15800,100.0,57.78097982708934
15850,100.0,61.38328530259366
15900,100.0,64.98559077809799
15950,100.0,68.58789625360231
16000,100.0,72.19020172910663
16050,100.0,75.79250720461094
16100,100.0,79.39481268011528
16150,100.0,82.9971181556196
16200,98.0,1.1784511784511784
16250,0.0,5.387205387205387
16300,0.0,9.595959595959595
16350,0.0,13.804713804713806
16400,0.0,18.013468013468014
16450,0.0,22.22222222222222
16500,0.0,26.430976430976433
16550,0.0,30.63973063973064
16600,0.0,34.84848484848485
16650,0.0,39.05723905723906
16700,0.0,43.26599326599327
16750,0.0,47.474747474747474
16800,0.0,51.68350168350169
16850,0.0,55.892255892255896
16900,0.0,60.1010101010101
16950,0.0,64.3097643097643
17000,0.0,68.51851851851852
17050,0.0,72.72727272727273
17100,0.0,76.93602693602693
17150,0.0,81.14478114478115
17200,0.0,85.35353535353535
17250,0.0,89.56228956228956
17300,0.0,93.77104377104376
17350,0.0,97.97979797979798
17400,0.0,2.272727272727273
17450,0.0,6.481481481481481
17500,0.0,10.69023569023569
17550,0.0,14.898989898989898
17600,0.0,19.107744107744107
17650,0.0,23.316498316498315
17700,0.0,27.525252525252526
17750,0.0,31.734006734006737
17800,0.0,35.94276094276094
17850,0.0,40.15151515151515
17900,0.0,44.36026936026936
17950,0.0,48.569023569023564
18000,0.0,52.733389402859544
18050,0.0,54.6408393866021
18100,0.0,56.40031031807603
18150,0.0,58.02837938760269
18200,0.0,59.539236861051116
18250,78.0,62.642857142857146
18300,100.0,66.21428571428571
18350,100.0,69.78571428571428
18400,100.0,73.35714285714286
18450,100.0,76.92857142857143
18500,100.0,80.5
18550,100.0,84.07142857142857
18600,100.0,87.64285714285714
18650,100.0,91.21428571428571
18700,100.0,94.78571428571428
18750,100.0,98.35714285714286
18800,100.0,57.214285714285715
18850,100.0,60.785714285714285
18900,100.0,64.35714285714286
18950,100.0,67.92857142857143
19000,100.0,71.5
19050,100.0,75.07142857142857
19100,100.0,78.64285714285715
19150,100.0,82.21428571428572
19200,100.0,85.78571428571429
19250,100.0,89.35714285714286
19300,100.0,92.92857142857143
19350,100.0,96.5
19400,98.0,0.2523128679562658
19450,0.0,1.0492332526230832
19500,0.0,1.008533747090768
19550,0.0,0.9708737864077669
19600,0.0,0.9359251259899208
19650,78.0,3.7142857142857144
19700,100.0,7.285714285714286
19750,100.0,10.857142857142858
19800,100.0,14.428571428571429
19850,100.0,18.0
19900,100.0,21.571428571428573
19950,100.0,25.142857142857146
20000,100.0,28.714285714285715
20050,100.0,32.285714285714285
20100,100.0,35.85714285714286
20150,100.0,39.42857142857143
20200,100.0,43.0
20250,100.0,46.57142857142857
20300,100.0,50.142857142857146
20350,100.0,53.714285714285715
20400,100.0,57.285714285714285
20450,100.0,60.857142857142854
20500,100.0,64.42857142857143
20550,100.0,68.0
20600,100.0,71.57142857142857
20650,100.0,75.14285714285714
20700,100.0,78.71428571428571
20750,100.0,82.28571428571428
20800,98.0,0.2523128679562658
20850,0.0,4.277643260694108
20900,0.0,7.990690457719161
20950,0.0,11.426437640029873
21000,0.0,14.614830813534919
21050,78.0,18.071428571428573
21100,100.0,21.642857142857146
21150,100.0,25.214285714285715
21200,100.0,28.78571428571429
21250,100.0,32.357142857142854
21300,100.0,35.92857142857142
21350,100.0,39.5
21400,100.0,43.07142857142857
21450,100.0,46.64285714285714
21500,100.0,50.21428571428571
21550,100.0,53.78571428571428
21600,100.0,57.35714285714286
21650,100.0,60.92857142857143
21700,100.0,64.5
21750,100.0,68.07142857142857
21800,100.0,71.64285714285714
21850,100.0,75.21428571428571
21900,100.0,78.78571428571428
21950,100.0,82.35714285714286
22000,100.0,85.92857142857143
22050,100.0,89.5
22100,100.0,93.07142857142857
22150,100.0,96.64285714285714
22200,98.0,0.2523128679562658
22250,0.0,1.0492332526230832
22300,0.0,1.008533747090768
22350,0.0,0.9708737864077669
22400,0.0,0.9359251259899208
22450,78.0,3.7142857142857144
22500,100.0,7.285714285714286
22550,100.0,10.857142857142858
22600,100.0,14.428571428571429
22650,100.0,18.0
22700,100.0,21.571428571428573
22750,100.0,25.142857142857146
22800,100.0,28.714285714285715
22850,100.0,32.285714285714285
22900,100.0,35.85714285714286
22950,100.0,39.42857142857143
23000,100.0,43.0
23050,100.0,46.57142857142857
23100,100.0,50.142857142857146
23150,100.0,53.714285714285715
23200,100.0,57.285714285714285
23250,100.0,60.857142857142854
23300,100.0,64.42857142857143
23350,100.0,68.0
23400,100.0,71.57142857142857
23450,100.0,75.14285714285714
23500,100.0,78.71428571428571
23550,100.0,82.28571428571428
23600,98.0,0.2523128679562658
23650,0.0,4.277643260694108
23700,0.0,7.990690457719161
23750,0.0,11.426437640029873
23800,0.0,14.614830813534919
23850,78.0,18.071428571428573
23900,100.0,21.642857142857146
23950,100.0,25.214285714285715
24000,100.0,28.78571428571429
24050,100.0,32.357142857142854
24100,100.0,35.92857142857142
24150,100.0,39.5
24200,100.0,43.07142857142857
24250,100.0,46.64285714285714
24300,100.0,50.21428571428571
24350,100.0,53.78571428571428
24400,100.0,57.35714285714286
24450,100.0,60.92857142857143
24500,100.0,64.5
24550,100.0,68.07142857142857
24600,100.0,71.64285714285714
24650,100.0,75.21428571428571
24700,100.0,78.78571428571428
24750,100.0,82.35714285714286
24800,100.0,85.92857142857143
24850,100.0,89.5
24900,100.0,93.07142857142857
24950,100.0,96.64285714285714
25000,98.0,0.2523128679562658
25050,0.0,1.0492332526230832
25100,0.0,1.008533747090768
25150,0.0,0.9708737864077669
25200,0.0,0.9359251259899208
25250,78.0,3.7142857142857144
25300,100.0,7.285714285714286
25350,100.0,10.857142857142858
25400,100.0,14.428571428571429
25450,100.0,18.0
25500,100.0,21.571428571428573
25550,100.0,25.142857142857146
25600,100.0,28.714285714285715
25650,100.0,32.285714285714285
25700,100.0,35.85714285714286
25750,100.0,39.42857142857143
25800,100.0,43.0
25850,100.0,46.57142857142857
25900,100.0,50.142857142857146
25950,100.0,53.714285714285715
26000,100.0,57.285714285714285
26050,100.0,60.857142857142854
26100,100.0,64.42857142857143
26150,100.0,68.0
26200,100.0,71.57142857142857
26250,100.0,75.14285714285714
26300,100.0,78.71428571428571
26350,100.0,82.28571428571428
26400,98.0,0.2523128679562658
26450,0.0,4.277643260694108
26500,0.0,7.990690457719161
26550,0.0,11.426437640029873
26600,0.0,14.614830813534919
26650,78.0,18.071428571428573
26700,100.0,21.642857142857146
26750,100.0,25.214285714285715
26800,100.0,28.78571428571429
26850,100.0,32.357142857142854
26900,100.0,35.92857142857142
26950,100.0,39.5
27000,100.0,43.07142857142857
27050,100.0,46.64285714285714
27100,100.0,50.21428571428571
27150,100.0,53.78571428571428
27200,100.0,57.35714285714286
27250,100.0,60.92857142857143
27300,100.0,64.5
27350,100.0,68.07142857142857
27400,100.0,71.64285714285714
27450,100.0,75.21428571428571
27500,100.0,78.78571428571428
27550,100.0,82.35714285714286
27600,100.0,85.92857142857143
27650,100.0,89.5
27700,100.0,93.07142857142857
27750,100.0,96.64285714285714
27800,98.0,0.2523128679562658
27850,0.0,1.0492332526230832
27900,0.0,1.008533747090768
27950,0.0,0.9708737864077669
28000,0.0,0.9359251259899208
28050,78.0,3.7142857142857144
28100,100.0,7.285714285714286
28150,100.0,10.857142857142858
28200,100.0,14.428571428571429
28250,100.0,18.0
28300,100.0,21.571428571428573
28350,100.0,25.142857142857146
28400,100.0,28.714285714285715
28450,100.0,32.285714285714285
28500,100.0,35.85714285714286
28550,100.0,39.42857142857143
28600,100.0,43.0
28650,100.0,46.57142857142857
28700,100.0,50.142857142857146
28750,100.0,53.714285714285715
28800,100.0,57.285714285714285
28850,100.0,60.857142857142854
28900,100.0,64.42857142857143
28950,100.0,68.0
29000,100.0,71.57142857142857
29050,100.0,75.14285714285714
29100,100.0,78.71428571428571
29150,100.0,82.28571428571428
29200,98.0,0.2523128679562658
29250,0.0,4.277643260694108
29300,0.0,7.990690457719161
29350,0.0,11.426437640029873
29400,0.0,14.614830813534919
29450,78.0,18.071428571428573
29500,100.0,21.642857142857146
29550,100.0,25.214285714285715
29600,100.0,28.78571428571429
29650,100.0,32.357142857142854
29700,100.0,35.92857142857142
29750,100.0,39.5
29800,100.0,43.07142857142857
29850,100.0,46.64285714285714
29900,100.0,50.21428571428571
29950,100.0,53.78571428571428
30000,100.0,57.35714285714286
30050,100.0,60.92857142857143
30100,100.0,64.5
30150,100.0,68.07142857142857
30200,100.0,71.64285714285714
30250,100.0,75.21428571428571
30300,100.0,78.78571428571428
30350,100.0,82.35714285714286
30400,100.0,85.92857142857143
30450,100.0,89.5
30500,100.0,93.07142857142857
30550,100.0,96.64285714285714
30600,98.0,0.2523128679562658
30650,0.0,1.0492332526230832
30700,0.0,1.008533747090768
30750,0.0,0.9708737864077669
