250,0.0,100.0
500,0.0,100.0
750,0.0,100.0
1000,0.0,100.0
1250,0.0,12.879999999999999
1500,40.0,29.35714285714286
1750,100.0,47.214285714285715
2000,100.0,65.07142857142857
2250,100.0,82.92857142857143
2500,95.6,1.1818181818181819
2750,0.0,19.333333333333332
3000,80.0,36.5
3250,100.0,54.35714285714286
3500,100.0,72.21428571428572
3750,100.0,90.07142857142857
4000,55.60000000000001,9.25
4250,20.0,25.785714285714285
4500,100.0,43.642857142857146
4750,100.0,61.5
5000,100.0,79.35714285714286
5250,100.0,97.21428571428572
5500,15.6,16.230769230769234
5750,60.0,32.92857142857143
6000,100.0,50.78571428571429
6250,100.0,68.64285714285714
6500,100.0,86.5
6750,75.6,5.304347826086957
7000,0.0,22.214285714285715
7250,100.0,40.07142857142857
7500,100.0,57.92857142857143
7750,100.0,75.78571428571429
8000,100.0,93.64285714285714
8250,35.6,12.879999999999999
8500,40.0,29.35714285714286
8750,100.0,47.214285714285715
9000,100.0,65.07142857142857
9250,100.0,82.92857142857143
9500,95.6,1.1818181818181819
9750,0.0,19.333333333333332
10000,80.0,36.5
10250,100.0,54.35714285714286
10500,100.0,72.21428571428572
10750,100.0,90.07142857142857
11000,55.60000000000001,9.25
11250,20.0,25.785714285714285
11500,100.0,43.642857142857146
11750,100.0,61.5
12000,100.0,79.35714285714286
12250,100.0,97.21428571428572
12500,15.6,16.230769230769234
12750,60.0,32.92857142857143
13000,100.0,50.78571428571429
13250,100.0,68.64285714285714
13500,100.0,86.5
13750,75.6,5.304347826086957
14000,0.0,22.214285714285715
14250,100.0,40.07142857142857
14500,100.0,57.92857142857143
14750,100.0,75.78571428571429
15000,100.0,93.64285714285714
15250,35.6,12.879999999999999
15500,40.0,29.35714285714286
15750,100.0,47.214285714285715
16000,100.0,65.07142857142857
16250,100.0,82.92857142857143
16500,95.6,1.1818181818181819
16750,0.0,19.333333333333332
17000,80.0,36.5
17250,100.0,54.35714285714286
17500,100.0,72.21428571428572
17750,100.0,90.07142857142857
18000,55.60000000000001,9.25
18250,20.0,25.785714285714285
18500,100.0,43.642857142857146
18750,100.0,61.5
19000,100.0,79.35714285714286
19250,100.0,97.21428571428572
19500,15.6,16.230769230769234
19750,60.0,32.92857142857143
20000,100.0,50.78571428571429
20250,100.0,68.64285714285714
20500,100.0,86.5
20750,75.6,5.304347826086957
21000,0.0,22.214285714285715
21250,100.0,40.07142857142857
21500,100.0,57.92857142857143
21750,100.0,75.78571428571429
22000,100.0,93.64285714285714
22250,35.6,12.879999999999999
22500,40.0,29.35714285714286
22750,100.0,47.214285714285715
23000,100.0,65.07142857142857
23250,100.0,82.92857142857143
23500,95.6,1.1818181818181819
23750,0.0,19.333333333333332
24000,80.0,36.5
24250,100.0,54.35714285714286
24500,100.0,72.21428571428572
24750,100.0,90.07142857142857
25000,55.60000000000001,9.25
25250,20.0,25.785714285714285
25500,100.0,43.642857142857146
25750,100.0,61.5
26000,100.0,79.35714285714286
26250,100.0,97.21428571428572
26500,15.6,16.230769230769234
26750,60.0,32.92857142857143
27000,100.0,50.78571428571429
27250,100.0,68.64285714285714
27500,100.0,86.5
27750,75.6,5.304347826086957
28000,0.0,22.214285714285715
28250,100.0,40.07142857142857
28500,100.0,57.92857142857143
28750,100.0,75.78571428571429
29000,100.0,93.64285714285714
29250,35.6,12.879999999999999
29500,40.0,29.35714285714286
29750,100.0,47.214285714285715
30000,100.0,65.07142857142857
30250,100.0,82.92857142857143
30500,95.6,1.1818181818181819
30750,0.0,19.333333333333332
