50,0.0,0.0
100,0.0,0.0
150,0.0,0.0
200,0.0,0.0
250,0.0,0.0
300,0.0,0.0
350,0.0,0.0
400,0.0,0.0
450,0.0,0.0
500,0.0,0.0
550,0.0,0.0
600,0.0,0.0
650,0.0,0.0
700,0.0,0.0
750,0.0,0.0
800,0.0,0.0
850,0.0,0.0
900,0.0,0.0
950,0.0,6.210526315789474
1000,0.0,10.9
1050,0.0,15.142857142857144
1100,0.0,19.0
1150,0.0,22.52173913043478
1200,0.0,25.75
1250,0.0,28.720000000000002
1300,0.0,31.461538461538463
1350,0.0,34.0
1400,0.0,36.357142857142854
1450,100.0,39.92857142857143
1500,100.0,43.5
1550,100.0,47.07142857142857
1600,100.0,50.642857142857146
1650,100.0,54.214285714285715
1700,100.0,57.785714285714285
1750,100.0,61.357142857142854
1800,100.0,64.92857142857143
1850,100.0,68.5
1900,100.0,72.07142857142857
1950,100.0,75.64285714285714
2000,100.0,79.21428571428571
2050,100.0,82.78571428571428
2100,100.0,86.35714285714286
2150,100.0,89.92857142857143
2200,100.0,93.5
2250,100.0,97.07142857142857
2300,82.0,1.2222222222222223
2350,0.0,1.0526315789473684
2400,0.0,1.0
2450,0.0,0.9523809523809524
2500,0.0,0.9090909090909091
2550,0.0,0.8695652173913043
2600,0.0,0.8333333333333334
2650,0.0,0.8
2700,0.0,0.7692307692307693
2750,0.0,0.7407407407407408
2800,0.0,0.7142857142857143
2850,100.0,4.285714285714286
2900,100.0,7.857142857142857
2950,100.0,11.428571428571429
3000,100.0,15.0
3050,100.0,18.571428571428573
3100,100.0,22.142857142857142
3150,100.0,25.71428571428571
3200,100.0,29.28571428571429
3250,100.0,32.857142857142854
3300,100.0,36.42857142857142
3350,100.0,40.0
3400,100.0,43.57142857142857
3450,100.0,47.14285714285714
3500,100.0,50.71428571428571
3550,100.0,54.285714285714285
3600,100.0,57.85714285714286
3650,100.0,61.42857142857143
3700,82.0,1.2222222222222223
3750,0.0,6.421052631578947
3800,0.0,11.1
3850,0.0,15.333333333333332
3900,0.0,19.18181818181818
3950,0.0,22.695652173913043
4000,0.0,25.916666666666664
4050,0.0,28.88
4100,0.0,31.615384615384617
4150,0.0,34.14814814814815
4200,0.0,36.5
4250,100.0,40.07142857142857
4300,100.0,43.642857142857146
4350,100.0,47.214285714285715
4400,100.0,50.78571428571429
4450,100.0,54.35714285714286
4500,100.0,57.92857142857143
4550,100.0,61.5
4600,100.0,65.07142857142857
4650,100.0,68.64285714285714
4700,100.0,72.21428571428572
4750,100.0,75.78571428571429
4800,100.0,79.35714285714286
4850,100.0,82.92857142857143
4900,100.0,86.5
4950,100.0,90.07142857142857
5000,100.0,93.64285714285714
5050,100.0,97.21428571428572
5100,82.0,1.2222222222222223
5150,0.0,1.0526315789473684
5200,0.0,1.0
5250,0.0,0.9523809523809524
5300,0.0,0.9090909090909091
5350,0.0,0.8695652173913043
5400,0.0,0.8333333333333334
5450,0.0,0.8
5500,0.0,0.7692307692307693
5550,0.0,0.7407407407407408
5600,0.0,0.7142857142857143
5650,100.0,4.285714285714286
5700,100.0,7.857142857142857
5750,100.0,11.428571428571429
5800,100.0,15.0
5850,100.0,18.571428571428573
5900,100.0,22.142857142857142
5950,100.0,25.71428571428571
6000,100.0,29.28571428571429
6050,100.0,32.857142857142854
6100,100.0,36.42857142857142
6150,100.0,40.0
6200,100.0,43.57142857142857
6250,100.0,47.14285714285714
6300,100.0,50.71428571428571
6350,100.0,54.285714285714285
6400,100.0,57.85714285714286
6450,100.0,61.42857142857143
6500,82.0,1.2222222222222223
6550,0.0,6.421052631578947
6600,0.0,11.1
6650,0.0,15.333333333333332
6700,0.0,19.18181818181818
6750,0.0,22.695652173913043
6800,0.0,25.916666666666664
6850,0.0,28.88
6900,0.0,31.615384615384617
6950,0.0,34.14814814814815
7000,0.0,36.5
7050,100.0,40.07142857142857
7100,100.0,43.642857142857146
7150,100.0,47.214285714285715
7200,100.0,50.78571428571429
7250,100.0,54.35714285714286
7300,100.0,57.92857142857143
7350,100.0,61.5
7400,100.0,65.07142857142857
7450,100.0,68.64285714285714
7500,100.0,72.21428571428572
7550,100.0,75.78571428571429
7600,100.0,79.35714285714286
7650,100.0,82.92857142857143
7700,100.0,86.5
7750,100.0,90.07142857142857
7800,100.0,93.64285714285714
7850,100.0,97.21428571428572
7900,82.0,1.2222222222222223
7950,0.0,1.0526315789473684
8000,0.0,1.0
8050,0.0,0.9523809523809524
8100,0.0,0.9090909090909091
8150,0.0,0.8695652173913043
8200,0.0,0.8333333333333334
8250,0.0,0.8
8300,0.0,0.7692307692307693
8350,0.0,0.7407407407407408
8400,0.0,0.7142857142857143
8450,100.0,4.285714285714286
8500,100.0,7.857142857142857
8550,100.0,11.428571428571429
8600,100.0,15.0
8650,100.0,18.571428571428573
8700,100.0,22.142857142857142
8750,100.0,25.71428571428571
8800,100.0,29.28571428571429
8850,100.0,32.857142857142854
8900,100.0,36.42857142857142
8950,100.0,40.0
9000,100.0,43.57142857142857
9050,100.0,47.14285714285714
9100,100.0,50.71428571428571
9150,100.0,54.285714285714285
9200,100.0,57.85714285714286
9250,100.0,61.42857142857143
9300,82.0,1.2222222222222223
9350,0.0,6.421052631578947
9400,0.0,11.1
9450,0.0,15.333333333333332
9500,0.0,19.18181818181818
9550,0.0,22.695652173913043
9600,0.0,25.916666666666664
9650,0.0,28.88
9700,0.0,31.615384615384617
9750,0.0,34.14814814814815
9800,0.0,36.5
9850,100.0,40.07142857142857
9900,100.0,43.642857142857146
9950,100.0,47.214285714285715
10000,100.0,50.78571428571429
10050,100.0,54.35714285714286
10100,100.0,57.92857142857143
10150,100.0,61.5
10200,100.0,65.07142857142857
10250,100.0,68.64285714285714
10300,100.0,72.21428571428572
10350,100.0,75.78571428571429
10400,100.0,79.35714285714286
10450,100.0,82.92857142857143
10500,100.0,86.5
10550,100.0,90.07142857142857
10600,100.0,93.64285714285714
10650,100.0,97.21428571428572
10700,82.0,1.2222222222222223
10750,0.0,1.0526315789473684
10800,0.0,1.0
10850,0.0,0.9523809523809524
10900,0.0,0.9090909090909091
10950,0.0,0.8695652173913043
11000,0.0,0.8333333333333334
11050,0.0,0.8
11100,0.0,0.7692307692307693
11150,0.0,0.7407407407407408
11200,0.0,0.7142857142857143
11250,100.0,4.285714285714286
11300,100.0,7.857142857142857
11350,100.0,11.428571428571429
11400,100.0,15.0
11450,100.0,18.571428571428573
11500,100.0,22.142857142857142
11550,100.0,25.71428571428571
11600,100.0,29.28571428571429
11650,100.0,32.857142857142854
11700,100.0,36.42857142857142
11750,100.0,40.0
11800,100.0,43.57142857142857
11850,100.0,47.14285714285714
11900,100.0,50.71428571428571
11950,100.0,54.285714285714285
12000,100.0,57.85714285714286
12050,100.0,61.42857142857143
12100,82.0,1.2222222222222223
12150,0.0,6.421052631578947
12200,0.0,11.1
12250,0.0,15.333333333333332
12300,0.0,19.18181818181818
12350,0.0,22.695652173913043
12400,0.0,25.916666666666664
12450,0.0,28.88
12500,0.0,31.615384615384617
12550,0.0,34.14814814814815
12600,0.0,36.5
12650,100.0,40.07142857142857
12700,100.0,43.642857142857146
12750,100.0,47.214285714285715
12800,100.0,50.78571428571429
12850,100.0,54.35714285714286
12900,100.0,57.92857142857143
12950,100.0,61.5
13000,100.0,65.07142857142857
13050,100.0,68.64285714285714
13100,100.0,72.21428571428572
13150,100.0,75.78571428571429
13200,100.0,79.35714285714286
13250,100.0,82.92857142857143
13300,100.0,86.5
13350,100.0,90.07142857142857
13400,100.0,93.64285714285714
13450,100.0,97.21428571428572
13500,82.0,1.2222222222222223
13550,0.0,1.0526315789473684
13600,0.0,1.0
13650,0.0,0.9523809523809524
13700,0.0,0.9090909090909091
13750,0.0,0.8695652173913043
13800,0.0,0.8333333333333334
13850,0.0,0.8
13900,0.0,0.7692307692307693
13950,0.0,0.7407407407407408
14000,0.0,0.7142857142857143
14050,100.0,4.285714285714286
14100,100.0,7.857142857142857
14150,100.0,11.428571428571429
14200,100.0,15.0
14250,100.0,18.571428571428573
14300,100.0,22.142857142857142
14350,100.0,25.71428571428571
14400,100.0,29.28571428571429
14450,100.0,32.857142857142854
14500,100.0,36.42857142857142
14550,100.0,40.0
14600,100.0,43.57142857142857
14650,100.0,47.14285714285714
14700,100.0,50.71428571428571
14750,100.0,54.285714285714285
14800,100.0,57.85714285714286
14850,100.0,61.42857142857143
14900,82.0,1.2222222222222223
14950,0.0,6.421052631578947
15000,0.0,11.1
15050,0.0,15.333333333333332
15100,0.0,19.18181818181818
15150,0.0,22.695652173913043
15200,0.0,25.916666666666664
15250,0.0,28.88
15300,0.0,31.615384615384617
15350,0.0,34.14814814814815
15400,0.0,36.5
15450,100.0,40.07142857142857
15500,100.0,43.642857142857146
15550,100.0,47.214285714285715
15600,100.0,50.78571428571429
15650,100.0,54.35714285714286
15700,100.0,57.92857142857143
15750,100.0,61.5
15800,100.0,65.07142857142857
15850,100.0,68.64285714285714
15900,100.0,72.21428571428572
15950,100.0,75.78571428571429
16000,100.0,79.35714285714286
16050,100.0,82.92857142857143
16100,100.0,86.5
16150,100.0,90.07142857142857
16200,100.0,93.64285714285714
16250,100.0,97.21428571428572
16300,82.0,1.2222222222222223
16350,0.0,1.0526315789473684
16400,0.0,1.0
16450,0.0,0.9523809523809524
16500,0.0,0.9090909090909091
16550,0.0,0.8695652173913043
16600,0.0,0.8333333333333334
16650,0.0,0.8
16700,0.0,0.7692307692307693
16750,0.0,0.7407407407407408
16800,0.0,0.7142857142857143
16850,100.0,4.285714285714286
16900,100.0,7.857142857142857
16950,100.0,11.428571428571429
17000,100.0,15.0
17050,100.0,18.571428571428573
17100,100.0,22.142857142857142
17150,100.0,25.71428571428571
17200,100.0,29.28571428571429
17250,100.0,32.857142857142854
17300,100.0,36.42857142857142
17350,100.0,40.0
17400,100.0,43.57142857142857
17450,100.0,47.14285714285714
17500,100.0,50.71428571428571
17550,100.0,54.285714285714285
17600,100.0,57.85714285714286
17650,100.0,61.42857142857143
17700,82.0,1.2222222222222223
17750,0.0,6.421052631578947
17800,0.0,11.1
17850,0.0,15.333333333333332
17900,0.0,19.18181818181818
17950,0.0,22.695652173913043
18000,0.0,25.916666666666664
18050,0.0,28.88
18100,0.0,31.615384615384617
18150,0.0,34.14814814814815
18200,0.0,36.5
18250,100.0,40.07142857142857
18300,100.0,43.642857142857146
18350,100.0,47.214285714285715
18400,100.0,50.78571428571429
18450,100.0,54.35714285714286
18500,100.0,57.92857142857143
18550,100.0,61.5
18600,100.0,65.07142857142857
18650,100.0,68.64285714285714
18700,100.0,72.21428571428572
18750,100.0,75.78571428571429
18800,100.0,79.35714285714286
18850,100.0,82.92857142857143
18900,100.0,86.5
18950,100.0,90.07142857142857
19000,100.0,93.64285714285714
19050,100.0,97.21428571428572
19100,82.0,1.2222222222222223
19150,0.0,1.0526315789473684
19200,0.0,1.0
19250,0.0,0.9523809523809524
19300,0.0,0.9090909090909091
19350,0.0,0.8695652173913043
19400,0.0,0.8333333333333334
19450,0.0,0.8
19500,0.0,0.7692307692307693
19550,0.0,0.7407407407407408
19600,0.0,0.7142857142857143
19650,100.0,4.285714285714286
19700,100.0,7.857142857142857
19750,100.0,11.428571428571429
19800,100.0,15.0
19850,100.0,18.571428571428573
19900,100.0,22.142857142857142
19950,100.0,25.71428571428571
20000,100.0,29.28571428571429
20050,100.0,32.857142857142854
20100,100.0,36.42857142857142
20150,100.0,40.0
20200,100.0,43.57142857142857
20250,100.0,47.14285714285714
20300,100.0,50.71428571428571
20350,100.0,54.285714285714285
20400,100.0,57.85714285714286
20450,100.0,61.42857142857143
20500,82.0,1.2222222222222223
20550,0.0,6.421052631578947
20600,0.0,11.1
20650,0.0,15.333333333333332
20700,0.0,19.18181818181818
20750,0.0,22.695652173913043
20800,0.0,25.916666666666664
20850,0.0,28.88
20900,0.0,31.615384615384617
20950,0.0,34.14814814814815
21000,0.0,36.5
21050,100.0,40.07142857142857
21100,100.0,43.642857142857146
21150,100.0,47.214285714285715
21200,100.0,50.78571428571429
21250,100.0,54.35714285714286
21300,100.0,57.92857142857143
21350,100.0,61.5
21400,100.0,65.07142857142857
21450,100.0,68.64285714285714
21500,100.0,72.21428571428572
21550,100.0,75.78571428571429
21600,100.0,79.35714285714286
21650,100.0,82.92857142857143
21700,100.0,86.5
21750,100.0,90.07142857142857
21800,100.0,93.64285714285714
21850,100.0,97.21428571428572
21900,82.0,1.2222222222222223
21950,0.0,1.0526315789473684
22000,0.0,1.0
22050,0.0,0.9523809523809524
22100,0.0,0.9090909090909091
22150,0.0,0.8695652173913043
22200,0.0,0.8333333333333334
22250,0.0,0.8
22300,0.0,0.7692307692307693
22350,0.0,0.7407407407407408
22400,0.0,0.7142857142857143
22450,100.0,4.285714285714286
22500,100.0,7.857142857142857
22550,100.0,11.428571428571429
22600,100.0,15.0
22650,100.0,18.571428571428573
22700,100.0,22.142857142857142
22750,100.0,25.71428571428571
22800,100.0,29.28571428571429
22850,100.0,32.857142857142854
22900,100.0,36.42857142857142
22950,100.0,40.0
23000,100.0,43.57142857142857
23050,100.0,47.14285714285714
23100,100.0,50.71428571428571
23150,100.0,54.285714285714285
23200,100.0,57.85714285714286
23250,100.0,61.42857142857143
23300,82.0,1.2222222222222223
23350,0.0,6.421052631578947
23400,0.0,11.1
23450,0.0,15.333333333333332
23500,0.0,19.18181818181818
23550,0.0,22.695652173913043
23600,0.0,25.916666666666664
23650,0.0,28.88
23700,0.0,31.615384615384617
23750,0.0,34.14814814814815
23800,0.0,36.5
23850,100.0,40.07142857142857
23900,100.0,43.642857142857146
23950,100.0,47.214285714285715
24000,100.0,50.78571428571429
24050,100.0,54.35714285714286
24100,100.0,57.92857142857143
24150,100.0,61.5
24200,100.0,65.07142857142857
24250,100.0,68.64285714285714
24300,100.0,72.21428571428572
24350,100.0,75.78571428571429
24400,100.0,79.35714285714286
24450,100.0,82.92857142857143
24500,100.0,86.5
24550,100.0,90.07142857142857
24600,100.0,93.64285714285714
24650,100.0,97.21428571428572
24700,82.0,1.2222222222222223
24750,0.0,1.0526315789473684
24800,0.0,1.0
24850,0.0,0.9523809523809524
24900,0.0,0.9090909090909091
24950,0.0,0.8695652173913043
25000,0.0,0.8333333333333334
25050,0.0,0.8
25100,0.0,0.7692307692307693
25150,0.0,0.7407407407407408
25200,0.0,0.7142857142857143
25250,100.0,4.285714285714286
25300,100.0,7.857142857142857
25350,100.0,11.428571428571429
25400,100.0,15.0
25450,100.0,18.571428571428573
25500,100.0,22.142857142857142
25550,100.0,25.71428571428571
25600,100.0,29.28571428571429
25650,100.0,32.857142857142854
25700,100.0,36.42857142857142
25750,100.0,40.0
25800,100.0,43.57142857142857
25850,100.0,47.14285714285714
25900,100.0,50.71428571428571
25950,100.0,54.285714285714285
26000,100.0,57.85714285714286
26050,100.0,61.42857142857143
26100,82.0,1.2222222222222223
26150,0.0,6.421052631578947
26200,0.0,11.1
26250,0.0,15.333333333333332
26300,0.0,19.18181818181818
26350,0.0,22.695652173913043
26400,0.0,25.916666666666664
26450,0.0,28.88
26500,0.0,31.615384615384617
26550,0.0,34.14814814814815
26600,0.0,36.5
26650,100.0,40.07142857142857
26700,100.0,43.642857142857146
26750,100.0,47.214285714285715
26800,100.0,50.78571428571429
26850,100.0,54.35714285714286
26900,100.0,57.92857142857143
26950,100.0,61.5
27000,100.0,65.07142857142857
27050,100.0,68.64285714285714
27100,100.0,72.21428571428572
27150,100.0,75.78571428571429
27200,100.0,79.35714285714286
27250,100.0,82.92857142857143
27300,100.0,86.5
27350,100.0,90.07142857142857
27400,100.0,93.64285714285714
27450,100.0,97.21428571428572
27500,82.0,1.2222222222222223
27550,0.0,1.0526315789473684
27600,0.0,1.0
27650,0.0,0.9523809523809524
27700,0.0,0.9090909090909091
27750,0.0,0.8695652173913043
27800,0.0,0.8333333333333334
27850,0.0,0.8
27900,0.0,0.7692307692307693
27950,0.0,0.7407407407407408
28000,0.0,0.7142857142857143
28050,100.0,4.285714285714286
28100,100.0,7.857142857142857
28150,100.0,11.428571428571429
28200,100.0,15.0
28250,100.0,18.571428571428573
28300,100.0,22.142857142857142
28350,100.0,25.71428571428571
28400,100.0,29.28571428571429
28450,100.0,32.857142857142854
28500,100.0,36.42857142857142
28550,100.0,40.0
28600,100.0,43.57142857142857
28650,100.0,47.14285714285714
28700,100.0,50.71428571428571
28750,100.0,54.285714285714285
28800,100.0,57.85714285714286
28850,100.0,61.42857142857143
28900,82.0,1.2222222222222223
28950,0.0,6.421052631578947
29000,0.0,11.1
29050,0.0,15.333333333333332
29100,0.0,19.18181818181818
29150,0.0,22.695652173913043
29200,0.0,25.916666666666664
29250,0.0,28.88
29300,0.0,31.615384615384617
29350,0.0,34.14814814814815
29400,0.0,36.5
29450,100.0,40.07142857142857
29500,100.0,43.642857142857146
29550,100.0,47.214285714285715
29600,100.0,50.78571428571429
29650,100.0,54.35714285714286
29700,100.0,57.92857142857143
29750,100.0,61.5
29800,100.0,65.07142857142857
29850,100.0,68.64285714285714
29900,100.0,72.21428571428572
29950,100.0,75.78571428571429
30000,100.0,79.35714285714286
30050,100.0,82.92857142857143
30100,100.0,86.5
30150,100.0,90.07142857142857
30200,100.0,93.64285714285714
30250,100.0,97.21428571428572
30300,82.0,1.2222222222222223
30350,0.0,1.0526315789473684
30400,0.0,1.0
30450,0.0,0.9523809523809524
30500,0.0,0.9090909090909091
30550,0.0,0.8695652173913043
30600,0.0,0.8333333333333334
30650,0.0,0.8
30700,0.0,0.7692307692307693
30750,0.0,0.7407407407407408
