250,0.0,80.0
500,0.0,40.0
750,0.0,26.666666666666668
1000,0.0,20.0
1250,0.0,16.0
1500,40.0,14.285714285714285
1750,39.2,57.14285714285714
2000,0.0,33.33333333333333
2250,0.0,23.52941176470588
2500,0.0,18.181818181818183
2750,0.0,14.814814814814813
3000,79.2,100.0
3250,0.0,44.44444444444444
3500,0.0,28.57142857142857
3750,0.0,21.052631578947366
4000,0.0,16.666666666666664
4250,20.0,14.285714285714285
4500,59.199999999999996,66.66666666666666
4750,0.0,36.36363636363637
5000,0.0,25.0
5250,0.0,19.047619047619047
5500,0.0,15.384615384615385
5750,60.0,14.285714285714285
6000,19.2,50.0
6250,0.0,30.76923076923077
6500,0.0,22.22222222222222
6750,0.0,17.391304347826086
7000,0.0,14.285714285714285
7250,79.2,80.0
7500,0.0,40.0
7750,0.0,26.666666666666668
8000,0.0,20.0
8250,0.0,16.0
8500,40.0,14.285714285714285
8750,39.2,57.14285714285714
9000,0.0,33.33333333333333
9250,0.0,23.52941176470588
9500,0.0,18.181818181818183
9750,0.0,14.814814814814813
10000,79.2,100.0
10250,0.0,44.44444444444444
10500,0.0,28.57142857142857
10750,0.0,21.052631578947366
11000,0.0,16.666666666666664
11250,20.0,14.285714285714285
11500,59.199999999999996,66.66666666666666
11750,0.0,36.36363636363637
12000,0.0,25.0
12250,0.0,19.047619047619047
12500,0.0,15.384615384615385
12750,60.0,14.285714285714285
13000,19.2,50.0
13250,0.0,30.76923076923077
13500,0.0,22.22222222222222
13750,0.0,17.391304347826086
14000,0.0,14.285714285714285
14250,79.2,80.0
14500,0.0,40.0
14750,0.0,26.666666666666668
15000,0.0,20.0
15250,0.0,16.0
15500,40.0,14.285714285714285
15750,39.2,57.14285714285714
16000,0.0,33.33333333333333
16250,0.0,23.52941176470588
16500,0.0,18.181818181818183
16750,0.0,14.814814814814813
17000,79.2,100.0
17250,0.0,44.44444444444444
17500,0.0,28.57142857142857
17750,0.0,21.052631578947366
18000,0.0,16.666666666666664
18250,20.0,14.285714285714285
18500,59.199999999999996,66.66666666666666
18750,0.0,36.36363636363637
19000,0.0,25.0
19250,0.0,19.047619047619047
19500,0.0,15.384615384615385
19750,60.0,14.285714285714285
20000,19.2,50.0
20250,0.0,30.76923076923077
20500,0.0,22.22222222222222
20750,0.0,17.391304347826086
21000,0.0,14.285714285714285
21250,79.2,80.0
21500,0.0,40.0
21750,0.0,26.666666666666668
22000,0.0,20.0
22250,0.0,16.0
22500,40.0,14.285714285714285
22750,39.2,57.14285714285714
23000,0.0,33.33333333333333
23250,0.0,23.52941176470588
23500,0.0,18.181818181818183
23750,0.0,14.814814814814813
24000,79.2,100.0
24250,0.0,44.44444444444444
24500,0.0,28.57142857142857
24750,0.0,21.052631578947366
25000,0.0,16.666666666666664
25250,20.0,14.285714285714285
25500,59.199999999999996,66.66666666666666
25750,0.0,36.36363636363637
26000,0.0,25.0
26250,0.0,19.047619047619047
26500,0.0,15.384615384615385
26750,60.0,14.285714285714285
27000,19.2,50.0
27250,0.0,30.76923076923077
27500,0.0,22.22222222222222
27750,0.0,17.391304347826086
28000,0.0,14.285714285714285
28250,79.2,80.0
28500,0.0,40.0
28750,0.0,26.666666666666668
29000,0.0,20.0
29250,0.0,16.0
29500,40.0,14.285714285714285
29750,39.2,57.14285714285714
30000,0.0,33.33333333333333
30250,0.0,23.52941176470588
30500,0.0,18.181818181818183
30750,0.0,14.814814814814813
