250,0.0,100.0
500,0.0,100.0
750,0.0,80.0
1000,0.0,60.0
1250,0.0,48.0
1500,40.0,42.857142857142854
1750,100.0,42.857142857142854
2000,97.6,100.0
2250,0.0,70.58823529411765
2500,0.0,54.54545454545454
2750,0.0,44.44444444444444
3000,80.0,42.857142857142854
3250,100.0,42.857142857142854
3500,57.599999999999994,85.71428571428571
3750,0.0,63.1578947368421
4000,0.0,50.0
4250,20.0,42.857142857142854
4500,100.0,42.857142857142854
4750,100.0,42.857142857142854
5000,17.599999999999998,75.0
5250,0.0,57.14285714285714
5500,0.0,46.15384615384615
5750,60.0,42.857142857142854
6000,100.0,42.857142857142854
6250,77.60000000000001,92.3076923076923
6500,0.0,66.66666666666666
6750,0.0,52.17391304347826
7000,0.0,42.857142857142854
7250,100.0,42.857142857142854
7500,100.0,42.857142857142854
7750,37.6,80.0
8000,0.0,60.0
8250,0.0,48.0
8500,40.0,42.857142857142854
8750,100.0,42.857142857142854
9000,97.6,100.0
9250,0.0,70.58823529411765
9500,0.0,54.54545454545454
9750,0.0,44.44444444444444
10000,80.0,42.857142857142854
10250,100.0,42.857142857142854
10500,57.599999999999994,85.71428571428571
10750,0.0,63.1578947368421
11000,0.0,50.0
11250,20.0,42.857142857142854
11500,100.0,42.857142857142854
11750,100.0,42.857142857142854
12000,17.599999999999998,75.0
12250,0.0,57.14285714285714
12500,0.0,46.15384615384615
12750,60.0,42.857142857142854
13000,100.0,42.857142857142854
13250,77.60000000000001,92.3076923076923
13500,0.0,66.66666666666666
13750,0.0,52.17391304347826
14000,0.0,42.857142857142854
14250,100.0,42.857142857142854
14500,100.0,42.857142857142854
14750,37.6,80.0
15000,0.0,60.0
15250,0.0,48.0
15500,40.0,42.857142857142854
15750,100.0,42.857142857142854
16000,97.6,100.0
16250,0.0,70.58823529411765
16500,0.0,54.54545454545454
16750,0.0,44.44444444444444
17000,80.0,42.857142857142854
17250,100.0,42.857142857142854
17500,57.599999999999994,85.71428571428571
17750,0.0,63.1578947368421
18000,0.0,50.0
18250,20.0,42.857142857142854
18500,100.0,42.857142857142854
18750,100.0,42.857142857142854
19000,17.599999999999998,75.0
19250,0.0,57.14285714285714
19500,0.0,46.15384615384615
19750,60.0,42.857142857142854
20000,100.0,42.857142857142854
20250,77.60000000000001,92.3076923076923
20500,0.0,66.66666666666666
20750,0.0,52.17391304347826
21000,0.0,42.857142857142854
21250,100.0,42.857142857142854
21500,100.0,42.857142857142854
21750,37.6,80.0
22000,0.0,60.0
22250,0.0,48.0
22500,40.0,42.857142857142854
22750,100.0,42.857142857142854
23000,97.6,100.0
23250,0.0,70.58823529411765
23500,0.0,54.54545454545454
23750,0.0,44.44444444444444
24000,80.0,42.857142857142854
24250,100.0,42.857142857142854
24500,57.599999999999994,85.71428571428571
24750,0.0,63.1578947368421
25000,0.0,50.0
25250,20.0,42.857142857142854
25500,100.0,42.857142857142854
25750,100.0,42.857142857142854
26000,17.599999999999998,75.0
26250,0.0,57.14285714285714
26500,0.0,46.15384615384615
26750,60.0,42.857142857142854
27000,100.0,42.857142857142854
27250,77.60000000000001,92.3076923076923
27500,0.0,66.66666666666666
27750,0.0,52.17391304347826
28000,0.0,42.857142857142854
28250,100.0,42.857142857142854
28500,100.0,42.857142857142854
28750,37.6,80.0
29000,0.0,60.0
29250,0.0,48.0
29500,40.0,42.857142857142854
29750,100.0,42.857142857142854
30000,97.6,100.0
30250,0.0,70.58823529411765
30500,0.0,54.54545454545454
30750,0.0,44.44444444444444
