250,0.0,100.0
500,0.0,100.0
750,0.0,100.0
1000,0.0,90.0
1250,0.0,72.0
1500,40.0,64.28571428571429
1750,100.0,64.28571428571429
2000,100.0,64.28571428571429
2250,100.0,64.28571428571429
2500,16.400000000000002,81.81818181818183
2750,0.0,66.66666666666666
3000,80.0,64.28571428571429
3250,100.0,64.28571428571429
3500,100.0,64.28571428571429
3750,76.4,94.73684210526315
4000,0.0,75.0
4250,20.0,64.28571428571429
4500,100.0,64.28571428571429
4750,100.0,64.28571428571429
5000,100.0,64.28571428571429
5250,36.4,85.71428571428571
5500,0.0,69.23076923076923
5750,60.0,64.28571428571429
6000,100.0,64.28571428571429
6250,100.0,64.28571428571429
6500,96.39999999999999,100.0
6750,0.0,78.26086956521739
7000,0.0,64.28571428571429
7250,100.0,64.28571428571429
7500,100.0,64.28571428571429
7750,100.0,64.28571428571429
8000,56.39999999999999,90.0
8250,0.0,72.0
8500,40.0,64.28571428571429
8750,100.0,64.28571428571429
9000,100.0,64.28571428571429
9250,100.0,64.28571428571429
9500,16.400000000000002,81.81818181818183
9750,0.0,66.66666666666666
10000,80.0,64.28571428571429
10250,100.0,64.28571428571429
10500,100.0,64.28571428571429
10750,76.4,94.73684210526315
11000,0.0,75.0
11250,20.0,64.28571428571429
11500,100.0,64.28571428571429
11750,100.0,64.28571428571429
12000,100.0,64.28571428571429
12250,36.4,85.71428571428571
12500,0.0,69.23076923076923
12750,60.0,64.28571428571429
13000,100.0,64.28571428571429
13250,100.0,64.28571428571429
13500,96.39999999999999,100.0
13750,0.0,78.26086956521739
14000,0.0,64.28571428571429
14250,100.0,64.28571428571429
14500,100.0,64.28571428571429
14750,100.0,64.28571428571429
15000,56.39999999999999,90.0
15250,0.0,72.0
15500,40.0,64.28571428571429
15750,100.0,64.28571428571429
16000,100.0,64.28571428571429
16250,100.0,64.28571428571429
16500,16.400000000000002,81.81818181818183
16750,0.0,66.66666666666666
17000,80.0,64.28571428571429
17250,100.0,64.28571428571429
17500,100.0,64.28571428571429
17750,76.4,94.73684210526315
18000,0.0,75.0
18250,20.0,64.28571428571429
18500,100.0,64.28571428571429
18750,100.0,64.28571428571429
19000,100.0,64.28571428571429
19250,36.4,85.71428571428571
19500,0.0,69.23076923076923
19750,60.0,64.28571428571429
20000,100.0,64.28571428571429
20250,100.0,64.28571428571429
20500,96.39999999999999,100.0
20750,0.0,78.26086956521739
21000,0.0,64.28571428571429
21250,100.0,64.28571428571429
21500,100.0,64.28571428571429
21750,100.0,64.28571428571429
22000,56.39999999999999,90.0
22250,0.0,72.0
22500,40.0,64.28571428571429
22750,100.0,64.28571428571429
23000,100.0,64.28571428571429
23250,100.0,64.28571428571429
23500,16.400000000000002,81.81818181818183
23750,0.0,66.66666666666666
24000,80.0,64.28571428571429
24250,100.0,64.28571428571429
24500,100.0,64.28571428571429
24750,76.4,94.73684210526315
25000,0.0,75.0
25250,20.0,64.28571428571429
25500,100.0,64.28571428571429
25750,100.0,64.28571428571429
26000,100.0,64.28571428571429
26250,36.4,85.71428571428571
26500,0.0,69.23076923076923
26750,60.0,64.28571428571429
27000,100.0,64.28571428571429
27250,100.0,64.28571428571429
27500,96.39999999999999,100.0
27750,0.0,78.26086956521739
28000,0.0,64.28571428571429
28250,100.0,64.28571428571429
28500,100.0,64.28571428571429
28750,100.0,64.28571428571429
29000,56.39999999999999,90.0
29250,0.0,72.0
29500,40.0,64.28571428571429
29750,100.0,64.28571428571429
30000,100.0,64.28571428571429
30250,100.0,64.28571428571429
30500,16.400000000000002,81.81818181818183
30750,0.0,66.66666666666666
