250,0.0,24.0
500,0.0,12.0
750,0.0,8.0
1000,0.0,6.0
1250,0.0,4.8
1500,23.200000000000003,60.0
1750,0.0,17.142857142857142
2000,0.0,10.0
2250,0.0,7.0588235294117645
2500,0.0,5.454545454545454
2750,0.0,4.444444444444445
3000,23.200000000000003,30.0
3250,0.0,13.333333333333334
3500,0.0,8.571428571428571
3750,0.0,6.315789473684211
4000,0.0,5.0
4250,20.0,4.285714285714286
4500,3.2,20.0
4750,0.0,10.909090909090908
5000,0.0,7.5
5250,0.0,5.714285714285714
5500,0.0,4.615384615384616
5750,23.200000000000003,40.0
6000,0.0,15.0
6250,0.0,9.230769230769232
6500,0.0,6.666666666666667
6750,0.0,5.217391304347826
7000,0.0,4.285714285714286
7250,23.200000000000003,24.0
7500,0.0,12.0
7750,0.0,8.0
8000,0.0,6.0
8250,0.0,4.8
8500,23.200000000000003,60.0
8750,0.0,17.142857142857142
9000,0.0,10.0
9250,0.0,7.0588235294117645
9500,0.0,5.454545454545454
9750,0.0,4.444444444444445
10000,23.200000000000003,30.0
10250,0.0,13.333333333333334
10500,0.0,8.571428571428571
10750,0.0,6.315789473684211
11000,0.0,5.0
11250,20.0,4.285714285714286
11500,3.2,20.0
11750,0.0,10.909090909090908
12000,0.0,7.5
12250,0.0,5.714285714285714
12500,0.0,4.615384615384616
12750,23.200000000000003,40.0
13000,0.0,15.0
13250,0.0,9.230769230769232
13500,0.0,6.666666666666667
13750,0.0,5.217391304347826
14000,0.0,4.285714285714286
14250,23.200000000000003,24.0
14500,0.0,12.0
14750,0.0,8.0
15000,0.0,6.0
15250,0.0,4.8
15500,23.200000000000003,60.0
15750,0.0,17.142857142857142
16000,0.0,10.0
16250,0.0,7.0588235294117645
16500,0.0,5.454545454545454
16750,0.0,4.444444444444445
17000,23.200000000000003,30.0
17250,0.0,13.333333333333334
17500,0.0,8.571428571428571
17750,0.0,6.315789473684211
18000,0.0,5.0
18250,20.0,4.285714285714286
18500,3.2,20.0
18750,0.0,10.909090909090908
19000,0.0,7.5
19250,0.0,5.714285714285714
19500,0.0,4.615384615384616
19750,23.200000000000003,40.0
20000,0.0,15.0
20250,0.0,9.230769230769232
20500,0.0,6.666666666666667
20750,0.0,5.217391304347826
21000,0.0,4.285714285714286
21250,23.200000000000003,24.0
21500,0.0,12.0
21750,0.0,8.0
22000,0.0,6.0
22250,0.0,4.8
22500,23.200000000000003,60.0
22750,0.0,17.142857142857142
23000,0.0,10.0
23250,0.0,7.0588235294117645
23500,0.0,5.454545454545454
23750,0.0,4.444444444444445
24000,23.200000000000003,30.0
24250,0.0,13.333333333333334
24500,0.0,8.571428571428571
24750,0.0,6.315789473684211
25000,0.0,5.0
25250,20.0,4.285714285714286
25500,3.2,20.0
25750,0.0,10.909090909090908
26000,0.0,7.5
26250,0.0,5.714285714285714
26500,0.0,4.615384615384616
26750,23.200000000000003,40.0
27000,0.0,15.0
27250,0.0,9.230769230769232
27500,0.0,6.666666666666667
27750,0.0,5.217391304347826
28000,0.0,4.285714285714286
28250,23.200000000000003,24.0
28500,0.0,12.0
28750,0.0,8.0
29000,0.0,6.0
29250,0.0,4.8
29500,23.200000000000003,60.0
29750,0.0,17.142857142857142
30000,0.0,10.0
30250,0.0,7.0588235294117645
30500,0.0,5.454545454545454
30750,0.0,4.444444444444445
