250,0.0
500,0.0
750,0.0
1000,0.0
1250,0.0
1500,0.0
1750,0.0
2000,0.0
2250,2.0
2500,0.0
2750,0.0
3000,0.0
3250,0.0
3500,0.0
3750,0.0
4000,0.0
4250,2.0
4500,0.0
4750,0.0
5000,0.0
5250,0.0
5500,0.0
5750,0.0
6000,0.0
6250,2.0
6500,0.0
6750,0.0
7000,0.0
7250,0.0
7500,0.0
7750,0.0
8000,0.0
8250,2.0
8500,0.0
8750,0.0
9000,0.0
9250,0.0
9500,0.0
9750,0.0
10000,0.0
10250,2.0
10500,0.0
10750,0.0
11000,0.0
11250,0.0
11500,0.0
11750,0.0
12000,0.0
12250,2.0
12500,0.0
12750,0.0
13000,0.0
13250,0.0
13500,0.0
13750,0.0
14000,0.0
14250,2.0
14500,0.0
14750,0.0
15000,0.0
15250,0.0
15500,0.0
15750,0.0
16000,0.0
16250,2.0
16500,0.0
16750,0.0
17000,0.0
17250,0.0
17500,0.0
17750,0.0
18000,0.0
18250,2.0
18500,0.0
18750,0.0
19000,0.0
19250,0.0
19500,0.0
19750,0.0
20000,0.0
20250,2.0
20500,0.0
20750,0.0
21000,0.0
21250,0.0
21500,0.0
21750,0.0
22000,0.0
22250,2.0
22500,0.0
22750,0.0
23000,0.0
23250,0.0
23500,0.0
23750,0.0
24000,0.0
24250,2.0
24500,0.0
24750,0.0
25000,0.0
25250,0.0
25500,0.0
25750,0.0
26000,0.0
26250,2.0
26500,0.0
26750,0.0
27000,0.0
27250,0.0
27500,0.0
27750,0.0
28000,0.0
28250,2.0
28500,0.0
28750,0.0
29000,0.0
29250,0.0
29500,0.0
29750,0.0
30000,0.0
30250,2.0
30500,0.0
30750,0.0
31000,0.0
31250,0.0
31500,0.0
31750,0.0
32000,0.0
32250,2.0
32500,0.0
32750,0.0
33000,0.0
33250,0.0
33500,0.0
33750,0.0
34000,0.0
34250,2.0
34500,0.0
34750,0.0
35000,0.0
35250,0.0
35500,0.0
35750,0.0
36000,0.0
36250,2.0
36500,0.0
36750,0.0
37000,0.0
37250,0.0
37500,0.0
37750,0.0
38000,0.0
38250,2.0
38500,0.0
38750,0.0
39000,0.0
39250,0.0
39500,0.0
39750,0.0
40000,0.0
40250,2.0
40500,0.0
40750,0.0
41000,0.0
41250,0.0
41500,0.0
41750,0.0
42000,0.0
42250,2.0
42500,0.0
42750,0.0
43000,0.0
43250,0.0
43500,0.0
43750,0.0
44000,0.0
44250,2.0
44500,0.0
44750,0.0
45000,0.0
45250,0.0
45500,0.0
45750,0.0
46000,0.0
46250,2.0
46500,0.0
46750,0.0
47000,0.0
47250,0.0
47500,0.0
47750,0.0
48000,0.0
48250,2.0
48500,0.0
48750,0.0
49000,0.0
49250,0.0
49500,0.0
49750,0.0
50000,0.0
50250,2.0
50500,0.0
50750,0.0
51000,0.0
51250,0.0
51500,0.0
51750,0.0
52000,0.0
52250,43.6
52500,88.0
52750,100.0
53000,80.4
53250,100.0
53500,92.0
53750,18.0
54000,43.2
54250,92.80000000000001
54500,48.8
54750,16.8
55000,12.8
55250,63.2
55500,52.400000000000006
55750,51.6
56000,16.400000000000002
56250,4.0
56500,46.0
56750,74.0
57000,93.60000000000001
57250,72.0
57500,46.400000000000006
57750,53.6
58000,72.39999999999999
58250,40.8
58500,29.2
58750,73.2
59000,17.2
59250,34.4
59500,45.6
59750,12.0
60000,57.599999999999994
60250,72.0
60500,66.4
60750,80.0
61000,85.6
61250,67.2
61500,55.2
61750,75.2
62000,51.6
62250,31.6
62500,51.6
62750,74.0
63000,73.6
63250,71.2
63500,84.8
63750,80.80000000000001
64000,89.2
64250,67.60000000000001
64500,53.6
64750,78.8
65000,84.8
65250,82.8
65500,80.0
65750,86.4
66000,93.60000000000001
66250,96.8
66500,91.2
66750,97.2
67000,83.6
67250,92.80000000000001
67500,72.8
67750,76.8
68000,83.6
68250,82.8
68500,89.60000000000001
68750,61.6
69000,59.199999999999996
69250,50.4
69500,84.8
69750,93.60000000000001
70000,84.0
70250,73.6
70500,92.4
70750,88.8
71000,72.39999999999999
71250,66.4
71500,75.2
71750,50.0
72000,91.2
72250,81.6
72500,80.4
72750,95.19999999999999
73000,99.2
73250,98.4
73500,96.0
73750,100.0
74000,93.60000000000001
74250,96.0
74500,88.8
74750,77.2
75000,71.2
75250,77.2
75500,76.4
75750,63.2
76000,83.2
76250,94.39999999999999
76500,82.39999999999999
76750,84.0
77000,92.4
77250,72.8
77500,27.6
77750,80.4
78000,57.599999999999994
78250,80.0
78500,86.0
78750,88.8
79000,76.0
79250,73.2
79500,55.2
79750,84.8
80000,94.39999999999999
80250,88.8
80500,95.19999999999999
80750,97.6
81000,84.0
81250,66.0
81500,53.6
81750,55.2
82000,72.8
82250,61.199999999999996
82500,85.2
82750,88.8
83000,76.0
83250,94.39999999999999
83500,84.0
83750,97.6
84000,82.0
84250,96.8
84500,70.0
84750,77.2
85000,94.0
85250,100.0
85500,90.8
85750,56.8
86000,85.6
86250,92.0
86500,92.80000000000001
86750,93.2
87000,93.2
87250,60.4
87500,81.2
87750,70.39999999999999
88000,74.8
88250,82.39999999999999
88500,97.6
88750,99.2
89000,76.0
89250,92.0
89500,96.8
89750,89.2
90000,78.0
90250,84.0
90500,94.0
90750,61.6
91000,85.6
91250,63.2
91500,94.39999999999999
91750,96.0
92000,73.6
92250,84.8
92500,85.6
92750,96.0
93000,49.6
93250,88.0
93500,80.0
93750,97.6
94000,76.8
94250,79.2
94500,65.60000000000001
94750,83.6
95000,94.39999999999999
95250,94.39999999999999
95500,92.0
95750,96.0
96000,68.8
96250,72.0
96500,96.8
96750,81.2
97000,90.0
97250,77.2
97500,97.2
97750,100.0
98000,98.4
98250,57.99999999999999
98500,60.0
98750,82.8
99000,82.0
99250,88.4
99500,96.8
99750,97.6
100000,100.0
100250,99.2
100500,100.0
100750,100.0
101000,99.2
101250,99.2
101500,98.4
101750,99.2
102000,100.0
102250,99.2
102500,76.4
102750,90.4
103000,95.19999999999999
103250,100.0
103500,99.2
103750,99.2
104000,99.2
104250,98.4
104500,100.0
104750,100.0
105000,99.2
105250,100.0
105500,100.0
105750,100.0
106000,98.4
106250,96.8
106500,86.8
106750,96.8
107000,96.0
107250,86.8
107500,78.8
107750,91.2
108000,99.2
108250,99.2
108500,98.4
108750,91.60000000000001
109000,100.0
109250,100.0
109500,99.2
109750,100.0
110000,98.0
110250,100.0
110500,100.0
110750,96.8
111000,99.2
111250,97.6
111500,100.0
111750,99.2
112000,96.8
112250,99.2
112500,100.0
112750,100.0
113000,100.0
113250,95.19999999999999
113500,85.6
113750,62.4
114000,70.39999999999999
114250,82.0
114500,95.19999999999999
114750,100.0
115000,94.39999999999999
115250,91.2
115500,83.6
115750,84.8
116000,95.19999999999999
116250,92.4
116500,92.0
116750,98.4
117000,97.6
117250,100.0
117500,100.0
117750,98.4
118000,100.0
118250,100.0
118500,98.4
118750,100.0
119000,100.0
119250,100.0
119500,100.0
119750,97.6
120000,95.19999999999999
120250,100.0
120500,96.0
120750,100.0
121000,99.2
121250,89.60000000000001
121500,75.2
121750,92.80000000000001
122000,90.4
122250,98.4
122500,72.39999999999999
122750,85.2
123000,88.0
123250,99.2
123500,95.6
123750,100.0
124000,85.6
124250,95.19999999999999
124500,99.2
124750,95.19999999999999
125000,93.60000000000001
125250,99.2
125500,100.0
125750,100.0
126000,97.6
126250,100.0
126500,100.0
126750,100.0
127000,98.4
127250,100.0
127500,80.0
127750,76.4
128000,77.2
128250,98.4
128500,82.39999999999999
128750,99.2
129000,98.4
129250,99.2
129500,96.0
129750,100.0
130000,85.6
130250,96.39999999999999
130500,99.2
130750,100.0
131000,77.60000000000001
131250,62.8
131500,62.8
131750,64.8
132000,54.400000000000006
132250,84.8
132500,64.8
132750,68.0
133000,92.0
133250,82.39999999999999
133500,84.0
133750,82.8
134000,92.0
134250,92.0
134500,92.80000000000001
134750,92.0
135000,93.60000000000001
135250,71.2
135500,88.4
135750,73.6
136000,87.2
136250,83.2
136500,68.0
136750,92.80000000000001
137000,92.4
137250,78.4
137500,72.39999999999999
137750,90.4
138000,89.60000000000001
138250,87.2
138500,89.60000000000001
138750,96.0
139000,94.0
139250,93.2
139500,92.80000000000001
139750,88.0
140000,93.60000000000001
140250,74.8
140500,72.0
140750,67.2
141000,66.0
141250,61.6
141500,84.0
141750,78.4
142000,89.2
142250,78.8
142500,62.0
142750,53.2
143000,61.199999999999996
143250,72.39999999999999
143500,60.0
143750,75.6
144000,91.2
144250,70.39999999999999
144500,79.60000000000001
144750,84.8
145000,68.8
145250,63.6
145500,63.2
145750,98.4
146000,87.6
146250,80.0
146500,81.6
146750,91.2
147000,88.8
147250,95.19999999999999
147500,83.6
147750,85.2
148000,93.60000000000001
148250,92.0
148500,94.39999999999999
148750,90.8
149000,72.0
149250,90.0
149500,96.8
149750,99.2
150000,77.2
150250,82.39999999999999
150500,83.6
150750,80.0
151000,75.2
151250,82.8
151500,80.4
151750,78.4
152000,81.6
152250,82.39999999999999
152500,83.2
152750,97.6
153000,85.6
153250,80.0
153500,88.0
153750,94.0
154000,88.4
154250,86.4
154500,95.19999999999999
154750,96.8
155000,100.0
155250,79.60000000000001
155500,87.2
155750,86.4
156000,61.6
156250,63.6
156500,64.4
156750,63.2
157000,84.0
157250,39.6
157500,65.60000000000001
157750,76.8
158000,89.60000000000001
158250,49.2
158500,72.8
158750,84.8
159000,61.199999999999996
159250,92.4
159500,95.19999999999999
159750,92.0
160000,71.2
160250,82.39999999999999
160500,83.6
160750,80.4
161000,90.4
161250,96.39999999999999
161500,79.60000000000001
161750,88.8
162000,81.6
162250,68.8
162500,77.2
162750,78.4
163000,77.60000000000001
163250,77.60000000000001
163500,89.60000000000001
163750,95.19999999999999
164000,99.2
164250,99.2
164500,97.6
164750,90.8
165000,93.60000000000001
165250,84.0
165500,91.2
165750,90.8
166000,90.0
166250,77.2
166500,88.4
166750,92.0
167000,75.6
167250,94.8
167500,92.4
167750,77.60000000000001
168000,76.8
168250,54.800000000000004
168500,78.4
168750,79.2
169000,90.4
169250,96.8
169500,99.2
169750,96.8
170000,92.0
170250,88.8
170500,99.2
170750,90.4
171000,92.4
171250,91.60000000000001
171500,91.2
171750,91.60000000000001
172000,87.2
172250,85.6
172500,88.8
172750,98.4
173000,86.8
173250,76.0
173500,72.0
173750,74.8
174000,96.8
174250,57.199999999999996
174500,36.8
174750,45.6
175000,50.8
175250,68.4
175500,91.60000000000001
175750,92.80000000000001
176000,96.8
176250,91.60000000000001
176500,93.2
176750,99.2
177000,70.8
177250,30.4
177500,38.4
177750,48.0
178000,69.6
178250,62.0
178500,68.8
178750,39.2
179000,37.2
179250,73.2
179500,61.199999999999996
179750,56.00000000000001
180000,57.99999999999999
180250,58.8
180500,78.8
180750,41.199999999999996
181000,47.599999999999994
181250,73.2
181500,9.2
181750,23.599999999999998
182000,23.599999999999998
182250,56.00000000000001
182500,16.400000000000002
182750,46.800000000000004
183000,22.400000000000002
183250,29.599999999999998
183500,69.6
183750,68.8
184000,87.6
184250,48.4
184500,30.0
184750,63.2
185000,50.8
185250,39.2
185500,87.6
185750,84.0
