250,0.0
500,0.0
750,0.0
1000,0.0
1250,0.0
1500,0.0
1750,0.0
2000,0.0
2250,2.8000000000000003
2500,0.0
2750,0.0
3000,0.0
3250,0.0
3500,0.0
3750,0.0
4000,0.0
4250,2.8000000000000003
4500,0.0
4750,0.0
5000,0.0
5250,0.0
5500,0.0
5750,0.0
6000,0.0
6250,2.8000000000000003
6500,0.0
6750,0.0
7000,0.0
7250,0.0
7500,0.0
7750,0.0
8000,0.0
8250,2.8000000000000003
8500,0.0
8750,0.0
9000,0.0
9250,0.0
9500,0.0
9750,0.0
10000,0.0
10250,2.8000000000000003
10500,0.0
10750,0.0
11000,0.0
11250,0.0
11500,0.0
11750,0.0
12000,0.0
12250,2.8000000000000003
12500,0.0
12750,0.0
13000,0.0
13250,0.0
13500,0.0
13750,0.0
14000,0.0
14250,2.8000000000000003
14500,0.0
14750,0.0
15000,0.0
15250,0.0
15500,0.0
15750,0.0
16000,0.0
16250,2.8000000000000003
16500,0.0
16750,0.0
17000,0.0
17250,0.0
17500,0.0
17750,0.0
18000,0.0
18250,2.8000000000000003
18500,0.0
18750,0.0
19000,0.0
19250,0.0
19500,0.0
19750,0.0
20000,0.0
20250,2.8000000000000003
20500,0.0
20750,0.0
21000,0.0
21250,0.0
21500,0.0
21750,0.0
22000,0.0
22250,2.8000000000000003
22500,0.0
22750,0.0
23000,0.0
23250,0.0
23500,0.0
23750,0.0
24000,0.0
24250,2.8000000000000003
24500,0.0
24750,0.0
25000,0.0
25250,0.0
25500,0.0
25750,0.0
26000,0.0
26250,2.8000000000000003
26500,0.0
26750,0.0
27000,0.0
27250,0.0
27500,0.0
27750,0.0
28000,0.0
28250,2.8000000000000003
28500,0.0
28750,0.0
29000,0.0
29250,0.0
29500,0.0
29750,0.0
30000,0.0
30250,2.8000000000000003
30500,0.0
30750,0.0
31000,0.0
31250,0.0
31500,0.0
31750,0.0
32000,0.0
32250,2.8000000000000003
32500,0.0
32750,0.0
33000,0.0
33250,0.0
33500,0.0
33750,0.0
34000,0.0
34250,2.8000000000000003
34500,0.0
34750,0.0
35000,0.0
35250,0.0
35500,0.0
35750,0.0
36000,0.0
36250,2.8000000000000003
36500,0.0
36750,0.0
37000,0.0
37250,0.0
37500,0.0
37750,0.0
38000,0.0
38250,2.8000000000000003
38500,0.0
38750,0.0
39000,0.0
39250,0.0
39500,0.0
39750,0.0
40000,0.0
40250,2.8000000000000003
40500,0.0
40750,0.0
41000,0.0
41250,0.0
41500,0.0
41750,0.0
42000,0.0
42250,2.8000000000000003
42500,0.0
42750,0.0
43000,0.0
43250,0.0
43500,0.0
43750,0.0
44000,0.0
44250,2.8000000000000003
44500,0.0
44750,0.0
45000,0.0
45250,0.0
45500,0.0
45750,0.0
46000,0.0
46250,2.8000000000000003
46500,0.0
46750,0.0
47000,0.0
47250,0.0
47500,0.0
47750,0.0
48000,0.0
48250,2.8000000000000003
48500,0.0
48750,0.0
49000,0.0
49250,0.0
49500,0.0
49750,0.0
50000,0.0
50250,2.8000000000000003
50500,0.0
50750,0.0
51000,0.0
51250,0.0
51500,0.0
51750,0.0
52000,0.0
52250,44.4
52500,88.0
52750,100.0
53000,80.4
53250,100.0
53500,92.0
53750,18.0
54000,43.2
54250,92.80000000000001
54500,48.8
54750,44.800000000000004
55000,34.8
55250,64.0
55500,53.2
55750,51.6
56000,16.400000000000002
56250,4.0
56500,46.0
56750,75.6
57000,93.60000000000001
57250,72.0
57500,48.8
57750,54.400000000000006
58000,73.2
58250,41.6
58500,30.8
58750,83.6
59000,31.6
59250,34.4
59500,58.8
59750,28.4
60000,67.2
60250,84.0
60500,76.0
60750,98.4
61000,92.80000000000001
61250,68.8
61500,57.199999999999996
61750,84.0
62000,59.599999999999994
62250,33.6
62500,59.599999999999994
62750,74.0
63000,75.2
63250,72.0
63500,85.6
63750,81.6
64000,89.60000000000001
64250,68.4
64500,59.599999999999994
64750,93.60000000000001
65000,89.60000000000001
65250,97.2
65500,84.39999999999999
65750,87.2
66000,98.4
66250,98.4
66500,92.0
66750,99.2
67000,95.19999999999999
67250,98.4
67500,73.6
67750,84.39999999999999
68000,84.0
68250,83.6
68500,92.0
68750,98.4
69000,81.6
69250,68.8
69500,95.19999999999999
69750,96.8
70000,86.8
70250,75.2
70500,98.0
70750,95.6
71000,76.8
71250,76.8
71500,77.60000000000001
71750,54.400000000000006
72000,91.2
72250,81.6
72500,82.0
72750,96.0
73000,99.2
73250,98.4
73500,98.4
73750,100.0
74000,94.39999999999999
74250,96.0
74500,92.80000000000001
74750,78.0
75000,83.2
75250,96.8
75500,78.4
75750,83.2
76000,94.39999999999999
76250,98.4
76500,84.8
76750,88.0
77000,92.4
77250,73.6
77500,27.6
77750,84.39999999999999
78000,57.599999999999994
78250,80.80000000000001
78500,96.8
78750,96.39999999999999
79000,88.8
79250,94.8
79500,63.2
79750,94.39999999999999
80000,96.0
80250,98.4
80500,97.6
80750,97.6
81000,84.0
81250,83.6
81500,69.6
81750,80.0
82000,84.0
82250,69.19999999999999
82500,86.8
82750,90.4
83000,76.8
83250,96.0
83500,84.8
83750,97.6
84000,86.0
84250,98.8
84500,71.2
84750,77.2
85000,94.8
85250,100.0
85500,91.2
85750,66.4
86000,92.80000000000001
86250,92.80000000000001
86500,99.2
86750,95.6
87000,94.0
87250,82.8
87500,90.0
87750,88.8
88000,90.0
88250,100.0
88500,99.2
88750,100.0
89000,100.0
89250,98.4
89500,100.0
89750,90.4
90000,92.80000000000001
90250,98.4
90500,96.8
90750,71.6
91000,87.2
91250,66.8
91500,94.39999999999999
91750,96.0
92000,92.80000000000001
92250,88.8
92500,86.4
92750,96.0
93000,49.6
93250,88.0
93500,80.80000000000001
93750,97.6
94000,97.6
94250,99.2
94500,99.2
94750,99.2
95000,97.6
95250,97.6
95500,95.19999999999999
95750,96.8
96000,71.2
96250,72.0
96500,99.2
96750,89.60000000000001
97000,92.0
97250,77.2
97500,97.2
97750,100.0
98000,98.4
98250,61.199999999999996
98500,66.4
98750,85.2
99000,82.0
99250,90.8
99500,98.4
99750,98.4
100000,100.0
100250,99.2
100500,100.0
100750,100.0
101000,99.2
101250,99.2
101500,98.4
101750,99.2
102000,100.0
102250,100.0
102500,77.2
102750,91.2
103000,95.19999999999999
103250,100.0
103500,99.2
103750,99.2
104000,99.2
104250,98.4
104500,100.0
104750,100.0
105000,99.2
105250,100.0
105500,100.0
105750,100.0
106000,98.4
106250,100.0
106500,96.0
106750,99.6
107000,100.0
107250,90.4
107500,85.2
107750,91.2
108000,99.2
108250,100.0
108500,99.2
108750,100.0
109000,100.0
109250,100.0
109500,100.0
109750,100.0
110000,98.0
110250,100.0
110500,100.0
110750,97.6
111000,100.0
111250,100.0
111500,100.0
111750,100.0
112000,96.8
112250,100.0
112500,100.0
112750,100.0
113000,100.0
113250,98.4
113500,92.0
113750,67.2
114000,75.2
114250,83.6
114500,97.6
114750,100.0
115000,95.19999999999999
115250,92.80000000000001
115500,88.4
115750,86.0
116000,100.0
116250,100.0
116500,100.0
116750,100.0
117000,99.2
117250,100.0
117500,100.0
117750,100.0
118000,100.0
118250,100.0
118500,100.0
118750,100.0
119000,100.0
119250,100.0
119500,100.0
119750,99.2
120000,100.0
120250,100.0
120500,100.0
120750,100.0
121000,100.0
121250,100.0
121500,100.0
121750,95.19999999999999
122000,96.0
122250,99.2
122500,86.4
122750,95.19999999999999
123000,96.0
123250,100.0
123500,98.0
123750,100.0
124000,100.0
124250,95.19999999999999
124500,100.0
124750,96.8
125000,98.4
125250,100.0
125500,100.0
125750,100.0
126000,100.0
126250,100.0
126500,100.0
126750,100.0
127000,99.2
127250,100.0
127500,80.0
127750,78.0
128000,82.0
128250,100.0
128500,82.39999999999999
128750,99.2
129000,98.8
129250,100.0
129500,100.0
129750,100.0
130000,92.0
130250,98.4
130500,100.0
130750,100.0
131000,82.8
131250,76.8
131500,66.4
131750,71.2
132000,56.8
132250,86.4
132500,66.4
132750,69.6
133000,92.80000000000001
133250,82.39999999999999
133500,84.0
133750,83.2
134000,96.8
134250,97.6
134500,93.60000000000001
134750,92.80000000000001
135000,94.39999999999999
135250,76.0
135500,92.80000000000001
135750,73.6
136000,93.60000000000001
136250,90.4
136500,78.4
136750,96.0
137000,100.0
137250,92.80000000000001
137500,88.8
137750,94.0
138000,92.80000000000001
138250,96.8
138500,92.80000000000001
138750,98.4
139000,98.8
139250,96.39999999999999
139500,97.6
139750,94.39999999999999
140000,96.8
140250,89.2
140500,79.60000000000001
140750,81.6
141000,94.0
141250,87.2
141500,97.6
141750,92.80000000000001
142000,94.0
142250,85.6
142500,73.6
142750,64.4
143000,64.0
143250,76.4
143500,60.0
143750,82.0
144000,92.80000000000001
144250,84.0
144500,91.60000000000001
144750,97.6
145000,94.0
145250,79.2
145500,79.2
145750,100.0
146000,90.0
146250,80.80000000000001
146500,82.39999999999999
146750,95.19999999999999
147000,89.60000000000001
147250,96.0
147500,88.0
147750,90.4
148000,94.39999999999999
148250,92.0
148500,96.0
148750,91.60000000000001
149000,72.8
149250,90.0
149500,96.8
149750,99.2
150000,82.8
150250,84.8
150500,85.2
150750,84.0
151000,88.0
151250,96.8
151500,96.8
151750,90.4
152000,99.2
152250,97.6
152500,88.0
152750,100.0
153000,92.0
153250,98.4
153500,97.6
153750,98.4
154000,99.2
154250,97.6
154500,100.0
154750,99.2
155000,100.0
155250,80.4
155500,91.2
155750,91.2
156000,70.0
156250,90.4
156500,79.60000000000001
156750,80.4
157000,96.8
157250,46.800000000000004
157500,75.2
157750,83.2
158000,96.8
158250,54.800000000000004
158500,76.4
158750,84.8
159000,70.8
159250,93.2
159500,96.0
159750,92.0
160000,72.8
160250,83.2
160500,83.6
160750,81.2
161000,90.4
161250,96.39999999999999
161500,79.60000000000001
161750,99.2
162000,92.80000000000001
162250,97.6
162500,94.39999999999999
162750,94.39999999999999
163000,80.0
163250,82.39999999999999
163500,92.0
163750,96.8
164000,99.2
164250,99.2
164500,97.6
164750,94.8
165000,95.19999999999999
165250,84.0
165500,91.2
165750,90.8
166000,92.4
166250,83.6
166500,91.2
166750,94.8
167000,77.2
167250,94.8
167500,95.19999999999999
167750,79.2
168000,83.2
168250,60.8
168500,80.0
168750,79.60000000000001
169000,92.80000000000001
169250,99.2
169500,100.0
169750,98.4
170000,100.0
170250,96.8
170500,100.0
170750,94.39999999999999
171000,99.6
171250,96.39999999999999
171500,100.0
171750,98.8
172000,90.0
172250,86.4
172500,90.4
172750,99.2
173000,96.39999999999999
173250,83.6
173500,86.8
173750,94.8
174000,99.2
174250,57.99999999999999
174500,36.8
174750,53.2
175000,66.4
175250,68.4
175500,93.60000000000001
175750,98.4
176000,99.2
176250,94.0
176500,95.6
176750,100.0
177000,85.2
177250,46.400000000000006
177500,48.8
177750,63.2
178000,72.0
178250,63.6
178500,70.39999999999999
178750,40.0
179000,50.0
179250,74.8
179500,62.0
179750,59.599999999999994
180000,78.4
180250,60.0
180500,80.4
180750,47.199999999999996
181000,47.599999999999994
181250,73.2
181500,11.600000000000001
181750,26.0
182000,23.599999999999998
182250,56.8
182500,17.2
182750,49.2
183000,24.8
183250,30.4
183500,70.0
183750,68.8
184000,87.6
184250,49.2
184500,58.4
184750,72.8
185000,61.199999999999996
185250,42.0
185500,92.4
185750,84.0
