250,0.0
500,0.0
750,0.0
1000,0.0
1250,0.0
1500,0.0
1750,0.0
2000,0.0
2250,3.5999999999999996
2500,0.0
2750,0.0
3000,0.0
3250,0.0
3500,0.0
3750,0.0
4000,0.0
4250,3.5999999999999996
4500,0.0
4750,0.0
5000,0.0
5250,0.0
5500,0.0
5750,0.0
6000,0.0
6250,3.5999999999999996
6500,0.0
6750,0.0
7000,0.0
7250,0.0
7500,0.0
7750,0.0
8000,0.0
8250,3.5999999999999996
8500,0.0
8750,0.0
9000,0.0
9250,0.0
9500,0.0
9750,0.0
10000,0.0
10250,3.5999999999999996
10500,0.0
10750,0.0
11000,0.0
11250,0.0
11500,0.0
11750,0.0
12000,0.0
12250,3.5999999999999996
12500,0.0
12750,0.0
13000,0.0
13250,0.0
13500,0.0
13750,0.0
14000,0.0
14250,3.5999999999999996
14500,0.0
14750,0.0
15000,0.0
15250,0.0
15500,0.0
15750,0.0
16000,0.0
16250,3.5999999999999996
16500,0.0
16750,0.0
17000,0.0
17250,0.0
17500,0.0
17750,0.0
18000,0.0
18250,3.5999999999999996
18500,0.0
18750,0.0
19000,0.0
19250,0.0
19500,0.0
19750,0.0
20000,0.0
20250,3.5999999999999996
20500,0.0
20750,0.0
21000,0.0
21250,0.0
21500,0.0
21750,0.0
22000,0.0
22250,3.5999999999999996
22500,0.0
22750,0.0
23000,0.0
23250,0.0
23500,0.0
23750,0.0
24000,0.0
24250,3.5999999999999996
24500,0.0
24750,0.0
25000,0.0
25250,0.0
25500,0.0
25750,0.0
26000,0.0
26250,3.5999999999999996
26500,0.0
26750,0.0
27000,0.0
27250,0.0
27500,0.0
27750,0.0
28000,0.0
28250,3.5999999999999996
28500,0.0
28750,0.0
29000,0.0
29250,0.0
29500,0.0
29750,0.0
30000,0.0
30250,3.5999999999999996
30500,0.0
30750,0.0
31000,0.0
31250,0.0
31500,0.0
31750,0.0
32000,0.0
32250,3.5999999999999996
32500,0.0
32750,0.0
33000,0.0
33250,0.0
33500,0.0
33750,0.0
34000,0.0
34250,3.5999999999999996
34500,0.0
34750,0.0
35000,0.0
35250,0.0
35500,0.0
35750,0.0
36000,0.0
36250,3.5999999999999996
36500,0.0
36750,0.0
37000,0.0
37250,0.0
37500,0.0
37750,0.0
38000,0.0
38250,3.5999999999999996
38500,0.0
38750,0.0
39000,0.0
39250,0.0
39500,0.0
39750,0.0
40000,0.0
40250,3.5999999999999996
40500,0.0
40750,0.0
41000,0.0
41250,0.0
41500,0.0
41750,0.0
42000,0.0
42250,3.5999999999999996
42500,0.0
42750,0.0
43000,0.0
43250,0.0
43500,0.0
43750,0.0
44000,0.0
44250,3.5999999999999996
44500,0.0
44750,0.0
45000,0.0
45250,0.0
45500,0.0
45750,0.0
46000,0.0
46250,3.5999999999999996
46500,0.0
46750,0.0
47000,0.0
47250,0.0
47500,0.0
47750,0.0
48000,0.0
48250,3.5999999999999996
48500,0.0
48750,0.0
49000,0.0
49250,0.0
49500,0.0
49750,0.0
50000,0.0
50250,3.5999999999999996
50500,0.0
50750,0.0
51000,0.0
51250,0.0
51500,0.0
51750,0.0
52000,0.0
52250,45.2
52500,88.0
52750,100.0
53000,80.4
53250,100.0
53500,92.0
53750,18.0
54000,43.2
54250,92.80000000000001
54500,48.8
54750,50.4
55000,50.0
55250,66.4
55500,54.800000000000004
55750,51.6
56000,20.4
56250,18.8
56500,53.6
56750,75.6
57000,93.60000000000001
57250,72.0
57500,48.8
57750,54.400000000000006
58000,73.2
58250,41.6
58500,30.8
58750,85.2
59000,31.6
59250,35.199999999999996
59500,63.6
59750,40.8
60000,76.0
60250,85.6
60500,77.2
60750,100.0
61000,96.8
61250,71.2
61500,60.0
61750,85.6
62000,59.599999999999994
62250,65.60000000000001
62500,72.0
62750,77.60000000000001
63000,80.0
63250,72.8
63500,87.2
63750,83.2
64000,93.2
64250,70.0
64500,61.199999999999996
64750,97.6
65000,100.0
65250,99.6
65500,84.39999999999999
65750,88.8
66000,100.0
66250,98.4
66500,92.80000000000001
66750,99.2
67000,96.0
67250,98.4
67500,74.4
67750,84.39999999999999
68000,84.0
68250,83.6
68500,92.0
68750,99.2
69000,83.2
69250,69.6
69500,96.8
69750,98.0
70000,94.8
70250,75.2
70500,99.6
70750,99.2
71000,86.4
71250,88.0
71500,96.8
71750,57.599999999999994
72000,93.60000000000001
72250,96.8
72500,83.2
72750,98.4
73000,99.2
73250,98.4
73500,98.4
73750,100.0
74000,94.39999999999999
74250,97.6
74500,93.60000000000001
74750,78.8
75000,84.8
75250,99.2
75500,83.2
75750,86.4
76000,95.19999999999999
76250,98.4
76500,86.4
76750,91.2
77000,97.6
77250,84.39999999999999
77500,32.4
77750,94.0
78000,58.4
78250,83.2
78500,97.6
78750,98.0
79000,88.8
79250,95.6
79500,68.8
79750,98.4
80000,98.4
80250,98.4
80500,97.6
80750,97.6
81000,100.0
81250,98.4
81500,76.0
81750,88.8
82000,85.6
82250,70.0
82500,94.8
82750,92.0
83000,76.8
83250,96.0
83500,87.2
83750,97.6
84000,86.0
84250,98.8
84500,71.2
84750,77.2
85000,94.8
85250,100.0
85500,98.0
85750,73.6
86000,99.2
86250,100.0
86500,99.2
86750,98.8
87000,96.0
87250,90.0
87500,90.8
87750,95.6
88000,99.2
88250,100.0
88500,99.2
88750,100.0
89000,100.0
89250,98.4
89500,100.0
89750,90.4
90000,94.39999999999999
90250,99.2
90500,99.2
90750,78.4
91000,88.0
91250,67.2
91500,94.39999999999999
91750,96.0
92000,98.4
92250,94.39999999999999
92500,87.2
92750,96.0
93000,49.6
93250,88.0
93500,80.80000000000001
93750,97.6
94000,97.6
94250,99.2
94500,99.2
94750,99.2
95000,98.4
95250,97.6
95500,99.2
95750,97.6
96000,71.2
96250,72.0
96500,100.0
96750,96.8
97000,99.2
97250,82.8
97500,98.0
97750,100.0
98000,99.2
98250,64.4
98500,66.4
98750,85.2
99000,82.0
99250,92.4
99500,99.2
99750,99.2
100000,100.0
100250,99.2
100500,100.0
100750,100.0
101000,99.2
101250,100.0
101500,100.0
101750,99.2
102000,100.0
102250,100.0
102500,78.0
102750,91.2
103000,95.19999999999999
103250,100.0
103500,99.2
103750,99.2
104000,99.2
104250,98.4
104500,100.0
104750,100.0
105000,99.2
105250,100.0
105500,100.0
105750,100.0
106000,98.4
106250,100.0
106500,96.8
106750,100.0
107000,100.0
107250,98.8
107500,100.0
107750,98.4
108000,99.2
108250,100.0
108500,99.2
108750,100.0
109000,100.0
109250,100.0
109500,100.0
109750,100.0
110000,100.0
110250,100.0
110500,100.0
110750,97.6
111000,100.0
111250,100.0
111500,100.0
111750,100.0
112000,97.6
112250,100.0
112500,100.0
112750,100.0
113000,100.0
113250,98.4
113500,92.0
113750,67.2
114000,75.2
114250,83.6
114500,98.0
114750,100.0
115000,95.19999999999999
115250,92.80000000000001
115500,90.4
115750,86.8
116000,100.0
116250,100.0
116500,100.0
116750,100.0
117000,99.2
117250,100.0
117500,100.0
117750,100.0
118000,100.0
118250,100.0
118500,100.0
118750,100.0
119000,100.0
119250,100.0
119500,100.0
119750,99.2
120000,100.0
120250,100.0
120500,100.0
120750,100.0
121000,100.0
121250,100.0
121500,100.0
121750,99.2
122000,97.6
122250,100.0
122500,94.39999999999999
122750,100.0
123000,100.0
123250,100.0
123500,99.2
123750,100.0
124000,100.0
124250,95.19999999999999
124500,100.0
124750,99.2
125000,99.2
125250,100.0
125500,100.0
125750,100.0
126000,100.0
126250,100.0
126500,100.0
126750,100.0
127000,99.2
127250,100.0
127500,100.0
127750,96.8
128000,100.0
128250,100.0
128500,93.60000000000001
128750,100.0
129000,98.8
129250,100.0
129500,100.0
129750,100.0
130000,92.0
130250,98.4
130500,100.0
130750,100.0
131000,98.8
131250,88.0
131500,78.4
131750,85.6
132000,60.0
132250,88.8
132500,68.4
132750,69.6
133000,96.8
133250,87.2
133500,84.0
133750,83.2
134000,96.8
134250,97.6
134500,93.60000000000001
134750,92.80000000000001
135000,94.39999999999999
135250,76.0
135500,92.80000000000001
135750,75.2
136000,93.60000000000001
136250,90.4
136500,78.4
136750,96.0
137000,100.0
137250,98.4
137500,96.8
137750,97.6
138000,100.0
138250,100.0
138500,100.0
138750,98.4
139000,98.8
139250,97.2
139500,100.0
139750,95.19999999999999
140000,97.6
140250,90.4
140500,90.8
140750,88.4
141000,98.4
141250,96.8
141500,99.2
141750,100.0
142000,96.8
142250,87.2
142500,80.0
142750,72.0
143000,68.0
143250,83.2
143500,62.4
143750,82.0
144000,93.60000000000001
144250,88.0
144500,91.60000000000001
144750,97.6
145000,94.8
145250,79.2
145500,79.2
145750,100.0
146000,90.8
146250,82.39999999999999
146500,83.2
146750,95.19999999999999
147000,95.19999999999999
147250,100.0
147500,91.2
147750,92.0
148000,95.19999999999999
148250,92.0
148500,96.0
148750,91.60000000000001
149000,74.8
149250,90.0
149500,96.8
149750,99.2
150000,82.8
150250,85.2
150500,85.2
150750,84.0
151000,88.0
151250,97.6
151500,96.8
151750,91.2
152000,99.2
152250,97.6
152500,91.2
152750,100.0
153000,92.0
153250,98.4
153500,97.6
153750,98.4
154000,99.2
154250,98.4
154500,100.0
154750,99.2
155000,100.0
155250,90.0
155500,94.39999999999999
155750,91.2
156000,87.6
156250,92.0
156500,80.0
156750,80.80000000000001
157000,96.8
157250,69.6
157500,85.6
157750,96.0
158000,97.6
158250,58.8
158500,78.0
158750,86.4
159000,70.8
159250,93.2
159500,96.0
159750,92.0
160000,73.6
160250,84.0
160500,84.39999999999999
160750,81.2
161000,90.4
161250,96.39999999999999
161500,79.60000000000001
161750,99.2
162000,93.60000000000001
162250,98.4
162500,96.0
162750,96.0
163000,80.80000000000001
163250,83.2
163500,92.0
163750,97.6
164000,99.2
164250,99.2
164500,98.4
164750,94.8
165000,95.6
165250,89.60000000000001
165500,93.2
165750,96.39999999999999
166000,92.80000000000001
166250,91.60000000000001
166500,92.4
166750,95.6
167000,82.8
167250,94.8
167500,95.19999999999999
167750,79.2
168000,87.2
168250,63.6
168500,80.0
168750,80.0
169000,94.0
169250,99.2
169500,100.0
169750,98.8
170000,100.0
170250,96.8
170500,100.0
170750,96.0
171000,99.6
171250,96.39999999999999
171500,100.0
171750,98.8
172000,90.0
172250,87.2
172500,91.2
172750,99.2
173000,98.0
173250,83.6
173500,86.8
173750,95.6
174000,99.2
174250,57.99999999999999
174500,36.8
174750,53.2
175000,66.4
175250,68.4
175500,93.60000000000001
175750,98.4
176000,99.2
176250,96.0
176500,95.6
176750,100.0
177000,87.6
177250,49.6
177500,49.6
177750,64.0
178000,72.0
178250,63.6
178500,73.2
178750,40.0
179000,54.0
179250,76.4
179500,62.8
179750,60.4
180000,80.0
180250,63.6
180500,86.4
180750,52.400000000000006
181000,47.599999999999994
181250,73.2
181500,20.4
181750,26.0
182000,25.2
182250,56.8
182500,17.2
182750,50.8
183000,25.6
183250,31.2
183500,70.0
183750,68.8
184000,87.6
184250,52.400000000000006
184500,58.4
184750,72.8
185000,61.199999999999996
185250,55.60000000000001
185500,94.8
185750,84.8
