250,0.0
500,0.0
750,0.0
1000,0.0
1250,0.0
1500,0.0
1750,0.0
2000,0.0
2250,1.2
2500,0.0
2750,0.0
3000,0.0
3250,0.0
3500,0.0
3750,0.0
4000,0.0
4250,1.2
4500,0.0
4750,0.0
5000,0.0
5250,0.0
5500,0.0
5750,0.0
6000,0.0
6250,1.2
6500,0.0
6750,0.0
7000,0.0
7250,0.0
7500,0.0
7750,0.0
8000,0.0
8250,1.2
8500,0.0
8750,0.0
9000,0.0
9250,0.0
9500,0.0
9750,0.0
10000,0.0
10250,1.2
10500,0.0
10750,0.0
11000,0.0
11250,0.0
11500,0.0
11750,0.0
12000,0.0
12250,1.2
12500,0.0
12750,0.0
13000,0.0
13250,0.0
13500,0.0
13750,0.0
14000,0.0
14250,1.2
14500,0.0
14750,0.0
15000,0.0
15250,0.0
15500,0.0
15750,0.0
16000,0.0
16250,1.2
16500,0.0
16750,0.0
17000,0.0
17250,0.0
17500,0.0
17750,0.0
18000,0.0
18250,1.2
18500,0.0
18750,0.0
19000,0.0
19250,0.0
19500,0.0
19750,0.0
20000,0.0
20250,1.2
20500,0.0
20750,0.0
21000,0.0
21250,0.0
21500,0.0
21750,0.0
22000,0.0
22250,1.2
22500,0.0
22750,0.0
23000,0.0
23250,0.0
23500,0.0
23750,0.0
24000,0.0
24250,1.2
24500,0.0
24750,0.0
25000,0.0
25250,0.0
25500,0.0
25750,0.0
26000,0.0
26250,1.2
26500,0.0
26750,0.0
27000,0.0
27250,0.0
27500,0.0
27750,0.0
28000,0.0
28250,1.2
28500,0.0
28750,0.0
29000,0.0
29250,0.0
29500,0.0
29750,0.0
30000,0.0
30250,1.2
30500,0.0
30750,0.0
31000,0.0
31250,0.0
31500,0.0
31750,0.0
32000,0.0
32250,1.2
32500,0.0
32750,0.0
33000,0.0
33250,0.0
33500,0.0
33750,0.0
34000,0.0
34250,1.2
34500,0.0
34750,0.0
35000,0.0
35250,0.0
35500,0.0
35750,0.0
36000,0.0
36250,1.2
36500,0.0
36750,0.0
37000,0.0
37250,0.0
37500,0.0
37750,0.0
38000,0.0
38250,1.2
38500,0.0
38750,0.0
39000,0.0
39250,0.0
39500,0.0
39750,0.0
40000,0.0
40250,1.2
40500,0.0
40750,0.0
41000,0.0
41250,0.0
41500,0.0
41750,0.0
42000,0.0
42250,1.2
42500,0.0
42750,0.0
43000,0.0
43250,0.0
43500,0.0
43750,0.0
44000,0.0
44250,1.2
44500,0.0
44750,0.0
45000,0.0
45250,0.0
45500,0.0
45750,0.0
46000,0.0
46250,1.2
46500,0.0
46750,0.0
47000,0.0
47250,0.0
47500,0.0
47750,0.0
48000,0.0
48250,1.2
48500,0.0
48750,0.0
49000,0.0
49250,0.0
49500,0.0
49750,0.0
50000,0.0
50250,1.2
50500,0.0
50750,0.0
51000,0.0
51250,0.0
51500,0.0
51750,0.0
52000,0.0
52250,42.8
52500,88.0
52750,100.0
53000,80.4
53250,100.0
53500,92.0
53750,18.0
54000,41.6
54250,41.199999999999996
54500,40.8
54750,10.8
55000,9.6
55250,60.8
55500,52.400000000000006
55750,50.0
56000,16.400000000000002
56250,4.0
56500,43.6
56750,60.0
57000,76.8
57250,70.0
57500,37.6
57750,52.0
58000,63.6
58250,38.0
58500,24.0
58750,65.2
59000,12.4
59250,24.0
59500,41.199999999999996
59750,10.4
60000,25.6
60250,50.8
60500,46.400000000000006
60750,55.2
61000,71.2
61250,65.60000000000001
61500,55.2
61750,48.0
62000,42.0
62250,28.4
62500,36.0
62750,70.8
63000,63.2
63250,59.199999999999996
63500,76.0
63750,68.0
64000,68.0
64250,58.4
64500,43.2
64750,43.6
65000,71.2
65250,73.2
65500,60.8
65750,54.0
66000,83.2
66250,84.8
66500,59.599999999999994
66750,88.0
67000,79.60000000000001
67250,91.2
67500,66.8
67750,50.4
68000,79.60000000000001
68250,82.8
68500,88.0
68750,54.400000000000006
69000,56.8
69250,42.4
69500,80.0
69750,88.8
70000,81.6
70250,72.8
70500,64.4
70750,70.8
71000,50.8
71250,47.199999999999996
71500,52.0
71750,33.6
72000,75.6
72250,66.0
72500,70.39999999999999
72750,88.4
73000,97.6
73250,91.2
73500,82.8
73750,92.0
74000,80.4
74250,81.2
74500,78.4
74750,66.0
75000,53.6
75250,57.199999999999996
75500,54.0
75750,60.0
76000,72.0
76250,92.80000000000001
76500,74.4
76750,78.4
77000,91.60000000000001
77250,69.6
77500,20.8
77750,60.0
78000,52.0
78250,64.0
78500,73.2
78750,86.4
79000,71.2
79250,65.2
79500,51.2
79750,78.4
80000,86.4
80250,85.6
80500,94.39999999999999
80750,92.80000000000001
81000,81.2
81250,63.2
81500,52.800000000000004
81750,52.400000000000006
82000,65.60000000000001
82250,48.0
82500,68.8
82750,64.8
83000,65.60000000000001
83250,76.0
83500,67.2
83750,84.8
84000,60.4
84250,69.6
84500,64.4
84750,50.0
85000,65.2
85250,72.0
85500,69.19999999999999
85750,40.8
86000,53.6
86250,58.4
86500,80.0
86750,81.6
87000,80.0
87250,57.599999999999994
87500,54.400000000000006
87750,56.00000000000001
88000,54.0
88250,64.4
88500,80.80000000000001
88750,82.8
89000,61.6
89250,85.6
89500,85.2
89750,74.4
90000,53.6
90250,56.00000000000001
90500,63.6
90750,47.199999999999996
91000,72.8
91250,56.8
91500,89.60000000000001
91750,84.0
92000,67.2
92250,75.2
92500,85.6
92750,88.8
93000,39.2
93250,74.0
93500,80.0
93750,76.8
94000,67.2
94250,63.2
94500,63.2
94750,75.6
95000,86.4
95250,94.39999999999999
95500,91.2
95750,96.0
96000,64.8
96250,70.39999999999999
96500,95.19999999999999
96750,75.6
97000,82.8
97250,69.19999999999999
97500,89.2
97750,89.60000000000001
98000,95.19999999999999
98250,53.2
98500,24.8
98750,82.0
99000,81.2
99250,51.6
99500,74.4
99750,65.60000000000001
100000,90.4
100250,96.0
100500,100.0
100750,97.6
101000,98.4
101250,99.2
101500,94.39999999999999
101750,94.39999999999999
102000,97.6
102250,86.0
102500,58.4
102750,36.0
103000,84.39999999999999
103250,100.0
103500,79.2
103750,96.8
104000,98.4
104250,96.8
104500,98.4
104750,98.4
105000,99.2
105250,98.4
105500,98.4
105750,99.2
106000,90.4
106250,86.0
106500,72.0
106750,81.2
107000,96.0
107250,76.4
107500,72.0
107750,91.2
108000,96.0
108250,89.60000000000001
108500,87.2
108750,82.39999999999999
109000,96.8
109250,97.6
109500,91.2
109750,90.4
110000,76.4
110250,86.8
110500,96.0
110750,92.80000000000001
111000,96.0
111250,90.4
111500,92.4
111750,72.0
112000,68.8
112250,94.8
112500,97.6
112750,92.80000000000001
113000,95.19999999999999
113250,88.8
113500,68.8
113750,48.0
114000,58.4
114250,50.4
114500,68.4
114750,75.6
115000,80.0
115250,59.599999999999994
115500,67.2
115750,56.8
116000,56.8
116250,66.4
116500,89.60000000000001
116750,95.19999999999999
117000,82.0
117250,93.2
117500,96.0
117750,90.4
118000,99.2
118250,99.2
118500,97.6
118750,70.8
119000,92.0
119250,100.0
119500,99.2
119750,93.60000000000001
120000,92.80000000000001
120250,92.4
120500,79.2
120750,98.4
121000,90.8
121250,86.0
121500,72.8
121750,92.0
122000,84.0
122250,96.0
122500,58.8
122750,77.2
123000,77.60000000000001
123250,98.4
123500,94.8
123750,100.0
124000,84.8
124250,94.39999999999999
124500,87.2
124750,93.60000000000001
125000,77.2
125250,96.8
125500,100.0
125750,100.0
126000,96.8
126250,97.6
126500,100.0
126750,99.2
127000,96.0
127250,99.2
127500,80.0
127750,74.0
128000,68.4
128250,96.0
128500,65.60000000000001
128750,88.8
129000,90.4
129250,93.60000000000001
129500,87.2
129750,96.0
130000,78.4
130250,83.2
130500,85.6
130750,99.2
131000,71.2
131250,54.800000000000004
131500,53.6
131750,54.800000000000004
132000,50.8
132250,82.0
132500,50.8
132750,48.4
133000,82.8
133250,67.60000000000001
133500,69.19999999999999
133750,57.199999999999996
134000,76.8
134250,80.80000000000001
134500,62.4
134750,67.60000000000001
135000,83.2
135250,65.60000000000001
135500,74.4
135750,64.0
136000,64.4
136250,60.0
136500,50.4
136750,71.2
137000,63.2
137250,62.4
137500,50.0
137750,82.39999999999999
138000,83.2
138250,83.2
138500,73.2
138750,90.8
139000,79.60000000000001
139250,77.60000000000001
139500,79.60000000000001
139750,64.8
140000,77.60000000000001
140250,65.2
140500,46.800000000000004
140750,54.0
141000,44.4
141250,48.4
141500,72.0
141750,60.0
142000,71.6
142250,74.0
142500,53.2
142750,37.2
143000,49.2
143250,44.4
143500,34.0
143750,39.2
144000,58.8
144250,50.0
144500,65.2
144750,62.4
145000,37.6
145250,44.0
145500,41.6
145750,94.0
146000,79.2
146250,74.4
146500,78.4
146750,84.39999999999999
147000,74.8
147250,84.8
147500,70.8
147750,57.599999999999994
148000,50.0
148250,54.0
148500,80.4
148750,61.199999999999996
149000,57.599999999999994
149250,78.4
149500,69.19999999999999
149750,76.0
150000,59.599999999999994
150250,58.8
150500,62.4
150750,55.60000000000001
151000,52.800000000000004
151250,58.8
151500,47.599999999999994
151750,61.6
152000,70.39999999999999
152250,62.4
152500,67.60000000000001
152750,69.6
153000,60.0
153250,60.4
153500,59.199999999999996
153750,82.0
154000,72.0
154250,64.8
154500,64.4
154750,79.2
155000,82.8
155250,58.4
155500,65.2
155750,60.8
156000,39.2
156250,48.4
156500,53.2
156750,54.800000000000004
157000,64.0
157250,26.400000000000002
157500,39.2
157750,46.400000000000006
158000,62.8
158250,34.8
158500,66.0
158750,74.0
159000,57.599999999999994
159250,90.0
159500,94.39999999999999
159750,92.0
160000,66.4
160250,61.6
160500,78.8
160750,80.4
161000,69.6
161250,73.2
161500,50.8
161750,72.39999999999999
162000,67.60000000000001
162250,60.4
162500,70.0
162750,73.6
163000,69.6
163250,77.60000000000001
163500,88.8
163750,95.19999999999999
164000,96.0
164250,96.0
164500,94.39999999999999
164750,79.60000000000001
165000,91.2
165250,76.0
165500,78.4
165750,86.0
166000,79.60000000000001
166250,62.8
166500,78.0
166750,84.8
167000,69.19999999999999
167250,83.6
167500,67.2
167750,56.39999999999999
168000,56.8
168250,42.0
168500,50.4
168750,64.4
169000,52.0
169250,85.6
169500,95.6
169750,75.6
170000,75.2
170250,77.60000000000001
170500,94.8
170750,85.6
171000,88.4
171250,82.8
171500,71.2
171750,67.60000000000001
172000,73.2
172250,77.60000000000001
172500,85.6
172750,86.4
173000,68.8
173250,72.0
173500,69.6
173750,70.8
174000,96.8
174250,57.199999999999996
174500,36.8
174750,22.400000000000002
175000,35.6
175250,51.2
175500,60.0
175750,56.00000000000001
176000,68.4
176250,84.39999999999999
176500,85.2
176750,98.4
177000,70.8
177250,28.799999999999997
177500,32.800000000000004
177750,44.0
178000,61.6
178250,56.8
178500,64.4
178750,34.4
179000,35.6
179250,61.6
179500,59.599999999999994
179750,52.400000000000006
180000,50.4
180250,45.2
180500,76.4
180750,36.8
181000,47.199999999999996
181250,72.8
181500,7.6
181750,20.4
182000,19.6
182250,52.800000000000004
182500,13.200000000000001
182750,46.0
183000,21.6
183250,28.000000000000004
183500,67.2
183750,65.2
184000,60.0
184250,40.8
184500,25.2
184750,50.0
185000,37.2
185250,36.8
185500,86.0
185750,84.0
