250,0.0
500,0.0
750,0.0
1000,0.0
1250,0.0
1500,0.0
1750,0.0
2000,0.0
2250,2.4
2500,0.0
2750,0.0
3000,0.0
3250,0.0
3500,0.0
3750,0.0
4000,0.0
4250,2.4
4500,0.0
4750,0.0
5000,0.0
5250,0.0
5500,0.0
5750,0.0
6000,0.0
6250,2.4
6500,0.0
6750,0.0
7000,0.0
7250,0.0
7500,0.0
7750,0.0
8000,0.0
8250,2.4
8500,0.0
8750,0.0
9000,0.0
9250,0.0
9500,0.0
9750,0.0
10000,0.0
10250,2.4
10500,0.0
10750,0.0
11000,0.0
11250,0.0
11500,0.0
11750,0.0
12000,0.0
12250,2.4
12500,0.0
12750,0.0
13000,0.0
13250,0.0
13500,0.0
13750,0.0
14000,0.0
14250,2.4
14500,0.0
14750,0.0
15000,0.0
15250,0.0
15500,0.0
15750,0.0
16000,0.0
16250,2.4
16500,0.0
16750,0.0
17000,0.0
17250,0.0
17500,0.0
17750,0.0
18000,0.0
18250,2.4
18500,0.0
18750,0.0
19000,0.0
19250,0.0
19500,0.0
19750,0.0
20000,0.0
20250,2.4
20500,0.0
20750,0.0
21000,0.0
21250,0.0
21500,0.0
21750,0.0
22000,0.0
22250,2.4
22500,0.0
22750,0.0
23000,0.0
23250,0.0
23500,0.0
23750,0.0
24000,0.0
24250,2.4
24500,0.0
24750,0.0
25000,0.0
25250,0.0
25500,0.0
25750,0.0
26000,0.0
26250,2.4
26500,0.0
26750,0.0
27000,0.0
27250,0.0
27500,0.0
27750,0.0
28000,0.0
28250,2.4
28500,0.0
28750,0.0
29000,0.0
29250,0.0
29500,0.0
29750,0.0
30000,0.0
30250,2.4
30500,0.0
30750,0.0
31000,0.0
31250,0.0
31500,0.0
31750,0.0
32000,0.0
32250,2.4
32500,0.0
32750,0.0
33000,0.0
33250,0.0
33500,0.0
33750,0.0
34000,0.0
34250,2.4
34500,0.0
34750,0.0
35000,0.0
35250,0.0
35500,0.0
35750,0.0
36000,0.0
36250,2.4
36500,0.0
36750,0.0
37000,0.0
37250,0.0
37500,0.0
37750,0.0
38000,0.0
38250,2.4
38500,0.0
38750,0.0
39000,0.0
39250,0.0
39500,0.0
39750,0.0
40000,0.0
40250,2.4
40500,0.0
40750,0.0
41000,0.0
41250,0.0
41500,0.0
41750,0.0
42000,0.0
42250,2.4
42500,0.0
42750,0.0
43000,0.0
43250,0.0
43500,0.0
43750,0.0
44000,0.0
44250,2.4
44500,0.0
44750,0.0
45000,0.0
45250,0.0
45500,0.0
45750,0.0
46000,0.0
46250,2.4
46500,0.0
46750,0.0
47000,0.0
47250,0.0
47500,0.0
47750,0.0
48000,0.0
48250,2.4
48500,0.0
48750,0.0
49000,0.0
49250,0.0
49500,0.0
49750,0.0
50000,0.0
50250,2.4
50500,0.0
50750,0.0
51000,0.0
51250,0.0
51500,0.0
51750,0.0
52000,0.0
52250,44.0
52500,88.0
52750,100.0
53000,80.4
53250,100.0
53500,92.0
53750,18.0
54000,43.2
54250,92.80000000000001
54500,48.8
54750,30.4
55000,19.6
55250,64.0
55500,53.2
55750,51.6
56000,16.400000000000002
56250,4.0
56500,46.0
56750,74.8
57000,93.60000000000001
57250,72.0
57500,46.400000000000006
57750,54.400000000000006
58000,73.2
58250,41.6
58500,30.0
58750,74.0
59000,26.8
59250,34.4
59500,49.2
59750,12.0
60000,61.6
60250,83.2
60500,74.4
60750,89.60000000000001
61000,92.0
61250,68.8
61500,56.00000000000001
61750,76.8
62000,59.599999999999994
62250,32.4
62500,59.599999999999994
62750,74.0
63000,75.2
63250,72.0
63500,85.6
63750,80.80000000000001
64000,89.2
64250,68.4
64500,59.599999999999994
64750,93.60000000000001
65000,89.60000000000001
65250,96.8
65500,84.39999999999999
65750,86.4
66000,98.4
66250,97.6
66500,92.0
66750,98.4
67000,92.0
67250,96.0
67500,72.8
67750,80.80000000000001
68000,83.6
68250,82.8
68500,92.0
68750,86.0
69000,71.6
69250,58.4
69500,94.39999999999999
69750,95.19999999999999
70000,84.8
70250,74.4
70500,96.39999999999999
70750,94.39999999999999
71000,75.6
71250,70.39999999999999
71500,76.8
71750,52.0
72000,91.2
72250,81.6
72500,81.2
72750,96.0
73000,99.2
73250,98.4
73500,96.8
73750,100.0
74000,94.39999999999999
74250,96.0
74500,89.60000000000001
74750,77.2
75000,76.0
75250,80.4
75500,76.4
75750,72.8
76000,88.8
76250,96.8
76500,84.0
76750,84.0
77000,92.4
77250,72.8
77500,27.6
77750,80.4
78000,57.599999999999994
78250,80.80000000000001
78500,96.8
78750,96.39999999999999
79000,86.4
79250,94.8
79500,60.0
79750,93.60000000000001
80000,95.19999999999999
80250,90.4
80500,95.19999999999999
80750,97.6
81000,84.0
81250,82.8
81500,62.4
81750,63.2
82000,79.60000000000001
82250,61.199999999999996
82500,85.2
82750,88.8
83000,76.0
83250,94.39999999999999
83500,84.0
83750,97.6
84000,86.0
84250,98.8
84500,71.2
84750,77.2
85000,94.8
85250,100.0
85500,91.2
85750,58.4
86000,88.0
86250,92.0
86500,97.6
86750,95.6
87000,93.2
87250,64.4
87500,89.2
87750,83.2
88000,86.0
88250,100.0
88500,98.4
88750,99.2
89000,80.80000000000001
89250,97.6
89500,99.2
89750,90.4
90000,92.80000000000001
90250,96.8
90500,96.8
90750,71.6
91000,87.2
91250,66.8
91500,94.39999999999999
91750,96.0
92000,73.6
92250,84.8
92500,85.6
92750,96.0
93000,49.6
93250,88.0
93500,80.0
93750,97.6
94000,96.0
94250,95.6
94500,80.0
94750,95.6
95000,95.19999999999999
95250,94.39999999999999
95500,92.80000000000001
95750,96.0
96000,69.6
96250,72.0
96500,99.2
96750,84.39999999999999
97000,90.8
97250,77.2
97500,97.2
97750,100.0
98000,98.4
98250,58.8
98500,63.2
98750,83.6
99000,82.0
99250,88.4
99500,97.6
99750,97.6
100000,100.0
100250,99.2
100500,100.0
100750,100.0
101000,99.2
101250,99.2
101500,98.4
101750,99.2
102000,100.0
102250,100.0
102500,77.2
102750,90.4
103000,95.19999999999999
103250,100.0
103500,99.2
103750,99.2
104000,99.2
104250,98.4
104500,100.0
104750,100.0
105000,99.2
105250,100.0
105500,100.0
105750,100.0
106000,98.4
106250,100.0
106500,96.0
106750,99.6
107000,100.0
107250,90.0
107500,85.2
107750,91.2
108000,99.2
108250,100.0
108500,99.2
108750,100.0
109000,100.0
109250,100.0
109500,100.0
109750,100.0
110000,98.0
110250,100.0
110500,100.0
110750,97.6
111000,100.0
111250,100.0
111500,100.0
111750,100.0
112000,96.8
112250,100.0
112500,100.0
112750,100.0
113000,100.0
113250,98.4
113500,89.60000000000001
113750,65.2
114000,75.2
114250,83.6
114500,97.6
114750,100.0
115000,95.19999999999999
115250,92.80000000000001
115500,86.8
115750,84.8
116000,100.0
116250,98.4
116500,99.2
116750,100.0
117000,98.4
117250,100.0
117500,100.0
117750,100.0
118000,100.0
118250,100.0
118500,99.2
118750,100.0
119000,100.0
119250,100.0
119500,100.0
119750,98.4
120000,98.4
120250,100.0
120500,100.0
120750,100.0
121000,100.0
121250,95.19999999999999
121500,81.6
121750,93.60000000000001
122000,92.80000000000001
122250,99.2
122500,81.6
122750,92.4
123000,94.39999999999999
123250,99.2
123500,97.6
123750,100.0
124000,86.4
124250,95.19999999999999
124500,100.0
124750,96.0
125000,98.4
125250,100.0
125500,100.0
125750,100.0
126000,100.0
126250,100.0
126500,100.0
126750,100.0
127000,99.2
127250,100.0
127500,80.0
127750,78.0
128000,81.2
128250,100.0
128500,82.39999999999999
128750,99.2
129000,98.8
129250,100.0
129500,98.8
129750,100.0
130000,85.6
130250,98.4
130500,100.0
130750,100.0
131000,78.0
131250,68.0
131500,62.8
131750,70.39999999999999
132000,55.2
132250,84.8
132500,65.60000000000001
132750,68.8
133000,92.0
133250,82.39999999999999
133500,84.0
133750,83.2
134000,96.8
134250,97.6
134500,92.80000000000001
134750,92.0
135000,94.39999999999999
135250,74.8
135500,92.80000000000001
135750,73.6
136000,93.60000000000001
136250,90.0
136500,76.0
136750,96.0
137000,98.4
137250,91.60000000000001
137500,85.2
137750,93.60000000000001
138000,92.0
138250,88.0
138500,90.4
138750,97.6
139000,98.0
139250,94.0
139500,94.39999999999999
139750,92.0
140000,96.0
140250,84.8
140500,76.0
140750,71.2
141000,76.4
141250,62.8
141500,92.80000000000001
141750,86.4
142000,89.2
142250,84.0
142500,68.4
142750,62.4
143000,62.8
143250,74.8
143500,60.0
143750,81.2
144000,92.80000000000001
144250,80.0
144500,90.0
144750,92.80000000000001
145000,88.0
145250,70.8
145500,72.39999999999999
145750,98.8
146000,90.0
146250,80.0
146500,81.6
146750,91.2
147000,88.8
147250,96.0
147500,87.2
147750,86.4
148000,93.60000000000001
148250,92.0
148500,94.8
148750,90.8
149000,72.0
149250,90.0
149500,96.8
149750,99.2
150000,82.0
150250,84.0
150500,85.2
150750,84.0
151000,88.0
151250,96.8
151500,94.39999999999999
151750,90.0
152000,92.80000000000001
152250,96.0
152500,85.6
152750,99.2
153000,91.2
153250,89.2
153500,91.60000000000001
153750,97.6
154000,99.2
154250,96.8
154500,99.2
154750,99.2
155000,100.0
155250,79.60000000000001
155500,87.2
155750,86.4
156000,65.2
156250,87.2
156500,76.4
156750,66.8
157000,92.0
157250,41.6
157500,72.0
157750,80.80000000000001
158000,96.0
158250,50.0
158500,74.8
158750,84.8
159000,70.8
159250,93.2
159500,96.0
159750,92.0
160000,71.2
160250,83.2
160500,83.6
160750,80.4
161000,90.4
161250,96.39999999999999
161500,79.60000000000001
161750,96.8
162000,89.60000000000001
162250,80.80000000000001
162500,83.2
162750,78.4
163000,77.60000000000001
163250,77.60000000000001
163500,89.60000000000001
163750,95.19999999999999
164000,99.2
164250,99.2
164500,97.6
164750,94.8
165000,94.39999999999999
165250,84.0
165500,91.2
165750,90.8
166000,92.4
166250,82.8
166500,89.60000000000001
166750,94.8
167000,75.6
167250,94.8
167500,92.4
167750,77.60000000000001
168000,80.80000000000001
168250,55.60000000000001
168500,80.0
168750,79.60000000000001
169000,92.0
169250,96.8
169500,100.0
169750,97.6
170000,98.4
170250,96.8
170500,100.0
170750,92.80000000000001
171000,99.6
171250,96.39999999999999
171500,100.0
171750,98.8
172000,90.0
172250,86.4
172500,90.4
172750,99.2
173000,88.4
173250,79.60000000000001
173500,84.39999999999999
173750,82.8
174000,99.2
174250,57.99999999999999
174500,36.8
174750,52.400000000000006
175000,59.199999999999996
175250,68.4
175500,93.2
175750,95.19999999999999
176000,98.4
176250,94.0
176500,94.8
176750,99.2
177000,74.8
177250,32.0
177500,44.0
177750,58.4
178000,71.2
178250,63.6
178500,69.6
178750,40.0
179000,49.2
179250,74.0
179500,61.199999999999996
179750,59.599999999999994
180000,78.4
180250,60.0
180500,79.60000000000001
180750,44.4
181000,47.599999999999994
181250,73.2
181500,11.600000000000001
181750,23.599999999999998
182000,23.599999999999998
182250,56.00000000000001
182500,17.2
182750,47.599999999999994
183000,23.200000000000003
183250,30.4
183500,70.0
183750,68.8
184000,87.6
184250,49.2
184500,58.4
184750,72.8
185000,54.800000000000004
185250,40.400000000000006
185500,87.6
185750,84.0
