250,0.0
500,0.0
750,0.0
1000,0.0
1250,0.0
1500,0.0
1750,0.0
2000,0.0
2250,1.6
2500,0.0
2750,0.0
3000,0.0
3250,0.0
3500,0.0
3750,0.0
4000,0.0
4250,1.6
4500,0.0
4750,0.0
5000,0.0
5250,0.0
5500,0.0
5750,0.0
6000,0.0
6250,1.6
6500,0.0
6750,0.0
7000,0.0
7250,0.0
7500,0.0
7750,0.0
8000,0.0
8250,1.6
8500,0.0
8750,0.0
9000,0.0
9250,0.0
9500,0.0
9750,0.0
10000,0.0
10250,1.6
10500,0.0
10750,0.0
11000,0.0
11250,0.0
11500,0.0
11750,0.0
12000,0.0
12250,1.6
12500,0.0
12750,0.0
13000,0.0
13250,0.0
13500,0.0
13750,0.0
14000,0.0
14250,1.6
14500,0.0
14750,0.0
15000,0.0
15250,0.0
15500,0.0
15750,0.0
16000,0.0
16250,1.6
16500,0.0
16750,0.0
17000,0.0
17250,0.0
17500,0.0
17750,0.0
18000,0.0
18250,1.6
18500,0.0
18750,0.0
19000,0.0
19250,0.0
19500,0.0
19750,0.0
20000,0.0
20250,1.6
20500,0.0
20750,0.0
21000,0.0
21250,0.0
21500,0.0
21750,0.0
22000,0.0
22250,1.6
22500,0.0
22750,0.0
23000,0.0
23250,0.0
23500,0.0
23750,0.0
24000,0.0
24250,1.6
24500,0.0
24750,0.0
25000,0.0
25250,0.0
25500,0.0
25750,0.0
26000,0.0
26250,1.6
26500,0.0
26750,0.0
27000,0.0
27250,0.0
27500,0.0
27750,0.0
28000,0.0
28250,1.6
28500,0.0
28750,0.0
29000,0.0
29250,0.0
29500,0.0
29750,0.0
30000,0.0
30250,1.6
30500,0.0
30750,0.0
31000,0.0
31250,0.0
31500,0.0
31750,0.0
32000,0.0
32250,1.6
32500,0.0
32750,0.0
33000,0.0
33250,0.0
33500,0.0
33750,0.0
34000,0.0
34250,1.6
34500,0.0
34750,0.0
35000,0.0
35250,0.0
35500,0.0
35750,0.0
36000,0.0
36250,1.6
36500,0.0
36750,0.0
37000,0.0
37250,0.0
37500,0.0
37750,0.0
38000,0.0
38250,1.6
38500,0.0
38750,0.0
39000,0.0
39250,0.0
39500,0.0
39750,0.0
40000,0.0
40250,1.6
40500,0.0
40750,0.0
41000,0.0
41250,0.0
41500,0.0
41750,0.0
42000,0.0
42250,1.6
42500,0.0
42750,0.0
43000,0.0
43250,0.0
43500,0.0
43750,0.0
44000,0.0
44250,1.6
44500,0.0
44750,0.0
45000,0.0
45250,0.0
45500,0.0
45750,0.0
46000,0.0
46250,1.6
46500,0.0
46750,0.0
47000,0.0
47250,0.0
47500,0.0
47750,0.0
48000,0.0
48250,1.6
48500,0.0
48750,0.0
49000,0.0
49250,0.0
49500,0.0
49750,0.0
50000,0.0
50250,1.6
50500,0.0
50750,0.0
51000,0.0
51250,0.0
51500,0.0
51750,0.0
52000,0.0
52250,43.2
52500,88.0
52750,100.0
53000,80.4
53250,100.0
53500,92.0
53750,18.0
54000,43.2
54250,72.39999999999999
54500,42.4
54750,11.600000000000001
55000,11.200000000000001
55250,62.4
55500,52.400000000000006
55750,50.0
56000,16.400000000000002
56250,4.0
56500,46.0
56750,74.0
57000,92.80000000000001
57250,72.0
57500,39.2
57750,53.6
58000,70.8
58250,40.0
58500,29.2
58750,68.4
59000,14.799999999999999
59250,24.8
59500,44.4
59750,12.0
60000,46.400000000000006
60250,58.4
60500,63.2
60750,69.6
61000,75.2
61250,65.60000000000001
61500,55.2
61750,74.4
62000,51.6
62250,31.6
62500,40.8
62750,73.2
63000,70.39999999999999
63250,62.4
63500,78.4
63750,76.8
64000,80.80000000000001
64250,60.8
64500,48.0
64750,70.39999999999999
65000,84.39999999999999
65250,80.4
65500,66.4
65750,61.199999999999996
66000,88.0
66250,90.0
66500,61.6
66750,90.4
67000,80.80000000000001
67250,91.2
67500,71.6
67750,56.00000000000001
68000,83.6
68250,82.8
68500,88.8
68750,60.8
69000,57.199999999999996
69250,50.4
69500,83.2
69750,90.8
70000,83.2
70250,73.6
70500,79.2
70750,79.2
71000,59.599999999999994
71250,53.6
71500,65.60000000000001
71750,43.6
72000,90.8
72250,72.39999999999999
72500,74.0
72750,92.80000000000001
73000,98.4
73250,97.6
73500,92.0
73750,95.19999999999999
74000,87.2
74250,91.2
74500,88.0
74750,74.0
75000,68.8
75250,66.8
75500,73.2
75750,60.0
76000,78.4
76250,93.60000000000001
76500,79.2
76750,79.2
77000,92.4
77250,69.6
77500,25.6
77750,69.6
78000,57.599999999999994
78250,77.60000000000001
78500,83.6
78750,88.8
79000,72.8
79250,70.8
79500,55.2
79750,82.39999999999999
80000,92.0
80250,87.2
80500,94.39999999999999
80750,97.6
81000,84.0
81250,66.0
81500,52.800000000000004
81750,54.800000000000004
82000,72.0
82250,52.400000000000006
82500,76.4
82750,72.8
83000,69.6
83250,79.60000000000001
83500,81.2
83750,94.0
84000,77.2
84250,91.2
84500,70.0
84750,76.8
85000,72.8
85250,76.8
85500,88.0
85750,50.4
86000,62.0
86250,76.4
86500,81.6
86750,85.2
87000,86.0
87250,58.4
87500,64.4
87750,57.599999999999994
88000,62.4
88250,68.8
88500,89.60000000000001
88750,86.4
89000,65.2
89250,92.0
89500,91.60000000000001
89750,76.8
90000,63.2
90250,76.8
90500,87.6
90750,59.199999999999996
91000,85.6
91250,62.4
91500,93.60000000000001
91750,96.0
92000,73.6
92250,84.8
92500,85.6
92750,96.0
93000,48.8
93250,80.80000000000001
93500,80.0
93750,79.2
94000,70.39999999999999
94250,68.0
94500,63.2
94750,76.0
95000,90.4
95250,94.39999999999999
95500,91.2
95750,96.0
96000,64.8
96250,70.39999999999999
96500,95.19999999999999
96750,81.2
97000,90.0
97250,77.2
97500,97.2
97750,99.2
98000,98.4
98250,56.39999999999999
98500,33.2
98750,82.8
99000,82.0
99250,61.6
99500,80.4
99750,88.8
100000,92.80000000000001
100250,96.0
100500,100.0
100750,98.4
101000,98.4
101250,99.2
101500,97.6
101750,96.8
102000,97.6
102250,96.39999999999999
102500,69.6
102750,82.8
103000,93.60000000000001
103250,100.0
103500,95.19999999999999
103750,98.4
104000,99.2
104250,98.4
104500,99.2
104750,100.0
105000,99.2
105250,100.0
105500,98.4
105750,99.2
106000,95.19999999999999
106250,92.0
106500,80.0
106750,87.6
107000,96.0
107250,76.4
107500,72.39999999999999
107750,91.2
108000,98.4
108250,95.19999999999999
108500,98.4
108750,91.2
109000,100.0
109250,100.0
109500,98.4
109750,100.0
110000,94.0
110250,100.0
110500,100.0
110750,96.8
111000,98.4
111250,95.19999999999999
111500,94.0
111750,84.39999999999999
112000,96.0
112250,99.2
112500,100.0
112750,96.0
113000,100.0
113250,95.19999999999999
113500,85.6
113750,60.8
114000,66.4
114250,78.0
114500,87.2
114750,82.39999999999999
115000,81.6
115250,70.8
115500,74.8
115750,68.4
116000,79.2
116250,82.39999999999999
116500,90.4
116750,96.8
117000,88.0
117250,95.6
117500,100.0
117750,98.4
118000,100.0
118250,100.0
118500,97.6
118750,98.0
119000,97.6
119250,100.0
119500,100.0
119750,95.19999999999999
120000,95.19999999999999
120250,98.0
120500,88.0
120750,98.4
121000,99.2
121250,89.60000000000001
121500,75.2
121750,92.80000000000001
122000,90.4
122250,97.6
122500,67.60000000000001
122750,83.6
123000,80.80000000000001
123250,98.4
123500,94.8
123750,100.0
124000,85.6
124250,95.19999999999999
124500,87.2
124750,93.60000000000001
125000,91.2
125250,99.2
125500,100.0
125750,100.0
126000,96.8
126250,98.4
126500,100.0
126750,100.0
127000,98.4
127250,99.2
127500,80.0
127750,75.6
128000,76.4
128250,97.6
128500,81.6
128750,98.4
129000,98.4
129250,99.2
129500,96.0
129750,99.2
130000,78.4
130250,88.0
130500,94.39999999999999
130750,100.0
131000,76.4
131250,59.199999999999996
131500,56.00000000000001
131750,59.599999999999994
132000,51.6
132250,84.8
132500,58.4
132750,64.0
133000,91.2
133250,80.0
133500,83.2
133750,65.60000000000001
134000,79.2
134250,83.2
134500,80.80000000000001
134750,86.4
135000,85.2
135250,65.60000000000001
135500,85.2
135750,65.2
136000,68.8
136250,64.4
136500,61.6
136750,84.0
137000,79.2
137250,76.0
137500,58.8
137750,88.8
138000,89.60000000000001
138250,84.8
138500,86.4
138750,96.0
139000,81.2
139250,82.39999999999999
139500,85.2
139750,81.2
140000,85.2
140250,71.6
140500,57.599999999999994
140750,55.60000000000001
141000,57.199999999999996
141250,52.800000000000004
141500,80.80000000000001
141750,77.60000000000001
142000,86.0
142250,78.0
142500,57.199999999999996
142750,46.800000000000004
143000,57.99999999999999
143250,55.2
143500,46.800000000000004
143750,59.199999999999996
144000,77.2
144250,62.0
144500,78.8
144750,73.6
145000,54.400000000000006
145250,51.2
145500,59.199999999999996
145750,97.6
146000,87.6
146250,76.8
146500,78.4
146750,86.8
147000,77.2
147250,85.6
147500,75.6
147750,76.4
148000,74.4
148250,82.39999999999999
148500,92.0
148750,85.6
149000,66.4
149250,87.6
149500,85.2
149750,94.8
150000,65.60000000000001
150250,68.8
150500,75.6
150750,71.2
151000,61.6
151250,69.6
151500,70.0
151750,69.6
152000,76.8
152250,70.39999999999999
152500,72.8
152750,91.60000000000001
153000,79.2
153250,74.4
153500,84.39999999999999
153750,87.6
154000,78.8
154250,74.0
154500,81.2
154750,88.4
155000,97.6
155250,73.2
155500,76.4
155750,72.8
156000,53.6
156250,54.0
156500,61.6
156750,59.599999999999994
157000,74.4
157250,34.0
157500,52.0
157750,51.2
158000,65.2
158250,34.8
158500,69.19999999999999
158750,75.6
159000,59.199999999999996
159250,90.8
159500,95.19999999999999
159750,92.0
160000,70.39999999999999
160250,76.4
160500,81.2
160750,80.4
161000,80.0
161250,86.8
161500,57.99999999999999
161750,80.4
162000,75.6
162250,66.8
162500,77.2
162750,78.4
163000,77.60000000000001
163250,77.60000000000001
163500,89.60000000000001
163750,95.19999999999999
164000,97.6
164250,96.8
164500,96.8
164750,85.2
165000,91.2
165250,76.8
165500,85.6
165750,86.8
166000,82.0
166250,64.8
166500,83.6
166750,90.8
167000,71.6
167250,94.8
167500,90.4
167750,77.60000000000001
168000,71.2
168250,52.800000000000004
168500,67.2
168750,76.8
169000,72.0
169250,89.60000000000001
169500,96.39999999999999
169750,78.0
170000,81.6
170250,79.2
170500,96.8
170750,88.0
171000,90.0
171250,87.2
171500,84.8
171750,89.2
172000,81.6
172250,84.8
172500,88.4
172750,88.8
173000,76.0
173250,72.8
173500,70.39999999999999
173750,72.39999999999999
174000,96.8
174250,57.199999999999996
174500,36.8
174750,23.200000000000003
175000,40.400000000000006
175250,64.4
175500,79.60000000000001
175750,74.0
176000,82.39999999999999
176250,84.39999999999999
176500,90.4
176750,98.4
177000,70.8
177250,28.799999999999997
177500,34.4
177750,44.800000000000004
178000,68.4
178250,60.8
178500,68.8
178750,38.4
179000,35.6
179250,68.4
179500,60.4
179750,54.0
180000,51.2
180250,48.8
180500,76.8
180750,36.8
181000,47.199999999999996
181250,73.2
181500,7.6
181750,22.8
182000,19.6
182250,54.400000000000006
182500,16.400000000000002
182750,46.0
183000,21.6
183250,29.599999999999998
183500,69.6
183750,66.4
184000,81.2
184250,45.2
184500,29.2
184750,59.199999999999996
185000,41.199999999999996
185250,39.2
185500,87.6
185750,84.0
