250,0.0
500,0.0
750,0.0
1000,0.0
1250,0.0
1500,0.0
1750,0.0
2000,0.0
2250,0.4
2500,0.0
2750,0.0
3000,0.0
3250,0.0
3500,0.0
3750,0.0
4000,0.0
4250,0.4
4500,0.0
4750,0.0
5000,0.0
5250,0.0
5500,0.0
5750,0.0
6000,0.0
6250,0.4
6500,0.0
6750,0.0
7000,0.0
7250,0.0
7500,0.0
7750,0.0
8000,0.0
8250,0.4
8500,0.0
8750,0.0
9000,0.0
9250,0.0
9500,0.0
9750,0.0
10000,0.0
10250,0.4
10500,0.0
10750,0.0
11000,0.0
11250,0.0
11500,0.0
11750,0.0
12000,0.0
12250,0.4
12500,0.0
12750,0.0
13000,0.0
13250,0.0
13500,0.0
13750,0.0
14000,0.0
14250,0.4
14500,0.0
14750,0.0
15000,0.0
15250,0.0
15500,0.0
15750,0.0
16000,0.0
16250,0.4
16500,0.0
16750,0.0
17000,0.0
17250,0.0
17500,0.0
17750,0.0
18000,0.0
18250,0.4
18500,0.0
18750,0.0
19000,0.0
19250,0.0
19500,0.0
19750,0.0
20000,0.0
20250,0.4
20500,0.0
20750,0.0
21000,0.0
21250,0.0
21500,0.0
21750,0.0
22000,0.0
22250,0.4
22500,0.0
22750,0.0
23000,0.0
23250,0.0
23500,0.0
23750,0.0
24000,0.0
24250,0.4
24500,0.0
24750,0.0
25000,0.0
25250,0.0
25500,0.0
25750,0.0
26000,0.0
26250,0.4
26500,0.0
26750,0.0
27000,0.0
27250,0.0
27500,0.0
27750,0.0
28000,0.0
28250,0.4
28500,0.0
28750,0.0
29000,0.0
29250,0.0
29500,0.0
29750,0.0
30000,0.0
30250,0.4
30500,0.0
30750,0.0
31000,0.0
31250,0.0
31500,0.0
31750,0.0
32000,0.0
32250,0.4
32500,0.0
32750,0.0
33000,0.0
33250,0.0
33500,0.0
33750,0.0
34000,0.0
34250,0.4
34500,0.0
34750,0.0
35000,0.0
35250,0.0
35500,0.0
35750,0.0
36000,0.0
36250,0.4
36500,0.0
36750,0.0
37000,0.0
37250,0.0
37500,0.0
37750,0.0
38000,0.0
38250,0.4
38500,0.0
38750,0.0
39000,0.0
39250,0.0
39500,0.0
39750,0.0
40000,0.0
40250,0.4
40500,0.0
40750,0.0
41000,0.0
41250,0.0
41500,0.0
41750,0.0
42000,0.0
42250,0.4
42500,0.0
42750,0.0
43000,0.0
43250,0.0
43500,0.0
43750,0.0
44000,0.0
44250,0.4
44500,0.0
44750,0.0
45000,0.0
45250,0.0
45500,0.0
45750,0.0
46000,0.0
46250,0.4
46500,0.0
46750,0.0
47000,0.0
47250,0.0
47500,0.0
47750,0.0
48000,0.0
48250,0.4
48500,0.0
48750,0.0
49000,0.0
49250,0.0
49500,0.0
49750,0.0
50000,0.0
50250,0.4
50500,0.0
50750,0.0
51000,0.0
51250,0.0
51500,0.0
51750,0.0
52000,0.0
52250,32.0
52500,78.8
52750,92.0
53000,46.400000000000006
53250,100.0
53500,89.2
53750,2.4
54000,24.8
54250,16.8
54500,20.0
54750,3.5999999999999996
55000,6.0
55250,28.799999999999997
55500,29.2
55750,20.4
56000,7.199999999999999
56250,2.4
56500,12.4
56750,18.8
57000,7.199999999999999
57250,14.799999999999999
57500,7.6
57750,10.4
58000,14.000000000000002
58250,13.200000000000001
58500,7.6
58750,21.6
59000,5.6000000000000005
59250,17.599999999999998
59500,12.4
59750,2.4
60000,1.6
60250,18.8
60500,9.6
60750,8.4
61000,4.8
61250,24.0
61500,16.0
61750,11.200000000000001
62000,19.2
62250,3.5999999999999996
62500,8.4
62750,22.400000000000002
63000,24.8
63250,12.0
63500,19.2
63750,40.0
64000,18.4
64250,15.2
64500,14.399999999999999
64750,10.8
65000,26.8
65250,14.799999999999999
65500,16.8
65750,16.8
66000,34.0
66250,18.8
66500,17.599999999999998
66750,24.8
67000,26.8
67250,20.0
67500,6.0
67750,13.200000000000001
68000,40.400000000000006
68250,72.0
68500,80.0
68750,3.5999999999999996
69000,3.2
69250,19.2
69500,18.4
69750,34.4
70000,34.0
70250,29.599999999999998
70500,4.3999999999999995
70750,15.6
71000,22.0
71250,14.799999999999999
71500,14.799999999999999
71750,11.600000000000001
72000,13.600000000000001
72250,7.199999999999999
72500,12.4
72750,9.2
73000,16.0
73250,6.800000000000001
73500,38.0
73750,15.6
74000,7.199999999999999
74250,11.600000000000001
74500,17.2
74750,7.199999999999999
75000,0.8
75250,9.6
75500,14.399999999999999
75750,24.4
76000,17.2
76250,33.6
76500,12.4
76750,9.2
77000,16.0
77250,24.0
77500,9.6
77750,24.0
78000,16.8
78250,19.2
78500,35.199999999999996
78750,35.6
79000,20.0
79250,16.0
79500,28.4
79750,18.8
80000,13.600000000000001
80250,32.800000000000004
80500,31.2
80750,27.6
81000,36.4
81250,14.799999999999999
81500,4.0
81750,4.0
82000,20.0
82250,21.6
82500,10.0
82750,20.8
83000,19.2
83250,7.6
83500,16.8
83750,16.8
84000,14.799999999999999
84250,26.8
84500,21.6
84750,3.5999999999999996
85000,0.4
85250,1.6
85500,27.200000000000003
85750,12.4
86000,15.6
86250,14.799999999999999
86500,30.4
86750,17.599999999999998
87000,7.199999999999999
87250,13.200000000000001
87500,21.6
87750,13.200000000000001
88000,10.0
88250,18.4
88500,29.599999999999998
88750,10.4
89000,12.4
89250,30.4
89500,12.4
89750,23.200000000000003
90000,1.6
90250,9.6
90500,14.399999999999999
90750,11.200000000000001
91000,13.200000000000001
91250,12.0
91500,22.8
91750,2.8000000000000003
92000,34.8
92250,16.400000000000002
92500,2.4
92750,10.4
93000,5.2
93250,44.800000000000004
93500,80.0
93750,60.8
94000,15.6
94250,4.8
94500,10.4
94750,8.799999999999999
95000,36.0
95250,42.0
95500,39.6
95750,72.39999999999999
96000,47.199999999999996
96250,35.199999999999996
96500,36.0
96750,23.599999999999998
97000,16.8
97250,23.200000000000003
97500,27.200000000000003
97750,37.2
98000,15.2
98250,15.6
98500,0.0
98750,3.5999999999999996
99000,42.0
99250,24.4
99500,11.200000000000001
99750,32.800000000000004
100000,36.4
100250,75.2
100500,86.4
100750,75.2
101000,80.80000000000001
101250,83.2
101500,70.0
101750,65.60000000000001
102000,72.0
102250,47.199999999999996
102500,28.000000000000004
102750,7.199999999999999
103000,11.200000000000001
103250,44.800000000000004
103500,41.6
103750,50.4
104000,83.2
104250,69.6
104500,78.4
104750,80.80000000000001
105000,79.2
105250,82.39999999999999
105500,72.0
105750,80.0
106000,31.6
106250,17.599999999999998
106500,20.4
106750,25.2
107000,32.0
107250,42.4
107500,53.2
107750,66.8
108000,24.4
108250,44.4
108500,33.2
108750,30.4
109000,47.199999999999996
109250,78.4
109500,57.599999999999994
109750,20.4
110000,32.4
110250,67.2
110500,75.6
110750,18.8
111000,28.4
111250,52.400000000000006
111500,58.8
111750,14.399999999999999
112000,3.2
112250,62.8
112500,82.0
112750,4.0
113000,25.2
113250,48.8
113500,21.2
113750,4.0
114000,23.200000000000003
114250,6.800000000000001
114500,4.0
114750,55.60000000000001
115000,44.800000000000004
115250,33.2
115500,8.799999999999999
115750,14.000000000000002
116000,20.0
116250,32.0
116500,74.0
116750,72.39999999999999
117000,37.6
117250,66.0
117500,86.4
117750,14.399999999999999
118000,23.200000000000003
118250,32.4
118500,46.800000000000004
118750,6.4
119000,67.2
119250,84.39999999999999
119500,21.6
119750,12.0
120000,14.399999999999999
120250,21.2
120500,49.2
120750,82.0
121000,28.4
121250,23.200000000000003
121500,27.6
121750,28.000000000000004
122000,42.0
122250,32.0
122500,28.799999999999997
122750,11.600000000000001
123000,18.0
123250,14.799999999999999
123500,48.4
123750,68.4
124000,36.8
124250,19.2
124500,40.8
124750,20.8
125000,16.400000000000002
125250,10.8
125500,46.400000000000006
125750,64.0
126000,69.6
126250,56.00000000000001
126500,69.6
126750,79.2
127000,71.2
127250,51.2
127500,44.0
127750,11.600000000000001
128000,24.0
128250,17.599999999999998
128500,24.8
128750,30.0
129000,40.400000000000006
129250,48.8
129500,40.8
129750,58.4
130000,53.6
130250,15.2
130500,32.4
130750,64.0
131000,6.800000000000001
131250,4.3999999999999995
131500,8.0
131750,35.6
132000,13.200000000000001
132250,24.8
132500,11.600000000000001
132750,2.0
133000,23.599999999999998
133250,16.0
133500,16.0
133750,10.4
134000,30.4
134250,16.400000000000002
134500,6.800000000000001
134750,8.799999999999999
135000,15.6
135250,4.0
135500,24.0
135750,18.4
136000,12.0
136250,20.8
136500,5.2
136750,0.8
137000,15.2
137250,20.8
137500,6.800000000000001
137750,30.0
138000,31.2
138250,20.4
138500,9.6
138750,7.6
139000,7.199999999999999
139250,14.799999999999999
139500,24.8
139750,18.4
140000,15.2
140250,17.2
140500,15.2
140750,26.400000000000002
141000,22.0
141250,12.0
141500,18.8
141750,25.6
142000,24.0
142250,19.6
142500,17.2
142750,7.199999999999999
143000,10.4
143250,14.000000000000002
143500,5.6000000000000005
143750,4.0
144000,7.6
144250,5.6000000000000005
144500,8.4
144750,23.599999999999998
145000,12.4
145250,17.2
145500,8.4
145750,32.0
146000,39.6
146250,20.0
146500,13.600000000000001
146750,7.6
147000,23.599999999999998
147250,6.0
147500,2.4
147750,8.799999999999999
148000,6.4
148250,4.3999999999999995
148500,10.0
148750,14.399999999999999
149000,15.6
149250,18.0
149500,19.6
149750,13.600000000000001
150000,10.4
150250,13.600000000000001
150500,14.399999999999999
150750,18.0
151000,11.200000000000001
151250,12.8
151500,5.2
151750,21.2
152000,18.8
152250,18.0
152500,12.4
152750,22.0
153000,15.2
153250,10.0
153500,17.2
153750,5.6000000000000005
154000,4.8
154250,5.6000000000000005
154500,10.0
154750,18.0
155000,35.199999999999996
155250,18.0
155500,17.2
155750,11.600000000000001
156000,5.6000000000000005
156250,5.6000000000000005
156500,7.199999999999999
156750,15.2
157000,12.0
157250,2.4
157500,19.2
157750,22.400000000000002
158000,14.000000000000002
158250,9.2
158500,24.4
158750,30.0
159000,10.0
159250,13.600000000000001
159500,20.8
159750,30.0
160000,24.0
160250,11.200000000000001
160500,32.0
160750,80.4
161000,64.0
161250,34.8
161500,1.6
161750,14.799999999999999
162000,13.200000000000001
162250,44.4
162500,22.0
162750,30.0
163000,16.400000000000002
163250,15.2
163500,36.4
163750,53.6
164000,32.800000000000004
164250,17.2
164500,42.8
164750,22.8
165000,27.200000000000003
165250,30.4
165500,6.4
165750,30.0
166000,26.0
166250,12.4
166500,7.199999999999999
166750,15.6
167000,7.6
167250,8.4
167500,14.399999999999999
167750,18.0
168000,16.0
168250,4.0
168500,6.0
168750,21.2
169000,10.0
169250,50.4
169500,57.199999999999996
169750,46.800000000000004
170000,12.8
170250,16.0
170500,55.2
170750,46.0
171000,46.0
171250,21.2
171500,17.2
171750,13.600000000000001
172000,14.399999999999999
172250,10.0
172500,25.6
172750,8.799999999999999
173000,40.8
173250,50.8
173500,17.599999999999998
173750,18.4
174000,22.0
174250,17.2
174500,12.8
174750,5.6000000000000005
175000,0.0
175250,16.8
175500,32.0
175750,12.4
176000,4.0
176250,26.8
176500,16.0
176750,12.0
177000,11.200000000000001
177250,20.0
177500,13.600000000000001
177750,5.6000000000000005
178000,16.8
178250,25.6
178500,21.2
178750,14.399999999999999
179000,3.2
179250,14.000000000000002
179500,9.6
179750,21.6
180000,12.0
180250,12.8
180500,70.0
180750,36.4
181000,47.199999999999996
181250,72.8
181500,6.800000000000001
181750,17.2
182000,16.400000000000002
182250,51.2
182500,10.8
182750,26.400000000000002
183000,6.4
183250,1.6
183500,44.0
183750,26.8
184000,15.2
184250,2.8000000000000003
184500,3.2
184750,6.0
185000,4.0
185250,26.400000000000002
185500,82.0
185750,82.39999999999999
