250,0.0
500,0.0
750,0.0
1000,0.0
1250,0.0
1500,0.0
1750,0.0
2000,0.0
2250,79.60000000000001
2500,0.0
2750,0.0
3000,0.0
3250,0.0
3500,0.0
3750,0.0
4000,0.0
4250,79.60000000000001
4500,0.0
4750,0.0
5000,0.0
5250,0.0
5500,0.0
5750,0.0
6000,0.0
6250,79.60000000000001
6500,0.0
6750,0.0
7000,0.0
7250,0.0
7500,0.0
7750,0.0
8000,0.0
8250,79.60000000000001
8500,0.0
8750,0.0
9000,0.0
9250,0.0
9500,0.0
9750,0.0
10000,0.0
10250,79.60000000000001
10500,0.0
10750,0.0
11000,0.0
11250,0.0
11500,0.0
11750,0.0
12000,0.0
12250,79.60000000000001
12500,0.0
12750,0.0
13000,0.0
13250,0.0
13500,0.0
13750,0.0
14000,0.0
14250,79.60000000000001
14500,0.0
14750,0.0
15000,0.0
15250,0.0
15500,0.0
15750,0.0
16000,0.0
16250,79.60000000000001
16500,0.0
16750,0.0
17000,0.0
17250,0.0
17500,0.0
17750,0.0
18000,0.0
18250,79.60000000000001
18500,0.0
18750,0.0
19000,0.0
19250,0.0
19500,0.0
19750,0.0
20000,0.0
20250,79.60000000000001
20500,0.0
20750,0.0
21000,0.0
21250,0.0
21500,0.0
21750,0.0
22000,0.0
22250,79.60000000000001
22500,0.0
22750,0.0
23000,0.0
23250,0.0
23500,0.0
23750,0.0
24000,0.0
24250,79.60000000000001
24500,0.0
24750,0.0
25000,0.0
25250,0.0
25500,0.0
25750,0.0
26000,0.0
26250,79.60000000000001
26500,0.0
26750,0.0
27000,0.0
27250,0.0
27500,0.0
27750,0.0
28000,0.0
28250,79.60000000000001
28500,0.0
28750,0.0
29000,0.0
29250,0.0
29500,0.0
29750,0.0
30000,0.0
30250,79.60000000000001
30500,0.0
30750,0.0
31000,0.0
31250,0.0
31500,0.0
31750,0.0
32000,0.0
32250,79.60000000000001
32500,0.0
32750,0.0
33000,0.0
33250,0.0
33500,0.0
33750,0.0
34000,0.0
34250,79.60000000000001
34500,0.0
34750,0.0
35000,0.0
35250,0.0
35500,0.0
35750,0.0
36000,0.0
36250,79.60000000000001
36500,0.0
36750,0.0
37000,0.0
37250,0.0
37500,0.0
37750,0.0
38000,0.0
38250,79.60000000000001
38500,0.0
38750,0.0
39000,0.0
39250,0.0
39500,0.0
39750,0.0
40000,0.0
40250,79.60000000000001
40500,0.0
40750,0.0
41000,0.0
41250,0.0
41500,0.0
41750,0.0
42000,0.0
42250,79.60000000000001
42500,0.0
42750,0.0
43000,0.0
43250,0.0
43500,0.0
43750,0.0
44000,0.0
44250,79.60000000000001
44500,0.0
44750,0.0
45000,0.0
45250,0.0
45500,0.0
45750,0.0
46000,0.0
46250,79.60000000000001
46500,0.0
46750,0.0
47000,0.0
47250,0.0
47500,0.0
47750,0.0
48000,0.0
48250,79.60000000000001
48500,0.0
48750,0.0
49000,0.0
49250,0.0
49500,0.0
49750,0.0
50000,0.0
50250,79.60000000000001
50500,0.0
50750,0.0
51000,0.0
51250,0.0
51500,0.0
51750,0.0
52000,0.0
52250,99.6
52500,100.0
52750,100.0
53000,90.0
53250,100.0
53500,92.0
53750,5.2
54000,23.200000000000003
54250,23.200000000000003
54500,10.0
54750,31.2
55000,8.0
55250,28.4
55500,22.400000000000002
55750,6.4
56000,2.4
56250,0.0
56500,19.2
56750,25.6
57000,10.0
57250,22.400000000000002
57500,23.200000000000003
57750,16.400000000000002
58000,5.2
58250,5.6000000000000005
58500,2.4
58750,20.4
59000,4.0
59250,4.8
59500,35.6
59750,3.2
60000,0.0
60250,8.0
60500,30.4
60750,40.0
61000,34.4
61250,26.400000000000002
61500,23.599999999999998
61750,5.6000000000000005
62000,6.4
62250,14.799999999999999
62500,16.400000000000002
62750,22.0
63000,37.2
63250,18.8
63500,28.000000000000004
63750,44.4
64000,64.8
64250,25.6
64500,12.0
64750,23.599999999999998
65000,56.00000000000001
65250,29.2
65500,32.800000000000004
65750,19.2
66000,60.4
66250,50.0
66500,38.800000000000004
66750,44.4
67000,47.199999999999996
67250,45.2
67500,18.0
67750,16.0
68000,50.8
68250,82.0
68500,86.4
68750,16.0
69000,15.2
69250,12.8
69500,33.6
69750,56.39999999999999
70000,73.6
70250,34.4
70500,14.799999999999999
70750,26.400000000000002
71000,23.200000000000003
71250,15.2
71500,20.8
71750,36.0
72000,40.8
72250,23.599999999999998
72500,34.4
72750,26.400000000000002
73000,43.2
73250,32.0
73500,38.4
73750,37.6
74000,18.4
74250,25.6
74500,22.400000000000002
74750,22.400000000000002
75000,21.6
75250,32.0
75500,43.6
75750,55.60000000000001
76000,37.2
76250,46.800000000000004
76500,43.2
76750,34.8
77000,50.4
77250,36.0
77500,14.399999999999999
77750,0.0
78000,11.200000000000001
78250,16.8
78500,69.19999999999999
78750,53.2
79000,59.599999999999994
79250,42.8
79500,7.6
79750,40.400000000000006
80000,43.2
80250,66.4
80500,69.6
80750,50.4
81000,59.199999999999996
81250,21.2
81500,32.0
81750,28.000000000000004
82000,0.8
82250,30.0
82500,33.2
82750,36.0
83000,41.6
83250,25.6
83500,32.0
83750,21.2
84000,18.8
84250,38.800000000000004
84500,30.4
84750,29.599999999999998
85000,17.599999999999998
85250,30.4
85500,24.8
85750,10.8
86000,17.2
86250,30.0
86500,52.800000000000004
86750,43.2
87000,28.000000000000004
87250,17.2
87500,20.8
87750,20.4
88000,12.4
88250,27.6
88500,28.799999999999997
88750,21.2
89000,29.2
89250,40.0
89500,32.4
89750,28.000000000000004
90000,0.8
90250,27.200000000000003
90500,29.2
90750,15.6
91000,18.8
91250,33.2
91500,43.6
91750,32.4
92000,25.6
92250,33.6
92500,16.0
92750,32.0
93000,12.4
93250,59.199999999999996
93500,92.4
93750,69.6
94000,38.4
94250,29.2
94500,26.400000000000002
94750,34.8
95000,63.6
95250,74.8
95500,76.0
95750,92.80000000000001
96000,46.0
96250,92.0
96500,62.0
96750,35.199999999999996
97000,57.599999999999994
97250,42.0
97500,56.00000000000001
97750,46.800000000000004
98000,53.2
98250,10.8
98500,21.2
98750,35.6
99000,74.0
99250,6.4
99500,1.2
99750,46.0
100000,63.6
100250,91.2
100500,98.4
100750,98.4
101000,99.2
101250,97.6
101500,92.0
101750,95.19999999999999
102000,96.8
102250,86.8
102500,23.200000000000003
102750,26.400000000000002
103000,11.600000000000001
103250,92.0
103500,57.599999999999994
103750,76.8
104000,94.39999999999999
104250,92.0
104500,96.0
104750,99.2
105000,99.2
105250,98.4
105500,97.6
105750,97.6
106000,64.0
106250,57.99999999999999
106500,33.6
106750,50.0
107000,64.0
107250,55.2
107500,73.2
107750,75.6
108000,46.0
108250,80.80000000000001
108500,63.2
108750,79.2
109000,96.0
109250,98.4
109500,84.8
109750,68.0
110000,32.800000000000004
110250,77.60000000000001
110500,88.8
110750,43.2
111000,82.0
111250,74.8
111500,86.8
111750,25.2
112000,34.4
112250,72.39999999999999
112500,93.60000000000001
112750,24.4
113000,68.4
113250,79.2
113500,34.4
113750,18.4
114000,20.4
114250,7.199999999999999
114500,21.6
114750,62.0
115000,56.8
115250,39.2
115500,30.0
115750,33.2
116000,19.2
116250,64.8
116500,87.2
116750,97.6
117000,56.39999999999999
117250,72.8
117500,99.2
117750,41.6
118000,72.8
118250,88.8
118500,91.2
118750,31.6
119000,76.0
119250,96.39999999999999
119500,50.8
119750,40.400000000000006
120000,48.0
120250,29.2
120500,54.0
120750,92.80000000000001
121000,37.2
121250,40.400000000000006
121500,55.2
121750,50.4
122000,82.39999999999999
122250,75.2
122500,16.8
122750,23.200000000000003
123000,23.200000000000003
123250,34.8
123500,83.2
123750,97.6
124000,47.599999999999994
124250,38.800000000000004
124500,78.4
124750,50.4
125000,50.8
125250,38.4
125500,76.8
125750,96.0
126000,95.19999999999999
126250,85.6
126500,97.6
126750,99.2
127000,96.0
127250,94.39999999999999
127500,67.2
127750,29.599999999999998
128000,36.0
128250,27.200000000000003
128500,24.8
128750,61.6
129000,72.8
129250,57.599999999999994
129500,56.00000000000001
129750,83.6
130000,68.0
130250,40.8
130500,66.8
130750,87.6
131000,14.799999999999999
131250,34.0
131500,31.6
131750,28.000000000000004
132000,39.6
132250,16.0
132500,10.4
132750,28.000000000000004
133000,40.0
133250,33.2
133500,12.0
133750,31.6
134000,41.6
134250,50.8
134500,24.4
134750,26.8
135000,26.400000000000002
135250,44.800000000000004
135500,41.6
135750,31.2
136000,10.4
136250,10.4
136500,33.6
136750,26.0
137000,19.2
137250,17.599999999999998
137500,11.200000000000001
137750,23.599999999999998
138000,50.0
138250,37.6
138500,12.0
138750,15.6
139000,34.8
139250,50.0
139500,41.6
139750,6.4
140000,14.000000000000002
140250,10.4
140500,10.0
140750,34.0
141000,16.400000000000002
141250,26.8
141500,19.2
141750,40.400000000000006
142000,33.2
142250,28.000000000000004
142500,16.8
142750,13.600000000000001
143000,9.2
143250,20.0
143500,18.8
143750,15.6
144000,32.0
144250,14.399999999999999
144500,28.000000000000004
144750,18.4
145000,15.2
145250,20.8
145500,21.6
145750,56.00000000000001
146000,74.4
146250,33.2
146500,25.2
146750,11.600000000000001
147000,34.8
147250,17.2
147500,31.6
147750,18.0
148000,18.0
148250,4.8
148500,26.400000000000002
148750,19.2
149000,30.4
149250,19.2
149500,12.8
149750,29.599999999999998
150000,17.599999999999998
150250,25.2
150500,15.2
150750,17.2
151000,8.0
151250,11.600000000000001
151500,9.2
151750,24.8
152000,40.8
152250,33.2
152500,26.8
152750,16.8
153000,11.200000000000001
153250,8.4
153500,30.0
153750,40.8
154000,7.199999999999999
154250,14.000000000000002
154500,17.2
154750,21.6
155000,46.400000000000006
155250,32.800000000000004
155500,20.4
155750,7.199999999999999
156000,16.8
156250,6.4
156500,9.2
156750,26.400000000000002
157000,22.0
157250,10.8
157500,15.2
157750,42.4
158000,23.599999999999998
158250,16.0
158500,25.2
158750,43.2
159000,35.199999999999996
159250,32.0
159500,31.2
159750,27.6
160000,24.0
160250,33.6
160500,32.4
160750,86.4
161000,76.8
161250,58.4
161500,13.600000000000001
161750,34.4
162000,49.2
162250,69.19999999999999
162500,38.0
162750,56.8
163000,32.0
163250,36.4
163500,72.8
163750,92.0
164000,60.0
164250,37.2
164500,69.19999999999999
164750,50.8
165000,45.6
165250,42.4
165500,26.8
165750,56.39999999999999
166000,37.6
166250,33.6
166500,23.200000000000003
166750,30.8
167000,28.799999999999997
167250,18.4
167500,22.8
167750,21.2
168000,21.6
168250,35.199999999999996
168500,29.599999999999998
168750,32.800000000000004
169000,24.4
169250,85.6
169500,97.2
169750,58.4
170000,41.199999999999996
170250,36.8
170500,87.6
170750,92.80000000000001
171000,76.0
171250,42.4
171500,20.8
171750,18.8
172000,34.8
172250,30.0
172500,55.2
172750,22.400000000000002
173000,67.2
173250,70.8
173500,23.200000000000003
173750,45.2
174000,56.8
174250,36.4
174500,0.8
174750,12.8
175000,19.2
175250,30.0
175500,58.8
175750,24.4
176000,17.2
176250,63.2
176500,56.8
176750,67.2
177000,36.8
177250,2.4
177500,4.0
177750,10.4
178000,20.0
178250,43.2
178500,47.199999999999996
178750,14.799999999999999
179000,13.600000000000001
179250,28.4
179500,18.4
179750,14.399999999999999
180000,4.8
180250,14.399999999999999
180500,73.6
180750,38.4
181000,57.99999999999999
181250,72.8
181500,5.2
181750,16.8
182000,24.4
182250,58.8
182500,20.4
182750,32.0
183000,21.6
183250,1.6
183500,52.0
183750,35.6
184000,36.4
184250,24.0
184500,22.0
184750,26.0
185000,4.8
185250,23.200000000000003
185500,83.2
185750,84.8
