250,0.0
500,0.0
750,0.0
1000,0.0
1250,0.0
1500,0.0
1750,0.0
2000,0.0
2250,99.6
2500,60.0
2750,0.0
3000,0.0
3250,0.0
3500,0.0
3750,0.0
4000,0.0
4250,99.6
4500,60.0
4750,0.0
5000,0.0
5250,0.0
5500,0.0
5750,0.0
6000,0.0
6250,99.6
6500,60.0
6750,0.0
7000,0.0
7250,0.0
7500,0.0
7750,0.0
8000,0.0
8250,99.6
8500,60.0
8750,0.0
9000,0.0
9250,0.0
9500,0.0
9750,0.0
10000,0.0
10250,99.6
10500,60.0
10750,0.0
11000,0.0
11250,0.0
11500,0.0
11750,0.0
12000,0.0
12250,99.6
12500,60.0
12750,0.0
13000,0.0
13250,0.0
13500,0.0
13750,0.0
14000,0.0
14250,99.6
14500,60.0
14750,0.0
15000,0.0
15250,0.0
15500,0.0
15750,0.0
16000,0.0
16250,99.6
16500,60.0
16750,0.0
17000,0.0
17250,0.0
17500,0.0
17750,0.0
18000,0.0
18250,99.6
18500,60.0
18750,0.0
19000,0.0
19250,0.0
19500,0.0
19750,0.0
20000,0.0
20250,99.6
20500,60.0
20750,0.0
21000,0.0
21250,0.0
21500,0.0
21750,0.0
22000,0.0
22250,99.6
22500,60.0
22750,0.0
23000,0.0
23250,0.0
23500,0.0
23750,0.0
24000,0.0
24250,99.6
24500,60.0
24750,0.0
25000,0.0
25250,0.0
25500,0.0
25750,0.0
26000,0.0
26250,99.6
26500,60.0
26750,0.0
27000,0.0
27250,0.0
27500,0.0
27750,0.0
28000,0.0
28250,99.6
28500,60.0
28750,0.0
29000,0.0
29250,0.0
29500,0.0
29750,0.0
30000,0.0
30250,99.6
30500,60.0
30750,0.0
31000,0.0
31250,0.0
31500,0.0
31750,0.0
32000,0.0
32250,99.6
32500,60.0
32750,0.0
33000,0.0
33250,0.0
33500,0.0
33750,0.0
34000,0.0
34250,99.6
34500,60.0
34750,0.0
35000,0.0
35250,0.0
35500,0.0
35750,0.0
36000,0.0
36250,99.6
36500,60.0
36750,0.0
37000,0.0
37250,0.0
37500,0.0
37750,0.0
38000,0.0
38250,99.6
38500,60.0
38750,0.0
39000,0.0
39250,0.0
39500,0.0
39750,0.0
40000,0.0
40250,99.6
40500,60.0
40750,0.0
41000,0.0
41250,0.0
41500,0.0
41750,0.0
42000,0.0
42250,99.6
42500,60.0
42750,0.0
43000,0.0
43250,0.0
43500,0.0
43750,0.0
44000,0.0
44250,99.6
44500,60.0
44750,0.0
45000,0.0
45250,0.0
45500,0.0
45750,0.0
46000,0.0
46250,99.6
46500,60.0
46750,0.0
47000,0.0
47250,0.0
47500,0.0
47750,0.0
48000,0.0
48250,99.6
48500,60.0
48750,0.0
49000,0.0
49250,0.0
49500,0.0
49750,0.0
50000,0.0
50250,99.6
50500,60.0
50750,0.0
51000,0.0
51250,0.0
51500,0.0
51750,0.0
52000,0.0
52250,99.6
52500,100.0
52750,100.0
53000,100.0
53250,100.0
53500,100.0
53750,80.0
54000,40.8
54250,92.80000000000001
54500,30.4
54750,42.4
55000,49.2
55250,63.6
55500,50.4
55750,36.8
56000,11.200000000000001
56250,2.4
56500,22.400000000000002
56750,55.2
57000,51.6
57250,66.4
57500,50.0
57750,48.4
58000,41.6
58250,22.400000000000002
58500,6.4
58750,23.599999999999998
59000,21.6
59250,15.2
59500,43.2
59750,8.0
60000,7.199999999999999
60250,28.000000000000004
60500,42.4
60750,64.8
61000,84.0
61250,56.8
61500,64.8
61750,66.4
62000,19.2
62250,20.4
62500,30.0
62750,69.6
63000,59.599999999999994
63250,53.2
63500,84.8
63750,80.0
64000,87.2
64250,58.4
64500,26.400000000000002
64750,43.6
65000,70.39999999999999
65250,74.0
65500,66.4
65750,52.800000000000004
66000,72.39999999999999
66250,69.19999999999999
66500,70.8
66750,92.4
67000,86.0
67250,89.60000000000001
67500,50.8
67750,46.0
68000,74.4
68250,90.8
68500,96.0
68750,40.400000000000006
69000,50.0
69250,58.4
69500,78.4
69750,81.6
70000,89.60000000000001
70250,72.8
70500,51.6
70750,76.8
71000,60.8
71250,44.0
71500,54.400000000000006
71750,54.400000000000006
72000,84.0
72250,72.0
72500,64.0
72750,97.6
73000,96.8
73250,92.80000000000001
73500,83.2
73750,98.4
74000,79.60000000000001
74250,70.8
74500,84.0
74750,56.39999999999999
75000,42.0
75250,40.0
75500,69.19999999999999
75750,66.4
76000,67.2
76250,93.60000000000001
76500,79.2
76750,86.4
77000,92.4
77250,60.8
77500,24.0
77750,9.6
78000,41.6
78250,44.800000000000004
78500,82.8
78750,80.80000000000001
79000,85.6
79250,77.2
79500,55.2
79750,80.0
80000,76.8
80250,89.60000000000001
80500,96.8
80750,93.60000000000001
81000,82.39999999999999
81250,73.2
81500,53.6
81750,67.60000000000001
82000,48.0
82250,56.39999999999999
82500,70.8
82750,59.199999999999996
83000,78.4
83250,95.19999999999999
83500,78.4
83750,88.8
84000,57.99999999999999
84250,70.8
84500,37.6
84750,72.0
85000,57.599999999999994
85250,82.39999999999999
85500,77.60000000000001
85750,29.2
86000,45.2
86250,60.0
86500,88.0
86750,83.6
87000,68.4
87250,57.99999999999999
87500,49.6
87750,51.2
88000,47.199999999999996
88250,67.60000000000001
88500,68.8
88750,76.8
89000,77.60000000000001
89250,87.2
89500,72.39999999999999
89750,69.6
90000,32.800000000000004
90250,58.4
90500,68.4
90750,50.8
91000,41.6
91250,70.39999999999999
91500,92.0
91750,92.0
92000,69.6
92250,84.8
92500,62.4
92750,89.60000000000001
93000,42.8
93250,80.0
93500,92.4
93750,81.6
94000,77.60000000000001
94250,54.800000000000004
94500,61.199999999999996
94750,92.80000000000001
95000,96.0
95250,96.8
95500,93.60000000000001
95750,97.6
96000,60.0
96250,100.0
96500,96.8
96750,76.4
97000,90.0
97250,78.4
97500,92.80000000000001
97750,91.2
98000,97.6
98250,54.800000000000004
98500,28.799999999999997
98750,57.199999999999996
99000,81.2
99250,42.8
99500,48.8
99750,69.6
100000,88.8
100250,96.8
100500,100.0
100750,99.2
101000,99.2
101250,99.2
101500,96.8
101750,96.0
102000,96.8
102250,87.6
102500,45.6
102750,61.199999999999996
103000,63.6
103250,96.0
103500,70.39999999999999
103750,97.6
104000,98.4
104250,96.8
104500,98.4
104750,99.2
105000,99.2
105250,100.0
105500,99.2
105750,99.2
106000,82.39999999999999
106250,77.2
106500,75.6
106750,98.8
107000,100.0
107250,82.8
107500,85.2
107750,97.6
108000,96.0
108250,88.0
108500,84.8
108750,90.4
109000,98.4
109250,100.0
109500,98.4
109750,93.60000000000001
110000,78.0
110250,82.39999999999999
110500,99.2
110750,89.60000000000001
111000,98.4
111250,92.0
111500,91.60000000000001
111750,62.0
112000,76.0
112250,83.6
112500,99.2
112750,74.0
113000,91.60000000000001
113250,88.0
113500,62.4
113750,41.6
114000,72.0
114250,38.800000000000004
114500,67.2
114750,76.0
115000,79.60000000000001
115250,57.99999999999999
115500,72.39999999999999
115750,79.60000000000001
116000,55.2
116250,90.4
116500,91.2
116750,98.4
117000,88.0
117250,81.2
117500,99.2
117750,95.19999999999999
118000,99.2
118250,100.0
118500,98.4
118750,80.80000000000001
119000,98.4
119250,100.0
119500,99.2
119750,92.80000000000001
120000,88.0
120250,94.39999999999999
120500,76.4
120750,95.19999999999999
121000,83.6
121250,78.8
121500,78.4
121750,92.80000000000001
122000,93.60000000000001
122250,98.4
122500,60.0
122750,95.19999999999999
123000,85.6
123250,92.80000000000001
123500,95.6
123750,100.0
124000,81.6
124250,95.19999999999999
124500,92.80000000000001
124750,88.8
125000,83.2
125250,98.4
125500,100.0
125750,98.4
126000,97.6
126250,99.2
126500,100.0
126750,99.2
127000,97.6
127250,100.0
127500,80.0
127750,79.2
128000,86.4
128250,90.0
128500,59.599999999999994
128750,96.0
129000,91.2
129250,93.60000000000001
129500,83.2
129750,98.4
130000,77.60000000000001
130250,93.60000000000001
130500,96.0
130750,99.2
131000,56.8
131250,65.60000000000001
131500,66.0
131750,53.6
132000,86.8
132250,76.4
132500,56.00000000000001
132750,73.6
133000,78.4
133250,74.0
133500,65.2
133750,74.4
134000,87.2
134250,84.8
134500,53.6
134750,88.0
135000,84.8
135250,79.60000000000001
135500,68.4
135750,66.0
136000,50.8
136250,45.6
136500,55.2
136750,76.8
137000,57.199999999999996
137250,63.2
137500,56.00000000000001
137750,66.8
138000,91.2
138250,87.2
138500,64.4
138750,93.60000000000001
139000,78.8
139250,85.2
139500,80.80000000000001
139750,51.2
140000,68.0
140250,52.400000000000006
140500,33.6
140750,74.0
141000,43.2
141250,67.60000000000001
141500,80.0
141750,75.6
142000,88.0
142250,70.0
142500,46.0
142750,48.0
143000,76.4
143250,44.800000000000004
143500,32.4
143750,57.199999999999996
144000,67.60000000000001
144250,49.2
144500,65.60000000000001
144750,61.6
145000,46.400000000000006
145250,46.400000000000006
145500,76.8
145750,98.0
146000,88.0
146250,72.39999999999999
146500,87.6
146750,88.8
147000,78.0
147250,92.0
147500,70.8
147750,56.00000000000001
148000,57.99999999999999
148250,60.4
148500,52.400000000000006
148750,65.2
149000,72.0
149250,78.4
149500,49.2
149750,81.6
150000,54.0
150250,73.6
150500,70.39999999999999
150750,64.0
151000,56.39999999999999
151250,54.800000000000004
151500,50.8
151750,56.00000000000001
152000,71.6
152250,75.6
152500,64.0
152750,73.6
153000,71.2
153250,46.400000000000006
153500,67.60000000000001
153750,70.8
154000,54.0
154250,59.599999999999994
154500,51.2
154750,75.2
155000,68.8
155250,62.4
155500,73.2
155750,48.0
156000,60.8
156250,38.800000000000004
156500,39.6
156750,75.2
157000,62.4
157250,22.0
157500,35.199999999999996
157750,80.80000000000001
158000,60.4
158250,46.400000000000006
158500,65.60000000000001
158750,60.0
159000,71.2
159250,87.6
159500,87.6
159750,94.39999999999999
160000,75.6
160250,60.8
160500,66.8
160750,86.4
161000,88.8
161250,85.2
161500,48.0
161750,66.4
162000,75.6
162250,74.8
162500,78.0
162750,93.60000000000001
163000,79.2
163250,92.0
163500,96.0
163750,99.2
164000,94.39999999999999
164250,88.8
164500,96.8
164750,83.6
165000,92.80000000000001
165250,71.2
165500,78.8
165750,94.39999999999999
166000,81.2
166250,71.6
166500,82.0
166750,93.2
167000,80.0
167250,82.0
167500,48.8
167750,74.8
168000,50.4
168250,65.60000000000001
168500,63.2
168750,56.00000000000001
169000,66.0
169250,96.0
169500,98.0
169750,68.4
170000,78.8
170250,85.6
170500,97.2
170750,92.80000000000001
171000,99.6
171250,89.2
171500,74.4
171750,75.6
172000,68.8
172250,87.2
172500,92.80000000000001
172750,90.0
173000,85.2
173250,79.2
173500,65.60000000000001
173750,93.60000000000001
174000,100.0
174250,57.199999999999996
174500,21.6
174750,16.0
175000,36.0
175250,49.6
175500,72.39999999999999
175750,52.800000000000004
176000,90.0
176250,95.19999999999999
176500,93.2
176750,99.2
177000,71.6
177250,21.6
177500,17.599999999999998
177750,20.0
178000,27.6
178250,58.4
178500,62.4
178750,23.200000000000003
179000,41.6
179250,78.4
179500,66.4
179750,59.599999999999994
180000,50.4
180250,20.8
180500,73.6
180750,38.4
181000,63.6
181250,73.6
181500,5.2
181750,18.4
182000,24.8
182250,64.4
182500,38.800000000000004
182750,55.2
183000,38.800000000000004
183250,17.2
183500,64.0
183750,75.6
184000,79.2
184250,50.0
184500,34.4
184750,37.6
185000,18.0
185250,27.6
185500,83.2
185750,84.8
