250,0.0
500,0.0
750,0.0
1000,0.0
1250,0.0
1500,0.0
1750,0.0
2000,0.0
2250,39.6
2500,0.0
2750,0.0
3000,0.0
3250,0.0
3500,0.0
3750,0.0
4000,0.0
4250,39.6
4500,0.0
4750,0.0
5000,0.0
5250,0.0
5500,0.0
5750,0.0
6000,0.0
6250,39.6
6500,0.0
6750,0.0
7000,0.0
7250,0.0
7500,0.0
7750,0.0
8000,0.0
8250,39.6
8500,0.0
8750,0.0
9000,0.0
9250,0.0
9500,0.0
9750,0.0
10000,0.0
10250,39.6
10500,0.0
10750,0.0
11000,0.0
11250,0.0
11500,0.0
11750,0.0
12000,0.0
12250,39.6
12500,0.0
12750,0.0
13000,0.0
13250,0.0
13500,0.0
13750,0.0
14000,0.0
14250,39.6
14500,0.0
14750,0.0
15000,0.0
15250,0.0
15500,0.0
15750,0.0
16000,0.0
16250,39.6
16500,0.0
16750,0.0
17000,0.0
17250,0.0
17500,0.0
17750,0.0
18000,0.0
18250,39.6
18500,0.0
18750,0.0
19000,0.0
19250,0.0
19500,0.0
19750,0.0
20000,0.0
20250,39.6
20500,0.0
20750,0.0
21000,0.0
21250,0.0
21500,0.0
21750,0.0
22000,0.0
22250,39.6
22500,0.0
22750,0.0
23000,0.0
23250,0.0
23500,0.0
23750,0.0
24000,0.0
24250,39.6
24500,0.0
24750,0.0
25000,0.0
25250,0.0
25500,0.0
25750,0.0
26000,0.0
26250,39.6
26500,0.0
26750,0.0
27000,0.0
27250,0.0
27500,0.0
27750,0.0
28000,0.0
28250,39.6
28500,0.0
28750,0.0
29000,0.0
29250,0.0
29500,0.0
29750,0.0
30000,0.0
30250,39.6
30500,0.0
30750,0.0
31000,0.0
31250,0.0
31500,0.0
31750,0.0
32000,0.0
32250,39.6
32500,0.0
32750,0.0
33000,0.0
33250,0.0
33500,0.0
33750,0.0
34000,0.0
34250,39.6
34500,0.0
34750,0.0
35000,0.0
35250,0.0
35500,0.0
35750,0.0
36000,0.0
36250,39.6
36500,0.0
36750,0.0
37000,0.0
37250,0.0
37500,0.0
37750,0.0
38000,0.0
38250,39.6
38500,0.0
38750,0.0
39000,0.0
39250,0.0
39500,0.0
39750,0.0
40000,0.0
40250,39.6
40500,0.0
40750,0.0
41000,0.0
41250,0.0
41500,0.0
41750,0.0
42000,0.0
42250,39.6
42500,0.0
42750,0.0
43000,0.0
43250,0.0
43500,0.0
43750,0.0
44000,0.0
44250,39.6
44500,0.0
44750,0.0
45000,0.0
45250,0.0
45500,0.0
45750,0.0
46000,0.0
46250,39.6
46500,0.0
46750,0.0
47000,0.0
47250,0.0
47500,0.0
47750,0.0
48000,0.0
48250,39.6
48500,0.0
48750,0.0
49000,0.0
49250,0.0
49500,0.0
49750,0.0
50000,0.0
50250,39.6
50500,0.0
50750,0.0
51000,0.0
51250,0.0
51500,0.0
51750,0.0
52000,0.0
52250,81.2
52500,88.0
52750,100.0
53000,53.6
53250,91.2
53500,90.0
53750,4.0
54000,23.200000000000003
54250,13.600000000000001
54500,7.199999999999999
54750,20.8
55000,7.199999999999999
55250,21.6
55500,10.0
55750,5.6000000000000005
56000,2.4
56250,0.0
56500,18.0
56750,2.8000000000000003
57000,9.6
57250,7.199999999999999
57500,20.4
57750,8.799999999999999
58000,3.2
58250,3.2
58500,2.4
58750,13.200000000000001
59000,2.4
59250,4.0
59500,12.8
59750,1.6
60000,0.0
60250,4.8
60500,13.600000000000001
60750,27.6
61000,26.400000000000002
61250,10.4
61500,7.199999999999999
61750,1.2
62000,4.0
62250,14.799999999999999
62500,13.600000000000001
62750,11.200000000000001
63000,11.600000000000001
63250,5.2
63500,19.2
63750,20.8
64000,36.8
64250,14.399999999999999
64500,1.6
64750,10.0
65000,40.0
65250,14.399999999999999
65500,7.199999999999999
65750,12.0
66000,24.4
66250,21.2
66500,26.0
66750,17.2
67000,24.4
67250,14.000000000000002
67500,11.600000000000001
67750,8.799999999999999
68000,48.4
68250,82.0
68500,84.0
68750,4.8
69000,13.600000000000001
69250,12.0
69500,17.599999999999998
69750,30.8
70000,49.6
70250,15.2
70500,14.000000000000002
70750,18.4
71000,14.399999999999999
71250,13.600000000000001
71500,0.0
71750,15.6
72000,24.0
72250,16.8
72500,29.2
72750,22.0
73000,11.200000000000001
73250,18.4
73500,24.0
73750,13.600000000000001
74000,8.0
74250,20.8
74500,8.4
74750,10.4
75000,8.799999999999999
75250,11.200000000000001
75500,25.6
75750,20.0
76000,24.0
76250,25.2
76500,15.6
76750,15.2
77000,24.0
77250,11.200000000000001
77500,7.199999999999999
77750,0.0
78000,3.2
78250,9.6
78500,22.400000000000002
78750,30.0
79000,20.0
79250,18.0
79500,4.3999999999999995
79750,19.6
80000,24.8
80250,18.8
80500,22.400000000000002
80750,12.8
81000,30.4
81250,6.800000000000001
81500,16.8
81750,16.0
82000,0.8
82250,19.2
82500,11.200000000000001
82750,17.599999999999998
83000,19.2
83250,10.4
83500,12.0
83750,9.2
84000,8.799999999999999
84250,19.2
84500,12.0
84750,6.4
85000,6.4
85250,16.0
85500,13.600000000000001
85750,7.6
86000,10.8
86250,5.6000000000000005
86500,18.8
86750,12.8
87000,17.599999999999998
87250,11.600000000000001
87500,14.799999999999999
87750,9.2
88000,8.0
88250,10.4
88500,20.4
88750,8.0
89000,11.200000000000001
89250,22.400000000000002
89500,19.6
89750,9.6
90000,0.0
90250,6.4
90500,17.2
90750,8.799999999999999
91000,14.000000000000002
91250,22.8
91500,18.4
91750,12.8
92000,24.8
92250,20.0
92500,4.8
92750,2.8000000000000003
93000,10.0
93250,48.4
93500,92.0
93750,56.39999999999999
94000,19.6
94250,15.2
94500,9.2
94750,16.8
95000,18.0
95250,28.4
95500,17.599999999999998
95750,46.800000000000004
96000,18.0
96250,34.0
96500,18.0
96750,12.0
97000,16.8
97250,8.0
97500,20.8
97750,12.0
98000,23.599999999999998
98250,3.5999999999999996
98500,16.0
98750,17.2
99000,20.4
99250,3.2
99500,0.4
99750,25.6
100000,23.200000000000003
100250,63.2
100500,73.6
100750,64.0
101000,71.2
101250,72.8
101500,51.2
101750,48.4
102000,71.6
102250,52.0
102500,5.6000000000000005
102750,12.0
103000,7.199999999999999
103250,64.8
103500,32.0
103750,33.6
104000,74.4
104250,44.0
104500,53.2
104750,59.199999999999996
105000,64.8
105250,52.0
105500,50.4
105750,59.599999999999994
106000,22.400000000000002
106250,34.0
106500,8.799999999999999
106750,12.8
107000,31.2
107250,30.4
107500,64.0
107750,73.2
108000,21.2
108250,32.0
108500,17.2
108750,32.4
109000,56.00000000000001
109250,51.6
109500,28.000000000000004
109750,20.4
110000,20.4
110250,75.2
110500,88.0
110750,15.2
111000,21.2
111250,21.6
111500,32.0
111750,13.600000000000001
112000,18.0
112250,72.39999999999999
112500,92.80000000000001
112750,8.799999999999999
113000,15.2
113250,28.000000000000004
113500,9.6
113750,12.0
114000,6.4
114250,2.4
114500,14.399999999999999
114750,56.00000000000001
115000,44.800000000000004
115250,25.6
115500,18.0
115750,23.200000000000003
116000,9.6
116250,30.4
116500,57.599999999999994
116750,50.0
117000,28.799999999999997
117250,72.0
117500,99.2
117750,22.0
118000,17.599999999999998
118250,20.0
118500,40.8
118750,20.0
119000,72.39999999999999
119250,95.19999999999999
119500,20.0
119750,26.0
120000,28.4
120250,18.8
120500,45.6
120750,85.6
121000,30.0
121250,20.8
121500,14.399999999999999
121750,13.600000000000001
122000,16.0
122250,32.4
122500,6.4
122750,8.0
123000,8.0
123250,8.4
123500,50.8
123750,67.2
124000,10.8
124250,25.2
124500,42.4
124750,14.399999999999999
125000,20.0
125250,14.399999999999999
125500,40.0
125750,68.4
126000,61.6
126250,30.8
126500,41.6
126750,67.2
127000,58.4
127250,27.6
127500,19.6
127750,10.8
128000,15.2
128250,3.2
128500,0.0
128750,36.0
129000,20.8
129250,22.400000000000002
129500,17.599999999999998
129750,34.4
130000,49.6
130250,16.0
130500,12.8
130750,34.8
131000,8.4
131250,14.000000000000002
131500,15.6
131750,21.2
132000,16.400000000000002
132250,8.0
132500,6.4
132750,15.2
133000,19.2
133250,12.8
133500,4.0
133750,9.2
134000,24.8
134250,23.599999999999998
134500,11.200000000000001
134750,4.3999999999999995
135000,14.399999999999999
135250,25.2
135500,20.0
135750,18.4
136000,8.799999999999999
136250,4.8
136500,6.800000000000001
136750,17.599999999999998
137000,6.4
137250,4.3999999999999995
137500,4.8
137750,7.199999999999999
138000,28.799999999999997
138250,16.0
138500,3.2
138750,4.3999999999999995
139000,22.0
139250,28.799999999999997
139500,17.2
139750,2.4
140000,1.6
140250,5.6000000000000005
140500,1.6
140750,12.8
141000,3.5999999999999996
141250,11.200000000000001
141500,8.4
141750,17.599999999999998
142000,9.6
142250,6.0
142500,10.4
142750,6.4
143000,6.800000000000001
143250,13.600000000000001
143500,7.6
143750,5.6000000000000005
144000,14.399999999999999
144250,4.3999999999999995
144500,13.600000000000001
144750,7.199999999999999
145000,11.200000000000001
145250,11.200000000000001
145500,7.199999999999999
145750,28.799999999999997
146000,24.4
146250,12.4
146500,8.0
146750,2.4
147000,10.8
147250,6.0
147500,6.4
147750,9.2
148000,10.8
148250,3.2
148500,16.400000000000002
148750,9.6
149000,19.2
149250,8.799999999999999
149500,6.4
149750,8.0
150000,7.199999999999999
150250,10.8
150500,2.0
150750,6.0
151000,4.0
151250,6.4
151500,1.6
151750,12.4
152000,12.0
152250,9.2
152500,7.6
152750,11.200000000000001
153000,3.2
153250,6.0
153500,6.0
153750,26.400000000000002
154000,2.8000000000000003
154250,12.0
154500,6.4
154750,16.0
155000,19.2
155250,17.2
155500,13.200000000000001
155750,6.4
156000,7.199999999999999
156250,4.0
156500,5.2
156750,14.799999999999999
157000,6.4
157250,2.4
157500,5.6000000000000005
157750,6.4
158000,10.0
158250,6.4
158500,22.8
158750,24.4
159000,17.599999999999998
159250,20.0
159500,8.799999999999999
159750,11.200000000000001
160000,16.8
160250,9.6
160500,26.8
160750,86.4
161000,73.6
161250,26.8
161500,3.2
161750,17.599999999999998
162000,20.4
162250,30.4
162500,12.8
162750,22.400000000000002
163000,13.200000000000001
163250,12.0
163500,34.4
163750,48.0
164000,36.0
164250,13.600000000000001
164500,30.0
164750,15.6
165000,9.6
165250,16.8
165500,13.200000000000001
165750,29.2
166000,8.799999999999999
166250,16.8
166500,14.799999999999999
166750,20.4
167000,16.8
167250,8.0
167500,13.600000000000001
167750,17.2
168000,8.0
168250,20.0
168500,20.4
168750,18.4
169000,14.799999999999999
169250,60.8
169500,38.0
169750,27.200000000000003
170000,15.2
170250,9.6
170500,50.4
170750,56.39999999999999
171000,18.0
171250,19.6
171500,17.2
171750,14.399999999999999
172000,18.4
172250,9.6
172500,18.8
172750,4.8
173000,59.199999999999996
173250,37.6
173500,1.2
173750,18.4
174000,25.6
174250,22.8
174500,0.8
174750,9.6
175000,11.600000000000001
175250,28.4
175500,42.8
175750,14.399999999999999
176000,11.600000000000001
176250,33.2
176500,30.0
176750,37.6
177000,12.8
177250,1.6
177500,4.0
177750,3.2
178000,17.599999999999998
178250,21.6
178500,26.8
178750,1.2
179000,3.2
179250,13.200000000000001
179500,6.4
179750,7.199999999999999
180000,4.0
180250,1.6
180500,73.6
180750,38.4
181000,55.60000000000001
181250,72.8
181500,4.3999999999999995
181750,15.6
182000,22.0
182250,55.2
182500,10.8
182750,23.200000000000003
183000,12.0
183250,1.6
183500,30.4
183750,25.6
184000,18.4
184250,20.0
184500,16.400000000000002
184750,10.8
185000,3.2
185250,23.200000000000003
185500,83.2
185750,84.8
