250,0.0
500,0.0
750,0.0
1000,0.0
1250,0.0
1500,0.0
1750,0.0
2000,0.0
2250,99.6
2500,20.0
2750,0.0
3000,0.0
3250,0.0
3500,0.0
3750,0.0
4000,0.0
4250,99.6
4500,20.0
4750,0.0
5000,0.0
5250,0.0
5500,0.0
5750,0.0
6000,0.0
6250,99.6
6500,20.0
6750,0.0
7000,0.0
7250,0.0
7500,0.0
7750,0.0
8000,0.0
8250,99.6
8500,20.0
8750,0.0
9000,0.0
9250,0.0
9500,0.0
9750,0.0
10000,0.0
10250,99.6
10500,20.0
10750,0.0
11000,0.0
11250,0.0
11500,0.0
11750,0.0
12000,0.0
12250,99.6
12500,20.0
12750,0.0
13000,0.0
13250,0.0
13500,0.0
13750,0.0
14000,0.0
14250,99.6
14500,20.0
14750,0.0
15000,0.0
15250,0.0
15500,0.0
15750,0.0
16000,0.0
16250,99.6
16500,20.0
16750,0.0
17000,0.0
17250,0.0
17500,0.0
17750,0.0
18000,0.0
18250,99.6
18500,20.0
18750,0.0
19000,0.0
19250,0.0
19500,0.0
19750,0.0
20000,0.0
20250,99.6
20500,20.0
20750,0.0
21000,0.0
21250,0.0
21500,0.0
21750,0.0
22000,0.0
22250,99.6
22500,20.0
22750,0.0
23000,0.0
23250,0.0
23500,0.0
23750,0.0
24000,0.0
24250,99.6
24500,20.0
24750,0.0
25000,0.0
25250,0.0
25500,0.0
25750,0.0
26000,0.0
26250,99.6
26500,20.0
26750,0.0
27000,0.0
27250,0.0
27500,0.0
27750,0.0
28000,0.0
28250,99.6
28500,20.0
28750,0.0
29000,0.0
29250,0.0
29500,0.0
29750,0.0
30000,0.0
30250,99.6
30500,20.0
30750,0.0
31000,0.0
31250,0.0
31500,0.0
31750,0.0
32000,0.0
32250,99.6
32500,20.0
32750,0.0
33000,0.0
33250,0.0
33500,0.0
33750,0.0
34000,0.0
34250,99.6
34500,20.0
34750,0.0
35000,0.0
35250,0.0
35500,0.0
35750,0.0
36000,0.0
36250,99.6
36500,20.0
36750,0.0
37000,0.0
37250,0.0
37500,0.0
37750,0.0
38000,0.0
38250,99.6
38500,20.0
38750,0.0
39000,0.0
39250,0.0
39500,0.0
39750,0.0
40000,0.0
40250,99.6
40500,20.0
40750,0.0
41000,0.0
41250,0.0
41500,0.0
41750,0.0
42000,0.0
42250,99.6
42500,20.0
42750,0.0
43000,0.0
43250,0.0
43500,0.0
43750,0.0
44000,0.0
44250,99.6
44500,20.0
44750,0.0
45000,0.0
45250,0.0
45500,0.0
45750,0.0
46000,0.0
46250,99.6
46500,20.0
46750,0.0
47000,0.0
47250,0.0
47500,0.0
47750,0.0
48000,0.0
48250,99.6
48500,20.0
48750,0.0
49000,0.0
49250,0.0
49500,0.0
49750,0.0
50000,0.0
50250,99.6
50500,20.0
50750,0.0
51000,0.0
51250,0.0
51500,0.0
51750,0.0
52000,0.0
52250,99.6
52500,100.0
52750,100.0
53000,100.0
53250,100.0
53500,100.0
53750,34.0
54000,25.6
54250,66.0
54500,25.2
54750,38.0
55000,39.6
55250,60.0
55500,49.6
55750,35.199999999999996
56000,2.4
56250,1.2
56500,19.2
56750,43.6
57000,29.599999999999998
57250,49.6
57500,35.199999999999996
57750,21.2
58000,20.4
58250,17.599999999999998
58500,2.4
58750,22.0
59000,10.4
59250,5.6000000000000005
59500,39.6
59750,4.0
60000,2.4
60250,14.399999999999999
60500,32.0
60750,52.0
61000,64.8
61250,39.2
61500,60.8
61750,29.599999999999998
62000,8.799999999999999
62250,14.799999999999999
62500,30.0
62750,50.0
63000,42.0
63250,37.6
63500,68.4
63750,64.4
64000,83.2
64250,31.2
64500,15.2
64750,39.6
65000,70.39999999999999
65250,48.0
65500,56.39999999999999
65750,37.6
66000,66.0
66250,61.199999999999996
66500,64.4
66750,83.6
67000,76.8
67250,81.2
67500,40.400000000000006
67750,34.0
68000,63.6
68250,82.0
68500,86.4
68750,38.0
69000,38.0
69250,35.199999999999996
69500,52.0
69750,81.6
70000,84.8
70250,62.4
70500,35.6
70750,65.60000000000001
71000,44.800000000000004
71250,35.199999999999996
71500,46.400000000000006
71750,43.2
72000,60.8
72250,51.6
72500,57.599999999999994
72750,56.00000000000001
73000,71.2
73250,73.6
73500,69.6
73750,64.0
74000,45.2
74250,43.6
74500,68.0
74750,46.800000000000004
75000,26.0
75250,33.6
75500,53.2
75750,66.4
76000,56.39999999999999
76250,78.8
76500,70.39999999999999
76750,75.2
77000,79.60000000000001
77250,54.800000000000004
77500,19.2
77750,0.0
78000,32.800000000000004
78250,38.4
78500,78.0
78750,75.2
79000,84.8
79250,67.60000000000001
79500,35.199999999999996
79750,58.8
80000,66.4
80250,84.0
80500,92.80000000000001
80750,84.8
81000,78.0
81250,52.800000000000004
81500,53.6
81750,54.400000000000006
82000,13.200000000000001
82250,39.6
82500,57.99999999999999
82750,52.800000000000004
83000,62.4
83250,54.400000000000006
83500,51.2
83750,62.0
84000,38.0
84250,61.199999999999996
84500,35.199999999999996
84750,40.8
85000,26.0
85250,54.400000000000006
85500,50.4
85750,17.2
86000,23.599999999999998
86250,52.400000000000006
86500,84.0
86750,53.6
87000,47.199999999999996
87250,31.6
87500,24.0
87750,42.4
88000,28.799999999999997
88250,50.0
88500,54.400000000000006
88750,48.8
89000,60.8
89250,63.2
89500,50.8
89750,47.199999999999996
90000,15.2
90250,53.2
90500,44.4
90750,24.0
91000,33.2
91250,62.8
91500,74.8
91750,69.19999999999999
92000,68.0
92250,62.8
92500,19.2
92750,64.0
93000,15.6
93250,68.8
93500,92.4
93750,79.2
94000,68.4
94250,38.800000000000004
94500,38.4
94750,47.599999999999994
95000,83.6
95250,93.2
95500,92.80000000000001
95750,96.8
96000,59.199999999999996
96250,100.0
96500,82.39999999999999
96750,62.0
97000,86.8
97250,76.0
97500,82.0
97750,71.2
98000,93.60000000000001
98250,37.6
98500,23.200000000000003
98750,40.400000000000006
99000,78.8
99250,20.8
99500,14.799999999999999
99750,50.8
100000,74.8
100250,94.39999999999999
100500,99.2
100750,99.2
101000,99.2
101250,99.2
101500,96.0
101750,96.0
102000,96.8
102250,86.8
102500,38.4
102750,45.2
103000,26.400000000000002
103250,92.80000000000001
103500,68.0
103750,97.6
104000,98.4
104250,96.0
104500,98.4
104750,99.2
105000,99.2
105250,100.0
105500,99.2
105750,99.2
106000,81.6
106250,76.4
106500,70.8
106750,83.6
107000,92.80000000000001
107250,78.0
107500,83.6
107750,88.0
108000,64.0
108250,83.2
108500,83.2
108750,89.60000000000001
109000,98.4
109250,100.0
109500,97.6
109750,76.8
110000,66.0
110250,80.0
110500,96.8
110750,60.8
111000,88.8
111250,88.0
111500,91.60000000000001
111750,46.0
112000,52.0
112250,82.8
112500,99.2
112750,56.39999999999999
113000,89.2
113250,84.0
113500,45.6
113750,30.4
114000,42.4
114250,26.0
114500,56.00000000000001
114750,72.8
115000,60.4
115250,51.2
115500,41.6
115750,56.8
116000,41.6
116250,81.6
116500,91.2
116750,97.6
117000,76.8
117250,77.2
117500,99.2
117750,75.2
118000,86.4
118250,92.80000000000001
118500,96.0
118750,60.4
119000,79.2
119250,100.0
119500,67.2
119750,76.0
120000,83.2
120250,72.8
120500,70.8
120750,95.19999999999999
121000,67.60000000000001
121250,57.199999999999996
121500,76.0
121750,92.80000000000001
122000,91.2
122250,86.0
122500,44.4
122750,84.8
123000,52.0
123250,60.4
123500,86.0
123750,97.6
124000,70.8
124250,78.0
124500,89.60000000000001
124750,70.39999999999999
125000,79.2
125250,80.80000000000001
125500,98.4
125750,96.0
126000,96.8
126250,92.80000000000001
126500,100.0
126750,99.2
127000,97.6
127250,96.8
127500,76.8
127750,73.2
128000,80.0
128250,73.6
128500,42.8
128750,88.8
129000,86.4
129250,80.80000000000001
129500,80.80000000000001
129750,97.6
130000,72.8
130250,83.6
130500,83.6
130750,92.0
131000,35.199999999999996
131250,53.6
131500,54.0
131750,48.8
132000,67.60000000000001
132250,53.6
132500,33.6
132750,40.8
133000,63.2
133250,55.60000000000001
133500,49.2
133750,56.00000000000001
134000,76.8
134250,80.0
134500,48.0
134750,56.00000000000001
135000,62.0
135250,66.0
135500,56.39999999999999
135750,57.99999999999999
136000,38.0
136250,36.0
136500,46.400000000000006
136750,43.6
137000,39.2
137250,25.6
137500,20.0
137750,38.4
138000,85.6
138250,76.0
138500,34.0
138750,34.0
139000,69.19999999999999
139250,75.2
139500,69.6
139750,19.6
140000,35.6
140250,20.4
140500,20.4
140750,66.8
141000,33.6
141250,46.800000000000004
141500,54.0
141750,69.6
142000,67.60000000000001
142250,58.4
142500,30.8
142750,23.599999999999998
143000,52.0
143250,36.4
143500,26.400000000000002
143750,42.4
144000,52.800000000000004
144250,30.0
144500,48.0
144750,44.800000000000004
145000,42.4
145250,32.800000000000004
145500,43.2
145750,78.8
146000,83.2
146250,52.400000000000006
146500,56.8
146750,34.4
147000,56.39999999999999
147250,66.8
147500,53.2
147750,36.8
148000,26.400000000000002
148250,29.599999999999998
148500,36.8
148750,46.800000000000004
149000,63.2
149250,46.0
149500,19.2
149750,60.4
150000,39.6
150250,54.0
150500,44.4
150750,54.800000000000004
151000,38.0
151250,32.0
151500,26.8
151750,39.2
152000,60.0
152250,52.800000000000004
152500,45.6
152750,46.800000000000004
153000,40.0
153250,26.400000000000002
153500,58.8
153750,56.8
154000,33.2
154250,23.599999999999998
154500,30.4
154750,47.199999999999996
155000,62.8
155250,44.0
155500,51.6
155750,33.6
156000,25.6
156250,14.399999999999999
156500,18.4
156750,57.99999999999999
157000,42.0
157250,15.6
157500,24.8
157750,76.0
158000,26.0
158250,29.2
158500,32.4
158750,55.2
159000,67.2
159250,76.4
159500,64.4
159750,72.39999999999999
160000,60.8
160250,45.6
160500,60.8
160750,86.4
161000,88.0
161250,72.39999999999999
161500,24.0
161750,44.800000000000004
162000,52.400000000000006
162250,74.0
162500,77.2
162750,92.80000000000001
163000,76.0
163250,74.0
163500,89.60000000000001
163750,99.2
164000,80.0
164250,80.4
164500,95.19999999999999
164750,78.8
165000,80.80000000000001
165250,57.599999999999994
165500,59.599999999999994
165750,81.6
166000,66.8
166250,65.60000000000001
166500,54.400000000000006
166750,68.0
167000,48.0
167250,41.199999999999996
167500,35.6
167750,60.8
168000,36.8
168250,46.400000000000006
168500,33.6
168750,51.2
169000,54.0
169250,92.0
169500,98.0
169750,62.8
170000,62.0
170250,58.8
170500,94.0
170750,92.80000000000001
171000,96.0
171250,72.39999999999999
171500,40.0
171750,62.4
172000,56.00000000000001
172250,49.6
172500,84.8
172750,52.800000000000004
173000,75.2
173250,76.4
173500,52.0
173750,90.4
174000,95.6
174250,46.0
174500,4.8
174750,13.600000000000001
175000,22.400000000000002
175250,30.8
175500,66.0
175750,39.2
176000,69.6
176250,80.80000000000001
176500,91.60000000000001
176750,98.4
177000,62.0
177250,13.600000000000001
177500,8.0
177750,16.8
178000,24.8
178250,52.0
178500,57.599999999999994
178750,19.6
179000,21.6
179250,45.6
179500,50.0
179750,43.2
180000,20.8
180250,18.4
180500,73.6
180750,38.4
181000,63.6
181250,73.6
181500,5.2
181750,18.4
182000,24.8
182250,62.0
182500,23.599999999999998
182750,45.6
183000,32.0
183250,5.6000000000000005
183500,52.0
183750,69.19999999999999
184000,43.2
184250,34.0
184500,24.0
184750,30.0
185000,14.000000000000002
185250,26.8
185500,83.2
185750,84.8
