250,0.0
500,0.0
750,0.0
1000,0.0
1250,0.0
1500,0.0
1750,0.0
2000,0.0
2250,99.6
2500,100.0
2750,40.0
3000,0.0
3250,0.0
3500,0.0
3750,0.0
4000,0.0
4250,99.6
4500,100.0
4750,40.0
5000,0.0
5250,0.0
5500,0.0
5750,0.0
6000,0.0
6250,99.6
6500,100.0
6750,40.0
7000,0.0
7250,0.0
7500,0.0
7750,0.0
8000,0.0
8250,99.6
8500,100.0
8750,40.0
9000,0.0
9250,0.0
9500,0.0
9750,0.0
10000,0.0
10250,99.6
10500,100.0
10750,40.0
11000,0.0
11250,0.0
11500,0.0
11750,0.0
12000,0.0
12250,99.6
12500,100.0
12750,40.0
13000,0.0
13250,0.0
13500,0.0
13750,0.0
14000,0.0
14250,99.6
14500,100.0
14750,40.0
15000,0.0
15250,0.0
15500,0.0
15750,0.0
16000,0.0
16250,99.6
16500,100.0
16750,40.0
17000,0.0
17250,0.0
17500,0.0
17750,0.0
18000,0.0
18250,99.6
18500,100.0
18750,40.0
19000,0.0
19250,0.0
19500,0.0
19750,0.0
20000,0.0
20250,99.6
20500,100.0
20750,40.0
21000,0.0
21250,0.0
21500,0.0
21750,0.0
22000,0.0
22250,99.6
22500,100.0
22750,40.0
23000,0.0
23250,0.0
23500,0.0
23750,0.0
24000,0.0
24250,99.6
24500,100.0
24750,40.0
25000,0.0
25250,0.0
25500,0.0
25750,0.0
26000,0.0
26250,99.6
26500,100.0
26750,40.0
27000,0.0
27250,0.0
27500,0.0
27750,0.0
28000,0.0
28250,99.6
28500,100.0
28750,40.0
29000,0.0
29250,0.0
29500,0.0
29750,0.0
30000,0.0
30250,99.6
30500,100.0
30750,40.0
31000,0.0
31250,0.0
31500,0.0
31750,0.0
32000,0.0
32250,99.6
32500,100.0
32750,40.0
33000,0.0
33250,0.0
33500,0.0
33750,0.0
34000,0.0
34250,99.6
34500,100.0
34750,40.0
35000,0.0
35250,0.0
35500,0.0
35750,0.0
36000,0.0
36250,99.6
36500,100.0
36750,40.0
37000,0.0
37250,0.0
37500,0.0
37750,0.0
38000,0.0
38250,99.6
38500,100.0
38750,40.0
39000,0.0
39250,0.0
39500,0.0
39750,0.0
40000,0.0
40250,99.6
40500,100.0
40750,40.0
41000,0.0
41250,0.0
41500,0.0
41750,0.0
42000,0.0
42250,99.6
42500,100.0
42750,40.0
43000,0.0
43250,0.0
43500,0.0
43750,0.0
44000,0.0
44250,99.6
44500,100.0
44750,40.0
45000,0.0
45250,0.0
45500,0.0
45750,0.0
46000,0.0
46250,99.6
46500,100.0
46750,40.0
47000,0.0
47250,0.0
47500,0.0
47750,0.0
48000,0.0
48250,99.6
48500,100.0
48750,40.0
49000,0.0
49250,0.0
49500,0.0
49750,0.0
50000,0.0
50250,99.6
50500,100.0
50750,40.0
51000,0.0
51250,0.0
51500,0.0
51750,0.0
52000,0.0
52250,99.6
52500,100.0
52750,100.0
53000,100.0
53250,100.0
53500,100.0
53750,100.0
54000,100.0
54250,96.0
54500,46.400000000000006
54750,45.6
55000,49.2
55250,65.60000000000001
55500,59.199999999999996
55750,52.0
56000,27.6
56250,6.4
56500,24.8
56750,63.6
57000,72.39999999999999
57250,75.2
57500,50.8
57750,64.0
58000,55.2
58250,31.6
58500,19.6
58750,63.2
59000,23.599999999999998
59250,24.4
59500,57.199999999999996
59750,35.199999999999996
60000,35.199999999999996
60250,29.599999999999998
60500,66.4
60750,85.6
61000,94.39999999999999
61250,66.4
61500,74.4
61750,95.19999999999999
62000,56.00000000000001
62250,37.2
62500,58.8
62750,70.39999999999999
63000,61.199999999999996
63250,60.4
63500,92.0
63750,96.0
64000,89.60000000000001
64250,73.6
64500,51.2
64750,54.800000000000004
65000,88.8
65250,92.4
65500,81.2
65750,79.2
66000,95.19999999999999
66250,89.60000000000001
66500,81.6
66750,96.39999999999999
67000,86.8
67250,98.4
67500,75.6
67750,70.0
68000,83.6
68250,92.4
68500,98.4
68750,62.8
69000,60.4
69250,73.6
69500,95.19999999999999
69750,94.39999999999999
70000,91.2
70250,84.8
70500,82.0
70750,85.6
71000,63.6
71250,60.8
71500,69.6
71750,61.6
72000,96.0
72250,81.2
72500,87.6
72750,100.0
73000,99.2
73250,98.4
73500,95.19999999999999
73750,100.0
74000,93.60000000000001
74250,98.4
74500,90.4
74750,75.6
75000,55.60000000000001
75250,73.2
75500,73.2
75750,75.2
76000,92.0
76250,100.0
76500,81.6
76750,97.6
77000,96.39999999999999
77250,74.4
77500,24.8
77750,55.2
78000,96.0
78250,89.60000000000001
78500,85.2
78750,92.0
79000,88.0
79250,78.0
79500,57.599999999999994
79750,94.39999999999999
80000,96.8
80250,94.39999999999999
80500,98.4
80750,100.0
81000,84.0
81250,73.2
81500,75.2
81750,75.6
82000,85.6
82250,69.19999999999999
82500,89.2
82750,78.4
83000,84.0
83250,96.8
83500,90.4
83750,100.0
84000,82.0
84250,92.4
84500,73.6
84750,97.6
85000,76.0
85250,100.0
85500,91.60000000000001
85750,52.0
86000,58.4
86250,83.2
86500,92.0
86750,97.6
87000,90.0
87250,78.0
87500,72.0
87750,70.39999999999999
88000,62.4
88250,99.2
88500,95.6
88750,86.0
89000,78.4
89250,96.0
89500,96.8
89750,78.8
90000,63.2
90250,67.2
90500,85.6
90750,70.39999999999999
91000,72.0
91250,80.80000000000001
91500,96.0
91750,98.4
92000,74.4
92250,92.0
92500,89.60000000000001
92750,100.0
93000,67.60000000000001
93250,88.0
93500,92.4
93750,94.39999999999999
94000,77.60000000000001
94250,81.6
94500,76.0
94750,96.8
95000,96.0
95250,96.8
95500,94.39999999999999
95750,98.4
96000,68.0
96250,100.0
96500,99.2
96750,89.60000000000001
97000,96.8
97250,84.0
97500,98.4
97750,99.2
98000,100.0
98250,55.60000000000001
98500,42.4
98750,93.2
99000,85.2
99250,54.400000000000006
99500,92.80000000000001
99750,90.4
100000,94.39999999999999
100250,96.8
100500,100.0
100750,99.2
101000,99.2
101250,99.2
101500,98.4
101750,96.8
102000,99.2
102250,88.4
102500,78.0
102750,98.4
103000,100.0
103250,100.0
103500,100.0
103750,99.2
104000,99.2
104250,98.4
104500,100.0
104750,100.0
105000,99.2
105250,100.0
105500,100.0
105750,100.0
106000,98.4
106250,96.8
106500,83.2
106750,98.8
107000,100.0
107250,90.0
107500,87.6
107750,98.4
108000,99.2
108250,99.2
108500,98.4
108750,95.19999999999999
109000,100.0
109250,100.0
109500,100.0
109750,100.0
110000,99.2
110250,100.0
110500,100.0
110750,96.8
111000,100.0
111250,97.6
111500,100.0
111750,99.2
112000,96.8
112250,99.2
112500,100.0
112750,100.0
113000,100.0
113250,96.8
113500,85.6
113750,65.60000000000001
114000,84.8
114250,89.60000000000001
114500,94.0
114750,85.6
115000,91.2
115250,93.60000000000001
115500,84.39999999999999
115750,98.8
116000,93.60000000000001
116250,97.6
116500,93.60000000000001
116750,98.4
117000,98.4
117250,100.0
117500,100.0
117750,100.0
118000,100.0
118250,100.0
118500,99.2
118750,100.0
119000,100.0
119250,100.0
119500,100.0
119750,97.6
120000,96.0
120250,100.0
120500,96.0
120750,100.0
121000,99.2
121250,94.39999999999999
121500,79.2
121750,95.19999999999999
122000,96.0
122250,100.0
122500,68.0
122750,98.4
123000,93.60000000000001
123250,99.2
123500,96.39999999999999
123750,100.0
124000,100.0
124250,95.19999999999999
124500,96.0
124750,100.0
125000,96.0
125250,100.0
125500,100.0
125750,100.0
126000,97.6
126250,99.2
126500,100.0
126750,100.0
127000,98.4
127250,100.0
127500,80.0
127750,88.8
128000,95.19999999999999
128250,97.6
128500,81.6
128750,100.0
129000,98.4
129250,100.0
129500,98.4
129750,99.2
130000,78.4
130250,96.8
130500,98.4
130750,100.0
131000,79.2
131250,80.4
131500,66.8
131750,74.4
132000,87.6
132250,89.60000000000001
132500,76.0
132750,92.0
133000,95.19999999999999
133250,94.39999999999999
133500,84.0
133750,84.0
134000,91.2
134250,96.0
134500,88.8
134750,98.4
135000,90.4
135250,83.2
135500,89.60000000000001
135750,82.0
136000,71.6
136250,78.4
136500,76.0
136750,100.0
137000,76.4
137250,72.0
137500,84.39999999999999
137750,93.60000000000001
138000,94.39999999999999
138250,94.39999999999999
138500,100.0
138750,97.6
139000,93.2
139250,93.2
139500,92.0
139750,92.0
140000,96.0
140250,74.8
140500,57.99999999999999
140750,82.39999999999999
141000,62.8
141250,78.4
141500,89.60000000000001
141750,92.80000000000001
142000,96.8
142250,82.0
142500,67.60000000000001
142750,60.8
143000,97.2
143250,74.0
143500,50.4
143750,76.8
144000,87.2
144250,75.2
144500,85.2
144750,86.4
145000,63.6
145250,60.0
145500,89.60000000000001
145750,99.2
146000,92.0
146250,80.80000000000001
146500,97.6
146750,93.2
147000,86.0
147250,100.0
147500,79.60000000000001
147750,91.60000000000001
148000,96.8
148250,92.80000000000001
148500,96.0
148750,94.8
149000,79.2
149250,93.2
149500,94.39999999999999
149750,97.6
150000,64.4
150250,88.4
150500,91.2
150750,81.6
151000,76.0
151250,84.0
151500,81.6
151750,76.0
152000,84.0
152250,96.0
152500,88.0
152750,96.8
153000,96.0
153250,79.2
153500,97.6
153750,93.2
154000,84.39999999999999
154250,92.80000000000001
154500,92.80000000000001
154750,100.0
155000,100.0
155250,80.4
155500,90.4
155750,84.8
156000,78.8
156250,60.4
156500,67.60000000000001
156750,85.6
157000,90.4
157250,34.0
157500,52.800000000000004
157750,86.4
158000,72.39999999999999
158250,53.2
158500,75.2
158750,79.2
159000,78.8
159250,97.6
159500,95.19999999999999
159750,94.39999999999999
160000,85.6
160250,95.19999999999999
160500,94.8
160750,86.4
161000,100.0
161250,96.39999999999999
161500,72.8
161750,88.8
162000,89.60000000000001
162250,75.6
162500,83.6
162750,95.19999999999999
163000,84.8
163250,92.0
163500,96.8
163750,99.2
164000,99.2
164250,99.2
164500,98.4
164750,91.60000000000001
165000,96.8
165250,86.4
165500,89.2
165750,96.8
166000,86.8
166250,85.2
166500,93.2
166750,99.6
167000,87.2
167250,99.2
167500,92.4
167750,79.2
168000,73.6
168250,83.6
168500,81.6
168750,84.8
169000,82.8
169250,97.6
169500,99.6
169750,79.2
170000,86.8
170250,88.8
170500,97.6
170750,94.0
171000,99.6
171250,92.80000000000001
171500,85.6
171750,94.39999999999999
172000,88.4
172250,92.80000000000001
172500,97.6
172750,100.0
173000,92.4
173250,79.2
173500,75.2
173750,96.39999999999999
174000,100.0
174250,57.99999999999999
174500,36.8
174750,34.4
175000,78.4
175250,81.2
175500,74.8
175750,81.6
176000,99.6
176250,95.19999999999999
176500,94.0
176750,100.0
177000,71.6
177250,26.400000000000002
177500,29.599999999999998
177750,37.2
178000,44.0
178250,71.6
178500,73.2
178750,34.4
179000,56.39999999999999
179250,89.60000000000001
179500,76.8
179750,70.0
180000,76.0
180250,49.6
180500,75.2
180750,38.4
181000,63.6
181250,73.6
181500,10.0
181750,18.8
182000,26.0
182250,64.4
182500,50.8
182750,59.599999999999994
183000,62.4
183250,32.4
183500,74.8
183750,91.2
184000,84.39999999999999
184250,55.60000000000001
184500,47.599999999999994
184750,72.0
185000,25.2
185250,40.8
185500,86.4
185750,85.6
