250,0.0,0.0
500,0.0,0.0
750,0.0,0.0
1000,0.0,0.0
1250,0.0,0.0
1500,0.0,0.0
1750,0.0,0.0
2000,0.0,0.0
2250,1.2,0.0
2500,0.0,0.0
2750,0.0,0.0
3000,0.0,0.0
3250,0.0,0.0
3500,0.0,0.0
3750,0.0,0.0
4000,0.0,0.0
4250,1.2,0.0
4500,0.0,0.0
4750,0.0,0.0
5000,0.0,0.0
5250,0.0,0.0
5500,0.0,0.0
5750,0.0,0.0
6000,0.0,0.0
6250,1.2,0.0
6500,0.0,0.0
6750,0.0,0.0
7000,0.0,0.0
7250,0.0,0.0
7500,0.0,0.0
7750,58.4,0.0
8000,100.0,0.0
8250,99.6,0.0
8500,60.0,0.0
8750,0.0,0.0
9000,0.0,0.0
9250,0.0,0.0
9500,0.0,0.0
9750,0.0,0.0
10000,0.0,0.0
10250,99.6,0.0
10500,58.4,0.0
10750,0.0,0.0
11000,0.0,0.0
11250,0.0,0.0
11500,0.0,0.0
11750,0.0,0.0
12000,1.6,0.0
12250,99.6,0.0
12500,60.0,0.0
12750,0.0,0.0
13000,0.0,0.0
13250,0.0,0.0
13500,0.0,0.0
13750,0.0,0.0
14000,0.0,0.0
14250,99.6,0.0
14500,58.4,0.0
14750,0.0,0.0
15000,0.0,0.0
15250,0.0,0.0
15500,0.0,0.0
15750,1.6,0.0
16000,0.0,0.0
16250,99.6,0.0
16500,60.0,0.0
16750,0.0,0.0
17000,0.0,0.0
17250,0.0,0.0
17500,0.0,0.0
17750,0.0,0.0
18000,0.0,0.0
18250,99.6,0.0
18500,60.0,0.0
18750,0.0,0.0
19000,0.0,0.0
19250,0.0,0.0
19500,0.0,0.0
19750,0.0,0.0
20000,0.0,0.0
20250,99.6,0.0
20500,58.4,0.0
20750,0.0,0.0
21000,0.0,0.0
21250,1.6,0.0
21500,0.0,0.0
21750,0.0,0.0
22000,0.0,0.0
22250,99.6,0.0
22500,60.0,0.0
22750,0.0,0.0
23000,0.0,0.0
23250,0.0,0.0
23500,0.0,0.0
23750,0.0,0.0
24000,0.0,0.0
24250,99.6,0.0
24500,58.4,0.0
24750,0.0,0.0
25000,0.0,0.0
25250,0.0,0.0
25500,0.0,0.0
25750,0.0,0.0
26000,1.6,0.0
26250,99.6,0.0
26500,60.0,0.0
26750,0.0,0.0
27000,0.0,0.0
27250,0.0,0.0
27500,0.0,0.0
27750,0.0,0.0
28000,0.0,0.0
28250,99.6,0.0
28500,60.0,0.0
28750,0.0,0.0
29000,0.0,0.0
29250,0.0,0.0
29500,0.0,0.0
29750,0.0,0.0
30000,0.0,0.0
30250,99.6,0.0
30500,58.4,0.0
30750,0.0,0.0
31000,0.0,0.0
31250,0.0,0.0
31500,0.0,0.0
31750,0.0,0.0
32000,1.2,0.0
32250,100.0,0.0
32500,60.0,0.0
32750,0.0,0.0
33000,0.0,0.0
33250,0.0,0.0
33500,0.0,0.0
33750,0.0,0.0
34000,0.0,0.0
34250,99.6,0.0
34500,60.0,0.0
34750,0.0,0.0
35000,0.0,0.0
35250,0.0,0.0
35500,0.0,0.0
35750,0.0,0.0
36000,0.0,0.0
36250,99.6,0.0
36500,58.4,0.0
36750,0.0,0.0
37000,0.0,0.0
37250,0.0,0.0
37500,0.0,0.0
37750,0.0,0.0
38000,1.2,0.0
38250,100.0,0.0
38500,60.0,0.0
38750,0.0,0.0
39000,0.0,0.0
39250,0.0,0.0
39500,0.0,0.0
39750,0.0,0.0
40000,0.0,0.0
40250,99.6,0.0
40500,60.0,0.0
40750,0.0,0.0
41000,0.0,0.0
41250,0.0,0.0
41500,0.0,0.0
41750,0.0,0.0
42000,0.0,0.0
42250,99.6,0.0
42500,58.4,0.0
42750,0.0,0.0
43000,0.0,0.0
43250,0.0,0.0
43500,0.0,0.0
43750,0.0,0.0
44000,1.2,0.0
44250,100.0,0.0
44500,60.0,0.0
44750,0.0,0.0
45000,0.0,0.0
45250,0.0,0.0
45500,0.0,0.0
45750,0.0,0.0
46000,0.0,0.0
46250,99.6,0.0
46500,60.0,0.0
46750,0.0,0.0
47000,0.0,0.0
47250,0.0,0.0
47500,0.0,0.0
47750,0.0,0.0
48000,0.0,0.0
48250,99.6,0.0
48500,60.0,0.0
48750,0.0,0.0
49000,0.0,0.0
49250,0.0,0.0
49500,0.0,0.0
49750,0.0,0.0
50000,0.0,0.0
50250,99.6,0.0
50500,58.4,0.0
50750,0.0,0.0
51000,0.0,0.0
51250,0.0,0.0
51500,0.0,0.0
51750,0.0,0.0
52000,1.6,0.0
52250,99.6,0.0
52500,100.0,0.0
52750,100.0,0.0
53000,100.0,0.0
53250,100.0,0.0
53500,100.0,0.0
53750,80.0,0.0
54000,40.8,0.0
54250,92.80000000000001,0.0
54500,30.4,0.0
54750,42.8,0.0
55000,49.2,0.0
55250,64.4,0.0
55500,50.4,0.0
55750,36.8,0.0
56000,11.200000000000001,0.0
56250,2.4,0.0
56500,22.400000000000002,0.0
56750,55.2,0.0
57000,52.800000000000004,0.0
57250,65.60000000000001,0.0
57500,50.0,0.0
57750,48.4,0.0
58000,41.6,0.0
58250,22.400000000000002,0.0
58500,6.4,0.0
58750,24.8,0.0
59000,21.6,0.0
59250,14.000000000000002,0.0
59500,43.2,0.0
59750,8.0,0.0
60000,7.199999999999999,0.0
60250,26.0,0.0
60500,41.6,0.0
60750,64.8,0.0
61000,84.0,0.0
61250,56.8,0.0
61500,64.8,0.0
61750,66.4,0.0
62000,17.2,0.0
62250,20.0,0.0
62500,31.2,0.0
62750,69.6,0.0
63000,59.599999999999994,0.0
63250,53.6,0.0
63500,84.0,0.0
63750,80.0,0.0
64000,87.2,0.0
64250,59.199999999999996,0.0
64500,26.400000000000002,0.0
64750,43.6,0.0
65000,70.39999999999999,0.0
65250,74.0,0.0
65500,66.4,0.0
65750,53.6,0.0
66000,73.2,0.0
66250,69.19999999999999,0.0
66500,70.8,0.0
66750,92.4,0.0
67000,86.0,0.0
67250,89.60000000000001,0.0
67500,50.8,0.0
67750,46.0,0.0
68000,75.2,0.0
68250,90.8,0.0
68500,96.0,0.0
68750,40.400000000000006,0.0
69000,49.2,0.0
69250,55.2,0.0
69500,77.60000000000001,0.0
69750,81.6,0.0
70000,89.60000000000001,0.0
70250,72.8,0.0
70500,53.2,0.0
70750,76.8,0.0
71000,60.8,0.0
71250,44.0,0.0
71500,54.400000000000006,0.0
71750,54.400000000000006,0.0
72000,84.0,0.0
72250,71.6,0.0
72500,64.0,0.0
72750,97.6,0.0
73000,96.8,0.0
73250,92.80000000000001,0.0
73500,83.2,0.0
73750,98.4,0.0
74000,79.60000000000001,0.0
74250,70.8,0.0
74500,84.0,0.0
74750,56.39999999999999,0.0
75000,42.0,0.0
75250,40.0,0.0
75500,69.6,0.0
75750,66.4,0.0
76000,68.4,0.0
76250,93.60000000000001,0.0
76500,79.2,0.0
76750,86.4,0.0
77000,92.4,0.0
77250,60.8,0.0
77500,24.0,0.0
77750,10.8,0.0
78000,41.6,0.0
78250,44.0,0.0
78500,83.2,0.0
78750,79.2,0.0
79000,85.6,0.0
79250,77.2,0.0
79500,55.2,0.0
79750,80.0,0.0
80000,76.8,0.0
80250,89.60000000000001,0.0
80500,96.0,0.0
80750,93.60000000000001,0.0
81000,82.39999999999999,0.0
81250,74.0,0.0
81500,54.0,0.0
81750,66.8,0.0
82000,47.199999999999996,0.0
82250,54.800000000000004,0.0
82500,70.8,0.0
82750,59.199999999999996,0.0
83000,78.4,0.0
83250,95.19999999999999,0.0
83500,78.4,0.0
83750,87.2,0.0
84000,57.199999999999996,0.0
84250,70.0,0.0
84500,37.6,0.0
84750,72.0,0.0
85000,57.99999999999999,0.0
85250,82.39999999999999,0.0
85500,77.60000000000001,0.0
85750,29.2,0.0
86000,45.2,0.0
86250,60.0,0.0
86500,88.0,0.0
86750,84.39999999999999,0.0
87000,68.4,0.0
87250,57.99999999999999,0.0
87500,49.6,0.0
87750,51.2,0.0
88000,47.199999999999996,0.0
88250,67.2,0.0
88500,68.8,0.0
88750,77.2,0.0
89000,77.60000000000001,0.0
89250,87.2,0.0
89500,72.39999999999999,0.0
89750,69.6,0.0
90000,32.800000000000004,0.0
90250,57.599999999999994,0.0
90500,70.0,0.0
90750,50.8,0.0
91000,41.6,0.0
91250,71.2,0.0
91500,92.0,0.0
91750,92.0,0.0
92000,69.6,0.0
92250,84.8,0.0
92500,62.4,0.0
92750,89.60000000000001,0.0
93000,42.8,0.0
93250,80.0,0.0
93500,92.4,0.0
93750,81.6,0.0
94000,77.60000000000001,0.0
94250,54.0,0.0
94500,62.0,0.0
94750,92.80000000000001,0.0
95000,96.0,0.0
95250,96.8,0.0
95500,93.60000000000001,0.0
95750,97.6,0.0
96000,60.0,0.0
96250,100.0,0.0
96500,91.2,0.0
96750,75.6,0.0
97000,90.0,0.0
97250,78.4,0.0
97500,92.80000000000001,0.0
97750,91.2,0.0
98000,97.6,0.0
98250,54.800000000000004,0.0
98500,30.4,0.0
98750,57.199999999999996,0.0
99000,81.2,0.0
99250,42.8,0.0
99500,48.8,0.0
99750,69.6,0.0
100000,88.8,0.0
100250,96.8,0.0
100500,100.0,0.0
100750,99.2,0.0
101000,99.2,0.0
101250,99.2,0.0
101500,96.8,0.0
101750,96.0,0.0
102000,96.8,0.0
102250,87.6,0.0
102500,45.6,0.0
102750,61.199999999999996,0.0
103000,63.6,0.0
103250,96.0,0.0
103500,70.39999999999999,0.0
103750,97.6,0.0
104000,98.4,0.0
104250,96.8,0.0
104500,98.4,0.0
104750,99.2,0.0
105000,99.2,0.0
105250,100.0,0.0
105500,99.2,0.0
105750,99.2,0.0
106000,82.39999999999999,0.0
106250,77.2,0.0
106500,75.6,0.0
106750,98.8,0.0
107000,100.0,0.0
107250,82.8,0.0
107500,85.2,0.0
107750,97.6,0.0
108000,96.0,0.0
108250,88.0,0.0
108500,84.8,0.0
108750,90.4,0.0
109000,98.4,0.0
109250,100.0,0.0
109500,98.4,0.0
109750,93.60000000000001,0.0
110000,78.0,0.0
110250,82.39999999999999,0.0
110500,99.2,0.0
110750,89.60000000000001,0.0
111000,98.4,0.0
111250,92.0,0.0
111500,91.60000000000001,0.0
111750,62.0,0.0
112000,76.0,0.0
112250,83.6,0.0
112500,99.2,0.0
112750,74.0,0.0
113000,91.60000000000001,0.0
113250,88.0,0.0
113500,62.4,0.0
113750,41.6,0.0
114000,72.0,0.0
114250,38.800000000000004,0.0
114500,67.2,0.0
114750,76.0,0.0
115000,79.60000000000001,0.0
115250,57.99999999999999,0.0
115500,74.0,0.0
115750,79.60000000000001,0.0
116000,55.2,0.0
116250,90.4,0.0
116500,91.2,0.0
116750,98.4,0.0
117000,88.0,0.0
117250,81.2,0.0
117500,99.2,0.0
117750,95.19999999999999,0.0
118000,99.2,0.0
118250,100.0,0.0
118500,98.4,0.0
118750,80.80000000000001,0.0
119000,98.4,0.0
119250,100.0,0.0
119500,99.2,0.0
119750,92.80000000000001,0.0
120000,88.0,0.0
120250,94.39999999999999,0.0
120500,76.4,0.0
120750,95.19999999999999,0.0
121000,83.6,0.0
121250,78.8,0.0
121500,78.4,0.0
121750,92.80000000000001,0.0
122000,93.60000000000001,0.0
122250,98.4,0.0
122500,60.0,0.0
122750,95.19999999999999,0.0
123000,85.6,0.0
123250,92.80000000000001,0.0
123500,95.6,0.0
123750,100.0,0.0
124000,81.6,0.0
124250,95.19999999999999,0.0
124500,92.80000000000001,0.0
124750,88.8,0.0
125000,83.2,0.0
125250,98.4,0.0
125500,100.0,0.0
125750,98.4,0.0
126000,97.6,0.0
126250,99.2,0.0
126500,100.0,0.0
126750,99.2,0.0
127000,97.6,0.0
127250,100.0,0.0
127500,80.0,0.0
127750,79.2,0.0
128000,86.4,0.0
128250,90.0,0.0
128500,59.599999999999994,0.0
128750,96.0,0.0
129000,91.2,0.0
129250,93.60000000000001,0.0
129500,83.2,0.0
129750,98.4,0.0
130000,77.60000000000001,0.0
130250,93.60000000000001,0.0
130500,96.0,0.0
130750,99.2,0.0
131000,56.8,0.0
131250,65.60000000000001,0.0
131500,66.0,0.0
131750,53.6,0.0
132000,86.8,0.0
132250,76.0,0.0
132500,57.599999999999994,0.0
132750,73.6,0.0
133000,78.4,0.0
133250,74.0,0.0
133500,65.2,0.0
133750,73.6,0.0
134000,86.4,0.0
134250,84.8,0.0
134500,53.6,0.0
134750,89.60000000000001,0.0
135000,84.8,0.0
135250,79.60000000000001,0.0
135500,68.4,0.0
135750,63.2,0.0
136000,50.0,0.0
136250,45.6,0.0
136500,55.2,0.0
136750,76.8,0.0
137000,55.60000000000001,0.0
137250,64.8,0.0
137500,56.00000000000001,0.0
137750,66.8,0.0
138000,91.2,0.0
138250,87.2,0.0
138500,60.8,0.0
138750,89.60000000000001,0.0
139000,78.8,0.0
139250,85.2,0.0
139500,80.80000000000001,0.0
139750,50.4,0.0
140000,69.6,0.0
140250,52.400000000000006,0.0
140500,33.6,0.0
140750,74.0,0.0
141000,43.2,0.0
141250,66.8,0.0
141500,80.0,0.0
141750,75.2,0.0
142000,87.2,0.0
142250,70.0,0.0
142500,46.0,0.0
142750,48.8,0.0
143000,76.4,0.0
143250,44.800000000000004,0.0
143500,31.2,0.0
143750,55.60000000000001,0.0
144000,66.4,0.0
144250,48.8,0.0
144500,63.2,0.0
144750,60.8,0.0
145000,46.400000000000006,0.0
145250,48.0,0.0
145500,76.8,0.0
145750,98.0,0.0
146000,88.0,0.0
146250,72.39999999999999,0.0
146500,87.6,0.0
146750,88.8,0.0
147000,76.4,0.0
147250,91.2,0.0
147500,70.8,0.0
147750,57.599999999999994,0.0
148000,57.99999999999999,0.0
148250,60.4,0.0
148500,52.400000000000006,0.0
148750,64.8,0.0
149000,72.0,0.0
149250,78.4,0.0
149500,49.2,0.0
149750,81.2,0.0
150000,53.6,0.0
150250,72.39999999999999,0.0
150500,69.19999999999999,0.0
150750,63.6,0.0
151000,57.599999999999994,0.0
151250,54.800000000000004,0.0
151500,50.8,0.0
151750,56.00000000000001,0.0
152000,70.8,0.0
152250,75.6,0.0
152500,64.0,0.0
152750,72.8,0.0
153000,70.39999999999999,0.0
153250,46.400000000000006,0.0
153500,67.2,0.0
153750,70.8,0.0
154000,54.400000000000006,0.0
154250,60.4,0.0
154500,52.0,0.0
154750,76.0,0.0
155000,68.8,0.0
155250,62.4,0.0
155500,73.2,0.0
155750,48.8,0.0
156000,60.8,0.0
156250,38.800000000000004,0.0
156500,39.6,0.0
156750,75.2,0.0
157000,62.4,0.0
157250,22.0,0.0
157500,35.199999999999996,0.0
157750,80.80000000000001,0.0
158000,58.8,0.0
158250,46.400000000000006,0.0
158500,65.60000000000001,0.0
158750,60.8,0.0
159000,71.2,0.0
159250,87.6,0.0
159500,87.6,0.0
159750,94.39999999999999,0.0
160000,75.6,0.0
160250,60.8,0.0
160500,66.8,0.0
160750,86.4,0.0
161000,88.8,0.0
161250,85.2,0.0
161500,49.6,0.0
161750,66.4,0.0
162000,75.6,0.0
162250,74.8,0.0
162500,78.0,0.0
162750,93.60000000000001,0.0
163000,79.2,0.0
163250,92.0,0.0
163500,96.0,0.0
163750,99.2,0.0
164000,94.39999999999999,0.0
164250,89.60000000000001,0.0
164500,96.8,0.0
164750,83.6,0.0
165000,92.80000000000001,0.0
165250,71.2,0.0
165500,78.8,0.0
165750,94.39999999999999,0.0
166000,81.2,0.0
166250,71.6,0.0
166500,82.0,0.0
166750,93.2,0.0
167000,80.0,0.0
167250,80.80000000000001,0.0
167500,49.6,0.0
167750,74.8,0.0
168000,50.4,0.0
168250,65.60000000000001,0.0
168500,61.6,0.0
168750,56.00000000000001,0.0
169000,66.0,0.0
169250,96.0,0.0
169500,98.0,0.0
169750,68.0,0.0
170000,78.8,0.0
170250,85.6,0.0
170500,97.2,0.0
170750,92.80000000000001,0.0
171000,99.6,0.0
171250,89.2,0.0
171500,74.4,0.0
171750,75.6,0.0
172000,68.8,0.0
172250,87.2,0.0
172500,91.2,0.0
172750,90.0,0.0
173000,85.6,0.0
173250,79.2,0.0
173500,65.60000000000001,0.0
173750,93.60000000000001,0.0
174000,100.0,0.0
174250,57.199999999999996,0.0
174500,21.6,0.0
174750,16.400000000000002,0.0
175000,36.0,0.0
175250,49.6,0.0
175500,72.39999999999999,0.0
175750,52.800000000000004,0.0
176000,90.0,0.0
176250,95.19999999999999,0.0
176500,93.2,0.0
176750,99.2,0.0
177000,71.6,0.0
177250,21.6,0.0
177500,18.4,0.0
177750,19.2,0.0
178000,27.6,0.0
178250,58.4,0.0
178500,62.4,0.0
178750,22.8,0.0
179000,40.8,0.0
179250,78.4,0.0
179500,66.4,0.0
179750,59.599999999999994,0.0
180000,50.4,0.0
180250,20.8,0.0
180500,73.6,0.0
180750,38.4,0.0
181000,63.6,0.0
181250,73.6,0.0
181500,5.2,0.0
181750,18.8,0.0
182000,25.2,0.0
182250,64.4,0.0
182500,38.800000000000004,0.0
182750,56.00000000000001,0.0
183000,38.0,0.0
183250,18.8,0.0
183500,64.0,0.0
183750,75.6,0.0
184000,79.2,0.0
184250,50.0,0.0
184500,35.199999999999996,0.0
184750,40.0,0.0
185000,18.0,0.0
185250,28.4,0.0
185500,83.2,0.0
185750,84.8,0.0
