250,0.0,60.8
500,0.0,80.4
750,0.0,86.93333333333332
1000,0.0,90.2
1250,0.0,92.16
1500,0.0,93.46666666666667
1750,0.0,94.39999999999999
2000,0.0,95.1
2250,0.4,1.2048192771084338
2500,0.0,0.6012024048096193
2750,0.0,0.4005340453938585
3000,0.0,0.3003003003003003
3250,0.0,0.24019215372297836
3500,0.0,0.20013342228152103
3750,0.0,0.17152658662092624
4000,0.0,0.1500750375187594
4250,0.4,61.044176706827315
4500,0.0,80.56112224448898
4750,0.0,87.04939919893191
5000,0.0,90.29029029029029
5250,0.0,92.2337870296237
5500,0.0,93.52901934623083
5750,0.0,94.45397369925672
6000,0.0,95.14757378689345
6250,0.4,0.1
6500,0.0,0.1
6750,0.0,0.1
7000,0.0,0.1
7250,0.0,0.1
7500,0.0,0.1
7750,0.0,0.1
8000,39.2,100.0
8250,39.6,99.19678714859438
8500,0.0,99.59919839679358
8750,0.0,99.73297730307075
9000,0.0,99.7997997997998
9250,0.0,99.83987189751802
9500,0.0,99.866577718479
9750,0.0,99.88564894225271
10000,0.0,99.89994997498749
10250,38.800000000000004,9.8
10500,0.0,9.8
10750,0.0,9.8
11000,0.0,9.8
11250,0.0,9.8
11500,0.0,9.8
11750,0.0,9.8
12000,0.8,100.0
12250,39.6,100.0
12500,0.0,100.0
12750,0.0,100.0
13000,0.0,100.0
13250,0.0,100.0
13500,0.0,100.0
13750,0.0,100.0
14000,0.0,100.0
14250,39.6,100.0
14500,0.0,100.0
14750,0.0,100.0
15000,0.0,66.66666666666666
15250,0.0,39.130434782608695
15500,0.0,19.681908548707753
15750,0.0,13.147410358565736
16000,0.0,9.870388833499502
16250,38.800000000000004,24.701195219123505
16500,0.0,49.60159362549801
16750,0.0,74.5019920318725
17000,0.0,99.40239043824701
17250,0.8,99.59677419354838
17500,0.0,99.79919678714859
17750,0.0,99.8663101604278
18000,0.0,99.79959919839679
18250,38.800000000000004,19.81981981981982
18500,0.0,19.81981981981982
18750,0.0,19.81981981981982
19000,0.8,66.66666666666666
19250,0.0,39.130434782608695
19500,0.0,19.681908548707753
19750,0.0,13.147410358565736
20000,0.0,9.870388833499502
20250,38.800000000000004,5.577689243027888
20500,0.0,30.47808764940239
20750,0.0,55.37848605577689
21000,0.0,80.2788844621514
21250,0.8,100.0
21500,0.0,100.0
21750,0.0,100.0
22000,0.0,100.0
22250,39.6,100.0
22500,0.0,100.0
22750,0.0,100.0
23000,0.0,100.0
23250,0.0,100.0
23500,0.0,100.0
23750,0.0,100.0
24000,0.0,66.66666666666666
24250,39.6,99.19354838709677
24500,0.0,99.59839357429718
24750,0.0,99.73262032085562
25000,0.0,99.79959919839679
25250,0.0,99.67948717948718
25500,0.0,99.73297730307075
25750,0.0,99.77116704805492
26000,0.0,99.7997997997998
26250,38.800000000000004,9.804902451225612
26500,0.0,9.804902451225612
26750,0.0,9.804902451225612
27000,0.0,9.804902451225612
27250,0.0,9.904952476238119
27500,0.0,9.904952476238119
27750,0.0,9.904952476238119
28000,0.8,66.66666666666666
28250,39.6,61.29032258064516
28500,0.0,80.72289156626506
28750,0.0,87.16577540106952
29000,0.0,90.38076152304609
29250,0.0,92.1474358974359
29500,0.0,93.45794392523365
29750,0.0,94.39359267734554
30000,0.0,95.09509509509509
30250,38.800000000000004,2.8014007003501753
30500,0.0,0.750375187593797
30750,0.0,3.551775887943972
31000,0.0,1.500750375187594
31250,0.0,4.302151075537769
31500,0.0,2.2511255627813904
31750,0.0,0.2001000500250125
32000,0.8,66.66666666666666
32250,39.6,99.19354838709677
32500,0.0,99.59839357429718
32750,0.0,99.73262032085562
33000,0.0,99.89969909729187
33250,0.0,100.0
33500,0.0,100.0
33750,0.0,100.0
34000,0.0,100.0
34250,39.6,100.0
34500,0.0,100.0
34750,0.0,100.0
35000,0.0,100.0
35250,0.0,100.0
35500,0.0,100.0
35750,0.0,100.0
36000,0.0,66.66666666666666
36250,39.6,61.29032258064516
36500,0.0,80.72289156626506
36750,0.0,87.16577540106952
37000,0.0,90.38076152304609
37250,0.0,92.1474358974359
37500,0.0,93.45794392523365
37750,0.0,94.39359267734554
38000,0.0,95.04504504504504
38250,38.800000000000004,2.8014007003501753
38500,0.0,0.750375187593797
38750,0.0,3.551775887943972
39000,0.0,1.500750375187594
39250,0.0,4.302151075537769
39500,0.0,2.2511255627813904
39750,0.0,0.2001000500250125
40000,0.8,66.66666666666666
40250,39.6,99.19354838709677
40500,0.0,99.59839357429718
40750,0.0,99.73262032085562
41000,0.0,99.79959919839679
41250,0.0,99.67948717948718
41500,0.0,99.73297730307075
41750,0.0,99.77116704805492
42000,0.0,99.74974974974975
42250,38.800000000000004,9.904952476238119
42500,0.0,9.904952476238119
42750,0.0,9.904952476238119
43000,0.0,9.904952476238119
43250,0.0,10.005002501250624
43500,0.0,10.005002501250624
43750,0.0,10.005002501250624
44000,0.8,66.66666666666666
44250,39.6,61.29032258064516
44500,0.0,80.72289156626506
44750,0.0,87.16577540106952
45000,0.0,90.47141424272819
45250,0.0,100.0
45500,0.0,100.0
45750,0.0,100.0
46000,0.0,100.0
46250,39.6,100.0
46500,0.0,100.0
46750,0.0,100.0
47000,0.0,100.0
47250,0.0,100.0
47500,0.0,100.0
47750,0.0,100.0
48000,0.0,66.66666666666666
48250,39.6,99.19354838709677
48500,0.0,99.59839357429718
48750,0.0,99.73262032085562
49000,0.0,99.79959919839679
49250,0.0,99.67948717948718
49500,0.0,99.73297730307075
49750,0.0,99.77116704805492
50000,0.0,99.7997997997998
50250,38.800000000000004,9.804902451225612
50500,0.0,9.804902451225612
50750,0.0,9.804902451225612
51000,0.0,9.804902451225612
51250,0.0,9.904952476238119
51500,0.0,9.904952476238119
51750,0.0,9.904952476238119
52000,0.8,66.66666666666666
52250,81.2,50.617283950617285
52500,88.0,38.73873873873874
52750,100.0,25.225225225225223
53000,54.400000000000006,51.041666666666664
53250,91.2,83.89830508474576
53500,90.0,77.14285714285715
53750,4.0,53.315649867374006
54000,23.200000000000003,10.17274472168906
54250,13.600000000000001,20.222634508348794
54500,7.199999999999999,15.703703703703702
54750,20.8,11.801242236024844
55000,7.199999999999999,17.078410311493016
55250,21.6,2.6600985221674875
55500,9.2,10.582959641255606
55750,5.6000000000000005,11.138211382113822
56000,2.4,10.014306151645208
56250,0.4,18.832020997375327
56500,18.0,6.477987421383648
56750,2.8000000000000003,1.855287569573284
57000,9.6,7.960808328230251
57250,7.199999999999999,0.827912477823773
57500,20.0,5.82039911308204
57750,8.799999999999999,100.0
58000,3.2,90.0
58250,3.2,100.0
58500,2.4,100.0
58750,13.200000000000001,66.66666666666666
59000,2.4,100.0
59250,4.0,80.0
59500,12.8,100.0
59750,1.6,100.0
60000,0.0,100.0
60250,4.8,100.0
60500,13.600000000000001,100.0
60750,27.6,86.11111111111111
61000,27.200000000000003,11.904761904761903
61250,11.200000000000001,75.0
61500,8.799999999999999,88.88888888888889
61750,1.2,66.66666666666666
62000,4.0,98.7012987012987
62250,14.799999999999999,95.83333333333334
62500,13.600000000000001,36.84210526315789
62750,11.200000000000001,88.88888888888889
63000,10.8,95.23809523809523
63250,4.8,100.0
63500,19.2,75.0
63750,21.6,33.33333333333333
64000,37.6,8.928571428571429
64250,14.399999999999999,41.15384615384615
64500,2.4,98.38709677419355
64750,10.8,64.51612903225806
65000,40.8,2.1505376344086025
65250,15.2,81.08108108108108
65500,7.199999999999999,43.776824034334766
65750,12.0,27.735368956743002
66000,24.4,17.965367965367964
66250,21.2,20.817120622568094
66500,26.0,4.355400696864112
66750,17.2,17.32418524871355
67000,24.0,17.79935275080906
67250,14.000000000000002,4.662379421221865
67500,11.600000000000001,15.18796992481203
67750,8.799999999999999,20.234604105571847
68000,48.4,2.6722925457102673
68250,82.0,8.904109589041095
68500,84.0,3.287671232876712
68750,4.8,16.51376146788991
69000,13.600000000000001,18.115942028985508
69250,12.0,12.304250559284116
69500,17.599999999999998,11.024498886414253
69750,31.2,11.074197120708748
70000,50.0,72.53521126760563
70250,14.799999999999999,97.22222222222221
70500,14.000000000000002,100.0
70750,18.4,75.0
71000,14.399999999999999,83.33333333333334
71250,13.200000000000001,87.5
71500,0.8,83.33333333333334
71750,15.2,88.88888888888889
72000,24.8,87.5
72250,16.8,100.0
72500,28.799999999999997,85.71428571428571
72750,21.2,100.0
73000,11.200000000000001,60.0
73250,18.4,69.375
73500,24.8,37.254901960784316
73750,14.399999999999999,100.0
74000,8.799999999999999,83.06451612903226
74250,20.8,93.75
74500,8.0,94.73684210526315
74750,10.4,95.23809523809523
75000,9.6,97.14285714285714
75250,11.200000000000001,37.89473684210527
75500,26.400000000000002,80.0
75750,20.0,96.55172413793103
76000,24.0,37.03703703703704
76250,25.2,32.17821782178218
76500,15.6,38.275862068965516
76750,14.399999999999999,37.94117647058823
77000,24.0,29.476584022038566
77250,10.4,27.114967462039047
77500,7.199999999999999,25.19201228878648
77750,0.8,98.0
78000,3.2,60.416666666666664
78250,9.6,24.53271028037383
78500,22.400000000000002,25.37313432835821
78750,28.4,20.892494929006087
79000,20.0,4.761904761904762
79250,18.0,97.67441860465115
79500,4.3999999999999995,75.0
79750,19.6,83.33333333333334
80000,25.6,66.66666666666666
80250,18.4,90.9090909090909
80500,22.400000000000002,85.71428571428571
80750,12.8,100.0
81000,32.0,94.11764705882352
81250,6.800000000000001,81.25
81500,16.8,75.0
81750,16.0,87.5
82000,0.8,94.11764705882352
82250,19.6,46.666666666666664
82500,11.600000000000001,97.91666666666666
82750,18.0,94.44444444444444
83000,18.8,47.199999999999996
83250,11.200000000000001,15.11627906976744
83500,12.8,63.85542168674698
83750,10.8,94.44444444444444
84000,9.6,97.72727272727273
84250,20.0,23.809523809523807
84500,12.0,62.80487804878049
84750,6.0,42.414860681114554
85000,7.6,59.523809523809526
85250,16.400000000000002,50.0
85500,14.000000000000002,46.60633484162896
85750,8.4,36.507936507936506
86000,10.8,30.8411214953271
86250,5.6000000000000005,28.57142857142857
86500,18.0,18.398268398268396
86750,13.600000000000001,78.78787878787878
87000,18.4,36.89320388349515
87250,11.600000000000001,8.823529411764707
87500,15.6,33.70786516853933
87750,9.6,89.42307692307693
88000,8.4,32.38095238095238
88250,10.8,46.931407942238266
88500,20.8,28.49604221635884
88750,8.4,85.03937007874016
89000,11.600000000000001,44.888888888888886
89250,23.200000000000003,35.374149659863946
89500,20.0,54.45026178010471
89750,9.6,41.492537313432834
90000,0.0,28.74743326488706
90250,6.800000000000001,30.337078651685395
90500,17.599999999999998,60.60606060606061
90750,9.2,36.95652173913043
91000,14.399999999999999,43.31797235023041
91250,24.0,8.571428571428571
91500,18.8,40.65040650406504
91750,12.8,45.52845528455284
92000,25.2,53.08056872037915
92250,20.0,14.782608695652174
92500,5.2,31.88854489164087
92750,3.5999999999999996,39.16083916083916
93000,0.0,31.125827814569533
93250,48.8,6.8181818181818175
93500,92.0,26.954177897574123
93750,56.00000000000001,20.481927710843372
94000,18.8,36.807817589576544
94250,15.6,25.57603686635945
94500,9.2,88.65248226950354
94750,16.0,38.0
95000,14.399999999999999,30.791788856304986
95250,23.599999999999998,29.608938547486037
95500,16.8,26.47058823529412
95750,46.800000000000004,12.368421052631579
96000,18.0,20.625
96250,34.0,12.083333333333334
96500,18.0,29.508196721311474
96750,11.200000000000001,19.696969696969695
97000,16.8,20.149253731343283
97250,7.199999999999999,17.18213058419244
97500,20.8,100.0
97750,12.0,88.88888888888889
98000,23.599999999999998,100.0
98250,3.5999999999999996,90.0
98500,16.0,90.9090909090909
98750,18.0,50.0
99000,19.6,98.24561403508771
99250,3.2,100.0
99500,0.4,100.0
99750,26.400000000000002,85.71428571428571
100000,23.200000000000003,100.0
100250,60.8,83.33333333333334
100500,74.4,93.33333333333333
100750,64.0,33.33333333333333
101000,72.0,66.66666666666666
101250,73.6,49.056603773584904
101500,50.4,98.11320754716981
101750,47.599999999999994,88.88888888888889
102000,70.39999999999999,70.96774193548387
102250,51.2,98.7012987012987
102500,5.6000000000000005,84.34782608695653
102750,12.0,80.95238095238095
103000,6.800000000000001,93.75
103250,64.8,50.0
103500,32.0,68.4931506849315
103750,32.0,6.756756756756757
104000,73.6,87.5
104250,45.2,94.44444444444444
104500,54.400000000000006,51.515151515151516
104750,59.599999999999994,93.75
105000,65.60000000000001,95.0
105250,53.6,96.15384615384616
105500,52.0,83.33333333333334
105750,57.99999999999999,75.0
106000,24.0,15.151515151515152
106250,34.0,64.1025641025641
106500,9.6,76.69172932330827
106750,12.8,41.03585657370518
107000,32.0,59.09090909090909
107250,31.2,6.097560975609756
107500,63.6,2.5974025974025974
107750,74.0,5.0
108000,20.8,95.83333333333334
108250,32.800000000000004,90.74074074074075
108500,17.599999999999998,12.149532710280374
108750,33.2,50.0
109000,56.8,97.22222222222221
109250,51.6,97.14285714285714
109500,28.799999999999997,96.42857142857143
109750,20.0,53.301886792452834
110000,21.2,3.10077519379845
110250,75.2,5.88235294117647
110500,88.8,87.5
110750,15.2,72.28915662650603
111000,22.8,40.845070422535215
111250,23.200000000000003,96.7741935483871
111500,32.800000000000004,96.5909090909091
111750,13.600000000000001,33.78839590443686
112000,18.8,25.510204081632654
112250,72.39999999999999,31.137724550898206
112500,92.80000000000001,13.661202185792352
112750,9.6,73.79310344827587
113000,16.8,97.61904761904762
113250,29.599999999999998,92.85714285714286
113500,9.6,50.877192982456144
113750,12.8,53.73134328358209
114000,7.199999999999999,84.78260869565217
114250,2.4,37.5
114500,14.399999999999999,3.6231884057971016
114750,56.00000000000001,9.012875536480687
115000,44.800000000000004,2.839756592292089
115250,25.2,18.41620626151013
115500,18.8,56.59340659340659
115750,23.200000000000003,27.187499999999996
116000,10.4,50.0
116250,32.0,97.14285714285714
116500,57.599999999999994,27.419354838709676
116750,50.0,20.0
117000,29.599999999999998,4.081632653061225
117250,72.0,4.958677685950414
117500,99.2,6.504065040650407
117750,22.8,10.81081081081081
118000,18.4,42.10526315789473
118250,21.6,93.75
118500,41.6,58.119658119658126
118750,20.8,25.925925925925924
119000,72.39999999999999,2.564102564102564
119250,95.19999999999999,11.76470588235294
119500,20.0,88.23529411764706
119750,26.0,50.74626865671642
120000,29.599999999999998,13.333333333333334
120250,19.6,97.72727272727273
120500,45.6,16.38418079096045
120750,85.2,10.256410256410255
121000,29.2,30.182926829268293
121250,22.400000000000002,88.88888888888889
121500,14.399999999999999,50.0
121750,15.2,95.28301886792453
122000,16.8,6.41025641025641
122250,33.2,54.761904761904766
122500,6.4,15.789473684210526
122750,8.799999999999999,37.67441860465116
123000,8.799999999999999,61.79775280898876
123250,9.2,2.6785714285714284
123500,52.400000000000006,96.0
123750,67.2,45.0
124000,12.4,91.66666666666666
124250,25.2,45.83333333333333
124500,43.2,15.277777777777779
124750,15.2,56.94444444444444
125000,20.0,51.63934426229508
125250,14.399999999999999,96.15384615384616
125500,39.2,69.17808219178082
125750,69.19999999999999,96.875
126000,61.6,5.0
126250,31.6,75.0
126500,43.2,92.85714285714286
126750,67.2,64.54545454545455
127000,59.199999999999996,95.1923076923077
127250,28.000000000000004,97.5609756097561
127500,20.4,74.11764705882354
127750,10.4,47.58620689655172
128000,16.0,53.191489361702125
128250,4.0,47.46835443037975
128500,1.6,97.91666666666666
128750,36.8,93.75
129000,21.6,97.77777777777777
129250,23.200000000000003,20.27027027027027
129500,18.4,35.43307086614173
129750,36.0,96.15384615384616
130000,49.6,25.0
130250,16.400000000000002,41.37931034482759
130500,14.000000000000002,38.13559322033898
130750,36.4,97.5609756097561
131000,8.4,23.552123552123554
131250,13.200000000000001,28.53107344632768
131500,15.6,24.94279176201373
131750,22.0,32.78688524590164
132000,16.8,95.65217391304348
132250,8.0,42.25941422594142
132500,6.4,35.64102564102564
132750,15.2,0.8888888888888888
133000,19.2,21.794871794871796
133250,12.8,19.45525291828794
133500,4.0,24.285714285714285
133750,8.4,16.833333333333332
134000,25.6,39.473684210526315
134250,24.4,39.6551724137931
134500,10.8,19.93006993006993
134750,3.5999999999999996,28.225806451612907
135000,14.000000000000002,25.485436893203882
135250,24.8,22.90748898678414
135500,20.0,26.961770623742453
135750,18.4,18.050541516245488
136000,8.799999999999999,18.108974358974358
136250,5.6000000000000005,85.71428571428571
136500,6.800000000000001,52.85714285714286
136750,18.4,98.63013698630137
137000,6.0,38.94736842105263
137250,3.5999999999999996,14.85148514851485
137500,4.8,29.321663019693656
137750,7.199999999999999,21.51639344262295
138000,28.4,21.34387351778656
138250,16.0,21.0727969348659
138500,2.4,19.65648854961832
138750,4.3999999999999995,6.60377358490566
139000,22.8,90.47619047619048
139250,29.599999999999998,98.78048780487805
139500,17.2,23.715415019762844
139750,2.4,27.842227378190255
140000,0.8,30.848861283643892
140250,5.6000000000000005,25.539568345323744
140500,1.6,16.49016641452345
140750,12.0,16.78520625889047
141000,3.5999999999999996,8.597883597883598
141250,11.200000000000001,12.81725888324873
141500,8.4,14.987405541561714
141750,18.4,59.84848484848485
142000,9.6,40.0
142250,6.0,39.628482972136226
142500,10.4,21.49122807017544
142750,6.4,20.588235294117645
143000,6.800000000000001,28.620102214650768
143250,13.600000000000001,12.558139534883722
143500,7.6,13.580246913580247
143750,5.2,15.746971736204577
144000,13.600000000000001,14.247669773635153
144250,4.0,13.341804320203304
144500,14.399999999999999,50.0
144750,8.0,67.5392670157068
145000,11.200000000000001,47.89915966386555
145250,11.200000000000001,20.533880903490758
145500,7.199999999999999,27.977315689981097
145750,28.4,18.60902255639098
146000,24.4,18.115942028985508
146250,12.4,20.0
146500,8.0,17.491749174917494
146750,2.4,18.45906902086677
147000,11.600000000000001,4.395604395604396
147250,6.800000000000001,39.39393939393939
147500,6.0,98.66666666666667
147750,8.799999999999999,42.12328767123288
148000,11.600000000000001,62.65822784810127
148250,4.0,50.27932960893855
148500,17.2,5.063291139240507
148750,10.4,97.33333333333334
149000,19.2,66.26506024096386
149250,8.799999999999999,37.96296296296296
149500,8.0,75.0
149750,8.0,41.796875
150000,8.0,69.71830985915493
150250,10.4,64.28571428571429
150500,2.8000000000000003,16.551724137931036
150750,6.0,40.71661237785016
151000,3.2,23.02325581395349
151250,6.4,25.100401606425706
151500,1.6,17.615658362989322
151750,12.0,15.764331210191083
152000,12.0,17.424242424242426
152250,8.799999999999999,16.865671641791042
152500,7.6,14.84149855907781
152750,11.200000000000001,57.54189944134078
153000,3.2,31.142857142857146
153250,6.800000000000001,54.166666666666664
153500,6.800000000000001,40.0
153750,26.400000000000002,48.23008849557522
154000,3.5999999999999996,58.139534883720934
154250,12.4,44.67213114754098
154500,6.4,36.340206185567006
154750,16.400000000000002,98.73417721518987
155000,20.4,71.7948717948718
155250,17.2,22.821576763485478
155500,13.200000000000001,48.18181818181818
155750,7.199999999999999,66.87116564417178
156000,6.4,89.65517241379311
156250,4.0,39.325842696629216
156500,6.800000000000001,76.92307692307693
156750,14.799999999999999,63.98104265402843
157000,7.199999999999999,98.9010989010989
157250,2.4,48.57142857142857
157500,4.8,58.333333333333336
157750,6.4,64.4
158000,10.0,30.07915567282322
158250,6.4,30.952380952380953
158500,22.8,7.468879668049793
158750,24.4,28.31858407079646
159000,18.4,55.670103092783506
159250,20.8,98.30508474576271
159500,9.6,42.74809160305343
159750,11.200000000000001,39.42652329749104
160000,17.599999999999998,92.85714285714286
160250,9.6,65.1639344262295
160500,27.6,5.042016806722689
160750,86.4,14.37908496732026
161000,73.6,34.59715639810427
161250,26.8,32.7922077922078
161500,3.2,27.149321266968325
161750,17.599999999999998,20.901639344262296
162000,20.4,16.666666666666664
162250,30.0,84.17266187050359
162500,13.600000000000001,91.30434782608695
162750,23.200000000000003,32.55813953488372
163000,14.000000000000002,98.52941176470588
163250,12.0,63.69426751592356
163500,35.199999999999996,19.41747572815534
163750,48.4,25.882352941176475
164000,36.8,70.92198581560284
164250,13.600000000000001,60.66350710900474
164500,31.6,95.65217391304348
164750,17.2,62.96296296296296
165000,11.200000000000001,91.66666666666666
165250,17.599999999999998,31.147540983606557
165500,14.000000000000002,54.395604395604394
165750,31.2,29.411764705882355
166000,10.0,26.89075630252101
166250,16.8,37.86764705882353
166500,14.799999999999999,26.822916666666668
166750,18.8,31.017369727047146
167000,16.8,29.931972789115648
167250,8.0,21.961620469083158
167500,14.399999999999999,68.0
167750,18.0,18.823529411764707
168000,8.0,36.84210526315789
168250,19.6,15.422885572139302
168500,20.4,6.172839506172839
168750,19.2,98.52941176470588
169000,15.2,95.0
169250,60.8,90.0
169500,38.800000000000004,5.0
169750,28.000000000000004,80.68181818181817
170000,15.2,56.17021276595745
170250,10.4,26.548672566371685
170500,51.2,32.55813953488372
170750,57.199999999999996,5.263157894736842
171000,18.8,83.06451612903226
171250,18.8,43.682310469314075
171500,18.0,27.857142857142858
171750,15.2,21.951219512195124
172000,17.599999999999998,36.93693693693694
172250,10.4,62.264150943396224
172500,19.6,47.647058823529406
172750,5.6000000000000005,15.384615384615385
173000,59.199999999999996,60.115606936416185
173250,37.2,36.29032258064516
173500,1.2,59.895833333333336
173750,19.2,69.73684210526315
174000,26.400000000000002,91.81818181818183
174250,22.8,50.55350553505535
174500,1.6,70.8108108108108
174750,9.6,26.683291770573565
175000,10.4,12.987012987012985
175250,28.4,8.333333333333332
175500,42.8,24.17910447761194
175750,15.2,81.25
176000,12.4,29.310344827586203
176250,32.4,16.203703703703702
176500,30.0,84.16666666666667
176750,38.4,95.0
177000,12.8,48.79032258064516
177250,2.4,36.69724770642202
177500,4.8,29.09090909090909
177750,3.2,33.13253012048193
178000,16.0,5.6000000000000005
178250,21.2,21.015761821366024
178500,26.0,3.761755485893417
178750,2.0,98.27586206896551
179000,3.2,57.03703703703704
179250,14.000000000000002,58.82352941176471
179500,7.199999999999999,24.074074074074073
179750,7.199999999999999,45.659163987138264
180000,4.0,13.31828442437923
180250,2.4,78.83211678832117
180500,73.6,1.477832512315271
180750,38.4,28.011204481792717
181000,55.60000000000001,1.5625
181250,72.8,7.198443579766536
181500,4.3999999999999995,10.284167794316645
181750,15.6,3.821656050955414
182000,22.0,5.066666666666666
182250,55.2,4.122011541632316
182500,10.0,9.505988023952096
182750,22.0,1.3370865587614356
183000,12.0,7.973421926910299
183250,1.6,10.34047919293821
183500,29.599999999999998,6.018237082066869
183750,25.2,6.19362597714973
184000,18.4,6.011904761904762
184250,20.0,8.91755468311834
184500,16.400000000000002,6.29067245119306
184750,10.8,7.305194805194805
185000,3.2,5.501618122977346
185250,23.200000000000003,0.32292787944025836
185500,83.2,0.37654653039268426
185750,84.8,5.296950240770466
