250,0.0,0.0
500,0.0,0.0
750,0.0,0.0
1000,0.0,20.8
1250,0.0,36.64
1500,0.0,47.199999999999996
1750,0.0,54.74285714285714
2000,0.0,60.4
2250,2.8000000000000003,14.269406392694064
2500,0.0,33.288948069241016
2750,0.0,59.904153354632584
3000,0.0,0.9009009009009009
3250,0.0,0.7205764611689351
3500,0.0,0.600400266844563
3750,0.0,0.5145797598627788
4000,0.0,0.4502251125562781
4250,2.8000000000000003,13.877784123358081
4500,0.0,32.84477015323118
4750,0.0,59.392486011191046
5000,0.0,99.3993993993994
5250,0.0,99.51961569255404
5500,0.0,99.59973315543695
5750,0.0,99.65694682675816
6000,0.0,99.69984992496248
6250,2.8000000000000003,0.25
6500,0.0,0.15
6750,0.0,0.4
7000,0.0,0.3
7250,16.8,2.3
7500,100.0,14.799999999999999
7750,100.0,27.3
8000,100.0,25.0
8250,99.6,97.59036144578313
8500,100.0,98.79759519038076
8750,100.0,99.19893190921229
9000,20.0,99.3993993993994
9250,0.0,99.51961569255404
9500,0.0,99.59973315543695
9750,0.0,99.199542595769
10000,0.0,99.64859437751004
10250,99.6,12.543903662819869
10500,100.0,25.087807325639737
10750,100.0,37.63171098845961
11000,16.8,50.175614651279474
11250,0.0,62.719518314099346
11500,0.0,75.26342197691922
11750,0.0,79.12694430506774
12000,0.4,12.5
12250,99.6,50.0
12500,100.0,25.0
12750,100.0,87.5
13000,17.2,62.5
13250,0.0,37.5
13500,0.0,100.0
13750,0.0,75.0
14000,0.0,50.0
14250,99.6,62.5
14500,100.0,37.5
14750,100.0,100.0
15000,20.0,75.0
15250,0.0,50.0
15500,0.0,25.0
15750,0.0,87.5
16000,0.0,62.5
16250,99.6,62.5
16500,100.0,37.5
16750,100.0,100.0
17000,20.0,75.0
17250,0.0,50.0
17500,0.0,25.0
17750,0.0,87.5
18000,0.0,55.55555555555556
18250,99.6,97.58064516129032
18500,100.0,98.79518072289156
18750,100.0,99.19786096256684
19000,20.0,99.39879759519037
19250,0.0,99.51923076923077
19500,0.0,99.59946595460613
19750,0.0,90.10297482837528
20000,0.0,78.82882882882883
20250,99.6,12.506253126563283
20500,100.0,25.012506253126567
20750,100.0,37.51875937968984
21000,16.8,10.455227613806903
21250,0.0,22.961480740370185
21500,0.0,35.467733866933465
21750,0.0,8.404202101050526
22000,3.2,33.33333333333333
22250,99.6,97.58064516129032
22500,100.0,98.79518072289156
22750,100.0,99.19786096256684
23000,20.0,79.45891783567134
23250,0.0,63.541666666666664
23500,0.0,52.93724966622163
23750,0.0,45.82379862700229
24000,0.0,40.090090090090094
24250,99.6,12.506253126563283
24500,100.0,25.012506253126567
24750,100.0,37.51875937968984
25000,16.8,49.6248124062031
25250,0.0,62.131065532766385
25500,0.0,74.63731865932967
25750,0.0,87.14357178589295
26000,3.2,33.33333333333333
26250,99.6,97.58064516129032
26500,100.0,98.79518072289156
26750,100.0,99.19786096256684
27000,20.0,99.39879759519037
27250,0.0,99.51923076923077
27500,0.0,99.59946595460613
27750,0.0,90.10297482837528
28000,0.0,78.82882882882883
28250,99.6,12.506253126563283
28500,100.0,25.012506253126567
28750,100.0,37.51875937968984
29000,16.8,10.455227613806903
29250,0.0,22.961480740370185
29500,0.0,35.467733866933465
29750,0.0,8.404202101050526
30000,3.2,37.5
30250,99.6,62.5
30500,100.0,37.5
30750,100.0,100.0
31000,20.0,75.0
31250,0.0,50.0
31500,0.0,25.0
31750,0.0,87.5
32000,0.0,62.5
32250,99.6,62.5
32500,100.0,37.5
32750,100.0,100.0
33000,20.0,75.0
33250,0.0,50.0
33500,0.0,25.0
33750,0.0,87.5
34000,0.0,62.5
34250,99.6,62.5
34500,100.0,37.5
34750,100.0,100.0
35000,20.0,75.0
35250,0.0,50.0
35500,0.0,25.0
35750,0.0,87.5
36000,0.0,55.55555555555556
36250,99.6,97.58064516129032
36500,100.0,98.79518072289156
36750,100.0,99.19786096256684
37000,20.0,79.45891783567134
37250,0.0,63.541666666666664
37500,0.0,52.93724966622163
37750,0.0,54.86270022883295
38000,0.0,60.51051051051051
38250,99.6,12.506253126563283
38500,100.0,25.012506253126567
38750,100.0,37.51875937968984
39000,16.8,10.455227613806903
39250,0.0,22.961480740370185
39500,0.0,35.467733866933465
39750,0.0,8.404202101050526
40000,3.2,33.33333333333333
40250,99.6,97.58064516129032
40500,100.0,98.79518072289156
40750,100.0,99.19786096256684
41000,20.0,99.39879759519037
41250,0.0,99.51923076923077
41500,0.0,99.59946595460613
41750,0.0,99.14187643020595
42000,0.0,99.24924924924925
42250,99.6,12.506253126563283
42500,100.0,25.012506253126567
42750,100.0,37.51875937968984
43000,16.8,49.6248124062031
43250,0.0,62.131065532766385
43500,0.0,74.63731865932967
43750,0.0,78.83941970985492
44000,3.2,33.33333333333333
44250,99.6,97.58064516129032
44500,100.0,98.79518072289156
44750,100.0,99.19786096256684
45000,20.0,79.45891783567134
45250,0.0,63.541666666666664
45500,0.0,52.93724966622163
45750,0.0,54.86270022883295
46000,0.0,60.51051051051051
46250,99.6,12.506253126563283
46500,100.0,25.012506253126567
46750,100.0,37.51875937968984
47000,16.8,10.455227613806903
47250,0.0,22.961480740370185
47500,0.0,35.467733866933465
47750,0.0,8.404202101050526
48000,3.2,37.5
48250,99.6,62.5
48500,100.0,37.5
48750,100.0,100.0
49000,20.0,75.0
49250,0.0,50.0
49500,0.0,25.0
49750,0.0,87.5
50000,0.0,62.5
50250,99.6,62.5
50500,100.0,37.5
50750,100.0,100.0
51000,20.0,75.0
51250,0.0,50.0
51500,0.0,25.0
51750,0.0,87.5
52000,0.0,62.5
52250,99.6,87.5
52500,100.0,50.0
52750,100.0,62.5
53000,100.0,62.5
53250,100.0,25.0
53500,100.0,50.0
53750,100.0,100.0
54000,100.0,37.5
54250,100.0,100.0
54500,100.0,50.0
54750,75.2,94.11764705882352
55000,49.2,34.172661870503596
55250,66.4,7.142857142857142
55500,60.0,24.701195219123505
55750,53.2,12.913385826771654
56000,31.2,5.686032138442522
56250,42.0,85.16542155816435
56500,52.800000000000004,58.887785501489574
56750,75.2,2.8901734104046244
57000,86.0,22.2011385199241
57250,76.8,1.2589928057553956
57500,51.6,65.17128874388256
57750,64.8,9.803921568627452
58000,73.6,13.805970149253731
58250,38.4,61.06382978723405
58500,22.8,11.632270168855536
58750,73.2,23.58490566037736
59000,25.2,44.21965317919075
59250,26.0,44.54545454545455
59500,62.0,17.647058823529413
59750,38.0,80.71895424836602
60000,42.4,55.38461538461539
60250,47.199999999999996,16.19718309859155
60500,76.0,23.949579831932773
60750,85.6,32.63888888888889
61000,95.19999999999999,1.953125
61250,66.4,13.874345549738221
61500,74.4,1.4893617021276597
61750,96.0,27.735849056603772
62000,64.4,71.96261682242991
62250,44.800000000000004,4.085603112840467
62500,65.2,2.65017667844523
62750,78.4,3.90625
63000,80.4,4.617604617604617
63250,74.0,9.162303664921465
63500,92.80000000000001,9.715639810426541
63750,96.0,5.466237942122187
64000,94.39999999999999,1.440922190201729
64250,78.4,24.100719424460433
64500,87.6,6.372549019607843
64750,91.2,7.766990291262135
65000,88.8,0.3629764065335753
65250,98.8,34.146341463414636
65500,93.2,5.283018867924529
65750,92.80000000000001,3.8929440389294405
66000,96.8,5.439330543933055
66250,98.4,2.140077821011673
66500,96.0,2.0905923344947737
66750,98.4,1.7152658662092626
67000,92.80000000000001,4.545454545454546
67250,100.0,4.67741935483871
67500,89.2,0.603318250377074
67750,95.19999999999999,33.33333333333333
68000,88.8,10.526315789473683
68250,92.4,8.695652173913043
68500,100.0,55.55555555555556
68750,96.39999999999999,88.0
69000,78.0,84.84848484848484
69250,73.6,42.857142857142854
69500,98.4,87.5
69750,96.0,60.0
70000,91.60000000000001,25.0
70250,84.8,48.35164835164835
70500,97.2,100.0
70750,96.39999999999999,91.52542372881356
71000,77.60000000000001,98.61111111111111
71250,75.2,79.16666666666666
71500,78.4,16.071428571428573
71750,75.2,72.03389830508475
72000,96.0,66.66666666666666
72250,96.0,33.33333333333333
72500,89.60000000000001,83.78378378378379
72750,100.0,10.416666666666668
73000,99.2,33.82352941176471
73250,98.4,13.366336633663368
73500,96.8,6.25
73750,100.0,38.764044943820224
74000,94.39999999999999,6.854838709677419
74250,98.4,6.460674157303371
74500,91.2,9.701492537313433
74750,87.2,22.435897435897438
75000,96.8,12.134831460674157
75250,86.8,6.228373702422145
75500,82.0,0.6201550387596899
75750,81.6,1.8387553041018387
76000,99.2,8.771929824561402
76250,100.0,18.181818181818183
76500,86.4,72.22222222222221
76750,97.6,25.0
77000,96.39999999999999,100.0
77250,74.4,1.8867924528301887
77500,28.799999999999997,92.19512195121952
77750,78.4,68.0
78000,100.0,5.64516129032258
78250,97.6,26.190476190476193
78500,92.4,27.77777777777778
78750,92.0,10.526315789473683
79000,91.2,72.41379310344827
79250,99.6,25.238095238095237
79500,61.6,1.8617021276595744
79750,95.19999999999999,100.0
80000,99.2,14.027149321266968
80250,94.39999999999999,2.491103202846975
80500,98.4,9.03010033444816
80750,100.0,53.086419753086425
81000,84.0,75.45454545454545
81250,73.2,12.0
81500,76.0,13.378684807256235
81750,76.4,2.5390625
82000,85.6,15.070921985815602
82250,81.6,10.063897763578275
82500,96.0,34.05797101449276
82750,93.60000000000001,13.076923076923078
83000,86.4,23.599999999999998
83250,96.8,4.037267080745342
83500,90.4,9.653465346534654
83750,100.0,19.834710743801654
84000,86.0,15.089514066496163
84250,98.8,3.2467532467532463
84500,74.4,18.235294117647058
84750,98.4,26.13981762917933
85000,96.8,100.0
85250,100.0,87.09677419354838
85500,98.8,15.254237288135593
85750,76.0,39.603960396039604
86000,88.8,33.33333333333333
86250,99.2,97.36842105263158
86500,98.4,14.285714285714285
86750,98.4,44.44444444444444
87000,94.8,38.46153846153847
87250,85.2,14.210526315789473
87500,92.0,11.11111111111111
87750,90.0,95.45454545454545
88000,86.8,20.0
88250,100.0,25.77777777777778
88500,98.4,16.8
88750,99.2,5.540166204986149
89000,81.6,0.4524886877828055
89250,96.0,11.158798283261802
89500,96.8,6.160164271047227
89750,90.4,31.1787072243346
90000,98.4,10.15801354401806
90250,96.0,24.953095684803
90500,96.8,17.73049645390071
90750,71.6,2.04778156996587
91000,88.0,7.777777777777778
91250,81.6,7.945736434108527
91500,96.0,5.970149253731343
91750,98.4,12.545454545454545
92000,74.4,34.090909090909086
92250,92.80000000000001,35.714285714285715
92500,89.60000000000001,3.125
92750,100.0,18.125
93000,89.2,82.5
93250,88.0,19.35483870967742
93500,92.4,7.6923076923076925
93750,100.0,15.52511415525114
94000,100.0,96.22641509433963
94250,99.2,10.731707317073171
94500,99.2,31.57894736842105
94750,99.2,22.727272727272727
95000,97.6,13.857677902621724
95250,97.6,45.16129032258064
95500,99.2,18.91891891891892
95750,98.4,66.66666666666666
96000,72.0,26.923076923076923
96250,100.0,87.5
96500,99.2,100.0
96750,89.60000000000001,29.78723404255319
97000,97.6,28.985507246376812
97250,84.0,78.87323943661971
97500,98.4,35.55555555555556
97750,100.0,21.311475409836063
98000,100.0,2.7027027027027026
98250,60.4,7.55813953488372
98500,63.2,15.461847389558233
98750,94.0,10.144927536231885
99000,100.0,65.3658536585366
99250,92.80000000000001,22.149837133550488
99500,98.4,3.5256410256410255
99750,99.2,4.9504950495049505
100000,100.0,4.145077720207254
100250,99.2,7.441860465116279
100500,100.0,56.00000000000001
100750,100.0,75.0
101000,99.2,25.0
101250,99.2,72.72727272727273
101500,98.4,20.0
101750,99.2,50.0
102000,100.0,42.10526315789473
102250,100.0,94.11764705882352
102500,80.0,72.0
102750,98.4,10.897435897435898
103000,100.0,93.75
103250,100.0,33.33333333333333
103500,100.0,6.081081081081082
103750,99.2,2.1929824561403506
104000,99.2,2.9166666666666665
104250,98.4,30.357142857142854
104500,100.0,12.878787878787879
104750,100.0,35.714285714285715
105000,99.2,19.387755102040817
105250,100.0,39.0625
105500,100.0,84.25925925925925
105750,100.0,2.083333333333333
106000,98.4,5.434782608695652
106250,96.8,16.25
106500,96.8,54.054054054054056
106750,99.6,41.66666666666667
107000,100.0,81.25
107250,92.4,11.904761904761903
107500,90.0,3.821656050955414
107750,98.4,13.88888888888889
108000,99.2,81.25
108250,100.0,88.46153846153845
108500,100.0,92.85714285714286
108750,100.0,68.18181818181817
109000,100.0,45.45454545454545
109250,100.0,100.0
109500,100.0,13.043478260869565
109750,100.0,30.909090909090907
110000,99.2,1.384083044982699
110250,100.0,3.2448377581120944
110500,100.0,14.121037463976945
110750,97.6,35.45454545454545
111000,100.0,43.93939393939394
111250,100.0,23.78048780487805
111500,100.0,26.08695652173913
111750,100.0,2.888086642599278
112000,96.8,6.906077348066299
112250,100.0,3.4739454094292808
112500,100.0,6.172839506172839
112750,100.0,10.429447852760736
113000,100.0,23.660714285714285
113250,100.0,86.66666666666667
113500,94.39999999999999,93.87755102040816
113750,68.8,31.770833333333332
114000,88.0,91.30434782608695
114250,93.60000000000001,12.195121951219512
114500,99.2,3.6231884057971016
114750,100.0,9.012875536480687
115000,95.19999999999999,2.839756592292089
115250,100.0,0.9242144177449169
115500,87.6,8.737864077669903
115750,98.8,38.095238095238095
116000,100.0,8.796296296296296
116250,100.0,25.0
116500,100.0,19.318181818181817
116750,100.0,13.559322033898304
117000,99.2,2.247191011235955
117250,100.0,3.7735849056603774
117500,100.0,4.968944099378882
117750,100.0,5.797101449275362
118000,100.0,32.98969072164948
118250,100.0,43.75
118500,100.0,76.40449438202246
118750,100.0,19.047619047619047
119000,100.0,3.7593984962406015
119250,100.0,16.901408450704224
119500,100.0,6.666666666666667
119750,99.2,2.0408163265306123
120000,100.0,12.389380530973451
120250,100.0,7.083333333333333
120500,100.0,15.846994535519126
120750,100.0,9.950248756218906
121000,100.0,16.766467065868262
121250,100.0,6.557377049180328
121500,100.0,12.0
121750,95.19999999999999,45.83333333333333
122000,96.0,1.694915254237288
122250,100.0,26.285714285714285
122500,90.4,11.920529801324504
122750,98.4,77.77777777777779
123000,100.0,15.841584158415841
123250,100.0,4.054054054054054
123500,99.2,31.63265306122449
123750,100.0,54.0
124000,100.0,1.744186046511628
124250,95.19999999999999,51.19047619047619
124500,100.0,7.746478873239436
124750,100.0,18.72146118721461
125000,98.4,38.41463414634146
125250,100.0,74.35897435897436
125500,100.0,7.936507936507936
125750,100.0,1.4492753623188406
126000,100.0,5.208333333333334
126250,100.0,100.0
126500,100.0,81.25
126750,100.0,53.333333333333336
127000,99.2,75.0
127250,100.0,67.74193548387096
127500,80.0,100.0
127750,89.60000000000001,85.71428571428571
128000,100.0,39.58333333333333
128250,100.0,7.777777777777778
128500,82.39999999999999,80.43478260869566
128750,100.0,37.5
129000,98.8,37.5
129250,100.0,7.653061224489796
129500,100.0,29.22077922077922
129750,100.0,15.0
130000,92.0,21.6
130250,100.0,42.028985507246375
130500,100.0,62.37623762376238
130750,100.0,29.310344827586203
131000,82.8,23.282442748091604
131250,86.0,4.761904761904762
131500,69.19999999999999,4.318181818181818
131750,76.8,1.1650485436893203
132000,87.6,18.4981684981685
132250,89.60000000000001,1.2237762237762237
132500,80.0,28.39506172839506
132750,92.0,0.8714596949891068
133000,95.19999999999999,2.7253668763102725
133250,94.39999999999999,2.8680688336520075
133500,84.0,11.504424778761061
133750,96.8,5.289256198347108
134000,100.0,5.639097744360902
134250,97.6,1.8181818181818181
134500,94.39999999999999,17.117117117117118
134750,99.2,5.221932114882506
135000,95.19999999999999,6.65083135391924
135250,84.8,4.751619870410368
135500,96.8,24.50592885375494
135750,83.2,1.4209591474245116
136000,96.8,7.740916271721959
136250,92.80000000000001,1.3177159590043925
136500,88.0,3.039073806078148
136750,100.0,8.383233532934131
137000,100.0,3.4934497816593884
137250,93.2,20.408163265306122
137500,88.4,1.9736842105263157
137750,95.19999999999999,11.510791366906476
138000,96.8,9.333333333333334
138250,100.0,22.28739002932551
138500,100.0,4.048582995951417
138750,99.2,3.4782608695652173
139000,98.8,53.333333333333336
139250,95.6,13.432835820895523
139500,97.6,26.804123711340207
139750,92.80000000000001,77.77777777777779
140000,98.4,96.49122807017544
140250,88.4,45.68527918781726
140500,80.80000000000001,20.689655172413794
140750,91.60000000000001,80.0
141000,78.8,33.460076045627375
141250,87.2,4.891304347826087
141500,98.4,28.947368421052634
141750,99.2,66.38655462184873
142000,96.8,42.96296296296296
142250,87.2,17.0
142500,76.0,14.85148514851485
142750,68.0,47.524752475247524
143000,98.0,94.25287356321839
143250,86.4,13.353115727002967
143500,67.2,9.696969696969697
143750,97.2,17.043478260869566
144000,96.8,12.984496124031008
144250,94.39999999999999,7.977736549165121
144500,94.39999999999999,3.684210526315789
144750,100.0,50.3448275862069
145000,92.80000000000001,34.876543209876544
145250,76.8,25.0
145500,91.2,53.036437246963565
145750,99.2,27.411167512690355
146000,92.80000000000001,6.4
146250,80.80000000000001,7.4074074074074066
146500,98.4,3.324808184143223
146750,99.2,7.637231503579953
147000,92.0,4.49438202247191
147250,100.0,42.62295081967213
147500,90.4,30.82191780821918
147750,97.6,99.16666666666667
148000,96.8,94.73684210526315
148250,92.80000000000001,37.65690376569037
148500,97.6,1.0471204188481675
148750,94.8,17.802197802197803
149000,79.2,13.855421686746988
149250,93.2,38.2716049382716
149500,97.6,10.227272727272728
149750,100.0,7.8125
150000,82.0,28.000000000000004
150250,89.2,6.440677966101695
150500,96.8,7.741935483870968
150750,90.4,11.578947368421053
151000,96.0,7.543103448275862
151250,99.2,33.48837209302326
151500,97.6,100.0
151750,95.19999999999999,1.2396694214876034
152000,96.0,7.735849056603773
152250,97.6,5.734767025089606
152500,91.2,4.690117252931323
152750,99.2,2.753872633390706
153000,96.8,4.5531197301854975
153250,99.2,20.0
153500,99.2,27.27272727272727
153750,98.4,12.22707423580786
154000,99.2,11.351351351351353
154250,97.6,26.190476190476193
154500,100.0,37.878787878787875
154750,100.0,9.67741935483871
155000,100.0,6.422018348623854
155250,80.4,31.07344632768362
155500,91.60000000000001,35.0
155750,96.8,10.714285714285714
156000,82.39999999999999,31.70731707317073
156250,91.2,5.678233438485805
156500,76.0,51.369863013698634
156750,88.4,26.855123674911663
157000,100.0,28.217821782178216
157250,50.8,20.862068965517242
157500,76.0,3.8869257950530036
157750,99.2,16.400000000000002
158000,97.6,30.997304582210244
158250,54.400000000000006,5.963302752293578
158500,80.0,1.098901098901099
158750,80.80000000000001,18.93491124260355
159000,84.8,21.0
159250,100.0,9.824561403508772
159500,96.0,15.774647887323944
159750,94.39999999999999,30.612244897959183
160000,87.2,3.2544378698224854
160250,100.0,25.0
160500,94.8,2.1052631578947367
160750,86.4,1.2539184952978055
161000,100.0,20.916905444126073
161250,100.0,6.081081081081082
161500,99.2,27.11864406779661
161750,99.2,18.947368421052634
162000,97.6,15.789473684210526
162250,97.6,92.51700680272108
162500,90.4,44.086021505376344
162750,95.19999999999999,28.767123287671232
163000,84.8,81.9672131147541
163250,92.0,72.72727272727273
163500,96.8,26.666666666666668
163750,99.2,97.43589743589743
164000,99.2,53.06122448979592
164250,99.2,71.28712871287128
164500,98.4,13.636363636363635
164750,94.8,62.96296296296296
165000,96.8,25.0
165250,89.60000000000001,19.090909090909093
165500,92.4,6.593406593406594
165750,98.4,38.983050847457626
166000,94.0,15.384615384615385
166250,91.60000000000001,11.960132890365449
166500,93.60000000000001,7.547169811320755
166750,100.0,19.240506329113924
167000,87.2,12.064965197215777
167250,99.2,2.6143790849673203
167500,94.0,10.31390134529148
167750,79.2,4.776119402985075
168000,81.6,7.494646680942184
168250,83.6,11.787072243346007
168500,88.8,5.181347150259067
168750,84.8,21.31782945736434
169000,97.2,66.66666666666666
169250,97.6,17.894736842105264
169500,100.0,7.6923076923076925
169750,97.6,47.97297297297297
170000,100.0,82.97872340425532
170250,99.2,56.60377358490566
170500,100.0,58.333333333333336
170750,96.0,23.75
171000,99.6,18.548387096774192
171250,96.8,38.860103626943
171500,100.0,1.729106628242075
171750,100.0,3.0162412993039442
172000,92.80000000000001,55.970149253731336
172250,92.80000000000001,5.9071729957805905
172500,97.6,26.36363636363636
172750,100.0,7.608695652173914
173000,94.8,6.015037593984962
173250,82.8,42.51207729468599
173500,86.8,80.0
173750,98.0,11.855670103092782
174000,100.0,4.932735426008969
174250,57.99999999999999,29.961089494163424
174500,36.8,11.076923076923077
174750,40.0,6.914893617021277
175000,86.8,2.3980815347721824
175250,98.8,2.1459227467811157
175500,93.2,98.73417721518987
175750,97.6,30.158730158730158
176000,99.6,8.571428571428571
176250,95.19999999999999,50.0
176500,94.8,5.932203389830509
176750,100.0,96.07843137254902
177000,71.6,21.35922330097087
177250,31.2,42.44604316546763
177500,40.8,7.8817733990147785
177750,63.2,3.4246575342465753
178000,64.0,7.6923076923076925
178250,72.39999999999999,8.83054892601432
178500,74.0,4.82897384305835
178750,40.8,27.305605786618447
179000,66.0,56.766917293233085
179250,93.60000000000001,16.181229773462782
179500,78.4,23.423423423423422
179750,70.8,55.47445255474452
180000,82.39999999999999,52.35457063711911
180250,54.400000000000006,4.361370716510903
180500,77.60000000000001,0.7751937984496124
180750,38.4,18.484288354898336
181000,63.6,1.1075949367088607
181250,73.6,5.300859598853868
181500,11.600000000000001,36.92307692307693
181750,18.8,9.022556390977442
182000,26.8,9.777015437392796
182250,64.8,7.291666666666667
182500,50.8,16.10062893081761
182750,61.199999999999996,2.130044843049327
183000,64.0,33.94683026584867
183250,37.2,55.5032925682032
183500,75.6,70.85561497326202
183750,92.0,25.701754385964914
184000,90.0,10.46712802768166
184250,57.199999999999996,63.18289786223278
184500,50.0,58.30882352941177
184750,89.60000000000001,42.446573323507735
185000,46.0,17.24137931034483
185250,57.199999999999996,0.4382761139517896
185500,86.4,0.5068790731354091
185750,85.6,56.25441696113074
