250,0.0,0.0
500,0.0,0.0
750,0.0,0.0
1000,0.0,0.0
1250,0.0,0.0
1500,0.0,0.0
1750,0.0,0.0
2000,0.0,0.0
2250,0.4,0.0
2500,0.0,0.0
2750,0.0,0.0
3000,0.0,0.0
3250,0.0,0.0
3500,0.0,0.0
3750,0.0,0.0
4000,0.0,0.0
4250,0.4,0.0
4500,0.0,0.0
4750,0.0,0.0
5000,0.0,0.0
5250,0.0,0.0
5500,0.0,0.0
5750,0.0,0.0
6000,0.0,0.0
6250,0.4,0.0
6500,0.0,0.0
6750,0.0,0.0
7000,0.0,0.0
7250,0.0,0.0
7500,0.0,0.0
7750,0.0,0.0
8000,39.2,0.0
8250,39.6,0.0
8500,0.0,0.0
8750,0.0,0.0
9000,0.0,0.0
9250,0.0,0.0
9500,0.0,0.0
9750,0.0,0.0
10000,0.0,0.0
10250,38.800000000000004,0.0
10500,0.0,0.0
10750,0.0,0.0
11000,0.0,0.0
11250,0.0,0.0
11500,0.0,0.0
11750,0.0,0.0
12000,0.8,0.0
12250,39.6,0.0
12500,0.0,0.0
12750,0.0,0.0
13000,0.0,0.0
13250,0.0,0.0
13500,0.0,0.0
13750,0.0,0.0
14000,0.0,0.0
14250,38.800000000000004,0.0
14500,0.0,0.0
14750,0.0,0.0
15000,0.0,0.0
15250,0.0,0.0
15500,0.0,0.0
15750,0.0,0.0
16000,0.8,0.0
16250,39.6,0.0
16500,0.0,0.0
16750,0.0,0.0
17000,0.0,0.0
17250,0.0,0.0
17500,0.0,0.0
17750,0.0,0.0
18000,0.0,0.0
18250,39.6,0.0
18500,0.0,0.0
18750,0.0,0.0
19000,0.0,0.0
19250,0.0,0.0
19500,0.0,0.0
19750,0.0,0.0
20000,0.0,0.0
20250,38.800000000000004,0.0
20500,0.0,0.0
20750,0.0,0.0
21000,0.0,0.0
21250,0.8,0.0
21500,0.0,0.0
21750,0.0,0.0
22000,0.0,0.0
22250,38.800000000000004,0.0
22500,0.0,0.0
22750,0.0,0.0
23000,0.8,0.0
23250,0.0,0.0
23500,0.0,0.0
23750,0.0,0.0
24000,0.0,0.0
24250,38.800000000000004,0.0
24500,0.0,0.0
24750,0.0,0.0
25000,0.0,0.0
25250,0.8,0.0
25500,0.0,0.0
25750,0.0,0.0
26000,0.0,0.0
26250,39.6,0.0
26500,0.0,0.0
26750,0.0,0.0
27000,0.0,0.0
27250,0.0,0.0
27500,0.0,0.0
27750,0.0,0.0
28000,0.0,0.0
28250,38.800000000000004,0.0
28500,0.0,0.0
28750,0.0,0.0
29000,0.0,0.0
29250,0.0,0.0
29500,0.0,0.0
29750,0.0,0.0
30000,0.4,0.0
30250,40.0,0.0
30500,0.0,0.0
30750,0.0,0.0
31000,0.0,0.0
31250,0.0,0.0
31500,0.0,0.0
31750,0.0,0.0
32000,0.0,0.0
32250,39.6,0.0
32500,0.0,0.0
32750,0.0,0.0
33000,0.0,0.0
33250,0.0,0.0
33500,0.0,0.0
33750,0.0,0.0
34000,0.0,0.0
34250,39.6,0.0
34500,0.0,0.0
34750,0.0,0.0
35000,0.0,0.0
35250,0.0,0.0
35500,0.0,0.0
35750,0.0,0.0
36000,0.0,0.0
36250,38.800000000000004,0.0
36500,0.0,0.0
36750,0.0,0.0
37000,0.0,0.0
37250,0.0,0.0
37500,0.0,0.0
37750,0.0,0.0
38000,0.8,0.0
38250,39.6,0.0
38500,0.0,0.0
38750,0.0,0.0
39000,0.0,0.0
39250,0.0,0.0
39500,0.0,0.0
39750,0.0,0.0
40000,0.0,0.0
40250,38.800000000000004,0.0
40500,0.0,0.0
40750,0.0,0.0
41000,0.0,0.0
41250,0.0,0.0
41500,0.0,0.0
41750,0.0,0.0
42000,0.8,0.0
42250,39.6,0.0
42500,0.0,0.0
42750,0.0,0.0
43000,0.0,0.0
43250,0.0,0.0
43500,0.0,0.0
43750,0.0,0.0
44000,0.0,0.0
44250,39.6,0.0
44500,0.0,0.0
44750,0.0,0.0
45000,0.0,0.0
45250,0.0,0.0
45500,0.0,0.0
45750,0.0,0.0
46000,0.0,0.0
46250,39.6,0.0
46500,0.0,0.0
46750,0.0,0.0
47000,0.0,0.0
47250,0.0,0.0
47500,0.0,0.0
47750,0.0,0.0
48000,0.0,0.0
48250,38.800000000000004,0.0
48500,0.0,0.0
48750,0.0,0.0
49000,0.0,0.0
49250,0.0,0.0
49500,0.0,0.0
49750,0.0,0.0
50000,0.8,0.0
50250,39.6,0.0
50500,0.0,0.0
50750,0.0,0.0
51000,0.0,0.0
51250,0.0,0.0
51500,0.0,0.0
51750,0.0,0.0
52000,0.0,0.0
52250,80.4,0.0
52500,88.0,0.0
52750,100.0,0.0
53000,53.6,0.0
53250,91.2,0.0
53500,90.0,0.0
53750,4.0,0.0
54000,23.200000000000003,0.0
54250,13.600000000000001,0.0
54500,7.199999999999999,0.0
54750,20.8,0.0
55000,7.199999999999999,0.0
55250,21.6,0.0
55500,9.2,0.0
55750,5.6000000000000005,0.0
56000,2.4,0.0
56250,0.0,0.0
56500,18.0,0.0
56750,2.4,0.0
57000,9.6,0.0
57250,7.199999999999999,0.0
57500,20.0,0.0
57750,8.799999999999999,0.0
58000,4.0,0.0
58250,3.2,0.0
58500,2.4,0.0
58750,13.200000000000001,0.0
59000,2.4,0.0
59250,4.0,0.0
59500,13.600000000000001,0.0
59750,1.6,0.0
60000,0.0,0.0
60250,4.8,0.0
60500,14.399999999999999,0.0
60750,26.8,0.0
61000,26.400000000000002,0.0
61250,11.200000000000001,0.0
61500,8.0,0.0
61750,2.0,0.0
62000,4.0,0.0
62250,14.799999999999999,0.0
62500,14.399999999999999,0.0
62750,11.200000000000001,0.0
63000,10.8,0.0
63250,4.8,0.0
63500,19.2,0.0
63750,21.6,0.0
64000,36.8,0.0
64250,14.399999999999999,0.0
64500,2.4,0.0
64750,10.4,0.0
65000,40.0,0.0
65250,14.799999999999999,0.0
65500,7.6,0.0
65750,12.4,0.0
66000,24.8,0.0
66250,21.6,0.0
66500,26.400000000000002,0.0
66750,17.599999999999998,0.0
67000,24.8,0.0
67250,14.799999999999999,0.0
67500,12.0,0.0
67750,9.6,0.0
68000,48.4,0.0
68250,82.0,0.0
68500,84.39999999999999,0.0
68750,4.8,0.0
69000,14.000000000000002,0.0
69250,12.0,0.0
69500,18.0,0.0
69750,31.6,0.0
70000,49.6,0.0
70250,15.2,0.0
70500,14.000000000000002,0.0
70750,18.4,0.0
71000,14.399999999999999,0.0
71250,14.399999999999999,0.0
71500,0.4,0.0
71750,16.400000000000002,0.0
72000,24.8,0.0
72250,16.8,0.0
72500,28.4,0.0
72750,21.2,0.0
73000,11.200000000000001,0.0
73250,19.2,0.0
73500,24.8,0.0
73750,14.399999999999999,0.0
74000,8.799999999999999,0.0
74250,20.4,0.0
74500,7.199999999999999,0.0
74750,10.4,0.0
75000,8.0,0.0
75250,11.200000000000001,0.0
75500,25.6,0.0
75750,18.8,0.0
76000,24.8,0.0
76250,25.2,0.0
76500,15.6,0.0
76750,14.399999999999999,0.0
77000,24.0,0.0
77250,10.4,0.0
77500,7.199999999999999,0.0
77750,0.8,0.0
78000,3.2,0.0
78250,9.6,0.0
78500,22.400000000000002,0.0
78750,28.4,0.0
79000,20.0,0.0
79250,18.0,0.0
79500,4.3999999999999995,0.0
79750,19.6,0.0
80000,24.8,0.0
80250,18.4,0.0
80500,22.400000000000002,0.0
80750,12.8,0.0
81000,28.799999999999997,0.0
81250,6.800000000000001,0.0
81500,16.8,0.0
81750,16.8,0.0
82000,1.6,0.0
82250,19.2,0.0
82500,12.0,0.0
82750,17.599999999999998,0.0
83000,20.4,0.0
83250,10.4,0.0
83500,13.600000000000001,0.0
83750,8.799999999999999,0.0
84000,9.6,0.0
84250,20.0,0.0
84500,12.0,0.0
84750,6.800000000000001,0.0
85000,7.199999999999999,0.0
85250,16.8,0.0
85500,14.399999999999999,0.0
85750,8.4,0.0
86000,10.8,0.0
86250,5.6000000000000005,0.0
86500,18.0,0.0
86750,13.600000000000001,0.0
87000,18.4,0.0
87250,12.4,0.0
87500,15.6,0.0
87750,9.6,0.0
88000,8.799999999999999,0.0
88250,12.0,0.0
88500,20.4,0.0
88750,7.199999999999999,0.0
89000,12.0,0.0
89250,24.0,0.0
89500,20.4,0.0
89750,10.4,0.0
90000,0.0,0.0
90250,6.4,0.0
90500,18.0,0.0
90750,8.799999999999999,0.0
91000,14.799999999999999,0.0
91250,23.599999999999998,0.0
91500,18.4,0.0
91750,12.0,0.0
92000,25.6,0.0
92250,20.0,0.0
92500,4.8,0.0
92750,4.3999999999999995,0.0
93000,0.8,0.0
93250,48.4,0.0
93500,92.0,0.0
93750,54.400000000000006,0.0
94000,18.8,0.0
94250,16.0,0.0
94500,9.6,0.0
94750,16.0,0.0
95000,14.399999999999999,0.0
95250,23.599999999999998,0.0
95500,16.8,0.0
95750,46.800000000000004,0.0
96000,18.0,0.0
96250,34.0,0.0
96500,18.0,0.0
96750,11.200000000000001,0.0
97000,16.8,0.0
97250,7.199999999999999,0.0
97500,20.8,0.0
97750,12.0,0.0
98000,23.599999999999998,0.0
98250,3.5999999999999996,0.0
98500,17.599999999999998,0.0
98750,17.2,0.0
99000,19.6,0.0
99250,3.2,0.0
99500,1.2,0.0
99750,25.2,0.0
100000,23.200000000000003,0.0
100250,60.4,0.0
100500,70.39999999999999,0.0
100750,61.6,0.0
101000,67.60000000000001,0.0
101250,70.39999999999999,0.0
101500,48.0,0.0
101750,47.599999999999994,0.0
102000,69.6,0.0
102250,51.2,0.0
102500,4.8,0.0
102750,13.600000000000001,0.0
103000,6.800000000000001,0.0
103250,64.8,0.0
103500,30.4,0.0
103750,31.2,0.0
104000,66.4,0.0
104250,43.2,0.0
104500,52.400000000000006,0.0
104750,58.4,0.0
105000,64.0,0.0
105250,54.400000000000006,0.0
105500,51.6,0.0
105750,59.599999999999994,0.0
106000,23.200000000000003,0.0
106250,34.8,0.0
106500,9.6,0.0
106750,13.600000000000001,0.0
107000,32.0,0.0
107250,31.2,0.0
107500,63.6,0.0
107750,73.2,0.0
108000,20.8,0.0
108250,32.800000000000004,0.0
108500,18.0,0.0
108750,32.800000000000004,0.0
109000,56.8,0.0
109250,53.2,0.0
109500,28.799999999999997,0.0
109750,21.2,0.0
110000,21.2,0.0
110250,75.2,0.0
110500,88.0,0.0
110750,15.6,0.0
111000,22.400000000000002,0.0
111250,22.400000000000002,0.0
111500,32.4,0.0
111750,14.399999999999999,0.0
112000,18.4,0.0
112250,72.8,0.0
112500,92.80000000000001,0.0
112750,9.6,0.0
113000,16.0,0.0
113250,29.599999999999998,0.0
113500,10.4,0.0
113750,12.0,0.0
114000,7.199999999999999,0.0
114250,2.4,0.0
114500,14.399999999999999,0.0
114750,56.00000000000001,0.0
115000,44.800000000000004,0.0
115250,26.0,0.0
115500,18.0,0.0
115750,24.0,0.0
116000,9.6,0.0
116250,32.0,0.0
116500,57.599999999999994,0.0
116750,49.2,0.0
117000,29.599999999999998,0.0
117250,72.0,0.0
117500,99.2,0.0
117750,22.8,0.0
118000,18.4,0.0
118250,20.8,0.0
118500,40.8,0.0
118750,20.0,0.0
119000,72.39999999999999,0.0
119250,95.19999999999999,0.0
119500,19.2,0.0
119750,26.8,0.0
120000,29.2,0.0
120250,19.6,0.0
120500,45.6,0.0
120750,85.2,0.0
121000,29.2,0.0
121250,21.6,0.0
121500,15.2,0.0
121750,15.2,0.0
122000,17.2,0.0
122250,33.2,0.0
122500,6.800000000000001,0.0
122750,8.799999999999999,0.0
123000,8.799999999999999,0.0
123250,9.2,0.0
123500,51.6,0.0
123750,68.0,0.0
124000,11.200000000000001,0.0
124250,26.0,0.0
124500,43.2,0.0
124750,15.2,0.0
125000,20.4,0.0
125250,14.000000000000002,0.0
125500,40.8,0.0
125750,66.0,0.0
126000,61.6,0.0
126250,31.6,0.0
126500,41.6,0.0
126750,67.2,0.0
127000,58.4,0.0
127250,28.4,0.0
127500,19.2,0.0
127750,10.4,0.0
128000,16.0,0.0
128250,4.0,0.0
128500,0.8,0.0
128750,36.8,0.0
129000,21.6,0.0
129250,23.200000000000003,0.0
129500,17.599999999999998,0.0
129750,35.6,0.0
130000,50.0,0.0
130250,16.8,0.0
130500,14.399999999999999,0.0
130750,35.199999999999996,0.0
131000,9.2,0.0
131250,13.200000000000001,0.0
131500,15.6,0.0
131750,21.2,0.0
132000,16.0,0.0
132250,8.0,0.0
132500,7.199999999999999,0.0
132750,16.0,0.0
133000,19.2,0.0
133250,12.8,0.0
133500,4.0,0.0
133750,8.4,0.0
134000,24.8,0.0
134250,22.8,0.0
134500,11.600000000000001,0.0
134750,4.3999999999999995,0.0
135000,14.000000000000002,0.0
135250,24.8,0.0
135500,20.0,0.0
135750,18.4,0.0
136000,8.799999999999999,0.0
136250,4.8,0.0
136500,6.4,0.0
136750,17.599999999999998,0.0
137000,6.0,0.0
137250,4.3999999999999995,0.0
137500,5.6000000000000005,0.0
137750,7.199999999999999,0.0
138000,28.4,0.0
138250,16.0,0.0
138500,2.4,0.0
138750,4.3999999999999995,0.0
139000,22.0,0.0
139250,28.799999999999997,0.0
139500,17.2,0.0
139750,3.2,0.0
140000,1.6,0.0
140250,5.6000000000000005,0.0
140500,1.6,0.0
140750,12.0,0.0
141000,3.5999999999999996,0.0
141250,11.200000000000001,0.0
141500,8.4,0.0
141750,17.599999999999998,0.0
142000,8.799999999999999,0.0
142250,6.0,0.0
142500,11.200000000000001,0.0
142750,7.199999999999999,0.0
143000,6.800000000000001,0.0
143250,13.600000000000001,0.0
143500,7.6,0.0
143750,5.2,0.0
144000,13.600000000000001,0.0
144250,4.0,0.0
144500,13.600000000000001,0.0
144750,7.199999999999999,0.0
145000,12.0,0.0
145250,11.200000000000001,0.0
145500,8.0,0.0
145750,28.4,0.0
146000,24.4,0.0
146250,12.4,0.0
146500,8.0,0.0
146750,2.4,0.0
147000,10.8,0.0
147250,6.0,0.0
147500,6.0,0.0
147750,9.6,0.0
148000,11.600000000000001,0.0
148250,3.2,0.0
148500,16.0,0.0
148750,9.2,0.0
149000,19.2,0.0
149250,8.799999999999999,0.0
149500,5.2,0.0
149750,8.0,0.0
150000,7.199999999999999,0.0
150250,10.4,0.0
150500,2.0,0.0
150750,6.0,0.0
151000,4.0,0.0
151250,7.199999999999999,0.0
151500,1.6,0.0
151750,12.0,0.0
152000,12.0,0.0
152250,8.799999999999999,0.0
152500,7.6,0.0
152750,11.200000000000001,0.0
153000,3.2,0.0
153250,6.0,0.0
153500,6.0,0.0
153750,26.400000000000002,0.0
154000,3.2,0.0
154250,12.8,0.0
154500,6.4,0.0
154750,16.0,0.0
155000,19.2,0.0
155250,17.2,0.0
155500,13.200000000000001,0.0
155750,6.4,0.0
156000,5.6000000000000005,0.0
156250,4.8,0.0
156500,6.0,0.0
156750,14.799999999999999,0.0
157000,6.4,0.0
157250,2.4,0.0
157500,4.8,0.0
157750,7.199999999999999,0.0
158000,10.0,0.0
158250,7.199999999999999,0.0
158500,22.8,0.0
158750,23.599999999999998,0.0
159000,17.599999999999998,0.0
159250,20.8,0.0
159500,8.799999999999999,0.0
159750,12.0,0.0
160000,16.8,0.0
160250,9.6,0.0
160500,26.8,0.0
160750,86.4,0.0
161000,74.4,0.0
161250,26.8,0.0
161500,4.0,0.0
161750,17.599999999999998,0.0
162000,21.6,0.0
162250,30.8,0.0
162500,13.600000000000001,0.0
162750,23.200000000000003,0.0
163000,14.000000000000002,0.0
163250,12.8,0.0
163500,35.199999999999996,0.0
163750,48.8,0.0
164000,36.0,0.0
164250,14.399999999999999,0.0
164500,31.2,0.0
164750,16.400000000000002,0.0
165000,10.8,0.0
165250,17.599999999999998,0.0
165500,14.000000000000002,0.0
165750,30.8,0.0
166000,10.4,0.0
166250,16.8,0.0
166500,14.799999999999999,0.0
166750,18.8,0.0
167000,16.8,0.0
167250,8.0,0.0
167500,14.399999999999999,0.0
167750,18.0,0.0
168000,8.0,0.0
168250,19.6,0.0
168500,20.4,0.0
168750,19.2,0.0
169000,15.2,0.0
169250,60.8,0.0
169500,38.800000000000004,0.0
169750,28.000000000000004,0.0
170000,15.2,0.0
170250,10.4,0.0
170500,51.2,0.0
170750,57.199999999999996,0.0
171000,18.8,0.0
171250,18.8,0.0
171500,18.0,0.0
171750,15.2,0.0
172000,17.599999999999998,0.0
172250,10.4,0.0
172500,19.6,0.0
172750,5.6000000000000005,0.0
173000,59.199999999999996,0.0
173250,37.2,0.0
173500,1.2,0.0
173750,19.2,0.0
174000,26.400000000000002,0.0
174250,22.8,0.0
174500,1.6,0.0
174750,9.6,0.0
175000,10.4,0.0
175250,28.4,0.0
175500,42.8,0.0
175750,15.2,0.0
176000,12.4,0.0
176250,32.4,0.0
176500,30.0,0.0
176750,38.4,0.0
177000,12.8,0.0
177250,2.4,0.0
177500,4.8,0.0
177750,3.2,0.0
178000,16.0,0.0
178250,21.2,0.0
178500,26.0,0.0
178750,2.0,0.0
179000,3.2,0.0
179250,14.000000000000002,0.0
179500,7.199999999999999,0.0
179750,7.199999999999999,0.0
180000,4.0,0.0
180250,2.4,0.0
180500,73.6,0.0
180750,38.4,0.0
181000,55.60000000000001,0.0
181250,72.8,0.0
181500,4.3999999999999995,0.0
181750,15.6,0.0
182000,22.0,0.0
182250,55.2,0.0
182500,10.0,0.0
182750,22.0,0.0
183000,12.0,0.0
183250,1.6,0.0
183500,29.599999999999998,0.0
183750,25.2,0.0
184000,18.4,0.0
184250,20.0,0.0
184500,16.400000000000002,0.0
184750,10.8,0.0
185000,3.2,0.0
185250,23.200000000000003,0.0
185500,83.2,0.0
185750,84.8,0.0
