250,0.0,0.0
500,0.0,0.0
750,0.0,0.0
1000,0.0,0.0
1250,0.0,0.0
1500,0.0,0.0
1750,0.0,0.0
2000,0.0,0.0
2250,0.8,0.0
2500,0.0,0.0
2750,0.0,0.0
3000,0.0,0.0
3250,0.0,0.0
3500,0.0,0.0
3750,0.0,0.0
4000,0.0,0.0
4250,0.8,0.0
4500,0.0,0.0
4750,0.0,0.0
5000,0.0,0.0
5250,0.0,0.0
5500,0.0,0.0
5750,0.0,0.0
6000,0.0,0.0
6250,0.8,0.0
6500,0.0,0.0
6750,0.0,0.0
7000,0.0,0.0
7250,0.0,0.0
7500,0.0,0.0
7750,18.8,0.0
8000,100.0,0.0
8250,99.6,0.0
8500,20.0,0.0
8750,0.0,0.0
9000,0.0,0.0
9250,0.0,0.0
9500,0.0,0.0
9750,0.0,0.0
10000,0.0,0.0
10250,99.6,0.0
10500,18.8,0.0
10750,0.0,0.0
11000,0.0,0.0
11250,0.0,0.0
11500,0.0,0.0
11750,0.0,0.0
12000,1.2,0.0
12250,99.6,0.0
12500,20.0,0.0
12750,0.0,0.0
13000,0.0,0.0
13250,0.0,0.0
13500,0.0,0.0
13750,0.0,0.0
14000,0.0,0.0
14250,99.6,0.0
14500,18.8,0.0
14750,0.0,0.0
15000,0.0,0.0
15250,0.0,0.0
15500,0.0,0.0
15750,1.2,0.0
16000,0.0,0.0
16250,99.6,0.0
16500,20.0,0.0
16750,0.0,0.0
17000,0.0,0.0
17250,0.0,0.0
17500,0.0,0.0
17750,0.0,0.0
18000,0.0,0.0
18250,99.6,0.0
18500,20.0,0.0
18750,0.0,0.0
19000,0.0,0.0
19250,0.0,0.0
19500,0.0,0.0
19750,0.0,0.0
20000,0.0,0.0
20250,99.6,0.0
20500,18.8,0.0
20750,0.0,0.0
21000,0.0,0.0
21250,1.2,0.0
21500,0.0,0.0
21750,0.0,0.0
22000,0.0,0.0
22250,99.6,0.0
22500,18.8,0.0
22750,0.0,0.0
23000,1.2,0.0
23250,0.0,0.0
23500,0.0,0.0
23750,0.0,0.0
24000,0.0,0.0
24250,99.6,0.0
24500,20.0,0.0
24750,0.0,0.0
25000,0.0,0.0
25250,0.0,0.0
25500,0.0,0.0
25750,0.0,0.0
26000,0.0,0.0
26250,99.6,0.0
26500,18.8,0.0
26750,0.0,0.0
27000,0.0,0.0
27250,0.0,0.0
27500,0.0,0.0
27750,0.0,0.0
28000,0.8,0.0
28250,100.0,0.0
28500,20.0,0.0
28750,0.0,0.0
29000,0.0,0.0
29250,0.0,0.0
29500,0.0,0.0
29750,0.0,0.0
30000,0.0,0.0
30250,99.6,0.0
30500,20.0,0.0
30750,0.0,0.0
31000,0.0,0.0
31250,0.0,0.0
31500,0.0,0.0
31750,0.0,0.0
32000,0.0,0.0
32250,99.6,0.0
32500,20.0,0.0
32750,0.0,0.0
33000,0.0,0.0
33250,0.0,0.0
33500,0.0,0.0
33750,0.0,0.0
34000,0.0,0.0
34250,99.6,0.0
34500,18.8,0.0
34750,0.0,0.0
35000,0.0,0.0
35250,0.0,0.0
35500,0.0,0.0
35750,0.0,0.0
36000,1.2,0.0
36250,99.6,0.0
36500,20.0,0.0
36750,0.0,0.0
37000,0.0,0.0
37250,0.0,0.0
37500,0.0,0.0
37750,0.0,0.0
38000,0.0,0.0
38250,99.6,0.0
38500,18.8,0.0
38750,0.0,0.0
39000,0.0,0.0
39250,0.0,0.0
39500,0.0,0.0
39750,0.0,0.0
40000,1.2,0.0
40250,99.6,0.0
40500,20.0,0.0
40750,0.0,0.0
41000,0.0,0.0
41250,0.0,0.0
41500,0.0,0.0
41750,0.0,0.0
42000,0.0,0.0
42250,99.6,0.0
42500,20.0,0.0
42750,0.0,0.0
43000,0.0,0.0
43250,0.0,0.0
43500,0.0,0.0
43750,0.0,0.0
44000,0.0,0.0
44250,99.6,0.0
44500,20.0,0.0
44750,0.0,0.0
45000,0.0,0.0
45250,0.0,0.0
45500,0.0,0.0
45750,0.0,0.0
46000,0.0,0.0
46250,99.6,0.0
46500,18.8,0.0
46750,0.0,0.0
47000,0.0,0.0
47250,0.0,0.0
47500,0.0,0.0
47750,0.0,0.0
48000,1.2,0.0
48250,99.6,0.0
48500,20.0,0.0
48750,0.0,0.0
49000,0.0,0.0
49250,0.0,0.0
49500,0.0,0.0
49750,0.0,0.0
50000,0.0,0.0
50250,99.6,0.0
50500,18.8,0.0
50750,0.0,0.0
51000,0.0,0.0
51250,0.0,0.0
51500,0.0,0.0
51750,0.0,0.0
52000,1.2,0.0
52250,99.6,0.0
52500,100.0,0.0
52750,100.0,0.0
53000,100.0,0.0
53250,100.0,0.0
53500,100.0,0.0
53750,34.0,0.0
54000,25.6,0.0
54250,66.0,0.0
54500,25.2,0.0
54750,38.0,0.0
55000,39.6,0.0
55250,60.0,0.0
55500,49.6,0.0
55750,35.199999999999996,0.0
56000,2.4,0.0
56250,1.2,0.0
56500,19.2,0.0
56750,43.6,0.0
57000,29.599999999999998,0.0
57250,49.6,0.0
57500,35.199999999999996,0.0
57750,21.2,0.0
58000,20.4,0.0
58250,18.8,0.0
58500,2.4,0.0
58750,23.200000000000003,0.0
59000,10.4,0.0
59250,5.6000000000000005,0.0
59500,39.6,0.0
59750,4.0,0.0
60000,2.4,0.0
60250,14.000000000000002,0.0
60500,32.0,0.0
60750,53.2,0.0
61000,64.8,0.0
61250,39.2,0.0
61500,60.0,0.0
61750,29.2,0.0
62000,10.0,0.0
62250,14.799999999999999,0.0
62500,30.0,0.0
62750,48.4,0.0
63000,43.2,0.0
63250,37.6,0.0
63500,67.60000000000001,0.0
63750,63.6,0.0
64000,83.2,0.0
64250,30.4,0.0
64500,15.2,0.0
64750,40.8,0.0
65000,70.39999999999999,0.0
65250,47.199999999999996,0.0
65500,56.39999999999999,0.0
65750,37.6,0.0
66000,66.0,0.0
66250,61.199999999999996,0.0
66500,62.8,0.0
66750,80.4,0.0
67000,76.8,0.0
67250,81.2,0.0
67500,39.6,0.0
67750,34.0,0.0
68000,63.6,0.0
68250,82.0,0.0
68500,86.4,0.0
68750,38.0,0.0
69000,39.2,0.0
69250,35.199999999999996,0.0
69500,54.0,0.0
69750,81.6,0.0
70000,84.8,0.0
70250,62.4,0.0
70500,35.6,0.0
70750,64.8,0.0
71000,44.800000000000004,0.0
71250,35.199999999999996,0.0
71500,44.800000000000004,0.0
71750,42.4,0.0
72000,61.199999999999996,0.0
72250,51.2,0.0
72500,56.8,0.0
72750,57.199999999999996,0.0
73000,71.2,0.0
73250,73.6,0.0
73500,69.6,0.0
73750,64.0,0.0
74000,45.2,0.0
74250,43.2,0.0
74500,66.8,0.0
74750,44.4,0.0
75000,26.0,0.0
75250,33.6,0.0
75500,52.0,0.0
75750,66.4,0.0
76000,57.199999999999996,0.0
76250,78.8,0.0
76500,70.39999999999999,0.0
76750,74.4,0.0
77000,78.8,0.0
77250,54.400000000000006,0.0
77500,19.2,0.0
77750,1.2,0.0
78000,32.800000000000004,0.0
78250,35.199999999999996,0.0
78500,78.0,0.0
78750,75.2,0.0
79000,84.8,0.0
79250,67.60000000000001,0.0
79500,34.8,0.0
79750,58.8,0.0
80000,65.60000000000001,0.0
80250,84.0,0.0
80500,92.80000000000001,0.0
80750,84.8,0.0
81000,75.6,0.0
81250,50.4,0.0
81500,54.400000000000006,0.0
81750,54.800000000000004,0.0
82000,13.200000000000001,0.0
82250,39.6,0.0
82500,57.99999999999999,0.0
82750,52.800000000000004,0.0
83000,62.4,0.0
83250,54.400000000000006,0.0
83500,51.2,0.0
83750,63.2,0.0
84000,37.2,0.0
84250,61.199999999999996,0.0
84500,35.199999999999996,0.0
84750,40.400000000000006,0.0
85000,26.0,0.0
85250,54.400000000000006,0.0
85500,50.4,0.0
85750,17.2,0.0
86000,24.8,0.0
86250,52.400000000000006,0.0
86500,84.0,0.0
86750,53.6,0.0
87000,47.199999999999996,0.0
87250,31.6,0.0
87500,24.0,0.0
87750,41.6,0.0
88000,30.0,0.0
88250,50.0,0.0
88500,54.400000000000006,0.0
88750,48.8,0.0
89000,60.4,0.0
89250,62.0,0.0
89500,50.0,0.0
89750,47.599999999999994,0.0
90000,16.400000000000002,0.0
90250,53.2,0.0
90500,44.4,0.0
90750,24.0,0.0
91000,33.2,0.0
91250,62.4,0.0
91500,72.39999999999999,0.0
91750,69.19999999999999,0.0
92000,68.4,0.0
92250,62.8,0.0
92500,19.2,0.0
92750,58.4,0.0
93000,15.6,0.0
93250,68.8,0.0
93500,92.4,0.0
93750,80.4,0.0
94000,68.4,0.0
94250,38.800000000000004,0.0
94500,38.4,0.0
94750,48.8,0.0
95000,83.6,0.0
95250,93.2,0.0
95500,92.80000000000001,0.0
95750,96.8,0.0
96000,59.199999999999996,0.0
96250,100.0,0.0
96500,82.39999999999999,0.0
96750,62.0,0.0
97000,86.8,0.0
97250,76.0,0.0
97500,82.0,0.0
97750,71.2,0.0
98000,93.60000000000001,0.0
98250,37.6,0.0
98500,23.200000000000003,0.0
98750,41.6,0.0
99000,78.8,0.0
99250,20.8,0.0
99500,14.399999999999999,0.0
99750,50.8,0.0
100000,74.8,0.0
100250,94.39999999999999,0.0
100500,99.2,0.0
100750,99.2,0.0
101000,99.2,0.0
101250,99.2,0.0
101500,96.0,0.0
101750,96.0,0.0
102000,96.8,0.0
102250,86.8,0.0
102500,38.4,0.0
102750,45.2,0.0
103000,26.8,0.0
103250,92.80000000000001,0.0
103500,68.0,0.0
103750,97.6,0.0
104000,98.4,0.0
104250,96.0,0.0
104500,98.4,0.0
104750,99.2,0.0
105000,99.2,0.0
105250,100.0,0.0
105500,99.2,0.0
105750,99.2,0.0
106000,81.6,0.0
106250,76.4,0.0
106500,70.8,0.0
106750,83.6,0.0
107000,92.80000000000001,0.0
107250,78.0,0.0
107500,83.6,0.0
107750,88.0,0.0
108000,64.4,0.0
108250,83.2,0.0
108500,83.2,0.0
108750,89.60000000000001,0.0
109000,98.4,0.0
109250,100.0,0.0
109500,97.6,0.0
109750,76.8,0.0
110000,66.0,0.0
110250,80.0,0.0
110500,96.8,0.0
110750,62.0,0.0
111000,88.8,0.0
111250,88.0,0.0
111500,91.60000000000001,0.0
111750,46.0,0.0
112000,52.0,0.0
112250,82.8,0.0
112500,99.2,0.0
112750,57.599999999999994,0.0
113000,89.2,0.0
113250,84.0,0.0
113500,45.6,0.0
113750,30.4,0.0
114000,41.6,0.0
114250,27.200000000000003,0.0
114500,56.00000000000001,0.0
114750,72.8,0.0
115000,60.4,0.0
115250,51.2,0.0
115500,41.6,0.0
115750,53.6,0.0
116000,42.8,0.0
116250,81.6,0.0
116500,91.2,0.0
116750,97.6,0.0
117000,76.8,0.0
117250,77.2,0.0
117500,99.2,0.0
117750,75.6,0.0
118000,86.4,0.0
118250,92.80000000000001,0.0
118500,96.0,0.0
118750,60.4,0.0
119000,79.2,0.0
119250,100.0,0.0
119500,68.4,0.0
119750,76.0,0.0
120000,83.2,0.0
120250,72.8,0.0
120500,70.8,0.0
120750,95.19999999999999,0.0
121000,64.0,0.0
121250,57.199999999999996,0.0
121500,76.0,0.0
121750,92.80000000000001,0.0
122000,91.2,0.0
122250,86.0,0.0
122500,44.4,0.0
122750,84.8,0.0
123000,52.0,0.0
123250,61.6,0.0
123500,86.0,0.0
123750,97.6,0.0
124000,70.8,0.0
124250,78.0,0.0
124500,89.60000000000001,0.0
124750,70.39999999999999,0.0
125000,79.2,0.0
125250,80.80000000000001,0.0
125500,98.4,0.0
125750,96.0,0.0
126000,96.8,0.0
126250,92.80000000000001,0.0
126500,100.0,0.0
126750,99.2,0.0
127000,97.6,0.0
127250,96.8,0.0
127500,76.8,0.0
127750,73.2,0.0
128000,80.0,0.0
128250,73.6,0.0
128500,42.8,0.0
128750,88.8,0.0
129000,86.4,0.0
129250,80.80000000000001,0.0
129500,80.80000000000001,0.0
129750,97.6,0.0
130000,72.8,0.0
130250,83.6,0.0
130500,83.6,0.0
130750,92.0,0.0
131000,35.199999999999996,0.0
131250,53.6,0.0
131500,54.0,0.0
131750,50.0,0.0
132000,67.60000000000001,0.0
132250,53.6,0.0
132500,33.6,0.0
132750,40.400000000000006,0.0
133000,63.2,0.0
133250,54.0,0.0
133500,48.4,0.0
133750,56.39999999999999,0.0
134000,76.8,0.0
134250,80.0,0.0
134500,48.0,0.0
134750,54.400000000000006,0.0
135000,62.0,0.0
135250,65.2,0.0
135500,56.39999999999999,0.0
135750,56.8,0.0
136000,35.6,0.0
136250,36.4,0.0
136500,46.0,0.0
136750,44.4,0.0
137000,39.2,0.0
137250,25.6,0.0
137500,20.0,0.0
137750,38.4,0.0
138000,83.6,0.0
138250,76.0,0.0
138500,33.2,0.0
138750,34.0,0.0
139000,69.19999999999999,0.0
139250,75.2,0.0
139500,69.6,0.0
139750,19.6,0.0
140000,35.6,0.0
140250,20.0,0.0
140500,20.0,0.0
140750,66.8,0.0
141000,32.0,0.0
141250,46.400000000000006,0.0
141500,54.400000000000006,0.0
141750,69.6,0.0
142000,67.60000000000001,0.0
142250,57.199999999999996,0.0
142500,30.8,0.0
142750,21.2,0.0
143000,51.6,0.0
143250,35.199999999999996,0.0
143500,26.400000000000002,0.0
143750,40.8,0.0
144000,52.800000000000004,0.0
144250,30.4,0.0
144500,48.0,0.0
144750,44.800000000000004,0.0
145000,42.4,0.0
145250,32.800000000000004,0.0
145500,41.6,0.0
145750,78.8,0.0
146000,83.2,0.0
146250,51.6,0.0
146500,54.800000000000004,0.0
146750,33.6,0.0
147000,56.39999999999999,0.0
147250,66.8,0.0
147500,53.2,0.0
147750,36.0,0.0
148000,26.400000000000002,0.0
148250,29.2,0.0
148500,36.8,0.0
148750,46.400000000000006,0.0
149000,63.2,0.0
149250,45.6,0.0
149500,19.2,0.0
149750,59.199999999999996,0.0
150000,40.0,0.0
150250,54.0,0.0
150500,44.4,0.0
150750,54.800000000000004,0.0
151000,37.2,0.0
151250,32.0,0.0
151500,26.8,0.0
151750,38.4,0.0
152000,60.0,0.0
152250,52.400000000000006,0.0
152500,45.6,0.0
152750,45.6,0.0
153000,40.0,0.0
153250,27.6,0.0
153500,58.8,0.0
153750,56.8,0.0
154000,32.4,0.0
154250,22.8,0.0
154500,29.599999999999998,0.0
154750,47.199999999999996,0.0
155000,62.8,0.0
155250,44.0,0.0
155500,51.6,0.0
155750,34.8,0.0
156000,26.400000000000002,0.0
156250,13.600000000000001,0.0
156500,18.4,0.0
156750,56.8,0.0
157000,41.6,0.0
157250,15.6,0.0
157500,26.0,0.0
157750,76.0,0.0
158000,26.0,0.0
158250,29.2,0.0
158500,32.4,0.0
158750,55.2,0.0
159000,67.60000000000001,0.0
159250,76.4,0.0
159500,64.4,0.0
159750,68.4,0.0
160000,60.8,0.0
160250,46.800000000000004,0.0
160500,60.8,0.0
160750,86.4,0.0
161000,88.0,0.0
161250,72.39999999999999,0.0
161500,24.0,0.0
161750,44.800000000000004,0.0
162000,52.800000000000004,0.0
162250,74.0,0.0
162500,77.2,0.0
162750,92.80000000000001,0.0
163000,76.0,0.0
163250,74.0,0.0
163500,89.60000000000001,0.0
163750,99.2,0.0
164000,80.0,0.0
164250,80.4,0.0
164500,95.19999999999999,0.0
164750,78.8,0.0
165000,80.80000000000001,0.0
165250,57.599999999999994,0.0
165500,59.599999999999994,0.0
165750,81.6,0.0
166000,66.8,0.0
166250,65.60000000000001,0.0
166500,54.800000000000004,0.0
166750,68.0,0.0
167000,48.0,0.0
167250,41.199999999999996,0.0
167500,36.0,0.0
167750,60.8,0.0
168000,36.8,0.0
168250,46.400000000000006,0.0
168500,34.8,0.0
168750,51.2,0.0
169000,54.0,0.0
169250,92.0,0.0
169500,98.0,0.0
169750,62.8,0.0
170000,62.0,0.0
170250,58.8,0.0
170500,94.0,0.0
170750,92.80000000000001,0.0
171000,96.0,0.0
171250,72.39999999999999,0.0
171500,40.0,0.0
171750,63.2,0.0
172000,56.39999999999999,0.0
172250,49.6,0.0
172500,84.8,0.0
172750,53.2,0.0
173000,75.2,0.0
173250,76.4,0.0
173500,52.0,0.0
173750,90.4,0.0
174000,95.6,0.0
174250,46.0,0.0
174500,5.6000000000000005,0.0
174750,14.399999999999999,0.0
175000,22.8,0.0
175250,30.8,0.0
175500,65.2,0.0
175750,39.6,0.0
176000,69.6,0.0
176250,80.80000000000001,0.0
176500,91.60000000000001,0.0
176750,98.4,0.0
177000,62.0,0.0
177250,13.600000000000001,0.0
177500,8.0,0.0
177750,16.8,0.0
178000,24.8,0.0
178250,52.0,0.0
178500,57.599999999999994,0.0
178750,19.6,0.0
179000,21.6,0.0
179250,45.2,0.0
179500,48.8,0.0
179750,42.0,0.0
180000,18.0,0.0
180250,18.4,0.0
180500,73.6,0.0
180750,38.4,0.0
181000,63.6,0.0
181250,73.6,0.0
181500,5.2,0.0
181750,18.4,0.0
182000,24.8,0.0
182250,62.0,0.0
182500,23.599999999999998,0.0
182750,45.6,0.0
183000,32.0,0.0
183250,4.0,0.0
183500,52.0,0.0
183750,69.19999999999999,0.0
184000,43.2,0.0
184250,34.0,0.0
184500,24.0,0.0
184750,30.0,0.0
185000,14.000000000000002,0.0
185250,26.8,0.0
185500,83.2,0.0
185750,84.8,0.0
