250,0.0,0.0
500,0.0,0.0
750,0.0,0.0
1000,0.0,0.0
1250,0.0,0.0
1500,0.0,0.0
1750,0.0,0.0
2000,0.0,0.0
2250,2.4,0.0
2500,0.0,0.0
2750,0.0,0.0
3000,0.0,0.0
3250,0.0,0.0
3500,0.0,0.0
3750,0.0,0.0
4000,0.0,0.0
4250,2.4,0.0
4500,0.0,0.0
4750,0.0,0.0
5000,0.0,0.0
5250,0.0,0.0
5500,0.0,0.0
5750,0.0,0.0
6000,0.0,0.0
6250,2.4,0.0
6500,0.0,0.0
6750,0.0,0.0
7000,0.0,0.0
7250,0.0,0.0
7500,77.2,0.0
7750,100.0,0.0
8000,100.0,0.0
8250,99.6,0.0
8500,100.0,0.0
8750,80.0,0.0
9000,0.0,0.0
9250,0.0,0.0
9500,0.0,0.0
9750,0.0,0.0
10000,0.0,0.0
10250,99.6,0.0
10500,100.0,0.0
10750,77.2,0.0
11000,0.0,0.0
11250,0.0,0.0
11500,0.0,0.0
11750,0.0,0.0
12000,2.8000000000000003,0.0
12250,99.6,0.0
12500,100.0,0.0
12750,80.0,0.0
13000,0.0,0.0
13250,0.0,0.0
13500,0.0,0.0
13750,0.0,0.0
14000,0.0,0.0
14250,99.6,0.0
14500,100.0,0.0
14750,80.0,0.0
15000,0.0,0.0
15250,0.0,0.0
15500,0.0,0.0
15750,0.0,0.0
16000,0.0,0.0
16250,99.6,0.0
16500,100.0,0.0
16750,77.2,0.0
17000,0.0,0.0
17250,2.8000000000000003,0.0
17500,0.0,0.0
17750,0.0,0.0
18000,0.0,0.0
18250,99.6,0.0
18500,100.0,0.0
18750,77.2,0.0
19000,2.8000000000000003,0.0
19250,0.0,0.0
19500,0.0,0.0
19750,0.0,0.0
20000,0.0,0.0
20250,99.6,0.0
20500,100.0,0.0
20750,80.0,0.0
21000,0.0,0.0
21250,0.0,0.0
21500,0.0,0.0
21750,0.0,0.0
22000,0.0,0.0
22250,99.6,0.0
22500,100.0,0.0
22750,80.0,0.0
23000,0.0,0.0
23250,0.0,0.0
23500,0.0,0.0
23750,0.0,0.0
24000,0.0,0.0
24250,99.6,0.0
24500,100.0,0.0
24750,77.2,0.0
25000,0.0,0.0
25250,2.8000000000000003,0.0
25500,0.0,0.0
25750,0.0,0.0
26000,0.0,0.0
26250,99.6,0.0
26500,100.0,0.0
26750,80.0,0.0
27000,0.0,0.0
27250,0.0,0.0
27500,0.0,0.0
27750,0.0,0.0
28000,0.0,0.0
28250,99.6,0.0
28500,100.0,0.0
28750,77.2,0.0
29000,0.0,0.0
29250,0.0,0.0
29500,0.0,0.0
29750,0.0,0.0
30000,2.8000000000000003,0.0
30250,99.6,0.0
30500,100.0,0.0
30750,80.0,0.0
31000,0.0,0.0
31250,0.0,0.0
31500,0.0,0.0
31750,0.0,0.0
32000,0.0,0.0
32250,99.6,0.0
32500,100.0,0.0
32750,80.0,0.0
33000,0.0,0.0
33250,0.0,0.0
33500,0.0,0.0
33750,0.0,0.0
34000,0.0,0.0
34250,99.6,0.0
34500,100.0,0.0
34750,77.2,0.0
35000,0.0,0.0
35250,0.0,0.0
35500,0.0,0.0
35750,0.0,0.0
36000,2.4,0.0
36250,100.0,0.0
36500,100.0,0.0
36750,80.0,0.0
37000,0.0,0.0
37250,0.0,0.0
37500,0.0,0.0
37750,0.0,0.0
38000,0.0,0.0
38250,99.6,0.0
38500,100.0,0.0
38750,80.0,0.0
39000,0.0,0.0
39250,0.0,0.0
39500,0.0,0.0
39750,0.0,0.0
40000,0.0,0.0
40250,99.6,0.0
40500,100.0,0.0
40750,77.2,0.0
41000,0.0,0.0
41250,0.0,0.0
41500,0.0,0.0
41750,0.0,0.0
42000,2.4,0.0
42250,100.0,0.0
42500,100.0,0.0
42750,80.0,0.0
43000,0.0,0.0
43250,0.0,0.0
43500,0.0,0.0
43750,0.0,0.0
44000,0.0,0.0
44250,99.6,0.0
44500,100.0,0.0
44750,80.0,0.0
45000,0.0,0.0
45250,0.0,0.0
45500,0.0,0.0
45750,0.0,0.0
46000,0.0,0.0
46250,99.6,0.0
46500,100.0,0.0
46750,77.2,0.0
47000,0.0,0.0
47250,0.0,0.0
47500,0.0,0.0
47750,0.0,0.0
48000,2.4,0.0
48250,100.0,0.0
48500,100.0,0.0
48750,80.0,0.0
49000,0.0,0.0
49250,0.0,0.0
49500,0.0,0.0
49750,0.0,0.0
50000,0.0,0.0
50250,99.6,0.0
50500,100.0,0.0
50750,80.0,0.0
51000,0.0,0.0
51250,0.0,0.0
51500,0.0,0.0
51750,0.0,0.0
52000,0.0,0.0
52250,99.6,0.0
52500,100.0,0.0
52750,100.0,0.0
53000,100.0,0.0
53250,100.0,0.0
53500,100.0,0.0
53750,100.0,0.0
54000,100.0,0.0
54250,100.0,0.0
54500,84.8,0.0
54750,48.0,0.0
55000,49.2,0.0
55250,66.0,0.0
55500,60.0,0.0
55750,53.2,0.0
56000,28.000000000000004,0.0
56250,24.4,0.0
56500,27.6,0.0
56750,70.39999999999999,0.0
57000,77.60000000000001,0.0
57250,76.8,0.0
57500,50.8,0.0
57750,64.0,0.0
58000,68.8,0.0
58250,33.2,0.0
58500,22.8,0.0
58750,67.60000000000001,0.0
59000,24.4,0.0
59250,24.4,0.0
59500,60.4,0.0
59750,36.8,0.0
60000,42.4,0.0
60250,41.6,0.0
60500,66.4,0.0
60750,85.6,0.0
61000,94.39999999999999,0.0
61250,66.4,0.0
61500,74.4,0.0
61750,95.19999999999999,0.0
62000,59.599999999999994,0.0
62250,41.6,0.0
62500,64.0,0.0
62750,78.4,0.0
63000,79.60000000000001,0.0
63250,62.8,0.0
63500,92.0,0.0
63750,96.0,0.0
64000,89.60000000000001,0.0
64250,78.4,0.0
64500,84.0,0.0
64750,89.2,0.0
65000,88.8,0.0
65250,93.2,0.0
65500,85.6,0.0
65750,80.0,0.0
66000,96.0,0.0
66250,92.0,0.0
66500,84.8,0.0
66750,98.0,0.0
67000,88.4,0.0
67250,98.4,0.0
67500,82.8,0.0
67750,93.2,0.0
68000,88.4,0.0
68250,92.4,0.0
68500,100.0,0.0
68750,68.4,0.0
69000,62.8,0.0
69250,73.6,0.0
69500,97.6,0.0
69750,96.0,0.0
70000,91.60000000000001,0.0
70250,84.8,0.0
70500,92.4,0.0
70750,91.60000000000001,0.0
71000,71.6,0.0
71250,65.60000000000001,0.0
71500,77.60000000000001,0.0
71750,69.6,0.0
72000,96.0,0.0
72250,96.0,0.0
72500,88.0,0.0
72750,100.0,0.0
73000,99.2,0.0
73250,98.4,0.0
73500,96.0,0.0
73750,100.0,0.0
74000,93.60000000000001,0.0
74250,98.4,0.0
74500,90.4,0.0
74750,86.8,0.0
75000,75.2,0.0
75250,78.0,0.0
75500,78.8,0.0
75750,75.2,0.0
76000,95.19999999999999,0.0
76250,100.0,0.0
76500,83.2,0.0
76750,97.6,0.0
77000,96.39999999999999,0.0
77250,74.4,0.0
77500,29.2,0.0
77750,64.8,0.0
78000,99.2,0.0
78250,96.0,0.0
78500,86.0,0.0
78750,92.0,0.0
79000,91.2,0.0
79250,78.8,0.0
79500,61.6,0.0
79750,94.39999999999999,0.0
80000,96.8,0.0
80250,94.39999999999999,0.0
80500,98.4,0.0
80750,100.0,0.0
81000,84.0,0.0
81250,73.2,0.0
81500,75.2,0.0
81750,76.4,0.0
82000,85.6,0.0
82250,81.6,0.0
82500,96.0,0.0
82750,93.60000000000001,0.0
83000,86.4,0.0
83250,96.8,0.0
83500,90.4,0.0
83750,100.0,0.0
84000,82.0,0.0
84250,98.0,0.0
84500,73.6,0.0
84750,98.4,0.0
85000,96.8,0.0
85250,100.0,0.0
85500,91.60000000000001,0.0
85750,59.199999999999996,0.0
86000,70.39999999999999,0.0
86250,98.4,0.0
86500,92.80000000000001,0.0
86750,97.6,0.0
87000,93.2,0.0
87250,85.2,0.0
87500,83.2,0.0
87750,80.4,0.0
88000,73.2,0.0
88250,100.0,0.0
88500,97.6,0.0
88750,99.2,0.0
89000,80.0,0.0
89250,96.0,0.0
89500,96.8,0.0
89750,82.8,0.0
90000,74.4,0.0
90250,87.2,0.0
90500,95.19999999999999,0.0
90750,70.39999999999999,0.0
91000,85.6,0.0
91250,80.80000000000001,0.0
91500,96.0,0.0
91750,98.4,0.0
92000,74.4,0.0
92250,92.80000000000001,0.0
92500,89.60000000000001,0.0
92750,100.0,0.0
93000,89.2,0.0
93250,88.0,0.0
93500,92.4,0.0
93750,100.0,0.0
94000,78.4,0.0
94250,86.4,0.0
94500,77.60000000000001,0.0
94750,99.2,0.0
95000,96.0,0.0
95250,96.8,0.0
95500,94.39999999999999,0.0
95750,98.4,0.0
96000,71.2,0.0
96250,100.0,0.0
96500,99.2,0.0
96750,89.60000000000001,0.0
97000,96.8,0.0
97250,84.0,0.0
97500,98.4,0.0
97750,100.0,0.0
98000,100.0,0.0
98250,59.599999999999994,0.0
98500,50.4,0.0
98750,94.0,0.0
99000,100.0,0.0
99250,75.2,0.0
99500,94.39999999999999,0.0
99750,91.2,0.0
100000,94.39999999999999,0.0
100250,96.8,0.0
100500,100.0,0.0
100750,99.2,0.0
101000,99.2,0.0
101250,99.2,0.0
101500,98.4,0.0
101750,97.6,0.0
102000,99.2,0.0
102250,95.6,0.0
102500,78.0,0.0
102750,98.4,0.0
103000,100.0,0.0
103250,100.0,0.0
103500,100.0,0.0
103750,99.2,0.0
104000,99.2,0.0
104250,98.4,0.0
104500,100.0,0.0
104750,100.0,0.0
105000,99.2,0.0
105250,100.0,0.0
105500,100.0,0.0
105750,100.0,0.0
106000,98.4,0.0
106250,96.8,0.0
106500,96.8,0.0
106750,99.6,0.0
107000,100.0,0.0
107250,92.4,0.0
107500,90.0,0.0
107750,98.4,0.0
108000,99.2,0.0
108250,100.0,0.0
108500,100.0,0.0
108750,97.6,0.0
109000,100.0,0.0
109250,100.0,0.0
109500,100.0,0.0
109750,100.0,0.0
110000,99.2,0.0
110250,100.0,0.0
110500,100.0,0.0
110750,96.8,0.0
111000,100.0,0.0
111250,97.6,0.0
111500,100.0,0.0
111750,99.2,0.0
112000,96.8,0.0
112250,100.0,0.0
112500,100.0,0.0
112750,100.0,0.0
113000,100.0,0.0
113250,100.0,0.0
113500,91.2,0.0
113750,68.8,0.0
114000,87.2,0.0
114250,93.60000000000001,0.0
114500,99.2,0.0
114750,100.0,0.0
115000,94.39999999999999,0.0
115250,100.0,0.0
115500,86.8,0.0
115750,98.8,0.0
116000,100.0,0.0
116250,98.4,0.0
116500,95.19999999999999,0.0
116750,98.4,0.0
117000,98.4,0.0
117250,100.0,0.0
117500,100.0,0.0
117750,100.0,0.0
118000,100.0,0.0
118250,100.0,0.0
118500,99.2,0.0
118750,100.0,0.0
119000,100.0,0.0
119250,100.0,0.0
119500,100.0,0.0
119750,98.4,0.0
120000,96.8,0.0
120250,100.0,0.0
120500,98.4,0.0
120750,100.0,0.0
121000,99.2,0.0
121250,94.39999999999999,0.0
121500,79.2,0.0
121750,95.19999999999999,0.0
122000,96.0,0.0
122250,100.0,0.0
122500,75.2,0.0
122750,98.4,0.0
123000,98.4,0.0
123250,100.0,0.0
123500,96.39999999999999,0.0
123750,100.0,0.0
124000,100.0,0.0
124250,95.19999999999999,0.0
124500,100.0,0.0
124750,100.0,0.0
125000,98.4,0.0
125250,100.0,0.0
125500,100.0,0.0
125750,100.0,0.0
126000,100.0,0.0
126250,100.0,0.0
126500,100.0,0.0
126750,100.0,0.0
127000,99.2,0.0
127250,100.0,0.0
127500,80.0,0.0
127750,88.8,0.0
128000,95.19999999999999,0.0
128250,98.4,0.0
128500,82.39999999999999,0.0
128750,100.0,0.0
129000,98.8,0.0
129250,100.0,0.0
129500,98.4,0.0
129750,100.0,0.0
130000,91.2,0.0
130250,100.0,0.0
130500,100.0,0.0
130750,100.0,0.0
131000,79.2,0.0
131250,82.8,0.0
131500,69.19999999999999,0.0
131750,74.4,0.0
132000,87.6,0.0
132250,89.60000000000001,0.0
132500,79.2,0.0
132750,92.0,0.0
133000,95.19999999999999,0.0
133250,94.39999999999999,0.0
133500,84.0,0.0
133750,96.39999999999999,0.0
134000,100.0,0.0
134250,96.8,0.0
134500,93.60000000000001,0.0
134750,99.2,0.0
135000,95.19999999999999,0.0
135250,84.8,0.0
135500,96.8,0.0
135750,83.2,0.0
136000,96.0,0.0
136250,91.60000000000001,0.0
136500,83.2,0.0
136750,100.0,0.0
137000,92.4,0.0
137250,82.0,0.0
137500,86.8,0.0
137750,94.39999999999999,0.0
138000,94.39999999999999,0.0
138250,95.19999999999999,0.0
138500,100.0,0.0
138750,97.6,0.0
139000,98.0,0.0
139250,94.8,0.0
139500,96.0,0.0
139750,92.80000000000001,0.0
140000,97.6,0.0
140250,81.2,0.0
140500,69.6,0.0
140750,83.6,0.0
141000,77.2,0.0
141250,87.2,0.0
141500,90.4,0.0
141750,92.80000000000001,0.0
142000,96.8,0.0
142250,82.0,0.0
142500,70.0,0.0
142750,66.8,0.0
143000,98.0,0.0
143250,86.4,0.0
143500,64.0,0.0
143750,90.0,0.0
144000,94.39999999999999,0.0
144250,83.2,0.0
144500,88.8,0.0
144750,92.0,0.0
145000,79.2,0.0
145250,74.8,0.0
145500,91.2,0.0
145750,99.2,0.0
146000,92.0,0.0
146250,80.80000000000001,0.0
146500,98.4,0.0
146750,96.0,0.0
147000,91.2,0.0
147250,100.0,0.0
147500,88.0,0.0
147750,96.8,0.0
148000,96.8,0.0
148250,92.80000000000001,0.0
148500,96.8,0.0
148750,94.8,0.0
149000,79.2,0.0
149250,93.2,0.0
149500,97.6,0.0
149750,100.0,0.0
150000,79.60000000000001,0.0
150250,89.2,0.0
150500,95.19999999999999,0.0
150750,87.2,0.0
151000,76.8,0.0
151250,95.19999999999999,0.0
151500,86.4,0.0
151750,85.6,0.0
152000,89.2,0.0
152250,96.0,0.0
152500,91.2,0.0
152750,97.6,0.0
153000,96.8,0.0
153250,87.2,0.0
153500,98.4,0.0
153750,97.2,0.0
154000,98.8,0.0
154250,97.6,0.0
154500,100.0,0.0
154750,100.0,0.0
155000,100.0,0.0
155250,80.4,0.0
155500,90.4,0.0
155750,96.8,0.0
156000,82.39999999999999,0.0
156250,75.2,0.0
156500,74.4,0.0
156750,87.6,0.0
157000,100.0,0.0
157250,47.599999999999994,0.0
157500,59.199999999999996,0.0
157750,87.2,0.0
158000,80.4,0.0
158250,53.6,0.0
158500,79.2,0.0
158750,81.6,0.0
159000,84.8,0.0
159250,100.0,0.0
159500,96.0,0.0
159750,94.39999999999999,0.0
160000,87.2,0.0
160250,100.0,0.0
160500,94.8,0.0
160750,86.4,0.0
161000,100.0,0.0
161250,100.0,0.0
161500,99.2,0.0
161750,98.4,0.0
162000,89.60000000000001,0.0
162250,77.2,0.0
162500,86.8,0.0
162750,95.19999999999999,0.0
163000,84.8,0.0
163250,92.0,0.0
163500,96.8,0.0
163750,99.2,0.0
164000,99.2,0.0
164250,99.2,0.0
164500,98.4,0.0
164750,92.4,0.0
165000,96.8,0.0
165250,89.60000000000001,0.0
165500,92.4,0.0
165750,98.4,0.0
166000,94.0,0.0
166250,91.60000000000001,0.0
166500,93.2,0.0
166750,99.6,0.0
167000,87.2,0.0
167250,99.2,0.0
167500,92.4,0.0
167750,79.2,0.0
168000,76.8,0.0
168250,83.6,0.0
168500,88.8,0.0
168750,84.8,0.0
169000,96.39999999999999,0.0
169250,97.6,0.0
169500,100.0,0.0
169750,96.8,0.0
170000,94.0,0.0
170250,88.8,0.0
170500,98.4,0.0
170750,95.19999999999999,0.0
171000,99.6,0.0
171250,94.39999999999999,0.0
171500,91.2,0.0
171750,95.6,0.0
172000,90.8,0.0
172250,92.80000000000001,0.0
172500,97.6,0.0
172750,100.0,0.0
173000,94.0,0.0
173250,79.2,0.0
173500,75.2,0.0
173750,97.2,0.0
174000,100.0,0.0
174250,57.99999999999999,0.0
174500,36.8,0.0
174750,39.2,0.0
175000,85.2,0.0
175250,94.0,0.0
175500,81.2,0.0
175750,81.6,0.0
176000,99.6,0.0
176250,95.19999999999999,0.0
176500,94.0,0.0
176750,100.0,0.0
177000,71.6,0.0
177250,28.799999999999997,0.0
177500,37.6,0.0
177750,49.6,0.0
178000,45.6,0.0
178250,72.39999999999999,0.0
178500,74.8,0.0
178750,36.8,0.0
179000,64.4,0.0
179250,92.0,0.0
179500,78.4,0.0
179750,70.0,0.0
180000,76.0,0.0
180250,51.2,0.0
180500,77.60000000000001,0.0
180750,38.4,0.0
181000,63.6,0.0
181250,73.6,0.0
181500,10.0,0.0
181750,18.8,0.0
182000,26.0,0.0
182250,64.4,0.0
182500,50.8,0.0
182750,59.599999999999994,0.0
183000,64.0,0.0
183250,34.8,0.0
183500,75.6,0.0
183750,91.2,0.0
184000,86.8,0.0
184250,57.199999999999996,0.0
184500,48.4,0.0
184750,84.8,0.0
185000,36.4,0.0
185250,57.199999999999996,0.0
185500,86.4,0.0
185750,85.6,0.0
