250,0.0,0.0
500,0.0,0.0
750,0.0,0.0
1000,0.0,0.0
1250,0.0,20.8
1500,0.0,34.0
1750,0.0,43.42857142857143
2000,0.0,50.5
2250,3.5999999999999996,14.269406392694064
2500,0.0,33.288948069241016
2750,0.0,59.904153354632584
3000,0.0,1.001001001001001
3250,0.0,0.8807045636509208
3500,0.0,0.733822548365577
3750,0.0,0.628930817610063
4000,0.0,0.5502751375687844
4250,3.5999999999999996,13.763563677898343
4500,0.0,32.71152564956695
4750,0.0,59.2326139088729
5000,0.0,99.1991991991992
5250,0.0,99.35948759007206
5500,0.0,99.46631087391594
5750,0.0,99.54259576901087
6000,0.0,50.67805123053741
6250,3.5999999999999996,0.6024096385542169
6500,0.0,0.3514056224899598
6750,0.0,0.1004016064257028
7000,0.0,0.7028112449799196
7250,96.0,12.399598393574298
7500,100.0,24.949799196787147
7750,100.0,37.5
8000,96.8,55.55555555555556
8250,99.6,80.0
8500,100.0,60.0
8750,100.0,40.0
9000,100.0,20.0
9250,0.0,90.0
9500,0.0,70.0
9750,0.0,50.0
10000,0.0,30.0
10250,99.6,70.0
10500,100.0,50.0
10750,100.0,30.0
11000,100.0,100.0
11250,0.0,80.0
11500,0.0,60.0
11750,0.0,40.0
12000,0.0,18.181818181818183
12250,99.6,96.7741935483871
12500,100.0,98.39357429718876
12750,100.0,98.93048128342245
13000,100.0,99.19839679358718
13250,0.0,79.40705128205127
13500,0.0,66.15487316421897
13750,0.0,56.693363844393595
14000,0.0,50.1001001001001
14250,99.6,12.506253126563283
14500,100.0,25.012506253126567
14750,100.0,37.51875937968984
15000,96.0,0.5502751375687844
15250,0.0,13.056528264132067
15500,0.0,25.56278139069535
15750,0.0,38.06903451725863
16000,4.0,27.27272727272727
16250,99.6,96.7741935483871
16500,100.0,98.39357429718876
16750,100.0,98.93048128342245
17000,100.0,99.19839679358718
17250,0.0,99.35897435897436
17500,0.0,99.46595460614152
17750,0.0,99.54233409610984
18000,0.0,98.64864864864865
18250,99.6,12.506253126563283
18500,100.0,25.012506253126567
18750,100.0,37.51875937968984
19000,96.0,50.025012506253134
19250,0.0,62.531265632816414
19500,0.0,75.03751875937968
19750,0.0,87.54377188594297
20000,4.0,27.27272727272727
20250,99.6,96.7741935483871
20500,100.0,98.39357429718876
20750,100.0,98.93048128342245
21000,100.0,99.29789368104312
21250,0.0,80.0
21500,0.0,60.0
21750,0.0,40.0
22000,0.0,20.0
22250,99.6,70.0
22500,100.0,50.0
22750,100.0,30.0
23000,100.0,100.0
23250,0.0,80.0
23500,0.0,60.0
23750,0.0,40.0
24000,0.0,18.181818181818183
24250,99.6,96.7741935483871
24500,100.0,98.39357429718876
24750,100.0,98.93048128342245
25000,100.0,99.19839679358718
25250,0.0,99.35897435897436
25500,0.0,99.46595460614152
25750,0.0,99.54233409610984
26000,0.0,99.09909909909909
26250,99.6,12.506253126563283
26500,100.0,25.012506253126567
26750,100.0,37.51875937968984
27000,96.0,50.025012506253134
27250,0.0,62.531265632816414
27500,0.0,75.03751875937968
27750,0.0,87.54377188594297
28000,4.0,27.27272727272727
28250,99.6,96.7741935483871
28500,100.0,98.39357429718876
28750,100.0,98.93048128342245
29000,100.0,99.19839679358718
29250,0.0,79.40705128205127
29500,0.0,66.15487316421897
29750,0.0,56.693363844393595
30000,0.0,50.550550550550554
30250,99.6,12.506253126563283
30500,100.0,25.012506253126567
30750,100.0,37.51875937968984
31000,96.0,0.5502751375687844
31250,0.0,13.056528264132067
31500,0.0,25.56278139069535
31750,0.0,38.06903451725863
32000,4.0,27.27272727272727
32250,99.6,96.7741935483871
32500,100.0,98.39357429718876
32750,100.0,98.93048128342245
33000,100.0,99.29789368104312
33250,0.0,80.0
33500,0.0,60.0
33750,0.0,40.0
34000,0.0,20.0
34250,99.6,70.0
34500,100.0,50.0
34750,100.0,30.0
35000,100.0,100.0
35250,0.0,80.0
35500,0.0,60.0
35750,0.0,40.0
36000,0.0,18.181818181818183
36250,99.6,96.7741935483871
36500,100.0,98.39357429718876
36750,100.0,98.93048128342245
37000,100.0,99.19839679358718
37250,0.0,79.40705128205127
37500,0.0,66.15487316421897
37750,0.0,56.693363844393595
38000,0.0,50.1001001001001
38250,99.6,12.506253126563283
38500,100.0,25.012506253126567
38750,100.0,37.51875937968984
39000,96.0,0.5502751375687844
39250,0.0,13.056528264132067
39500,0.0,25.56278139069535
39750,0.0,38.06903451725863
40000,4.0,27.27272727272727
40250,99.6,96.7741935483871
40500,100.0,98.39357429718876
40750,100.0,98.93048128342245
41000,100.0,99.19839679358718
41250,0.0,99.35897435897436
41500,0.0,99.46595460614152
41750,0.0,99.54233409610984
42000,0.0,98.64864864864865
42250,99.6,12.506253126563283
42500,100.0,25.012506253126567
42750,100.0,37.51875937968984
43000,96.0,50.025012506253134
43250,0.0,62.531265632816414
43500,0.0,75.03751875937968
43750,0.0,87.54377188594297
44000,4.0,27.27272727272727
44250,99.6,96.7741935483871
44500,100.0,98.39357429718876
44750,100.0,98.93048128342245
45000,100.0,99.29789368104312
45250,0.0,80.0
45500,0.0,60.0
45750,0.0,40.0
46000,0.0,20.0
46250,99.6,70.0
46500,100.0,50.0
46750,100.0,30.0
47000,100.0,100.0
47250,0.0,80.0
47500,0.0,60.0
47750,0.0,40.0
48000,0.0,18.181818181818183
48250,99.6,96.7741935483871
48500,100.0,98.39357429718876
48750,100.0,98.93048128342245
49000,100.0,99.19839679358718
49250,0.0,99.35897435897436
49500,0.0,99.46595460614152
49750,0.0,99.54233409610984
50000,0.0,99.09909909909909
50250,99.6,12.506253126563283
50500,100.0,25.012506253126567
50750,100.0,37.51875937968984
51000,96.0,50.025012506253134
51250,0.0,62.531265632816414
51500,0.0,75.03751875937968
51750,0.0,87.54377188594297
52000,4.0,27.27272727272727
52250,99.6,29.86111111111111
52500,100.0,2.2988505747126435
52750,100.0,9.195402298850574
53000,100.0,26.486486486486488
53250,100.0,100.0
53500,100.0,4.830917874396135
53750,100.0,45.72072072072072
54000,100.0,0.3412969283276451
54250,100.0,19.70198675496689
54500,100.0,1.092896174863388
54750,100.0,8.177570093457943
55000,100.0,9.664292980671414
55250,71.6,2.530459231490159
55500,60.0,10.62553556126821
55750,54.0,35.101404056162245
56000,32.800000000000004,41.93103448275862
56250,49.6,52.91878172588832
56500,73.6,36.11449451887941
56750,87.6,1.797483523067705
57000,93.60000000000001,13.887240356083087
57250,76.8,0.8032128514056224
57500,50.8,53.609913793103445
57750,64.8,50.0
58000,73.6,66.66666666666666
58250,49.6,87.5
58500,30.8,76.19047619047619
58750,77.2,30.76923076923077
59000,25.2,90.0
59250,34.8,54.83870967741935
59500,74.8,80.0
59750,40.8,90.0
60000,64.0,18.75
60250,60.8,68.75
60500,85.6,60.0
60750,88.8,82.45614035087719
61000,95.19999999999999,6.41025641025641
61250,67.2,20.384615384615383
61500,74.4,2.564102564102564
61750,96.0,44.27710843373494
62000,100.0,48.63157894736842
62250,77.2,7.581227436823104
62500,66.0,5.084745762711865
62750,78.4,7.352941176470589
63000,83.6,22.06896551724138
63250,83.6,12.068965517241379
63500,93.60000000000001,18.22222222222222
63750,96.0,7.727272727272727
64000,94.39999999999999,2.0325203252032518
64250,78.4,16.666666666666664
64500,88.4,4.887218045112782
64750,96.8,6.589785831960461
65000,93.60000000000001,0.40650406504065045
65250,99.6,6.982543640897755
65500,93.2,2.9473684210526314
65750,93.60000000000001,4.071246819338422
66000,100.0,5.627705627705628
66250,99.2,2.140077821011673
66500,96.0,2.0905923344947737
66750,100.0,33.33333333333333
67000,96.0,38.88888888888889
67250,100.0,64.28571428571429
67500,89.2,28.57142857142857
67750,95.19999999999999,78.57142857142857
68000,88.8,90.47619047619048
68250,92.4,8.695652173913043
68500,100.0,27.27272727272727
68750,99.2,59.09090909090909
69000,83.2,87.87878787878788
69250,73.6,83.33333333333334
69500,99.2,100.0
69750,98.0,33.33333333333333
70000,95.6,50.0
70250,84.8,17.4468085106383
70500,99.6,0.49261083743842365
70750,99.2,19.63470319634703
71000,86.4,38.31775700934579
71250,80.80000000000001,20.80536912751678
71500,79.60000000000001,4.21455938697318
71750,76.0,27.960526315789476
72000,96.0,7.608695652173914
72250,96.0,13.989637305699482
72500,89.60000000000001,31.308411214953267
72750,100.0,2.8089887640449436
73000,99.2,14.285714285714285
73250,98.4,9.44055944055944
73500,98.4,10.106382978723403
73750,100.0,63.888888888888886
74000,94.39999999999999,6.538461538461539
74250,98.4,6.515580736543909
74500,94.39999999999999,16.25
74750,87.2,27.131782945736433
75000,100.0,23.788546255506606
75250,99.2,10.285714285714285
75500,84.8,4.545454545454546
75750,94.39999999999999,5.88235294117647
76000,100.0,10.050251256281408
76250,100.0,7.142857142857142
76500,86.4,21.34831460674157
76750,98.4,25.954198473282442
77000,99.2,17.543859649122805
77250,84.0,33.12883435582822
77500,30.8,63.0
77750,87.6,83.61904761904762
78000,100.0,99.44444444444444
78250,97.6,13.095238095238097
78500,96.8,18.333333333333332
78750,97.2,18.012422360248447
79000,92.0,13.227513227513226
79250,99.6,58.333333333333336
79500,69.6,16.27906976744186
79750,99.2,100.0
80000,100.0,78.57142857142857
80250,99.2,96.15384615384616
80500,98.4,20.0
80750,100.0,70.0
81000,100.0,81.13207547169812
81250,95.6,60.0
81500,86.4,81.94444444444444
81750,82.8,28.26086956521739
82000,85.6,94.68085106382979
82250,82.39999999999999,24.137931034482758
82500,96.0,28.65853658536585
82750,93.60000000000001,6.854838709677419
83000,87.2,20.774647887323944
83250,97.6,3.571428571428571
83500,90.4,19.696969696969695
83750,100.0,16.666666666666664
84000,99.2,26.69683257918552
84250,99.2,6.521739130434782
84500,74.4,7.928388746803069
84750,98.4,18.655097613882862
85000,96.8,100.0
85250,100.0,5.027932960893855
85500,98.8,10.815602836879433
85750,91.2,5.847953216374268
86000,99.2,0.41067761806981523
86250,100.0,21.59709618874773
86500,99.2,3.1523642732049035
86750,100.0,11.265164644714037
87000,100.0,25.165562913907287
87250,96.0,7.988165680473373
87500,92.80000000000001,10.407239819004525
87750,99.2,5.839416058394161
88000,99.2,0.6191950464396285
88250,100.0,70.0
88500,99.2,7.6923076923076925
88750,100.0,21.052631578947366
89000,100.0,41.66666666666667
89250,98.4,81.25
89500,100.0,69.56521739130434
89750,100.0,15.0
90000,100.0,77.27272727272727
90250,100.0,61.111111111111114
90500,99.2,87.5
90750,78.4,21.428571428571427
91000,88.0,69.23076923076923
91250,82.39999999999999,22.52747252747253
91500,96.0,21.192052980132452
91750,98.4,28.278688524590162
92000,98.4,28.846153846153843
92250,95.19999999999999,15.867158671586715
92500,89.60000000000001,2.1739130434782608
92750,100.0,23.015873015873016
93000,89.2,42.47787610619469
93250,88.0,6.857142857142858
93500,92.4,2.9810298102981028
93750,100.0,8.333333333333332
94000,100.0,15.294117647058824
94250,99.2,8.799999999999999
94500,99.2,55.00000000000001
94750,99.2,25.773195876288657
95000,97.6,15.416666666666668
95250,97.6,35.8974358974359
95500,99.2,44.31818181818182
95750,98.4,27.586206896551722
96000,72.0,2.272727272727273
96250,100.0,9.655172413793103
96500,100.0,35.82089552238806
96750,96.8,7.734806629834254
97000,99.2,19.35483870967742
97250,84.0,37.79527559055118
97500,98.4,30.0
97750,100.0,73.68421052631578
98000,100.0,61.53846153846154
98250,64.4,27.586206896551722
98500,66.4,47.05882352941176
98750,94.0,36.84210526315789
99000,100.0,98.66666666666667
99250,92.80000000000001,60.0
99500,99.2,71.42857142857143
99750,99.2,24.242424242424242
100000,100.0,47.05882352941176
100250,99.2,94.11764705882352
100500,100.0,16.470588235294116
100750,100.0,10.714285714285714
101000,99.2,1.7241379310344827
101250,99.2,66.66666666666666
101500,98.4,69.33333333333334
101750,99.2,71.7948717948718
102000,100.0,22.916666666666664
102250,100.0,73.07692307692307
102500,80.0,32.441471571906355
102750,98.4,5.743243243243244
103000,100.0,8.108108108108109
103250,100.0,100.0
103500,100.0,12.162162162162163
103750,99.2,7.142857142857142
104000,99.2,8.045977011494253
104250,98.4,18.88888888888889
104500,100.0,18.478260869565215
104750,100.0,16.304347826086957
105000,99.2,18.627450980392158
105250,100.0,28.40909090909091
105500,100.0,78.44827586206897
105750,100.0,3.6585365853658534
106000,98.4,3.4722222222222223
106250,100.0,16.883116883116884
106500,96.8,43.13725490196079
106750,99.6,37.5
107000,100.0,42.10526315789473
107250,92.80000000000001,11.627906976744185
107500,90.0,3.7735849056603774
107750,98.4,10.416666666666668
108000,99.2,72.22222222222221
108250,100.0,39.285714285714285
108500,100.0,38.23529411764706
108750,100.0,62.5
109000,100.0,33.33333333333333
109250,100.0,40.0
109500,100.0,76.92307692307693
109750,100.0,26.42487046632124
110000,99.2,1.3651877133105803
110250,100.0,3.206997084548105
110500,100.0,14.121037463976945
110750,100.0,24.375
111000,100.0,15.025906735751295
111250,100.0,23.78048780487805
111500,100.0,66.40625
111750,100.0,2.5806451612903225
112000,96.8,6.906077348066299
112250,100.0,3.4739454094292808
112500,100.0,6.172839506172839
112750,100.0,10.429447852760736
113000,100.0,23.660714285714285
113250,100.0,87.5
113500,96.8,92.0
113750,68.8,53.84615384615385
114000,88.0,85.51724137931035
114250,93.60000000000001,31.007751937984494
114500,99.2,18.51851851851852
114750,100.0,23.076923076923077
115000,95.19999999999999,4.827586206896552
115250,100.0,7.936507936507936
115500,91.2,9.183673469387756
115750,99.2,3.7037037037037033
116000,100.0,44.18604651162791
116250,100.0,78.57142857142857
116500,100.0,19.318181818181817
116750,100.0,12.5
117000,99.2,2.247191011235955
117250,100.0,3.7735849056603774
117500,100.0,4.968944099378882
117750,100.0,5.797101449275362
118000,100.0,32.98969072164948
118250,100.0,43.75
118500,100.0,59.130434782608695
118750,100.0,9.523809523809524
119000,100.0,2.6881720430107525
119250,100.0,12.307692307692308
119500,100.0,6.0200668896321075
119750,99.2,2.0408163265306123
120000,100.0,12.389380530973451
120250,100.0,7.083333333333333
120500,100.0,15.846994535519126
120750,100.0,9.950248756218906
121000,100.0,16.766467065868262
121250,100.0,6.557377049180328
121500,100.0,11.538461538461538
121750,99.2,43.56435643564357
122000,97.6,1.4925373134328357
122250,100.0,26.285714285714285
122500,92.0,11.920529801324504
122750,99.2,70.34482758620689
123000,100.0,15.841584158415841
123250,100.0,3.3333333333333335
123500,99.2,25.833333333333336
123750,100.0,28.723404255319153
124000,100.0,1.7543859649122806
124250,95.19999999999999,51.19047619047619
124500,100.0,8.208955223880597
124750,100.0,18.636363636363637
125000,99.2,22.02797202797203
125250,100.0,69.71153846153845
125500,100.0,7.936507936507936
125750,100.0,1.2048192771084338
126000,100.0,5.1020408163265305
126250,100.0,100.0
126500,100.0,18.75
126750,100.0,96.0
127000,99.2,12.5
127250,100.0,36.58536585365854
127500,100.0,68.29268292682927
127750,97.6,20.0
128000,100.0,37.254901960784316
128250,100.0,81.91489361702128
128500,82.39999999999999,62.5
128750,100.0,21.428571428571427
129000,98.8,94.11764705882352
129250,100.0,7.653061224489796
129500,100.0,29.22077922077922
129750,100.0,15.0
130000,92.80000000000001,21.6
130250,100.0,16.666666666666664
130500,100.0,43.689320388349515
130750,100.0,29.310344827586203
131000,83.6,23.0188679245283
131250,91.2,4.735376044568245
131500,80.0,4.298642533936651
131750,81.6,1.1650485436893203
132000,88.4,18.4981684981685
132250,90.4,1.2237762237762237
132500,80.0,28.32512315270936
132750,92.0,0.8695652173913043
133000,95.19999999999999,2.7196652719665275
133250,94.39999999999999,2.8625954198473282
133500,84.0,11.484098939929329
133750,96.8,5.2805280528052805
134000,100.0,5.639097744360902
134250,97.6,1.8214936247723135
134500,94.39999999999999,17.065868263473057
134750,99.2,5.221932114882506
135000,95.19999999999999,6.65083135391924
135250,84.8,4.943820224719101
135500,96.8,28.31050228310502
135750,83.2,1.5686274509803921
136000,96.8,26.486486486486488
136250,92.80000000000001,4.072398190045249
136500,88.0,11.052631578947368
136750,100.0,35.44303797468354
137000,100.0,8.421052631578947
137250,100.0,23.952095808383234
137500,97.6,96.07843137254902
137750,97.6,12.213740458015266
138000,100.0,9.15032679738562
138250,100.0,21.902017291066283
138500,100.0,2.3255813953488373
138750,100.0,2.727272727272727
139000,98.8,28.57142857142857
139250,97.2,95.65217391304348
139500,100.0,16.149068322981368
139750,95.19999999999999,56.17977528089888
140000,98.4,88.88888888888889
140250,96.8,35.573122529644266
140500,90.0,18.6046511627907
140750,99.2,13.365155131264917
141000,99.2,16.89059500959693
141250,98.4,3.1088082901554404
141500,99.2,97.05882352941177
141750,100.0,67.52136752136752
142000,96.8,32.22222222222222
142250,88.0,17.22972972972973
142500,82.39999999999999,14.85148514851485
142750,73.6,47.524752475247524
143000,98.0,76.27906976744187
143250,86.4,13.274336283185843
143500,68.0,9.6579476861167
143750,98.0,16.984402079722706
144000,96.8,11.037891268533773
144250,98.4,18.859649122807017
144500,94.39999999999999,3.932584269662921
144750,100.0,47.78761061946903
145000,95.19999999999999,39.24050632911392
145250,82.39999999999999,21.25
145500,92.80000000000001,70.43010752688173
145750,100.0,26.34146341463415
146000,92.80000000000001,6.25
146250,82.39999999999999,7.303370786516854
146500,98.4,3.307888040712468
146750,99.2,11.11111111111111
147000,96.8,4.545454545454546
147250,100.0,39.39393939393939
147500,92.0,30.201342281879196
147750,98.4,89.55223880597015
148000,96.8,13.043478260869565
148250,92.80000000000001,36.0
148500,98.4,1.0256410256410255
148750,94.8,17.72428884026258
149000,79.2,4.500978473581213
149250,93.2,23.484848484848484
149500,97.6,3.214285714285714
149750,100.0,3.5211267605633805
150000,82.8,26.582278481012654
150250,89.2,16.101694915254235
150500,96.8,10.434782608695652
150750,90.4,13.414634146341465
151000,96.0,17.741935483870968
151250,99.2,36.0655737704918
151500,97.6,100.0
151750,96.0,1.4634146341463417
152000,100.0,8.59538784067086
152250,97.6,6.262230919765166
152500,91.2,5.008944543828265
152750,100.0,2.877697841726619
153000,96.8,4.753521126760563
153250,99.2,20.0
153500,99.2,40.0
153750,98.4,13.084112149532709
154000,99.2,12.42603550295858
154250,98.4,40.909090909090914
154500,100.0,37.59398496240601
154750,100.0,9.94475138121547
155000,100.0,16.766467065868262
155250,80.4,28.947368421052634
155500,94.39999999999999,29.166666666666668
155750,96.8,11.11111111111111
156000,82.39999999999999,31.70731707317073
156250,92.0,5.678233438485805
156500,80.0,51.369863013698634
156750,98.4,26.855123674911663
157000,100.0,28.217821782178216
157250,53.2,21.723518850987432
157500,84.0,3.8869257950530036
157750,99.2,28.27586206896552
158000,98.4,35.82554517133956
158250,58.4,8.125
158500,80.0,1.098901098901099
158750,88.0,17.2972972972973
159000,86.4,32.06106870229007
159250,100.0,10.486891385767791
159500,96.0,39.71631205673759
159750,94.39999999999999,35.50295857988166
160000,87.2,3.4482758620689653
160250,100.0,30.446927374301673
160500,94.8,2.112676056338028
160750,86.4,1.257861635220126
161000,100.0,20.977011494252874
161250,100.0,4.749340369393139
161500,99.2,27.11864406779661
161750,100.0,18.947368421052634
162000,97.6,4.0
162250,98.4,82.42424242424242
162500,96.8,52.56410256410257
162750,95.19999999999999,29.166666666666668
163000,85.6,89.83050847457628
163250,92.80000000000001,25.0
163500,96.8,31.746031746031743
163750,99.2,53.65853658536586
164000,99.2,74.07407407407408
164250,99.2,73.46938775510205
164500,98.4,25.0
164750,94.8,62.96296296296296
165000,97.6,2.857142857142857
165250,89.60000000000001,42.857142857142854
165500,92.4,6.593406593406594
165750,99.2,38.983050847457626
166000,95.6,18.39080459770115
166250,94.8,13.432835820895523
166500,95.19999999999999,7.4074074074074066
166750,100.0,19.143576826196472
167000,87.2,12.009237875288683
167250,99.2,2.6030368763557483
167500,95.19999999999999,6.725146198830409
167750,79.60000000000001,4.819277108433735
168000,86.4,7.543103448275862
168250,84.39999999999999,11.854684512428298
168500,88.8,13.88888888888889
168750,84.8,28.350515463917525
169000,98.0,36.49122807017544
169250,99.2,8.5
169500,100.0,1.8867924528301887
169750,98.4,45.51282051282051
170000,100.0,31.32530120481928
170250,99.2,13.452914798206278
170500,100.0,9.58904109589041
170750,96.0,35.38461538461539
171000,99.6,15.753424657534246
171250,96.8,28.846153846153843
171500,100.0,7.59493670886076
171750,100.0,18.30985915492958
172000,92.80000000000001,98.76543209876543
172250,93.60000000000001,16.091954022988507
172500,97.6,57.99999999999999
172750,100.0,37.83783783783784
173000,99.2,6.349206349206349
173250,88.4,78.57142857142857
173500,93.2,60.416666666666664
173750,98.0,64.28571428571429
174000,100.0,17.741935483870968
174250,57.99999999999999,59.183673469387756
174500,36.8,19.45945945945946
174750,55.2,6.666666666666667
175000,95.6,2.3980815347721824
175250,98.8,4.0650406504065035
175500,96.8,65.0
175750,99.2,13.571428571428571
176000,99.6,5.150214592274678
176250,96.0,41.262135922330096
176500,96.39999999999999,5.932203389830509
176750,100.0,73.13432835820896
177000,84.39999999999999,17.599999999999998
177250,32.4,77.29257641921397
177500,49.6,7.901234567901234
177750,64.0,3.418803418803419
178000,78.0,3.375527426160337
178250,76.0,4.743589743589744
178500,74.8,4.0201005025125625
178750,40.8,20.0
179000,66.0,33.114035087719294
179250,96.8,10.080645161290322
179500,79.2,8.024691358024691
179750,74.0,17.312072892938495
180000,87.2,42.47191011235955
180250,65.60000000000001,2.401372212692967
180500,81.2,0.46511627906976744
180750,43.6,12.51564455569462
181000,63.6,0.7865168539325843
181250,73.6,3.8702928870292883
181500,13.200000000000001,7.868852459016394
181750,24.4,3.2432432432432434
182000,26.8,9.710391822827939
182250,64.8,7.2485207100591715
182500,50.8,16.020025031289112
182750,65.2,2.1205357142857144
183000,65.60000000000001,6.109979633401222
183250,65.2,55.39906103286385
183500,75.6,88.16725978647688
183750,92.80000000000001,25.679228746713413
184000,92.4,10.449050086355786
184250,57.199999999999996,78.89328063241106
184500,50.0,72.90748898678414
184750,94.39999999999999,42.1978021978022
185000,86.4,17.24137931034483
185250,67.2,0.4382761139517896
185500,94.39999999999999,0.5068790731354091
185750,85.6,70.17667844522968
