250,0.0,0.0
500,0.0,0.0
750,0.0,7.6
1000,0.0,30.7
1250,0.0,44.56
1500,0.0,53.800000000000004
1750,0.0,60.4
2000,0.0,65.35
2250,2.4,14.269406392694064
2500,0.0,33.288948069241016
2750,0.0,1.0680907877169559
3000,0.0,0.8008008008008007
3250,0.0,0.6405124099279423
3500,0.0,0.5336891260840559
3750,0.0,0.45740423098913663
4000,0.0,0.400200100050025
4250,2.4,13.934894346087951
4500,0.0,32.91139240506329
4750,0.0,99.3324432576769
5000,0.0,99.4994994994995
5250,0.0,99.59967974379504
5500,0.0,99.66644429619747
5750,0.0,99.71412235563179
6000,0.0,99.74987493746873
6250,2.4,0.2
6500,0.0,0.1
6750,0.0,0.3
7000,0.0,0.2
7250,0.0,0.1
7500,77.2,9.9
7750,100.0,22.400000000000002
8000,100.0,28.57142857142857
8250,99.6,97.99196787148594
8500,100.0,98.99799599198397
8750,80.0,99.3324432576769
9000,0.0,99.4994994994995
9250,0.0,99.59967974379504
9500,0.0,99.19946631087392
9750,0.0,99.31389365351629
10000,0.0,99.39969984992496
10250,99.6,12.5
10500,100.0,25.0
10750,77.2,37.5
11000,0.0,50.0
11250,0.0,62.5
11500,0.0,69.3
11750,0.0,69.3
12000,2.8000000000000003,28.57142857142857
12250,99.6,57.14285714285714
12500,100.0,28.57142857142857
12750,80.0,85.71428571428571
13000,0.0,57.14285714285714
13250,0.0,28.57142857142857
13500,0.0,85.71428571428571
13750,0.0,57.14285714285714
14000,0.0,28.57142857142857
14250,99.6,57.14285714285714
14500,100.0,28.57142857142857
14750,80.0,85.71428571428571
15000,0.0,50.0
15250,0.0,98.44961240310077
15500,0.0,99.21259842519686
15750,0.0,91.55672823218998
16000,0.0,68.84920634920636
16250,99.6,24.777006937561943
16500,100.0,49.554013875123886
16750,77.2,74.23191278493559
17000,0.0,99.00891972249752
17250,2.8000000000000003,97.98387096774194
17500,0.0,98.99598393574297
17750,0.0,99.33155080213903
18000,0.0,98.79759519038076
18250,99.6,25.025025025025027
18500,100.0,50.050050050050054
18750,77.2,75.07507507507508
19000,2.8000000000000003,37.5
19250,0.0,98.06201550387597
19500,0.0,99.01574803149606
19750,0.0,91.55672823218998
20000,0.0,68.84920634920636
20250,99.6,24.777006937561943
20500,100.0,49.554013875123886
20750,77.2,5.7482656095143705
21000,0.0,30.525272547076316
21250,2.8000000000000003,42.857142857142854
21500,0.0,100.0
21750,0.0,71.42857142857143
22000,0.0,42.857142857142854
22250,99.6,57.14285714285714
22500,100.0,28.57142857142857
22750,80.0,85.71428571428571
23000,0.0,57.14285714285714
23250,0.0,28.57142857142857
23500,0.0,85.71428571428571
23750,0.0,57.14285714285714
24000,0.0,25.0
24250,99.6,97.98387096774194
24500,100.0,98.99598393574297
24750,80.0,99.33155080213903
25000,0.0,99.49899799599199
25250,0.0,99.59935897435898
25500,0.0,99.19893190921229
25750,0.0,98.91304347826086
26000,0.0,99.04904904904906
26250,99.6,12.506253126563283
26500,100.0,25.012506253126567
26750,77.2,37.51875937968984
27000,0.0,50.025012506253134
27250,0.0,62.531265632816414
27500,0.0,69.33466733366683
27750,0.0,69.6848424212106
28000,2.8000000000000003,37.5
28250,99.6,97.98387096774194
28500,100.0,98.99598393574297
28750,80.0,92.7807486631016
29000,0.0,69.53907815631263
29250,0.0,55.608974358974365
29500,0.0,53.871829105473964
29750,0.0,60.068649885583525
30000,0.0,65.06506506506507
30250,99.6,12.506253126563283
30500,100.0,25.012506253126567
30750,77.2,2.901450725362681
31000,0.0,15.407703851925964
31250,0.0,27.913956978489246
31500,0.0,5.802901450725362
31750,0.0,18.309154577288645
32000,2.8000000000000003,37.5
32250,99.6,97.98387096774194
32500,100.0,98.99598393574297
32750,80.0,99.33155080213903
33000,0.0,99.5987963891675
33250,0.0,71.42857142857143
33500,0.0,42.857142857142854
33750,0.0,100.0
34000,0.0,71.42857142857143
34250,99.6,57.14285714285714
34500,100.0,28.57142857142857
34750,80.0,85.71428571428571
35000,0.0,57.14285714285714
35250,0.0,28.57142857142857
35500,0.0,85.71428571428571
35750,0.0,57.14285714285714
36000,0.0,25.0
36250,99.6,97.98387096774194
36500,100.0,98.99598393574297
36750,80.0,92.7807486631016
37000,0.0,69.53907815631263
37250,0.0,55.608974358974365
37500,0.0,53.871829105473964
37750,0.0,60.068649885583525
38000,0.0,64.76476476476476
38250,99.6,12.506253126563283
38500,100.0,25.012506253126567
38750,77.2,2.901450725362681
39000,0.0,15.407703851925964
39250,0.0,27.913956978489246
39500,0.0,5.802901450725362
39750,0.0,18.309154577288645
40000,2.8000000000000003,37.5
40250,99.6,97.98387096774194
40500,100.0,98.99598393574297
40750,80.0,99.33155080213903
41000,0.0,99.49899799599199
41250,0.0,99.59935897435898
41500,0.0,99.19893190921229
41750,0.0,98.91304347826086
42000,0.0,98.74874874874875
42250,99.6,12.506253126563283
42500,100.0,25.012506253126567
42750,77.2,37.51875937968984
43000,0.0,50.025012506253134
43250,0.0,62.531265632816414
43500,0.0,69.6848424212106
43750,0.0,70.03501750875438
44000,2.8000000000000003,37.5
44250,99.6,97.98387096774194
44500,100.0,98.99598393574297
44750,80.0,92.7807486631016
45000,0.0,69.6088264794383
45250,0.0,71.42857142857143
45500,0.0,42.857142857142854
45750,0.0,100.0
46000,0.0,71.42857142857143
46250,99.6,57.14285714285714
46500,100.0,28.57142857142857
46750,80.0,85.71428571428571
47000,0.0,57.14285714285714
47250,0.0,28.57142857142857
47500,0.0,85.71428571428571
47750,0.0,57.14285714285714
48000,0.0,25.0
48250,99.6,97.98387096774194
48500,100.0,98.99598393574297
48750,80.0,99.33155080213903
49000,0.0,99.49899799599199
49250,0.0,99.59935897435898
49500,0.0,99.19893190921229
49750,0.0,98.91304347826086
50000,0.0,99.04904904904906
50250,99.6,12.506253126563283
50500,100.0,25.012506253126567
50750,77.2,37.51875937968984
51000,0.0,50.025012506253134
51250,0.0,62.531265632816414
51500,0.0,69.33466733366683
51750,0.0,69.6848424212106
52000,2.8000000000000003,37.5
52250,99.6,29.86111111111111
52500,100.0,2.2988505747126435
52750,100.0,9.195402298850574
53000,100.0,26.486486486486488
53250,100.0,100.0
53500,100.0,4.830917874396135
53750,100.0,45.72072072072072
54000,100.0,0.3412969283276451
54250,100.0,19.70198675496689
54500,84.8,95.62841530054644
54750,48.0,71.42857142857143
55000,49.2,71.42857142857143
55250,66.4,100.0
55500,60.0,57.14285714285714
55750,53.2,42.857142857142854
56000,28.000000000000004,100.0
56250,24.4,71.42857142857143
56500,27.200000000000003,42.857142857142854
56750,70.39999999999999,28.57142857142857
57000,77.60000000000001,57.14285714285714
57250,76.8,85.71428571428571
57500,50.8,100.0
57750,64.0,43.859649122807014
58000,68.8,12.37458193979933
58250,33.2,58.097165991902834
58500,22.8,8.972503617945007
58750,68.4,54.296875
59000,24.4,46.70157068062827
59250,24.4,62.34347048300537
59500,60.4,59.366980325064155
59750,36.8,52.69552012148823
60000,42.4,21.00656455142232
60250,41.6,49.68107725017718
60500,66.4,15.09433962264151
60750,85.6,69.76744186046511
61000,94.39999999999999,8.47457627118644
61250,66.4,42.857142857142854
61500,74.4,23.076923076923077
61750,95.19999999999999,6.666666666666667
62000,59.599999999999994,90.47619047619048
62250,41.6,41.81818181818181
62500,61.199999999999996,35.714285714285715
62750,78.4,100.0
63000,79.60000000000001,51.724137931034484
63250,66.8,50.0
63500,92.0,61.904761904761905
63750,96.0,31.48148148148148
64000,89.60000000000001,2.7777777777777777
64250,78.4,25.572519083969464
64500,85.6,69.66292134831461
64750,89.2,15.748031496062993
65000,88.8,0.6097560975609756
65250,92.4,6.9478908188585615
65500,83.6,2.9350104821802936
65750,80.0,2.8169014084507045
66000,96.0,54.166666666666664
66250,92.0,4.583333333333333
66500,84.8,3.7151702786377707
66750,98.0,2.8169014084507045
67000,88.4,31.818181818181817
67250,98.4,21.428571428571427
67500,82.8,16.0
67750,93.2,98.09523809523809
68000,88.4,39.58333333333333
68250,92.4,6.0606060606060606
68500,100.0,66.66666666666666
68750,78.8,69.56521739130434
69000,62.8,19.35483870967742
69250,73.6,63.63636363636363
69500,98.4,71.42857142857143
69750,96.0,100.0
70000,91.2,60.0
70250,84.8,17.372881355932204
70500,93.2,100.0
70750,91.2,11.878453038674033
71000,70.39999999999999,26.85589519650655
71250,65.60000000000001,5.457746478873239
71500,77.60000000000001,1.7080745341614907
71750,69.6,16.472868217054263
72000,96.0,1.3307984790874523
72250,96.0,4.712041884816754
72500,88.0,11.092715231788079
72750,100.0,0.8278145695364238
73000,99.2,3.7953795379537953
73250,98.4,4.426229508196721
73500,96.0,3.054662379421222
73750,100.0,11.093247588424438
74000,93.60000000000001,2.664576802507837
74250,98.4,3.582554517133956
74500,90.4,5.8558558558558556
74750,86.8,10.014306151645208
75000,76.0,57.810413885180246
75250,78.8,89.64194373401536
75500,78.8,3.6275695284159615
75750,75.2,15.820543093270366
76000,95.19999999999999,32.15547703180212
76250,100.0,73.33333333333333
76500,83.2,66.66666666666666
76750,97.6,28.57142857142857
77000,97.2,75.0
77250,74.4,23.91304347826087
77500,28.799999999999997,98.88888888888889
77750,65.60000000000001,78.94736842105263
78000,99.2,77.77777777777779
78250,96.0,60.0
78500,86.0,40.0
78750,92.0,100.0
79000,91.2,28.57142857142857
79250,78.8,59.64912280701754
79500,61.6,29.166666666666668
79750,94.39999999999999,43.47826086956522
80000,96.8,78.94736842105263
80250,94.39999999999999,33.33333333333333
80500,98.4,57.14285714285714
80750,100.0,100.0
81000,84.0,38.095238095238095
81250,73.2,69.64285714285714
81500,75.2,18.51851851851852
81750,76.4,37.142857142857146
82000,85.6,17.97752808988764
82250,81.6,32.142857142857146
82500,96.0,28.65853658536585
82750,93.60000000000001,6.882591093117409
83000,86.4,35.54216867469879
83250,96.8,6.878306878306878
83500,90.4,19.696969696969695
83750,100.0,26.229508196721312
84000,82.0,26.69683257918552
84250,98.0,12.931034482758621
84500,73.6,11.231884057971014
84750,98.4,24.15730337078652
85000,96.8,100.0
85250,100.0,10.305343511450381
85500,91.60000000000001,15.803108808290157
85750,59.199999999999996,11.267605633802818
86000,70.39999999999999,0.41067761806981523
86250,98.4,21.59709618874773
86500,92.80000000000001,3.1523642732049035
86750,97.6,11.265164644714037
87000,92.4,25.333333333333336
87250,85.2,7.988165680473373
87500,83.2,22.660098522167488
87750,80.4,10.526315789473683
88000,73.2,2.9197080291970803
88250,100.0,22.92490118577075
88500,97.6,11.797752808988763
88750,99.2,11.976047904191617
89000,80.0,0.7692307692307693
89250,96.0,30.76923076923077
89500,96.8,9.740259740259742
89750,82.8,21.243523316062177
90000,74.4,8.555133079847907
90250,87.2,21.875
90500,95.19999999999999,22.321428571428573
90750,70.39999999999999,1.8691588785046727
91000,84.8,17.94871794871795
91250,80.80000000000001,24.550898203592812
91500,96.0,23.18840579710145
91750,98.4,28.749999999999996
92000,74.4,45.73170731707317
92250,92.80000000000001,14.23841059602649
92500,89.60000000000001,2.1739130434782608
92750,100.0,41.42857142857143
93000,89.2,50.8833922261484
93250,88.0,7.079646017699115
93500,92.4,3.072625698324022
93750,100.0,8.333333333333332
94000,78.4,15.294117647058824
94250,86.4,19.81981981981982
94500,77.60000000000001,54.77178423236515
94750,99.2,17.18213058419244
95000,96.0,18.407960199004975
95250,96.8,63.63636363636363
95500,94.39999999999999,45.08670520231214
95750,98.4,29.09090909090909
96000,71.2,2.272727272727273
96250,100.0,9.655172413793103
96500,99.2,35.82089552238806
96750,89.60000000000001,7.734806629834254
97000,96.8,27.027027027027028
97250,84.0,37.79527559055118
97500,98.4,85.71428571428571
97750,100.0,75.0
98000,100.0,37.5
98250,59.599999999999994,30.18867924528302
98500,51.6,59.375
98750,94.0,40.0
99000,100.0,98.61111111111111
99250,75.2,100.0
99500,94.39999999999999,100.0
99750,91.2,37.5
100000,94.39999999999999,100.0
100250,96.8,71.42857142857143
100500,100.0,17.073170731707318
100750,99.2,10.714285714285714
101000,99.2,1.7241379310344827
101250,99.2,17.647058823529413
101500,98.4,84.0
101750,96.8,82.35294117647058
102000,99.2,27.848101265822784
102250,95.6,85.0574712643678
102500,78.0,85.84070796460178
102750,98.4,5.743243243243244
103000,100.0,7.936507936507936
103250,100.0,100.0
103500,100.0,13.846153846153847
103750,99.2,6.756756756756757
104000,99.2,84.0909090909091
104250,98.4,34.0
104500,100.0,20.238095238095237
104750,100.0,69.23076923076923
105000,99.2,76.0
105250,100.0,100.0
105500,100.0,91.0
105750,100.0,75.47169811320755
106000,98.4,9.615384615384617
106250,96.8,70.27027027027027
106500,96.8,82.94573643410853
106750,99.6,6.0728744939271255
107000,100.0,56.52173913043478
107250,92.4,6.172839506172839
107500,90.0,2.6200873362445414
107750,98.4,2.2522522522522523
108000,99.2,70.0
108250,100.0,78.57142857142857
108500,100.0,13.0
108750,97.6,53.57142857142857
109000,100.0,95.83333333333334
109250,100.0,33.6734693877551
109500,100.0,50.0
109750,100.0,24.285714285714285
110000,99.2,3.2
110250,100.0,6.0109289617486334
110500,100.0,23.22274881516588
110750,96.8,23.78048780487805
111000,100.0,46.03174603174603
111250,97.6,39.130434782608695
111500,100.0,66.40625
111750,99.2,2.5806451612903225
112000,96.8,29.761904761904763
112250,100.0,9.15032679738562
112500,100.0,14.619883040935672
112750,100.0,10.0
113000,100.0,73.68421052631578
113250,100.0,54.166666666666664
113500,91.2,36.8
113750,68.8,31.770833333333332
114000,87.2,86.20689655172413
114250,93.60000000000001,11.940298507462686
114500,99.2,3.5629453681710213
114750,100.0,8.879492600422834
115000,94.39999999999999,2.8169014084507045
115250,100.0,0.9174311926605505
115500,86.8,5.960264900662252
115750,98.8,30.742049469964666
116000,100.0,8.085106382978724
116250,98.4,36.0
116500,95.19999999999999,29.310344827586203
116750,98.4,27.586206896551722
117000,98.4,4.25531914893617
117250,100.0,5.042016806722689
117500,100.0,6.6115702479338845
117750,100.0,12.121212121212121
118000,100.0,45.714285714285715
118250,100.0,33.734939759036145
118500,99.2,59.130434782608695
118750,100.0,9.375
119000,100.0,2.6595744680851063
119250,100.0,12.18274111675127
119500,100.0,5.980066445182724
119750,98.4,2.1164021164021163
120000,96.8,16.091954022988507
120250,100.0,50.0
120500,98.4,16.76300578034682
120750,100.0,10.471204188481675
121000,99.2,17.28395061728395
121250,94.39999999999999,6.315789473684211
121500,79.2,11.538461538461538
121750,95.19999999999999,73.26732673267327
122000,96.0,1.3157894736842104
122250,100.0,58.22784810126582
122500,75.2,12.76595744680851
122750,98.4,49.275362318840585
123000,98.4,29.629629629629626
123250,100.0,2.727272727272727
123500,96.39999999999999,75.60975609756098
123750,100.0,46.55172413793103
124000,100.0,60.0
124250,95.19999999999999,20.093457943925234
124500,100.0,16.417910447761194
124750,100.0,58.57142857142858
125000,98.4,63.0
125250,100.0,75.0
125500,100.0,3.4722222222222223
125750,100.0,83.33333333333334
126000,100.0,5.1020408163265305
126250,100.0,100.0
126500,100.0,100.0
126750,100.0,65.74074074074075
127000,99.2,14.705882352941178
127250,100.0,48.38709677419355
127500,80.0,97.61904761904762
127750,88.8,37.2972972972973
128000,95.19999999999999,10.555555555555555
128250,98.4,48.07692307692308
128500,82.39999999999999,95.65217391304348
128750,100.0,38.63636363636363
129000,98.8,34.02061855670103
129250,100.0,20.833333333333336
129500,98.4,36.885245901639344
129750,100.0,18.181818181818183
130000,91.2,22.5
130250,100.0,33.33333333333333
130500,100.0,40.909090909090914
130750,100.0,70.83333333333334
131000,79.2,22.932330827067666
131250,82.8,4.722222222222222
131500,69.19999999999999,4.288939051918736
131750,74.4,10.714285714285714
132000,87.6,19.672131147540984
132250,89.60000000000001,2.6022304832713754
132500,79.2,28.32512315270936
132750,92.0,0.8695652173913043
133000,95.19999999999999,2.7196652719665275
133250,94.39999999999999,2.8625954198473282
133500,84.0,11.484098939929329
133750,96.39999999999999,5.2805280528052805
134000,100.0,44.776119402985074
134250,96.8,5.025125628140704
134500,93.60000000000001,16.86390532544379
134750,99.2,5.154639175257731
135000,95.19999999999999,6.572769953051644
135250,84.8,4.700854700854701
135500,96.8,24.26614481409002
135750,83.2,1.4084507042253522
136000,96.0,7.6802507836990594
136250,91.60000000000001,1.308139534883721
136500,84.8,10.76923076923077
136750,100.0,32.369942196531795
137000,92.4,6.64819944598338
137250,80.0,8.830022075055188
137500,86.8,1.2048192771084338
137750,94.39999999999999,6.106870229007633
138000,94.39999999999999,5.185185185185185
138250,95.19999999999999,13.718411552346572
138500,100.0,1.7985611510791366
138750,97.6,2.135231316725979
139000,98.0,46.666666666666664
139250,94.8,90.54054054054053
139500,96.0,10.655737704918032
139750,92.80000000000001,11.848341232227488
140000,97.6,24.369747899159663
140250,81.2,16.39344262295082
140500,69.6,11.009174311926607
140750,83.6,8.045977011494253
141000,77.2,68.89185580774367
141250,87.2,89.11651728553137
141500,91.60000000000001,42.30769230769231
141750,94.39999999999999,95.18072289156626
142000,96.8,43.28358208955223
142250,82.0,17.465753424657535
142500,69.19999999999999,15.384615384615385
142750,64.8,48.97959183673469
143000,98.0,94.79768786127167
143250,86.4,13.005780346820808
143500,63.2,9.542743538767395
143750,88.8,16.92573402417962
144000,94.39999999999999,10.98360655737705
144250,83.2,11.748633879781421
144500,88.8,3.910614525139665
144750,92.0,50.69444444444444
145000,78.4,38.30508474576271
145250,74.8,20.0
145500,91.2,79.8780487804878
145750,99.2,26.34146341463415
146000,92.0,6.083650190114068
146250,80.80000000000001,7.123287671232877
146500,98.4,3.2828282828282833
146750,96.0,7.600950118764846
147000,91.2,4.571428571428571
147250,100.0,39.69465648854962
147500,88.0,29.900332225913623
147750,96.8,53.78151260504202
148000,96.8,83.33333333333334
148250,92.80000000000001,37.81512605042017
148500,96.8,1.0498687664041995
148750,94.8,17.841409691629956
149000,79.2,4.563492063492063
149250,93.2,23.754789272030653
149500,97.6,3.231597845601436
149750,100.0,3.5906642728904847
150000,79.60000000000001,31.343283582089555
150250,89.2,25.675675675675674
150500,95.19999999999999,11.214953271028037
150750,87.2,55.69620253164557
151000,78.0,48.888888888888886
151250,95.19999999999999,55.55555555555556
151500,86.4,100.0
151750,86.0,2.3166023166023164
152000,88.8,11.420612813370473
152250,96.0,7.655502392344498
152500,91.2,10.0
152750,97.6,8.55614973262032
153000,96.8,7.7142857142857135
153250,87.2,20.3125
153500,98.4,26.356589147286826
153750,97.2,11.244979919678714
154000,98.8,10.047846889952153
154250,97.6,26.82926829268293
154500,100.0,38.02281368821293
154750,100.0,9.62566844919786
155000,100.0,6.23608017817372
155250,80.4,10.638297872340425
155500,90.4,36.206896551724135
155750,96.8,9.090909090909092
156000,82.39999999999999,31.70731707317073
156250,75.2,8.823529411764707
156500,74.4,50.72463768115942
156750,87.6,31.799163179916317
157000,100.0,30.481283422459892
157250,47.599999999999994,21.723518850987432
157500,60.0,20.0
157750,88.4,4.615384615384616
158000,82.0,45.2755905511811
158250,53.6,8.176100628930817
158500,79.2,0.8298755186721992
158750,80.80000000000001,18.29268292682927
159000,84.8,15.96958174904943
159250,100.0,9.824561403508772
159500,96.0,15.774647887323944
159750,94.39999999999999,17.647058823529413
160000,87.2,2.6252983293556085
160250,100.0,22.56728778467909
160500,94.8,3.8461538461538463
160750,86.4,2.1052631578947367
161000,100.0,30.543933054393307
161250,100.0,5.787781350482315
161500,99.2,14.382022471910114
161750,98.4,14.663951120162933
162000,89.60000000000001,4.054054054054054
162250,77.2,79.53216374269006
162500,86.8,42.857142857142854
162750,95.19999999999999,38.18181818181819
163000,84.8,95.65217391304348
163250,92.0,71.42857142857143
163500,96.8,41.66666666666667
163750,99.2,50.0
164000,99.2,100.0
164250,99.2,31.57894736842105
164500,98.4,80.0
164750,92.4,70.83333333333334
165000,96.8,33.33333333333333
165250,89.60000000000001,85.71428571428571
165500,92.4,6.629834254143646
165750,98.4,28.846153846153843
166000,94.0,27.11864406779661
166250,91.60000000000001,13.284132841328415
166500,93.2,7.310704960835509
166750,99.6,18.90547263681592
167000,87.2,11.818181818181818
167250,99.2,2.564102564102564
167500,92.4,15.436241610738255
167750,79.2,19.047619047619047
168000,76.8,12.323943661971832
168250,83.6,15.46134663341646
168500,88.8,6.185567010309279
168750,84.8,89.55223880597015
169000,96.39999999999999,40.816326530612244
169250,97.6,14.166666666666666
169500,100.0,5.405405405405405
169750,96.8,47.97297297297297
170000,94.0,33.05084745762712
170250,88.8,29.7029702970297
170500,98.4,12.5
170750,95.19999999999999,41.07142857142857
171000,99.6,16.083916083916083
171250,94.39999999999999,28.517110266159694
171500,91.2,3.79746835443038
171750,95.6,4.642857142857143
172000,90.8,28.62595419847328
172250,92.80000000000001,7.954545454545454
172500,97.6,24.47257383966245
172750,100.0,7.865168539325842
173000,94.0,4.040404040404041
173250,79.2,38.59649122807017
173500,75.2,59.2814371257485
173750,97.2,11.855670103092782
174000,100.0,11.34020618556701
174250,57.99999999999999,30.19607843137255
174500,36.8,11.042944785276074
174750,39.2,4.942965779467681
175000,85.2,1.7123287671232876
175250,94.0,2.9850746268656714
175500,81.2,29.1044776119403
175750,81.6,7.2796934865900385
176000,99.6,5.769230769230769
176250,95.19999999999999,32.44274809160305
176500,94.0,5.932203389830509
176750,100.0,98.0
177000,71.6,17.88617886178862
177250,28.799999999999997,78.66666666666666
177500,37.6,7.8817733990147785
177750,50.8,5.698005698005698
178000,45.6,20.51282051282051
178250,72.39999999999999,14.682539682539684
178500,74.0,6.666666666666667
178750,37.6,46.31901840490797
179000,64.4,49.67105263157895
179250,92.80000000000001,33.11258278145696
179500,78.4,23.853211009174313
179750,70.0,55.47445255474452
180000,76.0,52.35457063711911
180250,51.2,46.666666666666664
180500,77.60000000000001,3.125
180750,38.4,40.0
181000,63.6,2.0527859237536656
181250,73.6,9.090909090909092
181500,10.0,37.11340206185567
181750,18.8,9.045226130653267
182000,26.400000000000002,9.793814432989691
182250,64.4,7.302533532041728
182500,50.8,88.79093198992443
182750,59.599999999999994,2.132435465768799
183000,64.0,33.98157625383828
183250,34.0,55.55555555555556
183500,75.6,62.08742194469223
183750,91.2,25.7243195785777
184000,86.8,10.530896431679722
184250,55.60000000000001,55.57324840764332
184500,48.4,51.293422025129345
184750,84.8,42.446573323507735
185000,36.4,17.24137931034483
185250,57.199999999999996,0.4382761139517896
185500,86.4,0.5072463768115941
185750,85.6,49.15134370579915
