250,0.0,20.8
500,0.0,60.4
750,0.0,73.6
1000,0.0,80.2
1250,0.0,84.16
1500,0.0,86.8
1750,0.0,88.68571428571428
2000,0.0,90.10000000000001
2250,0.4,1.2048192771084338
2500,0.0,0.6012024048096193
2750,0.0,0.4005340453938585
3000,0.0,0.3003003003003003
3250,0.0,0.24019215372297836
3500,0.0,0.20013342228152103
3750,0.0,0.17152658662092624
4000,0.0,0.1500750375187594
4250,0.4,20.883534136546185
4500,0.0,60.52104208416834
4750,0.0,73.69826435246995
5000,0.0,80.28028028028028
5250,0.0,84.22738190552442
5500,0.0,86.85790527018013
5750,0.0,88.73642081189251
6000,0.0,90.14507253626813
6250,0.4,0.1
6500,0.0,0.1
6750,0.0,0.1
7000,0.0,0.1
7250,0.0,0.1
7500,0.0,0.1
7750,0.0,0.1
8000,79.2,100.0
8250,79.60000000000001,99.59839357429718
8500,0.0,99.59919839679358
8750,0.0,99.73297730307075
9000,0.0,99.7997997997998
9250,0.0,99.83987189751802
9500,0.0,99.866577718479
9750,0.0,99.88564894225271
10000,0.0,99.89994997498749
10250,78.8,12.5
10500,0.0,19.8
10750,0.0,19.8
11000,0.0,19.8
11250,0.0,19.8
11500,0.0,19.8
11750,0.0,19.8
12000,0.8,100.0
12250,79.60000000000001,100.0
12500,0.0,100.0
12750,0.0,100.0
13000,0.0,100.0
13250,0.0,100.0
13500,0.0,100.0
13750,0.0,100.0
14000,0.0,100.0
14250,79.60000000000001,100.0
14500,0.0,100.0
14750,0.0,100.0
15000,0.0,66.66666666666666
15250,0.0,78.65612648221344
15500,0.0,39.562624254473164
15750,0.0,26.42762284196547
16000,0.0,19.84047856430708
16250,78.8,24.800796812749006
16500,0.0,49.60159362549801
16750,0.0,74.5019920318725
17000,0.0,99.40239043824701
17250,0.8,99.59677419354838
17500,0.0,99.79919678714859
17750,0.0,99.8663101604278
18000,0.0,99.79959919839679
18250,78.8,25.025025025025027
18500,0.0,39.83983983983984
18750,0.0,39.83983983983984
19000,0.8,66.66666666666666
19250,0.0,78.65612648221344
19500,0.0,39.562624254473164
19750,0.0,26.42762284196547
20000,0.0,19.84047856430708
20250,78.8,5.278884462151394
20500,0.0,10.557768924302788
20750,0.0,35.45816733067729
21000,0.0,60.3585657370518
21250,0.8,100.0
21500,0.0,100.0
21750,0.0,100.0
22000,0.0,100.0
22250,79.60000000000001,100.0
22500,0.0,100.0
22750,0.0,100.0
23000,0.0,100.0
23250,0.0,100.0
23500,0.0,100.0
23750,0.0,100.0
24000,0.0,66.66666666666666
24250,79.60000000000001,99.59677419354838
24500,0.0,99.59839357429718
24750,0.0,99.73262032085562
25000,0.0,99.79959919839679
25250,0.0,99.67948717948718
25500,0.0,99.73297730307075
25750,0.0,99.77116704805492
26000,0.0,99.7997997997998
26250,78.8,12.506253126563283
26500,0.0,19.809904952476238
26750,0.0,19.809904952476238
27000,0.0,19.809904952476238
27250,0.0,19.909954977488745
27500,0.0,19.909954977488745
27750,0.0,19.909954977488745
28000,0.8,66.66666666666666
28250,79.60000000000001,80.24193548387096
28500,0.0,60.6425702811245
28750,0.0,73.79679144385027
29000,0.0,80.36072144288578
29250,0.0,84.13461538461539
29500,0.0,86.78237650200266
29750,0.0,88.67276887871853
30000,0.0,90.09009009009009
30250,78.8,2.6513256628314155
30500,0.0,5.302651325662831
30750,0.0,7.953976988494247
31000,0.0,0.750375187593797
31250,0.0,3.401700850425213
31500,0.0,6.053026513256628
31750,0.0,8.704352176088044
32000,0.8,66.66666666666666
32250,79.60000000000001,99.59677419354838
32500,0.0,99.59839357429718
32750,0.0,99.73262032085562
33000,0.0,99.89969909729187
33250,0.0,100.0
33500,0.0,100.0
33750,0.0,100.0
34000,0.0,100.0
34250,79.60000000000001,100.0
34500,0.0,100.0
34750,0.0,100.0
35000,0.0,100.0
35250,0.0,100.0
35500,0.0,100.0
35750,0.0,100.0
36000,0.0,66.66666666666666
36250,79.60000000000001,80.24193548387096
36500,0.0,60.6425702811245
36750,0.0,73.79679144385027
37000,0.0,80.36072144288578
37250,0.0,84.13461538461539
37500,0.0,86.78237650200266
37750,0.0,88.67276887871853
38000,0.0,90.04004004004004
38250,78.8,2.6513256628314155
38500,0.0,5.302651325662831
38750,0.0,7.953976988494247
39000,0.0,0.750375187593797
39250,0.0,3.401700850425213
39500,0.0,6.053026513256628
39750,0.0,8.704352176088044
40000,0.8,66.66666666666666
40250,79.60000000000001,99.59677419354838
40500,0.0,99.59839357429718
40750,0.0,99.73262032085562
41000,0.0,99.79959919839679
41250,0.0,99.67948717948718
41500,0.0,99.73297730307075
41750,0.0,99.77116704805492
42000,0.0,99.74974974974975
42250,78.8,12.506253126563283
42500,0.0,19.909954977488745
42750,0.0,19.909954977488745
43000,0.0,19.909954977488745
43250,0.0,20.01000500250125
43500,0.0,20.01000500250125
43750,0.0,20.01000500250125
44000,0.8,66.66666666666666
44250,79.60000000000001,80.24193548387096
44500,0.0,60.6425702811245
44750,0.0,73.79679144385027
45000,0.0,80.44132397191575
45250,0.0,100.0
45500,0.0,100.0
45750,0.0,100.0
46000,0.0,100.0
46250,79.60000000000001,100.0
46500,0.0,100.0
46750,0.0,100.0
47000,0.0,100.0
47250,0.0,100.0
47500,0.0,100.0
47750,0.0,100.0
48000,0.0,66.66666666666666
48250,79.60000000000001,99.59677419354838
48500,0.0,99.59839357429718
48750,0.0,99.73262032085562
49000,0.0,99.79959919839679
49250,0.0,99.67948717948718
49500,0.0,99.73297730307075
49750,0.0,99.77116704805492
50000,0.0,99.7997997997998
50250,78.8,12.506253126563283
50500,0.0,19.809904952476238
50750,0.0,19.809904952476238
51000,0.0,19.809904952476238
51250,0.0,19.909954977488745
51500,0.0,19.909954977488745
51750,0.0,19.909954977488745
52000,0.8,66.66666666666666
52250,99.6,50.617283950617285
52500,100.0,3.6036036036036037
52750,100.0,14.414414414414415
53000,90.0,51.041666666666664
53250,100.0,100.0
53500,92.0,7.142857142857142
53750,5.2,53.84615384615385
54000,23.200000000000003,10.17274472168906
54250,23.200000000000003,37.47680890538033
54500,10.0,29.777777777777775
54750,31.2,11.801242236024844
55000,8.0,80.0
55250,26.8,93.33333333333333
55500,22.400000000000002,90.9090909090909
55750,6.4,100.0
56000,2.4,97.67441860465115
56250,0.8,88.88888888888889
56500,19.2,100.0
56750,25.6,100.0
57000,10.0,100.0
57250,22.400000000000002,19.35483870967742
57500,23.200000000000003,100.0
57750,16.400000000000002,48.07692307692308
58000,5.2,19.473684210526315
58250,5.6000000000000005,22.95918367346939
58500,2.4,33.7228714524207
58750,21.2,24.509803921568626
59000,4.0,44.47674418604651
59250,5.6000000000000005,96.96969696969697
59500,35.6,71.875
59750,3.2,91.78571428571428
60000,0.0,52.69230769230769
60250,7.6,30.93841642228739
60500,30.4,28.45744680851064
60750,39.2,25.253807106598984
61000,34.4,24.875
61250,26.400000000000002,23.12925170068027
61500,21.6,21.353065539112052
61750,5.6000000000000005,3.8702928870292883
62000,6.4,32.94979079497908
62250,14.799999999999999,19.64461994076999
62500,17.2,7.8125
62750,22.0,58.82352941176471
63000,36.4,42.28329809725159
63250,18.8,34.72222222222222
63500,28.000000000000004,35.23489932885906
63750,44.4,87.5
64000,64.8,88.88888888888889
64250,25.6,90.0
64500,12.0,83.33333333333334
64750,23.599999999999998,100.0
65000,56.00000000000001,15.384615384615385
65250,29.599999999999998,90.9090909090909
65500,33.2,85.71428571428571
65750,20.8,75.0
66000,60.4,100.0
66250,50.0,96.66666666666667
66500,38.800000000000004,85.71428571428571
66750,45.2,21.27659574468085
67000,46.400000000000006,20.28985507246377
67250,44.800000000000004,85.71428571428571
67500,18.8,14.814814814814813
67750,16.0,40.963855421686745
68000,50.8,5.588235294117648
68250,82.8,10.526315789473683
68500,86.4,27.586206896551722
68750,16.0,69.38775510204081
69000,16.0,99.05660377358491
69250,13.600000000000001,71.73913043478261
69500,33.6,82.91666666666667
69750,54.400000000000006,68.62068965517241
70000,73.6,61.46788990825688
70250,34.4,38.9873417721519
70500,15.2,45.146726862302486
70750,26.8,25.294117647058822
71000,23.200000000000003,37.04819277108434
71250,15.2,42.340425531914896
71500,20.8,35.638297872340424
71750,36.0,30.151515151515152
72000,40.8,30.29850746268657
72250,23.200000000000003,29.941860465116278
72500,33.6,27.715877437325904
72750,26.400000000000002,27.99442896935933
73000,43.2,27.77777777777778
73250,32.0,95.23809523809523
73500,38.4,62.5
73750,36.8,100.0
74000,18.4,100.0
74250,25.6,93.75
74500,22.400000000000002,100.0
74750,22.8,66.66666666666666
75000,21.6,66.66666666666666
75250,32.0,80.0
75500,43.6,100.0
75750,55.60000000000001,100.0
76000,37.2,95.65217391304348
76250,48.0,5.88235294117647
76500,43.6,14.792899408284024
76750,35.199999999999996,36.91275167785235
77000,50.4,15.306122448979592
77250,35.199999999999996,53.963414634146346
77500,14.399999999999999,51.54440154440154
77750,0.4,61.32075471698113
78000,11.200000000000001,43.30218068535825
78250,17.2,30.909090909090907
78500,69.19999999999999,28.92086330935252
78750,52.800000000000004,14.405594405594405
79000,59.199999999999996,3.3921302578018993
79250,43.2,97.05882352941177
79500,7.6,66.66666666666666
79750,40.400000000000006,62.5
80000,44.0,66.66666666666666
80250,66.4,70.0
80500,70.39999999999999,85.71428571428571
80750,51.2,100.0
81000,59.199999999999996,85.71428571428571
81250,21.2,87.5
81500,32.0,100.0
81750,28.000000000000004,87.5
82000,0.8,94.11764705882352
82250,30.0,33.1578947368421
82500,34.0,29.375
82750,36.0,96.7741935483871
83000,41.6,50.0
83250,26.400000000000002,17.105263157894736
83500,32.0,25.0
83750,22.0,87.5
84000,18.8,26.69683257918552
84250,38.0,23.4375
84500,30.4,72.82608695652173
84750,30.4,38.392857142857146
85000,18.4,100.0
85250,30.4,13.636363636363635
85500,25.6,44.20289855072464
85750,10.8,27.605633802816904
86000,17.2,40.86242299794661
86250,30.0,22.50453720508167
86500,52.800000000000004,14.886164623467602
86750,43.2,40.20797227036395
87000,28.799999999999997,41.75824175824176
87250,17.2,9.121621621621621
87500,21.6,46.93877551020408
87750,20.0,66.44736842105263
88000,13.200000000000001,10.526315789473683
88250,26.8,24.166666666666668
88500,28.799999999999997,56.46067415730337
88750,22.0,11.976047904191617
89000,30.0,57.14285714285714
89250,40.0,96.7741935483871
89500,32.4,96.29629629629629
89750,28.000000000000004,56.55172413793104
90000,0.8,58.35616438356165
90250,27.200000000000003,44.3254817987152
90500,30.0,50.0
90750,15.6,84.32203389830508
91000,19.6,18.51851851851852
91250,34.0,24.550898203592812
91500,43.6,93.33333333333333
91750,32.4,29.48717948717949
92000,26.400000000000002,52.816901408450704
92250,33.6,66.55629139072848
92500,16.8,5.303030303030303
92750,32.800000000000004,96.66666666666667
93000,12.4,57.831325301204814
93250,60.0,58.536585365853654
93500,92.4,17.46031746031746
93750,69.6,24.113475177304963
94000,38.4,42.71186440677966
94250,29.2,49.29245283018868
94500,27.200000000000003,99.24812030075188
94750,33.2,39.04109589041096
95000,63.6,59.75975975975976
95250,74.8,56.85714285714286
95500,75.2,54.37158469945356
95750,92.80000000000001,12.634408602150538
96000,45.2,42.3728813559322
96250,92.0,12.288135593220339
96500,61.199999999999996,42.916666666666664
96750,35.199999999999996,39.31297709923664
97000,57.599999999999994,38.15789473684211
97250,41.199999999999996,34.42906574394463
97500,56.00000000000001,100.0
97750,46.800000000000004,88.88888888888889
98000,54.0,87.5
98250,10.8,90.0
98500,21.2,94.73684210526315
98750,35.6,50.0
99000,74.8,98.24561403508771
99250,7.199999999999999,100.0
99500,1.2,100.0
99750,46.0,85.71428571428571
100000,62.8,100.0
100250,91.2,83.33333333333334
100500,98.4,93.33333333333333
100750,98.4,33.33333333333333
101000,99.2,66.66666666666666
101250,97.6,96.29629629629629
101500,92.0,98.11320754716981
101750,95.19999999999999,88.88888888888889
102000,96.8,95.65217391304348
102250,86.8,98.7012987012987
102500,23.200000000000003,97.05882352941177
102750,27.200000000000003,80.95238095238095
103000,11.600000000000001,93.75
103250,92.0,50.0
103500,57.599999999999994,14.516129032258066
103750,76.8,3.875968992248062
104000,94.39999999999999,5.833333333333333
104250,92.0,42.5
104500,96.0,18.085106382978726
104750,99.2,30.0
105000,99.2,15.833333333333332
105250,99.2,20.833333333333336
105500,97.6,98.91304347826086
105750,97.6,2.5423728813559325
106000,59.199999999999996,27.77777777777778
106250,57.99999999999999,89.65517241379311
106500,34.4,82.3076923076923
106750,50.0,93.75
107000,64.8,92.85714285714286
107250,55.2,43.47826086956522
107500,73.2,46.15384615384615
107750,75.6,38.46153846153847
108000,46.0,100.0
108250,80.80000000000001,35.507246376811594
108500,63.2,92.85714285714286
108750,79.2,93.75
109000,96.0,62.5
109250,98.4,39.285714285714285
109500,84.0,92.85714285714286
109750,68.0,29.651162790697676
110000,33.6,15.384615384615385
110250,77.60000000000001,57.89473684210527
110500,88.8,97.91666666666666
110750,42.4,27.083333333333332
111000,81.2,20.0
111250,75.6,30.0
111500,86.8,100.0
111750,25.2,4.597701149425287
112000,33.6,96.15384615384616
112250,72.39999999999999,14.893617021276595
112500,93.60000000000001,59.523809523809526
112750,24.4,56.48535564853556
113000,68.4,98.14814814814815
113250,79.2,52.71739130434783
113500,33.6,62.18749999999999
113750,19.2,51.26050420168067
114000,21.2,99.36305732484077
114250,8.0,92.0
114500,21.6,21.428571428571427
114750,62.0,36.206896551724135
115000,56.8,6.140350877192982
115250,39.2,58.309037900874635
115500,30.0,64.28571428571429
115750,33.2,41.82692307692308
116000,20.0,11.377245508982035
116250,64.8,98.07692307692307
116500,87.2,11.643835616438356
116750,97.6,8.421052631578947
117000,56.39999999999999,87.33624454148472
117250,72.8,10.344827586206897
117500,99.2,13.333333333333334
117750,42.4,55.319148936170215
118000,72.0,22.857142857142858
118250,88.8,20.74074074074074
118500,91.2,70.10309278350515
118750,32.4,92.3076923076923
119000,76.0,5.681818181818182
119250,96.39999999999999,24.0
119500,50.8,87.5
119750,40.400000000000006,4.651162790697675
120000,48.0,91.74311926605505
120250,29.2,63.49693251533742
120500,52.400000000000006,7.304785894206549
120750,92.80000000000001,4.88997555012225
121000,37.2,48.06763285024155
121250,39.6,42.31625835189309
121500,55.2,38.72255489021956
121750,50.4,30.79922027290448
122000,82.39999999999999,5.904761904761905
122250,75.2,37.904761904761905
122500,16.400000000000002,30.870279146141215
122750,20.4,32.62642740619902
123000,23.200000000000003,32.414910858995135
123250,31.2,20.0
123500,81.2,90.9090909090909
123750,97.6,96.15384615384616
124000,48.4,90.0
124250,39.6,80.0
124500,78.4,92.3076923076923
124750,50.4,66.66666666666666
125000,50.8,98.4375
125250,35.199999999999996,94.44444444444444
125500,77.60000000000001,88.88888888888889
125750,96.0,95.45454545454545
126000,95.19999999999999,83.33333333333334
126250,85.6,50.0
126500,97.6,12.5
126750,99.2,98.61111111111111
127000,96.0,68.18181818181817
127250,94.39999999999999,97.82608695652173
127500,67.2,99.36708860759494
127750,30.4,98.57142857142858
128000,36.0,95.0
128250,27.200000000000003,98.68421052631578
128500,25.6,83.33333333333334
128750,61.6,94.44444444444444
129000,72.8,99.12280701754386
129250,56.8,93.75
129500,56.00000000000001,46.875
129750,83.6,82.14285714285714
130000,68.0,96.42857142857143
130250,36.4,95.83333333333334
130500,64.4,98.68421052631578
130750,87.6,51.0
131000,14.799999999999999,98.36065573770492
131250,34.8,94.44444444444444
131500,31.6,95.0
131750,27.200000000000003,75.0
132000,39.6,99.01960784313727
132250,17.599999999999998,70.0
132500,10.4,95.0413223140496
132750,28.000000000000004,2.9629629629629632
133000,39.2,14.772727272727273
133250,32.4,93.75
133500,12.0,98.48484848484848
133750,31.6,23.88059701492537
134000,38.4,96.7741935483871
134250,50.4,83.33333333333334
134500,25.2,51.35135135135135
134750,25.2,80.0
135000,26.400000000000002,96.55172413793103
135250,46.400000000000006,95.65217391304348
135500,41.6,99.2
135750,31.6,88.88888888888889
136000,10.4,75.38461538461539
136250,11.200000000000001,69.23076923076923
136500,33.6,91.30434782608695
136750,26.8,53.84615384615385
137000,20.0,82.75862068965517
137250,18.4,93.02325581395348
137500,11.200000000000001,85.71428571428571
137750,23.599999999999998,96.96969696969697
138000,50.8,96.55172413793103
138250,36.8,98.7012987012987
138500,12.0,90.9090909090909
138750,15.6,6.593406593406594
139000,34.8,98.59154929577466
139250,50.8,98.01980198019803
139500,41.199999999999996,96.29629629629629
139750,6.4,94.33962264150944
140000,14.000000000000002,99.14529914529915
140250,10.4,97.82608695652173
140500,9.6,97.2972972972973
140750,34.0,96.55172413793103
141000,16.400000000000002,98.87640449438202
141250,26.8,90.0
141500,19.2,19.411764705882355
141750,40.8,98.75
142000,33.2,98.30508474576271
142250,28.799999999999997,98.07692307692307
142500,17.2,85.71428571428571
142750,14.399999999999999,85.71428571428571
143000,9.2,98.79518072289156
143250,20.0,30.612244897959183
143500,18.4,97.95918367346938
143750,14.799999999999999,72.5925925925926
144000,32.0,94.36619718309859
144250,13.600000000000001,97.72727272727273
144500,27.200000000000003,53.84615384615385
144750,19.2,31.03448275862069
145000,14.399999999999999,99.12280701754386
145250,20.8,65.38461538461539
145500,20.8,97.76119402985076
145750,55.60000000000001,94.73684210526315
146000,73.6,94.11764705882352
146250,33.2,89.65517241379311
146500,25.2,86.66666666666667
146750,11.600000000000001,91.42857142857143
147000,34.8,11.267605633802818
147250,17.2,44.93392070484582
147500,32.4,82.56880733944955
147750,18.0,92.7536231884058
148000,18.0,96.07843137254902
148250,4.8,97.82608695652173
148500,26.400000000000002,66.66666666666666
148750,18.4,95.29411764705881
149000,30.0,88.46153846153845
149250,20.0,99.2
149500,12.8,58.06451612903226
149750,30.0,86.95652173913044
150000,18.4,91.30434782608695
150250,24.8,28.35820895522388
150500,14.000000000000002,20.168067226890756
150750,17.2,89.79591836734694
151000,9.6,94.5945945945946
151250,11.600000000000001,65.45454545454545
151500,10.0,25.0
151750,24.8,85.71428571428571
152000,40.8,95.34883720930233
152250,33.2,78.04878048780488
152500,26.400000000000002,96.55172413793103
152750,16.400000000000002,94.11764705882352
153000,11.200000000000001,84.375
153250,8.4,96.29629629629629
153500,30.0,93.75
153750,40.8,96.55172413793103
154000,6.800000000000001,77.734375
154250,14.000000000000002,58.06451612903226
154500,17.599999999999998,99.00990099009901
154750,21.6,97.2972972972973
155000,46.400000000000006,96.55172413793103
155250,32.800000000000004,61.79775280898876
155500,21.2,96.42857142857143
155750,7.199999999999999,93.75
156000,15.2,97.5
156250,5.6000000000000005,90.0
156500,9.2,50.67567567567568
156750,26.400000000000002,97.43589743589743
157000,20.4,43.377483443708606
157250,10.8,98.61111111111111
157500,16.0,94.44444444444444
157750,42.4,18.75
158000,24.4,90.5511811023622
158250,15.2,6.989247311827956
158500,26.0,2.2222222222222223
158750,43.2,96.96969696969697
159000,34.4,97.67441860465115
159250,31.6,98.48484848484848
159500,32.0,98.24561403508771
159750,26.400000000000002,61.855670103092784
160000,24.8,11.827956989247312
160250,33.6,98.83720930232558
160500,32.4,23.076923076923077
160750,86.4,75.0
161000,76.8,74.48979591836735
161250,58.4,18.181818181818183
161500,13.600000000000001,96.96969696969697
161750,34.4,98.63013698630137
162000,49.2,1.4018691588785046
162250,69.19999999999999,98.44961240310077
162500,36.4,72.46376811594203
162750,54.400000000000006,97.67441860465115
163000,31.2,28.193832599118945
163250,36.4,37.38317757009346
163500,72.8,86.95652173913044
163750,92.0,14.012738853503185
164000,60.0,15.217391304347828
164250,36.4,98.30508474576271
164500,69.19999999999999,13.095238095238097
164750,50.8,56.666666666666664
165000,46.0,4.054054054054054
165250,42.4,65.625
165500,26.8,7.228915662650602
165750,56.39999999999999,34.32835820895522
166000,36.0,20.253164556962027
166250,34.0,97.2972972972973
166500,22.0,90.32258064516128
166750,30.8,98.7012987012987
167000,28.000000000000004,98.11320754716981
167250,19.2,9.67741935483871
167500,23.200000000000003,11.855670103092782
167750,20.8,25.0
168000,22.0,94.5945945945946
168250,34.4,98.4126984126984
168500,30.0,85.71428571428571
168750,32.0,24.553571428571427
169000,24.4,89.65517241379311
169250,85.6,25.0
169500,97.2,25.0
169750,58.4,42.77108433734939
170000,41.199999999999996,89.65517241379311
170250,36.8,51.85185185185185
170500,87.6,10.687022900763358
170750,92.0,18.852459016393443
171000,76.0,15.131578947368421
171250,42.8,98.68421052631578
171500,20.0,85.71428571428571
171750,18.8,92.85714285714286
172000,35.199999999999996,40.76086956521739
172250,29.599999999999998,18.421052631578945
172500,54.400000000000006,98.30508474576271
172750,23.200000000000003,9.333333333333334
173000,67.2,13.333333333333334
173250,70.8,98.87640449438202
173500,23.200000000000003,46.96969696969697
173750,44.0,95.83333333333334
174000,56.8,91.66666666666666
174250,37.2,49.67741935483871
174500,0.8,57.64411027568922
174750,12.8,12.682926829268293
175000,19.2,5.347593582887701
175250,30.0,90.9090909090909
175500,58.8,62.903225806451616
175750,24.8,12.751677852348994
176000,18.0,96.66666666666667
176250,63.2,55.1948051948052
176500,56.8,87.5
176750,65.60000000000001,37.69230769230769
177000,36.0,97.77777777777777
177250,2.4,60.824742268041234
177500,4.0,91.77489177489177
177750,10.8,18.69158878504673
178000,20.0,82.75862068965517
178250,43.2,57.36434108527132
178500,47.199999999999996,38.095238095238095
178750,14.799999999999999,99.3421052631579
179000,13.200000000000001,97.72727272727273
179250,27.6,98.0392156862745
179500,18.4,74.28571428571429
179750,13.600000000000001,98.7012987012987
180000,4.8,59.62145110410094
180250,15.2,14.14141414141414
180500,73.6,66.66666666666666
180750,38.4,95.23809523809523
181000,57.99999999999999,14.285714285714285
181250,72.8,77.08333333333334
181500,5.2,26.855123674911663
181750,17.2,29.508196721311474
182000,24.8,80.28169014084507
182250,58.8,40.49586776859504
182500,20.8,99.2248062015504
182750,32.0,85.71428571428571
183000,21.6,98.36065573770492
183250,1.6,98.26589595375722
183500,52.0,66.66666666666666
183750,35.199999999999996,94.11764705882352
184000,36.4,80.0
184250,24.8,99.07407407407408
184500,22.0,99.26470588235294
184750,26.0,98.38709677419355
185000,4.8,88.88888888888889
185250,23.200000000000003,54.54545454545454
185500,83.2,85.71428571428571
185750,84.8,100.0
