250,31.2
500,79.2
750,92.0
1000,46.0
1250,100.0
1500,88.8
1750,2.4
2000,24.8
2250,16.8
2500,20.0
2750,3.5999999999999996
3000,6.0
3250,28.799999999999997
3500,29.2
3750,20.4
4000,7.199999999999999
4250,2.4
4500,12.4
4750,18.8
5000,7.199999999999999
5250,14.799999999999999
5500,7.6
5750,10.4
6000,14.000000000000002
6250,13.200000000000001
6500,7.6
6750,21.6
7000,5.6000000000000005
7250,17.599999999999998
7500,12.8
7750,2.0
8000,1.6
8250,18.8
8500,9.6
8750,8.4
9000,4.8
9250,24.0
9500,16.0
9750,11.200000000000001
10000,19.2
10250,3.5999999999999996
10500,8.4
10750,22.400000000000002
11000,24.8
11250,12.0
11500,19.2
11750,40.0
12000,18.4
12250,15.2
12500,14.399999999999999
12750,11.200000000000001
13000,26.400000000000002
13250,14.799999999999999
13500,16.8
13750,16.8
14000,34.0
14250,18.8
14500,17.599999999999998
14750,24.8
15000,26.8
15250,20.0
15500,6.0
15750,13.200000000000001
16000,40.8
16250,72.0
16500,80.0
16750,3.2
17000,3.2
17250,19.2
17500,18.4
17750,34.4
18000,34.4
18250,29.2
18500,4.3999999999999995
18750,15.6
19000,22.400000000000002
19250,14.799999999999999
19500,14.399999999999999
19750,11.600000000000001
20000,13.600000000000001
20250,7.199999999999999
20500,12.4
20750,9.6
21000,15.6
21250,6.800000000000001
21500,38.0
21750,15.6
22000,7.199999999999999
22250,11.600000000000001
22500,17.2
22750,7.199999999999999
23000,0.8
23250,9.6
23500,14.399999999999999
23750,24.8
24000,16.8
24250,33.6
24500,12.8
24750,8.799999999999999
25000,16.0
25250,24.0
25500,9.6
25750,24.0
26000,16.8
26250,19.2
26500,35.199999999999996
26750,35.6
27000,20.0
27250,16.400000000000002
27500,28.000000000000004
27750,18.8
28000,13.600000000000001
28250,32.800000000000004
28500,31.2
28750,27.6
29000,36.4
29250,14.799999999999999
29500,4.0
29750,4.0
30000,20.0
30250,21.6
30500,10.0
30750,20.8
31000,19.2
31250,7.6
31500,16.8
31750,16.8
32000,14.799999999999999
32250,26.8
32500,21.6
32750,3.5999999999999996
33000,0.4
33250,1.6
33500,27.200000000000003
33750,12.8
34000,15.2
34250,15.2
34500,30.4
34750,17.2
35000,7.199999999999999
35250,13.200000000000001
35500,22.0
35750,13.200000000000001
36000,9.6
36250,18.4
36500,29.599999999999998
36750,10.4
37000,12.8
37250,30.0
37500,12.8
37750,22.8
38000,1.6
38250,9.6
38500,14.399999999999999
38750,11.600000000000001
39000,12.8
39250,12.0
39500,22.8
39750,2.8000000000000003
40000,34.8
40250,16.400000000000002
40500,2.8000000000000003
40750,10.0
41000,5.6000000000000005
41250,44.800000000000004
41500,80.0
41750,60.8
42000,15.2
42250,4.8
42500,10.4
42750,8.799999999999999
43000,36.0
43250,42.4
43500,39.2
43750,72.39999999999999
44000,47.599999999999994
44250,35.199999999999996
44500,36.0
44750,23.200000000000003
45000,16.8
45250,23.200000000000003
45500,27.6
45750,37.2
46000,14.799999999999999
46250,15.6
46500,0.0
46750,4.0
47000,41.6
47250,24.4
47500,11.200000000000001
47750,32.800000000000004
48000,36.8
48250,75.2
48500,86.4
48750,75.2
49000,80.80000000000001
49250,83.2
49500,70.0
49750,65.60000000000001
50000,71.6
50250,47.199999999999996
50500,28.000000000000004
50750,7.199999999999999
51000,11.600000000000001
51250,44.4
51500,41.6
51750,50.8
52000,83.2
52250,69.6
52500,78.4
52750,80.80000000000001
53000,79.2
53250,82.39999999999999
53500,72.0
53750,80.0
54000,31.2
54250,17.599999999999998
54500,20.8
54750,24.8
55000,32.0
55250,42.8
55500,53.2
55750,66.4
56000,24.4
56250,44.4
56500,33.6
56750,30.4
57000,46.800000000000004
57250,78.4
57500,57.599999999999994
57750,20.4
58000,32.800000000000004
58250,67.2
58500,75.2
58750,18.8
59000,28.4
59250,52.800000000000004
59500,58.8
59750,14.000000000000002
60000,3.5999999999999996
60250,62.8
60500,81.6
60750,4.0
61000,25.6
61250,48.4
61500,21.2
61750,4.0
62000,23.200000000000003
62250,6.800000000000001
62500,4.0
62750,55.60000000000001
63000,44.800000000000004
63250,33.6
63500,8.799999999999999
63750,13.600000000000001
64000,20.0
64250,32.4
64500,74.0
64750,72.0
65000,37.6
65250,66.4
65500,86.4
65750,14.399999999999999
66000,23.200000000000003
66250,32.0
66500,46.800000000000004
66750,6.4
67000,67.2
67250,84.39999999999999
67500,21.6
67750,12.0
68000,14.399999999999999
68250,21.6
68500,49.2
68750,82.0
69000,28.000000000000004
69250,23.200000000000003
69500,27.6
69750,28.4
70000,42.0
70250,31.6
70500,28.799999999999997
70750,11.600000000000001
71000,18.0
71250,15.2
71500,48.0
71750,68.8
72000,36.4
72250,19.6
72500,40.400000000000006
72750,20.8
73000,16.400000000000002
73250,10.8
73500,46.400000000000006
73750,64.4
74000,69.19999999999999
74250,56.00000000000001
74500,70.0
74750,78.8
75000,71.6
75250,50.8
75500,44.0
75750,11.600000000000001
76000,24.4
76250,17.2
76500,24.8
76750,30.0
77000,40.400000000000006
77250,48.8
77500,40.8
77750,58.8
78000,53.2
78250,15.2
78500,32.800000000000004
78750,63.6
79000,6.800000000000001
79250,4.3999999999999995
79500,8.0
79750,36.0
80000,12.8
80250,24.8
80500,11.600000000000001
80750,2.0
81000,23.599999999999998
81250,16.0
81500,16.400000000000002
81750,10.0
82000,30.4
82250,16.400000000000002
82500,6.800000000000001
82750,8.799999999999999
83000,15.6
83250,4.0
83500,24.0
83750,18.4
84000,12.0
84250,20.8
84500,5.2
84750,0.8
85000,15.6
85250,20.4
85500,6.800000000000001
85750,30.4
86000,30.8
86250,20.4
86500,9.6
86750,7.6
87000,7.199999999999999
87250,14.799999999999999
87500,24.8
87750,18.4
88000,15.2
88250,17.2
88500,15.2
88750,26.400000000000002
89000,22.0
89250,12.0
89500,18.8
89750,26.0
90000,23.599999999999998
90250,20.0
90500,16.8
90750,7.199999999999999
91000,10.4
91250,14.000000000000002
91500,5.6000000000000005
91750,4.0
92000,7.6
92250,5.6000000000000005
92500,8.4
92750,23.599999999999998
93000,12.4
93250,17.2
93500,8.4
93750,32.4
94000,39.2
94250,20.4
94500,13.200000000000001
94750,7.6
95000,23.599999999999998
95250,6.0
95500,2.4
95750,8.799999999999999
96000,6.800000000000001
96250,4.3999999999999995
96500,9.6
96750,14.399999999999999
97000,15.6
97250,18.0
97500,20.0
97750,13.200000000000001
98000,10.4
98250,13.600000000000001
98500,14.399999999999999
98750,18.0
99000,11.200000000000001
99250,12.8
99500,5.2
99750,21.2
100000,18.8
100250,18.0
100500,12.4
100750,22.0
101000,15.2
101250,10.0
101500,17.2
101750,5.6000000000000005
102000,4.8
102250,5.6000000000000005
102500,10.0
102750,18.0
103000,35.199999999999996
103250,18.4
103500,16.8
103750,11.600000000000001
104000,5.6000000000000005
104250,5.6000000000000005
104500,7.199999999999999
104750,15.2
105000,12.0
105250,2.4
105500,19.6
105750,22.0
106000,14.000000000000002
106250,9.6
106500,24.0
106750,30.0
107000,10.0
107250,13.600000000000001
107500,20.8
107750,30.0
108000,24.4
108250,10.8
108500,32.4
108750,80.4
109000,63.6
109250,34.8
109500,1.6
109750,14.799999999999999
110000,13.600000000000001
110250,44.0
110500,22.400000000000002
110750,30.0
111000,16.0
111250,15.6
111500,36.0
111750,54.0
112000,32.800000000000004
112250,16.8
112500,42.8
112750,22.8
113000,27.6
113250,30.0
113500,6.4
113750,30.4
114000,25.6
114250,12.4
114500,7.199999999999999
114750,15.6
115000,8.0
115250,8.0
115500,14.399999999999999
115750,18.4
116000,15.6
116250,4.0
116500,6.0
116750,21.2
117000,10.0
117250,50.8
117500,57.199999999999996
117750,46.400000000000006
118000,12.8
118250,16.0
118500,55.2
118750,46.0
119000,46.400000000000006
119250,20.8
119500,17.599999999999998
119750,13.600000000000001
120000,14.000000000000002
120250,10.0
120500,25.6
120750,8.799999999999999
121000,40.8
121250,50.8
121500,17.599999999999998
121750,18.4
122000,22.0
122250,17.2
122500,12.8
122750,5.6000000000000005
123000,0.0
123250,17.2
123500,31.6
123750,12.4
124000,4.0
124250,26.8
124500,16.0
124750,12.0
125000,11.200000000000001
125250,20.0
125500,13.600000000000001
125750,5.6000000000000005
126000,16.8
126250,25.6
126500,21.2
126750,14.399999999999999
127000,3.5999999999999996
127250,13.600000000000001
127500,10.0
127750,21.2
128000,12.0
128250,12.8
128500,70.39999999999999
128750,36.0
129000,47.599999999999994
129250,72.39999999999999
129500,6.800000000000001
129750,17.599999999999998
130000,16.0
130250,51.2
130500,10.8
130750,26.400000000000002
131000,6.4
131250,1.6
131500,44.0
131750,26.8
132000,15.2
132250,2.8000000000000003
132500,3.2
132750,6.0
133000,4.0
133250,26.8
133500,82.0
133750,82.0
