250,41.199999999999996
500,88.4
750,100.0
1000,70.39999999999999
1250,100.0
1500,90.8
1750,6.4
2000,26.0
2250,17.599999999999998
2500,22.0
2750,4.3999999999999995
3000,8.799999999999999
3250,59.599999999999994
3500,45.2
3750,42.4
4000,14.399999999999999
4250,3.2
4500,33.2
4750,36.0
5000,32.800000000000004
5250,36.0
5500,36.4
5750,35.199999999999996
6000,38.4
6250,22.400000000000002
6500,18.4
6750,43.2
7000,7.6
7250,17.599999999999998
7500,20.0
7750,5.2
8000,4.8
8250,28.799999999999997
8500,24.8
8750,14.799999999999999
9000,41.6
9250,38.800000000000004
9500,28.4
9750,19.6
10000,21.6
10250,5.2
10500,16.8
10750,44.0
11000,39.2
11250,32.0
11500,33.6
11750,51.6
12000,50.0
12250,27.6
12500,34.4
12750,28.000000000000004
13000,41.6
13250,34.0
13500,37.2
13750,30.4
14000,52.800000000000004
14250,36.0
14500,41.199999999999996
14750,36.8
15000,46.400000000000006
15250,40.400000000000006
15500,26.0
15750,22.400000000000002
16000,51.6
16250,77.2
16500,81.6
16750,24.4
17000,16.0
17250,34.4
17500,54.400000000000006
17750,60.4
18000,65.2
18250,56.39999999999999
18500,27.6
18750,38.800000000000004
19000,36.4
19250,25.6
19500,36.0
19750,22.0
20000,35.199999999999996
20250,28.799999999999997
20500,27.200000000000003
20750,28.4
21000,51.6
21250,38.800000000000004
21500,52.0
21750,42.8
22000,32.4
22250,42.4
22500,34.0
22750,26.8
23000,33.6
23250,19.6
23500,30.8
23750,44.800000000000004
24000,28.000000000000004
24250,57.199999999999996
24500,53.2
24750,32.0
25000,39.6
25250,50.8
25500,18.0
25750,38.4
26000,40.8
26250,47.599999999999994
26500,62.4
26750,67.60000000000001
27000,55.2
27250,49.6
27500,36.0
27750,37.2
28000,64.4
28250,54.800000000000004
28500,72.8
28750,70.0
29000,56.39999999999999
29250,36.4
29500,21.6
29750,40.8
30000,29.2
30250,34.4
30500,38.800000000000004
30750,38.4
31000,45.2
31250,24.0
31500,43.6
31750,39.6
32000,35.6
32250,40.0
32500,32.4
32750,18.4
33000,18.8
33250,34.8
33500,41.199999999999996
33750,20.8
34000,32.0
34250,27.200000000000003
34500,67.2
34750,48.4
35000,25.6
35250,39.2
35500,31.2
35750,25.6
36000,20.4
36250,35.199999999999996
36500,49.6
36750,37.6
37000,37.6
37250,39.6
37500,36.0
37750,44.0
38000,19.2
38250,35.199999999999996
38500,31.6
38750,32.800000000000004
39000,28.799999999999997
39250,30.4
39500,42.8
39750,32.800000000000004
40000,59.199999999999996
40250,33.2
40500,34.4
40750,35.6
41000,14.000000000000002
41250,53.6
41500,80.0
41750,60.8
42000,58.8
42250,15.6
42500,28.799999999999997
42750,35.199999999999996
43000,64.8
43250,69.6
43500,88.8
43750,91.60000000000001
44000,56.39999999999999
44250,64.8
44500,77.60000000000001
44750,35.199999999999996
45000,58.8
45250,56.00000000000001
45500,43.2
45750,63.2
46000,54.400000000000006
46250,32.0
46500,11.200000000000001
46750,40.8
47000,58.4
47250,37.6
47500,35.199999999999996
47750,43.6
48000,65.2
48250,92.0
48500,97.6
48750,96.8
49000,97.6
49250,98.4
49500,88.0
49750,93.60000000000001
50000,96.0
50250,84.0
50500,36.0
50750,17.599999999999998
51000,17.2
51250,60.4
51500,59.199999999999996
51750,85.2
52000,96.8
52250,92.80000000000001
52500,93.60000000000001
52750,96.8
53000,97.6
53250,96.0
53500,95.19999999999999
53750,97.6
54000,58.8
54250,49.6
54500,55.2
54750,44.0
55000,62.0
55250,61.199999999999996
55500,62.8
55750,74.4
56000,51.6
56250,52.800000000000004
56500,56.39999999999999
56750,69.6
57000,93.60000000000001
57250,96.8
57500,85.6
57750,54.800000000000004
58000,51.2
58250,67.2
58500,77.60000000000001
58750,36.0
59000,56.39999999999999
59250,76.8
59500,81.2
59750,32.0
60000,30.8
60250,74.0
60500,88.4
60750,30.0
61000,54.800000000000004
61250,66.8
61500,34.0
61750,21.6
62000,35.199999999999996
62250,20.0
62500,20.8
62750,62.0
63000,50.4
63250,39.6
63500,37.2
63750,29.2
64000,33.2
64250,57.199999999999996
64500,84.0
64750,93.60000000000001
65000,59.599999999999994
65250,70.0
65500,86.4
65750,42.4
66000,53.6
66250,77.2
66500,86.8
66750,32.0
67000,68.4
67250,86.8
67500,44.0
67750,52.800000000000004
68000,63.2
68250,44.4
68500,52.400000000000006
68750,83.6
69000,48.4
69250,42.4
69500,47.599999999999994
69750,81.6
70000,81.6
70250,63.6
70500,41.199999999999996
70750,49.2
71000,48.8
71250,46.800000000000004
71500,66.8
71750,96.0
72000,59.599999999999994
72250,59.599999999999994
72500,78.4
72750,39.6
73000,49.6
73250,57.99999999999999
73500,76.4
73750,90.0
74000,89.60000000000001
74250,83.6
74500,97.2
74750,94.8
75000,94.8
75250,93.60000000000001
75500,67.60000000000001
75750,38.800000000000004
76000,48.0
76250,51.6
76500,54.800000000000004
76750,71.2
77000,74.0
77250,78.0
77500,75.2
77750,82.39999999999999
78000,65.2
78250,55.2
78500,64.4
78750,81.2
79000,20.8
79250,18.0
79500,37.2
79750,40.8
80000,32.800000000000004
80250,46.400000000000006
80500,23.599999999999998
80750,14.799999999999999
81000,29.599999999999998
81250,34.0
81500,35.6
81750,28.4
82000,53.6
82250,49.6
82500,29.599999999999998
82750,30.4
83000,40.8
83250,34.8
83500,45.6
83750,35.199999999999996
84000,28.799999999999997
84250,28.000000000000004
84500,17.599999999999998
84750,28.799999999999997
85000,38.800000000000004
85250,47.599999999999994
85500,18.8
85750,46.0
86000,61.6
86250,48.0
86500,28.799999999999997
86750,34.0
87000,60.0
87250,52.0
87500,57.599999999999994
87750,25.2
88000,27.200000000000003
88250,24.0
88500,21.6
88750,36.0
89000,30.4
89250,33.2
89500,38.4
89750,32.4
90000,45.2
90250,46.800000000000004
90500,36.8
90750,20.4
91000,19.2
91250,18.4
91500,16.0
91750,17.599999999999998
92000,30.4
92250,24.0
92500,27.6
92750,40.8
93000,20.4
93250,32.0
93500,15.2
93750,61.199999999999996
94000,56.8
94250,42.0
94500,39.2
94750,27.200000000000003
95000,45.2
95250,40.400000000000006
95500,40.8
95750,20.0
96000,23.200000000000003
96250,21.6
96500,21.2
96750,36.0
97000,38.4
97250,41.6
97500,42.0
97750,38.0
98000,36.4
98250,30.0
98500,36.8
98750,36.8
99000,31.2
99250,26.8
99500,21.6
99750,38.4
100000,46.400000000000006
100250,32.0
100500,34.4
100750,47.199999999999996
101000,28.000000000000004
101250,25.2
101500,32.0
101750,31.6
102000,34.8
102250,31.6
102500,30.4
102750,48.0
103000,49.2
103250,24.0
103500,40.0
103750,31.2
104000,18.4
104250,21.6
104500,16.400000000000002
104750,34.4
105000,34.4
105250,10.0
105500,26.0
105750,36.4
106000,29.2
106250,17.2
106500,43.6
106750,48.8
107000,39.6
107250,48.0
107500,47.599999999999994
107750,53.6
108000,31.6
108250,25.2
108500,48.4
108750,80.4
109000,67.60000000000001
109250,59.599999999999994
109500,24.0
109750,28.000000000000004
110000,32.800000000000004
110250,54.800000000000004
110500,60.0
110750,68.0
111000,59.199999999999996
111250,50.4
111500,60.8
111750,83.6
112000,58.8
112250,50.8
112500,76.0
112750,45.2
113000,63.6
113250,51.6
113500,41.199999999999996
113750,57.99999999999999
114000,49.6
114250,34.8
114500,38.0
114750,48.4
115000,26.400000000000002
115250,35.6
115500,33.6
115750,39.6
116000,31.2
116250,18.8
116500,21.2
116750,29.2
117000,25.6
117250,70.8
117500,90.0
117750,59.599999999999994
118000,40.8
118250,46.400000000000006
118500,83.2
118750,82.8
119000,67.2
119250,52.400000000000006
119500,37.2
119750,35.199999999999996
120000,29.2
120250,31.6
120500,54.400000000000006
120750,41.6
121000,45.6
121250,62.8
121500,44.0
121750,56.8
122000,65.60000000000001
122250,32.0
122500,26.8
122750,12.0
123000,8.4
123250,20.4
123500,39.6
123750,22.0
124000,30.8
124250,50.0
124500,61.199999999999996
124750,86.4
125000,42.8
125250,24.0
125500,16.8
125750,19.2
126000,21.6
126250,36.0
126500,40.8
126750,22.0
127000,13.200000000000001
127250,35.199999999999996
127500,33.2
127750,35.199999999999996
128000,21.6
128250,26.8
128500,72.0
128750,36.0
129000,47.599999999999994
129250,72.39999999999999
129500,7.6
129750,17.599999999999998
130000,16.0
130250,51.2
130500,12.4
130750,40.8
131000,17.599999999999998
131250,7.199999999999999
131500,53.2
131750,39.2
132000,38.4
132250,14.399999999999999
132500,7.199999999999999
132750,20.0
133000,5.6000000000000005
133250,28.799999999999997
133500,83.2
133750,83.6
