250,41.199999999999996
500,88.4
750,100.0
1000,80.4
1250,100.0
1500,91.60000000000001
1750,18.0
2000,43.6
2250,92.80000000000001
2500,48.4
2750,44.4
3000,34.8
3250,64.0
3500,53.2
3750,52.0
4000,16.0
4250,4.0
4500,46.400000000000006
4750,75.6
5000,93.60000000000001
5250,71.6
5500,49.2
5750,54.400000000000006
6000,72.8
6250,41.6
6500,31.2
6750,83.2
7000,31.6
7250,34.4
7500,59.199999999999996
7750,28.4
8000,67.2
8250,84.0
8500,76.0
8750,98.4
9000,92.80000000000001
9250,68.8
9500,57.199999999999996
9750,84.0
10000,59.599999999999994
10250,33.2
10500,59.599999999999994
10750,74.4
11000,74.8
11250,72.39999999999999
11500,85.6
11750,81.2
12000,90.0
12250,68.0
12500,60.0
12750,93.60000000000001
13000,89.60000000000001
13250,97.2
13500,84.39999999999999
13750,87.2
14000,98.4
14250,98.4
14500,92.0
14750,99.2
15000,95.19999999999999
15250,98.4
15500,73.6
15750,84.39999999999999
16000,84.0
16250,83.6
16500,92.0
16750,98.4
17000,81.2
17250,68.8
17500,95.6
17750,96.8
18000,86.8
18250,75.2
18500,98.0
18750,95.6
19000,76.8
19250,76.8
19500,77.60000000000001
19750,54.0
20000,91.60000000000001
20250,81.6
20500,82.0
20750,96.0
21000,99.2
21250,98.4
21500,98.4
21750,100.0
22000,94.39999999999999
22250,96.0
22500,92.80000000000001
22750,78.0
23000,83.2
23250,96.8
23500,78.4
23750,83.2
24000,94.39999999999999
24250,98.4
24500,84.8
24750,88.0
25000,92.4
25250,73.6
25500,27.200000000000003
25750,84.8
26000,57.599999999999994
26250,80.4
26500,97.2
26750,96.39999999999999
27000,88.4
27250,95.19999999999999
27500,63.2
27750,94.39999999999999
28000,96.0
28250,98.4
28500,97.6
28750,97.6
29000,84.0
29250,83.2
29500,70.0
29750,80.0
30000,84.0
30250,69.19999999999999
30500,86.8
30750,90.4
31000,76.8
31250,95.6
31500,85.2
31750,97.6
32000,86.0
32250,98.8
32500,71.2
32750,77.2
33000,94.8
33250,100.0
33500,90.8
33750,66.8
34000,92.80000000000001
34250,92.80000000000001
34500,99.2
34750,95.6
35000,93.60000000000001
35250,83.2
35500,90.0
35750,88.8
36000,90.0
36250,100.0
36500,99.2
36750,100.0
37000,100.0
37250,98.4
37500,100.0
37750,90.4
38000,92.80000000000001
38250,98.0
38500,97.2
38750,71.6
39000,87.2
39250,66.8
39500,94.39999999999999
39750,96.0
40000,92.80000000000001
40250,88.8
40500,86.4
40750,96.0
41000,49.6
41250,88.0
41500,80.80000000000001
41750,97.6
42000,97.6
42250,99.2
42500,99.2
42750,99.2
43000,97.6
43250,97.6
43500,95.19999999999999
43750,96.8
44000,71.2
44250,72.0
44500,99.2
44750,89.60000000000001
45000,92.0
45250,76.8
45500,97.6
45750,100.0
46000,98.4
46250,61.199999999999996
46500,66.0
46750,85.6
47000,81.6
47250,91.2
47500,98.4
47750,98.4
48000,100.0
48250,99.2
48500,100.0
48750,100.0
49000,99.2
49250,99.2
49500,98.4
49750,99.2
50000,100.0
50250,100.0
50500,77.2
50750,91.2
51000,95.19999999999999
51250,100.0
51500,99.2
51750,99.2
52000,99.2
52250,98.4
52500,100.0
52750,100.0
53000,99.2
53250,100.0
53500,100.0
53750,100.0
54000,98.4
54250,100.0
54500,96.0
54750,99.6
55000,100.0
55250,90.4
55500,85.2
55750,91.2
56000,99.2
56250,100.0
56500,99.2
56750,100.0
57000,100.0
57250,100.0
57500,100.0
57750,100.0
58000,98.0
58250,100.0
58500,100.0
58750,97.6
59000,100.0
59250,100.0
59500,100.0
59750,100.0
60000,96.8
60250,100.0
60500,100.0
60750,100.0
61000,100.0
61250,98.0
61500,92.4
61750,67.2
62000,74.8
62250,84.0
62500,97.6
62750,100.0
63000,95.19999999999999
63250,92.80000000000001
63500,88.4
63750,86.0
64000,100.0
64250,100.0
64500,100.0
64750,100.0
65000,99.2
65250,100.0
65500,100.0
65750,100.0
66000,100.0
66250,100.0
66500,100.0
66750,100.0
67000,100.0
67250,100.0
67500,100.0
67750,99.2
68000,100.0
68250,100.0
68500,100.0
68750,100.0
69000,100.0
69250,100.0
69500,100.0
69750,95.19999999999999
70000,96.0
70250,99.2
70500,86.4
70750,95.19999999999999
71000,96.0
71250,100.0
71500,98.0
71750,100.0
72000,100.0
72250,95.19999999999999
72500,100.0
72750,96.8
73000,98.4
73250,100.0
73500,100.0
73750,100.0
74000,100.0
74250,100.0
74500,100.0
74750,100.0
75000,99.2
75250,100.0
75500,79.60000000000001
75750,78.0
76000,82.39999999999999
76250,100.0
76500,82.39999999999999
76750,99.2
77000,98.8
77250,100.0
77500,100.0
77750,100.0
78000,92.0
78250,98.4
78500,100.0
78750,100.0
79000,82.8
79250,76.8
79500,66.0
79750,71.6
80000,56.39999999999999
80250,86.4
80500,66.4
80750,70.0
81000,92.80000000000001
81250,82.39999999999999
81500,84.0
81750,83.2
82000,96.8
82250,97.6
82500,93.60000000000001
82750,92.80000000000001
83000,94.39999999999999
83250,76.0
83500,92.80000000000001
83750,73.6
84000,93.60000000000001
84250,90.0
84500,78.8
84750,96.0
85000,100.0
85250,92.80000000000001
85500,88.8
85750,94.0
86000,92.80000000000001
86250,96.8
86500,92.80000000000001
86750,98.4
87000,98.4
87250,96.8
87500,97.6
87750,94.39999999999999
88000,96.8
88250,88.8
88500,80.0
88750,81.6
89000,94.0
89250,87.2
89500,97.6
89750,92.80000000000001
90000,94.0
90250,85.6
90500,73.2
90750,64.4
91000,64.4
91250,76.4
91500,60.0
91750,82.0
92000,92.80000000000001
92250,84.0
92500,91.60000000000001
92750,97.6
93000,94.0
93250,79.2
93500,79.2
93750,100.0
94000,90.0
94250,80.80000000000001
94500,82.39999999999999
94750,95.19999999999999
95000,89.60000000000001
95250,96.0
95500,88.0
95750,90.4
96000,94.39999999999999
96250,92.0
96500,96.0
96750,91.2
97000,73.2
97250,90.0
97500,96.8
97750,99.2
98000,82.39999999999999
98250,84.8
98500,85.6
98750,84.0
99000,88.0
99250,96.8
99500,96.8
99750,90.4
100000,99.2
100250,97.6
100500,88.0
100750,100.0
101000,92.0
101250,98.4
101500,97.6
101750,98.4
102000,99.2
102250,97.6
102500,100.0
102750,99.2
103000,100.0
103250,80.4
103500,91.2
103750,90.8
104000,70.39999999999999
104250,90.4
104500,79.60000000000001
104750,80.4
105000,96.8
105250,46.400000000000006
105500,75.6
105750,83.2
106000,96.8
106250,54.800000000000004
106500,76.4
106750,84.8
107000,70.39999999999999
107250,93.60000000000001
107500,96.0
107750,92.0
108000,72.8
108250,82.8
108500,84.0
108750,81.2
109000,90.4
109250,96.0
109500,80.0
109750,99.2
110000,92.80000000000001
110250,97.6
110500,94.39999999999999
110750,94.39999999999999
111000,80.0
111250,82.39999999999999
111500,92.0
111750,96.8
112000,99.2
112250,99.2
112500,97.6
112750,94.39999999999999
113000,95.6
113250,84.0
113500,91.2
113750,90.8
114000,92.0
114250,84.0
114500,91.2
114750,94.8
115000,77.2
115250,94.8
115500,95.19999999999999
115750,79.2
116000,83.2
116250,60.8
116500,79.60000000000001
116750,80.0
117000,92.80000000000001
117250,99.2
117500,100.0
117750,98.4
118000,100.0
118250,96.8
118500,100.0
118750,94.39999999999999
119000,99.6
119250,96.39999999999999
119500,100.0
119750,98.8
120000,89.60000000000001
120250,86.8
120500,90.4
120750,99.2
121000,96.39999999999999
121250,83.6
121500,86.8
121750,94.39999999999999
122000,99.6
122250,57.99999999999999
122500,36.4
122750,53.6
123000,66.4
123250,68.4
123500,93.60000000000001
123750,98.4
124000,99.2
124250,94.0
124500,95.6
124750,100.0
125000,84.8
125250,46.800000000000004
125500,48.4
125750,63.6
126000,71.6
126250,64.0
126500,70.39999999999999
126750,40.0
127000,50.0
127250,74.8
127500,62.0
127750,59.199999999999996
128000,78.4
128250,60.0
128500,80.80000000000001
128750,46.800000000000004
129000,48.0
129250,72.8
129500,11.600000000000001
129750,26.400000000000002
130000,23.200000000000003
130250,56.8
130500,17.2
130750,49.6
131000,24.8
131250,30.0
131500,70.39999999999999
131750,68.8
132000,87.6
132250,48.8
132500,58.8
132750,72.8
133000,61.199999999999996
133250,42.0
133500,92.4
133750,83.6
