250,41.199999999999996
500,88.4
750,100.0
1000,80.4
1250,100.0
1500,91.60000000000001
1750,18.0
2000,43.6
2250,92.80000000000001
2500,48.4
2750,50.4
3000,50.0
3250,66.4
3500,54.800000000000004
3750,52.0
4000,20.0
4250,18.8
4500,53.6
4750,75.6
5000,93.60000000000001
5250,71.6
5500,49.2
5750,54.400000000000006
6000,72.8
6250,41.6
6500,31.2
6750,84.8
7000,31.6
7250,35.199999999999996
7500,64.0
7750,40.8
8000,76.0
8250,85.6
8500,77.2
8750,100.0
9000,96.8
9250,71.2
9500,60.0
9750,85.6
10000,59.599999999999994
10250,65.60000000000001
10500,71.6
10750,78.0
11000,79.60000000000001
11250,73.2
11500,87.2
11750,82.8
12000,93.60000000000001
12250,69.6
12500,61.6
12750,97.6
13000,100.0
13250,99.6
13500,84.39999999999999
13750,88.8
14000,100.0
14250,98.4
14500,92.80000000000001
14750,99.2
15000,96.0
15250,98.4
15500,74.4
15750,84.39999999999999
16000,84.0
16250,83.6
16500,92.0
16750,99.2
17000,82.8
17250,70.0
17500,96.8
17750,98.0
18000,94.8
18250,75.2
18500,99.6
18750,99.2
19000,86.4
19250,88.0
19500,96.8
19750,57.199999999999996
20000,94.0
20250,96.8
20500,83.2
20750,98.4
21000,99.2
21250,98.4
21500,98.4
21750,100.0
22000,94.39999999999999
22250,97.6
22500,93.60000000000001
22750,78.8
23000,84.8
23250,99.2
23500,83.2
23750,86.4
24000,95.19999999999999
24250,98.4
24500,86.4
24750,91.2
25000,97.6
25250,84.39999999999999
25500,32.0
25750,94.39999999999999
26000,58.4
26250,82.8
26500,98.0
26750,98.0
27000,88.4
27250,96.0
27500,68.8
27750,98.4
28000,98.4
28250,98.4
28500,97.6
28750,97.6
29000,100.0
29250,98.4
29500,76.0
29750,88.8
30000,85.6
30250,70.0
30500,94.8
30750,92.0
31000,76.8
31250,95.6
31500,87.6
31750,97.6
32000,86.0
32250,98.8
32500,71.2
32750,77.2
33000,94.8
33250,100.0
33500,97.6
33750,74.0
34000,99.2
34250,100.0
34500,99.2
34750,98.8
35000,95.6
35250,90.4
35500,90.8
35750,95.6
36000,99.2
36250,100.0
36500,99.2
36750,100.0
37000,100.0
37250,98.4
37500,100.0
37750,90.4
38000,94.39999999999999
38250,99.2
38500,99.2
38750,78.4
39000,88.0
39250,67.2
39500,94.39999999999999
39750,96.0
40000,98.4
40250,94.39999999999999
40500,87.2
40750,96.0
41000,49.6
41250,88.0
41500,80.80000000000001
41750,97.6
42000,97.6
42250,99.2
42500,99.2
42750,99.2
43000,98.4
43250,97.6
43500,99.2
43750,97.6
44000,71.2
44250,72.0
44500,100.0
44750,96.8
45000,99.2
45250,82.39999999999999
45500,98.4
45750,100.0
46000,99.2
46250,64.4
46500,66.0
46750,85.6
47000,81.6
47250,92.80000000000001
47500,99.2
47750,99.2
48000,100.0
48250,99.2
48500,100.0
48750,100.0
49000,99.2
49250,100.0
49500,100.0
49750,99.2
50000,100.0
50250,100.0
50500,78.0
50750,91.2
51000,95.19999999999999
51250,100.0
51500,99.2
51750,99.2
52000,99.2
52250,98.4
52500,100.0
52750,100.0
53000,99.2
53250,100.0
53500,100.0
53750,100.0
54000,98.4
54250,100.0
54500,96.8
54750,100.0
55000,100.0
55250,98.8
55500,100.0
55750,98.4
56000,99.2
56250,100.0
56500,99.2
56750,100.0
57000,100.0
57250,100.0
57500,100.0
57750,100.0
58000,100.0
58250,100.0
58500,100.0
58750,97.6
59000,100.0
59250,100.0
59500,100.0
59750,100.0
60000,97.6
60250,100.0
60500,100.0
60750,100.0
61000,100.0
61250,98.0
61500,92.4
61750,67.2
62000,74.8
62250,84.0
62500,98.0
62750,100.0
63000,95.19999999999999
63250,92.80000000000001
63500,90.4
63750,86.8
64000,100.0
64250,100.0
64500,100.0
64750,100.0
65000,99.2
65250,100.0
65500,100.0
65750,100.0
66000,100.0
66250,100.0
66500,100.0
66750,100.0
67000,100.0
67250,100.0
67500,100.0
67750,99.2
68000,100.0
68250,100.0
68500,100.0
68750,100.0
69000,100.0
69250,100.0
69500,100.0
69750,99.2
70000,97.6
70250,100.0
70500,94.39999999999999
70750,100.0
71000,100.0
71250,100.0
71500,99.2
71750,100.0
72000,100.0
72250,95.19999999999999
72500,100.0
72750,99.2
73000,99.2
73250,100.0
73500,100.0
73750,100.0
74000,100.0
74250,100.0
74500,100.0
74750,100.0
75000,99.2
75250,100.0
75500,100.0
75750,96.8
76000,100.0
76250,100.0
76500,93.60000000000001
76750,100.0
77000,98.8
77250,100.0
77500,100.0
77750,100.0
78000,92.0
78250,98.4
78500,100.0
78750,100.0
79000,98.8
79250,88.0
79500,78.0
79750,86.0
80000,59.599999999999994
80250,88.8
80500,68.4
80750,70.0
81000,96.8
81250,87.2
81500,84.0
81750,83.2
82000,96.8
82250,97.6
82500,93.60000000000001
82750,92.80000000000001
83000,94.39999999999999
83250,76.0
83500,92.80000000000001
83750,75.2
84000,93.60000000000001
84250,90.0
84500,78.8
84750,96.0
85000,100.0
85250,98.4
85500,96.8
85750,97.6
86000,100.0
86250,100.0
86500,100.0
86750,98.4
87000,98.4
87250,97.6
87500,100.0
87750,95.19999999999999
88000,97.6
88250,90.0
88500,91.2
88750,88.4
89000,98.4
89250,96.8
89500,99.2
89750,100.0
90000,96.8
90250,87.2
90500,79.60000000000001
90750,72.0
91000,68.4
91250,83.2
91500,62.4
91750,82.0
92000,93.60000000000001
92250,88.0
92500,91.60000000000001
92750,97.6
93000,94.8
93250,79.2
93500,79.2
93750,100.0
94000,90.8
94250,82.39999999999999
94500,83.2
94750,95.19999999999999
95000,95.19999999999999
95250,100.0
95500,91.2
95750,92.0
96000,95.19999999999999
96250,92.0
96500,96.0
96750,91.2
97000,75.2
97250,90.0
97500,96.8
97750,99.2
98000,82.39999999999999
98250,85.2
98500,85.6
98750,84.0
99000,88.0
99250,97.6
99500,96.8
99750,91.2
100000,99.2
100250,97.6
100500,91.2
100750,100.0
101000,92.0
101250,98.4
101500,97.6
101750,98.4
102000,99.2
102250,98.4
102500,100.0
102750,99.2
103000,100.0
103250,90.0
103500,94.39999999999999
103750,90.8
104000,88.0
104250,92.0
104500,80.0
104750,80.80000000000001
105000,96.8
105250,69.6
105500,85.6
105750,96.0
106000,97.6
106250,58.8
106500,78.0
106750,86.4
107000,70.39999999999999
107250,93.60000000000001
107500,96.0
107750,92.0
108000,73.6
108250,83.6
108500,84.8
108750,81.2
109000,90.4
109250,96.0
109500,80.0
109750,99.2
110000,93.60000000000001
110250,98.4
110500,96.0
110750,96.0
111000,80.80000000000001
111250,83.2
111500,92.0
111750,97.6
112000,99.2
112250,99.2
112500,98.4
112750,94.39999999999999
113000,96.0
113250,89.60000000000001
113500,93.2
113750,96.39999999999999
114000,92.80000000000001
114250,91.60000000000001
114500,92.4
114750,95.6
115000,82.8
115250,94.8
115500,95.19999999999999
115750,79.2
116000,87.2
116250,63.6
116500,79.60000000000001
116750,80.4
117000,94.0
117250,99.2
117500,100.0
117750,98.8
118000,100.0
118250,96.8
118500,100.0
118750,96.0
119000,99.6
119250,96.39999999999999
119500,100.0
119750,98.8
120000,89.60000000000001
120250,87.6
120500,91.2
120750,99.2
121000,98.0
121250,83.6
121500,86.8
121750,95.19999999999999
122000,99.6
122250,57.99999999999999
122500,36.4
122750,53.6
123000,66.4
123250,68.4
123500,93.60000000000001
123750,98.4
124000,99.2
124250,96.0
124500,95.6
124750,100.0
125000,87.6
125250,49.6
125500,49.2
125750,64.4
126000,71.6
126250,64.0
126500,73.2
126750,40.0
127000,54.0
127250,76.4
127500,62.8
127750,60.0
128000,80.0
128250,64.0
128500,86.4
128750,52.0
129000,48.0
129250,72.8
129500,20.4
129750,26.400000000000002
130000,24.8
130250,56.8
130500,17.2
130750,51.2
131000,25.6
131250,30.8
131500,70.39999999999999
131750,68.8
132000,87.6
132250,52.0
132500,58.8
132750,72.8
133000,61.199999999999996
133250,55.60000000000001
133500,94.8
133750,84.39999999999999
