250,41.199999999999996
500,88.4
750,100.0
1000,80.4
1250,100.0
1500,91.60000000000001
1750,18.0
2000,43.2
2250,72.8
2500,42.4
2750,11.600000000000001
3000,11.200000000000001
3250,62.8
3500,52.400000000000006
3750,50.4
4000,16.0
4250,4.0
4500,46.400000000000006
4750,74.0
5000,92.80000000000001
5250,71.6
5500,39.6
5750,53.6
6000,70.39999999999999
6250,40.0
6500,29.599999999999998
6750,68.0
7000,14.799999999999999
7250,24.8
7500,44.800000000000004
7750,11.600000000000001
8000,46.800000000000004
8250,58.4
8500,62.8
8750,69.6
9000,75.6
9250,65.60000000000001
9500,55.2
9750,74.0
10000,52.0
10250,31.2
10500,40.8
10750,73.6
11000,70.0
11250,62.8
11500,78.4
11750,76.4
12000,81.2
12250,60.4
12500,48.0
12750,70.8
13000,84.39999999999999
13250,80.4
13500,66.0
13750,61.6
14000,88.0
14250,89.60000000000001
14500,62.0
14750,90.0
15000,81.2
15250,91.2
15500,71.6
15750,55.60000000000001
16000,84.0
16250,82.8
16500,88.8
16750,60.4
17000,57.199999999999996
17250,50.4
17500,83.6
17750,90.8
18000,83.2
18250,73.6
18500,78.8
18750,79.60000000000001
19000,59.599999999999994
19250,53.6
19500,65.60000000000001
19750,43.2
20000,91.2
20250,72.39999999999999
20500,74.0
20750,92.80000000000001
21000,98.4
21250,97.6
21500,91.60000000000001
21750,95.6
22000,87.2
22250,91.2
22500,88.0
22750,74.0
23000,68.8
23250,66.4
23500,73.6
23750,60.0
24000,78.4
24250,93.60000000000001
24500,79.2
24750,79.2
25000,92.4
25250,69.6
25500,25.2
25750,70.0
26000,57.599999999999994
26250,77.2
26500,84.0
26750,88.4
27000,72.8
27250,71.2
27500,55.2
27750,82.39999999999999
28000,92.0
28250,87.2
28500,94.39999999999999
28750,97.6
29000,84.0
29250,65.60000000000001
29500,52.800000000000004
29750,55.2
30000,71.6
30250,52.800000000000004
30500,76.4
30750,72.8
31000,69.6
31250,79.2
31500,81.6
31750,94.0
32000,77.2
32250,90.8
32500,70.39999999999999
32750,76.8
33000,72.8
33250,76.8
33500,87.6
33750,50.8
34000,62.0
34250,76.4
34500,81.6
34750,85.2
35000,85.6
35250,58.8
35500,64.4
35750,57.599999999999994
36000,62.4
36250,68.4
36500,90.0
36750,86.4
37000,65.2
37250,92.0
37500,91.60000000000001
37750,76.8
38000,63.2
38250,76.4
38500,88.0
38750,59.199999999999996
39000,85.6
39250,62.4
39500,93.60000000000001
39750,96.0
40000,73.2
40250,85.2
40500,85.6
40750,96.0
41000,48.8
41250,80.80000000000001
41500,80.0
41750,79.2
42000,70.0
42250,68.4
42500,63.2
42750,76.0
43000,90.4
43250,94.39999999999999
43500,91.2
43750,96.0
44000,64.8
44250,70.39999999999999
44500,95.19999999999999
44750,80.80000000000001
45000,90.4
45250,76.8
45500,97.6
45750,99.2
46000,98.4
46250,56.00000000000001
46500,33.2
46750,83.2
47000,81.6
47250,62.0
47500,80.4
47750,88.8
48000,92.80000000000001
48250,96.0
48500,100.0
48750,98.4
49000,98.4
49250,99.2
49500,97.6
49750,96.8
50000,97.6
50250,96.39999999999999
50500,69.6
50750,82.8
51000,93.60000000000001
51250,100.0
51500,95.19999999999999
51750,98.4
52000,99.2
52250,98.4
52500,99.2
52750,100.0
53000,99.2
53250,100.0
53500,98.4
53750,99.2
54000,95.19999999999999
54250,92.0
54500,80.0
54750,87.6
55000,96.0
55250,76.4
55500,72.39999999999999
55750,91.2
56000,98.4
56250,95.19999999999999
56500,98.4
56750,91.2
57000,100.0
57250,100.0
57500,98.4
57750,100.0
58000,94.0
58250,100.0
58500,100.0
58750,96.8
59000,98.4
59250,95.19999999999999
59500,94.0
59750,84.39999999999999
60000,96.0
60250,99.2
60500,100.0
60750,96.0
61000,100.0
61250,94.8
61500,86.0
61750,60.8
62000,66.0
62250,78.4
62500,87.2
62750,82.39999999999999
63000,81.6
63250,70.8
63500,74.8
63750,68.4
64000,78.8
64250,82.8
64500,90.4
64750,96.8
65000,88.0
65250,95.6
65500,100.0
65750,98.4
66000,100.0
66250,100.0
66500,97.6
66750,98.0
67000,97.6
67250,100.0
67500,100.0
67750,95.19999999999999
68000,95.19999999999999
68250,98.0
68500,88.0
68750,98.4
69000,99.2
69250,89.60000000000001
69500,75.2
69750,92.80000000000001
70000,90.4
70250,97.6
70500,67.2
70750,84.0
71000,80.80000000000001
71250,98.4
71500,94.8
71750,100.0
72000,85.6
72250,95.19999999999999
72500,87.2
72750,93.60000000000001
73000,90.8
73250,99.6
73500,100.0
73750,100.0
74000,96.8
74250,98.4
74500,100.0
74750,100.0
75000,98.4
75250,99.2
75500,79.60000000000001
75750,75.6
76000,76.8
76250,97.6
76500,81.6
76750,98.4
77000,98.4
77250,99.2
77500,96.0
77750,99.2
78000,78.4
78250,88.0
78500,94.39999999999999
78750,100.0
79000,76.4
79250,58.8
79500,56.00000000000001
79750,60.0
80000,51.2
80250,84.8
80500,58.4
80750,64.4
81000,91.2
81250,80.0
81500,83.2
81750,65.60000000000001
82000,79.2
82250,83.2
82500,80.4
82750,86.8
83000,85.2
83250,65.60000000000001
83500,85.2
83750,64.8
84000,68.8
84250,64.4
84500,62.0
84750,84.0
85000,79.2
85250,75.6
85500,58.8
85750,89.2
86000,89.60000000000001
86250,84.8
86500,86.4
86750,96.0
87000,80.80000000000001
87250,82.39999999999999
87500,85.2
87750,81.6
88000,85.2
88250,71.2
88500,57.99999999999999
88750,55.2
89000,57.599999999999994
89250,52.800000000000004
89500,80.80000000000001
89750,77.60000000000001
90000,86.0
90250,78.0
90500,56.8
90750,46.800000000000004
91000,58.4
91250,55.2
91500,46.400000000000006
91750,59.599999999999994
92000,77.2
92250,62.0
92500,78.8
92750,73.2
93000,54.400000000000006
93250,51.2
93500,59.599999999999994
93750,97.6
94000,87.6
94250,76.8
94500,78.4
94750,86.4
95000,77.60000000000001
95250,85.6
95500,75.2
95750,76.8
96000,74.4
96250,82.39999999999999
96500,92.0
96750,85.2
97000,66.8
97250,87.6
97500,85.2
97750,94.39999999999999
98000,65.60000000000001
98250,68.8
98500,76.0
98750,70.8
99000,62.0
99250,69.19999999999999
99500,70.39999999999999
99750,69.6
100000,76.4
100250,70.8
100500,72.8
100750,91.2
101000,79.60000000000001
101250,74.4
101500,84.39999999999999
101750,87.2
102000,79.2
102250,74.0
102500,80.80000000000001
102750,88.8
103000,97.6
103250,73.2
103500,76.4
103750,72.39999999999999
104000,53.6
104250,54.400000000000006
104500,61.6
104750,59.599999999999994
105000,74.4
105250,33.6
105500,52.400000000000006
105750,51.2
106000,65.2
106250,34.8
106500,69.19999999999999
106750,75.2
107000,59.199999999999996
107250,91.2
107500,95.19999999999999
107750,92.0
108000,70.39999999999999
108250,76.0
108500,81.6
108750,80.4
109000,80.0
109250,86.4
109500,57.99999999999999
109750,80.80000000000001
110000,75.6
110250,66.4
110500,77.60000000000001
110750,78.4
111000,77.60000000000001
111250,77.60000000000001
111500,89.60000000000001
111750,95.19999999999999
112000,97.6
112250,96.8
112500,96.8
112750,84.8
113000,91.60000000000001
113250,76.8
113500,85.6
113750,86.8
114000,81.6
114250,65.2
114500,83.2
114750,91.2
115000,71.6
115250,94.8
115500,90.0
115750,78.0
116000,71.2
116250,52.800000000000004
116500,66.8
116750,77.2
117000,72.0
117250,89.60000000000001
117500,96.39999999999999
117750,78.0
118000,81.6
118250,79.2
118500,96.8
118750,88.0
119000,90.0
119250,86.8
119500,85.2
119750,89.2
120000,81.2
120250,85.2
120500,88.4
120750,88.4
121000,76.4
121250,72.39999999999999
121500,70.8
121750,72.0
122000,97.2
122250,57.199999999999996
122500,36.4
122750,23.200000000000003
123000,40.8
123250,64.4
123500,79.2
123750,74.0
124000,82.8
124250,84.39999999999999
124500,90.4
124750,98.4
125000,70.39999999999999
125250,29.2
125500,34.0
125750,45.2
126000,68.0
126250,61.199999999999996
126500,68.8
126750,38.4
127000,35.6
127250,68.4
127500,60.4
127750,53.6
128000,51.2
128250,48.8
128500,77.2
128750,36.4
129000,47.599999999999994
129250,72.8
129500,7.6
129750,23.200000000000003
130000,19.2
130250,54.400000000000006
130500,16.400000000000002
130750,46.400000000000006
131000,21.6
131250,29.2
131500,69.6
131750,66.8
132000,81.2
132250,44.800000000000004
132500,29.599999999999998
132750,59.199999999999996
133000,41.199999999999996
133250,39.2
133500,87.6
133750,83.6
