250,41.199999999999996
500,88.4
750,100.0
1000,80.4
1250,100.0
1500,91.60000000000001
1750,18.0
2000,36.4
2250,20.8
2500,36.0
2750,4.3999999999999995
3000,9.6
3250,60.4
3500,51.6
3750,50.4
4000,16.0
4250,3.2
4500,39.2
4750,42.4
5000,43.6
5250,49.6
5500,37.6
5750,42.8
6000,45.2
6250,31.6
6500,24.0
6750,52.800000000000004
7000,10.0
7250,22.400000000000002
7500,26.400000000000002
7750,8.4
8000,16.400000000000002
8250,30.8
8500,39.2
8750,54.400000000000006
9000,63.2
9250,48.0
9500,36.4
9750,40.400000000000006
10000,25.6
10250,18.0
10500,27.200000000000003
10750,65.60000000000001
11000,57.99999999999999
11250,47.599999999999994
11500,52.800000000000004
11750,58.8
12000,57.199999999999996
12250,44.4
12500,40.8
12750,29.599999999999998
13000,57.99999999999999
13250,57.99999999999999
13500,58.8
13750,45.6
14000,73.6
14250,71.2
14500,52.400000000000006
14750,70.0
15000,72.0
15250,64.8
15500,48.4
15750,36.8
16000,61.199999999999996
16250,79.60000000000001
16500,85.6
16750,29.599999999999998
17000,36.8
17250,41.6
17500,70.8
17750,79.2
18000,73.2
18250,69.19999999999999
18500,44.4
18750,57.599999999999994
19000,40.400000000000006
19250,40.400000000000006
19500,44.0
19750,30.4
20000,67.2
20250,54.800000000000004
20500,41.6
20750,67.60000000000001
21000,80.4
21250,64.4
21500,70.8
21750,74.0
22000,63.6
22250,54.800000000000004
22500,57.599999999999994
22750,49.2
23000,44.4
23250,38.4
23500,44.800000000000004
23750,59.199999999999996
24000,56.00000000000001
24250,84.8
24500,69.6
24750,65.2
25000,78.0
25250,59.199999999999996
25500,19.6
25750,50.4
26000,49.6
26250,52.800000000000004
26500,67.2
26750,86.0
27000,68.8
27250,64.0
27500,48.8
27750,75.2
28000,76.0
28250,75.6
28500,90.4
28750,83.2
29000,78.0
29250,62.0
29500,37.2
29750,47.599999999999994
30000,48.4
30250,40.0
30500,58.4
30750,42.8
31000,57.599999999999994
31250,51.6
31500,62.8
31750,64.8
32000,47.199999999999996
32250,52.400000000000006
32500,40.400000000000006
32750,38.4
33000,44.4
33250,57.99999999999999
33500,57.199999999999996
33750,31.6
34000,44.4
34250,47.599999999999994
34500,76.0
34750,68.8
35000,44.800000000000004
35250,44.4
35500,46.0
35750,42.0
36000,44.0
36250,48.8
36500,60.4
36750,67.60000000000001
37000,51.2
37250,73.6
37500,52.400000000000006
37750,64.4
38000,26.8
38250,39.6
38500,42.0
38750,39.6
39000,46.400000000000006
39250,44.0
39500,80.0
39750,78.8
40000,65.60000000000001
40250,61.199999999999996
40500,54.800000000000004
40750,76.8
41000,26.8
41250,61.6
41500,80.0
41750,76.8
42000,62.0
42250,34.0
42500,33.2
42750,60.0
43000,78.4
43250,88.8
43500,90.4
43750,93.60000000000001
44000,58.4
44250,65.60000000000001
44500,80.0
44750,64.4
45000,70.39999999999999
45250,67.2
45500,82.0
45750,85.6
46000,88.4
46250,51.2
46500,17.599999999999998
46750,70.0
47000,74.4
47250,43.2
47500,63.2
47750,59.199999999999996
48000,84.0
48250,96.0
48500,99.2
48750,97.6
49000,97.6
49250,99.2
49500,88.8
49750,94.39999999999999
50000,96.0
50250,84.8
50500,50.8
50750,24.8
51000,57.199999999999996
51250,79.60000000000001
51500,69.19999999999999
51750,86.0
52000,96.8
52250,94.39999999999999
52500,95.19999999999999
52750,98.4
53000,97.6
53250,98.4
53500,97.6
53750,99.2
54000,77.2
54250,56.39999999999999
54500,67.60000000000001
54750,73.6
55000,86.4
55250,71.6
55500,70.0
55750,83.2
56000,75.2
56250,73.2
56500,76.4
56750,71.2
57000,96.8
57250,97.6
57500,90.4
57750,71.6
58000,58.4
58250,70.8
58500,86.0
58750,60.8
59000,80.0
59250,81.6
59500,85.2
59750,46.800000000000004
60000,53.6
60250,75.6
60500,88.4
60750,68.4
61000,70.0
61250,73.6
61500,59.199999999999996
61750,28.000000000000004
62000,49.6
62250,28.799999999999997
62500,39.2
62750,67.60000000000001
63000,68.4
63250,51.6
63500,53.2
63750,50.0
64000,42.8
64250,59.199999999999996
64500,87.6
64750,94.39999999999999
65000,74.0
65250,74.0
65500,86.4
65750,78.0
66000,95.19999999999999
66250,93.2
66500,92.0
66750,51.6
67000,70.8
67250,89.2
67500,75.6
67750,75.2
68000,72.8
68250,58.8
68500,60.8
68750,84.0
69000,70.39999999999999
69250,69.19999999999999
69500,62.4
69750,82.39999999999999
70000,84.0
70250,95.19999999999999
70500,58.4
70750,69.19999999999999
71000,57.99999999999999
71250,62.8
71500,80.0
71750,98.4
72000,76.4
72250,91.2
72500,84.8
72750,71.2
73000,57.199999999999996
73250,86.0
73500,96.0
73750,94.39999999999999
74000,92.0
74250,90.4
74500,99.2
74750,98.8
75000,94.8
75250,96.0
75500,72.39999999999999
75750,57.99999999999999
76000,57.599999999999994
76250,81.2
76500,58.8
76750,75.2
77000,82.8
77250,84.0
77500,76.8
77750,88.4
78000,76.0
78250,68.8
78500,84.0
78750,94.0
79000,35.199999999999996
79250,36.4
79500,47.199999999999996
79750,42.4
80000,39.2
80250,66.0
80500,37.6
80750,38.0
81000,56.8
81250,57.199999999999996
81500,54.0
81750,44.4
82000,72.0
82250,68.8
82500,40.0
82750,52.0
83000,62.8
83250,51.2
83500,62.4
83750,50.4
84000,47.199999999999996
84250,41.199999999999996
84500,32.800000000000004
84750,55.2
85000,54.400000000000006
85250,58.4
85500,34.4
85750,70.0
86000,74.8
86250,67.60000000000001
86500,48.8
86750,68.0
87000,71.6
87250,62.4
87500,70.8
87750,46.800000000000004
88000,52.800000000000004
88250,37.6
88500,33.6
88750,42.4
89000,37.6
89250,40.8
89500,55.60000000000001
89750,48.8
90000,57.99999999999999
90250,60.8
90500,39.2
90750,24.8
91000,36.8
91250,30.0
91500,24.8
91750,26.8
92000,45.2
92250,30.8
92500,52.800000000000004
92750,50.8
93000,27.6
93250,33.6
93500,30.0
93750,86.8
94000,70.0
94250,63.2
94500,66.0
94750,59.199999999999996
95000,62.8
95250,63.2
95500,57.99999999999999
95750,34.4
96000,46.400000000000006
96250,32.800000000000004
96500,50.4
96750,48.0
97000,48.8
97250,66.8
97500,52.0
97750,59.599999999999994
98000,49.6
98250,50.0
98500,52.800000000000004
98750,46.800000000000004
99000,42.4
99250,43.2
99500,36.4
99750,51.6
100000,57.199999999999996
100250,52.0
100500,48.8
100750,61.199999999999996
101000,40.0
101250,38.800000000000004
101500,45.2
101750,52.0
102000,57.199999999999996
102250,49.2
102500,45.2
102750,70.8
103000,66.8
103250,39.6
103500,56.00000000000001
103750,44.800000000000004
104000,28.799999999999997
104250,38.4
104500,30.4
104750,40.8
105000,48.8
105250,12.8
105500,33.2
105750,38.800000000000004
106000,44.0
106250,23.599999999999998
106500,50.4
106750,60.8
107000,41.6
107250,70.0
107500,80.4
107750,69.6
108000,52.400000000000006
108250,49.6
108500,69.19999999999999
108750,80.4
109000,67.60000000000001
109250,65.2
109500,30.4
109750,54.400000000000006
110000,55.2
110250,56.8
110500,66.4
110750,70.39999999999999
111000,66.4
111250,72.8
111500,86.4
111750,90.4
112000,77.60000000000001
112250,74.4
112500,91.2
112750,66.4
113000,79.60000000000001
113250,64.4
113500,60.4
113750,78.0
114000,73.2
114250,48.4
114500,57.99999999999999
114750,71.2
115000,45.2
115250,72.0
115500,43.6
115750,51.6
116000,50.8
116250,31.2
116500,47.199999999999996
116750,45.6
117000,42.8
117250,84.0
117500,94.0
117750,66.0
118000,67.2
118250,74.4
118500,94.39999999999999
118750,86.0
119000,86.4
119250,68.0
119500,59.599999999999994
119750,57.99999999999999
120000,53.6
120250,67.2
120500,74.8
120750,69.6
121000,57.599999999999994
121250,68.4
121500,59.199999999999996
121750,66.4
122000,93.2
122250,54.0
122500,35.6
122750,21.6
123000,26.400000000000002
123250,22.0
123500,48.4
123750,29.2
124000,59.199999999999996
124250,83.6
124500,82.0
124750,94.39999999999999
125000,65.60000000000001
125250,25.6
125500,22.400000000000002
125750,37.2
126000,41.199999999999996
126250,50.0
126500,53.2
126750,29.2
127000,28.4
127250,54.0
127500,49.6
127750,46.0
128000,32.800000000000004
128250,40.8
128500,73.2
128750,36.4
129000,47.599999999999994
129250,72.39999999999999
129500,7.6
129750,20.0
130000,19.2
130250,52.0
130500,13.200000000000001
130750,45.6
131000,21.6
131250,21.6
131500,66.4
131750,57.199999999999996
132000,54.400000000000006
132250,30.8
132500,21.6
132750,32.0
133000,14.000000000000002
133250,30.4
133500,83.2
133750,83.6
