100,74.90223588763844,25.097764112361563,41.873968235896854
200,55.261351085107016,44.738648914892984,38.96917109190121
300,41.396758112182454,58.603241887817546,31.26072424757459
400,30.4718051285113,69.52819487148871,22.61057664939944
500,24.037284695065527,75.96271530493448,17.41495824150802
600,19.108779366548255,80.89122063345174,13.111434589205409
700,16.22958894295352,83.77041105704647,10.704323853979458
800,14.385504044896862,85.61449595510314,9.255991347412762
900,13.199647750679125,86.80035224932088,8.245980694321332
1000,12.380220305083734,87.61977969491626,7.579959176703071
