250,41.199999999999996
500,88.4
750,100.0
1000,80.4
1250,100.0
1500,91.60000000000001
1750,18.0
2000,41.6
2250,41.6
2500,40.400000000000006
2750,10.8
3000,9.6
3250,60.8
3500,52.400000000000006
3750,50.4
4000,16.0
4250,4.0
4500,44.0
4750,60.0
5000,76.8
5250,69.6
5500,38.0
5750,52.0
6000,63.2
6250,38.0
6500,24.4
6750,64.8
7000,12.4
7250,24.0
7500,41.6
7750,10.0
8000,26.0
8250,50.4
8500,46.400000000000006
8750,55.2
9000,71.6
9250,65.60000000000001
9500,54.800000000000004
9750,48.0
10000,42.4
10250,28.000000000000004
10500,36.0
10750,71.2
11000,62.8
11250,59.599999999999994
11500,76.0
11750,67.60000000000001
12000,68.4
12250,57.99999999999999
12500,43.2
12750,44.0
13000,71.2
13250,73.2
13500,60.4
13750,54.400000000000006
14000,83.2
14250,84.39999999999999
14500,60.0
14750,87.6
15000,80.0
15250,91.2
15500,66.4
15750,50.4
16000,80.0
16250,82.8
16500,88.0
16750,54.0
17000,56.8
17250,42.4
17500,80.4
17750,88.8
18000,81.6
18250,72.8
18500,64.0
18750,71.2
19000,50.8
19250,47.199999999999996
19500,52.0
19750,33.2
20000,76.0
20250,66.0
20500,70.39999999999999
20750,88.4
21000,97.2
21250,91.60000000000001
21500,82.39999999999999
21750,92.4
22000,80.4
22250,81.2
22500,78.4
22750,66.0
23000,53.6
23250,56.8
23500,54.400000000000006
23750,60.0
24000,72.0
24250,92.80000000000001
24500,74.4
24750,78.4
25000,91.60000000000001
25250,69.6
25500,20.4
25750,60.4
26000,52.0
26250,63.6
26500,73.6
26750,86.0
27000,71.2
27250,65.60000000000001
27500,51.2
27750,78.4
28000,86.4
28250,85.6
28500,94.39999999999999
28750,92.80000000000001
29000,81.2
29250,62.8
29500,52.800000000000004
29750,52.800000000000004
30000,65.2
30250,48.0
30500,69.19999999999999
30750,64.8
31000,65.60000000000001
31250,75.6
31500,67.60000000000001
31750,84.39999999999999
32000,60.4
32250,69.6
32500,64.8
32750,50.0
33000,65.2
33250,71.6
33500,69.19999999999999
33750,41.199999999999996
34000,53.6
34250,58.4
34500,80.0
34750,81.2
35000,80.0
35250,57.99999999999999
35500,54.400000000000006
35750,56.00000000000001
36000,54.0
36250,64.0
36500,81.2
36750,82.8
37000,61.6
37250,85.6
37500,85.2
37750,74.4
38000,53.6
38250,55.60000000000001
38500,64.0
38750,47.199999999999996
39000,72.8
39250,56.8
39500,89.60000000000001
39750,83.6
40000,67.2
40250,75.6
40500,85.6
40750,88.8
41000,39.2
41250,74.0
41500,80.0
41750,76.8
42000,66.8
42250,63.6
42500,63.2
42750,75.6
43000,86.4
43250,94.39999999999999
43500,91.2
43750,96.0
44000,64.8
44250,70.39999999999999
44500,95.19999999999999
44750,75.2
45000,83.2
45250,68.8
45500,89.60000000000001
45750,89.60000000000001
46000,95.19999999999999
46250,52.800000000000004
46500,24.8
46750,82.39999999999999
47000,80.80000000000001
47250,52.0
47500,74.4
47750,65.60000000000001
48000,90.4
48250,96.0
48500,100.0
48750,97.6
49000,98.4
49250,99.2
49500,94.39999999999999
49750,94.39999999999999
50000,97.6
50250,86.0
50500,57.99999999999999
50750,36.4
51000,84.39999999999999
51250,100.0
51500,78.8
51750,97.2
52000,98.4
52250,96.8
52500,98.4
52750,98.4
53000,99.2
53250,98.4
53500,98.4
53750,99.2
54000,90.4
54250,85.6
54500,72.39999999999999
54750,81.2
55000,96.0
55250,76.4
55500,72.0
55750,91.2
56000,96.0
56250,89.2
56500,87.6
56750,82.39999999999999
57000,96.8
57250,97.6
57500,91.2
57750,90.4
58000,76.4
58250,86.8
58500,96.0
58750,92.80000000000001
59000,96.0
59250,90.4
59500,92.4
59750,72.0
60000,68.8
60250,94.8
60500,97.6
60750,92.80000000000001
61000,95.19999999999999
61250,88.4
61500,69.19999999999999
61750,47.599999999999994
62000,58.4
62250,50.4
62500,68.8
62750,75.2
63000,80.4
63250,59.599999999999994
63500,67.2
63750,56.8
64000,56.39999999999999
64250,66.8
64500,89.60000000000001
64750,95.19999999999999
65000,82.0
65250,93.2
65500,96.0
65750,90.4
66000,99.2
66250,99.2
66500,97.6
66750,70.39999999999999
67000,92.4
67250,100.0
67500,99.2
67750,93.60000000000001
68000,92.80000000000001
68250,92.4
68500,79.2
68750,98.4
69000,90.4
69250,86.4
69500,72.8
69750,92.0
70000,84.0
70250,96.0
70500,58.4
70750,77.60000000000001
71000,77.60000000000001
71250,98.4
71500,94.8
71750,100.0
72000,84.8
72250,94.39999999999999
72500,87.2
72750,93.60000000000001
73000,76.8
73250,97.2
73500,100.0
73750,100.0
74000,96.8
74250,97.6
74500,100.0
74750,98.8
75000,96.39999999999999
75250,99.2
75500,79.60000000000001
75750,74.0
76000,68.8
76250,96.0
76500,65.60000000000001
76750,88.8
77000,90.4
77250,93.60000000000001
77500,87.2
77750,96.0
78000,78.4
78250,83.2
78500,85.6
78750,99.2
79000,71.2
79250,54.400000000000006
79500,53.6
79750,55.2
80000,50.4
80250,82.0
80500,50.8
80750,48.8
81000,82.8
81250,67.60000000000001
81500,69.19999999999999
81750,57.199999999999996
82000,76.8
82250,80.80000000000001
82500,62.0
82750,67.60000000000001
83000,83.6
83250,65.60000000000001
83500,74.0
83750,64.0
84000,64.4
84250,60.0
84500,50.8
84750,71.2
85000,63.2
85250,62.0
85500,50.0
85750,82.8
86000,83.2
86250,83.2
86500,72.8
86750,91.2
87000,79.2
87250,77.60000000000001
87500,79.60000000000001
87750,65.2
88000,77.60000000000001
88250,64.8
88500,47.199999999999996
88750,53.6
89000,44.800000000000004
89250,48.4
89500,72.0
89750,60.0
90000,71.6
90250,74.0
90500,52.800000000000004
90750,37.2
91000,49.2
91250,44.4
91500,34.0
91750,39.2
92000,59.199999999999996
92250,50.0
92500,65.2
92750,62.0
93000,37.6
93250,44.0
93500,42.0
93750,94.0
94000,79.2
94250,74.4
94500,78.4
94750,84.0
95000,75.2
95250,84.8
95500,70.39999999999999
95750,57.599999999999994
96000,50.4
96250,54.0
96500,80.0
96750,61.199999999999996
97000,57.99999999999999
97250,78.4
97500,69.19999999999999
97750,75.6
98000,59.599999999999994
98250,58.8
98500,62.4
98750,55.60000000000001
99000,53.2
99250,58.4
99500,48.0
99750,61.6
100000,70.0
100250,62.8
100500,67.60000000000001
100750,69.19999999999999
101000,60.4
101250,60.4
101500,59.199999999999996
101750,81.6
102000,72.39999999999999
102250,64.8
102500,64.0
102750,79.2
103000,83.2
103250,58.4
103500,65.2
103750,60.4
104000,39.2
104250,48.8
104500,52.800000000000004
104750,55.2
105000,64.0
105250,26.0
105500,39.6
105750,46.400000000000006
106000,62.8
106250,34.8
106500,66.0
106750,73.6
107000,57.599999999999994
107250,90.4
107500,94.39999999999999
107750,92.0
108000,66.4
108250,61.199999999999996
108500,79.2
108750,80.4
109000,69.6
109250,72.8
109500,50.8
109750,72.39999999999999
110000,68.0
110250,60.0
110500,70.39999999999999
110750,73.6
111000,69.6
111250,77.60000000000001
111500,88.8
111750,95.19999999999999
112000,96.0
112250,96.0
112500,94.39999999999999
112750,79.2
113000,91.60000000000001
113250,75.6
113500,78.8
113750,86.0
114000,79.2
114250,63.2
114500,77.60000000000001
114750,85.2
115000,69.19999999999999
115250,83.6
115500,66.8
115750,56.8
116000,56.8
116250,42.0
116500,50.0
116750,64.4
117000,52.400000000000006
117250,85.6
117500,95.6
117750,75.6
118000,75.2
118250,77.60000000000001
118500,94.39999999999999
118750,86.0
119000,88.4
119250,82.39999999999999
119500,71.6
119750,67.60000000000001
120000,72.8
120250,78.0
120500,85.6
120750,86.0
121000,69.19999999999999
121250,71.6
121500,70.0
121750,70.39999999999999
122000,97.2
122250,57.199999999999996
122500,36.4
122750,22.400000000000002
123000,36.0
123250,51.2
123500,59.599999999999994
123750,56.00000000000001
124000,68.8
124250,84.39999999999999
124500,85.2
124750,98.4
125000,70.39999999999999
125250,29.2
125500,32.4
125750,44.4
126000,61.199999999999996
126250,57.199999999999996
126500,64.4
126750,34.4
127000,35.6
127250,61.6
127500,59.599999999999994
127750,52.0
128000,50.4
128250,45.2
128500,76.8
128750,36.4
129000,47.599999999999994
129250,72.39999999999999
129500,7.6
129750,20.8
130000,19.2
130250,52.800000000000004
130500,13.200000000000001
130750,46.400000000000006
131000,21.6
131250,27.6
131500,67.2
131750,65.2
132000,60.4
132250,40.400000000000006
132500,25.6
132750,50.0
133000,37.2
133250,36.8
133500,86.0
133750,83.6
