250,41.199999999999996
500,88.4
750,100.0
1000,53.6
1250,91.2
1500,89.60000000000001
1750,4.0
2000,23.599999999999998
2250,13.200000000000001
2500,7.199999999999999
2750,20.8
3000,7.199999999999999
3250,21.6
3500,10.0
3750,5.6000000000000005
4000,2.4
4250,0.0
4500,18.0
4750,2.8000000000000003
5000,9.6
5250,7.6
5500,20.0
5750,8.799999999999999
6000,3.2
6250,3.2
6500,2.4
6750,13.200000000000001
7000,2.4
7250,4.0
7500,12.8
7750,1.6
8000,0.0
8250,4.8
8500,13.600000000000001
8750,28.000000000000004
9000,26.400000000000002
9250,10.4
9500,6.800000000000001
9750,1.2
10000,4.0
10250,15.2
10500,13.200000000000001
10750,11.600000000000001
11000,11.200000000000001
11250,5.2
11500,19.2
11750,20.8
12000,37.2
12250,14.000000000000002
12500,1.6
12750,10.4
13000,40.0
13250,14.000000000000002
13500,7.199999999999999
13750,12.0
14000,24.8
14250,20.8
14500,26.0
14750,17.2
15000,24.4
15250,14.000000000000002
15500,11.600000000000001
15750,8.799999999999999
16000,48.8
16250,82.0
16500,84.0
16750,4.3999999999999995
17000,13.600000000000001
17250,12.0
17500,17.599999999999998
17750,30.8
18000,49.6
18250,15.2
18500,14.399999999999999
18750,18.0
19000,14.399999999999999
19250,13.600000000000001
19500,0.0
19750,15.6
20000,24.0
20250,16.8
20500,29.2
20750,22.0
21000,11.200000000000001
21250,18.4
21500,24.0
21750,13.600000000000001
22000,8.0
22250,20.8
22500,8.4
22750,10.4
23000,8.799999999999999
23250,11.200000000000001
23500,26.0
23750,19.6
24000,24.0
24250,25.6
24500,15.2
24750,15.2
25000,24.0
25250,11.200000000000001
25500,7.199999999999999
25750,0.0
26000,3.2
26250,9.6
26500,22.400000000000002
26750,30.0
27000,20.0
27250,18.4
27500,4.0
27750,19.6
28000,24.8
28250,18.8
28500,22.8
28750,12.4
29000,30.4
29250,6.800000000000001
29500,16.8
29750,16.0
30000,0.8
30250,19.2
30500,11.200000000000001
30750,17.599999999999998
31000,19.2
31250,10.4
31500,12.0
31750,9.2
32000,8.799999999999999
32250,19.2
32500,12.4
32750,6.0
33000,6.800000000000001
33250,15.6
33500,13.600000000000001
33750,8.0
34000,10.4
34250,5.6000000000000005
34500,19.2
34750,12.4
35000,17.599999999999998
35250,11.600000000000001
35500,14.799999999999999
35750,9.2
36000,8.0
36250,10.4
36500,20.4
36750,8.0
37000,11.200000000000001
37250,22.400000000000002
37500,19.6
37750,9.6
38000,0.0
38250,6.4
38500,17.599999999999998
38750,8.4
39000,14.000000000000002
39250,22.8
39500,18.4
39750,12.8
40000,24.8
40250,20.0
40500,4.8
40750,2.8000000000000003
41000,10.0
41250,48.8
41500,92.0
41750,56.39999999999999
42000,19.2
42250,15.2
42500,9.2
42750,16.8
43000,18.0
43250,28.4
43500,17.599999999999998
43750,46.800000000000004
44000,18.0
44250,34.4
44500,17.599999999999998
44750,12.0
45000,16.8
45250,8.0
45500,20.8
45750,12.0
46000,24.0
46250,3.2
46500,16.0
46750,17.599999999999998
47000,20.0
47250,3.2
47500,0.8
47750,25.2
48000,23.200000000000003
48250,63.6
48500,73.6
48750,64.0
49000,71.2
49250,72.8
49500,51.2
49750,48.4
50000,71.2
50250,52.0
50500,6.0
50750,11.600000000000001
51000,7.6
51250,64.4
51500,32.0
51750,34.0
52000,74.4
52250,44.0
52500,53.2
52750,59.199999999999996
53000,64.8
53250,52.0
53500,50.0
53750,60.0
54000,22.0
54250,34.0
54500,8.799999999999999
54750,13.200000000000001
55000,30.8
55250,30.8
55500,64.0
55750,72.8
56000,21.2
56250,32.0
56500,17.2
56750,32.800000000000004
57000,55.60000000000001
57250,51.6
57500,28.000000000000004
57750,20.4
58000,20.8
58250,75.2
58500,87.6
58750,15.2
59000,21.2
59250,22.0
59500,32.0
59750,13.200000000000001
60000,18.4
60250,72.39999999999999
60500,92.4
60750,8.799999999999999
61000,15.2
61250,28.000000000000004
61500,9.6
61750,12.0
62000,6.4
62250,2.4
62500,14.399999999999999
62750,56.39999999999999
63000,44.4
63250,25.6
63500,18.0
63750,23.599999999999998
64000,9.2
64250,30.8
64500,57.599999999999994
64750,49.6
65000,28.799999999999997
65250,72.39999999999999
65500,99.2
65750,21.6
66000,17.599999999999998
66250,20.0
66500,40.8
66750,20.4
67000,72.0
67250,95.19999999999999
67500,20.0
67750,26.0
68000,28.4
68250,19.2
68500,45.6
68750,85.6
69000,29.599999999999998
69250,20.8
69500,14.399999999999999
69750,13.600000000000001
70000,16.400000000000002
70250,32.0
70500,6.4
70750,8.0
71000,8.0
71250,8.799999999999999
71500,50.4
71750,67.60000000000001
72000,10.4
72250,25.6
72500,42.4
72750,14.000000000000002
73000,20.0
73250,14.399999999999999
73500,40.0
73750,68.8
74000,61.199999999999996
74250,30.8
74500,42.0
74750,66.8
75000,58.4
75250,27.6
75500,19.6
75750,10.8
76000,15.2
76250,3.2
76500,0.4
76750,36.0
77000,20.4
77250,22.400000000000002
77500,17.599999999999998
77750,34.8
78000,49.2
78250,16.0
78500,12.8
78750,34.8
79000,8.4
79250,14.399999999999999
79500,15.2
79750,21.2
80000,16.400000000000002
80250,8.0
80500,6.4
80750,15.6
81000,18.8
81250,12.8
81500,4.0
81750,9.2
82000,24.8
82250,23.599999999999998
82500,11.600000000000001
82750,4.0
83000,14.399999999999999
83250,25.2
83500,20.0
83750,18.4
84000,8.799999999999999
84250,4.8
84500,6.800000000000001
84750,17.599999999999998
85000,6.4
85250,4.3999999999999995
85500,4.8
85750,7.199999999999999
86000,28.799999999999997
86250,16.0
86500,3.2
86750,4.8
87000,21.6
87250,28.799999999999997
87500,17.2
87750,2.4
88000,1.6
88250,5.6000000000000005
88500,1.6
88750,12.8
89000,3.5999999999999996
89250,11.200000000000001
89500,8.799999999999999
89750,17.2
90000,10.0
90250,5.6000000000000005
90500,10.4
90750,6.4
91000,6.800000000000001
91250,13.600000000000001
91500,7.6
91750,5.6000000000000005
92000,14.399999999999999
92250,4.3999999999999995
92500,13.600000000000001
92750,7.199999999999999
93000,11.200000000000001
93250,11.200000000000001
93500,7.199999999999999
93750,28.799999999999997
94000,24.4
94250,12.4
94500,8.0
94750,2.4
95000,11.200000000000001
95250,5.6000000000000005
95500,6.4
95750,9.2
96000,10.8
96250,3.2
96500,16.400000000000002
96750,9.6
97000,19.2
97250,8.799999999999999
97500,6.4
97750,8.0
98000,7.199999999999999
98250,10.8
98500,2.0
98750,6.0
99000,4.0
99250,6.4
99500,1.6
99750,12.4
100000,12.0
100250,9.2
100500,7.6
100750,11.200000000000001
101000,3.2
101250,6.0
101500,6.0
101750,26.400000000000002
102000,2.8000000000000003
102250,12.0
102500,6.4
102750,16.0
103000,19.2
103250,17.599999999999998
103500,12.8
103750,6.4
104000,7.199999999999999
104250,4.0
104500,5.2
104750,14.799999999999999
105000,6.4
105250,2.4
105500,6.0
105750,6.0
106000,10.0
106250,6.800000000000001
106500,22.8
106750,24.0
107000,17.599999999999998
107250,20.0
107500,8.799999999999999
107750,11.200000000000001
108000,17.2
108250,9.2
108500,27.200000000000003
108750,86.4
109000,73.2
109250,26.8
109500,3.5999999999999996
109750,17.2
110000,20.8
110250,30.0
110500,12.8
110750,22.400000000000002
111000,13.200000000000001
111250,12.0
111500,34.8
111750,47.599999999999994
112000,36.0
112250,13.600000000000001
112500,30.0
112750,15.6
113000,9.6
113250,16.8
113500,13.200000000000001
113750,29.2
114000,8.799999999999999
114250,17.2
114500,14.399999999999999
114750,20.4
115000,16.8
115250,8.0
115500,13.600000000000001
115750,17.599999999999998
116000,7.6
116250,20.0
116500,20.4
116750,18.4
117000,14.799999999999999
117250,61.199999999999996
117500,38.0
117750,26.8
118000,15.2
118250,9.6
118500,50.4
118750,56.39999999999999
119000,18.0
119250,19.6
119500,17.599999999999998
119750,14.399999999999999
120000,18.0
120250,9.6
120500,19.2
120750,4.3999999999999995
121000,59.199999999999996
121250,37.6
121500,1.2
121750,18.4
122000,26.0
122250,22.400000000000002
122500,0.8
122750,9.6
123000,11.600000000000001
123250,28.799999999999997
123500,42.4
123750,14.399999999999999
124000,12.0
124250,32.800000000000004
124500,30.0
124750,38.0
125000,12.4
125250,1.6
125500,4.0
125750,3.2
126000,17.599999999999998
126250,21.6
126500,26.8
126750,1.2
127000,3.2
127250,13.200000000000001
127500,6.4
127750,7.199999999999999
128000,4.0
128250,1.6
128500,74.0
128750,38.0
129000,56.00000000000001
129250,72.39999999999999
129500,4.3999999999999995
129750,16.0
130000,21.6
130250,55.2
130500,10.8
130750,23.200000000000003
131000,12.0
131250,1.6
131500,30.8
131750,25.2
132000,18.4
132250,20.0
132500,16.400000000000002
132750,10.8
133000,3.2
133250,23.599999999999998
133500,83.2
133750,84.39999999999999
