250,41.199999999999996
500,88.4
750,100.0
1000,80.4
1250,100.0
1500,91.60000000000001
1750,18.0
2000,43.6
2250,92.80000000000001
2500,48.4
2750,50.4
3000,49.2
3250,66.4
3500,60.0
3750,53.6
4000,31.2
4250,42.4
4500,53.2
4750,76.0
5000,86.0
5250,76.8
5500,50.8
5750,64.8
6000,73.2
6250,38.4
6500,23.200000000000003
6750,72.0
7000,25.2
7250,26.0
7500,61.6
7750,38.0
8000,42.4
8250,46.800000000000004
8500,76.0
8750,86.0
9000,95.19999999999999
9250,66.4
9500,74.4
9750,96.0
10000,64.4
10250,44.800000000000004
10500,64.8
10750,78.8
11000,80.0
11250,74.4
11500,92.80000000000001
11750,95.6
12000,94.8
12250,78.4
12500,87.6
12750,91.2
13000,88.8
13250,98.8
13500,93.2
13750,92.80000000000001
14000,96.8
14250,98.4
14500,96.0
14750,98.4
15000,92.80000000000001
15250,100.0
15500,89.2
15750,95.19999999999999
16000,88.8
16250,92.4
16500,100.0
16750,96.39999999999999
17000,77.60000000000001
17250,74.0
17500,98.4
17750,96.0
18000,91.2
18250,84.8
18500,97.2
18750,96.0
19000,77.60000000000001
19250,75.2
19500,78.4
19750,75.2
20000,96.0
20250,96.0
20500,89.60000000000001
20750,100.0
21000,99.2
21250,98.4
21500,96.8
21750,100.0
22000,94.39999999999999
22250,98.4
22500,91.2
22750,87.2
23000,97.6
23250,86.4
23500,82.39999999999999
23750,81.6
24000,99.2
24250,100.0
24500,86.4
24750,97.6
25000,96.39999999999999
25250,74.4
25500,28.4
25750,78.8
26000,100.0
26250,97.2
26500,92.80000000000001
26750,92.0
27000,90.8
27250,100.0
27500,61.6
27750,95.19999999999999
28000,99.2
28250,94.39999999999999
28500,98.4
28750,100.0
29000,84.0
29250,72.8
29500,75.2
29750,76.8
30000,85.6
30250,81.6
30500,96.0
30750,93.60000000000001
31000,86.4
31250,96.39999999999999
31500,90.8
31750,100.0
32000,86.0
32250,98.8
32500,74.4
32750,98.4
33000,96.8
33250,100.0
33500,98.4
33750,76.4
34000,88.8
34250,99.2
34500,98.4
34750,98.4
35000,94.39999999999999
35250,85.6
35500,92.0
35750,90.0
36000,86.8
36250,100.0
36500,98.4
36750,99.2
37000,81.6
37250,96.0
37500,96.8
37750,90.4
38000,98.4
38250,95.6
38500,97.2
38750,71.6
39000,88.0
39250,81.6
39500,96.0
39750,98.4
40000,74.0
40250,93.2
40500,89.60000000000001
40750,100.0
41000,89.2
41250,88.0
41500,92.4
41750,100.0
42000,100.0
42250,99.2
42500,99.2
42750,99.2
43000,97.6
43250,97.6
43500,99.2
43750,98.4
44000,72.0
44250,100.0
44500,99.2
44750,89.60000000000001
45000,97.6
45250,84.0
45500,98.4
45750,100.0
46000,100.0
46250,60.4
46500,62.8
46750,94.39999999999999
47000,100.0
47250,92.80000000000001
47500,98.4
47750,99.2
48000,100.0
48250,99.2
48500,100.0
48750,100.0
49000,99.2
49250,99.2
49500,98.4
49750,99.2
50000,100.0
50250,100.0
50500,80.0
50750,98.4
51000,100.0
51250,100.0
51500,100.0
51750,99.2
52000,99.2
52250,98.4
52500,100.0
52750,100.0
53000,99.2
53250,100.0
53500,100.0
53750,100.0
54000,98.4
54250,96.8
54500,96.8
54750,99.6
55000,100.0
55250,92.4
55500,90.0
55750,98.4
56000,99.2
56250,100.0
56500,100.0
56750,100.0
57000,100.0
57250,100.0
57500,100.0
57750,100.0
58000,99.2
58250,100.0
58500,100.0
58750,97.6
59000,100.0
59250,100.0
59500,100.0
59750,100.0
60000,96.8
60250,100.0
60500,100.0
60750,100.0
61000,100.0
61250,100.0
61500,94.39999999999999
61750,68.8
62000,88.0
62250,93.60000000000001
62500,99.2
62750,100.0
63000,95.19999999999999
63250,100.0
63500,87.6
63750,98.8
64000,100.0
64250,100.0
64500,100.0
64750,100.0
65000,99.2
65250,100.0
65500,100.0
65750,100.0
66000,100.0
66250,100.0
66500,100.0
66750,100.0
67000,100.0
67250,100.0
67500,100.0
67750,99.2
68000,100.0
68250,100.0
68500,100.0
68750,100.0
69000,100.0
69250,100.0
69500,100.0
69750,95.19999999999999
70000,96.0
70250,100.0
70500,90.4
70750,98.4
71000,100.0
71250,100.0
71500,99.2
71750,100.0
72000,100.0
72250,95.19999999999999
72500,100.0
72750,100.0
73000,98.4
73250,100.0
73500,100.0
73750,100.0
74000,100.0
74250,100.0
74500,100.0
74750,100.0
75000,99.2
75250,100.0
75500,79.60000000000001
75750,90.0
76000,100.0
76250,100.0
76500,82.39999999999999
76750,100.0
77000,98.8
77250,100.0
77500,100.0
77750,100.0
78000,92.0
78250,100.0
78500,100.0
78750,100.0
79000,82.8
79250,86.0
79500,68.8
79750,77.2
80000,87.6
80250,89.2
80500,80.4
80750,92.0
81000,95.19999999999999
81250,94.39999999999999
81500,84.0
81750,96.8
82000,100.0
82250,97.6
82500,94.39999999999999
82750,99.2
83000,95.19999999999999
83250,84.8
83500,96.8
83750,83.2
84000,96.8
84250,92.4
84500,88.4
84750,100.0
85000,100.0
85250,92.80000000000001
85500,88.8
85750,95.19999999999999
86000,96.8
86250,100.0
86500,100.0
86750,99.2
87000,98.4
87250,96.0
87500,97.6
87750,92.80000000000001
88000,98.4
88250,88.0
88500,81.2
88750,91.2
89000,79.2
89250,87.2
89500,97.6
89750,99.2
90000,96.8
90250,87.2
90500,75.6
90750,68.0
91000,98.4
91250,86.4
91500,67.2
91750,97.2
92000,96.8
92250,94.39999999999999
92500,94.39999999999999
92750,100.0
93000,92.80000000000001
93250,74.0
93500,91.60000000000001
93750,99.2
94000,92.80000000000001
94250,80.80000000000001
94500,98.4
94750,99.2
95000,92.0
95250,100.0
95500,90.4
95750,97.6
96000,96.8
96250,92.80000000000001
96500,97.6
96750,94.39999999999999
97000,79.60000000000001
97250,93.2
97500,97.6
97750,100.0
98000,81.6
98250,89.60000000000001
98500,96.8
98750,90.4
99000,96.0
99250,99.2
99500,97.6
99750,95.19999999999999
100000,96.0
100250,97.6
100500,91.2
100750,99.2
101000,96.8
101250,99.2
101500,99.2
101750,98.4
102000,99.2
102250,97.6
102500,100.0
102750,100.0
103000,100.0
103250,80.4
103500,90.4
103750,96.8
104000,82.39999999999999
104250,91.2
104500,76.0
104750,88.4
105000,100.0
105250,50.4
105500,75.6
105750,99.2
106000,97.6
106250,54.400000000000006
106500,80.0
106750,80.80000000000001
107000,84.8
107250,100.0
107500,96.0
107750,94.39999999999999
108000,87.2
108250,100.0
108500,94.8
108750,86.4
109000,100.0
109250,100.0
109500,99.2
109750,99.2
110000,97.6
110250,97.6
110500,90.4
110750,95.19999999999999
111000,84.8
111250,92.0
111500,96.8
111750,99.2
112000,99.2
112250,99.2
112500,98.4
112750,94.39999999999999
113000,97.2
113250,89.60000000000001
113500,92.4
113750,98.4
114000,93.60000000000001
114250,92.0
114500,93.60000000000001
114750,100.0
115000,87.2
115250,99.2
115500,93.60000000000001
115750,79.60000000000001
116000,81.6
116250,83.6
116500,88.4
116750,85.2
117000,97.2
117250,97.6
117500,100.0
117750,97.6
118000,100.0
118250,99.2
118500,100.0
118750,96.0
119000,99.6
119250,96.8
119500,100.0
119750,100.0
120000,92.4
120250,93.2
120500,97.6
120750,100.0
121000,94.8
121250,82.8
121500,86.8
121750,98.0
122000,100.0
122250,57.99999999999999
122500,36.4
122750,40.0
123000,87.2
123250,98.8
123500,93.2
123750,97.6
124000,99.6
124250,95.19999999999999
124500,94.8
124750,100.0
125000,71.2
125250,31.6
125500,40.400000000000006
125750,63.6
126000,64.0
126250,72.8
126500,74.0
126750,40.8
127000,66.0
127250,93.60000000000001
127500,78.4
127750,70.39999999999999
128000,82.39999999999999
128250,54.400000000000006
128500,78.0
128750,38.0
129000,64.0
129250,73.2
129500,11.600000000000001
129750,19.2
130000,25.6
130250,64.8
130500,50.8
130750,61.6
131000,64.0
131250,36.8
131500,76.0
131750,92.0
132000,91.2
132250,56.8
132500,50.4
132750,89.60000000000001
133000,46.800000000000004
133250,57.199999999999996
133500,86.4
133750,85.2
