250,41.199999999999996
500,88.4
750,100.0
1000,80.4
1250,100.0
1500,91.60000000000001
1750,18.0
2000,43.6
2250,92.80000000000001
2500,46.0
2750,45.6
3000,49.2
3250,65.60000000000001
3500,59.199999999999996
3750,52.400000000000006
4000,27.200000000000003
4250,6.4
4500,24.8
4750,64.0
5000,72.39999999999999
5250,75.2
5500,50.8
5750,64.0
6000,54.800000000000004
6250,31.6
6500,20.0
6750,62.8
7000,23.599999999999998
7250,24.4
7500,57.599999999999994
7750,35.199999999999996
8000,34.8
8250,29.599999999999998
8500,66.4
8750,86.0
9000,94.39999999999999
9250,66.4
9500,74.4
9750,95.19999999999999
10000,55.60000000000001
10250,37.6
10500,58.4
10750,70.8
11000,60.8
11250,60.8
11500,92.0
11750,95.6
12000,90.0
12250,73.2
12500,51.6
12750,54.800000000000004
13000,88.8
13250,92.4
13500,81.2
13750,79.2
14000,95.19999999999999
14250,89.2
14500,82.0
14750,96.0
15000,87.2
15250,98.4
15500,75.6
15750,69.6
16000,84.0
16250,92.4
16500,98.4
16750,62.8
17000,60.0
17250,74.0
17500,95.19999999999999
17750,94.39999999999999
18000,91.2
18250,84.8
18500,82.0
18750,85.6
19000,63.6
19250,60.8
19500,69.6
19750,61.6
20000,96.0
20250,81.2
20500,87.6
20750,100.0
21000,99.2
21250,98.4
21500,95.19999999999999
21750,100.0
22000,93.60000000000001
22250,98.4
22500,90.4
22750,75.6
23000,55.60000000000001
23250,72.8
23500,73.6
23750,75.2
24000,92.0
24250,100.0
24500,81.6
24750,97.6
25000,96.39999999999999
25250,74.4
25500,24.4
25750,55.2
26000,96.39999999999999
26250,89.2
26500,85.6
26750,91.60000000000001
27000,88.0
27250,78.4
27500,57.599999999999994
27750,94.39999999999999
28000,96.8
28250,94.39999999999999
28500,98.4
28750,100.0
29000,84.0
29250,72.8
29500,75.2
29750,76.0
30000,85.6
30250,68.8
30500,89.60000000000001
30750,78.4
31000,84.0
31250,96.39999999999999
31500,90.8
31750,100.0
32000,82.0
32250,92.4
32500,73.6
32750,97.6
33000,76.0
33250,100.0
33500,91.2
33750,52.400000000000006
34000,58.4
34250,83.2
34500,92.0
34750,97.6
35000,89.60000000000001
35250,78.4
35500,72.0
35750,70.39999999999999
36000,62.4
36250,99.2
36500,95.6
36750,86.0
37000,78.4
37250,96.0
37500,96.8
37750,78.8
38000,63.2
38250,66.8
38500,86.0
38750,70.39999999999999
39000,72.0
39250,80.80000000000001
39500,96.0
39750,98.4
40000,74.0
40250,92.4
40500,89.60000000000001
40750,100.0
41000,67.60000000000001
41250,88.0
41500,92.4
41750,94.39999999999999
42000,77.60000000000001
42250,81.6
42500,76.0
42750,96.8
43000,96.0
43250,96.8
43500,94.39999999999999
43750,98.4
44000,68.0
44250,100.0
44500,99.2
44750,89.60000000000001
45000,96.8
45250,84.0
45500,98.4
45750,99.2
46000,100.0
46250,55.2
46500,42.4
46750,93.60000000000001
47000,84.8
47250,54.800000000000004
47500,92.80000000000001
47750,90.4
48000,94.39999999999999
48250,96.8
48500,100.0
48750,99.2
49000,99.2
49250,99.2
49500,98.4
49750,96.8
50000,99.2
50250,88.4
50500,78.0
50750,98.4
51000,100.0
51250,100.0
51500,100.0
51750,99.2
52000,99.2
52250,98.4
52500,100.0
52750,100.0
53000,99.2
53250,100.0
53500,100.0
53750,100.0
54000,98.4
54250,96.8
54500,83.2
54750,98.8
55000,100.0
55250,90.0
55500,87.6
55750,98.4
56000,99.2
56250,99.2
56500,98.4
56750,95.19999999999999
57000,100.0
57250,100.0
57500,100.0
57750,100.0
58000,99.2
58250,100.0
58500,100.0
58750,96.8
59000,100.0
59250,97.6
59500,100.0
59750,99.2
60000,96.8
60250,99.2
60500,100.0
60750,100.0
61000,100.0
61250,96.39999999999999
61500,86.0
61750,65.60000000000001
62000,84.8
62250,89.60000000000001
62500,94.0
62750,85.6
63000,91.2
63250,93.60000000000001
63500,84.39999999999999
63750,98.8
64000,93.60000000000001
64250,97.6
64500,93.60000000000001
64750,98.4
65000,98.4
65250,100.0
65500,100.0
65750,100.0
66000,100.0
66250,100.0
66500,99.2
66750,100.0
67000,100.0
67250,100.0
67500,100.0
67750,97.6
68000,96.0
68250,100.0
68500,96.0
68750,100.0
69000,99.2
69250,94.39999999999999
69500,79.2
69750,95.19999999999999
70000,96.0
70250,100.0
70500,68.0
70750,98.4
71000,93.60000000000001
71250,99.2
71500,96.39999999999999
71750,100.0
72000,100.0
72250,95.19999999999999
72500,96.0
72750,100.0
73000,96.0
73250,100.0
73500,100.0
73750,100.0
74000,97.6
74250,99.2
74500,100.0
74750,100.0
75000,98.4
75250,100.0
75500,79.60000000000001
75750,89.2
76000,95.19999999999999
76250,97.6
76500,81.6
76750,100.0
77000,98.4
77250,100.0
77500,98.4
77750,99.2
78000,78.4
78250,96.8
78500,98.4
78750,100.0
79000,79.2
79250,80.4
79500,66.4
79750,74.8
80000,87.6
80250,89.2
80500,76.4
80750,92.0
81000,95.19999999999999
81250,94.39999999999999
81500,84.0
81750,84.0
82000,91.2
82250,96.0
82500,88.8
82750,98.4
83000,90.4
83250,83.2
83500,89.60000000000001
83750,81.6
84000,71.6
84250,78.4
84500,76.4
84750,100.0
85000,76.4
85250,71.6
85500,84.8
85750,93.60000000000001
86000,94.39999999999999
86250,94.39999999999999
86500,100.0
86750,97.6
87000,92.80000000000001
87250,93.60000000000001
87500,92.0
87750,92.0
88000,96.0
88250,74.4
88500,58.4
88750,82.0
89000,63.2
89250,78.4
89500,89.60000000000001
89750,92.80000000000001
90000,96.8
90250,82.0
90500,67.2
90750,60.8
91000,97.6
91250,74.0
91500,50.4
91750,76.4
92000,87.6
92250,75.2
92500,85.2
92750,86.0
93000,63.6
93250,60.0
93500,90.0
93750,99.2
94000,92.0
94250,80.80000000000001
94500,97.6
94750,92.80000000000001
95000,86.4
95250,100.0
95500,79.2
95750,92.0
96000,96.8
96250,92.80000000000001
96500,96.0
96750,94.39999999999999
97000,79.60000000000001
97250,93.2
97500,94.39999999999999
97750,97.6
98000,64.0
98250,88.8
98500,91.2
98750,81.6
99000,76.0
99250,84.0
99500,81.6
99750,76.0
100000,84.0
100250,96.0
100500,88.0
100750,96.8
101000,96.0
101250,79.2
101500,97.6
101750,92.80000000000001
102000,84.8
102250,92.80000000000001
102500,92.80000000000001
102750,100.0
103000,100.0
103250,80.4
103500,90.4
103750,84.8
104000,78.4
104250,60.8
104500,67.2
104750,86.0
105000,90.4
105250,33.6
105500,53.2
105750,86.4
106000,72.39999999999999
106250,53.2
106500,75.2
106750,79.2
107000,78.8
107250,97.6
107500,95.19999999999999
107750,94.39999999999999
108000,85.6
108250,95.19999999999999
108500,94.8
108750,86.4
109000,100.0
109250,96.0
109500,73.2
109750,88.8
110000,89.60000000000001
110250,75.2
110500,84.0
110750,95.19999999999999
111000,84.8
111250,92.0
111500,96.8
111750,99.2
112000,99.2
112250,99.2
112500,98.4
112750,91.2
113000,97.2
113250,86.4
113500,89.2
113750,96.8
114000,86.4
114250,85.6
114500,92.80000000000001
114750,100.0
115000,87.2
115250,99.2
115500,92.0
115750,79.60000000000001
116000,73.6
116250,83.6
116500,81.2
116750,85.2
117000,82.8
117250,97.6
117500,99.6
117750,79.2
118000,86.8
118250,88.8
118500,97.6
118750,94.0
119000,99.6
119250,92.4
119500,86.0
119750,94.39999999999999
120000,88.0
120250,93.2
120500,97.6
120750,99.6
121000,92.80000000000001
121250,78.8
121500,75.6
121750,96.39999999999999
122000,100.0
122250,57.99999999999999
122500,36.4
122750,34.4
123000,78.4
123250,81.6
123500,74.4
123750,82.0
124000,99.6
124250,95.19999999999999
124500,94.0
124750,100.0
125000,71.2
125250,26.400000000000002
125500,29.599999999999998
125750,37.2
126000,44.0
126250,72.0
126500,73.2
126750,34.4
127000,56.39999999999999
127250,89.60000000000001
127500,76.8
127750,69.6
128000,76.0
128250,49.6
128500,75.6
128750,38.0
129000,64.0
129250,73.2
129500,10.0
129750,19.2
130000,25.6
130250,64.4
130500,50.8
130750,60.0
131000,62.4
131250,32.0
131500,75.2
131750,91.2
132000,84.39999999999999
132250,55.2
132500,48.0
132750,72.0
133000,25.2
133250,40.8
133500,86.4
133750,85.2
