250,41.199999999999996
500,88.4
750,100.0
1000,80.4
1250,100.0
1500,91.60000000000001
1750,18.0
2000,43.6
2250,92.80000000000001
2500,48.4
2750,50.4
3000,50.0
3250,66.4
3500,60.0
3750,54.400000000000006
4000,32.800000000000004
4250,49.6
4500,73.6
4750,87.6
5000,93.60000000000001
5250,76.8
5500,50.8
5750,64.8
6000,73.2
6250,49.6
6500,31.2
6750,76.8
7000,25.2
7250,34.8
7500,75.2
7750,40.8
8000,64.0
8250,60.4
8500,85.2
8750,88.8
9000,95.19999999999999
9250,67.2
9500,74.4
9750,96.0
10000,100.0
10250,77.2
10500,65.60000000000001
10750,78.8
11000,83.2
11250,84.0
11500,93.60000000000001
11750,95.6
12000,94.8
12250,78.4
12500,88.4
12750,96.8
13000,93.60000000000001
13250,99.6
13500,93.2
13750,93.60000000000001
14000,100.0
14250,99.2
14500,96.0
14750,100.0
15000,96.0
15250,100.0
15500,89.2
15750,95.19999999999999
16000,88.8
16250,92.4
16500,100.0
16750,99.2
17000,82.8
17250,74.0
17500,99.2
17750,98.0
18000,95.6
18250,84.8
18500,99.6
18750,99.2
19000,86.4
19250,80.80000000000001
19500,79.2
19750,76.0
20000,96.0
20250,96.0
20500,89.60000000000001
20750,100.0
21000,99.2
21250,98.4
21500,98.4
21750,100.0
22000,94.39999999999999
22250,98.4
22500,94.39999999999999
22750,87.2
23000,100.0
23250,99.2
23500,84.8
23750,94.39999999999999
24000,100.0
24250,100.0
24500,86.4
24750,98.4
25000,99.2
25250,83.6
25500,30.4
25750,88.0
26000,100.0
26250,97.2
26500,97.2
26750,97.2
27000,91.60000000000001
27250,100.0
27500,69.6
27750,99.2
28000,100.0
28250,99.2
28500,98.4
28750,100.0
29000,100.0
29250,95.6
29500,86.4
29750,82.8
30000,85.6
30250,82.39999999999999
30500,96.0
30750,93.60000000000001
31000,87.2
31250,97.2
31500,90.8
31750,100.0
32000,99.2
32250,99.2
32500,74.4
32750,98.4
33000,96.8
33250,100.0
33500,98.4
33750,91.60000000000001
34000,99.2
34250,100.0
34500,99.2
34750,100.0
35000,100.0
35250,96.0
35500,92.80000000000001
35750,99.2
36000,99.2
36250,100.0
36500,99.2
36750,100.0
37000,100.0
37250,98.4
37500,100.0
37750,100.0
38000,100.0
38250,100.0
38500,99.2
38750,78.4
39000,88.0
39250,82.39999999999999
39500,96.0
39750,98.4
40000,98.4
40250,95.19999999999999
40500,89.60000000000001
40750,100.0
41000,89.2
41250,88.0
41500,92.4
41750,100.0
42000,100.0
42250,99.2
42500,99.2
42750,99.2
43000,97.6
43250,97.6
43500,99.2
43750,98.4
44000,72.0
44250,100.0
44500,100.0
44750,96.8
45000,99.2
45250,84.0
45500,98.4
45750,100.0
46000,100.0
46250,64.4
46500,66.0
46750,94.39999999999999
47000,100.0
47250,92.80000000000001
47500,99.2
47750,99.2
48000,100.0
48250,99.2
48500,100.0
48750,100.0
49000,99.2
49250,99.2
49500,98.4
49750,99.2
50000,100.0
50250,100.0
50500,80.0
50750,98.4
51000,100.0
51250,100.0
51500,100.0
51750,99.2
52000,99.2
52250,98.4
52500,100.0
52750,100.0
53000,99.2
53250,100.0
53500,100.0
53750,100.0
54000,98.4
54250,100.0
54500,96.8
54750,99.6
55000,100.0
55250,92.80000000000001
55500,90.0
55750,98.4
56000,99.2
56250,100.0
56500,100.0
56750,100.0
57000,100.0
57250,100.0
57500,100.0
57750,100.0
58000,99.2
58250,100.0
58500,100.0
58750,100.0
59000,100.0
59250,100.0
59500,100.0
59750,100.0
60000,96.8
60250,100.0
60500,100.0
60750,100.0
61000,100.0
61250,100.0
61500,96.8
61750,68.8
62000,88.0
62250,93.60000000000001
62500,99.2
62750,100.0
63000,95.19999999999999
63250,100.0
63500,91.2
63750,99.2
64000,100.0
64250,100.0
64500,100.0
64750,100.0
65000,99.2
65250,100.0
65500,100.0
65750,100.0
66000,100.0
66250,100.0
66500,100.0
66750,100.0
67000,100.0
67250,100.0
67500,100.0
67750,99.2
68000,100.0
68250,100.0
68500,100.0
68750,100.0
69000,100.0
69250,100.0
69500,100.0
69750,99.2
70000,97.6
70250,100.0
70500,92.0
70750,99.2
71000,100.0
71250,100.0
71500,99.2
71750,100.0
72000,100.0
72250,95.19999999999999
72500,100.0
72750,100.0
73000,99.2
73250,100.0
73500,100.0
73750,100.0
74000,100.0
74250,100.0
74500,100.0
74750,100.0
75000,99.2
75250,100.0
75500,100.0
75750,97.6
76000,100.0
76250,100.0
76500,82.39999999999999
76750,100.0
77000,98.8
77250,100.0
77500,100.0
77750,100.0
78000,92.80000000000001
78250,100.0
78500,100.0
78750,100.0
79000,83.6
79250,91.2
79500,79.60000000000001
79750,82.0
80000,88.4
80250,90.0
80500,80.4
80750,92.0
81000,95.19999999999999
81250,94.39999999999999
81500,84.0
81750,96.8
82000,100.0
82250,97.6
82500,94.39999999999999
82750,99.2
83000,95.19999999999999
83250,84.8
83500,96.8
83750,83.2
84000,96.8
84250,92.4
84500,88.4
84750,100.0
85000,100.0
85250,100.0
85500,97.6
85750,97.6
86000,100.0
86250,100.0
86500,100.0
86750,100.0
87000,98.4
87250,97.6
87500,100.0
87750,95.19999999999999
88000,98.4
88250,96.39999999999999
88500,90.4
88750,99.2
89000,99.2
89250,98.4
89500,99.2
89750,100.0
90000,96.8
90250,88.0
90500,82.0
90750,73.6
91000,98.4
91250,86.4
91500,68.0
91750,98.0
92000,96.8
92250,98.4
92500,94.39999999999999
92750,100.0
93000,95.19999999999999
93250,82.39999999999999
93500,92.80000000000001
93750,100.0
94000,92.80000000000001
94250,82.39999999999999
94500,98.4
94750,99.2
95000,96.8
95250,100.0
95500,92.0
95750,98.4
96000,96.8
96250,92.80000000000001
96500,98.4
96750,94.39999999999999
97000,79.60000000000001
97250,93.2
97500,97.6
97750,100.0
98000,82.39999999999999
98250,89.60000000000001
98500,96.8
98750,90.4
99000,96.0
99250,99.2
99500,97.6
99750,96.0
100000,100.0
100250,97.6
100500,91.2
100750,100.0
101000,96.8
101250,99.2
101500,99.2
101750,98.4
102000,99.2
102250,98.4
102500,100.0
102750,100.0
103000,100.0
103250,80.4
103500,94.39999999999999
103750,96.8
104000,82.39999999999999
104250,92.0
104500,80.0
104750,98.4
105000,100.0
105250,52.800000000000004
105500,84.39999999999999
105750,99.2
106000,98.4
106250,58.4
106500,80.0
106750,88.0
107000,86.4
107250,100.0
107500,96.0
107750,94.39999999999999
108000,87.2
108250,100.0
108500,94.8
108750,86.4
109000,100.0
109250,100.0
109500,99.2
109750,100.0
110000,97.6
110250,98.4
110500,96.8
110750,95.19999999999999
111000,85.6
111250,92.80000000000001
111500,96.8
111750,99.2
112000,99.2
112250,99.2
112500,98.4
112750,94.39999999999999
113000,98.0
113250,89.60000000000001
113500,92.4
113750,99.2
114000,95.19999999999999
114250,95.19999999999999
114500,95.19999999999999
114750,100.0
115000,87.2
115250,99.2
115500,95.19999999999999
115750,79.60000000000001
116000,86.4
116250,84.39999999999999
116500,88.4
116750,85.2
117000,98.0
117250,99.2
117500,100.0
117750,98.4
118000,100.0
118250,99.2
118500,100.0
118750,96.0
119000,99.6
119250,96.8
119500,100.0
119750,100.0
120000,92.4
120250,94.0
120500,97.6
120750,100.0
121000,99.2
121250,88.4
121500,93.2
121750,98.0
122000,100.0
122250,57.99999999999999
122500,36.4
122750,55.2
123000,96.0
123250,98.8
123500,96.8
123750,99.2
124000,99.6
124250,96.0
124500,96.39999999999999
124750,100.0
125000,84.0
125250,32.800000000000004
125500,49.2
125750,64.4
126000,77.60000000000001
126250,76.4
126500,74.8
126750,40.8
127000,66.0
127250,96.8
127500,79.2
127750,73.6
128000,87.2
128250,65.60000000000001
128500,81.6
128750,44.0
129000,64.0
129250,73.2
129500,13.200000000000001
129750,24.8
130000,26.400000000000002
130250,64.8
130500,50.8
130750,65.60000000000001
131000,65.60000000000001
131250,64.8
131500,76.0
131750,92.80000000000001
132000,92.4
132250,56.8
132500,50.4
132750,94.39999999999999
133000,86.4
133250,68.0
133500,94.39999999999999
133750,85.2
