250,41.199999999999996
500,88.4
750,100.0
1000,80.4
1250,100.0
1500,91.60000000000001
1750,12.0
2000,26.0
2250,65.60000000000001
2500,25.2
2750,38.0
3000,39.6
3250,60.0
3500,49.6
3750,35.199999999999996
4000,2.4
4250,1.2
4500,19.2
4750,43.6
5000,30.0
5250,49.6
5500,34.8
5750,21.2
6000,20.4
6250,17.599999999999998
6500,2.4
6750,22.0
7000,10.4
7250,5.6000000000000005
7500,40.0
7750,3.5999999999999996
8000,2.4
8250,14.399999999999999
8500,32.0
8750,52.400000000000006
9000,64.8
9250,39.2
9500,60.4
9750,29.599999999999998
10000,8.799999999999999
10250,15.2
10500,29.599999999999998
10750,50.4
11000,41.6
11250,37.6
11500,68.4
11750,64.4
12000,83.6
12250,30.8
12500,15.2
12750,40.0
13000,70.39999999999999
13250,47.599999999999994
13500,56.39999999999999
13750,37.6
14000,66.4
14250,60.8
14500,64.8
14750,83.2
15000,76.8
15250,81.6
15500,40.0
15750,34.0
16000,64.0
16250,82.0
16500,86.4
16750,38.0
17000,37.6
17250,35.6
17500,52.0
17750,81.6
18000,84.8
18250,62.0
18500,36.0
18750,65.60000000000001
19000,44.800000000000004
19250,35.199999999999996
19500,46.0
19750,43.6
20000,60.4
20250,51.6
20500,57.99999999999999
20750,56.00000000000001
21000,70.8
21250,73.6
21500,69.6
21750,64.4
22000,44.800000000000004
22250,43.6
22500,68.4
22750,46.400000000000006
23000,26.0
23250,33.6
23500,53.6
23750,66.4
24000,56.00000000000001
24250,79.2
24500,70.39999999999999
24750,75.2
25000,79.60000000000001
25250,54.800000000000004
25500,18.8
25750,0.0
26000,32.800000000000004
26250,38.4
26500,78.4
26750,74.8
27000,84.8
27250,68.0
27500,34.8
27750,59.199999999999996
28000,66.4
28250,84.0
28500,92.80000000000001
28750,84.8
29000,77.60000000000001
29250,52.800000000000004
29500,53.6
29750,54.800000000000004
30000,12.8
30250,39.6
30500,57.99999999999999
30750,53.2
31000,62.0
31250,54.400000000000006
31500,51.6
31750,61.6
32000,38.4
32250,61.199999999999996
32500,35.199999999999996
32750,40.400000000000006
33000,26.400000000000002
33250,54.0
33500,50.4
33750,17.599999999999998
34000,23.200000000000003
34250,52.800000000000004
34500,84.0
34750,53.2
35000,47.199999999999996
35250,31.6
35500,24.4
35750,42.4
36000,28.799999999999997
36250,49.6
36500,54.400000000000006
36750,48.8
37000,61.199999999999996
37250,62.8
37500,51.2
37750,46.800000000000004
38000,15.6
38250,52.800000000000004
38500,44.800000000000004
38750,24.0
39000,33.2
39250,62.8
39500,74.4
39750,69.19999999999999
40000,68.0
40250,62.8
40500,19.6
40750,63.6
41000,15.6
41250,69.19999999999999
41500,92.4
41750,79.2
42000,68.4
42250,38.4
42500,38.4
42750,48.0
43000,83.2
43250,93.60000000000001
43500,92.80000000000001
43750,96.8
44000,59.199999999999996
44250,100.0
44500,82.39999999999999
44750,61.6
45000,87.2
45250,76.0
45500,82.0
45750,71.2
46000,93.60000000000001
46250,37.2
46500,23.200000000000003
46750,40.8
47000,78.4
47250,20.8
47500,15.2
47750,50.4
48000,75.2
48250,94.39999999999999
48500,99.2
48750,99.2
49000,99.2
49250,99.2
49500,96.0
49750,96.0
50000,96.8
50250,86.4
50500,38.800000000000004
50750,44.800000000000004
51000,26.8
51250,92.4
51500,68.4
51750,97.6
52000,98.4
52250,96.0
52500,98.4
52750,99.2
53000,99.2
53250,100.0
53500,99.2
53750,99.2
54000,81.6
54250,76.0
54500,71.2
54750,83.6
55000,92.80000000000001
55250,78.0
55500,83.6
55750,88.0
56000,64.0
56250,83.2
56500,83.2
56750,89.60000000000001
57000,98.4
57250,100.0
57500,97.6
57750,76.4
58000,66.4
58250,80.0
58500,96.8
58750,60.4
59000,89.2
59250,88.0
59500,91.60000000000001
59750,46.0
60000,52.0
60250,82.8
60500,99.2
60750,56.39999999999999
61000,89.2
61250,83.6
61500,46.0
61750,30.0
62000,42.8
62250,25.6
62500,56.00000000000001
62750,73.2
63000,60.0
63250,51.6
63500,41.6
63750,56.8
64000,41.199999999999996
64250,82.0
64500,91.2
64750,97.6
65000,76.8
65250,77.2
65500,99.2
65750,75.2
66000,86.4
66250,92.80000000000001
66500,96.0
66750,60.4
67000,79.2
67250,100.0
67500,66.8
67750,76.4
68000,83.2
68250,72.8
68500,70.8
68750,95.19999999999999
69000,67.60000000000001
69250,57.199999999999996
69500,76.0
69750,92.80000000000001
70000,91.2
70250,86.0
70500,44.4
70750,84.8
71000,51.6
71250,60.8
71500,86.0
71750,97.6
72000,70.39999999999999
72250,78.4
72500,89.60000000000001
72750,70.0
73000,79.60000000000001
73250,80.80000000000001
73500,98.4
73750,96.0
74000,96.8
74250,92.80000000000001
74500,100.0
74750,98.8
75000,98.0
75250,96.8
75500,76.4
75750,73.6
76000,80.0
76250,73.2
76500,43.2
76750,88.8
77000,86.0
77250,81.2
77500,80.80000000000001
77750,97.6
78000,72.8
78250,83.6
78500,83.6
78750,91.60000000000001
79000,35.199999999999996
79250,54.0
79500,53.6
79750,49.2
80000,67.60000000000001
80250,53.2
80500,33.6
80750,41.199999999999996
81000,62.8
81250,56.00000000000001
81500,49.2
81750,56.00000000000001
82000,76.8
82250,80.0
82500,48.0
82750,56.00000000000001
83000,62.0
83250,66.0
83500,56.00000000000001
83750,57.99999999999999
84000,38.0
84250,36.0
84500,46.800000000000004
84750,43.6
85000,39.2
85250,25.2
85500,20.4
85750,38.4
86000,85.6
86250,76.0
86500,33.6
86750,34.4
87000,68.8
87250,75.6
87500,69.19999999999999
87750,20.0
88000,35.199999999999996
88250,20.4
88500,20.4
88750,66.8
89000,33.6
89250,46.800000000000004
89500,54.400000000000006
89750,69.6
90000,67.60000000000001
90250,58.4
90500,30.4
90750,23.599999999999998
91000,52.0
91250,36.4
91500,26.8
91750,42.0
92000,53.2
92250,30.0
92500,47.599999999999994
92750,44.800000000000004
93000,42.4
93250,32.800000000000004
93500,43.2
93750,79.2
94000,83.2
94250,52.400000000000006
94500,56.39999999999999
94750,34.4
95000,56.8
95250,66.8
95500,52.800000000000004
95750,36.8
96000,26.400000000000002
96250,29.599999999999998
96500,36.8
96750,46.800000000000004
97000,63.2
97250,46.0
97500,19.2
97750,60.8
98000,39.2
98250,54.400000000000006
98500,44.0
98750,55.2
99000,38.0
99250,32.0
99500,26.400000000000002
99750,39.2
100000,60.0
100250,53.2
100500,45.6
100750,46.400000000000006
101000,40.0
101250,26.8
101500,58.4
101750,56.8
102000,33.6
102250,23.200000000000003
102500,30.4
102750,47.199999999999996
103000,63.2
103250,44.0
103500,51.6
103750,33.2
104000,25.6
104250,14.399999999999999
104500,18.4
104750,58.4
105000,41.6
105250,15.6
105500,25.2
105750,75.6
106000,26.400000000000002
106250,29.2
106500,32.4
106750,55.2
107000,67.2
107250,76.0
107500,64.8
107750,72.0
108000,61.199999999999996
108250,45.2
108500,61.199999999999996
108750,86.4
109000,87.6
109250,72.39999999999999
109500,24.4
109750,44.4
110000,52.800000000000004
110250,73.6
110500,77.60000000000001
110750,92.80000000000001
111000,76.0
111250,74.0
111500,89.60000000000001
111750,99.2
112000,80.0
112250,80.4
112500,95.19999999999999
112750,78.4
113000,81.2
113250,57.199999999999996
113500,60.0
113750,81.6
114000,66.4
114250,66.0
114500,54.0
114750,68.0
115000,48.4
115250,40.8
115500,35.6
115750,61.199999999999996
116000,36.4
116250,46.400000000000006
116500,33.6
116750,51.6
117000,54.0
117250,92.0
117500,98.0
117750,62.8
118000,62.0
118250,58.8
118500,93.60000000000001
118750,93.2
119000,96.0
119250,72.0
119500,40.400000000000006
119750,62.4
120000,55.60000000000001
120250,50.0
120500,84.8
120750,52.400000000000006
121000,75.2
121250,76.4
121500,52.0
121750,90.8
122000,95.6
122250,45.6
122500,4.8
122750,13.600000000000001
123000,22.400000000000002
123250,31.2
123500,65.60000000000001
123750,39.6
124000,69.6
124250,80.80000000000001
124500,91.60000000000001
124750,98.4
125000,61.6
125250,13.600000000000001
125500,8.0
125750,16.8
126000,24.8
126250,52.0
126500,57.99999999999999
126750,19.2
127000,21.6
127250,45.6
127500,50.4
127750,42.8
128000,20.8
128250,18.4
128500,74.0
128750,38.0
129000,64.0
129250,73.2
129500,5.2
129750,18.8
130000,24.4
130250,62.0
130500,23.599999999999998
130750,45.6
131000,32.0
131250,5.6000000000000005
131500,52.400000000000006
131750,69.19999999999999
132000,42.8
132250,34.0
132500,24.0
132750,30.0
133000,14.399999999999999
133250,26.8
133500,83.2
133750,84.39999999999999
