250,41.199999999999996
500,88.4
750,100.0
1000,80.4
1250,100.0
1500,91.60000000000001
1750,5.2
2000,23.599999999999998
2250,22.8
2500,10.0
2750,31.2
3000,8.0
3250,28.4
3500,22.400000000000002
3750,6.4
4000,2.4
4250,0.0
4500,19.2
4750,25.6
5000,10.0
5250,22.8
5500,22.8
5750,16.400000000000002
6000,5.2
6250,5.6000000000000005
6500,2.4
6750,20.4
7000,4.0
7250,4.8
7500,36.0
7750,2.8000000000000003
8000,0.0
8250,8.0
8500,30.4
8750,40.400000000000006
9000,34.4
9250,26.400000000000002
9500,23.200000000000003
9750,5.6000000000000005
10000,6.4
10250,15.2
10500,16.0
10750,22.400000000000002
11000,36.8
11250,18.8
11500,28.000000000000004
11750,44.4
12000,65.2
12250,25.2
12500,12.0
12750,24.0
13000,56.00000000000001
13250,28.799999999999997
13500,32.800000000000004
13750,19.2
14000,60.8
14250,49.6
14500,38.800000000000004
14750,44.4
15000,47.199999999999996
15250,45.2
15500,18.0
15750,16.0
16000,51.2
16250,82.0
16500,86.4
16750,15.6
17000,15.2
17250,12.8
17500,33.6
17750,56.8
18000,73.6
18250,34.0
18500,15.2
18750,26.400000000000002
19000,22.8
19250,15.2
19500,20.8
19750,36.4
20000,40.400000000000006
20250,23.599999999999998
20500,34.4
20750,26.8
21000,42.8
21250,32.0
21500,38.4
21750,37.6
22000,18.4
22250,25.6
22500,22.400000000000002
22750,22.400000000000002
23000,21.6
23250,32.0
23500,44.0
23750,55.60000000000001
24000,36.8
24250,47.199999999999996
24500,43.2
24750,34.4
25000,50.8
25250,36.0
25500,14.000000000000002
25750,0.0
26000,11.200000000000001
26250,16.8
26500,69.19999999999999
26750,53.2
27000,59.599999999999994
27250,43.2
27500,7.199999999999999
27750,40.8
28000,42.8
28250,66.4
28500,70.0
28750,50.4
29000,58.8
29250,21.2
29500,32.0
29750,28.000000000000004
30000,0.8
30250,30.0
30500,33.2
30750,36.0
31000,41.6
31250,25.6
31500,32.4
31750,20.8
32000,19.2
32250,38.4
32500,30.8
32750,29.2
33000,18.0
33250,30.0
33500,24.8
33750,11.200000000000001
34000,16.8
34250,30.4
34500,52.800000000000004
34750,42.8
35000,28.000000000000004
35250,17.2
35500,20.8
35750,20.4
36000,12.8
36250,27.200000000000003
36500,28.799999999999997
36750,21.2
37000,29.599999999999998
37250,39.6
37500,32.800000000000004
37750,27.6
38000,0.8
38250,27.200000000000003
38500,29.599999999999998
38750,15.2
39000,18.8
39250,33.2
39500,43.6
39750,32.4
40000,25.6
40250,33.6
40500,16.0
40750,32.0
41000,12.4
41250,59.599999999999994
41500,92.4
41750,69.6
42000,38.0
42250,29.2
42500,26.400000000000002
42750,35.199999999999996
43000,63.2
43250,75.2
43500,76.0
43750,92.80000000000001
44000,45.6
44250,92.4
44500,61.6
44750,35.199999999999996
45000,57.99999999999999
45250,42.0
45500,56.00000000000001
45750,46.800000000000004
46000,53.2
46250,10.4
46500,21.2
46750,36.0
47000,73.6
47250,6.4
47500,1.6
47750,45.6
48000,64.0
48250,91.2
48500,98.4
48750,98.4
49000,99.2
49250,97.6
49500,92.0
49750,95.19999999999999
50000,96.8
50250,86.4
50500,23.599999999999998
50750,26.0
51000,12.0
51250,91.60000000000001
51500,57.599999999999994
51750,77.2
52000,94.39999999999999
52250,92.0
52500,96.0
52750,99.2
53000,99.2
53250,98.4
53500,97.6
53750,97.6
54000,64.0
54250,57.599999999999994
54500,33.6
54750,50.4
55000,63.6
55250,55.60000000000001
55500,73.2
55750,75.2
56000,46.0
56250,81.2
56500,63.2
56750,79.2
57000,96.0
57250,98.4
57500,84.8
57750,67.60000000000001
58000,33.2
58250,77.60000000000001
58500,88.4
58750,43.2
59000,82.0
59250,75.2
59500,86.8
59750,25.2
60000,34.4
60250,72.39999999999999
60500,93.2
60750,24.8
61000,68.4
61250,78.8
61500,34.8
61750,18.0
62000,20.4
62250,7.199999999999999
62500,21.6
62750,62.4
63000,56.39999999999999
63250,39.6
63500,30.0
63750,33.2
64000,18.8
64250,65.2
64500,87.2
64750,97.6
65000,56.00000000000001
65250,73.2
65500,99.2
65750,41.6
66000,72.8
66250,88.8
66500,91.2
66750,31.6
67000,76.0
67250,96.0
67500,50.8
67750,40.400000000000006
68000,48.0
68250,29.599999999999998
68500,54.0
68750,92.80000000000001
69000,36.8
69250,40.8
69500,54.800000000000004
69750,50.8
70000,82.39999999999999
70250,75.2
70500,16.8
70750,22.8
71000,23.200000000000003
71250,35.199999999999996
71500,83.2
71750,97.6
72000,47.199999999999996
72250,39.2
72500,78.4
72750,50.0
73000,51.2
73250,38.4
73500,76.8
73750,96.0
74000,94.8
74250,85.6
74500,98.0
74750,98.8
75000,96.39999999999999
75250,94.39999999999999
75500,66.8
75750,29.599999999999998
76000,36.4
76250,26.8
76500,25.2
76750,61.6
77000,72.39999999999999
77250,57.99999999999999
77500,56.00000000000001
77750,83.6
78000,67.60000000000001
78250,40.8
78500,67.2
78750,87.2
79000,14.799999999999999
79250,34.4
79500,31.2
79750,28.4
80000,39.2
80250,16.0
80500,10.4
80750,28.4
81000,39.6
81250,33.2
81500,12.0
81750,31.6
82000,42.0
82250,50.4
82500,24.8
82750,26.8
83000,26.400000000000002
83250,44.4
83500,41.6
83750,31.2
84000,10.4
84250,10.4
84500,34.0
84750,25.6
85000,19.6
85250,17.2
85500,11.200000000000001
85750,24.0
86000,49.6
86250,37.6
86500,12.0
86750,16.0
87000,34.4
87250,50.4
87500,41.199999999999996
87750,6.800000000000001
88000,13.600000000000001
88250,10.4
88500,10.0
88750,34.0
89000,16.400000000000002
89250,26.8
89500,19.6
89750,40.400000000000006
90000,33.2
90250,27.6
90500,16.8
90750,13.600000000000001
91000,9.2
91250,20.0
91500,19.2
91750,15.2
92000,32.0
92250,14.399999999999999
92500,28.000000000000004
92750,18.4
93000,15.2
93250,20.8
93500,21.6
93750,56.39999999999999
94000,74.4
94250,32.800000000000004
94500,25.2
94750,11.600000000000001
95000,35.199999999999996
95250,16.8
95500,31.6
95750,18.0
96000,18.0
96250,4.8
96500,26.400000000000002
96750,19.2
97000,30.4
97250,19.2
97500,12.8
97750,29.599999999999998
98000,17.599999999999998
98250,25.2
98500,15.2
98750,17.599999999999998
99000,7.6
99250,12.0
99500,8.799999999999999
99750,24.8
100000,40.8
100250,33.6
100500,26.400000000000002
100750,16.8
101000,11.200000000000001
101250,8.4
101500,30.0
101750,40.8
102000,7.6
102250,13.600000000000001
102500,17.2
102750,21.6
103000,46.400000000000006
103250,33.2
103500,20.0
103750,7.199999999999999
104000,16.8
104250,6.4
104500,9.2
104750,26.400000000000002
105000,22.0
105250,10.8
105500,15.6
105750,42.0
106000,24.0
106250,16.0
106500,25.2
106750,43.2
107000,35.199999999999996
107250,31.6
107500,31.2
107750,27.6
108000,24.4
108250,33.2
108500,32.800000000000004
108750,86.4
109000,76.4
109250,58.4
109500,14.000000000000002
109750,34.0
110000,49.6
110250,68.8
110500,38.4
110750,56.8
111000,31.6
111250,36.8
111500,72.8
111750,92.0
112000,60.0
112250,36.8
112500,69.19999999999999
112750,50.8
113000,46.0
113250,42.0
113500,26.8
113750,56.8
114000,37.2
114250,34.0
114500,22.8
114750,30.8
115000,28.799999999999997
115250,18.4
115500,22.8
115750,21.6
116000,21.2
116250,35.199999999999996
116500,29.599999999999998
116750,32.800000000000004
117000,24.4
117250,86.0
117500,97.2
117750,57.99999999999999
118000,41.6
118250,36.8
118500,87.2
118750,93.2
119000,76.0
119250,42.0
119500,21.2
119750,18.8
120000,34.4
120250,30.0
120500,55.60000000000001
120750,22.0
121000,67.2
121250,70.8
121500,23.200000000000003
121750,45.2
122000,57.199999999999996
122250,36.0
122500,0.8
122750,12.8
123000,19.2
123250,30.4
123500,58.4
123750,24.4
124000,17.599999999999998
124250,63.2
124500,56.39999999999999
124750,67.60000000000001
125000,36.4
125250,2.4
125500,4.0
125750,10.4
126000,20.0
126250,43.2
126500,47.199999999999996
126750,14.799999999999999
127000,13.600000000000001
127250,28.4
127500,18.4
127750,14.399999999999999
128000,4.8
128250,14.399999999999999
128500,74.0
128750,38.0
129000,58.4
129250,72.39999999999999
129500,5.2
129750,17.2
130000,24.0
130250,58.8
130500,20.4
130750,32.0
131000,21.6
131250,1.6
131500,52.400000000000006
131750,35.199999999999996
132000,36.4
132250,24.0
132500,22.0
132750,26.0
133000,4.8
133250,23.599999999999998
133500,83.2
133750,84.39999999999999
