250,41.199999999999996
500,88.4
750,100.0
1000,80.4
1250,100.0
1500,91.60000000000001
1750,18.0
2000,43.6
2250,92.80000000000001
2500,48.4
2750,48.0
3000,49.2
3250,65.60000000000001
3500,60.0
3750,53.6
4000,28.000000000000004
4250,24.0
4500,27.6
4750,70.39999999999999
5000,77.60000000000001
5250,76.8
5500,50.8
5750,64.0
6000,68.4
6250,33.2
6500,23.200000000000003
6750,68.8
7000,24.4
7250,24.4
7500,60.8
7750,36.8
8000,42.4
8250,41.199999999999996
8500,67.60000000000001
8750,86.0
9000,94.39999999999999
9250,66.4
9500,74.4
9750,95.19999999999999
10000,59.599999999999994
10250,41.6
10500,60.8
10750,78.8
11000,79.2
11250,63.2
11500,92.0
11750,95.6
12000,90.0
12250,78.4
12500,85.6
12750,89.2
13000,88.8
13250,92.4
13500,83.6
13750,80.0
14000,96.0
14250,91.60000000000001
14500,85.2
14750,97.6
15000,88.8
15250,98.4
15500,82.8
15750,92.80000000000001
16000,88.8
16250,92.4
16500,100.0
16750,78.8
17000,62.4
17250,74.0
17500,98.4
17750,96.0
18000,91.2
18250,84.8
18500,92.4
18750,91.2
19000,71.2
19250,65.60000000000001
19500,77.60000000000001
19750,69.6
20000,96.0
20250,96.0
20500,88.0
20750,100.0
21000,99.2
21250,98.4
21500,96.0
21750,100.0
22000,93.60000000000001
22250,98.4
22500,90.4
22750,86.8
23000,78.4
23250,78.4
23500,79.2
23750,75.2
24000,95.19999999999999
24250,100.0
24500,83.2
24750,97.6
25000,96.39999999999999
25250,74.4
25500,28.4
25750,64.8
26000,99.6
26250,95.6
26500,86.4
26750,92.0
27000,90.8
27250,79.2
27500,61.6
27750,94.39999999999999
28000,96.8
28250,94.39999999999999
28500,98.4
28750,100.0
29000,84.0
29250,72.8
29500,75.2
29750,76.8
30000,85.6
30250,81.6
30500,96.0
30750,93.60000000000001
31000,86.4
31250,96.39999999999999
31500,90.8
31750,100.0
32000,82.0
32250,98.0
32500,73.6
32750,98.4
33000,96.8
33250,100.0
33500,91.2
33750,59.599999999999994
34000,70.39999999999999
34250,98.4
34500,92.80000000000001
34750,97.6
35000,92.0
35250,85.6
35500,83.2
35750,80.4
36000,73.2
36250,100.0
36500,97.6
36750,99.2
37000,80.0
37250,96.0
37500,96.8
37750,82.8
38000,74.4
38250,86.8
38500,95.6
38750,70.39999999999999
39000,84.8
39250,80.80000000000001
39500,96.0
39750,98.4
40000,74.0
40250,93.2
40500,89.60000000000001
40750,100.0
41000,89.2
41250,88.0
41500,92.4
41750,100.0
42000,78.4
42250,86.4
42500,77.60000000000001
42750,99.2
43000,96.0
43250,96.8
43500,94.39999999999999
43750,98.4
44000,71.2
44250,100.0
44500,99.2
44750,89.60000000000001
45000,96.8
45250,84.0
45500,98.4
45750,100.0
46000,100.0
46250,59.199999999999996
46500,50.4
46750,94.39999999999999
47000,100.0
47250,75.2
47500,94.39999999999999
47750,91.2
48000,94.39999999999999
48250,96.8
48500,100.0
48750,99.2
49000,99.2
49250,99.2
49500,98.4
49750,96.8
50000,99.2
50250,95.6
50500,78.0
50750,98.4
51000,100.0
51250,100.0
51500,100.0
51750,99.2
52000,99.2
52250,98.4
52500,100.0
52750,100.0
53000,99.2
53250,100.0
53500,100.0
53750,100.0
54000,98.4
54250,96.8
54500,96.8
54750,99.6
55000,100.0
55250,92.4
55500,90.0
55750,98.4
56000,99.2
56250,100.0
56500,100.0
56750,97.6
57000,100.0
57250,100.0
57500,100.0
57750,100.0
58000,99.2
58250,100.0
58500,100.0
58750,96.8
59000,100.0
59250,97.6
59500,100.0
59750,99.2
60000,96.8
60250,100.0
60500,100.0
60750,100.0
61000,100.0
61250,99.6
61500,91.60000000000001
61750,68.8
62000,87.2
62250,93.60000000000001
62500,99.2
62750,100.0
63000,94.39999999999999
63250,100.0
63500,86.8
63750,98.8
64000,100.0
64250,98.4
64500,95.19999999999999
64750,98.4
65000,98.4
65250,100.0
65500,100.0
65750,100.0
66000,100.0
66250,100.0
66500,99.2
66750,100.0
67000,100.0
67250,100.0
67500,100.0
67750,98.4
68000,96.8
68250,100.0
68500,98.4
68750,100.0
69000,99.2
69250,94.39999999999999
69500,79.2
69750,95.19999999999999
70000,96.0
70250,100.0
70500,75.2
70750,98.4
71000,98.4
71250,100.0
71500,96.39999999999999
71750,100.0
72000,100.0
72250,95.19999999999999
72500,100.0
72750,100.0
73000,98.4
73250,100.0
73500,100.0
73750,100.0
74000,100.0
74250,100.0
74500,100.0
74750,100.0
75000,99.2
75250,100.0
75500,79.60000000000001
75750,89.2
76000,95.19999999999999
76250,98.4
76500,82.39999999999999
76750,100.0
77000,98.8
77250,100.0
77500,98.4
77750,100.0
78000,91.2
78250,100.0
78500,100.0
78750,100.0
79000,79.2
79250,82.8
79500,68.8
79750,74.8
80000,87.6
80250,89.2
80500,79.60000000000001
80750,92.0
81000,95.19999999999999
81250,94.39999999999999
81500,84.0
81750,96.39999999999999
82000,100.0
82250,96.8
82500,93.60000000000001
82750,99.2
83000,95.19999999999999
83250,84.8
83500,96.8
83750,83.2
84000,96.0
84250,91.2
84500,83.6
84750,100.0
85000,92.4
85250,79.60000000000001
85500,87.2
85750,94.39999999999999
86000,94.39999999999999
86250,95.19999999999999
86500,100.0
86750,97.6
87000,97.6
87250,95.19999999999999
87500,96.0
87750,92.80000000000001
88000,97.6
88250,80.80000000000001
88500,70.0
88750,83.2
89000,77.60000000000001
89250,87.2
89500,90.4
89750,92.80000000000001
90000,96.8
90250,82.0
90500,68.8
90750,64.8
91000,98.4
91250,86.4
91500,64.0
91750,90.0
92000,94.39999999999999
92250,83.2
92500,88.8
92750,92.0
93000,78.4
93250,72.39999999999999
93500,91.60000000000001
93750,99.2
94000,92.0
94250,80.80000000000001
94500,98.4
94750,96.0
95000,91.2
95250,100.0
95500,88.0
95750,96.8
96000,96.8
96250,92.80000000000001
96500,96.8
96750,94.39999999999999
97000,79.60000000000001
97250,93.2
97500,97.6
97750,100.0
98000,79.2
98250,89.60000000000001
98500,95.19999999999999
98750,87.2
99000,76.8
99250,95.19999999999999
99500,86.4
99750,86.0
100000,88.8
100250,96.0
100500,91.2
100750,97.6
101000,96.8
101250,87.2
101500,98.4
101750,96.8
102000,99.2
102250,97.6
102500,100.0
102750,100.0
103000,100.0
103250,80.4
103500,90.4
103750,96.8
104000,82.39999999999999
104250,75.2
104500,74.4
104750,87.6
105000,100.0
105250,47.199999999999996
105500,59.599999999999994
105750,87.2
106000,80.4
106250,53.6
106500,79.2
106750,80.80000000000001
107000,84.8
107250,100.0
107500,96.0
107750,94.39999999999999
108000,87.2
108250,100.0
108500,94.8
108750,86.4
109000,100.0
109250,100.0
109500,99.2
109750,98.4
110000,89.60000000000001
110250,76.8
110500,87.2
110750,95.19999999999999
111000,84.8
111250,92.0
111500,96.8
111750,99.2
112000,99.2
112250,99.2
112500,98.4
112750,92.0
113000,97.2
113250,89.60000000000001
113500,92.4
113750,98.4
114000,93.60000000000001
114250,92.0
114500,92.80000000000001
114750,100.0
115000,87.2
115250,99.2
115500,92.0
115750,79.60000000000001
116000,76.8
116250,83.6
116500,88.4
116750,85.2
117000,96.39999999999999
117250,97.6
117500,100.0
117750,96.8
118000,94.0
118250,88.8
118500,98.4
118750,95.19999999999999
119000,99.6
119250,94.0
119500,91.60000000000001
119750,95.6
120000,90.4
120250,93.2
120500,97.6
120750,100.0
121000,94.0
121250,78.8
121500,75.6
121750,97.2
122000,100.0
122250,57.99999999999999
122500,36.4
122750,39.2
123000,85.6
123250,94.0
123500,80.80000000000001
123750,82.0
124000,99.6
124250,95.19999999999999
124500,94.0
124750,100.0
125000,71.2
125250,29.2
125500,37.2
125750,50.8
126000,45.6
126250,72.8
126500,74.0
126750,36.8
127000,64.4
127250,92.80000000000001
127500,78.4
127750,69.6
128000,76.0
128250,51.2
128500,78.0
128750,38.0
129000,64.0
129250,73.2
129500,10.0
129750,19.2
130000,25.6
130250,64.4
130500,50.8
130750,60.0
131000,64.0
131250,33.6
131500,76.0
131750,91.2
132000,86.8
132250,55.2
132500,48.8
132750,84.8
133000,36.4
133250,57.199999999999996
133500,86.4
133750,85.2
