250,41.199999999999996
500,88.4
750,100.0
1000,80.4
1250,100.0
1500,91.60000000000001
1750,18.0
2000,41.199999999999996
2250,92.80000000000001
2500,30.0
2750,42.4
3000,49.2
3250,63.6
3500,50.4
3750,36.8
4000,11.200000000000001
4250,2.4
4500,22.400000000000002
4750,55.60000000000001
5000,51.6
5250,66.4
5500,49.6
5750,48.4
6000,41.6
6250,22.400000000000002
6500,6.4
6750,23.599999999999998
7000,21.6
7250,15.2
7500,43.6
7750,7.6
8000,7.199999999999999
8250,28.000000000000004
8500,42.4
8750,65.2
9000,84.0
9250,56.8
9500,64.4
9750,66.4
10000,19.2
10250,20.8
10500,29.599999999999998
10750,70.0
11000,59.199999999999996
11250,53.6
11500,84.8
11750,79.60000000000001
12000,87.6
12250,57.99999999999999
12500,26.8
12750,43.6
13000,70.39999999999999
13250,74.0
13500,66.0
13750,52.800000000000004
14000,72.8
14250,68.8
14500,71.2
14750,92.0
15000,86.4
15250,89.60000000000001
15500,50.4
15750,46.0
16000,74.8
16250,90.8
16500,96.0
16750,40.400000000000006
17000,49.6
17250,58.8
17500,78.4
17750,81.6
18000,89.60000000000001
18250,72.39999999999999
18500,52.0
18750,76.8
19000,60.8
19250,44.0
19500,54.400000000000006
19750,54.400000000000006
20000,84.0
20250,71.6
20500,64.4
20750,97.6
21000,96.39999999999999
21250,93.2
21500,82.8
21750,98.8
22000,79.60000000000001
22250,70.8
22500,84.0
22750,56.39999999999999
23000,41.6
23250,40.0
23500,69.6
23750,66.4
24000,67.2
24250,93.60000000000001
24500,79.2
24750,86.4
25000,92.4
25250,60.8
25500,23.599999999999998
25750,9.6
26000,41.6
26250,44.800000000000004
26500,83.2
26750,80.4
27000,85.6
27250,77.60000000000001
27500,55.2
27750,80.0
28000,76.8
28250,89.60000000000001
28500,96.8
28750,93.60000000000001
29000,82.39999999999999
29250,72.8
29500,53.6
29750,68.0
30000,47.599999999999994
30250,56.39999999999999
30500,70.8
30750,59.599999999999994
31000,78.4
31250,94.8
31500,78.8
31750,88.4
32000,58.4
32250,70.8
32500,37.6
32750,72.0
33000,57.599999999999994
33250,82.39999999999999
33500,77.2
33750,29.599999999999998
34000,45.2
34250,60.0
34500,88.0
34750,83.6
35000,68.0
35250,58.4
35500,49.6
35750,51.2
36000,47.199999999999996
36250,67.2
36500,69.19999999999999
36750,76.8
37000,77.60000000000001
37250,87.2
37500,72.39999999999999
37750,69.19999999999999
38000,33.2
38250,57.99999999999999
38500,68.8
38750,50.8
39000,41.6
39250,70.39999999999999
39500,92.0
39750,91.60000000000001
40000,69.6
40250,85.2
40500,62.4
40750,89.2
41000,43.2
41250,80.0
41500,92.4
41750,81.6
42000,77.60000000000001
42250,54.400000000000006
42500,61.6
42750,92.80000000000001
43000,96.0
43250,96.8
43500,93.60000000000001
43750,97.6
44000,60.0
44250,100.0
44500,96.8
44750,76.0
45000,90.4
45250,78.4
45500,92.80000000000001
45750,91.2
46000,97.6
46250,54.400000000000006
46500,28.799999999999997
46750,57.599999999999994
47000,80.80000000000001
47250,43.2
47500,48.8
47750,69.6
48000,88.8
48250,96.8
48500,100.0
48750,99.2
49000,99.2
49250,99.2
49500,96.8
49750,96.0
50000,96.8
50250,87.2
50500,46.0
50750,60.8
51000,64.0
51250,95.6
51500,70.8
51750,97.6
52000,98.4
52250,96.8
52500,98.4
52750,99.2
53000,99.2
53250,100.0
53500,99.2
53750,99.2
54000,82.39999999999999
54250,76.8
54500,76.0
54750,98.8
55000,100.0
55250,82.8
55500,85.2
55750,97.6
56000,96.0
56250,88.0
56500,84.8
56750,90.4
57000,98.4
57250,100.0
57500,98.4
57750,93.60000000000001
58000,78.0
58250,82.39999999999999
58500,99.2
58750,89.60000000000001
59000,98.4
59250,92.0
59500,91.60000000000001
59750,62.0
60000,76.0
60250,83.6
60500,99.2
60750,74.0
61000,91.60000000000001
61250,87.6
61500,62.8
61750,41.199999999999996
62000,72.39999999999999
62250,38.4
62500,67.60000000000001
62750,76.0
63000,79.2
63250,58.4
63500,72.39999999999999
63750,79.60000000000001
64000,54.800000000000004
64250,90.8
64500,91.2
64750,98.4
65000,88.0
65250,81.2
65500,99.2
65750,95.19999999999999
66000,99.2
66250,100.0
66500,98.4
66750,80.80000000000001
67000,98.4
67250,100.0
67500,99.2
67750,92.80000000000001
68000,88.0
68250,94.39999999999999
68500,76.4
68750,95.19999999999999
69000,83.6
69250,78.8
69500,78.4
69750,92.80000000000001
70000,93.60000000000001
70250,98.4
70500,60.0
70750,95.19999999999999
71000,85.6
71250,92.80000000000001
71500,95.6
71750,100.0
72000,81.6
72250,95.19999999999999
72500,92.80000000000001
72750,88.8
73000,83.2
73250,98.4
73500,100.0
73750,98.4
74000,97.6
74250,99.2
74500,100.0
74750,98.8
75000,98.0
75250,100.0
75500,79.60000000000001
75750,79.60000000000001
76000,86.4
76250,90.0
76500,59.599999999999994
76750,96.0
77000,90.8
77250,94.0
77500,83.2
77750,98.4
78000,77.60000000000001
78250,93.60000000000001
78500,96.0
78750,99.2
79000,56.39999999999999
79250,66.0
79500,65.60000000000001
79750,54.0
80000,86.8
80250,76.0
80500,56.39999999999999
80750,73.6
81000,78.4
81250,74.0
81500,65.2
81750,74.4
82000,87.2
82250,84.8
82500,53.6
82750,88.0
83000,84.8
83250,79.60000000000001
83500,68.0
83750,66.0
84000,50.8
84250,45.6
84500,55.60000000000001
84750,76.8
85000,57.199999999999996
85250,62.8
85500,56.39999999999999
85750,66.8
86000,91.2
86250,87.2
86500,64.4
86750,93.60000000000001
87000,78.4
87250,85.6
87500,80.80000000000001
87750,51.2
88000,68.0
88250,52.0
88500,33.6
88750,74.0
89000,43.2
89250,68.0
89500,80.0
89750,75.6
90000,88.0
90250,70.0
90500,45.6
90750,48.0
91000,76.8
91250,44.4
91500,32.800000000000004
91750,56.8
92000,68.0
92250,49.2
92500,65.2
92750,61.6
93000,46.400000000000006
93250,46.400000000000006
93500,77.2
93750,98.0
94000,88.0
94250,72.39999999999999
94500,87.2
94750,88.8
95000,78.4
95250,92.0
95500,70.39999999999999
95750,56.00000000000001
96000,58.4
96250,60.4
96500,52.0
96750,65.2
97000,72.39999999999999
97250,78.0
97500,49.6
97750,81.6
98000,53.6
98250,74.0
98500,70.0
98750,64.4
99000,56.39999999999999
99250,54.800000000000004
99500,50.8
99750,56.00000000000001
100000,71.6
100250,75.6
100500,64.0
100750,73.2
101000,71.6
101250,46.400000000000006
101500,67.2
101750,70.8
102000,54.400000000000006
102250,59.199999999999996
102500,51.2
102750,75.2
103000,69.19999999999999
103250,62.4
103500,73.2
103750,47.599999999999994
104000,60.8
104250,39.2
104500,39.2
104750,75.6
105000,62.0
105250,22.0
105500,35.6
105750,80.4
106000,60.8
106250,46.400000000000006
106500,65.60000000000001
106750,60.0
107000,71.2
107250,87.6
107500,87.6
107750,94.39999999999999
108000,75.6
108250,60.4
108500,67.2
108750,86.4
109000,88.8
109250,84.8
109500,48.4
109750,66.0
110000,76.0
110250,74.4
110500,78.4
110750,93.60000000000001
111000,79.2
111250,92.0
111500,96.0
111750,99.2
112000,94.39999999999999
112250,88.8
112500,96.8
112750,83.2
113000,93.2
113250,71.2
113500,78.8
113750,94.39999999999999
114000,80.80000000000001
114250,72.0
114500,81.6
114750,93.60000000000001
115000,80.0
115250,82.0
115500,48.4
115750,75.2
116000,50.4
116250,65.60000000000001
116500,62.8
116750,56.39999999999999
117000,66.0
117250,96.0
117500,98.0
117750,68.4
118000,78.8
118250,85.6
118500,96.8
118750,93.2
119000,99.6
119250,88.8
119500,74.8
119750,75.6
120000,68.4
120250,87.6
120500,92.80000000000001
120750,89.60000000000001
121000,85.6
121250,78.8
121500,65.60000000000001
121750,94.0
122000,100.0
122250,57.199999999999996
122500,21.2
122750,16.0
123000,36.0
123250,50.0
123500,72.0
123750,53.2
124000,90.0
124250,95.19999999999999
124500,93.2
124750,99.2
125000,71.2
125250,21.6
125500,17.599999999999998
125750,20.0
126000,27.6
126250,58.4
126500,62.8
126750,22.8
127000,42.0
127250,78.4
127500,66.4
127750,59.199999999999996
128000,50.4
128250,20.8
128500,74.0
128750,38.0
129000,64.0
129250,73.2
129500,5.2
129750,18.8
130000,24.4
130250,64.4
130500,38.800000000000004
130750,55.2
131000,39.2
131250,16.8
131500,64.4
131750,75.6
132000,78.8
132250,50.0
132500,34.4
132750,37.6
133000,18.4
133250,27.6
133500,83.2
133750,84.39999999999999
