250,41.199999999999996
500,88.4
750,100.0
1000,80.4
1250,100.0
1500,91.60000000000001
1750,18.0
2000,42.8
2250,92.80000000000001
2500,42.8
2750,42.4
3000,49.2
3250,64.8
3500,56.00000000000001
3750,47.199999999999996
4000,20.8
4250,3.2
4500,22.400000000000002
4750,60.4
5000,67.60000000000001
5250,73.6
5500,50.8
5750,63.2
6000,46.400000000000006
6250,31.6
6500,16.8
6750,45.2
7000,23.599999999999998
7250,19.6
7500,54.400000000000006
7750,9.2
8000,16.8
8250,28.799999999999997
8500,52.800000000000004
8750,65.2
9000,88.8
9250,65.60000000000001
9500,68.4
9750,75.2
10000,32.0
10250,30.4
10500,42.4
10750,70.8
11000,60.0
11250,59.199999999999996
11500,92.0
11750,89.2
12000,88.4
12250,73.2
12500,48.4
12750,46.800000000000004
13000,72.0
13250,78.8
13500,73.2
13750,61.6
14000,84.8
14250,82.39999999999999
14500,72.8
14750,95.19999999999999
15000,86.4
15250,98.4
15500,70.0
15750,64.8
16000,78.4
16250,92.4
16500,98.4
16750,51.6
17000,52.800000000000004
17250,70.0
17500,88.8
17750,92.0
18000,91.2
18250,82.8
18500,68.0
18750,85.6
19000,62.4
19250,55.2
19500,61.6
19750,60.8
20000,94.8
20250,81.2
20500,87.6
20750,100.0
21000,99.2
21250,98.4
21500,94.8
21750,99.6
22000,88.8
22250,98.4
22500,89.60000000000001
22750,73.2
23000,52.800000000000004
23250,56.8
23500,70.39999999999999
23750,75.2
24000,83.2
24250,97.6
24500,80.80000000000001
24750,96.8
25000,96.39999999999999
25250,70.39999999999999
25500,23.599999999999998
25750,34.4
26000,89.60000000000001
26250,76.8
26500,84.0
26750,90.0
27000,87.2
27250,77.60000000000001
27500,57.599999999999994
27750,94.39999999999999
28000,89.60000000000001
28250,93.60000000000001
28500,97.6
28750,94.39999999999999
29000,83.2
29250,72.8
29500,74.0
29750,73.6
30000,59.599999999999994
30250,62.0
30500,78.0
30750,59.599999999999994
31000,81.6
31250,96.39999999999999
31500,86.0
31750,99.2
32000,78.0
32250,82.8
32500,56.00000000000001
32750,76.0
33000,70.39999999999999
33250,99.2
33500,88.4
33750,43.6
34000,51.2
34250,67.2
34500,92.0
34750,93.2
35000,85.6
35250,60.8
35500,57.599999999999994
35750,57.599999999999994
36000,60.0
36250,96.8
36500,90.0
36750,82.8
37000,77.60000000000001
37250,92.0
37500,92.4
37750,77.60000000000001
38000,44.800000000000004
38250,59.599999999999994
38500,72.39999999999999
38750,63.6
39000,62.8
39250,79.2
39500,92.0
39750,91.60000000000001
40000,69.6
40250,90.0
40500,89.60000000000001
40750,92.80000000000001
41000,50.0
41250,88.0
41500,92.4
41750,88.8
42000,77.60000000000001
42250,70.39999999999999
42500,70.39999999999999
42750,92.80000000000001
43000,96.0
43250,96.8
43500,94.39999999999999
43750,98.4
44000,63.2
44250,100.0
44500,96.8
44750,84.0
45000,96.8
45250,81.6
45500,94.39999999999999
45750,99.2
46000,100.0
46250,55.2
46500,40.0
46750,82.8
47000,83.2
47250,48.8
47500,80.80000000000001
47750,89.60000000000001
48000,94.39999999999999
48250,96.8
48500,100.0
48750,99.2
49000,99.2
49250,99.2
49500,97.6
49750,96.0
50000,99.2
50250,88.4
50500,60.8
50750,63.2
51000,92.80000000000001
51250,100.0
51500,76.8
51750,97.6
52000,98.4
52250,96.8
52500,98.4
52750,99.2
53000,99.2
53250,100.0
53500,99.2
53750,99.2
54000,95.19999999999999
54250,95.19999999999999
54500,76.0
54750,98.8
55000,100.0
55250,82.8
55500,85.2
55750,98.4
56000,99.2
56250,95.19999999999999
56500,98.4
56750,95.19999999999999
57000,99.2
57250,100.0
57500,99.2
57750,98.4
58000,99.2
58250,100.0
58500,100.0
58750,96.8
59000,100.0
59250,96.0
59500,94.0
59750,80.4
60000,88.8
60250,99.2
60500,100.0
60750,94.39999999999999
61000,100.0
61250,89.2
61500,73.2
61750,51.6
62000,78.0
62250,52.0
62500,74.8
62750,79.2
63000,90.4
63250,79.2
63500,78.0
63750,91.60000000000001
64000,69.6
64250,94.39999999999999
64500,92.0
64750,98.4
65000,92.0
65250,96.39999999999999
65500,100.0
65750,96.8
66000,100.0
66250,100.0
66500,99.2
66750,84.39999999999999
67000,98.4
67250,100.0
67500,100.0
67750,96.8
68000,96.0
68250,100.0
68500,95.19999999999999
68750,98.4
69000,99.2
69250,94.39999999999999
69500,79.2
69750,95.19999999999999
70000,93.60000000000001
70250,100.0
70500,65.60000000000001
70750,97.6
71000,92.80000000000001
71250,99.2
71500,96.39999999999999
71750,100.0
72000,100.0
72250,95.19999999999999
72500,93.60000000000001
72750,100.0
73000,94.39999999999999
73250,100.0
73500,100.0
73750,100.0
74000,97.6
74250,99.2
74500,100.0
74750,100.0
75000,98.4
75250,100.0
75500,79.60000000000001
75750,87.6
76000,95.19999999999999
76250,97.6
76500,80.80000000000001
76750,97.6
77000,97.6
77250,100.0
77500,98.4
77750,98.4
78000,78.4
78250,94.39999999999999
78500,96.0
78750,99.2
79000,76.8
79250,78.0
79500,66.4
79750,61.199999999999996
80000,87.6
80250,88.0
80500,64.8
80750,89.60000000000001
81000,92.80000000000001
81250,81.6
81500,76.8
81750,80.4
82000,91.2
82250,92.0
82500,78.4
82750,91.2
83000,87.2
83250,83.2
83500,82.8
83750,76.8
84000,64.4
84250,55.2
84500,64.4
84750,90.4
85000,61.199999999999996
85250,66.8
85500,82.39999999999999
85750,88.0
86000,92.80000000000001
86250,93.60000000000001
86500,97.6
86750,97.6
87000,81.6
87250,92.80000000000001
87500,90.8
87750,70.39999999999999
88000,88.0
88250,71.2
88500,44.0
88750,77.2
89000,52.800000000000004
89250,73.6
89500,89.60000000000001
89750,82.39999999999999
90000,94.39999999999999
90250,78.8
90500,60.0
90750,52.0
91000,92.0
91250,58.8
91500,43.6
91750,60.0
92000,77.60000000000001
92250,61.6
92500,79.60000000000001
92750,70.0
93000,52.0
93250,52.800000000000004
93500,83.6
93750,98.8
94000,90.4
94250,80.80000000000001
94500,97.6
94750,91.2
95000,82.39999999999999
95250,100.0
95500,76.8
95750,69.6
96000,76.0
96250,76.4
96500,84.0
96750,82.8
97000,78.0
97250,92.0
97500,70.0
97750,91.2
98000,60.0
98250,84.0
98500,82.0
98750,71.6
99000,71.2
99250,77.60000000000001
99500,66.4
99750,68.0
100000,80.4
100250,86.4
100500,78.4
100750,82.0
101000,87.2
101250,66.4
101500,79.2
101750,90.4
102000,74.0
102250,76.4
102500,82.39999999999999
102750,92.0
103000,89.60000000000001
103250,75.2
103500,82.0
103750,68.8
104000,76.8
104250,52.800000000000004
104500,46.400000000000006
104750,82.0
105000,82.8
105250,26.8
105500,43.6
105750,83.6
106000,64.8
106250,51.2
106500,68.8
106750,68.0
107000,71.2
107250,88.0
107500,91.2
107750,94.39999999999999
108000,85.6
108250,87.6
108500,80.80000000000001
108750,86.4
109000,88.8
109250,87.2
109500,65.60000000000001
109750,81.6
110000,82.39999999999999
110250,74.4
110500,80.0
110750,95.19999999999999
111000,80.80000000000001
111250,92.0
111500,96.0
111750,99.2
112000,97.6
112250,96.8
112500,97.6
112750,84.8
113000,95.6
113250,85.6
113500,86.8
113750,95.19999999999999
114000,84.0
114250,84.8
114500,87.2
114750,99.2
115000,84.8
115250,96.8
115500,91.2
115750,79.2
116000,62.4
116250,76.4
116500,72.39999999999999
116750,67.60000000000001
117000,74.8
117250,96.8
117500,98.8
117750,78.8
118000,84.39999999999999
118250,87.2
118500,96.8
118750,93.2
119000,99.6
119250,90.8
119500,77.2
119750,87.6
120000,86.0
120250,93.2
120500,97.6
120750,95.19999999999999
121000,88.4
121250,78.8
121500,74.8
121750,96.39999999999999
122000,100.0
122250,57.99999999999999
122500,34.8
122750,25.6
123000,49.6
123250,70.39999999999999
123500,72.0
123750,65.2
124000,94.8
124250,95.19999999999999
124500,94.0
124750,99.2
125000,71.2
125250,25.6
125500,23.200000000000003
125750,27.200000000000003
126000,38.4
126250,71.2
126500,70.8
126750,28.000000000000004
127000,53.2
127250,88.0
127500,73.6
127750,69.6
128000,60.0
128250,44.0
128500,74.8
128750,38.0
129000,64.0
129250,73.2
129500,9.2
129750,19.2
130000,24.4
130250,64.4
130500,43.6
130750,60.0
131000,48.0
131250,20.0
131500,75.2
131750,86.4
132000,80.80000000000001
132250,52.800000000000004
132500,44.800000000000004
132750,53.6
133000,20.4
133250,30.4
133500,86.0
133750,84.39999999999999
