16.803584764749814
45.25765496639283
51.60567587752054
39.80582524271845
42.71844660194174
50.78416728902165
16.878267363704257
25.01867064973861
22.10604929051531
14.86183719193428
10.455563853622106
18.073188946975353
11.725168035847648
5.003734129947722
20.911127707244212
5.37714712471994
6.796116504854369
10.604929051530993
22.778192681105303
15.608663181478716
9.932785660941
7.318894697535475
9.335324869305452
9.70873786407767
17.027632561613142
6.796116504854369
8.140403286034353
3.8834951456310676
10.380881254667662
13.517550410754295
27.632561613144134
10.007468259895443
9.858103061986558
0.8961911874533234
16.803584764749814
3.136669156086632
0.6721433905899925
6.796116504854369
1.0455563853622107
0.14936519790888725
3.8834951456310676
11.725168035847648
0.07468259895444362
8.289768483943242
3.8088125466766245
6.572068707991038
20.089619118745333
13.293502613890965
0.2987303958177745
0.0
0.14936519790888725
0.4480955937266617
4.779686333084392
1.2696041822255415
1.0455563853622107
0.0
1.7923823749066468
0.07468259895444362
5.6011949215832715
23.15160567587752
29.72367438386856
21.65795369678865
43.8386855862584
30.17176997759522
26.8857356235997
12.397311426437641
18.745332337565348
28.0806572068708
27.632561613144134
14.63778939507095
9.260642270351008
5.825242718446602
7.916355489171023
13.816280806572067
2.68857356235997
4.032860343539955
1.6430171769977595
13.069454817027632
15.459297983569828
17.849141150112025
13.517550410754295
12.77072442120986
9.70873786407767
2.389843166542196
8.439133681852129
7.617625093353249
15.235250186706498
4.480955937266617
2.912621359223301
3.8834951456310676
5.974607916355489
40.62733383121733
4.929051530993279
30.9932785660941
44.28678117998506
42.71844660194174
56.310679611650485
74.08513816280806
64.52576549663928
44.88424197162061
5750564
