250,41.199999999999996,0.0
500,88.4,0.0
750,100.0,0.0
1000,80.4,0.0
1250,100.0,0.0
1500,91.60000000000001,0.0
1750,18.0,0.0
2000,43.6,0.0
2250,92.80000000000001,0.0
2500,48.4,0.0
2750,44.4,9.929078014184398
3000,34.8,10.481283422459892
3250,64.0,2.7640671273445214
3500,53.2,11.405109489051094
3750,52.0,8.13953488372093
4000,16.0,5.037593984962406
4250,4.0,22.876304023845005
4500,46.400000000000006,5.820895522388059
4750,75.6,2.3255813953488373
5000,93.60000000000001,18.16160118606375
5250,71.6,1.0775862068965518
5500,49.2,5.259608900876602
5750,54.400000000000006,2.4691358024691357
6000,72.8,3.3187226048841576
6250,41.6,17.914919113241464
6500,31.2,7.181984175289105
6750,83.2,4.949314251639833
7000,31.6,9.977194982896236
7250,34.4,4.471808165910564
7500,60.8,4.796802131912059
7750,28.4,19.65174129353234
8000,67.2,9.367245657568239
8250,84.8,2.4271844660194173
8500,81.6,13.522427440633244
8750,99.2,6.274768824306473
9000,92.80000000000001,1.1363636363636365
9250,68.8,6.597774244833069
9500,74.4,10.651828298887123
9750,85.6,21.75925925925926
10000,59.599999999999994,44.632768361581924
10250,41.6,5.361050328227571
10500,64.0,2.674897119341564
10750,77.60000000000001,2.8375733855185907
11000,78.0,10.341463414634147
11250,73.2,9.940944881889765
11500,88.0,38.73517786561265
11750,95.6,45.03441494591937
12000,90.0,9.154228855721392
12250,68.8,10.657370517928287
12500,60.0,22.280887011615626
12750,95.19999999999999,13.564668769716087
13000,92.0,45.7233368532207
13250,99.6,41.45569620253164
13500,84.39999999999999,15.37645811240721
13750,88.8,11.099252934898612
14000,100.0,23.372465314834578
14250,98.4,35.82887700534759
14500,92.80000000000001,2.786709539121115
14750,100.0,21.114683815648448
15000,96.0,48.66879659211927
15250,98.4,3.22234156820623
15500,73.6,14.302461899179367
15750,84.39999999999999,16.987951807228914
16000,88.8,2.3030303030303028
16250,92.4,8.114856429463172
16500,100.0,2.247191011235955
16750,98.4,39.97509339975093
17000,80.4,10.218978102189782
17250,70.8,14.763552479815456
17500,97.6,28.901734104046245
17750,96.8,20.857473928157592
18000,92.80000000000001,15.207373271889402
18250,83.2,17.454954954954953
18500,98.0,5.274971941638609
18750,96.0,11.87010078387458
19000,77.60000000000001,11.440677966101696
19250,79.2,12.551020408163266
19500,78.4,22.718052738336713
19750,54.0,11.031664964249234
20000,94.0,32.17213114754098
20250,96.0,18.73727087576375
20500,82.0,14.576962283384301
20750,97.6,20.307692307692307
21000,99.2,25.281473899692937
21250,98.4,35.8974358974359
21500,98.4,21.025641025641026
21750,100.0,30.153846153846153
22000,94.39999999999999,14.01015228426396
22250,96.0,31.256384065372828
22500,93.60000000000001,30.272452068617557
22750,78.0,9.488272921108742
23000,83.2,32.42320819112628
23250,93.60000000000001,50.63437139561707
23500,83.2,11.875693673695894
23750,86.4,15.151515151515152
24000,94.39999999999999,22.234891676168758
24250,98.4,33.10423825887743
24500,86.4,12.840909090909092
24750,92.80000000000001,21.362586605080832
25000,93.2,16.861826697892273
25250,73.6,1.574803149606299
25500,30.4,10.371819960861057
25750,88.0,32.5
26000,71.2,27.061310782241016
26250,83.6,45.27027027027027
26500,97.2,49.77477477477478
26750,97.2,11.672278338945006
27000,88.4,2.89532293986637
27250,96.0,9.00900900900901
27500,64.0,0.8492569002123143
27750,99.2,13.906581740976645
28000,99.2,30.0
28250,97.6,27.4468085106383
28500,97.6,2.3404255319148937
28750,100.0,15.0
29000,84.8,14.810690423162583
29250,83.6,12.151616499442586
29500,70.8,30.105017502917153
29750,76.4,5.803571428571429
30000,85.6,13.412017167381974
30250,68.4,11.26461211477152
30500,94.0,18.803418803418804
30750,91.2,20.362473347547976
31000,76.8,20.851063829787233
31250,95.6,16.435432230522945
31500,86.0,11.8895966029724
31750,97.6,47.46494066882416
32000,86.0,17.581187010078388
32250,98.8,23.654708520179373
32500,71.2,5.69620253164557
32750,77.2,26.763717805151177
33000,94.8,1.6968325791855203
33250,100.0,38.86363636363636
33500,90.8,47.861271676300575
33750,66.8,6.318347509113001
34000,90.4,7.411907654921021
34250,99.2,29.454545454545457
34500,98.4,36.484848484848484
34750,98.0,37.530266343825666
35000,94.39999999999999,5.389221556886228
35250,84.0,3.236994219653179
35500,90.0,6.979405034324943
35750,88.0,5.442176870748299
36000,89.2,18.64594894561598
36250,100.0,22.86348501664817
36500,99.2,37.846836847946726
36750,100.0,49.83351831298557
37000,93.60000000000001,8.615049073064341
37250,98.4,15.092290988056462
37500,100.0,19.435396308360477
37750,90.4,37.56967670011148
38000,92.80000000000001,30.419977298524405
38250,98.8,74.82915717539863
38500,98.8,5.233219567690557
38750,71.6,3.50109409190372
39000,88.0,10.127931769722814
39250,66.8,25.70806100217865
39500,96.0,11.255411255411255
39750,96.0,36.492374727668846
40000,86.4,14.71264367816092
40250,89.60000000000001,41.935483870967744
40500,87.2,10.640732265446225
40750,98.4,30.919540229885058
41000,52.0,27.114427860696516
41250,88.0,2.973977695167286
41500,92.4,3.8366336633663365
41750,100.0,4.2131350681536555
42000,98.4,15.81569115815691
42250,99.2,55.666251556662516
42500,99.2,64.09937888198758
42750,99.2,65.25529265255294
43000,97.6,66.50062266500623
43250,97.6,15.403726708074533
43500,99.2,20.672478206724783
43750,98.4,5.9775840597758405
44000,72.0,12.485414235705951
44250,78.4,80.30112923462987
44500,99.2,80.55207026348809
44750,89.60000000000001,13.892365456821027
45000,97.6,23.845193508114857
45250,84.0,5.149700598802395
45500,97.6,23.649459783913564
45750,100.0,18.72749099639856
46000,100.0,38.055222088835535
46250,62.8,1.5184381778741864
46500,66.0,0.893743793445879
46750,85.6,19.195979899497488
47000,81.6,27.195767195767196
47250,92.80000000000001,14.659685863874344
47500,99.2,35.214211076280044
47750,99.2,34.659685863874344
48000,100.0,45.340314136125656
48250,99.2,4.712041884816754
48500,100.0,7.74869109947644
48750,100.0,46.38743455497382
49000,99.2,2.408376963350785
49250,99.2,31.93717277486911
49500,98.4,33.088235294117645
49750,99.2,34.067085953878404
50000,100.0,34.90566037735849
50250,100.0,38.259958071278824
50500,78.0,1.60481444332999
50750,91.2,11.698880976602238
51000,95.19999999999999,0.6179196704428425
51250,100.0,31.71987641606591
51500,99.2,30.13415892672859
51750,99.2,2.677651905252317
52000,99.2,4.6248715313463515
52250,98.4,2.9804727646454263
52500,100.0,10.071942446043165
52750,100.0,3.2955715756951593
53000,99.2,0.9268795056642637
53250,100.0,5.149330587023687
53500,100.0,10.732714138286893
53750,100.0,10.319917440660474
54000,98.4,17.543859649122805
54250,100.0,2.786377708978328
54500,96.0,11.099691675231243
54750,99.6,2.774922918807811
55000,100.0,24.049331963001027
55250,92.4,1.0309278350515463
55500,90.0,0.6179196704428425
55750,98.4,0.6160164271047228
56000,99.2,23.917525773195877
56250,100.0,13.608247422680412
56500,100.0,14.845360824742269
56750,100.0,5.567010309278351
57000,100.0,13.402061855670103
57250,100.0,11.34020618556701
57500,100.0,43.81443298969072
57750,100.0,35.4639175257732
58000,98.0,0.4136504653567736
58250,100.0,1.1375387797311272
58500,100.0,5.170630816959669
58750,97.6,32.25806451612903
59000,100.0,11.13423517169615
59250,100.0,6.971904266389179
59500,100.0,65.55671175858481
59750,100.0,65.76482830385015
60000,96.8,2.705515088449532
60250,100.0,5.411030176899064
60500,100.0,2.705515088449532
60750,100.0,66.59729448491156
61000,100.0,17.793964620187307
61250,99.6,55.833333333333336
61500,92.4,13.897596656217345
61750,68.0,8.646998982706002
62000,85.2,26.881720430107524
62250,93.60000000000001,24.03282532239156
62500,97.6,1.911589008363202
62750,100.0,5.137395459976105
63000,95.19999999999999,1.76678445229682
63250,95.19999999999999,21.26642771804062
63500,86.8,7.226107226107226
63750,86.0,3.506650544135429
64000,100.0,41.71704957678355
64250,100.0,7.013301088270858
64500,100.0,10.640870616686819
64750,100.0,1.0882708585247884
65000,99.2,35.94692400482509
65250,100.0,0.7255139056831923
65500,100.0,1.0882708585247884
65750,100.0,55.743651753325274
66000,100.0,55.98548972188634
66250,100.0,22.97460701330109
66500,100.0,56.2273276904474
66750,100.0,4.353083434099154
67000,100.0,0.7255139056831923
67250,100.0,3.0229746070133015
67500,100.0,32.769044740024185
67750,99.2,62.99879081015719
68000,100.0,64.20798065296252
68250,100.0,43.89359129383313
68500,100.0,3.6275695284159615
68750,100.0,2.418379685610641
69000,100.0,33.49455864570738
69250,100.0,67.83555018137848
69500,100.0,23.579201934703747
69750,95.19999999999999,14.147521160822249
70000,97.6,76.23049219687876
70250,100.0,21.968787515006003
70500,92.0,13.500597371565112
70750,98.4,25.02994011976048
71000,99.2,38.2953181272509
71250,100.0,49.57983193277311
71500,98.0,17.1875
71750,100.0,9.014423076923077
72000,100.0,6.971153846153847
72250,95.19999999999999,5.687203791469194
72500,100.0,2.251184834123223
72750,97.6,50.187265917603
73000,98.4,18.07980049875312
73250,100.0,20.848938826466917
73500,100.0,21.22347066167291
73750,100.0,6.6167290886392
74000,100.0,28.214731585518106
74250,100.0,32.45942571785269
74500,100.0,10.986267166042447
74750,100.0,57.30337078651685
75000,99.2,13.48314606741573
75250,100.0,16.978776529338326
75500,79.60000000000001,4.8959608323133414
75750,87.6,23.586040914560773
76000,88.8,19.950124688279303
76250,100.0,44.13965087281795
76500,82.39999999999999,10.119047619047619
76750,100.0,5.238095238095238
77000,98.8,15.338882282996433
77250,100.0,19.976218787158146
77500,100.0,14.149821640903687
77750,100.0,1.6646848989298455
78000,92.0,6.301050175029172
78250,98.4,28.604923798358733
78500,100.0,34.34935521688159
78750,100.0,23.329425556858148
79000,83.6,7.234539089848307
79250,87.6,4.900816802800467
79500,67.2,9.523809523809524
79750,75.6,2.19435736677116
80000,56.39999999999999,12.5
80250,88.0,7.549234135667396
80500,68.0,11.771058315334773
80750,70.8,0.562429696287964
81000,95.19999999999999,28.95622895622896
81250,82.39999999999999,29.34131736526946
81500,84.0,16.0
81750,83.2,22.90167865707434
82000,96.8,23.97094430992736
82250,97.6,5.662650602409639
82500,93.60000000000001,23.095238095238095
82750,92.80000000000001,22.518159806295397
83000,94.39999999999999,21.514423076923077
83250,76.0,10.09501187648456
83500,92.80000000000001,15.393794749403341
83750,73.6,6.074766355140187
84000,93.60000000000001,11.33177570093458
84250,90.0,5.868814729574224
84500,78.8,10.321100917431194
84750,96.0,27.262180974477957
85000,100.0,19.02552204176334
85250,92.0,55.59440559440559
85500,88.0,32.82352941176471
85750,95.19999999999999,9.01639344262295
86000,97.6,24.707259953161593
86250,100.0,20.140515222482435
86500,100.0,47.18969555035129
86750,99.2,49.05882352941177
87000,98.4,29.039812646370024
87250,96.8,12.383177570093459
87500,97.6,7.314148681055157
87750,93.60000000000001,22.921615201900238
88000,98.4,40.973871733966746
88250,88.8,1.7321016166281753
88500,77.2,6.841505131128849
88750,78.8,21.754807692307693
89000,89.60000000000001,23.976608187134502
89250,77.2,7.957244655581948
89500,98.0,3.329369797859691
89750,92.80000000000001,14.026602176541717
90000,94.0,35.36585365853659
90250,86.4,18.333333333333332
90500,74.0,4.0887850467289715
90750,64.0,10.380622837370241
91000,84.8,33.941605839416056
91250,83.2,6.810035842293908
91500,60.0,8.622620380739082
91750,82.0,23.08584686774942
92000,92.80000000000001,15.61771561771562
92250,84.8,18.838862559241708
92500,91.60000000000001,21.93087008343266
92750,98.4,40.7185628742515
93000,94.8,21.852731591448933
93250,80.0,5.0228310502283104
93500,80.0,17.832167832167833
93750,100.0,24.825174825174827
94000,90.0,8.275058275058274
94250,80.80000000000001,9.866962305986696
94500,82.39999999999999,3.4722222222222223
94750,95.19999999999999,35.86448598130841
95000,91.2,17.505995203836928
95250,99.2,56.85096153846154
95500,89.60000000000001,62.76595744680851
95750,91.2,16.908212560386474
96000,96.8,70.0
96250,92.0,15.384615384615385
96500,97.6,36.09756097560975
96750,94.39999999999999,47.46376811594203
97000,75.6,5.029239766081871
97250,92.4,26.11241217798595
97500,97.6,2.2144522144522143
97750,99.2,27.920560747663554
98000,82.39999999999999,6.185567010309279
98250,88.8,19.525959367945823
98500,93.60000000000001,2.840909090909091
98750,87.2,11.373873873873874
99000,92.0,13.205417607223477
99250,98.4,35.40723981900452
99500,96.8,42.081447963800905
99750,90.4,18.337129840546698
100000,99.2,39.77142857142857
100250,97.6,66.70480549199085
100500,88.0,4.842342342342342
100750,100.0,28.265765765765767
101000,92.0,32.325581395348834
101250,99.2,3.488372093023256
101500,99.2,65.54524361948955
101750,98.4,24.709976798143853
102000,99.2,11.7169373549884
102250,97.6,52.78422273781903
102500,100.0,49.651972157772626
102750,99.2,54.06976744186046
103000,100.0,25.348837209302328
103250,80.4,10.867052023121387
103500,92.0,24.046242774566473
103750,90.8,28.095238095238095
104000,73.6,13.182897862232778
104250,91.2,9.692671394799055
104500,78.8,9.059633027522935
104750,89.60000000000001,23.826291079812208
105000,99.2,15.529411764705884
105250,48.0,18.063112078346027
105500,80.4,4.854368932038835
105750,96.0,34.527687296416936
106000,97.6,16.48590021691974
106250,56.00000000000001,0.20202020202020202
106500,78.0,7.360157016683022
106750,86.4,4.6021093000958775
107000,70.39999999999999,18.005808325266216
107250,93.60000000000001,31.60518444666002
107500,96.0,37.487636003956474
107750,92.0,18.780727630285153
108000,72.0,7.568113017154389
108250,83.6,52.10526315789473
108500,84.0,0.6479481641468683
108750,86.4,2.373247033441208
109000,99.6,7.991360691144708
109250,96.0,27.074235807860266
109500,84.8,10.962241169305726
109750,98.4,53.85556915544676
110000,97.6,62.57668711656442
110250,98.4,70.87980173482032
110500,96.0,24.537607891491987
110750,95.19999999999999,12.469135802469136
111000,84.8,19.263803680981596
111250,92.0,16.768665850673194
111500,95.19999999999999,11.931119311193111
111750,97.6,37.7008652657602
112000,99.2,43.13967861557478
112250,99.2,24.474660074165637
112500,98.4,7.380073800738007
112750,94.39999999999999,2.4242424242424243
113000,97.2,12.922705314009661
113250,84.8,4.767726161369193
113500,91.60000000000001,23.757575757575758
113750,98.0,23.849878934624698
114000,93.2,8.47255369928401
114250,89.60000000000001,8.442330558858501
114500,92.0,11.743772241992882
114750,95.6,29.43305186972256
115000,77.2,9.112709832134293
115250,95.6,33.535108958837775
115500,95.19999999999999,24.6690734055355
115750,79.2,8.974358974358974
116000,83.2,5.168539325842696
116250,66.0,7.167235494880546
116500,84.39999999999999,3.455964325529543
116750,80.80000000000001,9.761388286334057
117000,92.80000000000001,11.487964989059082
117250,99.2,8.752735229759299
117500,100.0,21.663019693654267
117750,98.4,7.8431372549019605
118000,100.0,15.40983606557377
118250,96.8,39.603960396039604
118500,100.0,40.7040704070407
118750,94.39999999999999,4.29042904290429
119000,99.6,19.340659340659343
119250,96.39999999999999,20.9020902090209
119500,100.0,41.47414741474147
119750,98.8,4.966887417218543
120000,89.60000000000001,5.010893246187364
120250,86.8,13.114754098360656
120500,91.2,33.00110741971207
120750,99.2,57.39710789766407
121000,96.39999999999999,39.75501113585746
121250,83.6,10.099889012208656
121500,86.8,13.858093126385809
121750,94.39999999999999,25.503355704697988
122000,99.6,2.9115341545352744
122250,57.99999999999999,3.5070140280561124
122500,36.4,6.65514261019879
122750,53.6,5.012325390304026
123000,68.0,25.04638218923933
123250,68.4,1.7000000000000002
123500,93.60000000000001,8.241206030150753
123750,98.4,30.452261306532662
124000,99.2,3.2225579053373616
124250,94.0,15.895372233400401
124500,95.6,17.282717282717282
124750,100.0,6.920762286860582
125000,84.8,6.54296875
125250,44.4,11.411149825783973
125500,48.4,4.3409629044988165
125750,65.2,4.932735426008969
126000,71.6,0.7326007326007326
126250,64.0,13.002191380569759
126500,70.0,2.025931928687196
126750,40.0,11.73469387755102
127000,50.0,15.464684014869889
127250,74.8,8.294573643410853
127500,62.0,4.247104247104247
127750,59.199999999999996,7.698113207547169
128000,78.4,18.51851851851852
128250,60.0,3.5430224150397684
128500,81.6,0.8614501076812634
128750,46.800000000000004,6.31296171927468
129000,48.0,0.5128205128205128
129250,72.8,2.666666666666667
129500,11.600000000000001,4.993514915693904
129750,25.6,2.1101992966002343
130000,23.200000000000003,3.229398663697105
130250,56.8,2.8301886792452833
130500,17.2,7.479224376731302
130750,48.8,1.08991825613079
131000,24.0,6.604324956165984
131250,30.8,11.916167664670658
131500,70.39999999999999,1.8713450292397662
131750,68.8,7.318573185731856
132000,87.6,6.958128078817734
132250,48.8,7.334525939177102
132500,58.8,8.398320335932812
132750,72.8,24.670571010248903
133000,61.199999999999996,5.334728033472803
133250,46.800000000000004,0.6263048016701461
133500,88.8,0.717948717948718
133750,84.0,1.4141414141414141
