250,31.2,0.0
500,79.2,0.0
750,92.0,0.0
1000,46.0,0.0
1250,100.0,0.0
1500,88.8,0.0
1750,2.4,0.0
2000,24.8,0.0
2250,16.8,0.0
2500,20.0,0.0
2750,3.5999999999999996,0.0
3000,6.0,0.0
3250,28.799999999999997,0.0
3500,29.2,0.0
3750,20.4,0.0
4000,7.199999999999999,0.0
4250,2.4,0.0
4500,12.4,0.0
4750,18.8,0.0
5000,7.199999999999999,0.0
5250,14.799999999999999,0.0
5500,7.6,0.0
5750,10.4,0.0
6000,14.000000000000002,0.0
6250,13.200000000000001,0.0
6500,7.6,0.0
6750,21.6,0.0
7000,5.6000000000000005,0.0
7250,17.599999999999998,0.0
7500,12.8,0.0
7750,2.0,0.0
8000,1.6,0.0
8250,18.8,0.0
8500,9.6,0.0
8750,8.4,0.0
9000,4.8,0.0
9250,24.0,0.0
9500,16.0,0.0
9750,11.200000000000001,0.0
10000,19.2,0.0
10250,3.5999999999999996,0.0
10500,8.4,0.0
10750,22.400000000000002,0.0
11000,24.8,0.0
11250,12.0,0.0
11500,19.2,0.0
11750,40.0,0.0
12000,18.4,0.0
12250,15.2,0.0
12500,14.399999999999999,0.0
12750,11.200000000000001,0.0
13000,26.400000000000002,0.0
13250,14.799999999999999,0.0
13500,16.8,0.0
13750,16.8,0.0
14000,34.0,0.0
14250,18.8,0.0
14500,17.599999999999998,0.0
14750,24.8,0.0
15000,26.8,0.0
15250,20.0,0.0
15500,6.0,0.0
15750,13.200000000000001,0.0
16000,40.8,0.0
16250,72.0,0.0
16500,80.0,0.0
16750,3.2,0.0
17000,3.2,0.0
17250,23.200000000000003,0.0
17500,15.2,0.0
17750,17.599999999999998,0.0
18000,44.0,0.0
18250,23.200000000000003,0.0
18500,13.600000000000001,0.0
18750,18.0,0.0
19000,16.0,0.0
19250,12.8,0.0
19500,3.2,0.0
19750,16.0,0.0
20000,23.200000000000003,0.0
20250,16.8,0.0
20500,26.400000000000002,0.0
20750,20.0,0.0
21000,11.200000000000001,0.0
21250,17.599999999999998,0.0
21500,23.200000000000003,0.0
21750,15.2,0.0
22000,8.799999999999999,0.0
22250,18.0,0.0
22500,8.0,0.0
22750,11.200000000000001,0.0
23000,7.199999999999999,0.0
23250,12.0,0.0
23500,24.8,0.0
23750,22.400000000000002,0.0
24000,24.0,0.0
24250,25.6,0.0
24500,14.399999999999999,0.0
24750,12.4,0.0
25000,23.200000000000003,0.0
25250,9.6,0.0
25500,7.199999999999999,0.0
25750,1.6,0.0
26000,4.0,0.0
26250,9.6,0.0
26500,22.400000000000002,0.0
26750,28.4,0.0
27000,20.0,0.0
27250,18.4,0.0
27500,4.8,0.0
27750,20.4,0.0
28000,25.6,0.0
28250,18.4,0.0
28500,22.8,0.0
28750,12.4,0.0
29000,29.2,0.0
29250,6.800000000000001,0.0
29500,17.599999999999998,0.0
29750,16.8,0.0
30000,0.8,0.0
30250,20.0,0.0
30500,10.8,0.0
30750,17.599999999999998,0.0
31000,19.6,0.0
31250,10.4,0.0
31500,12.0,0.0
31750,8.799999999999999,0.0
32000,8.799999999999999,0.0
32250,20.0,0.0
32500,12.4,0.0
32750,6.4,0.0
33000,7.6,0.0
33250,15.6,0.0
33500,13.600000000000001,0.0
33750,8.0,0.0
34000,10.4,0.0
34250,5.6000000000000005,0.0
34500,18.4,0.0
34750,12.4,0.0
35000,18.4,0.0
35250,11.600000000000001,0.0
35500,14.799999999999999,0.0
35750,8.4,0.0
36000,8.0,0.0
36250,10.4,0.0
36500,19.6,0.0
36750,7.199999999999999,0.0
37000,12.0,0.0
37250,23.200000000000003,0.0
37500,20.4,0.0
37750,10.4,0.0
38000,0.0,0.0
38250,6.4,0.0
38500,18.4,0.0
38750,8.4,0.0
39000,14.799999999999999,0.0
39250,23.599999999999998,0.0
39500,18.4,0.0
39750,12.0,0.0
40000,25.6,0.0
40250,20.0,0.0
40500,4.8,0.0
40750,4.3999999999999995,0.0
41000,0.8,0.0
41250,48.8,0.0
41500,92.0,0.0
41750,54.400000000000006,0.0
42000,18.4,0.0
42250,16.0,0.0
42500,9.6,0.0
42750,16.0,0.0
43000,14.399999999999999,0.0
43250,23.599999999999998,0.0
43500,16.8,0.0
43750,46.800000000000004,0.0
44000,18.0,0.0
44250,34.4,0.0
44500,17.599999999999998,0.0
44750,11.600000000000001,0.0
45000,16.8,0.0
45250,7.199999999999999,0.0
45500,20.8,0.0
45750,12.4,0.0
46000,24.4,0.0
46250,3.2,0.0
46500,16.0,0.0
46750,17.599999999999998,0.0
47000,20.0,0.0
47250,3.2,0.0
47500,0.8,0.0
47750,25.6,0.0
48000,23.200000000000003,0.0
48250,64.8,0.0
48500,70.8,0.0
48750,64.0,0.0
49000,72.0,0.0
49250,73.6,0.0
49500,50.4,0.0
49750,48.8,0.0
50000,71.2,0.0
50250,52.800000000000004,0.0
50500,5.2,0.0
50750,12.4,0.0
51000,8.0,0.0
51250,64.4,0.0
51500,32.0,0.0
51750,34.8,0.0
52000,75.2,0.0
52250,44.800000000000004,0.0
52500,53.2,0.0
52750,60.0,0.0
53000,65.60000000000001,0.0
53250,52.0,0.0
53500,50.0,0.0
53750,60.0,0.0
54000,22.8,0.0
54250,34.8,0.0
54500,9.6,0.0
54750,14.000000000000002,0.0
55000,31.6,0.0
55250,31.6,0.0
55500,63.6,0.0
55750,72.8,0.0
56000,20.8,0.0
56250,32.800000000000004,0.0
56500,18.0,0.0
56750,33.2,0.0
57000,56.39999999999999,0.0
57250,53.2,0.0
57500,28.799999999999997,0.0
57750,20.4,0.0
58000,21.6,0.0
58250,75.2,0.0
58500,87.6,0.0
58750,15.2,0.0
59000,22.8,0.0
59250,22.8,0.0
59500,32.0,0.0
59750,14.000000000000002,0.0
60000,19.2,0.0
60250,72.39999999999999,0.0
60500,92.4,0.0
60750,9.6,0.0
61000,16.0,0.0
61250,29.599999999999998,0.0
61500,10.4,0.0
61750,12.0,0.0
62000,7.199999999999999,0.0
62250,2.4,0.0
62500,14.399999999999999,0.0
62750,56.39999999999999,0.0
63000,44.4,0.0
63250,26.0,0.0
63500,18.0,0.0
63750,24.4,0.0
64000,9.2,0.0
64250,32.4,0.0
64500,57.599999999999994,0.0
64750,48.0,0.0
65000,29.599999999999998,0.0
65250,72.39999999999999,0.0
65500,99.2,0.0
65750,22.400000000000002,0.0
66000,18.4,0.0
66250,21.6,0.0
66500,40.8,0.0
66750,20.4,0.0
67000,72.0,0.0
67250,95.19999999999999,0.0
67500,19.2,0.0
67750,26.8,0.0
68000,30.0,0.0
68250,19.2,0.0
68500,46.400000000000006,0.0
68750,85.2,0.0
69000,28.799999999999997,0.0
69250,21.6,0.0
69500,15.2,0.0
69750,15.2,0.0
70000,17.2,0.0
70250,32.800000000000004,0.0
70500,7.199999999999999,0.0
70750,8.799999999999999,0.0
71000,8.799999999999999,0.0
71250,9.6,0.0
71500,50.4,0.0
71750,68.4,0.0
72000,11.200000000000001,0.0
72250,26.400000000000002,0.0
72500,44.0,0.0
72750,14.000000000000002,0.0
73000,20.0,0.0
73250,14.399999999999999,0.0
73500,40.8,0.0
73750,66.8,0.0
74000,61.199999999999996,0.0
74250,31.6,0.0
74500,40.8,0.0
74750,67.60000000000001,0.0
75000,59.199999999999996,0.0
75250,28.4,0.0
75500,19.6,0.0
75750,10.4,0.0
76000,16.0,0.0
76250,4.0,0.0
76500,1.2,0.0
76750,36.8,0.0
77000,21.2,0.0
77250,23.200000000000003,0.0
77500,19.2,0.0
77750,36.4,0.0
78000,49.2,0.0
78250,16.8,0.0
78500,14.399999999999999,0.0
78750,35.6,0.0
79000,9.2,0.0
79250,13.600000000000001,0.0
79500,15.2,0.0
79750,21.2,0.0
80000,16.0,0.0
80250,8.0,0.0
80500,7.199999999999999,0.0
80750,16.400000000000002,0.0
81000,18.8,0.0
81250,12.8,0.0
81500,4.0,0.0
81750,8.4,0.0
82000,24.8,0.0
82250,22.8,0.0
82500,11.200000000000001,0.0
82750,4.8,0.0
83000,14.000000000000002,0.0
83250,24.8,0.0
83500,20.0,0.0
83750,18.4,0.0
84000,8.799999999999999,0.0
84250,4.8,0.0
84500,6.4,0.0
84750,17.599999999999998,0.0
85000,6.0,0.0
85250,4.8,0.0
85500,5.6000000000000005,0.0
85750,7.199999999999999,0.0
86000,28.4,0.0
86250,16.0,0.0
86500,2.4,0.0
86750,4.8,0.0
87000,21.6,0.0
87250,28.799999999999997,0.0
87500,17.2,0.0
87750,3.2,0.0
88000,1.6,0.0
88250,5.6000000000000005,0.0
88500,1.6,0.0
88750,12.0,0.0
89000,3.5999999999999996,0.0
89250,11.200000000000001,0.0
89500,8.799999999999999,0.0
89750,17.2,0.0
90000,9.2,0.0
90250,5.6000000000000005,0.0
90500,11.200000000000001,0.0
90750,7.199999999999999,0.0
91000,6.800000000000001,0.0
91250,13.600000000000001,0.0
91500,7.6,0.0
91750,5.2,0.0
92000,13.600000000000001,0.0
92250,4.0,0.0
92500,13.600000000000001,0.0
92750,7.199999999999999,0.0
93000,12.0,0.0
93250,11.200000000000001,0.0
93500,8.0,0.0
93750,28.4,0.0
94000,24.4,0.0
94250,12.4,0.0
94500,8.0,0.0
94750,2.4,0.0
95000,11.200000000000001,0.0
95250,5.6000000000000005,0.0
95500,6.0,0.0
95750,9.6,0.0
96000,11.600000000000001,0.0
96250,3.2,0.0
96500,16.0,0.0
96750,9.2,0.0
97000,19.2,0.0
97250,8.799999999999999,0.0
97500,5.2,0.0
97750,8.0,0.0
98000,7.199999999999999,0.0
98250,10.4,0.0
98500,2.0,0.0
98750,6.0,0.0
99000,4.0,0.0
99250,7.199999999999999,0.0
99500,3.2,0.0
99750,13.200000000000001,0.0
100000,12.0,0.0
100250,9.6,0.0
100500,7.6,0.0
100750,12.0,0.0
101000,4.0,0.0
101250,6.0,0.0
101500,6.800000000000001,0.0
101750,26.400000000000002,0.0
102000,3.5999999999999996,0.0
102250,12.0,0.0
102500,7.199999999999999,0.0
102750,16.0,0.0
103000,20.0,0.0
103250,17.599999999999998,0.0
103500,13.600000000000001,0.0
103750,7.199999999999999,0.0
104000,5.6000000000000005,0.0
104250,4.0,0.0
104500,6.0,0.0
104750,14.799999999999999,0.0
105000,6.4,0.0
105250,2.4,0.0
105500,5.2,0.0
105750,6.0,0.0
106000,10.8,0.0
106250,6.800000000000001,0.0
106500,22.8,0.0
106750,23.200000000000003,0.0
107000,17.599999999999998,0.0
107250,20.0,0.0
107500,8.799999999999999,0.0
107750,11.200000000000001,0.0
108000,18.0,0.0
108250,9.2,0.0
108500,27.200000000000003,0.0
108750,86.4,0.0
109000,73.2,0.0
109250,26.8,0.0
109500,3.5999999999999996,0.0
109750,17.2,0.0
110000,20.8,0.0
110250,25.6,0.0
110500,12.8,0.0
110750,22.400000000000002,0.0
111000,13.200000000000001,0.0
111250,12.0,0.0
111500,34.0,0.0
111750,47.599999999999994,0.0
112000,36.0,0.0
112250,13.600000000000001,0.0
112500,30.4,0.0
112750,15.6,0.0
113000,9.6,0.0
113250,15.6,0.0
113500,13.200000000000001,0.0
113750,27.6,0.0
114000,8.799999999999999,0.0
114250,17.2,0.0
114500,14.399999999999999,0.0
114750,18.8,0.0
115000,17.2,0.0
115250,8.4,0.0
115500,14.000000000000002,0.0
115750,18.0,0.0
116000,7.6,0.0
116250,20.4,0.0
116500,20.4,0.0
116750,18.0,0.0
117000,14.399999999999999,0.0
117250,58.8,0.0
117500,37.2,0.0
117750,27.6,0.0
118000,15.2,0.0
118250,9.6,0.0
118500,48.0,0.0
118750,55.60000000000001,0.0
119000,17.2,0.0
119250,19.6,0.0
119500,17.599999999999998,0.0
119750,14.799999999999999,0.0
120000,17.2,0.0
120250,9.6,0.0
120500,20.0,0.0
120750,4.3999999999999995,0.0
121000,59.199999999999996,0.0
121250,37.2,0.0
121500,0.4,0.0
121750,18.8,0.0
122000,25.2,0.0
122250,22.8,0.0
122500,0.8,0.0
122750,9.6,0.0
123000,9.6,0.0
123250,28.799999999999997,0.0
123500,42.4,0.0
123750,14.399999999999999,0.0
124000,12.0,0.0
124250,32.800000000000004,0.0
124500,27.6,0.0
124750,38.0,0.0
125000,13.200000000000001,0.0
125250,1.6,0.0
125500,4.0,0.0
125750,3.2,0.0
126000,18.4,0.0
126250,22.0,0.0
126500,26.0,0.0
126750,1.2,0.0
127000,3.2,0.0
127250,13.200000000000001,0.0
127500,6.4,0.0
127750,7.199999999999999,0.0
128000,4.0,0.0
128250,1.6,0.0
128500,74.0,0.0
128750,38.0,0.0
129000,56.39999999999999,0.0
129250,72.39999999999999,0.0
129500,4.3999999999999995,0.0
129750,16.8,0.0
130000,21.6,0.0
130250,55.2,0.0
130500,11.600000000000001,0.0
130750,22.0,0.0
131000,12.0,0.0
131250,1.6,0.0
131500,30.0,0.0
131750,26.0,0.0
132000,18.4,0.0
132250,20.0,0.0
132500,16.400000000000002,0.0
132750,10.8,0.0
133000,3.2,0.0
133250,23.599999999999998,0.0
133500,83.2,0.0
133750,84.39999999999999,0.0
