250,41.199999999999996,100.0
500,88.4,100.0
750,100.0,100.0
1000,80.4,100.0
1250,100.0,100.0
1500,91.60000000000001,100.0
1750,18.0,100.0
2000,43.6,100.0
2250,92.80000000000001,9.836065573770492
2500,48.4,39.48439620081411
2750,16.400000000000002,31.007751937984494
3000,12.8,38.613861386138616
3250,63.2,43.43891402714932
3500,52.400000000000006,48.601036269430054
3750,52.0,55.452003727865794
4000,16.0,61.96830692243537
4250,4.0,67.87778695293146
4500,46.400000000000006,71.78423236514523
4750,74.0,74.17162276975361
5000,93.60000000000001,74.9371332774518
5250,71.6,76.1788617886179
5500,47.599999999999994,78.87537993920972
5750,53.6,80.38207200587803
6000,72.8,82.22698072805139
6250,40.8,88.7762490948588
6500,29.599999999999998,99.82964224872232
6750,74.0,96.60152931180968
7000,18.0,93.82530120481928
7250,34.4,94.02985074626866
7500,46.400000000000006,94.57308248914616
7750,11.600000000000001,98.3657587548638
8000,58.8,99.66777408637874
8250,72.8,99.43019943019942
8500,66.4,89.55042527339003
8750,85.2,93.67396593673966
9000,88.8,94.69790382244143
9250,66.4,94.70672389127324
9500,71.2,95.09933774834437
9750,79.60000000000001,92.12034383954155
10000,57.599999999999994,93.89312977099237
10250,39.6,90.91981132075472
10500,55.2,92.66365688487585
10750,76.8,93.04068522483941
11000,75.6,88.14139110604333
11250,70.8,84.21052631578947
11500,87.2,84.82758620689656
11750,94.0,85.40229885057471
12000,89.60000000000001,86.79906542056075
12250,68.0,87.35763097949885
12500,54.0,62.295081967213115
12750,74.8,77.45839636913767
13000,87.2,80.8095952023988
13250,90.8,82.83582089552239
13500,82.39999999999999,84.9645390070922
13750,84.0,89.76486860304288
14000,92.80000000000001,85.95271210013908
14250,92.4,91.10169491525424
14500,77.2,86.56716417910447
14750,95.19999999999999,86.44578313253012
15000,86.4,89.16913946587538
15250,93.60000000000001,88.51963746223565
15500,72.8,83.67647058823529
15750,77.2,57.67366720516963
16000,88.8,68.64951768488746
16250,92.4,72.58064516129032
16500,98.4,73.54838709677419
16750,66.8,91.56050955414013
17000,60.8,92.66770670826833
17250,69.19999999999999,64.26512968299711
17500,97.6,55.172413793103445
17750,96.0,61.38328530259366
18000,88.0,63.59712230215827
18250,76.8,67.08860759493672
18500,90.8,78.56135401974612
18750,91.2,82.88920056100982
19000,72.0,86.72680412371135
19250,74.4,91.36868064118372
19500,76.8,96.4332892998679
19750,52.0,79.32489451476793
20000,93.2,80.31161473087819
20250,93.60000000000001,85.87570621468926
20500,80.4,87.48221906116643
20750,97.6,87.08751793400286
21000,99.2,87.1244635193133
21250,98.4,87.94835007173602
21500,96.0,89.92805755395683
21750,100.0,89.92805755395683
22000,93.60000000000001,90.92198581560284
22250,96.0,91.13018597997139
22500,89.60000000000001,98.4567901234568
22750,78.0,87.8234398782344
23000,72.0,91.56118143459916
23250,83.2,99.15848527349227
23500,78.4,86.5047233468286
23750,67.2,81.15746971736203
24000,92.0,83.53909465020575
24250,97.6,83.40248962655602
24500,84.8,85.7331571994716
24750,86.4,80.69930069930071
25000,93.2,81.86968838526913
25250,73.6,90.52333804809052
25500,30.4,95.45454545454545
25750,79.2,93.27628361858191
26000,63.2,60.803324099722985
26250,82.0,60.32448377581121
26500,86.4,66.42011834319527
26750,91.60000000000001,69.80854197349042
27000,85.6,19.040697674418606
27250,79.2,43.613707165109034
27500,60.0,58.309859154929576
27750,89.60000000000001,55.587392550143264
28000,96.0,63.61031518624641
28250,92.80000000000001,65.80459770114942
28500,96.8,65.99423631123919
28750,100.0,68.29971181556196
29000,84.0,70.95890410958904
29250,71.2,74.48840381991815
29500,63.2,78.581173260573
29750,76.4,82.25388601036269
30000,74.8,83.4850455136541
30250,64.0,55.25965379494008
30500,92.4,67.59530791788856
30750,88.8,80.35190615835776
31000,76.0,73.38235294117646
31250,94.8,67.30486008836525
31500,85.2,11.176470588235295
31750,97.6,24.777448071216618
32000,82.0,13.505311077389983
32250,98.0,39.696969696969695
32500,70.39999999999999,57.54189944134078
32750,77.2,37.16951788491446
33000,94.8,22.8125
33250,100.0,46.69811320754717
33500,90.4,63.262195121951216
33750,57.199999999999996,38.15967523680649
34000,80.0,62.200282087447114
34250,98.4,74.9648382559775
34500,92.80000000000001,77.71509167842031
34750,97.2,79.43661971830987
35000,92.80000000000001,82.7972027972028
35250,61.6,83.45428156748912
35500,74.4,72.22222222222221
35750,72.0,75.29411764705883
36000,76.4,75.73632538569424
36250,84.8,56.888888888888886
36500,97.6,66.81481481481481
36750,96.0,73.48148148148148
37000,77.60000000000001,79.2507204610951
37250,96.0,80.28571428571428
37500,96.8,81.42857142857143
37750,82.8,84.26051560379919
38000,78.4,95.19890260631001
38250,88.8,97.11815561959655
38500,93.60000000000001,99.13294797687861
38750,63.6,79.11931818181817
39000,86.4,85.89041095890411
39250,65.60000000000001,61.369863013698634
39500,95.19999999999999,63.48773841961853
39750,96.0,58.92857142857143
40000,73.2,67.51677852348993
40250,87.6,69.17900403768506
40500,86.4,72.3055934515689
40750,98.4,74.62277091906722
41000,51.2,88.09891808346212
41250,88.0,94.04388714733543
41500,91.60000000000001,96.40625
41750,95.6,99.50738916256158
42000,77.60000000000001,71.5702479338843
42250,81.6,84.79338842975207
42500,74.4,79.75270479134467
42750,97.6,53.66614664586583
43000,95.19999999999999,51.330203442879494
43250,96.8,53.66614664586583
43500,93.60000000000001,56.20094191522763
43750,98.4,57.45682888540031
44000,70.39999999999999,66.2873399715505
44250,73.6,3.79746835443038
44500,99.2,33.54430379746836
44750,89.60000000000001,17.665615141955836
45000,96.8,35.37735849056604
45250,84.0,46.865671641791046
45500,97.6,35.029940119760475
45750,100.0,50.59880239520959
46000,100.0,52.39520958083832
46250,59.599999999999994,61.29458388375165
46500,62.8,72.92161520190024
46750,84.8,73.18840579710145
47000,81.6,71.7741935483871
47250,92.0,84.61538461538461
47500,98.4,86.77248677248677
47750,98.4,89.65517241379311
48000,100.0,91.51193633952255
48250,99.2,92.57294429708223
48500,100.0,92.57294429708223
48750,100.0,92.83819628647215
49000,99.2,93.10344827586206
49250,99.2,93.12169312169311
49500,98.4,93.89920424403184
49750,99.2,94.70899470899471
50000,100.0,94.97354497354497
50250,99.2,96.16402116402116
50500,78.0,96.50436953807741
50750,91.2,97.43260590500643
51000,94.39999999999999,69.18138041733548
51250,100.0,70.30497592295345
51500,99.2,81.32045088566827
51750,99.2,82.02247191011236
52000,99.2,82.39999999999999
52250,98.4,83.67999999999999
52500,100.0,84.32
52750,100.0,84.91171749598716
53000,99.2,85.23274478330659
53250,100.0,85.23274478330659
53500,100.0,85.82930756843801
53750,100.0,86.15136876006441
54000,98.4,87.52
54250,96.8,89.12
54500,85.2,91.03343465045593
54750,92.80000000000001,91.40625
55000,96.0,44.60317460317461
55250,87.2,6.622516556291391
55500,87.6,20.888157894736842
55750,96.39999999999999,15.650741350906095
56000,99.2,40.229885057471265
56250,99.2,47.299509001636665
56500,98.4,54.02298850574713
56750,95.19999999999999,58.48434925864909
57000,100.0,59.14332784184514
57250,100.0,59.14332784184514
57500,100.0,59.80230642504119
57750,100.0,66.06260296540363
58000,98.0,74.17218543046357
58250,100.0,75.0
58500,100.0,75.0
58750,96.8,75.65359477124183
59000,97.6,32.23684210526316
59250,97.6,40.46052631578947
59500,100.0,44.57236842105263
59750,99.2,62.17105263157895
60000,94.39999999999999,71.05263157894737
60250,99.2,77.79605263157895
60500,100.0,77.79605263157895
60750,100.0,80.26315789473685
61000,99.2,52.64026402640264
61250,94.8,58.91980360065466
61500,86.0,70.28301886792453
61750,62.4,55.53846153846153
62000,78.8,63.34355828220859
62250,92.80000000000001,81.38138138138137
62500,95.19999999999999,83.6890243902439
62750,100.0,89.78658536585365
63000,94.39999999999999,91.46706586826348
63250,94.0,89.93993993993993
63500,85.2,91.75108538350217
63750,85.2,59.6820809248555
64000,100.0,75.0
64250,98.4,76.80115273775216
64500,95.19999999999999,79.62427745664739
64750,98.4,80.20231213872833
65000,98.4,81.70028818443804
65250,100.0,86.1654135338346
65500,100.0,86.1654135338346
65750,100.0,86.1654135338346
66000,100.0,86.1654135338346
66250,100.0,86.1654135338346
66500,99.2,86.46616541353383
66750,100.0,86.46616541353383
67000,100.0,86.46616541353383
67250,100.0,86.46616541353383
67500,100.0,86.46616541353383
67750,98.4,86.84603886397608
68000,96.0,89.38461538461539
68250,100.0,89.38461538461539
68500,98.4,90.36697247706422
68750,100.0,90.36697247706422
69000,99.2,90.67278287461774
69250,93.60000000000001,93.3641975308642
69500,79.2,95.21739130434783
69750,94.39999999999999,96.38728323699422
70000,96.0,96.99140401146131
70250,100.0,96.99140401146131
70500,75.2,99.8567335243553
70750,96.0,66.71686746987952
71000,95.19999999999999,69.66463414634147
71250,100.0,69.96951219512195
71500,95.6,70.49924357034796
71750,100.0,70.49924357034796
72000,84.8,75.68
72250,94.39999999999999,75.82417582417582
72500,99.2,78.64992150706436
72750,96.0,76.69291338582677
73000,96.8,78.64992150706436
73250,95.19999999999999,69.70172684458399
73500,98.4,30.914826498422716
73750,100.0,32.49211356466877
74000,97.6,34.542586750788644
74250,96.0,33.493589743589745
74500,100.0,33.97435897435898
74750,100.0,34.455128205128204
75000,98.4,35.483870967741936
75250,100.0,37.254901960784316
75500,78.8,18.02773497688752
75750,81.2,34.29878048780488
76000,77.60000000000001,35.41666666666667
76250,96.8,47.92993630573248
76500,82.39999999999999,62.848297213622295
76750,100.0,64.08668730650155
77000,98.8,67.07882534775888
77250,100.0,68.31530139103555
77500,98.4,72.64296754250387
77750,100.0,73.2612055641422
78000,82.39999999999999,77.30600292825768
78250,96.8,70.90103397341211
78500,99.2,71.4074074074074
78750,100.0,71.70370370370371
79000,79.2,80.05908419497784
79250,78.0,84.50074515648286
79500,65.2,88.3879781420765
79750,72.39999999999999,90.06451612903226
80000,54.0,44.96732026143791
80250,81.6,45.56962025316456
80500,61.199999999999996,50.967741935483865
80750,70.8,48.21917808219178
81000,93.60000000000001,55.177111716621255
81250,82.0,65.27196652719665
81500,69.19999999999999,74.09972299168976
81750,86.8,73.72764786795048
82000,94.39999999999999,72.82758620689656
82250,92.80000000000001,73.4525447042641
82500,88.8,74.96580027359782
82750,98.4,77.09190672153635
83000,90.4,76.67121418826738
83250,81.6,79.05138339920948
83500,86.4,77.98657718120805
83750,73.6,78.76802096985584
84000,78.4,86.19186046511628
84250,68.4,84.3426883308715
84500,64.8,73.19884726224784
84750,93.60000000000001,68.95522388059702
85000,86.8,71.25748502994011
85250,83.6,87.12871287128714
85500,78.4,94.28076256499133
85750,88.0,84.25196850393701
86000,93.60000000000001,88.14229249011858
86250,94.39999999999999,92.03187250996015
86500,99.2,98.0
86750,96.8,95.9349593495935
87000,92.80000000000001,2.2267206477732793
87250,93.60000000000001,14.342629482071715
87500,92.80000000000001,98.82352941176471
87750,92.80000000000001,25.095785440613028
88000,96.0,61.58301158301158
88250,72.8,99.30313588850174
88500,62.8,73.67521367521368
88750,74.4,66.83848797250859
89000,66.4,83.02828618968387
89250,68.8,84.95412844036697
89500,89.2,90.01883239171374
89750,90.4,92.6441351888668
90000,96.0,98.99193548387096
90250,81.2,99.4186046511628
90500,67.2,98.54809437386571
90750,63.2,81.32427843803056
91000,83.2,73.20754716981132
91250,72.0,84.49477351916377
91500,54.400000000000006,85.51617873651772
91750,67.2,60.6473594548552
92000,92.80000000000001,75.63884156729131
92250,75.2,93.09734513274336
92500,86.0,99.44649446494465
92750,84.0,95.59082892416225
93000,70.8,96.51567944250871
93250,66.8,96.34782608695652
93500,88.0,96.92028985507247
93750,99.2,97.46376811594203
94000,92.0,99.81481481481481
94250,80.80000000000001,98.09688581314879
94500,97.6,96.0820895522388
94750,96.0,99.22779922779922
95000,89.60000000000001,97.22772277227722
95250,100.0,98.79275653923541
95500,83.2,31.32530120481928
95750,94.39999999999999,70.1863354037267
96000,96.8,13.934426229508196
96250,92.80000000000001,59.9609375
96500,96.0,84.11764705882354
96750,94.39999999999999,93.359375
97000,78.8,84.24015009380864
97250,90.0,87.40601503759399
97500,92.80000000000001,40.75471698113208
97750,97.6,62.21804511278195
98000,66.4,76.62116040955631
98250,89.60000000000001,91.49722735674676
98500,92.80000000000001,97.58812615955473
98750,84.8,91.9561243144424
99000,74.4,97.8102189781022
99250,84.8,82.5925925925926
99500,82.0,96.00760456273764
99750,74.4,99.81167608286252
100000,86.4,98.10606060606061
100250,89.60000000000001,96.26865671641791
100500,85.6,89.16967509025271
100750,93.60000000000001,92.1455938697318
101000,95.19999999999999,5.785123966942149
101250,80.0,0.576923076923077
101500,96.8,37.17948717948718
101750,93.60000000000001,60.62271062271062
102000,85.6,88.24626865671642
102250,94.39999999999999,96.72727272727273
102500,92.0,98.49056603773585
102750,93.60000000000001,32.82442748091603
103000,100.0,52.09923664122137
103250,80.4,85.24590163934425
103500,90.4,93.78427787934186
103750,74.0,74.54545454545455
104000,72.8,77.25563909774436
104250,60.8,99.44649446494465
104500,70.39999999999999,96.54605263157895
104750,79.60000000000001,71.10266159695817
105000,92.80000000000001,83.65019011406845
105250,40.8,94.84066767830045
105500,64.4,76.93522906793049
105750,95.19999999999999,84.39024390243902
106000,96.0,97.71986970684038
106250,54.400000000000006,98.99280575539568
106500,75.6,97.93956043956044
106750,80.0,99.734395750332
107000,84.8,82.52730109204369
107250,100.0,87.52
107500,96.0,88.30963665086888
107750,94.39999999999999,89.39157566302653
108000,78.4,93.0047694753577
108250,91.60000000000001,97.63779527559055
108500,84.0,0.3710575139146568
108750,86.4,1.4760147601476015
109000,100.0,13.8996138996139
109250,96.0,19.526627218934912
109500,68.8,75.41284403669725
109750,88.0,83.96396396396396
110000,89.60000000000001,94.26987060998152
110250,75.2,94.40298507462687
110500,87.2,99.60474308300395
110750,95.19999999999999,72.0
111000,84.8,78.03030303030303
111250,92.0,82.75862068965517
111500,96.8,85.65891472868216
111750,99.2,87.4015748031496
112000,99.2,88.58267716535433
112250,99.2,90.15748031496062
112500,98.4,90.625
112750,91.2,95.43726235741445
113000,96.8,97.89674952198853
113250,89.2,96.98681732580037
113500,89.2,99.63369963369964
113750,98.4,89.8661567877629
114000,88.0,93.75
114250,82.39999999999999,93.58490566037736
114500,92.0,98.828125
114750,100.0,95.78313253012048
115000,87.2,95.15151515151516
115250,96.8,98.79275653923541
115500,92.0,35.75638506876228
115750,79.2,55.2158273381295
116000,74.4,99.66386554621849
116250,74.0,81.36200716845879
116500,79.60000000000001,81.03756708407872
116750,84.39999999999999,92.78350515463917
117000,91.60000000000001,97.04797047970479
117250,97.6,98.5239852398524
117500,99.6,98.52670349907919
117750,84.0,96.45522388059702
118000,92.4,90.09174311926606
118250,88.8,90.95652173913044
118500,98.4,92.34782608695652
118750,94.39999999999999,95.8041958041958
119000,99.6,98.91891891891892
119250,92.80000000000001,97.02048417132217
119500,90.8,99.80657640232108
119750,95.19999999999999,99.80582524271846
120000,87.6,96.42857142857143
120250,93.2,97.0873786407767
120500,97.6,23.246492985971944
120750,100.0,61.99186991869918
121000,93.2,98.57433808553971
121250,78.8,99.43609022556392
121500,75.6,92.573402417962
121750,96.39999999999999,92.20532319391636
122000,100.0,93.44894026974951
122250,57.99999999999999,94.85530546623794
122500,36.4,95.90268886043533
122750,30.4,88.2282996432818
123000,60.0,77.59562841530054
123250,68.8,99.79797979797979
123500,91.60000000000001,8.897485493230175
123750,96.0,3.308823529411765
124000,99.6,45.41832669322709
124250,95.19999999999999,57.319587628865975
124500,94.0,78.65853658536585
124750,100.0,79.71311475409836
125000,71.2,88.14531548757171
125250,29.2,94.51851851851852
125500,38.0,98.62155388471177
125750,58.8,77.90697674418605
126000,66.8,87.68361581920904
126250,63.2,87.81558726673985
126500,74.0,90.84210526315789
126750,40.0,92.90976058931861
127000,35.6,98.55072463768117
127250,72.39999999999999,96.94019471488178
127500,62.0,93.62962962962963
127750,56.00000000000001,91.25188536953243
128000,56.00000000000001,85.04823151125403
128250,49.6,80.76923076923077
128500,78.0,85.0197109067017
128750,38.0,89.21023359288098
129000,61.6,92.6984126984127
129250,73.2,93.45887016848364
129500,8.4,95.8904109589041
129750,23.200000000000003,97.28915662650603
130000,28.000000000000004,99.86043265875784
130250,59.599999999999994,91.67812929848694
130500,27.6,88.8588791357191
130750,51.2,90.95853161114887
131000,37.6,96.54867256637168
131250,30.8,99.59514170040485
131500,76.0,99.79859013091642
131750,85.6,97.6225854383358
132000,88.4,99.40828402366864
132250,56.8,99.86449864498645
132500,47.199999999999996,98.92183288409704
132750,75.2,98.67060561299851
133000,44.4,97.5609756097561
133250,39.2,89.48598130841121
133500,88.0,92.16589861751152
133750,85.2,94.15073115860517
