250,41.199999999999996,100.0
500,88.4,100.0
750,100.0,100.0
1000,80.4,100.0
1250,100.0,100.0
1500,91.60000000000001,100.0
1750,18.0,100.0
2000,43.6,100.0
2250,92.80000000000001,100.0
2500,48.4,7.734056987788331
2750,30.4,22.428748451053284
3000,19.6,33.1002331002331
3250,64.0,37.82051282051282
3500,53.2,45.436702649656524
3750,52.0,52.26264418811003
4000,16.0,58.81883479648843
4250,4.0,64.9802371541502
4500,46.400000000000006,68.48772763262075
4750,74.8,69.50636942675159
5000,93.60000000000001,70.28301886792453
5250,71.6,71.25475285171102
5500,47.599999999999994,73.82645803698435
5750,54.400000000000006,74.82900136798905
6000,72.8,75.78947368421053
6250,41.6,77.01005025125627
6500,30.4,82.55494505494505
6750,74.4,99.83974358974359
7000,27.6,99.85475671750181
7250,34.4,97.2386587771203
7500,49.6,92.12867898699521
7750,11.600000000000001,97.8601997146933
8000,62.8,98.36916234247592
8250,84.0,98.5580389329488
8500,76.8,99.84387197501951
8750,94.39999999999999,99.66583124477862
9000,92.80000000000001,99.37555753791257
9250,67.2,92.8495197438634
9500,71.2,93.25276938569989
9750,80.80000000000001,93.05699481865285
10000,59.599999999999994,93.43148357870895
10250,39.6,84.4298245614035
10500,62.8,87.52577319587628
10750,77.60000000000001,87.94117647058823
11000,78.0,89.73607038123167
11250,72.39999999999999,81.82711198428291
11500,88.0,77.079107505071
11750,94.0,79.0721649484536
12000,89.60000000000001,80.23012552301255
12250,68.0,80.91836734693878
12500,59.199999999999996,80.08658008658008
12750,94.39999999999999,82.4353448275862
13000,92.0,84.47537473233405
13250,99.6,84.70588235294117
13500,84.39999999999999,83.39719029374201
13750,88.0,87.79576587795765
14000,97.6,88.98623279098874
14250,97.6,91.09159347553324
14500,92.80000000000001,92.95597484276729
14750,99.2,93.71069182389937
15000,92.80000000000001,95.76587795765879
15250,96.8,95.20807061790669
15500,72.8,96.66238767650835
15750,78.8,80.66759388038943
16000,88.8,86.59217877094973
16250,92.4,89.24581005586593
16500,100.0,89.24581005586593
16750,86.8,94.24157303370787
17000,61.6,92.47606019151847
17250,69.19999999999999,66.83937823834198
17500,97.6,48.575129533678755
17750,96.0,54.15584415584416
18000,88.8,56.45371577574967
18250,83.2,61.07634543178973
18500,97.2,70.82294264339151
18750,96.0,75.12437810945273
19000,77.60000000000001,80.23391812865496
19250,76.8,84.6240179573513
19500,76.8,89.03654485049833
19750,52.400000000000006,84.65845464725645
20000,93.2,91.88861985472155
20250,93.60000000000001,91.90821256038647
20500,81.2,79.13148371531966
20750,97.6,78.25030376670718
21000,99.2,78.30303030303031
21250,98.4,81.04738154613467
21500,96.8,84.07643312101911
21750,100.0,84.07643312101911
22000,94.39999999999999,85.03144654088051
22250,96.0,85.42458808618505
22500,90.4,86.76654182272159
22750,78.0,86.77379480840544
23000,76.0,87.03208556149733
23250,86.4,95.02688172043011
23500,82.39999999999999,97.55784061696659
23750,67.2,89.19270833333334
24000,94.39999999999999,80.29100529100529
24250,98.4,80.18617021276596
24500,86.4,82.56997455470739
24750,88.0,52.61096605744125
25000,93.2,44.729729729729726
25250,73.6,55.90142671854734
25500,30.4,70.76222980659841
25750,86.4,79.71014492753623
26000,71.2,56.36363636363636
26250,83.6,51.70670037926675
26500,92.80000000000001,56.907477820025356
26750,92.0,60.0
27000,86.8,16.603295310519645
27250,96.0,35.04380475594493
27500,61.6,49.00351699882767
27750,99.2,52.52051582649473
28000,98.4,57.95053003533569
28250,93.60000000000001,63.013698630136986
28500,96.8,61.0608020698577
28750,100.0,63.130659767141005
29000,84.0,65.5980271270037
29250,71.2,72.9064039408867
29500,66.4,69.87654320987654
29750,76.4,73.61601884570082
30000,74.8,64.1025641025641
30250,64.0,48.481308411214954
30500,94.0,55.35714285714286
30750,89.60000000000001,65.87395957193817
31000,76.0,62.18487394957983
31250,94.8,61.418269230769226
31500,85.2,9.212121212121211
31750,97.6,20.591861898890258
32000,86.0,11.028500619578686
32250,98.8,32.42574257425743
32500,71.2,47.22222222222222
32750,77.2,29.469790382244142
33000,94.8,18.02469135802469
33250,100.0,36.848635235732004
33500,90.8,54.177545691906005
33750,58.8,34.37892095357591
34000,88.8,54.05742821473159
34250,99.2,65.37982565379825
34500,98.4,67.87048567870487
34750,97.2,69.57605985037407
35000,93.60000000000001,73.77666248431619
35250,67.2,72.00520833333334
35500,88.4,64.95507060333762
35750,84.8,67.00636942675159
36000,86.8,77.04714640198512
36250,99.2,76.7412935323383
36500,98.4,78.1094527363184
36750,99.2,80.72139303482587
37000,80.80000000000001,83.2541567695962
37250,96.0,83.84433962264151
37500,96.8,87.25728155339806
37750,89.60000000000001,87.70685579196218
38000,92.80000000000001,86.92493946731234
38250,98.8,89.6719319562576
38500,98.8,90.4126213592233
38750,64.8,96.61016949152543
39000,88.0,97.87234042553192
39250,66.8,49.742930591259636
39500,96.0,51.91326530612245
39750,96.0,54.24164524421594
40000,73.2,60.63569682151589
40250,87.6,61.642156862745104
40500,86.4,63.38199513381995
40750,98.4,65.40342298288509
41000,52.0,75.30201342281879
41250,88.0,79.01069518716578
41500,92.4,81.6599732262383
41750,100.0,83.6461126005362
42000,90.4,91.15281501340483
42250,91.2,96.7479674796748
42500,81.6,78.68852459016394
42750,98.4,72.05479452054794
43000,96.0,73.35164835164835
43250,96.8,74.24657534246575
43500,93.60000000000001,48.62258953168045
43750,98.4,49.72451790633609
44000,71.2,58.207070707070706
44250,73.6,3.3057851239669422
44500,99.2,29.201101928374655
44750,89.60000000000001,15.384615384615385
45000,96.8,30.90659340659341
45250,84.0,41.20734908136483
45500,97.6,30.789473684210527
45750,100.0,44.473684210526315
46000,100.0,46.05263157894737
46250,60.4,54.65253239104829
46500,64.4,65.73875802997858
46750,85.6,66.1588683351469
47000,81.6,61.30884041331802
47250,92.80000000000001,72.64472190692395
47500,98.4,74.51868629671574
47750,98.4,76.95800227014756
48000,100.0,78.54710556186151
48250,99.2,79.45516458569807
48500,100.0,79.45516458569807
48750,100.0,79.68217934165722
49000,99.2,79.90919409761634
49250,99.2,79.95469988674971
49500,98.4,80.59023836549376
49750,99.2,81.31370328425821
50000,100.0,81.54020385050963
50250,100.0,82.55945639864099
50500,78.0,83.90928725701944
50750,91.2,83.44298245614034
51000,95.19999999999999,85.89449541284404
51250,100.0,85.89449541284404
51500,99.2,85.86206896551725
51750,99.2,85.89449541284404
52000,99.2,85.92677345537757
52250,98.4,86.38443935926774
52500,100.0,86.38443935926774
52750,100.0,86.58256880733946
53000,99.2,86.81192660550458
53250,100.0,86.81192660550458
53500,100.0,87.01149425287356
53750,100.0,87.01149425287356
54000,98.4,87.47126436781609
54250,100.0,88.39080459770115
54500,96.0,88.67276887871853
54750,99.6,88.78718535469108
55000,100.0,88.78718535469108
55250,90.4,90.70034443168772
55500,90.0,93.46330275229357
55750,98.4,93.60000000000001
56000,99.2,95.02314814814815
56250,100.0,95.02314814814815
56500,100.0,95.02314814814815
56750,100.0,95.02314814814815
57000,100.0,95.02314814814815
57250,100.0,95.02314814814815
57500,100.0,95.02314814814815
57750,100.0,95.02314814814815
58000,98.0,99.75186104218362
58250,100.0,99.75186104218362
58500,100.0,99.75186104218362
58750,97.6,99.75369458128078
59000,100.0,96.53259361997226
59250,100.0,97.36477115117891
59500,100.0,97.36477115117891
59750,100.0,97.64216366158114
60000,96.8,97.93672627235213
60250,100.0,97.93672627235213
60500,100.0,97.93672627235213
60750,100.0,97.93672627235213
61000,100.0,98.20689655172414
61250,99.6,98.34254143646409
61500,90.0,95.48660084626233
61750,67.2,76.73469387755102
62000,84.39999999999999,43.38335607094134
62250,92.80000000000001,64.52476572958501
62500,97.6,73.88963660834455
62750,100.0,79.27321668909825
63000,95.19999999999999,80.9271523178808
63250,94.39999999999999,79.5484727755644
63500,86.8,81.70103092783505
63750,86.0,53.56679636835279
64000,100.0,67.31517509727627
64250,98.4,69.13099870298313
64500,99.2,71.65149544863459
64750,100.0,72.17165149544863
65000,99.2,73.54085603112841
65250,100.0,74.51235370611184
65500,100.0,74.51235370611184
65750,100.0,74.51235370611184
66000,100.0,74.51235370611184
66250,100.0,74.51235370611184
66500,99.2,74.77243172951886
66750,100.0,74.77243172951886
67000,100.0,74.77243172951886
67250,100.0,74.77243172951886
67500,100.0,74.77243172951886
67750,98.4,75.35667963683528
68000,98.4,76.65369649805449
68250,100.0,76.65369649805449
68500,100.0,77.95071335927368
68750,100.0,77.95071335927368
69000,100.0,78.21011673151752
69250,95.19999999999999,80.23407022106632
69500,90.4,84.57648546144121
69750,94.39999999999999,84.61538461538461
70000,96.0,88.21243523316062
70250,100.0,88.21243523316062
70500,90.4,96.09882964889466
70750,97.6,96.61016949152543
71000,99.2,96.60130718954248
71250,100.0,96.60130718954248
71500,98.0,96.59685863874346
71750,100.0,96.59685863874346
72000,90.4,95.87912087912088
72250,95.19999999999999,95.94594594594594
72500,100.0,95.94594594594594
72750,97.6,67.97297297297298
73000,98.4,69.6765498652291
73250,96.0,30.081300813008134
73500,98.4,26.960110041265473
73750,100.0,28.335625859697387
74000,100.0,30.12379642365887
74250,96.8,21.540656205420827
74500,100.0,25.106990014265335
74750,100.0,3.138373751783167
75000,99.2,19.258202567760343
75250,100.0,18.40228245363766
75500,79.60000000000001,13.472222222222221
75750,86.0,29.331514324693043
76000,85.6,31.08298171589311
76250,99.2,45.14767932489451
76500,82.39999999999999,56.34178905206942
76750,100.0,57.409879839786385
77000,98.8,60.0
77250,100.0,60.8
77500,98.4,64.0
77750,100.0,64.53333333333333
78000,91.2,70.05208333333334
78250,98.4,61.61879895561357
78500,100.0,62.92428198433421
78750,100.0,63.18537859007834
79000,79.60000000000001,70.2983138780804
79250,82.39999999999999,74.70511140235911
79500,67.2,78.3132530120482
79750,74.0,80.06872852233677
80000,54.0,35.944700460829495
80250,83.2,37.79527559055118
80500,62.4,43.41085271317829
80750,70.8,39.05191873589165
81000,94.39999999999999,45.39325842696629
81250,78.8,55.168269230769226
81500,69.19999999999999,65.08515815085158
81750,85.6,62.515114873035074
82000,94.39999999999999,62.66666666666667
82250,92.80000000000001,60.09673518742442
82500,90.4,64.1826923076923
82750,88.8,57.10843373493976
83000,90.4,59.47242206235012
83250,82.39999999999999,61.832946635730856
83500,89.60000000000001,66.58823529411765
83750,71.2,61.81192660550459
84000,78.4,68.91252955082743
84250,67.60000000000001,66.54632972322503
84500,66.0,60.69711538461539
84750,94.39999999999999,55.48549810844893
85000,92.0,61.904761904761905
85250,88.0,72.81553398058253
85500,86.4,83.77581120943954
85750,93.60000000000001,87.14069591527988
86000,96.0,89.22610015174507
86250,94.39999999999999,92.16589861751152
86500,99.2,92.14175654853621
86750,97.6,93.35394126738794
87000,96.8,95.07692307692308
87250,95.19999999999999,96.7741935483871
87500,94.39999999999999,99.68152866242038
87750,92.80000000000001,88.71473354231975
88000,97.6,91.53605015673982
88250,79.2,93.6046511627907
88500,74.8,94.99304589707927
88750,83.2,90.56603773584906
89000,72.0,91.48099606815204
89250,75.6,65.96931659693166
89500,97.2,68.43575418994413
89750,96.8,74.71264367816092
90000,95.19999999999999,77.76141384388808
90250,84.8,83.0703012912482
90500,74.0,91.17241379310344
90750,67.2,99.43100995732574
91000,82.39999999999999,65.10903426791276
91250,81.6,78.88386123680242
91500,65.60000000000001,89.43758573388203
91750,89.60000000000001,96.78362573099415
92000,94.0,95.99406528189911
92250,77.60000000000001,86.81818181818181
92500,86.8,92.54185692541856
92750,92.80000000000001,94.35364041604754
93000,79.2,97.51166407465007
93250,73.2,96.7551622418879
93500,90.0,96.76425269645608
93750,99.2,97.07241910631741
94000,92.80000000000001,98.13953488372093
94250,80.80000000000001,98.55282199710564
94500,96.8,94.5904173106646
94750,99.2,98.9010989010989
95000,90.4,87.5598086124402
95250,99.2,87.80096308186197
95500,89.60000000000001,90.92331768388107
95750,97.6,97.72357723577237
96000,96.8,98.70340356564019
96250,92.80000000000001,99.836867862969
96500,96.0,26.04340567612688
96750,94.39999999999999,49.42339373970346
97000,79.60000000000001,59.905660377358494
97250,93.2,67.91862284820031
97500,97.6,81.49300155520996
97750,100.0,29.797191887675506
98000,80.80000000000001,83.47826086956522
98250,89.60000000000001,87.15728715728716
98500,96.8,92.85714285714286
98750,90.4,98.23529411764706
99000,93.60000000000001,99.53775038520801
99250,98.4,94.00921658986175
99500,88.0,99.84544049459042
99750,89.60000000000001,95.16380655226209
100000,94.39999999999999,99.22958397534669
100250,89.60000000000001,86.25592417061611
100500,91.2,92.16300940438872
100750,97.6,83.01886792452831
101000,96.8,88.70703764320785
101250,85.6,90.88000000000001
101500,97.6,91.84
101750,98.4,95.34510433386838
102000,99.2,26.186579378068743
102250,97.6,58.11688311688312
102500,99.2,75.94108019639934
102750,100.0,81.07202680067002
103000,100.0,85.42713567839196
103250,80.4,88.3177570093458
103500,90.4,92.3913043478261
103750,96.8,100.0
104000,80.80000000000001,76.36080870917574
104250,80.0,89.95433789954338
104500,75.2,93.54838709677419
104750,87.6,99.84732824427482
105000,99.2,89.35185185185185
105250,46.400000000000006,96.72578444747613
105500,75.6,98.17158931082982
105750,99.2,81.33140376266282
106000,97.6,91.32947976878613
106250,54.400000000000006,95.53001277139208
106500,77.2,85.15815085158151
106750,85.6,87.55868544600939
107000,84.8,94.11764705882352
107250,100.0,95.9608323133415
107500,96.0,96.24242424242424
107750,94.39999999999999,96.99879951980792
108000,79.2,81.40161725067385
108250,92.4,86.14718614718615
108500,84.0,87.01492537313433
108750,86.4,91.95230998509687
109000,100.0,92.2272047832586
109250,96.0,97.36024844720497
109500,82.39999999999999,4.651162790697675
109750,97.6,72.44582043343654
110000,89.60000000000001,79.5031055900621
110250,76.8,89.40809968847351
110500,87.2,94.52887537993921
110750,95.19999999999999,96.64634146341463
111000,84.8,99.11504424778761
111250,92.0,92.44444444444444
111500,96.8,94.18777943368107
111750,99.2,95.62594268476622
112000,99.2,95.92760180995475
112250,99.2,96.22926093514329
112500,98.4,96.25187406296851
112750,94.39999999999999,97.49631811487481
113000,96.8,98.52507374631269
113250,89.60000000000001,84.93788819875776
113500,92.4,87.10166919575114
113750,98.4,90.12345679012346
114000,93.60000000000001,93.79727685325264
114250,92.0,99.84732824427482
114500,93.60000000000001,98.61751152073732
114750,100.0,90.50632911392405
115000,87.2,95.44740973312402
115250,96.8,90.9090909090909
115500,92.0,92.1875
115750,79.2,93.43065693430657
116000,78.4,96.27586206896551
116250,75.6,75.80645161290323
116500,79.60000000000001,66.42441860465115
116750,84.39999999999999,76.73758865248227
117000,96.39999999999999,84.27128427128427
117250,97.6,85.42568542568543
117500,100.0,85.56998556998558
117750,97.6,91.67862266857962
118000,100.0,93.61702127659575
118250,96.8,93.86084583901774
118500,100.0,94.66484268125855
118750,96.0,99.15492957746478
119000,99.6,98.37758112094396
119250,96.8,98.67256637168141
119500,100.0,95.7037037037037
119750,98.8,97.47774480712165
120000,89.60000000000001,93.63241678726484
120250,93.2,96.23188405797102
120500,97.6,99.11242603550295
120750,100.0,99.70238095238095
121000,94.8,97.15189873417721
121250,82.8,98.52289512555392
121500,80.4,99.442119944212
121750,97.2,94.27244582043343
122000,100.0,95.30516431924883
122250,57.99999999999999,95.96774193548387
122500,36.4,96.67774086378738
122750,45.6,77.93964620187305
123000,64.0,64.77272727272727
123250,68.8,69.06832298136646
123500,93.2,78.98089171974523
123750,96.8,84.49809402795425
124000,99.6,85.38461538461539
124250,96.0,7.833333333333334
124500,95.6,30.477759472817134
124750,100.0,3.150912106135987
125000,72.8,72.71293375394322
125250,30.8,81.58567774936061
125500,41.199999999999996,77.46947835738068
125750,59.599999999999994,69.21487603305785
126000,70.0,78.63590772316951
126250,65.2,79.31372549019608
126500,73.2,81.86968838526913
126750,40.0,84.34637801831806
127000,36.4,83.91376451077943
127250,73.2,92.57425742574257
127500,62.0,99.10011248593926
127750,59.199999999999996,98.74715261958997
128000,66.4,96.36591478696742
128250,60.0,97.18785151856018
128500,80.4,99.6590909090909
128750,41.199999999999996,98.4126984126984
129000,61.6,93.95711500974659
129250,73.2,94.58715596330275
129500,10.0,93.41792228390166
129750,24.0,93.7979094076655
130000,29.599999999999998,95.98470363288719
130250,60.4,96.03223806571606
130500,28.799999999999997,91.84852374839538
130750,51.2,87.86163522012579
131000,37.6,87.73087071240106
131250,31.6,93.39957416607523
131500,76.0,97.31437598736177
131750,78.4,97.99301919720767
132000,89.2,99.63133640552996
132250,56.8,99.82238010657194
132500,48.0,98.72611464968153
132750,76.0,99.02912621359224
133000,52.400000000000006,99.88465974625143
133250,41.6,85.79418344519016
133500,88.0,87.63676148796499
133750,85.2,89.52991452991454
