250,41.199999999999996,0.0
500,88.4,0.0
750,100.0,0.0
1000,80.4,0.0
1250,100.0,0.0
1500,91.60000000000001,0.0
1750,18.0,12.195121951219512
2000,41.6,8.020477815699659
2250,41.6,51.470588235294116
2500,40.400000000000006,1.9966722129783694
2750,10.8,11.336717428087987
3000,9.6,15.909090909090908
3250,60.8,4.057971014492753
3500,52.400000000000006,16.212710765239947
3750,50.4,10.238907849829351
4000,16.0,6.693306693306693
4250,4.0,33.01075268817204
4500,44.0,7.858769931662871
4750,59.199999999999996,4.552129221732746
5000,67.2,13.970588235294118
5250,62.4,2.1653543307086616
5500,40.400000000000006,7.836456558773425
5750,52.0,5.103668261562999
6000,62.8,7.604017216642754
6250,36.8,28.894173602853744
6500,24.8,7.8508341511285575
6750,69.6,4.84027105517909
7000,11.600000000000001,10.491493383742911
7250,24.0,4.491525423728813
7500,40.0,7.708779443254818
7750,10.0,38.964241676942045
8000,19.2,19.2
8250,41.6,3.763440860215054
8500,53.6,7.26643598615917
8750,84.0,16.52173913043478
9000,85.2,3.7777777777777777
9250,59.599999999999994,16.8141592920354
9500,65.2,24.409448818897637
9750,53.6,5.284552845528456
10000,28.799999999999997,2.010968921389397
10250,30.4,6.531881804043546
10500,41.6,3.10192023633678
10750,72.8,4.107648725212465
11000,68.4,15.703703703703702
11250,46.800000000000004,5.5045871559633035
11500,81.6,18.75
11750,74.0,15.403422982885084
12000,81.2,22.772277227722775
12250,54.0,18.46846846846847
12500,48.4,19.82142857142857
12750,43.6,14.620938628158845
13000,81.6,12.13768115942029
13250,80.4,9.943714821763603
13500,68.0,19.387755102040817
13750,60.8,8.801498127340825
14000,88.0,16.984732824427482
14250,89.2,8.752327746741155
14500,61.6,6.265060240963856
14750,88.4,22.30392156862745
15000,81.6,16.105769230769234
15250,88.0,7.462686567164178
15500,69.19999999999999,18.259023354564754
15750,52.400000000000006,8.687258687258687
16000,78.4,3.6468330134357005
16250,92.4,12.452107279693486
16500,96.0,3.481624758220503
16750,53.2,4.1067761806981515
17000,50.4,5.482456140350877
17250,67.60000000000001,25.49800796812749
17500,87.2,12.549019607843137
17750,88.0,10.778443113772456
18000,85.2,17.038539553752535
18250,74.4,30.753968253968257
18500,63.6,7.06401766004415
18750,77.2,9.230769230769232
19000,60.8,22.594142259414227
19250,51.2,8.442776735459661
19500,63.2,18.085106382978726
19750,35.6,22.22222222222222
20000,81.6,17.312072892938495
20250,63.2,14.878048780487804
20500,73.2,17.61904761904762
20750,92.80000000000001,9.178743961352657
21000,95.6,27.710843373493976
21250,90.8,49.50980392156863
21500,81.2,50.49261083743842
21750,97.2,36.386138613861384
22000,78.0,8.25242718446602
22250,70.0,7.729468599033816
22500,81.6,29.906542056074763
22750,67.2,17.184265010351968
23000,52.800000000000004,16.396396396396394
23250,49.6,10.056925996204933
23500,69.6,17.90235081374322
23750,67.2,18.33976833976834
24000,76.8,15.090090090090092
24250,92.0,23.972602739726025
24500,80.80000000000001,22.66949152542373
24750,83.2,22.706422018348622
25000,91.60000000000001,3.6613272311212817
25250,60.8,5.970149253731343
25500,21.2,25.826771653543307
25750,55.2,61.852433281004714
26000,51.2,55.45851528384279
26250,48.8,1.146788990825688
26500,83.2,28.965517241379313
26750,88.4,20.27027027027027
27000,80.0,5.79064587973274
27250,74.4,14.16490486257928
27500,55.2,1.4732965009208103
27750,89.60000000000001,25.387596899224807
28000,88.0,7.18562874251497
28250,92.0,16.260162601626014
28500,96.0,4.489795918367347
28750,92.80000000000001,22.983870967741936
29000,81.6,4.669260700389105
29250,68.8,11.279826464208242
29500,55.2,57.46102449888642
29750,67.60000000000001,10.655737704918032
30000,60.4,10.211946050096339
30250,49.6,6.8645640074211505
30500,78.8,26.591760299625467
30750,64.0,41.16379310344828
31000,68.8,46.15384615384615
31250,90.8,26.763990267639905
31500,70.0,12.439024390243903
31750,87.6,9.63855421686747
32000,56.00000000000001,11.699779249448124
32250,75.6,41.92139737991266
32500,39.6,9.00562851782364
32750,46.400000000000006,12.757201646090536
33000,61.199999999999996,3.3185840707964607
33250,83.6,1.1337868480725624
33500,63.6,8.67579908675799
33750,42.0,9.541284403669724
34000,53.6,8.289241622574956
34250,66.4,42.96160877513711
34500,89.60000000000001,6.126126126126126
34750,87.6,10.53864168618267
35000,75.2,1.1848341232227488
35250,60.0,5.426356589147287
35500,56.8,9.18918918918919
35750,51.2,9.233449477351916
36000,57.199999999999996,2.941176470588235
36250,64.8,11.486486486486488
36500,74.8,56.49038461538461
36750,73.2,55.25
37000,76.0,16.43835616438356
37250,88.8,4.97737556561086
37500,86.8,40.497737556561084
37750,71.2,9.572301425661914
38000,44.800000000000004,31.73996175908222
38250,57.199999999999996,31.50943396226415
38500,72.8,8.846153846153847
38750,62.8,4.918032786885246
39000,59.199999999999996,9.980039920159681
39250,63.2,47.58064516129033
39500,89.60000000000001,20.883534136546185
39750,89.2,70.52631578947368
40000,68.8,4.789272030651341
40250,82.8,44.843049327354265
40500,76.0,20.394736842105264
40750,88.8,59.25110132158591
41000,39.2,14.69387755102041
41250,80.80000000000001,4.9079754601226995
41500,84.0,6.418219461697723
41750,78.4,7.439824945295405
42000,72.0,24.733475479744136
42250,60.8,62.5
42500,59.199999999999996,26.327433628318587
42750,88.8,56.13636363636364
43000,95.19999999999999,65.68181818181819
43250,96.8,27.927927927927925
43500,93.60000000000001,26.88888888888889
43750,97.6,10.714285714285714
44000,65.60000000000001,18.482490272373543
44250,72.0,58.08823529411765
44500,96.8,69.02439024390243
44750,76.8,6.046511627906977
45000,87.2,45.91346153846153
45250,72.8,8.409090909090908
45500,92.0,28.603603603603606
45750,90.4,16.150442477876105
46000,96.8,51.57657657657657
46250,53.6,1.3182674199623352
46500,43.2,1.2110726643598615
46750,83.2,33.985765124555165
47000,80.80000000000001,3.767123287671233
47250,60.8,22.904191616766468
47500,73.6,16.94915254237288
47750,69.6,8.333333333333332
48000,92.80000000000001,5.752212389380531
48250,96.8,10.044642857142858
48500,100.0,16.517857142857142
48750,98.4,32.5
49000,99.2,5.251141552511415
49250,99.2,34.77272727272727
49500,93.60000000000001,41.244239631336406
49750,96.0,27.397260273972602
50000,99.2,29.908675799086758
50250,87.2,39.95433789954338
50500,57.199999999999996,3.180914512922465
50750,58.4,12.889812889812891
51000,81.6,1.3363028953229399
51250,97.2,3.1042128603104215
51500,74.0,12.017167381974248
51750,94.39999999999999,5.6521739130434785
52000,98.4,9.740259740259742
52250,95.19999999999999,6.304347826086956
52500,98.4,21.304347826086957
52750,98.4,6.986899563318777
53000,99.2,1.9650655021834063
53250,100.0,10.91703056768559
53500,98.4,22.807017543859647
53750,99.2,21.83406113537118
54000,92.0,37.77777777777778
54250,93.60000000000001,2.6200873362445414
54500,72.8,19.26977687626775
54750,87.6,5.793991416309012
55000,96.0,51.31578947368421
55250,80.0,2.4154589371980677
55500,82.0,1.4527845036319613
55750,92.0,1.488833746898263
56000,94.39999999999999,57.85536159600998
56250,87.2,26.277372262773724
56500,84.0,34.866828087167065
56750,88.8,13.170731707317074
57000,97.6,31.862745098039213
57250,100.0,26.96078431372549
57500,97.6,63.970588235294116
57750,92.80000000000001,7.352941176470589
58000,78.4,0.9592326139088728
58250,79.2,2.619047619047619
58500,92.80000000000001,12.376237623762377
58750,94.39999999999999,32.038834951456316
59000,97.6,26.225490196078432
59250,92.80000000000001,16.34146341463415
59500,92.4,3.7647058823529407
59750,77.60000000000001,32.450331125827816
60000,76.0,1.5486725663716814
60250,84.0,9.635974304068522
60500,93.2,5.803571428571429
60750,86.0,22.380952380952383
61000,96.39999999999999,32.5242718446602
61250,87.6,8.941176470588236
61500,71.6,29.295154185022028
61750,40.0,17.06827309236948
62000,62.4,34.90759753593429
62250,40.400000000000006,17.092337917485263
62500,65.60000000000001,25.591397849462368
62750,79.2,9.287257019438446
63000,84.8,3.1914893617021276
63250,64.0,9.691629955947137
63500,70.39999999999999,9.170305676855897
63750,66.0,6.45879732739421
64000,55.60000000000001,40.845070422535215
64250,86.0,13.875598086124402
64500,91.2,7.981220657276995
64750,97.6,2.112676056338028
65000,83.2,18.377088305489263
65250,85.2,1.4184397163120568
65500,97.6,2.1479713603818613
65750,95.19999999999999,55.662650602409634
66000,99.2,68.19277108433735
66250,100.0,45.78313253012048
66500,99.2,75.42168674698794
66750,78.8,8.780487804878048
67000,96.8,1.5151515151515151
67250,100.0,6.313131313131313
67500,99.2,4.797979797979798
67750,93.60000000000001,34.42211055276382
68000,88.0,5.693069306930694
68250,92.0,45.75
68500,76.4,7.389162561576355
68750,94.0,4.926108374384237
69000,95.6,40.14778325123153
69250,83.6,11.137440758293838
69500,75.2,10.944206008583691
69750,92.80000000000001,14.255319148936172
70000,87.2,15.367965367965366
70250,96.8,40.308370044052865
70500,61.6,21.25506072874494
70750,88.0,34.8936170212766
71000,86.4,76.31578947368422
71250,99.2,94.90291262135922
71500,95.6,34.66334164588529
71750,100.0,18.703241895261847
72000,81.6,13.03370786516854
72250,93.60000000000001,10.596026490066226
72500,92.80000000000001,4.194260485651214
72750,92.80000000000001,17.002237136465325
73000,85.2,25.77777777777778
73250,97.2,37.95454545454545
73500,100.0,38.63636363636363
73750,100.0,12.045454545454545
74000,97.6,55.940594059405946
74250,99.2,64.35643564356435
74500,100.0,21.782178217821784
74750,98.8,85.01228501228502
75000,97.2,27.0
75250,100.0,34.0
75500,79.60000000000001,16.186252771618626
75750,74.8,43.04932735426009
76000,73.6,8.415841584158416
76250,94.0,55.392156862745104
76500,62.0,18.240343347639485
76750,95.19999999999999,9.565217391304348
77000,92.0,23.427331887201735
77250,95.19999999999999,36.92307692307693
77500,89.60000000000001,15.61822125813449
77750,98.4,3.0501089324618738
78000,78.4,7.8277886497064575
78250,84.0,7.302231237322515
78500,86.4,40.59196617336152
78750,99.2,42.071881606765324
79000,69.6,12.882096069868995
79250,55.2,10.194174757281553
79500,61.199999999999996,18.6046511627907
79750,53.2,4.2
80000,54.800000000000004,24.384787472035793
80250,81.2,14.072494669509595
80500,44.4,15.40130151843818
80750,59.199999999999996,1.1520737327188941
81000,83.2,31.455399061032864
81250,68.4,3.282275711159737
81500,65.2,19.962686567164177
81750,50.0,42.350332594235034
82000,84.8,45.51724137931035
82250,83.2,8.2039911308204
82500,56.8,15.165876777251185
82750,76.8,15.25
83000,83.6,16.50943396226415
83250,65.60000000000001,18.571428571428573
83500,74.0,28.227571115973742
83750,61.6,10.721649484536082
84000,64.4,11.829944547134936
84250,47.199999999999996,8.947368421052632
84500,42.0,5.08130081300813
84750,81.6,12.083333333333334
85000,58.8,11.11111111111111
85250,61.199999999999996,11.013215859030836
85500,64.0,15.473441108545035
85750,75.6,15.401785714285715
86000,84.8,8.67579908675799
86250,82.39999999999999,40.758293838862556
86500,64.8,17.59036144578313
86750,91.2,25.060827250608277
87000,78.4,9.785202863961814
87250,79.2,5.491990846681922
87500,79.60000000000001,13.318777292576419
87750,60.8,21.304347826086957
88000,72.8,42.11711711711711
88250,65.60000000000001,5.08130081300813
88500,44.0,10.554561717352415
88750,60.0,3.8391224862888484
89000,49.6,12.389380530973451
89250,51.2,14.596949891067537
89500,78.4,3.4090909090909087
89750,71.2,27.358490566037734
90000,83.6,25.970873786407765
90250,77.2,27.027027027027028
90500,45.6,4.801670146137787
90750,44.800000000000004,7.400379506641366
91000,60.8,3.611738148984198
91250,44.0,9.980039920159681
91500,35.6,10.580204778156997
91750,35.199999999999996,6.4638783269961975
92000,71.6,9.01639344262295
92250,45.6,6.437768240343347
92500,68.8,16.632016632016633
92750,65.2,14.04494382022472
93000,34.4,26.181102362204722
93250,43.2,5.952380952380952
93500,57.99999999999999,28.31858407079646
93750,97.2,39.0625
94000,83.6,8.409090909090908
94250,78.4,18.350515463917525
94500,80.0,6.960556844547564
94750,84.0,46.517412935323385
95000,74.4,12.776412776412776
95250,91.60000000000001,28.640776699029125
95500,72.0,23.963133640552993
95750,44.0,24.941176470588236
96000,64.0,19.158878504672895
96250,60.8,19.560439560439562
96500,59.199999999999996,11.587982832618025
96750,62.0,28.28054298642534
97000,66.8,16.129032258064516
97250,81.6,32.12765957446809
97500,63.6,3.9501039501039505
97750,86.4,8.884297520661157
98000,53.2,10.408163265306122
98250,67.60000000000001,6.016597510373444
98500,63.2,5.208333333333334
98750,57.199999999999996,9.563409563409564
99000,56.39999999999999,9.503239740820735
99250,65.60000000000001,17.02127659574468
99500,51.6,2.1367521367521367
99750,59.199999999999996,12.445414847161572
100000,66.0,20.43010752688172
100250,74.0,12.552301255230125
100500,67.60000000000001,7.000000000000001
100750,64.4,12.554112554112553
101000,62.4,26.11764705882353
101250,50.0,6.550218340611353
101500,72.0,23.298969072164947
101750,82.0,24.21711899791232
102000,64.4,12.557077625570775
102250,68.4,2.9748283752860414
102500,63.6,14.814814814814813
102750,81.6,39.12133891213389
103000,77.60000000000001,9.072164948453608
103250,60.0,17.75147928994083
103500,69.6,9.130434782608695
103750,57.199999999999996,10.31578947368421
104000,44.800000000000004,3.3936651583710407
104250,40.8,7.37527114967462
104500,44.0,11.296296296296296
104750,54.800000000000004,41.18942731277533
105000,62.0,13.686534216335541
105250,26.0,18.086956521739133
105500,46.0,7.6923076923076925
105750,75.6,28.419182948490228
106000,66.4,37.4384236453202
106250,46.400000000000006,0.4016064257028112
106500,72.39999999999999,12.159709618874773
106750,74.4,8.17717206132879
107000,59.199999999999996,32.460732984293195
107250,91.2,56.91202872531418
107500,95.19999999999999,65.66371681415929
107750,92.0,29.947460595446586
108000,67.60000000000001,11.685393258426966
108250,59.599999999999994,8.552631578947368
108500,80.0,1.2170385395537524
108750,86.0,4.426559356136821
109000,78.8,15.677966101694915
109250,73.6,2.576112412177986
109500,58.8,19.271948608137045
109750,77.2,17.05263157894737
110000,73.2,6.196581196581197
110250,72.0,4.830917874396135
110500,77.60000000000001,4.883720930232558
110750,91.2,9.767441860465116
111000,76.8,31.798245614035086
111250,81.6,27.828054298642535
111500,91.2,22.55813953488372
111750,96.0,72.27488151658767
112000,97.6,82.70142180094787
112250,96.0,46.69811320754717
112500,96.8,14.354066985645932
112750,83.2,1.4354066985645932
113000,90.0,18.377088305489263
113250,75.2,5.9447983014862
113500,80.4,16.666666666666664
113750,86.0,24.72647702407002
114000,82.0,12.133891213389122
114250,73.6,4.460093896713615
114500,76.0,17.42243436754177
114750,89.2,59.80392156862745
115000,74.8,18.159806295399516
115250,84.8,9.006928406466514
115500,56.8,2.272727272727273
115750,68.4,12.79317697228145
116000,60.8,6.769825918762089
116250,46.800000000000004,3.4907597535934287
116500,59.599999999999994,6.431535269709543
116750,60.4,18.51851851851852
117000,64.0,22.629310344827587
117250,96.8,17.24137931034483
117500,98.8,35.26881720430107
117750,77.2,15.894039735099339
118000,79.2,14.596949891067537
118250,87.2,11.247443762781186
118500,96.0,27.66393442622951
118750,86.8,8.49673202614379
119000,91.60000000000001,40.182648401826484
119250,81.6,44.91725768321513
119500,75.6,39.81481481481482
119750,74.4,10.089686098654708
120000,78.0,10.14799154334038
120250,76.0,26.96629213483146
120500,87.2,20.0
120750,86.8,43.269230769230774
121000,77.2,88.36633663366337
121250,75.6,17.59465478841871
121500,70.0,22.0
121750,71.2,24.545454545454547
122000,97.2,6.0046189376443415
122250,57.199999999999996,12.87313432835821
122500,36.4,14.244604316546763
122750,30.4,7.065217391304348
123000,50.4,41.66666666666667
123250,40.8,3.9812646370023423
123500,66.4,17.71058315334773
123750,60.4,20.56451612903226
124000,76.0,7.079646017699115
124250,85.2,36.321839080459775
124500,91.60000000000001,38.63636363636363
124750,98.4,15.898617511520738
125000,71.2,16.933638443935926
125250,25.6,20.13422818791946
125500,28.799999999999997,6.639004149377594
125750,56.39999999999999,9.746835443037975
126000,56.00000000000001,0.7246376811594203
126250,54.800000000000004,17.972350230414747
126500,64.0,4.111842105263158
126750,34.4,23.410013531799727
127000,34.8,23.232323232323232
127250,66.0,18.010291595197256
127500,58.8,9.85663082437276
127750,52.0,20.0
128000,54.400000000000006,39.0625
128250,47.199999999999996,4.824561403508771
128500,77.60000000000001,1.2605042016806722
128750,36.4,9.883720930232558
129000,47.599999999999994,0.77007700770077
129250,72.39999999999999,3.905447070914697
129500,7.6,6.738544474393531
129750,20.8,2.941176470588235
130000,19.2,4.141566265060241
130250,52.800000000000004,3.6849710982658963
130500,13.200000000000001,9.933774834437086
130750,45.6,1.520912547528517
131000,22.400000000000002,2.5380710659898478
131250,27.200000000000003,12.453760789149198
131500,67.2,4.671532846715328
131750,64.8,3.488372093023256
132000,61.199999999999996,2.144249512670565
132250,40.400000000000006,21.880650994575046
132500,25.6,12.060301507537687
132750,50.0,4.567699836867863
133000,37.2,2.2486772486772484
133250,36.8,0.8021390374331552
133500,86.0,0.9150326797385622
133750,83.6,1.2853470437017995
