250,41.199999999999996
500,88.4
750,100.0
1000,80.4
1250,100.0
1500,91.60000000000001
1750,18.0
2000,43.6
2250,92.80000000000001
2500,48.4
2750,50.4
3000,50.0
3250,66.4
3500,54.800000000000004
3750,52.0
4000,20.0
4250,18.8
4500,53.6
4750,75.6
5000,93.60000000000001
5250,71.6
5500,49.2
5750,54.400000000000006
6000,72.8
6250,41.6
6500,31.2
6750,84.8
7000,31.6
7250,35.199999999999996
7500,64.0
7750,40.8
8000,76.0
8250,85.6
8500,77.2
8750,100.0
9000,96.8
9250,69.6
9500,75.2
9750,89.60000000000001
10000,59.599999999999994
10250,65.60000000000001
10500,72.0
10750,78.8
11000,79.60000000000001
11250,73.2
11500,89.60000000000001
11750,84.39999999999999
12000,76.4
12250,64.0
12500,65.2
12750,96.8
13000,100.0
13250,99.6
13500,78.8
13750,80.0
14000,95.19999999999999
14250,91.60000000000001
14500,62.0
14750,92.80000000000001
15000,63.2
15250,69.6
15500,66.8
15750,62.8
16000,88.0
16250,92.4
16500,98.4
16750,96.8
17000,92.4
17250,76.4
17500,99.2
17750,97.2
18000,95.6
18250,87.6
18500,98.0
18750,96.8
19000,77.60000000000001
19250,70.8
19500,88.8
19750,41.199999999999996
20000,93.2
20250,89.60000000000001
20500,45.6
20750,84.39999999999999
21000,95.19999999999999
21250,70.8
21500,91.60000000000001
21750,91.2
22000,66.4
22250,86.0
22500,69.19999999999999
22750,57.199999999999996
23000,79.2
23250,99.2
23500,84.8
23750,81.6
24000,96.0
24250,94.39999999999999
24500,80.0
24750,96.8
25000,88.0
25250,91.60000000000001
25500,37.6
25750,88.4
26000,80.80000000000001
26250,96.39999999999999
26500,99.2
26750,98.8
27000,88.4
27250,100.0
27500,97.6
27750,99.2
28000,98.8
28250,99.2
28500,98.4
28750,98.8
29000,100.0
29250,98.0
29500,79.2
29750,88.8
30000,74.8
30250,68.8
30500,93.2
30750,87.6
31000,56.8
31250,85.2
31500,72.39999999999999
31750,68.8
32000,89.60000000000001
32250,88.4
32500,52.800000000000004
32750,38.0
33000,82.39999999999999
33250,78.8
33500,58.8
33750,63.2
34000,96.8
34250,98.4
34500,98.4
34750,100.0
35000,97.6
35250,66.4
35500,62.8
35750,80.4
36000,84.0
36250,68.8
36500,89.2
36750,69.6
37000,86.0
37250,67.2
37500,72.0
37750,63.2
38000,78.4
38250,96.8
38500,96.39999999999999
38750,77.60000000000001
39000,84.39999999999999
39250,63.6
39500,84.8
39750,85.2
40000,88.8
40250,64.0
40500,78.0
40750,79.60000000000001
41000,57.599999999999994
41250,82.0
41500,92.80000000000001
41750,92.0
42000,78.4
42250,98.0
42500,96.0
42750,98.4
43000,100.0
43250,99.2
43500,100.0
43750,100.0
44000,98.4
44250,100.0
44500,100.0
44750,96.8
45000,99.2
45250,99.2
45500,100.0
45750,96.8
46000,95.19999999999999
46250,62.8
46500,62.0
46750,81.6
47000,88.0
47250,96.39999999999999
47500,92.0
47750,95.6
48000,99.6
48250,98.4
48500,99.2
48750,100.0
49000,99.2
49250,100.0
49500,99.2
49750,99.2
50000,99.2
50250,100.0
50500,89.60000000000001
50750,92.0
51000,93.60000000000001
51250,99.2
51500,97.6
51750,98.4
52000,99.2
52250,96.8
52500,100.0
52750,98.4
53000,99.2
53250,100.0
53500,98.4
53750,100.0
54000,100.0
54250,100.0
54500,88.0
54750,91.2
55000,88.8
55250,96.0
55500,92.0
55750,98.4
56000,83.2
56250,97.6
56500,98.4
56750,99.2
57000,100.0
57250,100.0
57500,100.0
57750,93.2
58000,91.60000000000001
58250,97.6
58500,97.6
58750,90.4
59000,87.2
59250,84.8
59500,87.2
59750,92.80000000000001
60000,79.2
60250,100.0
60500,93.60000000000001
60750,89.60000000000001
61000,83.2
61250,90.4
61500,91.2
61750,82.8
62000,81.2
62250,72.0
62500,79.60000000000001
62750,94.8
63000,92.4
63250,89.60000000000001
63500,88.8
63750,75.2
64000,93.60000000000001
64250,93.60000000000001
64500,98.4
64750,99.2
65000,88.8
65250,97.6
65500,99.2
65750,96.0
66000,80.80000000000001
66250,86.4
66500,84.0
66750,93.60000000000001
67000,97.6
67250,98.4
67500,95.19999999999999
67750,88.0
68000,99.2
68250,87.2
68500,91.2
68750,100.0
69000,83.2
69250,96.8
69500,95.19999999999999
69750,96.0
70000,96.8
70250,100.0
70500,94.39999999999999
70750,97.6
71000,93.60000000000001
71250,97.6
71500,98.4
71750,100.0
72000,93.60000000000001
72250,91.2
72500,99.2
72750,94.39999999999999
73000,98.4
73250,93.60000000000001
73500,98.4
73750,100.0
74000,99.2
74250,92.80000000000001
74500,100.0
74750,96.0
75000,99.2
75250,96.0
75500,97.6
75750,92.0
76000,91.2
76250,95.19999999999999
76500,96.0
76750,100.0
77000,98.8
77250,97.6
77500,94.39999999999999
77750,100.0
78000,89.60000000000001
78250,96.0
78500,99.2
78750,100.0
79000,94.0
79250,94.39999999999999
79500,69.19999999999999
79750,77.2
80000,53.2
80250,77.60000000000001
80500,50.4
80750,63.6
81000,78.4
81250,70.8
81500,60.4
81750,63.6
82000,77.60000000000001
82250,72.39999999999999
82500,69.6
82750,69.6
83000,74.0
83250,40.8
83500,54.800000000000004
83750,45.6
84000,68.0
84250,48.0
84500,22.400000000000002
84750,70.0
85000,54.0
85250,77.60000000000001
85500,72.39999999999999
85750,57.99999999999999
86000,55.60000000000001
86250,54.400000000000006
86500,72.8
86750,56.00000000000001
87000,53.6
87250,69.19999999999999
87500,59.599999999999994
87750,66.8
88000,68.8
88250,46.400000000000006
88500,62.8
88750,56.39999999999999
89000,56.8
89250,48.8
89500,82.0
89750,80.80000000000001
90000,59.599999999999994
90250,69.6
90500,70.39999999999999
90750,88.4
91000,78.8
91250,56.8
91500,42.8
91750,66.0
92000,74.4
92250,72.0
92500,68.8
92750,68.4
93000,61.6
93250,65.60000000000001
93500,65.2
93750,87.6
94000,72.0
94250,60.4
94500,61.199999999999996
94750,69.6
95000,78.4
95250,54.0
95500,66.8
95750,60.8
96000,91.2
96250,57.199999999999996
96500,61.6
96750,64.0
97000,72.0
97250,62.8
97500,78.0
97750,75.6
98000,72.0
98250,71.6
98500,59.199999999999996
98750,62.8
99000,61.6
99250,61.199999999999996
99500,63.2
99750,66.4
100000,64.4
100250,75.6
100500,50.0
100750,77.60000000000001
101000,55.60000000000001
101250,68.8
101500,68.0
101750,33.6
102000,81.2
102250,56.8
102500,38.0
102750,61.199999999999996
103000,76.0
103250,54.800000000000004
103500,68.0
103750,56.8
104000,38.0
104250,87.2
104500,68.4
104750,73.2
105000,70.0
105250,50.8
105500,93.60000000000001
105750,92.80000000000001
106000,98.8
106250,76.0
106500,74.8
106750,82.8
107000,67.2
107250,90.4
107500,86.4
107750,76.0
108000,48.4
108250,74.8
108500,85.2
108750,100.0
109000,94.39999999999999
109250,76.0
109500,84.8
109750,72.0
110000,98.4
110250,96.8
110500,95.19999999999999
110750,97.6
111000,98.4
111250,98.4
111500,98.4
111750,100.0
112000,95.19999999999999
112250,95.19999999999999
112500,98.4
112750,89.60000000000001
113000,97.6
113250,97.6
113500,97.6
113750,97.6
114000,88.8
114250,90.4
114500,92.80000000000001
114750,91.2
115000,68.8
115250,93.60000000000001
115500,89.2
115750,95.6
116000,82.39999999999999
116250,60.8
116500,86.0
116750,80.4
117000,75.6
117250,100.0
117500,99.6
117750,99.2
118000,94.39999999999999
118250,88.8
118500,97.6
118750,90.4
119000,91.2
119250,69.19999999999999
119500,94.0
119750,95.6
120000,89.60000000000001
120250,91.60000000000001
120500,79.2
120750,93.60000000000001
121000,97.6
121250,86.8
121500,90.0
121750,91.2
122000,98.8
122250,56.39999999999999
122500,35.6
122750,60.4
123000,88.0
123250,89.2
123500,95.19999999999999
123750,96.8
124000,97.6
124250,94.39999999999999
124500,95.19999999999999
124750,100.0
125000,89.60000000000001
125250,48.4
125500,47.599999999999994
125750,61.6
126000,72.39999999999999
126250,46.400000000000006
126500,66.4
126750,36.8
127000,49.2
127250,61.6
127500,47.599999999999994
127750,45.6
128000,43.6
128250,42.8
128500,88.4
128750,41.199999999999996
129000,48.0
129250,58.4
129500,24.4
129750,28.799999999999997
130000,23.200000000000003
130250,53.2
130500,7.199999999999999
130750,25.6
131000,7.6
131250,8.0
131500,23.599999999999998
131750,26.8
132000,15.2
132250,20.8
132500,5.2
132750,9.2
133000,9.2
133250,40.8
133500,86.4
133750,85.6
