250,41.199999999999996
500,88.4
750,100.0
1000,80.4
1250,100.0
1500,91.60000000000001
1750,18.0
2000,43.6
2250,92.80000000000001
2500,48.4
2750,44.4
3000,34.8
3250,64.0
3500,53.2
3750,52.0
4000,16.0
4250,4.0
4500,46.400000000000006
4750,75.6
5000,93.60000000000001
5250,71.6
5500,49.2
5750,54.400000000000006
6000,72.8
6250,41.6
6500,31.2
6750,83.2
7000,31.6
7250,34.4
7500,59.199999999999996
7750,28.4
8000,67.2
8250,83.2
8500,87.2
8750,90.4
9000,83.2
9250,43.2
9500,27.6
9750,57.199999999999996
10000,30.8
10250,53.6
10500,58.4
10750,62.4
11000,72.8
11250,60.8
11500,68.4
11750,80.0
12000,92.4
12250,41.6
12500,38.800000000000004
12750,82.39999999999999
13000,80.0
13250,64.4
13500,63.6
13750,65.60000000000001
14000,92.0
14250,72.8
14500,65.2
14750,78.0
15000,72.8
15250,93.60000000000001
15500,52.0
15750,53.2
16000,66.4
16250,85.2
16500,95.19999999999999
16750,52.800000000000004
17000,68.0
17250,79.2
17500,82.39999999999999
17750,91.60000000000001
18000,87.6
18250,96.39999999999999
18500,55.60000000000001
18750,84.0
19000,60.0
19250,65.2
19500,78.0
19750,64.0
20000,77.60000000000001
20250,77.2
20500,44.800000000000004
20750,78.8
21000,84.8
21250,71.6
21500,90.4
21750,71.6
22000,64.4
22250,63.2
22500,46.800000000000004
22750,51.6
23000,42.0
23250,64.0
23500,68.0
23750,84.0
24000,76.8
24250,92.80000000000001
24500,56.8
24750,85.6
25000,84.39999999999999
25250,79.60000000000001
25500,32.800000000000004
25750,60.0
26000,54.400000000000006
26250,62.8
26500,93.2
26750,94.0
27000,90.0
27250,92.0
27500,88.8
27750,93.60000000000001
28000,89.60000000000001
28250,91.2
28500,98.4
28750,96.0
29000,96.0
29250,82.0
29500,77.2
29750,83.6
30000,76.8
30250,72.0
30500,88.8
30750,78.4
31000,80.0
31250,87.6
31500,72.0
31750,79.2
32000,84.0
32250,86.4
32500,52.400000000000006
32750,55.60000000000001
33000,72.39999999999999
33250,80.4
33500,52.400000000000006
33750,41.6
34000,83.2
34250,81.2
34500,92.80000000000001
34750,87.2
35000,95.19999999999999
35250,60.0
35500,57.599999999999994
35750,82.0
36000,79.60000000000001
36250,75.2
36500,88.4
36750,78.4
37000,84.0
37250,81.2
37500,72.0
37750,62.8
38000,46.0
38250,83.6
38500,92.4
38750,73.6
39000,64.4
39250,76.0
39500,84.39999999999999
39750,89.60000000000001
40000,89.60000000000001
40250,74.4
40500,63.6
40750,78.4
41000,44.0
41250,80.4
41500,92.4
41750,90.4
42000,75.2
42250,80.4
42500,86.4
42750,93.2
43000,94.39999999999999
43250,94.39999999999999
43500,94.39999999999999
43750,98.4
44000,72.0
44250,100.0
44500,95.19999999999999
44750,84.39999999999999
45000,93.60000000000001
45250,96.0
45500,95.19999999999999
45750,95.19999999999999
46000,100.0
46250,52.400000000000006
46500,59.599999999999994
46750,70.0
47000,96.0
47250,54.800000000000004
47500,72.8
47750,86.0
48000,93.2
48250,98.4
48500,99.2
48750,100.0
49000,99.2
49250,99.2
49500,97.6
49750,98.4
50000,99.2
50250,95.19999999999999
50500,66.8
50750,73.6
51000,65.60000000000001
51250,97.6
51500,88.4
51750,98.4
52000,99.2
52250,96.8
52500,99.2
52750,100.0
53000,99.2
53250,100.0
53500,100.0
53750,100.0
54000,94.39999999999999
54250,100.0
54500,85.2
54750,99.2
55000,100.0
55250,96.8
55500,100.0
55750,98.4
56000,99.2
56250,95.19999999999999
56500,100.0
56750,96.8
57000,100.0
57250,100.0
57500,99.2
57750,99.2
58000,99.2
58250,100.0
58500,100.0
58750,96.8
59000,100.0
59250,100.0
59500,100.0
59750,95.19999999999999
60000,95.19999999999999
60250,100.0
60500,100.0
60750,95.19999999999999
61000,100.0
61250,93.2
61500,86.4
61750,74.8
62000,77.2
62250,73.2
62500,91.60000000000001
62750,99.2
63000,91.2
63250,93.60000000000001
63500,89.60000000000001
63750,89.60000000000001
64000,94.0
64250,98.4
64500,93.60000000000001
64750,98.4
65000,99.2
65250,100.0
65500,100.0
65750,99.2
66000,100.0
66250,100.0
66500,100.0
66750,100.0
67000,100.0
67250,100.0
67500,100.0
67750,98.4
68000,97.6
68250,100.0
68500,99.2
68750,100.0
69000,100.0
69250,97.6
69500,94.39999999999999
69750,95.19999999999999
70000,97.6
70250,100.0
70500,93.60000000000001
70750,97.6
71000,97.6
71250,100.0
71500,96.39999999999999
71750,100.0
72000,100.0
72250,95.19999999999999
72500,99.2
72750,100.0
73000,98.4
73250,100.0
73500,100.0
73750,100.0
74000,100.0
74250,100.0
74500,100.0
74750,100.0
75000,100.0
75250,100.0
75500,79.60000000000001
75750,90.8
76000,96.8
76250,99.2
76500,88.0
76750,98.4
77000,97.6
77250,99.6
77500,93.60000000000001
77750,98.4
78000,92.0
78250,98.4
78500,99.2
78750,100.0
79000,83.6
79250,90.4
79500,70.8
79750,75.6
80000,79.60000000000001
80250,79.60000000000001
80500,73.2
80750,72.8
81000,80.0
81250,78.0
81500,56.00000000000001
81750,89.2
82000,91.2
82250,86.4
82500,82.39999999999999
82750,96.0
83000,82.0
83250,72.39999999999999
83500,76.4
83750,69.6
84000,60.0
84250,62.0
84500,62.8
84750,72.8
85000,66.0
85250,89.60000000000001
85500,85.2
85750,72.39999999999999
86000,93.2
86250,96.39999999999999
86500,86.0
86750,95.19999999999999
87000,94.39999999999999
87250,85.6
87500,81.6
87750,68.4
88000,86.8
88250,58.4
88500,47.599999999999994
88750,76.0
89000,55.60000000000001
89250,76.4
89500,88.8
89750,84.39999999999999
90000,88.0
90250,86.4
90500,67.60000000000001
90750,67.60000000000001
91000,93.60000000000001
91250,65.2
91500,47.599999999999994
91750,66.4
92000,79.2
92250,72.8
92500,82.8
92750,74.0
93000,58.4
93250,57.599999999999994
93500,88.0
93750,99.2
94000,92.0
94250,80.80000000000001
94500,97.6
94750,91.2
95000,84.8
95250,100.0
95500,80.80000000000001
95750,81.2
96000,97.2
96250,97.6
96500,96.0
96750,96.8
97000,97.6
97250,94.39999999999999
97500,97.6
97750,99.2
98000,69.6
98250,89.60000000000001
98500,94.39999999999999
98750,88.0
99000,77.60000000000001
99250,89.2
99500,86.4
99750,76.8
100000,86.8
100250,97.6
100500,91.2
100750,96.8
101000,99.2
101250,84.8
101500,98.4
101750,94.39999999999999
102000,86.4
102250,93.60000000000001
102500,98.4
102750,100.0
103000,100.0
103250,81.6
103500,90.4
103750,87.2
104000,78.4
104250,68.0
104500,73.2
104750,88.4
105000,90.4
105250,40.0
105500,64.8
105750,86.4
106000,81.2
106250,71.6
106500,83.2
106750,82.8
107000,85.2
107250,100.0
107500,96.0
107750,94.39999999999999
108000,87.2
108250,100.0
108500,94.8
108750,86.4
109000,100.0
109250,100.0
109500,99.2
109750,90.4
110000,90.4
110250,78.0
110500,87.2
110750,95.19999999999999
111000,84.8
111250,96.8
111500,96.8
111750,99.2
112000,100.0
112250,99.2
112500,98.4
112750,92.0
113000,97.2
113250,89.60000000000001
113500,92.4
113750,98.4
114000,93.60000000000001
114250,92.0
114500,93.60000000000001
114750,100.0
115000,87.2
115250,99.2
115500,92.0
115750,79.60000000000001
116000,79.2
116250,83.6
116500,88.4
116750,85.2
117000,97.2
117250,98.4
117500,100.0
117750,98.4
118000,100.0
118250,99.2
118500,100.0
118750,96.0
119000,99.6
119250,96.8
119500,100.0
119750,100.0
120000,92.0
120250,93.2
120500,97.6
120750,100.0
121000,94.8
121250,82.8
121500,86.8
121750,98.0
122000,100.0
122250,57.99999999999999
122500,36.4
122750,44.0
123000,87.2
123250,98.8
123500,94.0
123750,96.0
124000,99.6
124250,95.6
124500,94.8
124750,100.0
125000,71.2
125250,31.6
125500,38.0
125750,54.800000000000004
126000,54.400000000000006
126250,73.6
126500,74.0
126750,38.4
127000,78.0
127250,93.60000000000001
127500,78.4
127750,69.6
128000,78.8
128250,55.2
128500,83.2
128750,39.6
129000,64.0
129250,73.2
129500,12.4
129750,20.8
130000,26.400000000000002
130250,64.8
130500,50.8
130750,62.4
131000,64.0
131250,34.4
131500,76.0
131750,92.0
132000,87.6
132250,55.2
132500,48.8
132750,84.8
133000,41.199999999999996
133250,57.599999999999994
133500,88.0
133750,85.6
