250,41.199999999999996,0.0
500,88.4,0.0
750,100.0,0.0
1000,80.4,0.0
1250,100.0,0.0
1500,91.60000000000001,0.0
1750,18.0,0.0
2000,43.2,0.0
2250,72.8,0.0
2500,42.4,0.0
2750,11.600000000000001,0.0
3000,11.200000000000001,0.0
3250,62.8,0.0
3500,52.400000000000006,0.0
3750,50.4,0.0
4000,16.0,0.0
4250,4.0,0.0
4500,46.400000000000006,0.0
4750,74.0,0.0
5000,92.80000000000001,0.0
5250,71.6,0.0
5500,39.6,0.0
5750,53.6,0.0
6000,70.39999999999999,0.0
6250,40.0,0.0
6500,29.599999999999998,0.0
6750,68.0,0.0
7000,14.799999999999999,0.0
7250,24.8,0.0
7500,44.800000000000004,0.0
7750,11.600000000000001,0.0
8000,46.800000000000004,0.0
8250,58.4,0.0
8500,62.8,0.0
8750,69.6,0.0
9000,75.6,0.0
9250,65.60000000000001,0.0
9500,55.2,0.0
9750,74.0,0.0
10000,52.0,0.0
10250,31.2,0.0
10500,40.8,0.0
10750,73.6,0.0
11000,70.0,0.0
11250,62.8,0.0
11500,78.4,0.0
11750,76.4,0.0
12000,81.2,0.0
12250,60.4,0.0
12500,48.0,0.0
12750,70.8,0.0
13000,84.39999999999999,0.0
13250,80.4,0.0
13500,66.0,0.0
13750,61.6,0.0
14000,88.0,0.0
14250,89.60000000000001,0.0
14500,62.0,0.0
14750,90.0,0.0
15000,81.2,0.0
15250,91.2,0.0
15500,71.6,0.0
15750,55.60000000000001,0.0
16000,84.0,0.0
16250,82.8,0.0
16500,88.8,0.0
16750,60.4,0.0
17000,57.199999999999996,0.0
17250,50.4,0.0
17500,83.6,0.0
17750,90.8,0.0
18000,83.2,0.0
18250,73.6,0.0
18500,78.8,0.0
18750,79.60000000000001,0.0
19000,59.599999999999994,0.0
19250,53.6,0.0
19500,65.60000000000001,0.0
19750,43.2,0.0
20000,91.2,0.0
20250,72.39999999999999,0.0
20500,74.0,0.0
20750,92.80000000000001,0.0
21000,98.4,0.0
21250,97.6,0.0
21500,91.60000000000001,0.0
21750,95.6,0.0
22000,87.2,0.0
22250,91.2,0.0
22500,88.0,0.0
22750,74.0,0.0
23000,68.8,0.0
23250,66.4,0.0
23500,73.6,0.0
23750,60.0,0.0
24000,78.4,0.0
24250,93.60000000000001,0.0
24500,79.2,0.0
24750,79.2,0.0
25000,92.4,0.0
25250,69.6,0.0
25500,25.2,0.0
25750,70.0,0.0
26000,57.599999999999994,0.0
26250,77.2,0.0
26500,84.0,0.0
26750,88.4,0.0
27000,72.8,0.0
27250,71.2,0.0
27500,55.2,0.0
27750,82.39999999999999,0.0
28000,92.0,0.0
28250,87.2,0.0
28500,94.39999999999999,0.0
28750,97.6,0.0
29000,84.0,0.0
29250,65.60000000000001,0.0
29500,52.800000000000004,0.0
29750,55.2,0.0
30000,71.6,0.0
30250,52.800000000000004,0.0
30500,76.4,0.0
30750,72.8,0.0
31000,69.6,0.0
31250,79.2,0.0
31500,81.6,0.0
31750,94.0,0.0
32000,77.2,0.0
32250,90.8,0.0
32500,70.39999999999999,0.0
32750,76.8,0.0
33000,72.8,0.0
33250,76.8,0.0
33500,87.6,0.0
33750,50.8,0.0
34000,62.0,0.0
34250,76.4,0.0
34500,81.6,0.0
34750,85.2,0.0
35000,85.6,0.0
35250,58.8,0.0
35500,64.4,0.0
35750,57.599999999999994,0.0
36000,62.4,0.0
36250,68.4,0.0
36500,90.0,0.0
36750,86.4,0.0
37000,65.2,0.0
37250,92.0,0.0
37500,91.60000000000001,0.0
37750,76.8,0.0
38000,63.2,0.0
38250,76.4,0.0
38500,88.0,0.0
38750,59.199999999999996,0.0
39000,85.6,0.0
39250,62.4,0.0
39500,93.60000000000001,0.0
39750,96.0,0.0
40000,73.2,0.0
40250,85.2,0.0
40500,85.6,0.0
40750,96.0,0.0
41000,48.8,0.0
41250,80.80000000000001,0.0
41500,80.0,0.0
41750,79.2,0.0
42000,70.0,0.0
42250,68.4,0.0
42500,63.2,0.0
42750,76.0,0.0
43000,90.4,0.0
43250,94.39999999999999,0.0
43500,91.2,0.0
43750,96.0,0.0
44000,64.8,0.0
44250,70.39999999999999,0.0
44500,95.19999999999999,0.0
44750,80.80000000000001,0.0
45000,90.4,0.0
45250,76.8,0.0
45500,97.6,0.0
45750,99.2,0.0
46000,98.4,0.0
46250,56.00000000000001,0.0
46500,33.2,0.0
46750,83.2,0.0
47000,81.6,0.0
47250,62.0,0.0
47500,80.4,0.0
47750,88.8,0.0
48000,92.80000000000001,0.0
48250,96.0,0.0
48500,100.0,0.0
48750,98.4,0.0
49000,98.4,0.0
49250,99.2,0.0
49500,97.6,0.0
49750,96.8,0.0
50000,97.6,0.0
50250,96.39999999999999,0.0
50500,69.6,0.0
50750,82.8,0.0
51000,93.60000000000001,0.0
51250,100.0,0.0
51500,95.19999999999999,0.0
51750,98.4,0.0
52000,99.2,0.0
52250,98.4,0.0
52500,99.2,0.0
52750,100.0,0.0
53000,99.2,0.0
53250,100.0,0.0
53500,98.4,0.0
53750,99.2,0.0
54000,95.19999999999999,0.0
54250,92.0,0.0
54500,80.0,0.0
54750,87.6,0.0
55000,96.0,0.0
55250,76.4,0.0
55500,72.39999999999999,0.0
55750,91.2,0.0
56000,98.4,0.0
56250,95.19999999999999,0.0
56500,98.4,0.0
56750,91.2,0.0
57000,100.0,0.0
57250,100.0,0.0
57500,98.4,0.0
57750,100.0,0.0
58000,94.0,0.0
58250,100.0,0.0
58500,100.0,0.0
58750,96.8,0.0
59000,98.4,0.0
59250,95.19999999999999,0.0
59500,94.0,0.0
59750,84.39999999999999,0.0
60000,96.0,0.0
60250,99.2,0.0
60500,100.0,0.0
60750,96.0,0.0
61000,100.0,0.0
61250,94.8,0.0
61500,86.0,0.0
61750,60.8,0.0
62000,66.0,0.0
62250,78.4,0.0
62500,87.2,0.0
62750,82.39999999999999,0.0
63000,81.6,0.0
63250,70.8,0.0
63500,74.8,0.0
63750,68.4,0.0
64000,78.8,0.0
64250,82.8,0.0
64500,90.4,0.0
64750,96.8,0.0
65000,88.0,0.0
65250,95.6,0.0
65500,100.0,0.0
65750,98.4,0.0
66000,100.0,0.0
66250,100.0,0.0
66500,97.6,0.0
66750,98.0,0.0
67000,97.6,0.0
67250,100.0,0.0
67500,100.0,0.0
67750,95.19999999999999,0.0
68000,95.19999999999999,0.0
68250,98.0,0.0
68500,88.0,0.0
68750,98.4,0.0
69000,99.2,0.0
69250,89.60000000000001,0.0
69500,75.2,0.0
69750,92.80000000000001,0.0
70000,90.4,0.0
70250,97.6,0.0
70500,67.2,0.0
70750,84.0,0.0
71000,80.80000000000001,0.0
71250,98.4,0.0
71500,94.8,0.0
71750,100.0,0.0
72000,85.6,0.0
72250,95.19999999999999,0.0
72500,92.0,0.0
72750,93.60000000000001,0.0
73000,95.19999999999999,0.0
73250,100.0,0.0
73500,100.0,0.0
73750,100.0,0.0
74000,97.6,0.0
74250,99.2,0.0
74500,100.0,0.0
74750,100.0,0.0
75000,98.4,0.0
75250,100.0,0.0
75500,79.60000000000001,0.0
75750,86.8,0.0
76000,92.80000000000001,0.0
76250,97.6,0.0
76500,81.6,0.0
76750,99.2,0.0
77000,98.4,0.0
77250,99.2,0.0
77500,98.4,0.0
77750,99.2,0.0
78000,78.4,0.0
78250,92.0,0.0
78500,95.19999999999999,0.0
78750,99.2,0.0
79000,75.6,0.0
79250,78.8,0.0
79500,65.60000000000001,0.0
79750,74.0,0.0
80000,63.6,0.0
80250,86.8,0.0
80500,62.4,0.0
80750,84.0,0.0
81000,92.80000000000001,0.0
81250,79.2,0.0
81500,83.2,0.0
81750,69.6,0.0
82000,88.0,0.0
82250,92.0,0.0
82500,80.0,0.0
82750,86.4,0.0
83000,86.0,0.0
83250,73.6,0.0
83500,82.0,0.0
83750,64.8,0.0
84000,64.8,0.0
84250,60.0,0.0
84500,63.6,0.0
84750,92.0,0.0
85000,66.8,0.0
85250,69.19999999999999,0.0
85500,82.39999999999999,0.0
85750,88.0,0.0
86000,92.80000000000001,0.0
86250,93.60000000000001,0.0
86500,99.2,0.0
86750,96.8,0.0
87000,81.6,0.0
87250,92.80000000000001,0.0
87500,92.0,0.0
87750,70.8,0.0
88000,88.0,0.0
88250,71.2,0.0
88500,46.400000000000006,0.0
88750,69.6,0.0
89000,54.400000000000006,0.0
89250,69.6,0.0
89500,88.8,0.0
89750,86.4,0.0
90000,92.0,0.0
90250,78.8,0.0
90500,58.8,0.0
90750,50.0,0.0
91000,81.6,0.0
91250,60.8,0.0
91500,40.400000000000006,0.0
91750,53.6,0.0
92000,75.2,0.0
92250,56.00000000000001,0.0
92500,77.2,0.0
92750,70.8,0.0
93000,55.2,0.0
93250,49.6,0.0
93500,73.2,0.0
93750,98.8,0.0
94000,87.6,0.0
94250,80.0,0.0
94500,81.6,0.0
94750,88.0,0.0
95000,79.2,0.0
95250,99.2,0.0
95500,76.8,0.0
95750,61.6,0.0
96000,75.2,0.0
96250,74.8,0.0
96500,83.2,0.0
96750,82.8,0.0
97000,74.8,0.0
97250,93.2,0.0
97500,87.2,0.0
97750,95.19999999999999,0.0
98000,62.0,0.0
98250,85.6,0.0
98500,81.2,0.0
98750,72.39999999999999,0.0
99000,70.39999999999999,0.0
99250,77.60000000000001,0.0
99500,65.60000000000001,0.0
99750,65.2,0.0
100000,80.0,0.0
100250,87.2,0.0
100500,74.4,0.0
100750,87.6,0.0
101000,83.2,0.0
101250,65.60000000000001,0.0
101500,79.2,0.0
101750,89.60000000000001,0.0
102000,74.0,0.0
102250,76.4,0.0
102500,83.2,0.0
102750,92.0,0.0
103000,89.60000000000001,0.0
103250,75.2,0.0
103500,82.0,0.0
103750,65.60000000000001,0.0
104000,71.2,0.0
104250,52.0,0.0
104500,51.2,0.0
104750,75.6,0.0
105000,85.2,0.0
105250,27.6,0.0
105500,50.0,0.0
105750,85.2,0.0
106000,66.4,0.0
106250,51.2,0.0
106500,74.8,0.0
106750,78.4,0.0
107000,64.8,0.0
107250,91.2,0.0
107500,95.19999999999999,0.0
107750,92.0,0.0
108000,71.2,0.0
108250,77.2,0.0
108500,81.6,0.0
108750,86.4,0.0
109000,84.0,0.0
109250,82.39999999999999,0.0
109500,68.8,0.0
109750,85.6,0.0
110000,88.0,0.0
110250,72.8,0.0
110500,80.80000000000001,0.0
110750,95.19999999999999,0.0
111000,80.80000000000001,0.0
111250,92.0,0.0
111500,96.0,0.0
111750,98.4,0.0
112000,97.6,0.0
112250,96.8,0.0
112500,97.6,0.0
112750,84.8,0.0
113000,94.8,0.0
113250,84.8,0.0
113500,86.0,0.0
113750,95.19999999999999,0.0
114000,84.0,0.0
114250,82.39999999999999,0.0
114500,86.0,0.0
114750,99.2,0.0
115000,79.2,0.0
115250,96.8,0.0
115500,92.0,0.0
115750,78.8,0.0
116000,62.4,0.0
116250,72.39999999999999,0.0
116500,74.0,0.0
116750,78.4,0.0
117000,76.8,0.0
117250,96.8,0.0
117500,99.6,0.0
117750,78.0,0.0
118000,86.0,0.0
118250,88.0,0.0
118500,97.6,0.0
118750,92.4,0.0
119000,98.8,0.0
119250,92.0,0.0
119500,79.60000000000001,0.0
119750,88.4,0.0
120000,86.0,0.0
120250,93.2,0.0
120500,96.39999999999999,0.0
120750,94.0,0.0
121000,86.8,0.0
121250,78.0,0.0
121500,74.8,0.0
121750,96.39999999999999,0.0
122000,100.0,0.0
122250,57.99999999999999,0.0
122500,36.4,0.0
122750,36.8,0.0
123000,74.4,0.0
123250,75.6,0.0
123500,71.6,0.0
123750,65.2,0.0
124000,94.39999999999999,0.0
124250,94.0,0.0
124500,94.0,0.0
124750,99.2,0.0
125000,71.2,0.0
125250,25.6,0.0
125500,28.799999999999997,0.0
125750,45.6,0.0
126000,44.4,0.0
126250,64.4,0.0
126500,70.39999999999999,0.0
126750,39.2,0.0
127000,37.2,0.0
127250,70.8,0.0
127500,62.0,0.0
127750,55.2,0.0
128000,67.2,0.0
128250,48.8,0.0
128500,77.2,0.0
128750,37.6,0.0
129000,48.0,0.0
129250,72.8,0.0
129500,10.4,0.0
129750,24.0,0.0
130000,20.8,0.0
130250,52.800000000000004,0.0
130500,18.0,0.0
130750,48.4,0.0
131000,25.6,0.0
131250,30.0,0.0
131500,67.60000000000001,0.0
131750,66.8,0.0
132000,74.8,0.0
132250,48.0,0.0
132500,42.4,0.0
132750,59.199999999999996,0.0
133000,38.800000000000004,0.0
133250,38.0,0.0
133500,86.0,0.0
133750,84.8,0.0
