250,41.199999999999996,0.0
500,88.4,0.0
750,100.0,0.0
1000,80.4,0.0
1250,100.0,0.0
1500,91.60000000000001,0.0
1750,18.0,0.0
2000,43.6,0.0
2250,92.80000000000001,9.836065573770492
2500,48.4,2.4423337856173677
2750,16.400000000000002,9.948320413436692
3000,12.8,12.128712871287128
3250,63.2,3.167420814479638
3500,52.400000000000006,12.953367875647666
3750,52.0,8.574091332712023
4000,16.0,5.587989991659716
4250,4.0,25.350949628406276
4500,46.400000000000006,6.4730290456431545
4750,74.0,2.6338147833474936
5000,93.60000000000001,20.536462699077955
5250,71.6,1.056910569105691
5500,47.599999999999994,3.7993920972644375
5750,53.6,2.4981631153563555
6000,72.8,3.7830121341898644
6250,40.8,21.65097755249819
6500,29.599999999999998,6.899488926746167
6750,74.0,4.248088360237893
7000,18.0,8.358433734939759
7250,34.4,4.409769335142469
7500,46.400000000000006,5.217391304347826
7750,11.600000000000001,24.629773967264224
8000,59.599999999999994,10.215946843853821
8250,72.8,2.9439696106362776
8500,65.60000000000001,25.091799265605875
8750,85.2,11.65644171779141
9000,90.4,2.1065675340768277
9250,66.4,9.523809523809524
9500,71.2,17.04697986577181
9750,81.6,34.00868306801736
10000,58.8,2.1683673469387754
10250,39.6,5.798816568047338
10500,55.60000000000001,2.6136363636363633
10750,77.60000000000001,3.118279569892473
11000,76.4,12.086659064994299
11250,70.8,11.556064073226544
11500,87.2,35.51724137931034
11750,94.0,52.643678160919535
12000,89.60000000000001,10.74766355140187
12250,68.0,9.339407744874716
12500,51.6,17.436661698956783
12750,74.8,16.187594553706504
13000,87.2,10.944527736131935
13250,90.8,20.597014925373134
13500,82.39999999999999,20.28368794326241
13750,82.39999999999999,14.40443213296399
14000,92.80000000000001,12.395543175487465
14250,91.2,21.82596291012839
14500,76.8,3.927492447129909
14750,97.6,29.668674698795183
15000,86.4,15.43026706231454
15250,93.60000000000001,4.531722054380665
15500,72.8,17.352941176470587
15750,77.2,10.98546042003231
16000,88.8,3.054662379421222
16250,92.4,10.483870967741936
16500,98.4,2.903225806451613
16750,66.8,3.3546325878594248
17000,60.0,12.044374009508717
17250,69.19999999999999,19.047619047619047
17500,95.19999999999999,22.321428571428573
17750,95.19999999999999,26.94610778443114
18000,88.8,12.481426448736999
18250,83.2,21.98581560283688
18500,91.60000000000001,6.666666666666667
18750,88.8,15.035460992907801
19000,72.0,13.932291666666666
19250,70.39999999999999,12.670807453416149
19500,76.0,11.563731931668856
19750,52.0,15.104895104895105
20000,93.2,44.225352112676056
20250,90.4,23.937677053824363
20500,80.4,20.28368794326241
20750,96.8,28.407460545193686
21000,99.2,35.336194563662374
21250,98.4,50.21520803443329
21500,96.0,29.496402877697843
21750,100.0,42.302158273381295
22000,93.60000000000001,19.574468085106382
22250,96.0,43.776824034334766
22500,89.60000000000001,46.2962962962963
22750,78.0,13.24200913242009
23000,72.0,17.580872011251756
23250,83.2,17.812061711079945
23500,78.4,13.900134952766532
23750,67.2,18.16958277254374
24000,92.0,26.74897119341564
24250,97.6,39.97233748271093
24500,84.8,14.134742404227213
24750,86.4,25.874125874125873
25000,93.2,20.396600566572236
25250,73.6,4.9504950495049505
25500,30.4,15.734265734265735
25750,79.2,43.76528117359413
26000,63.2,35.45706371191136
26250,82.0,59.29203539823009
26500,86.4,65.38461538461539
26750,91.60000000000001,15.316642120765833
27000,85.6,3.77906976744186
27250,79.2,10.43613707165109
27500,60.0,1.1267605633802817
27750,89.60000000000001,18.76790830945559
28000,96.0,40.40114613180516
28250,92.80000000000001,11.494252873563218
28500,96.8,3.170028818443804
28750,100.0,20.31700288184438
29000,84.0,1.643835616438356
29250,71.2,7.094133697135062
29500,63.2,35.19781718963165
29750,76.4,6.7357512953367875
30000,74.8,15.99479843953186
30250,64.0,14.11451398135819
30500,92.4,25.806451612903224
30750,88.8,28.005865102639294
31000,76.0,28.823529411764703
31250,94.8,22.68041237113402
31500,85.2,7.5
31750,97.6,65.28189910979229
32000,82.0,5.311077389984825
32250,98.0,30.303030303030305
32500,70.39999999999999,7.5418994413407825
32750,77.2,37.16951788491446
33000,94.8,2.34375
33250,100.0,46.540880503144656
33500,90.4,6.097560975609756
33750,57.199999999999996,7.036535859269283
34000,80.0,8.603667136812412
34250,98.4,34.177215189873415
34500,92.80000000000001,24.400564174894217
34750,97.2,19.859154929577468
35000,92.80000000000001,2.6573426573426575
35250,61.6,4.063860667634253
35500,76.4,7.2443181818181825
35750,71.2,7.267441860465117
36000,75.6,14.206128133704734
36250,82.8,30.60921248142645
36500,97.6,50.66864784546805
36750,96.0,60.475482912332836
37000,77.60000000000001,10.404624277456648
37250,96.0,19.91404011461318
37500,96.8,25.644699140401144
37750,82.0,8.276797829036635
38000,78.4,26.337448559670783
38250,89.2,44.54022988505747
38500,93.60000000000001,6.628242074927954
38750,63.6,3.672316384180791
39000,86.4,10.08174386920981
39250,65.60000000000001,32.15258855585831
39500,95.19999999999999,14.092140921409213
39750,96.0,45.76502732240437
40000,73.2,2.8112449799196786
40250,87.6,26.845637583892618
40500,86.4,3.6535859269282813
40750,96.8,36.79890560875513
41000,50.4,33.69397217928903
41250,88.0,3.75
41500,91.2,4.8286604361370715
41750,94.8,5.320813771517996
42000,76.8,10.70840197693575
42250,81.6,42.66886326194398
42500,74.4,18.335901386748844
42750,97.6,38.41368584758943
43000,95.19999999999999,45.08580343213728
43250,96.8,19.284603421461895
43500,93.60000000000001,25.978090766823158
43750,98.4,7.511737089201878
44000,70.39999999999999,14.893617021276595
44250,73.6,67.98107255520505
44500,99.2,69.2429022082019
44750,88.8,17.50788643533123
45000,96.8,30.031446540880502
45250,84.0,6.7164179104477615
45500,97.6,29.191616766467064
45750,100.0,23.353293413173652
46000,100.0,47.1556886227545
46250,59.599999999999994,1.5852047556142668
46500,62.8,0.831353919239905
46750,84.8,23.067632850241544
47000,81.6,34.543010752688176
47250,92.0,18.56763925729443
47500,98.4,44.047619047619044
47750,98.4,43.89920424403183
48000,100.0,57.42705570291777
48250,99.2,5.968169761273209
48500,100.0,9.814323607427056
48750,100.0,39.92042440318303
49000,99.2,3.050397877984085
49250,99.2,40.34391534391534
49500,98.4,41.777188328912466
49750,99.2,42.98941798941799
50000,100.0,44.047619047619044
50250,99.2,48.28042328042328
50500,78.0,2.002503128911139
50750,91.2,10.235131396957122
51000,95.19999999999999,0.9630818619582664
51250,100.0,49.43820224719101
51500,99.2,47.02093397745571
51750,99.2,4.173354735152488
52000,99.2,7.199999999999999
52250,98.4,4.64
52500,100.0,15.68
52750,100.0,5.136436597110754
53000,99.2,1.4446227929373996
53250,100.0,8.025682182985554
53500,100.0,16.74718196457327
53750,100.0,16.10305958132045
54000,98.4,27.200000000000003
54250,96.8,4.32
54500,85.2,15.501519756838904
54750,92.80000000000001,4.21875
55000,96.0,37.142857142857146
55250,87.2,1.6556291390728477
55500,87.6,0.9868421052631579
55750,96.39999999999999,0.9884678747940692
56000,99.2,38.47429519071311
56250,99.2,21.818181818181817
56500,98.4,23.960066555740433
56750,94.39999999999999,8.985024958402663
57000,100.0,21.630615640599
57250,100.0,18.302828618968388
57500,100.0,70.71547420965058
57750,100.0,57.237936772046595
58000,98.0,0.6688963210702341
58250,100.0,1.839464882943144
58500,100.0,8.361204013377927
58750,96.8,22.442244224422442
59000,99.2,17.833333333333336
59250,97.6,11.166666666666666
59500,100.0,45.0
59750,99.2,62.83333333333333
60000,96.8,4.333333333333334
60250,99.2,8.666666666666668
60500,100.0,4.333333333333334
60750,100.0,82.33333333333334
61000,100.0,28.499999999999996
61250,94.8,3.9669421487603307
61500,86.0,21.11111111111111
61750,62.4,12.83987915407855
62000,78.8,25.64102564102564
62250,89.60000000000001,25.56053811659193
62500,95.19999999999999,2.4279210925644916
62750,100.0,6.525037936267071
63000,94.39999999999999,2.235469448584203
63250,91.2,27.258805513016842
63500,85.2,6.656804733727811
63750,85.2,4.738562091503268
64000,95.19999999999999,28.807947019867548
64250,97.6,9.570957095709572
64500,92.80000000000001,14.666666666666666
64750,98.4,1.5
65000,98.4,49.501661129568106
65250,100.0,1.0
65500,100.0,1.5
65750,99.2,77.09030100334448
66000,100.0,77.4247491638796
66250,100.0,31.77257525083612
66500,99.2,77.75919732441471
66750,100.0,6.0200668896321075
67000,100.0,1.0033444816053512
67250,100.0,4.1806020066889635
67500,100.0,45.31772575250836
67750,97.6,86.83333333333333
68000,95.19999999999999,88.20598006644518
68250,100.0,60.70234113712375
68500,96.0,4.983388704318937
68750,100.0,3.322259136212625
69000,99.2,44.35215946843854
69250,94.39999999999999,11.056105610561056
69500,77.60000000000001,8.229813664596273
69750,95.19999999999999,18.055555555555554
70000,96.0,13.190184049079754
70250,99.2,28.153846153846153
70500,73.6,15.718562874251496
70750,96.0,31.570996978851962
71000,95.19999999999999,48.776758409785934
71250,100.0,60.09174311926605
71500,95.6,21.2443095599393
71750,100.0,11.380880121396055
72000,85.6,9.309791332263243
72250,95.19999999999999,7.559055118110236
72500,99.2,2.9921259842519685
72750,96.8,63.88443017656501
73000,96.0,23.23717948717949
73250,100.0,26.80577849117175
73500,100.0,27.287319422150887
73750,100.0,8.507223113964688
74000,97.6,36.27608346709471
74250,100.0,41.73354735152488
74500,100.0,14.125200642054574
74750,100.0,73.03370786516854
75000,98.4,17.447495961227787
75250,100.0,21.97092084006462
75500,79.60000000000001,8.982035928143713
75750,78.0,28.87218045112782
76000,77.60000000000001,5.4399999999999995
76250,98.4,40.38155802861685
76500,82.39999999999999,13.137557959814528
76750,100.0,6.800618238021638
77000,98.8,19.90740740740741
77250,100.0,25.925925925925924
77500,98.4,18.3641975308642
77750,100.0,2.1604938271604937
78000,80.80000000000001,5.116959064327485
78250,96.8,34.42136498516321
78500,99.2,42.4287856071964
78750,100.0,29.83508245877061
79000,79.2,9.212481426448738
79250,75.2,6.278026905829597
79500,64.0,11.989100817438691
79750,71.2,2.7450980392156863
80000,55.60000000000001,17.05426356589147
80250,87.2,10.225563909774436
80500,64.8,11.407407407407408
80750,70.8,0.78125
81000,95.19999999999999,40.18691588785047
81250,82.39999999999999,39.26282051282051
81500,84.0,20.783132530120483
81750,82.8,29.984301412872842
82000,92.0,31.781701444622794
82250,96.8,7.496012759170653
82500,92.80000000000001,29.513343799058084
82750,92.80000000000001,29.951690821256037
83000,93.60000000000001,11.961722488038278
83250,71.2,12.560386473429952
83500,88.0,18.412698412698415
83750,72.39999999999999,8.062015503875969
84000,86.4,14.630467571644044
84250,82.0,7.412790697674419
84500,68.8,5.370101596516691
84750,95.19999999999999,34.81481481481482
85000,92.4,8.005822416302767
85250,77.2,7.313432835820896
85500,79.60000000000001,10.584518167456556
85750,91.60000000000001,11.829652996845425
86000,94.39999999999999,32.96875
86250,94.39999999999999,27.52
86500,100.0,64.48
86750,96.0,34.455128205128204
87000,93.60000000000001,24.110032362459545
87250,93.60000000000001,17.041800643086816
87500,91.2,9.744408945686901
87750,92.0,28.683385579937305
88000,92.80000000000001,54.41640378548895
88250,75.2,9.329446064139942
88500,67.60000000000001,8.344923504867872
88750,66.8,3.221288515406162
89000,68.4,15.767634854771783
89250,63.2,3.81791483113069
89500,85.6,4.172876304023846
89750,84.8,17.81874039938556
90000,93.2,45.03105590062112
90250,80.4,23.765432098765434
90500,62.4,3.065693430656934
90750,59.599999999999994,6.223479490806223
91000,75.2,38.006230529595015
91250,70.8,7.7389984825493165
91500,60.0,8.96551724137931
91750,77.60000000000001,5.676855895196507
92000,91.2,19.562043795620436
92250,69.6,11.346444780635402
92500,85.2,27.96352583586626
92750,91.2,27.299703264094955
93000,68.0,23.05295950155763
93250,64.8,4.431314623338257
93500,76.4,23.61111111111111
93750,99.2,32.870370370370374
94000,87.6,5.745341614906832
94250,80.0,12.89855072463768
94500,81.6,4.643962848297214
94750,90.4,48.270440251572325
95000,88.8,23.28548644338118
95250,98.0,76.04501607717042
95500,84.39999999999999,83.22884012539184
95750,85.6,22.80130293159609
96000,96.8,94.31818181818183
96250,92.0,19.565217391304348
96500,95.19999999999999,49.49832775919732
96750,94.39999999999999,20.627062706270628
97000,75.6,12.755905511811024
97250,92.4,32.71028037383177
97500,97.6,2.941176470588235
97750,96.8,37.11180124223603
98000,66.8,7.792207792207792
98250,81.6,7.020057306590258
98500,84.0,3.698224852071006
98750,80.0,13.929618768328444
99000,70.39999999999999,6.790123456790123
99250,88.0,13.230769230769232
99500,82.39999999999999,14.285714285714285
99750,72.0,8.90625
100000,84.0,14.615384615384617
100250,88.8,42.11356466876971
100500,82.8,6.259780907668231
100750,96.0,27.472527472527474
101000,88.4,45.42483660130719
101250,79.2,4.792332268370607
101500,96.8,35.94249201277955
101750,93.60000000000001,34.13461538461539
102000,84.8,16.557377049180328
102250,92.80000000000001,13.636363636363635
102500,95.19999999999999,27.61437908496732
102750,93.60000000000001,52.51677852348994
103000,100.0,36.577181208053695
103250,79.60000000000001,13.996889580093313
103500,87.2,6.842923794712286
103750,87.6,23.809523809523807
104000,66.4,17.289719626168225
104250,60.0,4.25531914893617
104500,74.4,11.002785515320335
104750,65.2,30.214723926380366
105000,92.80000000000001,16.51234567901235
105250,40.8,13.92235609103079
105500,58.8,6.329113924050633
105750,87.2,23.154848046309695
106000,80.4,21.965317919075144
106250,50.4,0.25412960609911056
106500,76.4,8.57487922705314
106750,84.8,5.594405594405594
107000,66.4,22.195704057279237
107250,93.60000000000001,38.564476885644766
107500,96.0,44.69879518072289
107750,92.0,20.405727923627683
108000,71.2,10.040160642570282
108250,82.0,70.91690544412607
108500,84.0,0.8888888888888888
108750,86.0,3.2400589101620034
109000,98.0,10.979228486646884
109250,96.0,39.61661341853035
109500,80.80000000000001,13.761467889908257
109750,88.8,12.254160363086234
110000,84.0,4.41400304414003
110250,73.6,27.938931297709924
110500,86.4,2.533532041728763
110750,92.0,13.263785394932937
111000,82.39999999999999,21.37733142037303
111250,82.39999999999999,18.035190615835777
111500,92.0,14.391691394658753
111750,96.0,45.7957957957958
112000,99.2,52.4024024024024
112250,99.2,29.72972972972973
112500,98.4,8.955223880597014
112750,91.2,1.0294117647058822
113000,94.8,11.34020618556701
113250,84.0,0.6144393241167435
113500,91.60000000000001,29.129129129129126
113750,90.8,30.354391371340522
114000,90.0,8.91238670694864
114250,78.4,10.889570552147239
114500,88.0,14.923076923076922
114750,95.6,38.66877971473851
115000,77.2,11.79245283018868
115250,94.8,44.24920127795527
115500,92.0,30.046948356807512
115750,78.0,9.35672514619883
116000,77.60000000000001,4.834254143646409
116250,57.199999999999996,9.251101321585903
116500,79.60000000000001,4.512372634643377
116750,79.60000000000001,12.82051282051282
117000,90.4,15.173410404624278
117250,97.6,11.560693641618498
117500,100.0,23.699421965317917
117750,96.8,10.344827586206897
118000,92.80000000000001,18.892045454545457
118250,88.8,8.19672131147541
118500,98.4,18.620689655172416
118750,90.4,5.555555555555555
119000,93.2,25.997045790251107
119250,91.2,28.064992614475624
119500,91.60000000000001,27.74480712166172
119750,94.0,6.686478454680535
120000,87.6,6.666666666666667
120250,86.8,17.41654571843251
120500,89.60000000000001,12.88888888888889
120750,98.4,44.113263785394935
121000,89.2,56.57686212361332
121250,75.6,7.2485207100591715
121500,72.39999999999999,15.32033426183844
121750,74.4,16.69242658423493
122000,97.2,4.0625
122250,57.199999999999996,2.9609690444145356
122500,36.4,8.536585365853659
122750,45.6,5.416666666666667
123000,60.0,30.716723549488055
123250,68.4,2.1144278606965177
123500,91.60000000000001,10.445859872611466
123750,94.8,14.50381679389313
124000,96.8,4.10783055198973
124250,91.60000000000001,26.37729549248748
124500,93.2,28.052805280528055
124750,99.2,11.461794019933555
125000,71.2,14.106583072100312
125250,30.0,15.723270440251572
125500,40.8,6.017505470459518
125750,58.8,6.128702757916241
126000,69.6,0.7936507936507936
126250,63.2,17.26479146459748
126500,68.8,2.332089552238806
126750,38.4,12.932454695222406
127000,37.2,13.251028806584362
127250,73.2,10.583580613254204
127500,61.199999999999996,6.193693693693693
127750,55.2,11.630558722919043
128000,61.199999999999996,30.451127819548873
128250,55.60000000000001,4.386951631046119
128500,80.0,1.1363636363636365
128750,40.0,8.514851485148515
129000,48.0,0.6809338521400778
129250,72.8,3.47985347985348
129500,9.2,5.938242280285035
129750,24.0,2.5052192066805845
130000,20.8,3.4965034965034967
130250,55.2,3.1384615384615384
130500,16.400000000000002,8.642765685019207
130750,46.400000000000006,1.2531328320802004
131000,22.400000000000002,1.639344262295082
131250,30.0,13.69006254343294
131500,70.0,2.3323615160349855
131750,68.8,10.249784668389319
132000,87.6,4.655172413793104
132250,48.0,10.431034482758621
132500,30.4,7.555089192025184
132750,63.2,5.6537102473498235
133000,50.8,1.7462165308498252
133250,39.2,0.6711409395973155
133500,87.6,0.7650273224043715
133750,83.6,1.282051282051282
