250,41.199999999999996
500,88.4
750,100.0
1000,80.4
1250,100.0
1500,91.60000000000001
1750,18.0
2000,43.6
2250,92.80000000000001
2500,48.4
2750,30.4
3000,19.6
3250,64.0
3500,53.2
3750,52.0
4000,16.0
4250,4.0
4500,46.400000000000006
4750,74.8
5000,93.60000000000001
5250,71.6
5500,46.800000000000004
5750,54.400000000000006
6000,72.8
6250,41.6
6500,30.4
6750,73.6
7000,26.8
7250,34.4
7500,54.400000000000006
7750,11.600000000000001
8000,63.6
8250,84.0
8500,83.2
8750,94.39999999999999
9000,91.2
9250,67.2
9500,73.6
9750,79.2
10000,58.8
10250,44.0
10500,52.800000000000004
10750,73.2
11000,76.4
11250,73.2
11500,82.39999999999999
11750,84.39999999999999
12000,74.8
12250,63.2
12500,56.39999999999999
12750,88.0
13000,93.60000000000001
13250,82.0
13500,69.19999999999999
13750,71.2
14000,84.8
14250,87.6
14500,56.00000000000001
14750,86.8
15000,59.199999999999996
15250,65.60000000000001
15500,58.8
15750,54.0
16000,88.0
16250,91.60000000000001
16500,96.0
16750,81.6
17000,85.2
17250,75.6
17500,96.8
17750,95.6
18000,84.39999999999999
18250,79.60000000000001
18500,83.2
18750,80.80000000000001
19000,76.8
19250,71.2
19500,66.4
19750,38.0
20000,88.8
20250,83.2
20500,41.6
20750,77.2
21000,87.6
21250,61.199999999999996
21500,84.39999999999999
21750,84.39999999999999
22000,62.0
22250,83.6
22500,68.0
22750,51.2
23000,71.2
23250,89.2
23500,84.8
23750,80.80000000000001
24000,96.8
24250,93.60000000000001
24500,77.60000000000001
24750,96.8
25000,87.2
25250,91.2
25500,37.6
25750,83.2
26000,80.80000000000001
26250,93.2
26500,96.39999999999999
26750,94.8
27000,86.8
27250,99.2
27500,62.4
27750,94.39999999999999
28000,92.80000000000001
28250,85.6
28500,92.80000000000001
28750,90.4
29000,98.4
29250,74.4
29500,62.4
29750,76.0
30000,72.39999999999999
30250,60.4
30500,83.2
30750,75.6
31000,49.2
31250,76.0
31500,62.0
31750,63.2
32000,82.0
32250,82.8
32500,45.2
32750,34.4
33000,78.8
33250,74.0
33500,56.00000000000001
33750,46.0
34000,91.2
34250,89.2
34500,88.8
34750,77.2
35000,87.2
35250,59.199999999999996
35500,57.99999999999999
35750,76.4
36000,78.8
36250,62.0
36500,80.0
36750,63.6
37000,78.4
37250,61.6
37500,68.8
37750,58.8
38000,62.0
38250,81.2
38500,74.8
38750,71.6
39000,74.0
39250,59.599999999999994
39500,79.2
39750,78.8
40000,79.60000000000001
40250,58.8
40500,69.6
40750,77.2
41000,50.8
41250,78.4
41500,92.4
41750,92.80000000000001
42000,64.0
42250,88.4
42500,76.4
42750,86.8
43000,89.2
43250,84.8
43500,89.2
43750,98.4
44000,70.39999999999999
44250,99.2
44500,100.0
44750,92.80000000000001
45000,92.80000000000001
45250,93.60000000000001
45500,92.80000000000001
45750,92.80000000000001
46000,87.2
46250,62.8
46500,62.0
46750,76.0
47000,85.6
47250,88.0
47500,92.0
47750,94.8
48000,93.2
48250,96.8
48500,99.2
48750,97.6
49000,96.0
49250,100.0
49500,96.8
49750,92.80000000000001
50000,99.2
50250,100.0
50500,76.0
50750,90.4
51000,93.60000000000001
51250,96.8
51500,96.0
51750,96.8
52000,98.4
52250,95.19999999999999
52500,100.0
52750,96.8
53000,96.8
53250,99.2
53500,94.39999999999999
53750,99.2
54000,94.39999999999999
54250,98.4
54500,84.39999999999999
54750,87.6
55000,88.4
55250,94.39999999999999
55500,92.0
55750,98.4
56000,82.0
56250,97.6
56500,98.4
56750,96.8
57000,98.8
57250,98.0
57500,98.4
57750,92.80000000000001
58000,90.8
58250,96.0
58500,97.2
58750,90.4
59000,87.2
59250,86.0
59500,87.6
59750,92.80000000000001
60000,77.60000000000001
60250,100.0
60500,93.60000000000001
60750,88.4
61000,83.6
61250,91.2
61500,86.8
61750,60.8
62000,76.8
62250,73.6
62500,79.2
62750,94.8
63000,87.6
63250,88.4
63500,65.60000000000001
63750,76.4
64000,86.0
64250,96.0
64500,98.4
64750,99.2
65000,96.0
65250,97.6
65500,100.0
65750,96.8
66000,100.0
66250,100.0
66500,100.0
66750,83.2
67000,98.4
67250,100.0
67500,100.0
67750,98.4
68000,100.0
68250,100.0
68500,99.2
68750,98.4
69000,100.0
69250,99.2
69500,96.0
69750,95.19999999999999
70000,97.6
70250,100.0
70500,86.4
70750,99.2
71000,96.0
71250,99.2
71500,96.39999999999999
71750,100.0
72000,100.0
72250,95.19999999999999
72500,96.8
72750,100.0
73000,96.8
73250,100.0
73500,100.0
73750,100.0
74000,97.6
74250,99.2
74500,100.0
74750,100.0
75000,98.4
75250,100.0
75500,97.6
75750,95.19999999999999
76000,95.19999999999999
76250,98.4
76500,82.39999999999999
76750,100.0
77000,98.8
77250,100.0
77500,98.4
77750,100.0
78000,88.0
78250,100.0
78500,100.0
78750,100.0
79000,79.2
79250,82.8
79500,66.4
79750,74.8
80000,87.6
80250,89.2
80500,79.60000000000001
80750,92.0
81000,95.19999999999999
81250,94.39999999999999
81500,84.0
81750,96.39999999999999
82000,95.19999999999999
82250,96.8
82500,93.60000000000001
82750,99.2
83000,95.19999999999999
83250,83.2
83500,92.80000000000001
83750,83.2
84000,86.4
84250,82.0
84500,79.60000000000001
84750,100.0
85000,88.4
85250,81.2
85500,86.4
85750,95.19999999999999
86000,94.39999999999999
86250,95.19999999999999
86500,100.0
86750,97.6
87000,93.60000000000001
87250,95.19999999999999
87500,96.0
87750,92.80000000000001
88000,96.8
88250,76.0
88500,65.60000000000001
88750,82.8
89000,74.8
89250,81.6
89500,91.2
89750,95.19999999999999
90000,96.8
90250,82.0
90500,68.0
90750,64.8
91000,98.4
91250,86.4
91500,63.2
91750,86.0
92000,91.60000000000001
92250,83.2
92500,88.8
92750,92.0
93000,76.8
93250,70.8
93500,91.60000000000001
93750,99.2
94000,92.0
94250,80.80000000000001
94500,98.4
94750,96.0
95000,91.2
95250,100.0
95500,88.4
95750,96.8
96000,96.8
96250,92.80000000000001
96500,96.8
96750,94.39999999999999
97000,79.60000000000001
97250,93.2
97500,97.6
97750,100.0
98000,80.0
98250,89.60000000000001
98500,95.19999999999999
98750,87.2
99000,77.2
99250,95.19999999999999
99500,86.4
99750,83.2
100000,89.60000000000001
100250,96.0
100500,91.2
100750,97.6
101000,96.8
101250,86.4
101500,98.4
101750,96.8
102000,97.6
102250,97.6
102500,100.0
102750,100.0
103000,100.0
103250,80.4
103500,90.4
103750,96.8
104000,82.39999999999999
104250,75.2
104500,74.4
104750,87.6
105000,100.0
105250,47.199999999999996
105500,59.599999999999994
105750,86.4
106000,80.4
106250,53.6
106500,79.2
106750,80.80000000000001
107000,84.8
107250,100.0
107500,96.0
107750,94.39999999999999
108000,87.2
108250,100.0
108500,94.8
108750,86.4
109000,100.0
109250,100.0
109500,99.2
109750,98.4
110000,89.60000000000001
110250,76.8
110500,87.2
110750,95.19999999999999
111000,84.8
111250,92.0
111500,96.8
111750,99.2
112000,99.2
112250,99.2
112500,98.4
112750,92.0
113000,97.2
113250,89.60000000000001
113500,92.4
113750,98.4
114000,93.60000000000001
114250,92.0
114500,93.60000000000001
114750,100.0
115000,87.2
115250,99.2
115500,92.0
115750,79.60000000000001
116000,76.8
116250,83.6
116500,88.4
116750,85.2
117000,96.39999999999999
117250,97.6
117500,100.0
117750,96.8
118000,94.0
118250,88.8
118500,98.4
118750,95.19999999999999
119000,99.6
119250,94.0
119500,91.60000000000001
119750,96.0
120000,90.4
120250,93.2
120500,97.6
120750,100.0
121000,94.0
121250,78.8
121500,75.6
121750,97.2
122000,100.0
122250,57.99999999999999
122500,36.4
122750,39.2
123000,84.8
123250,94.0
123500,81.2
123750,82.0
124000,99.6
124250,95.19999999999999
124500,94.0
124750,100.0
125000,71.2
125250,29.2
125500,37.2
125750,51.2
126000,45.6
126250,72.8
126500,74.0
126750,36.8
127000,64.4
127250,92.0
127500,78.4
127750,69.6
128000,76.0
128250,51.2
128500,78.0
128750,38.0
129000,64.0
129250,73.2
129500,10.0
129750,19.2
130000,25.6
130250,64.4
130500,50.8
130750,60.8
131000,64.0
131250,33.6
131500,76.0
131750,91.2
132000,86.8
132250,55.2
132500,48.8
132750,84.8
133000,36.4
133250,57.199999999999996
133500,86.4
133750,85.2
