250,41.199999999999996,0.0
500,88.4,0.0
750,100.0,0.0
1000,80.4,0.0
1250,100.0,0.0
1500,91.60000000000001,0.0
1750,18.0,0.0
2000,43.6,0.0
2250,92.80000000000001,0.0
2500,48.4,0.0
2750,50.4,0.0
3000,50.0,0.0
3250,66.4,2.6119402985074625
3500,54.800000000000004,10.8038029386344
3750,52.0,8.063241106719369
4000,20.0,4.782298358315489
4250,18.8,21.17241379310345
4500,53.6,5.320600272851296
4750,75.6,2.1247429746401645
5000,93.60000000000001,16.610169491525422
5250,71.6,0.9881422924901186
5500,49.2,4.847731510254817
5750,54.400000000000006,2.2822822822822824
6000,72.8,3.0760301799187464
6250,41.6,16.657381615598883
6500,31.2,6.670435274166196
6750,84.8,4.81994459833795
7000,31.6,9.298618490967057
7250,35.199999999999996,3.850325379609545
7500,64.0,3.9603960396039604
7750,40.8,16.073245167853507
8000,76.0,10.67472306143001
8250,86.4,9.257425742574258
8500,82.39999999999999,10.26026026026026
8750,100.0,4.754754754754755
9000,96.8,0.8559919436052367
9250,69.6,4.467168998923573
9500,76.0,7.577374599786553
9750,91.2,12.771739130434783
10000,59.599999999999994,26.955397543632838
10250,65.60000000000001,4.596622889305816
10500,72.0,2.552415679124886
10750,78.8,2.5217391304347827
11000,79.60000000000001,9.177489177489177
11250,74.0,8.906525573192239
11500,89.60000000000001,34.62897526501767
11750,95.6,40.28144239226034
12000,93.60000000000001,8.141592920353983
12250,69.6,9.288194444444445
12500,61.6,19.1992720655141
12750,96.8,32.54759746146872
13000,100.0,39.39945404913558
13250,99.6,35.72727272727273
13500,84.39999999999999,13.674418604651162
13750,88.8,9.728718428437793
14000,100.0,20.48643592142189
14250,98.4,31.39643861293346
14500,93.60000000000001,2.4413145539906105
14750,100.0,18.497652582159624
15000,96.0,42.6704014939309
15250,98.4,2.8222013170272815
15500,74.4,11.798287345385347
15750,84.39999999999999,49.80544747081712
16000,88.8,1.842870999030068
16250,92.4,6.304558680892337
16500,100.0,1.7458777885548011
16750,99.2,31.07454017424976
17000,82.8,9.125475285171103
17250,70.8,12.03281677301732
17500,98.4,22.789425706472198
17750,98.0,16.43835616438356
18000,95.6,12.010919017288444
18250,83.2,13.826940231935772
18500,99.6,4.188948306595366
18750,99.2,9.430604982206406
19000,86.4,10.708117443868739
19250,88.0,14.695945945945946
19500,96.8,25.671140939597315
19750,57.199999999999996,9.16030534351145
20000,94.0,27.256944444444443
20250,96.8,19.463667820069205
20500,83.2,12.37024221453287
20750,98.4,17.1875
21000,99.2,21.403812824956674
21250,98.4,30.381944444444443
21500,98.4,17.79513888888889
21750,100.0,25.520833333333332
22000,94.39999999999999,12.908777969018933
22250,97.6,26.47058823529412
22500,93.60000000000001,25.684931506849317
22750,78.8,7.718405428329092
23000,84.8,24.978089395267308
23250,99.2,38.47502191060473
23500,84.8,9.276595744680852
23750,86.4,11.568123393316196
24000,95.19999999999999,16.883116883116884
24250,98.4,25.10860121633362
24500,86.4,10.008554319931566
24750,97.6,23.34194659776055
25000,97.6,12.467532467532468
25250,88.4,3.2370953630796153
25500,33.2,9.25925925925926
25750,93.60000000000001,28.1198003327787
26000,72.8,33.985765124555165
26250,83.6,45.77205882352941
26500,98.0,49.44852941176471
26750,97.2,9.532538955087077
27000,88.4,2.3679417122040074
27250,96.8,7.339449541284404
27500,69.6,0.7104795737122558
27750,99.2,11.63410301953819
28000,99.2,25.088967971530252
28250,98.4,22.95373665480427
28500,97.6,1.9572953736654803
28750,100.0,12.544483985765126
29000,100.0,11.832740213523131
29250,98.4,42.513368983957214
29500,76.8,25.624999999999996
29750,84.39999999999999,4.498269896193772
30000,85.6,10.654362416107382
30250,70.0,9.005947323704333
30500,94.8,15.017064846416384
30750,92.0,16.269165247018737
31000,77.60000000000001,16.695059625212945
31250,95.6,13.151152860802734
31500,88.4,9.556313993174061
31750,98.4,37.67123287671233
32000,86.0,13.930789707187222
32250,98.8,18.755555555555556
32500,72.0,4.695652173913043
32750,77.2,21.707538601271573
33000,94.8,1.3611615245009074
33250,100.0,31.147540983606557
33500,93.2,38.05147058823529
33750,74.0,19.718309859154928
34000,99.2,35.33270852858482
34250,100.0,43.95501405810684
34500,99.2,45.829428303655106
34750,99.2,47.51173708920188
35000,96.39999999999999,21.59090909090909
35250,90.4,2.684563758389262
35500,90.8,5.803996194100856
35750,96.39999999999999,19.67370441458733
36000,99.2,16.954022988505745
36250,100.0,19.731800766283524
36500,99.2,32.662835249042146
36750,100.0,53.54406130268199
37000,100.0,13.218390804597702
37250,98.4,13.263358778625955
37500,100.0,17.080152671755723
37750,90.4,32.91015625
38000,94.39999999999999,26.534653465346537
38250,99.2,80.05952380952381
38500,99.2,4.554455445544554
38750,78.4,3.5238095238095237
39000,88.0,8.845437616387338
39250,67.2,22.306238185255197
39500,96.0,9.774436090225564
39750,96.0,31.66351606805293
40000,98.4,39.24528301886793
40250,94.39999999999999,34.40453686200378
40500,87.2,8.740601503759398
40750,98.4,25.37735849056604
41000,55.2,21.8
41250,88.0,2.3928215353938187
41500,92.4,3.090727816550349
41750,100.0,3.389830508474576
42000,98.4,12.712712712712712
42250,99.2,44.74474474474475
42500,99.2,51.548451548451546
42750,99.2,52.45245245245245
43000,98.4,53.453453453453456
43250,97.6,12.387612387612387
43500,99.2,16.616616616616618
43750,98.4,4.804804804804805
44000,72.0,10.572259941804074
44250,88.0,64.06406406406407
44500,100.0,64.26426426426426
44750,96.8,66.86686686686687
45000,99.2,19.08091908091908
45250,84.0,16.616616616616618
45500,98.4,72.07207207207207
45750,100.0,15.615615615615615
46000,100.0,72.07207207207207
46250,64.4,1.4705882352941175
46500,66.0,2.131287297527707
46750,85.6,16.45133505598622
47000,96.0,22.36727589208007
47250,94.39999999999999,34.68858131487889
47500,99.2,32.037996545768564
47750,99.2,28.633217993079583
48000,100.0,38.148788927335644
48250,99.2,3.8927335640138407
48500,100.0,6.401384083044983
48750,100.0,38.32179930795848
49000,99.2,1.9896193771626298
49250,100.0,38.667820069204154
49500,100.0,39.3598615916955
49750,99.2,28.065630397236614
50000,100.0,28.756476683937827
50250,100.0,31.519861830742656
50500,79.2,1.3559322033898304
50750,95.19999999999999,9.77891156462585
51000,96.8,0.5136986301369862
51250,100.0,36.04452054794521
51500,99.2,25.04288164665523
51750,99.2,2.2260273972602738
52000,99.2,3.8461538461538463
52250,98.4,2.4786324786324787
52500,100.0,8.376068376068375
52750,100.0,2.73972602739726
53000,99.2,0.7705479452054794
53250,100.0,4.280821917808219
53500,100.0,8.919382504288166
53750,100.0,8.576329331046312
54000,98.4,14.57975986277873
54250,100.0,2.3156089193825045
54500,96.8,9.238665526090676
54750,100.0,2.309666381522669
55000,100.0,20.01710863986313
55250,98.8,0.8613264427217916
55500,100.0,0.516795865633075
55750,98.4,0.5150214592274678
56000,99.2,19.982773471145563
56250,100.0,11.369509043927648
56500,100.0,12.4031007751938
56750,100.0,4.651162790697675
57000,100.0,11.19724375538329
57250,100.0,9.474590869939707
57500,100.0,52.885443583118
57750,100.0,29.629629629629626
58000,100.0,0.34453057708871665
58250,100.0,0.9474590869939706
58500,100.0,4.3066322136089585
58750,97.6,26.83982683982684
59000,100.0,9.264069264069263
59250,100.0,5.800865800865801
59500,100.0,54.54545454545454
59750,100.0,54.718614718614724
60000,97.6,2.2510822510822512
60250,100.0,4.5021645021645025
60500,100.0,2.2510822510822512
60750,100.0,55.41125541125541
61000,100.0,14.805194805194805
61250,99.6,46.447140381282495
61500,93.2,11.55516941789748
61750,68.0,7.234042553191489
62000,87.6,19.165247018739354
62250,93.60000000000001,17.394957983193276
62500,97.6,1.3490725126475547
62750,100.0,3.625632377740304
63000,95.19999999999999,1.2520868113522539
63250,95.19999999999999,15.008431703204048
63500,90.4,10.132890365448505
63750,86.8,2.47229326513214
64000,100.0,41.2617220801364
64250,100.0,4.94458653026428
64500,100.0,7.502131287297528
64750,100.0,0.7672634271099744
65000,99.2,25.361702127659573
65250,100.0,0.5115089514066496
65500,100.0,0.7672634271099744
65750,100.0,52.685421994884905
66000,100.0,52.685421994884905
66250,100.0,16.197783461210573
66500,100.0,52.85592497868713
66750,100.0,3.0690537084398977
67000,100.0,0.5115089514066496
67250,100.0,2.131287297527707
67500,100.0,23.10315430520034
67750,99.2,53.367433930093775
68000,100.0,54.049445865302644
68250,100.0,30.946291560102303
68500,100.0,2.557544757033248
68750,100.0,1.7050298380221656
69000,100.0,23.614663256606992
69250,100.0,55.754475703324815
69500,100.0,16.624040920716112
69750,99.2,9.974424552429667
70000,97.6,61.747243426632735
70250,100.0,15.521628498727736
70500,100.0,66.66666666666666
70750,100.0,17.726887192536047
71000,100.0,27.056827820186598
71250,100.0,67.00593723494487
71500,99.2,12.108382726502963
71750,100.0,6.350550381033022
72000,100.0,4.911092294665537
72250,95.19999999999999,4.0234702430846605
72500,100.0,1.5926236378876781
72750,99.2,34.038950042337
73000,99.2,12.267343485617598
73250,100.0,14.140558848433532
73500,100.0,14.394580863674852
73750,100.0,4.487722269263336
74000,100.0,19.13632514817951
74250,100.0,22.01524132091448
74500,100.0,7.451312447078746
74750,100.0,38.8653683319221
75000,99.2,9.144792548687553
75250,100.0,11.51566469093988
75500,100.0,43.60711261642676
75750,96.8,45.90717299578059
76000,100.0,13.570822731128073
76250,100.0,47.66751484308736
76500,89.60000000000001,7.065669160432253
76750,100.0,3.657522859517872
77000,98.8,10.714285714285714
77250,100.0,13.953488372093023
77500,100.0,9.883720930232558
77750,100.0,1.1627906976744187
78000,92.80000000000001,5.573770491803279
78250,98.4,20.394736842105264
78500,100.0,24.424342105263158
78750,100.0,16.365131578947366
79000,99.6,5.344827586206897
79250,92.0,3.932584269662921
79500,80.0,7.9065588499550765
79750,86.8,1.8421052631578945
80000,62.0,10.412757973733584
80250,88.8,10.516605166051662
80500,70.8,9.954337899543379
80750,74.4,0.4686035613870665
81000,96.8,24.134705332086064
81250,87.2,23.091423185673893
81500,84.0,12.897366030881017
81750,83.2,17.934272300469484
82000,96.8,18.732261116367077
82250,97.6,4.429783223374175
82500,93.60000000000001,19.421101774042953
82750,92.80000000000001,17.596972563859982
83000,94.39999999999999,16.839134524929445
83250,76.0,7.921714818266542
83500,92.80000000000001,12.067352666043032
83750,75.2,4.783808647654094
84000,93.60000000000001,8.923643054277829
84250,90.0,4.636363636363637
84500,78.8,8.20419325432999
84750,96.0,21.98316183348924
85000,100.0,15.341440598690365
85250,98.4,44.7887323943662
85500,96.8,26.27118644067797
85750,97.6,50.562851782363985
86000,100.0,51.87617260787992
86250,100.0,16.135084427767353
86500,100.0,53.37711069418386
86750,99.2,54.04135338345865
87000,98.4,23.308270676691727
87250,97.6,9.906542056074766
87500,100.0,5.743879472693032
87750,95.19999999999999,18.77358490566038
88000,98.4,32.54716981132076
88250,90.0,31.5289648622982
88500,91.2,21.9790675547098
88750,89.2,62.37816764132553
89000,98.4,68.03118908382066
89250,96.8,32.68101761252446
89500,99.2,2.734375
89750,100.0,11.328125
90000,96.8,48.043052837573384
90250,87.2,14.779270633397312
90500,79.60000000000001,5.387523629489603
90750,72.8,17.94145420207743
91000,87.2,29.940711462450594
91250,87.2,8.03134182174339
91500,61.6,7.162790697674419
91750,89.2,22.3069590085796
92000,93.60000000000001,12.822966507177034
92250,90.4,15.481986368062318
92500,91.60000000000001,17.96875
92750,98.4,33.33333333333333
93000,95.19999999999999,19.64980544747082
93250,80.0,4.708097928436912
93500,80.0,14.599236641221374
93750,100.0,20.32442748091603
94000,90.8,6.7748091603053435
94250,82.39999999999999,9.26605504587156
94500,83.2,2.941176470588235
94750,95.19999999999999,29.349904397705544
95000,96.0,45.30651340996169
95250,100.0,45.39347408829175
95500,91.2,50.28409090909091
95750,92.0,13.48747591522158
96000,96.8,55.86538461538461
96250,92.0,12.33140655105973
96500,97.6,41.21621621621622
96750,94.39999999999999,59.674329501915715
97000,79.60000000000001,7.5771749298409725
97250,93.2,20.763500931098697
97500,97.6,1.7625231910946195
97750,100.0,22.21189591078067
98000,82.39999999999999,4.954128440366973
98250,88.8,15.712988192552224
98500,93.60000000000001,2.3255813953488373
98750,88.0,9.377901578458681
99000,95.19999999999999,11.819021237303785
99250,98.4,28.95467160037003
99500,97.6,34.41258094357077
99750,91.2,14.976744186046512
100000,99.2,32.432432432432435
100250,97.6,54.13184772516249
100500,91.2,4.766269477543538
100750,100.0,23.556370302474793
101000,92.0,25.81244196843083
101250,99.2,2.785515320334262
101500,99.2,52.36329935125116
101750,98.4,19.74050046339203
102000,99.2,9.360518999073216
102250,98.4,42.168674698795186
102500,100.0,39.666357738646894
102750,99.2,43.17548746518106
103000,100.0,20.2414113277623
103250,84.39999999999999,9.31899641577061
103500,94.39999999999999,18.538324420677363
103750,90.8,21.242124212421242
104000,88.0,11.941659070191431
104250,92.0,7.461328480436761
104500,80.0,7.009760425909494
104750,94.39999999999999,18.206278026905828
105000,99.2,11.870503597122301
105250,61.6,9.972801450589303
105500,91.2,4.1208791208791204
105750,99.2,29.06764168190128
106000,98.4,13.881278538812786
106250,59.199999999999996,0.17467248908296942
106500,79.60000000000001,6.666666666666667
106750,88.0,3.963666391412056
107000,70.39999999999999,15.538847117794486
107250,93.60000000000001,26.841659610499573
107500,96.0,32.04373423044575
107750,92.0,16.12364243943191
108000,73.6,6.3184498736310015
108250,84.0,43.689320388349515
108500,85.2,0.539568345323741
108750,86.4,1.9837691614066726
109000,99.6,6.678700361010831
109250,96.0,22.62773722627737
109500,85.6,8.571428571428571
109750,99.2,42.06500956022944
110000,97.6,48.75717017208413
110250,98.4,54.684512428298284
110500,96.8,19.02485659655832
110750,96.0,9.655831739961759
111000,85.6,21.223709369024856
111250,92.80000000000001,13.047619047619047
111500,96.8,9.238095238095239
111750,97.6,66.92160611854685
112000,99.2,67.11281070745699
112250,99.2,18.929254302103253
112500,98.4,5.714285714285714
112750,94.39999999999999,25.98870056497175
113000,98.0,10.046948356807512
113250,95.19999999999999,3.6619718309859155
113500,93.2,32.11610486891386
113750,99.2,34.70533208606174
114000,94.39999999999999,12.534818941504177
114250,94.0,6.598513011152416
114500,93.2,9.907407407407408
114750,95.6,23.39405560882071
115000,82.0,10.521235521235521
115250,97.2,26.841085271317827
115500,95.19999999999999,20.0
115750,79.2,9.073543457497612
116000,86.4,5.238540692235735
116250,71.6,5.8768656716417915
116500,86.8,2.8284671532846715
116750,81.2,8.206958073148975
117000,94.0,9.450945094509452
117250,99.2,7.200720072007201
117500,100.0,25.02250225022502
117750,98.8,6.474820143884892
118000,100.0,12.679856115107913
118250,96.8,35.64981949458484
118500,100.0,36.371841155234655
118750,96.0,3.5198555956678703
119000,99.6,15.87015329125338
119250,96.39999999999999,17.14801444043321
119500,100.0,36.55234657039711
119750,98.8,4.072398190045249
120000,89.60000000000001,7.643884892086331
120250,88.4,10.781671159029651
120500,91.2,27.01722574796011
120750,99.2,46.95177434030937
121000,98.0,32.60473588342441
121250,83.6,8.176100628930817
121500,87.6,11.220825852782765
121750,95.19999999999999,20.577617328519857
122000,99.6,2.3486901535682025
122250,57.99999999999999,3.052805280528053
122500,36.4,5.908096280087528
122750,53.6,4.390243902439024
123000,68.0,19.92619926199262
123250,68.4,1.3449367088607596
123500,93.60000000000001,6.513105639396347
123750,98.4,24.94042891183479
124000,99.2,2.5457438345266508
124250,96.0,12.579617834394904
124500,95.6,13.866877971473851
124750,100.0,5.484896661367249
125000,87.6,25.451688923802042
125250,49.6,9.457478005865102
125500,49.2,4.394861392832995
125750,65.2,4.291287386215865
126000,71.6,0.7817589576547231
126250,64.0,11.454311454311455
126500,73.2,1.5703517587939697
126750,40.0,10.535506402793947
127000,54.0,12.3149792776791
127250,76.4,7.66852195423624
127500,62.8,3.917525773195876
127750,59.199999999999996,6.8686868686868685
128000,80.0,16.700201207243463
128250,62.4,3.275529865125241
128500,87.2,0.8888888888888888
128750,51.6,5.959475566150179
129000,48.0,0.40509259259259256
129250,72.8,2.1205357142857144
129500,19.6,3.9345937659683186
129750,26.400000000000002,1.717557251908397
130000,24.8,2.6149684400360687
130250,56.8,2.321347291761493
130500,17.2,6.521739130434782
130750,51.2,0.992063492063492
131000,25.6,5.76530612244898
131250,30.8,10.517970401691331
131500,70.39999999999999,1.686874011597259
131750,68.8,6.442880346507851
132000,87.6,6.54054054054054
132250,52.0,6.5871369294605815
132500,58.8,7.280291211648465
132750,72.8,18.24580400649702
133000,61.199999999999996,5.769230769230769
133250,60.4,0.43383947939262474
133500,94.8,0.5039596832253419
133750,84.39999999999999,1.4007782101167316
