250,31.2,38.52459016393443
500,79.2,33.59375
750,92.0,23.14814814814815
1000,46.0,19.565217391304348
1250,100.0,35.507246376811594
1500,88.8,16.883116883116884
1750,2.4,73.93767705382436
2000,24.8,81.29175946547885
2250,16.8,97.31800766283524
2500,20.0,87.72727272727273
2750,3.5999999999999996,99.11111111111111
3000,6.0,84.98293515358361
3250,28.799999999999997,96.25
3500,29.2,94.3820224719101
3750,20.4,92.1311475409836
4000,5.6000000000000005,99.27536231884058
4250,2.4,99.23312883435584
4500,6.0,98.98580121703854
4750,18.0,98.28767123287672
5000,27.200000000000003,96.80511182108627
5250,2.8000000000000003,72.67080745341616
5500,14.000000000000002,86.2453531598513
5750,5.6000000000000005,76.47058823529412
6000,19.2,99.63898916967509
6250,17.599999999999998,98.72068230277186
6500,11.600000000000001,99.812734082397
6750,18.4,90.86294416243655
7000,4.8,94.51371571072319
7250,17.599999999999998,94.47322970639033
7500,12.0,94.76744186046511
7750,1.2,98.11320754716981
8000,4.0,99.58246346555325
8250,21.6,99.74160206718346
8500,3.2,92.73504273504274
8750,28.799999999999997,79.02097902097903
9000,16.8,83.17757009345794
9250,22.8,99.06542056074767
9500,25.2,96.56652360515021
9750,8.799999999999999,99.69418960244649
10000,5.6000000000000005,99.43019943019942
10250,3.5999999999999996,93.6734693877551
10500,7.6,89.81288981288982
10750,18.8,92.55014326647564
11000,20.8,93.67088607594937
11250,8.799999999999999,81.27340823970037
11500,11.200000000000001,78.81773399014779
11750,26.400000000000002,89.62264150943396
12000,35.6,78.28571428571428
12250,12.0,81.81818181818183
12500,10.4,98.27089337175792
12750,24.8,96.29629629629629
13000,39.2,65.40880503144653
13250,17.2,99.0521327014218
13500,15.2,90.9090909090909
13750,20.0,96.58119658119658
14000,33.6,93.71428571428572
14250,6.4,98.34254143646409
14500,9.6,63.716814159292035
14750,25.6,83.23699421965318
15000,28.000000000000004,79.06976744186046
15250,32.4,96.78899082568807
15500,19.2,94.94163424124513
15750,12.0,98.64406779661017
16000,59.199999999999996,99.15254237288136
16250,75.2,87.26114649681529
16500,76.0,63.934426229508205
16750,6.800000000000001,90.2542372881356
17000,14.799999999999999,99.23954372623575
17250,22.0,92.65734265734265
17500,20.0,94.66666666666667
17750,41.199999999999996,92.17877094972067
18000,48.0,62.5615763546798
18250,25.2,99.2156862745098
18500,16.8,97.92746113989638
18750,18.0,95.69377990430623
19000,20.4,96.29629629629629
19250,19.2,94.86404833836858
19500,18.0,99.19028340080972
19750,10.4,78.6144578313253
20000,28.799999999999997,91.71597633136095
20250,17.599999999999998,97.84482758620689
20500,19.2,82.72058823529412
20750,18.0,84.47653429602889
21000,30.0,86.63101604278076
21250,17.599999999999998,97.57085020242914
21500,36.4,99.55156950672645
21750,23.200000000000003,95.260663507109
22000,19.2,99.59016393442623
22250,20.0,97.77777777777777
22500,31.2,99.6078431372549
22750,11.200000000000001,97.9933110367893
23000,25.6,95.04504504504504
23250,15.2,84.12698412698413
23500,28.799999999999997,84.5360824742268
23750,38.0,95.62043795620438
24000,32.800000000000004,95.6989247311828
24250,33.6,89.1566265060241
24500,37.6,99.47368421052632
24750,22.8,97.24770642201835
25000,35.199999999999996,88.51674641148325
25250,30.0,94.67680608365019
25500,12.4,94.2982456140351
25750,21.6,93.0379746835443
26000,9.6,97.9381443298969
26250,31.2,92.51497005988024
26500,47.599999999999994,77.88018433179722
26750,36.0,57.14285714285714
27000,33.6,95.81151832460732
27250,28.4,84.0909090909091
27500,13.600000000000001,97.9020979020979
27750,31.6,98.85057471264368
28000,37.2,99.43502824858757
28250,37.6,99.42528735632183
28500,29.599999999999998,69.86301369863014
28750,24.0,99.37888198757764
29000,45.2,99.4949494949495
29250,8.0,88.44221105527639
29500,15.2,99.1304347826087
29750,22.8,93.44262295081968
30000,2.4,99.07120743034056
30250,24.8,94.6236559139785
30500,37.2,96.33699633699634
30750,22.8,96.12903225806451
31000,8.4,72.07207207207207
31250,15.2,88.70967741935483
31500,19.6,92.61083743842364
31750,11.200000000000001,94.88188976377953
32000,15.6,99.58847736625515
32250,39.6,89.12386706948641
32500,18.4,96.92307692307692
32750,13.200000000000001,84.63687150837988
33000,21.6,81.00558659217877
33250,18.4,97.57281553398059
33500,18.8,90.81272084805654
33750,14.799999999999999,96.75324675324676
34000,19.2,96.83257918552036
34250,20.0,99.47368421052632
34500,37.6,93.19371727748691
34750,26.0,97.2972972972973
35000,20.8,97.35449735449735
35250,11.200000000000001,99.3127147766323
35500,16.0,92.0844327176781
35750,11.200000000000001,99.3421052631579
36000,15.6,97.72727272727273
36250,22.400000000000002,99.2094861660079
36500,12.0,80.10204081632652
36750,2.4,89.94708994708994
37000,23.200000000000003,98.49246231155779
37250,24.4,91.66666666666666
37500,16.0,99.1304347826087
37750,14.000000000000002,99.27272727272727
38000,20.0,97.5103734439834
38250,23.200000000000003,99.41520467836257
38500,22.400000000000002,90.0
38750,11.600000000000001,96.58703071672356
39000,9.6,97.90575916230367
39250,11.200000000000001,97.14285714285714
39500,23.599999999999998,88.23529411764706
39750,14.399999999999999,99.42857142857143
40000,14.399999999999999,86.97478991596638
40250,27.200000000000003,89.47368421052632
40500,6.0,98.5576923076923
40750,22.400000000000002,98.0
41000,4.0,98.6013986013986
41250,50.4,90.2027027027027
41500,72.8,70.7936507936508
41750,33.6,50.18867924528302
42000,28.799999999999997,68.43657817109144
42250,21.6,96.55172413793103
42500,14.399999999999999,98.06949806949807
42750,19.6,91.22807017543859
43000,40.0,87.38317757009347
43250,55.2,95.16908212560386
43500,52.800000000000004,92.70833333333334
43750,66.8,72.58883248730965
44000,32.800000000000004,83.2618025751073
44250,40.8,67.12328767123287
44500,46.400000000000006,88.42975206611571
44750,36.8,99.37106918238993
45000,26.8,87.86127167630057
45250,28.799999999999997,92.24489795918367
45500,40.8,97.91666666666666
45750,19.6,82.53968253968253
46000,22.400000000000002,96.27659574468085
46250,10.4,98.34710743801654
46500,15.2,93.72937293729373
46750,21.6,57.14285714285714
47000,41.6,90.58823529411765
47250,8.799999999999999,98.61751152073732
47500,3.5999999999999996,97.5609756097561
47750,39.2,94.98069498069498
48000,45.6,97.1830985915493
48250,72.8,78.94736842105263
48500,77.60000000000001,52.73972602739726
48750,76.8,93.75
49000,75.2,90.17857142857143
49250,84.0,97.24770642201835
49500,63.2,99.1304347826087
49750,68.8,96.29629629629629
50000,74.4,75.86206896551724
50250,70.0,96.2406015037594
50500,18.8,98.76543209876543
50750,24.0,99.54128440366972
51000,9.6,97.14285714285714
51250,68.0,99.01960784313727
51500,48.8,95.45454545454545
51750,48.0,99.13793103448276
52000,83.2,94.73684210526315
52250,69.6,88.07339449541286
52500,78.4,90.09009009009009
52750,76.0,99.08256880733946
53000,74.8,84.04255319148936
53250,78.0,96.84210526315789
53500,70.0,92.07920792079209
53750,74.0,97.05882352941177
54000,30.4,88.59649122807018
54250,32.4,99.2
54500,24.8,99.08256880733946
54750,28.000000000000004,97.14285714285714
55000,43.6,90.08264462809917
55250,40.400000000000006,89.20863309352518
55500,64.0,68.98395721925134
55750,43.2,57.49999999999999
56000,18.0,95.0413223140496
56250,57.99999999999999,91.50943396226415
56500,38.800000000000004,86.11111111111111
56750,29.2,81.04575163398692
57000,62.4,90.47619047619048
57250,75.6,96.19047619047619
57500,54.400000000000006,93.91891891891892
57750,34.8,91.7910447761194
58000,32.4,84.0
58250,72.0,71.27071823204419
58500,48.4,43.169398907103826
58750,36.8,99.03846153846155
59000,38.800000000000004,86.91588785046729
59250,46.0,99.3103448275862
59500,55.60000000000001,92.25352112676056
59750,14.799999999999999,95.41284403669725
60000,17.599999999999998,91.95402298850574
60250,71.6,97.60479041916167
60500,53.6,31.79190751445087
60750,12.8,96.7741935483871
61000,34.0,77.67857142857143
61250,48.8,93.60000000000001
61500,22.8,97.6923076923077
61750,7.6,97.70642201834863
62000,8.0,97.52475247524752
62250,12.8,95.26813880126183
62500,14.000000000000002,98.1651376146789
62750,59.199999999999996,85.0909090909091
63000,41.199999999999996,95.88477366255144
63250,27.6,98.24561403508771
63500,19.2,96.17486338797814
63750,18.8,95.86776859504133
64000,20.4,99.39024390243902
64250,56.39999999999999,94.0
64500,71.2,82.6086956521739
64750,70.39999999999999,25.64102564102564
65000,36.8,95.55555555555556
65250,71.2,97.8102189781022
65500,69.6,33.33333333333333
65750,18.4,96.82539682539682
66000,27.200000000000003,96.42857142857143
66250,44.4,99.21259842519686
66500,49.6,99.13793103448276
66750,17.599999999999998,96.49122807017544
67000,69.6,80.12422360248446
67250,80.0,42.51497005988024
67500,37.6,98.24561403508771
67750,22.0,96.0
68000,39.2,93.87755102040816
68250,20.0,97.9020979020979
68500,46.800000000000004,96.53465346534654
68750,74.8,59.61538461538461
69000,24.4,93.72384937238493
69250,25.6,97.10144927536231
69500,12.8,87.83068783068782
69750,43.6,99.08256880733946
70000,42.8,98.68421052631578
70250,39.6,98.4251968503937
70500,15.2,91.1504424778761
70750,6.800000000000001,92.06349206349206
71000,14.799999999999999,94.0
71250,21.6,99.375
71500,60.8,89.0625
71750,81.2,96.22641509433963
72000,34.0,98.4
72250,22.8,88.23529411764706
72500,55.2,98.13084112149532
72750,25.2,95.75757575757575
73000,20.4,89.50617283950618
73250,24.4,90.21739130434783
73500,55.2,98.09523809523809
73750,74.0,96.0
74000,74.8,79.8076923076923
74250,55.2,90.4
74500,69.19999999999999,97.22222222222221
74750,81.2,90.990990990991
75000,73.2,60.78431372549019
75250,59.599999999999994,96.46017699115043
75500,40.8,89.3491124260355
75750,11.200000000000001,98.29545454545455
76000,23.599999999999998,98.07692307692307
76250,12.0,95.81151832460732
76500,32.4,93.10344827586206
76750,35.199999999999996,95.45454545454545
77000,38.800000000000004,98.78048780487805
77250,34.4,92.5925925925926
77500,32.4,94.5578231292517
77750,63.6,96.36363636363636
78000,53.2,98.25581395348837
78250,20.8,98.69281045751634
78500,44.800000000000004,98.18181818181819
78750,59.199999999999996,96.8
79000,8.799999999999999,96.73469387755102
79250,20.8,91.86046511627907
79500,18.4,99.13419913419914
79750,28.4,95.65217391304348
80000,26.8,92.72030651340997
80250,19.6,96.66666666666667
80500,9.6,98.76543209876543
80750,18.0,97.36842105263158
81000,16.0,79.62962962962963
81250,21.6,89.74358974358975
81500,27.200000000000003,98.91891891891892
81750,11.600000000000001,90.76923076923077
82000,36.8,92.3913043478261
82250,33.6,90.83333333333333
82500,14.399999999999999,98.47715736040608
82750,12.8,92.82511210762333
83000,13.200000000000001,87.71186440677965
83250,24.0,72.75641025641025
83500,24.8,98.84169884169884
83750,16.8,78.11550151975683
84000,24.8,99.46236559139786
84250,4.3999999999999995,95.88607594936708
84500,9.6,79.09604519774011
84750,27.200000000000003,98.42931937172776
85000,14.799999999999999,98.47328244274809
85250,6.800000000000001,98.91304347826086
85500,6.4,96.875
85750,19.2,93.84615384615384
86000,30.0,69.93464052287581
86250,17.599999999999998,76.97841726618705
86500,7.199999999999999,96.66666666666667
86750,13.200000000000001,99.20634920634922
87000,8.799999999999999,98.98989898989899
87250,40.0,95.0
87500,32.0,99.09502262443439
87750,4.8,98.81656804733728
88000,0.8,99.52380952380952
88250,2.4,97.93103448275862
88500,12.0,90.25787965616045
88750,29.599999999999998,80.54862842892769
89000,17.2,95.55555555555556
89250,11.600000000000001,89.56043956043956
89500,34.4,98.87005649717514
89750,40.0,92.5
90000,22.0,96.65271966527197
90250,15.6,98.34710743801654
90500,12.4,95.4954954954955
90750,6.4,98.24561403508771
91000,12.8,99.17355371900827
91250,14.399999999999999,91.03641456582633
91500,16.0,87.4
91750,16.400000000000002,99.09909909909909
92000,21.6,86.20689655172413
92250,12.8,99.57081545064378
92500,19.2,97.2972972972973
92750,24.8,96.88715953307393
93000,17.599999999999998,98.23008849557522
93250,12.8,96.38009049773756
93500,6.4,99.07834101382488
93750,37.6,94.25287356321839
94000,40.400000000000006,84.64912280701753
94250,23.200000000000003,99.0
94500,9.2,94.65020576131687
94750,8.0,99.5049504950495
95000,22.400000000000002,91.01123595505618
95250,9.6,96.99570815450643
95500,9.6,92.4092409240924
95750,12.0,97.35099337748345
96000,4.3999999999999995,98.99497487437185
96250,4.8,95.37815126050421
96500,19.2,90.88235294117646
96750,21.6,77.37789203084833
97000,29.2,73.22274881516587
97250,19.6,72.60869565217392
97500,14.799999999999999,99.4949494949495
97750,14.399999999999999,99.49748743718592
98000,10.0,97.24770642201835
98250,20.0,97.63313609467455
98500,11.600000000000001,92.28070175438596
98750,13.200000000000001,80.8955223880597
99000,8.4,99.6
99250,13.200000000000001,94.08866995073892
99500,1.6,99.09909909909909
99750,12.8,86.4963503649635
100000,24.8,75.0733137829912
100250,28.799999999999997,96.8
100500,17.599999999999998,93.47079037800687
100750,24.4,98.93048128342245
101000,6.0,98.60627177700349
101250,10.0,94.5054945054945
101500,32.4,93.89312977099237
101750,16.0,63.63636363636363
102000,11.200000000000001,98.86363636363636
102250,10.0,98.85714285714286
102500,2.4,99.65156794425087
102750,19.2,87.5
103000,36.0,86.52482269503547
103250,25.2,99.17355371900827
103500,19.2,94.9748743718593
103750,4.8,98.99497487437185
104000,10.0,99.04306220095694
104250,4.8,93.39622641509435
104500,5.6000000000000005,96.92307692307692
104750,18.0,95.2991452991453
105000,16.0,99.05362776025235
105250,5.2,95.37223340040242
105500,15.6,98.17073170731707
105750,17.2,94.28571428571428
106000,14.399999999999999,96.8586387434555
106250,11.200000000000001,92.03539823008849
106500,21.2,99.14893617021276
106750,30.4,88.37209302325581
107000,14.399999999999999,96.07843137254902
107250,19.2,99.15966386554622
107500,13.600000000000001,98.46153846153847
107750,6.800000000000001,96.08938547486034
108000,16.8,82.20064724919094
108250,12.8,98.99497487437185
108500,23.200000000000003,97.08029197080292
108750,86.0,97.07602339181285
109000,73.2,96.3855421686747
109250,20.0,78.37837837837837
109500,8.799999999999999,96.875
109750,9.6,98.09523809523809
110000,31.2,91.22807017543859
110250,37.6,96.29629629629629
110500,21.6,97.01492537313433
110750,29.2,71.59763313609467
111000,30.8,93.87755102040816
111250,20.0,90.69767441860465
111500,40.400000000000006,98.44961240310077
111750,57.99999999999999,6.976744186046512
112000,43.2,98.79518072289156
112250,23.200000000000003,95.94594594594594
112500,44.4,97.89473684210527
112750,23.200000000000003,98.47328244274809
113000,19.6,89.57055214723927
113250,29.2,93.7007874015748
113500,18.0,98.09523809523809
113750,39.2,90.38461538461539
114000,24.0,98.6013986013986
114250,17.599999999999998,89.30232558139535
114500,13.200000000000001,99.61685823754789
114750,24.4,98.50746268656717
115000,24.0,99.07834101382488
115250,12.0,98.09885931558935
115500,17.599999999999998,93.125
115750,17.2,98.83040935672514
116000,8.4,86.20689655172413
116250,18.8,84.80662983425414
116500,29.2,96.57142857142857
116750,27.200000000000003,99.25373134328358
117000,19.6,96.42857142857143
117250,65.60000000000001,86.27450980392157
117500,54.800000000000004,4.761904761904762
117750,36.0,83.33333333333334
118000,21.6,98.71794871794873
118250,24.0,97.41379310344827
118500,52.800000000000004,4.651162790697675
118750,58.4,93.02325581395348
119000,39.6,97.58064516129032
119250,15.2,85.09615384615384
119500,15.2,87.67123287671232
119750,18.8,95.60975609756098
120000,20.8,98.21428571428571
120250,6.4,78.125
120500,18.0,74.31693989071039
120750,11.600000000000001,98.38709677419355
121000,32.0,48.484848484848484
121250,26.0,71.98275862068965
121500,14.399999999999999,97.97297297297297
121750,11.200000000000001,83.03030303030303
122000,41.199999999999996,98.57142857142858
122250,21.6,83.76383763837639
122500,3.2,99.32885906040269
122750,9.2,98.12646370023418
123000,5.6000000000000005,98.94736842105263
123250,17.2,84.31372549019608
123500,32.800000000000004,76.06060606060606
123750,21.6,88.23529411764706
124000,13.200000000000001,84.61538461538461
124250,21.2,73.83177570093457
124500,35.199999999999996,79.56204379562044
124750,50.0,82.45614035087719
125000,13.200000000000001,92.09486166007905
125250,11.200000000000001,99.51338199513383
125500,12.8,98.03439803439802
125750,4.8,99.05437352245863
126000,20.0,92.570281124498
126250,10.0,72.1830985915493
126500,10.4,55.4140127388535
126750,8.4,87.07360861759426
127000,9.6,86.62207357859532
127250,21.6,82.9032258064516
127500,20.0,97.26027397260275
127750,17.599999999999998,96.81528662420382
128000,4.8,86.0091743119266
128250,9.6,85.59027777777779
128500,74.0,86.65620094191523
128750,37.2,89.01515151515152
129000,52.0,86.73469387755102
129250,51.2,81.87565858798736
129500,6.4,84.09680207433017
129750,16.400000000000002,84.78747203579418
130000,17.2,83.67481824190351
130250,52.400000000000006,82.8428303068253
130500,5.6000000000000005,76.98135198135199
130750,21.2,71.96885428253616
131000,4.8,65.24973432518597
131250,2.8000000000000003,58.91038696537678
131500,28.799999999999997,53.75865479723046
131750,24.4,45.78431372549019
132000,8.799999999999999,36.460865337870686
132250,15.6,35.12262841277187
132500,16.0,35.88473660513282
132750,6.0,30.471910112359552
133000,2.4,32.81039892424922
133250,24.0,33.8255033557047
133500,83.2,35.17768780926676
133750,79.2,36.00537393640842
