250,41.199999999999996,0.0
500,88.4,0.0
750,100.0,0.0
1000,80.4,0.0
1250,100.0,0.0
1500,91.60000000000001,0.0
1750,18.0,0.0
2000,43.6,0.0
2250,92.80000000000001,0.0
2500,48.4,0.0
2750,50.4,0.0
3000,42.8,10.08230452674897
3250,66.4,2.6515151515151514
3500,54.0,10.955302366345311
3750,52.0,7.926341072858286
4000,20.0,4.837545126353791
4250,5.6000000000000005,21.912919343326195
4500,49.6,5.543710021321962
4750,75.6,2.214285714285714
5000,93.60000000000001,17.30225988700565
5250,71.6,0.9595613433858807
5500,49.2,5.032258064516129
5750,54.400000000000006,2.3661270236612704
6000,72.8,3.1850961538461537
6250,41.6,17.223502304147466
6500,31.2,6.900584795321637
6750,83.2,4.81651376146789
7000,31.6,9.610104338275672
7250,34.4,3.9259674705552436
7500,63.2,4.612427930813581
7750,40.8,18.490345231129314
8000,76.0,8.670849971477468
8250,85.6,2.291783119060928
8500,81.6,11.654349061967027
8750,99.2,5.406943653955606
9000,92.80000000000001,0.9786989061600461
9250,69.6,5.164903546981954
9500,76.0,8.645003065603923
9750,91.2,15.171078114912847
10000,59.599999999999994,40.88235294117647
10250,41.6,5.185185185185185
10500,64.0,2.735562310030395
10750,77.60000000000001,2.796528447444552
11000,78.4,10.192307692307692
11250,73.2,9.79631425800194
11500,88.0,38.095238095238095
11750,95.6,44.294003868471954
12000,91.2,8.95813047711782
12250,68.8,10.368217054263566
12500,60.0,21.53061224489796
12750,96.8,36.483739837398375
13000,93.60000000000001,44.183673469387756
13250,99.6,40.0611620795107
13500,84.39999999999999,14.959016393442623
13750,88.8,10.721649484536082
14000,100.0,22.577319587628867
14250,98.4,34.607438016528924
14500,92.80000000000001,2.691511387163561
14750,100.0,20.39337474120083
15000,96.0,47.016460905349795
15250,98.4,3.112033195020747
15500,73.6,12.920168067226893
15750,84.39999999999999,15.285252960172228
16000,88.8,2.03862660944206
16250,92.4,6.974248927038626
16500,100.0,1.9313304721030045
16750,99.2,34.36830835117773
17000,82.8,10.073452256033578
17250,70.8,13.126252505010019
17500,98.4,25.0501002004008
17750,98.0,18.072289156626507
18000,95.6,13.253012048192772
18250,83.2,15.285996055226825
18500,99.6,4.630541871921182
18750,99.2,10.422812192723697
19000,86.4,11.798287345385347
19250,87.2,15.87743732590529
19500,80.80000000000001,28.89518413597734
19750,55.60000000000001,10.246679316888045
20000,94.0,29.87630827783064
20250,96.0,17.535545023696685
20500,83.2,13.528855250709556
20750,98.4,18.803418803418804
21000,99.2,23.412322274881518
21250,98.4,33.238366571699906
21500,98.4,19.468186134852804
21750,100.0,27.92022792022792
22000,94.39999999999999,13.076199435559738
22250,96.0,28.949858088930934
22500,93.60000000000001,28.06361085126286
22750,78.8,8.333333333333332
23000,84.8,27.43022136669875
23250,99.2,42.25216554379211
23500,84.8,10.065237651444548
23750,86.4,12.676056338028168
24000,95.19999999999999,19.677093844601412
24250,98.4,29.2806484295846
24500,86.4,11.275964391691394
24750,96.0,27.909371781668384
25000,96.8,14.922279792746112
25250,81.2,1.5151515151515151
25500,31.2,9.810981098109812
25750,93.60000000000001,30.09795191451469
26000,72.8,36.27730294396961
26250,83.6,49.75024975024975
26500,97.2,53.74625374625375
26750,97.2,10.358565737051793
27000,88.4,2.5819265143992056
27250,96.0,8.02407221664995
27500,69.6,0.7789678675754625
27750,99.2,12.755598831548198
28000,99.2,27.512195121951223
28250,98.4,25.170731707317074
28500,97.6,2.1463414634146343
28750,100.0,13.756097560975611
29000,88.8,13.34002006018054
29250,94.0,47.89156626506024
29500,76.8,7.028112449799197
29750,82.39999999999999,5.024154589371981
30000,85.6,11.76470588235294
30250,70.0,9.833024118738404
30500,94.8,16.402609506057782
30750,91.2,17.90065604498594
31000,76.8,18.86429258902791
31250,95.6,14.864864864864865
31500,86.0,10.758885686839577
31750,97.6,42.51207729468599
32000,86.0,15.6686626746507
32250,98.8,21.078921078921077
32500,72.0,5.118483412322275
32750,77.2,23.971915747241727
33000,94.8,1.503006012024048
33250,100.0,34.44108761329305
33500,91.60000000000001,42.288049029622066
33750,74.0,21.96652719665272
34000,99.2,39.35281837160752
34250,100.0,48.95615866388309
34500,99.2,51.04384133611691
34750,99.2,52.928870292887034
35000,96.39999999999999,24.152542372881356
35250,90.4,2.9978586723768736
35500,90.0,6.517094017094018
35750,95.6,22.114347357065803
36000,99.2,19.052744886975244
36250,100.0,22.17438105489774
36500,99.2,36.706135629709365
36750,100.0,60.17222820236814
37000,100.0,14.854682454251883
37250,98.4,14.89817792068596
37500,100.0,19.185423365487676
37750,90.4,37.073707370737075
38000,93.60000000000001,29.944134078212294
38250,99.2,90.36954087346024
38500,99.2,5.139664804469274
38750,77.60000000000001,3.5294117647058822
39000,88.0,9.906152241918665
39250,67.2,24.660397074190175
39500,96.0,10.799584631360332
39750,96.0,35.00522466039707
40000,93.60000000000001,43.378519290928054
40250,90.4,10.13584117032393
40500,87.2,9.657320872274143
40750,98.4,28.050052137643377
41000,55.2,24.195338512763595
41250,88.0,2.6548672566371683
41500,92.4,3.4292035398230087
41750,100.0,3.761061946902655
42000,98.4,14.11111111111111
42250,99.2,49.666666666666664
42500,99.2,57.20620842572062
42750,99.2,58.22222222222222
43000,97.6,59.333333333333336
43250,97.6,13.747228381374724
43500,99.2,18.444444444444443
43750,98.4,5.333333333333334
44000,72.0,11.587982832618025
44250,88.0,71.11111111111111
44500,100.0,71.33333333333334
44750,96.8,74.22222222222223
45000,99.2,21.175166297117517
45250,84.0,18.526785714285715
45500,98.4,80.35714285714286
45750,100.0,17.410714285714285
46000,100.0,80.35714285714286
46250,62.8,1.5228426395939088
46500,66.0,0.9345794392523363
46750,85.6,18.052930056710775
47000,96.0,24.5697896749522
47250,93.60000000000001,38.08167141500475
47500,99.2,32.98578199052133
47750,99.2,31.433998100664766
48000,100.0,41.21557454890788
48250,99.2,4.273504273504273
48500,100.0,7.027540360873694
48750,100.0,42.07027540360874
49000,99.2,2.184235517568851
49250,99.2,28.96486229819563
49500,100.0,29.914529914529915
49750,99.2,30.80568720379147
50000,100.0,31.563981042654028
50250,100.0,34.59715639810427
50500,79.2,1.477377654662973
50750,95.19999999999999,10.658016682113068
51000,96.8,0.5602240896358543
51250,100.0,28.851540616246496
51500,99.2,27.315247895229188
51750,99.2,2.427637721755369
52000,99.2,4.193849021435228
52250,98.4,2.7027027027027026
52500,100.0,9.133271202236719
52750,100.0,2.9934518241347052
53000,99.2,0.841908325537886
53250,100.0,4.677268475210477
53500,100.0,9.746954076850985
53750,100.0,9.372071227741332
54000,98.4,15.932521087160262
54250,100.0,2.530459231490159
54500,96.0,10.084033613445378
54750,100.0,2.5210084033613445
55000,100.0,21.84873949579832
55250,98.8,0.9416195856873822
55500,100.0,0.5649717514124294
55750,98.4,0.5628517823639775
56000,99.2,21.84557438794727
56250,100.0,12.429378531073446
56500,100.0,13.559322033898304
56750,100.0,5.084745762711865
57000,100.0,12.24105461393597
57250,100.0,10.357815442561206
57500,100.0,57.81544256120527
57750,100.0,32.39171374764595
58000,99.2,0.3766478342749529
58250,100.0,1.0357815442561207
58500,100.0,4.708097928436912
58750,97.6,29.35606060606061
59000,100.0,10.132575757575758
59250,100.0,6.34469696969697
59500,100.0,59.65909090909091
59750,100.0,59.84848484848485
60000,96.8,2.462121212121212
60250,100.0,4.924242424242424
60500,100.0,2.462121212121212
60750,100.0,60.60606060606061
61000,100.0,16.193181818181817
61250,99.6,50.80568720379147
61500,93.2,12.642585551330798
61750,68.0,7.884972170686456
62000,87.6,20.891364902506965
62250,93.60000000000001,18.84720951509607
62500,97.6,1.4692378328741964
62750,100.0,3.948576675849403
63000,95.19999999999999,1.3623978201634876
63250,95.19999999999999,16.345270890725434
63500,90.4,10.840108401084011
63750,86.0,2.6951672862453533
64000,100.0,44.98141263940521
64250,100.0,5.390334572490707
64500,100.0,8.178438661710038
64750,100.0,0.8364312267657992
65000,99.2,27.643784786641927
65250,100.0,0.5576208178438662
65500,100.0,0.8364312267657992
65750,100.0,57.43494423791822
66000,100.0,57.43494423791822
66250,100.0,17.657992565055764
66500,100.0,57.62081784386617
66750,100.0,3.3457249070631967
67000,100.0,0.5576208178438662
67250,100.0,2.323420074349442
67500,100.0,25.185873605947958
67750,99.2,58.17843866171004
68000,100.0,58.921933085501855
68250,100.0,33.7360594795539
68500,100.0,2.7881040892193307
68750,100.0,1.858736059479554
69000,100.0,25.743494423791823
69250,100.0,60.78066914498142
69500,100.0,18.12267657992565
69750,99.2,10.87360594795539
70000,97.6,67.28280961182995
70250,100.0,16.913123844731977
70500,96.0,36.27659574468085
70750,100.0,22.23404255319149
71000,100.0,33.93617021276596
71250,100.0,43.93617021276596
71500,99.2,15.180467091295116
71750,100.0,7.961783439490445
72000,100.0,6.1571125265392785
72250,95.19999999999999,5.031446540880504
72500,100.0,1.9916142557651992
72750,97.6,43.13304721030043
73000,99.2,15.541264737406216
73250,100.0,17.918454935622318
73500,100.0,18.240343347639485
73750,100.0,5.686695278969957
74000,100.0,24.248927038626608
74250,100.0,27.896995708154503
74500,100.0,9.44206008583691
74750,100.0,49.24892703862661
75000,99.2,11.587982832618025
75250,100.0,14.592274678111588
75500,100.0,54.729011689691816
75750,96.8,23.28042328042328
76000,96.39999999999999,17.167381974248926
76250,100.0,37.98283261802575
76500,82.39999999999999,2.7892561983471076
76750,100.0,4.545454545454546
77000,98.8,13.694267515923567
77250,100.0,17.8343949044586
77500,100.0,12.632696390658174
77750,100.0,1.48619957537155
78000,92.4,6.05427974947808
78250,98.4,25.684210526315788
78500,100.0,31.05263157894737
78750,100.0,20.94736842105263
79000,83.6,6.512605042016808
79250,91.2,4.40251572327044
79500,76.0,8.747514910536779
79750,81.2,2.0172910662824206
80000,59.599999999999994,11.368209255533198
80250,88.0,9.207920792079207
80500,70.0,10.675808031341822
80750,73.6,0.508646998982706
81000,95.19999999999999,26.192893401015226
81250,84.39999999999999,25.205761316872426
81500,84.0,13.932806324110672
81750,83.2,19.45010183299389
82000,96.8,20.32854209445585
82250,97.6,4.805725971370143
82500,93.60000000000001,19.736842105263158
82750,92.80000000000001,19.096509240246405
83000,94.39999999999999,18.26530612244898
83250,76.0,8.90985324947589
83500,92.80000000000001,13.593256059009484
83750,73.6,5.445026178010471
84000,93.60000000000001,10.157068062827225
84250,90.0,5.268595041322314
84500,78.8,9.268795056642636
84750,96.0,24.453694068678463
85000,100.0,17.065556711758585
85250,98.4,49.843260188087775
85500,96.8,29.214659685863875
85750,96.8,56.20437956204379
86000,97.6,22.002085505735142
86250,100.0,17.935349322210637
86500,100.0,42.02294056308655
86750,99.2,43.573667711598745
87000,98.4,25.914315569487982
87250,97.6,11.007268951194185
87500,100.0,6.360792492179354
87750,95.19999999999999,20.10362694300518
88000,98.4,35.751295336787564
88250,90.0,34.65553235908142
88500,84.8,24.264705882352942
88750,89.2,69.33911159263272
89000,98.4,75.7871878393051
89250,95.19999999999999,8.503767491926803
89500,99.2,3.007518796992481
89750,95.19999999999999,12.56771397616468
90000,96.0,31.556039173014145
90250,86.4,16.40042598509052
90500,77.60000000000001,3.711558854718982
90750,69.19999999999999,20.0
91000,86.4,33.18729463307776
91250,83.2,6.3852813852813854
91500,60.8,7.889344262295082
91750,86.8,20.92534174553102
92000,92.80000000000001,14.149947201689548
92250,86.4,16.93290734824281
92500,91.60000000000001,19.65811965811966
92750,98.4,36.48068669527897
93000,94.8,19.59531416400426
93250,80.0,4.6248715313463515
93500,80.0,15.954118873826904
93750,100.0,22.21063607924922
94000,90.0,8.881922675026123
94250,81.6,10.11011011011011
94500,83.2,3.115264797507788
94750,95.19999999999999,32.146596858638745
95000,96.0,49.737118822292324
95250,100.0,49.84193888303478
95500,90.4,55.140186915887845
95750,92.0,14.783526927138332
96000,96.8,61.22233930453108
96250,92.0,13.487881981032665
96500,97.6,32.20696937697994
96750,94.39999999999999,41.98952879581152
97000,76.4,8.419958419958421
97250,93.2,23.061013443640125
97500,97.6,1.956745623069001
97750,100.0,24.664602683178536
98000,82.39999999999999,5.476673427991886
98250,88.8,17.352056168505516
98500,93.60000000000001,2.54841997961264
98750,88.0,10.233029381965553
99000,93.60000000000001,11.93124368048534
99250,98.4,31.712259371833838
99500,96.8,37.766497461928935
99750,90.4,16.47901740020471
100000,99.2,35.69230769230769
100250,97.6,59.55056179775281
100500,88.0,4.431017119838873
100750,100.0,25.377643504531722
101000,92.0,28.39632277834525
101250,99.2,3.0643513789581207
101500,99.2,57.59429153924567
101750,98.4,21.712538226299692
102000,99.2,10.295616717635065
102250,98.4,46.38124362895005
102500,100.0,43.6289500509684
102750,99.2,47.49744637385086
103000,100.0,22.26762002042901
103250,80.4,9.197651663405088
103500,92.0,20.3125
103750,90.8,23.39585389930898
104000,76.0,11.278952668680766
104250,91.2,8.224674022066198
104500,80.0,8.020304568527918
104750,93.60000000000001,21.21212121212121
105000,99.2,13.821989528795811
105250,52.0,16.2109375
105500,88.4,4.403131115459883
105750,97.6,31.299212598425196
106000,98.4,14.945919370698132
106250,59.199999999999996,0.18535681186283595
106500,78.8,6.7736185383244205
106750,87.2,4.181184668989547
107000,70.39999999999999,16.34446397188049
107250,93.60000000000001,28.25311942959002
107500,96.0,33.53982300884956
107750,92.0,16.87170474516696
108000,72.8,6.744604316546762
108250,83.6,46.742209631728045
108500,84.8,0.5876591576885406
108750,86.4,2.152641878669276
109000,99.6,7.247796278158668
109250,96.0,24.530168150346192
109500,85.6,9.19305413687436
109750,99.2,45.12820512820513
110000,97.6,52.307692307692314
110250,98.4,58.666666666666664
110500,96.8,20.410256410256412
110750,95.19999999999999,10.358974358974358
111000,85.6,22.722620266120778
111250,92.80000000000001,13.96534148827727
111500,96.8,10.543478260869566
111750,97.6,33.73362445414847
112000,99.2,38.53711790393013
112250,99.2,21.61572052401747
112500,98.4,6.521739130434782
112750,94.39999999999999,2.3605150214592276
113000,98.0,11.443850267379679
113250,88.8,4.2622950819672125
113500,92.4,21.800433839479393
113750,98.0,21.34344528710726
114000,93.2,7.593582887700536
114250,91.2,7.569296375266525
114500,92.0,10.638297872340425
114750,95.6,26.264800861141012
115000,79.60000000000001,11.670235546038544
115250,95.6,29.913606911447083
115500,95.19999999999999,22.019334049409238
115750,79.2,9.915611814345992
116000,86.4,4.948453608247423
116250,71.6,6.494845360824743
116500,86.8,3.118712273641851
116750,80.80000000000001,8.930323846908735
117000,92.80000000000001,10.385756676557865
117250,99.2,7.91295746785361
117500,100.0,19.683481701285853
117750,98.4,7.107601184600197
118000,100.0,13.932806324110672
118250,96.8,35.714285714285715
118500,100.0,36.7063492063492
118750,96.0,3.869047619047619
119000,99.6,17.443012884043608
119250,96.39999999999999,18.849206349206348
119500,100.0,37.40079365079365
119750,98.8,4.477611940298507
120000,89.60000000000001,6.206896551724138
120250,88.4,11.811023622047244
120500,91.2,29.62226640159046
120750,99.2,51.49700598802395
121000,98.0,35.66433566433567
121250,83.6,8.956692913385826
121500,87.6,12.291052114060964
121750,94.39999999999999,22.59663032705649
122000,99.6,2.579365079365079
122250,57.99999999999999,3.234501347708895
122500,36.4,6.289308176100629
122750,53.6,4.6476761619190405
123000,68.0,21.774193548387096
123250,68.4,1.5398550724637683
123500,93.60000000000001,7.468123861566485
123750,98.4,28.62351868732908
124000,99.2,2.922374429223744
124250,96.0,14.416058394160583
124500,95.6,15.775158658204896
124750,100.0,6.278434940855323
125000,86.8,9.099018733273862
125250,49.6,9.90990990990991
125500,48.4,4.328358208955224
125750,65.2,4.677533664068037
126000,71.6,0.764951321279555
126250,64.0,12.183436002737851
126500,73.2,1.6655562958027983
126750,40.0,11.124769514443761
127000,54.0,14.772727272727273
127250,76.4,7.873436350257543
127500,62.0,4.032258064516129
127750,59.199999999999996,7.327586206896551
128000,78.4,17.546362339514978
128250,60.0,3.3921302578018993
128500,82.8,0.9308510638297872
128750,47.199999999999996,5.7478368355995055
129000,48.0,0.42501517911353975
129250,72.8,2.2222222222222223
129500,12.4,4.191616766467066
129750,26.400000000000002,1.8301982714794103
130000,24.8,2.804642166344294
130250,56.8,2.54618072890664
130500,17.2,7.0020746887966805
130750,50.4,1.0362694300518136
131000,25.6,5.972515856236787
131250,30.8,11.098717233686559
131500,70.39999999999999,1.745771958537916
131750,68.8,6.689151208544127
132000,87.6,6.469920544835414
132250,48.8,6.750136091453457
132500,58.8,7.633587786259542
132750,72.8,19.468515309069904
133000,61.199999999999996,7.184325108853411
133250,50.0,0.5509641873278237
133500,94.8,0.6469500924214419
133750,84.39999999999999,1.5639374425023
