100,74.49177587390669,25.508224126093314,18.989338776439592
200,55.567330368070685,44.432669631929315,21.06140572014085
300,40.5235977193349,59.4764022806651,25.081118005350945
400,28.997134242813217,71.00286575718678,15.202205433889842
500,22.61410788381743,77.38589211618257,10.160284299294945
600,18.24532075584346,81.75467924415655,6.840748481324561
700,15.599719394608794,84.4002806053912,5.000447267197424
800,13.780262097376042,86.21973790262396,4.051427595572868
900,12.745902862772024,87.25409713722799,3.3601964722816318
1000,12.119018478163527,87.88098152183647,2.8974782262196164
