250,41.199999999999996,100.0
500,88.4,100.0
750,100.0,100.0
1000,80.4,100.0
1250,100.0,100.0
1500,91.60000000000001,100.0
1750,18.0,12.195121951219512
2000,41.6,41.12627986348123
2250,41.6,59.66386554621849
2500,40.400000000000006,76.2063227953411
2750,10.8,41.96277495769882
3000,9.6,49.83766233766234
3250,60.8,53.188405797101446
3500,52.400000000000006,60.311284046692606
3750,50.4,67.00796359499431
4000,16.0,73.62637362637363
4250,4.0,88.38709677419355
4500,44.0,98.51936218678816
4750,59.199999999999996,98.82525697503671
5000,67.2,99.63235294117648
5250,62.4,96.8503937007874
5500,40.400000000000006,85.68994889267462
5750,52.0,74.00318979266348
6000,62.8,84.7919655667145
6250,36.8,90.6064209274673
6500,24.8,93.42492639842983
6750,68.8,94.58937198067633
7000,10.8,98.10964083175804
7250,24.0,97.79661016949153
7500,40.0,99.78586723768737
7750,10.0,87.79284833538841
8000,19.2,97.76
8250,41.6,87.76881720430107
8500,54.400000000000006,90.27303754266211
8750,80.0,94.16809605488851
9000,84.39999999999999,96.44444444444444
9250,59.199999999999996,93.04347826086956
9500,62.0,62.79527559055118
9750,53.6,78.52882703777337
10000,32.4,98.95470383275261
10250,29.599999999999998,74.38650306748467
10500,38.800000000000004,72.72727272727273
10750,72.0,77.68361581920904
11000,70.0,90.65693430656935
11250,47.199999999999996,97.99196787148594
11500,81.6,81.19047619047619
11750,70.8,72.97297297297297
12000,80.4,5.5
12250,54.0,39.14988814317674
12500,48.4,68.07760141093475
12750,42.0,75.66137566137566
13000,82.39999999999999,83.36283185840708
13250,78.8,92.96296296296296
13500,66.4,90.20408163265307
13750,60.0,91.69811320754717
14000,88.0,93.07692307692308
14250,88.4,98.12382739212008
14500,59.599999999999994,98.0722891566265
14750,88.4,25.98039215686275
15000,81.6,25.240384615384613
15250,88.0,26.119402985074625
15500,69.19999999999999,45.22292993630573
15750,52.400000000000006,63.899613899613904
16000,78.4,77.56286266924565
16250,92.4,81.85328185328186
16500,96.0,82.65107212475633
16750,53.2,92.40246406570843
17000,50.4,98.90829694323145
17250,68.4,78.06324110671937
17500,87.2,75.5859375
17750,87.2,83.8
18000,85.6,86.40973630831643
18250,74.4,93.45238095238095
18500,63.6,97.57174392935983
18750,77.2,96.04395604395604
19000,60.0,80.5439330543933
19250,51.2,70.15209125475285
19500,63.2,82.61648745519713
19750,35.6,95.95744680851064
20000,81.6,90.20501138952164
20250,63.2,69.02439024390243
20500,73.2,23.095238095238095
20750,92.80000000000001,35.507246376811594
21000,95.6,65.78313253012048
21250,90.8,76.22549019607843
21500,81.2,26.108374384236456
21750,97.2,36.633663366336634
22000,78.0,50.970873786407765
22250,70.0,27.77777777777778
22500,81.6,55.373831775700936
22750,67.2,60.86956521739131
23000,52.800000000000004,79.0990990990991
23250,49.6,92.51439539347409
23500,71.2,98.41897233201581
23750,67.2,92.60700389105058
24000,78.4,77.92792792792793
24250,92.0,73.97260273972603
24500,80.80000000000001,80.50847457627118
24750,83.2,63.76146788990825
25000,91.60000000000001,74.37070938215103
25250,60.8,91.792656587473
25500,21.2,84.57869634340223
25750,56.00000000000001,92.86846275752774
26000,51.2,93.23144104803494
26250,48.8,93.80733944954129
26500,83.2,62.758620689655174
26750,88.4,73.30316742081448
27000,80.80000000000001,74.16481069042317
27250,74.4,80.97251585623678
27500,55.2,90.0184842883549
27750,89.60000000000001,86.9140625
28000,88.8,95.20958083832335
28250,92.0,94.10569105691057
28500,96.0,95.3061224489796
28750,92.80000000000001,96.57258064516128
29000,81.6,93.77431906614785
29250,68.8,62.039045553145336
29500,55.2,61.74496644295302
29750,66.0,73.7603305785124
30000,58.8,93.56725146198829
30250,48.8,77.29831144465291
30500,79.60000000000001,85.33834586466166
30750,64.0,99.13419913419914
31000,68.8,18.269230769230766
31250,90.8,12.807881773399016
31500,70.0,18.627450980392158
31750,86.8,23.85542168674699
32000,56.8,55.16483516483517
32250,75.6,76.08695652173914
32500,39.6,86.16822429906541
32750,46.400000000000006,49.794238683127574
33000,61.199999999999996,62.38938053097345
33250,83.6,83.6734693877551
33500,63.6,86.5296803652968
33750,42.0,77.24770642201835
34000,53.6,78.05309734513274
34250,67.2,93.05301645338209
34500,89.60000000000001,98.12382739212008
34750,87.6,89.12529550827422
35000,75.2,88.33333333333333
35250,60.0,92.02334630350194
35500,56.8,74.41441441441441
35750,50.8,84.0909090909091
36000,58.4,98.44290657439446
36250,64.8,85.36036036036036
36500,74.8,99.27884615384616
36750,73.2,5.25
37000,76.0,19.63470319634703
37250,88.8,56.334841628959275
37500,86.8,80.76923076923077
37750,71.2,87.9837067209776
38000,44.800000000000004,60.22944550669216
38250,57.199999999999996,77.09923664122137
38500,70.39999999999999,90.69767441860465
38750,62.8,95.90163934426229
39000,60.8,77.13717693836978
39250,63.2,73.09236947791165
39500,90.4,76.09561752988047
39750,89.2,82.88100208768267
40000,68.8,90.22988505747126
40250,82.8,69.73094170403587
40500,76.0,90.35087719298247
40750,88.8,94.49339207048459
41000,39.2,40.61224489795918
41250,80.80000000000001,43.76278118609407
41500,84.0,43.89233954451346
41750,78.4,61.050328227571114
42000,72.0,71.30620985010707
42250,60.8,73.89162561576354
42500,59.199999999999996,85.77777777777777
42750,88.8,64.84018264840182
43000,95.19999999999999,74.42922374429224
43250,96.8,77.37556561085974
43500,93.60000000000001,79.46428571428571
43750,97.6,81.16591928251121
44000,65.60000000000001,89.49416342412452
44250,72.0,5.88235294117647
44500,96.8,51.9607843137255
44750,76.8,45.07042253521127
45000,88.8,59.66183574879227
45250,73.6,10.77981651376147
45500,92.0,53.40909090909091
45750,90.4,75.33632286995515
46000,99.2,77.92792792792793
46250,53.6,85.87570621468926
46500,43.2,99.65397923875432
46750,83.2,87.54448398576513
47000,80.80000000000001,88.01369863013699
47250,60.8,93.7125748502994
47500,73.6,92.79661016949152
47750,69.6,99.78070175438597
48000,92.80000000000001,98.66666666666667
48250,96.8,68.0365296803653
48500,100.0,68.4931506849315
48750,98.4,63.926940639269404
49000,99.2,64.6788990825688
49250,99.2,64.84018264840182
49500,93.60000000000001,66.20370370370371
49750,96.0,67.88990825688074
50000,99.2,69.72477064220183
50250,87.2,77.06422018348624
50500,56.39999999999999,92.04771371769384
50750,58.4,95.8592132505176
51000,80.80000000000001,92.42761692650335
51250,97.2,93.56984478935698
51500,74.0,90.55793991416309
51750,94.39999999999999,86.52173913043478
52000,98.4,87.01298701298701
52250,95.19999999999999,56.086956521739125
52500,98.4,58.26086956521739
52750,98.4,58.515283842794766
53000,99.2,58.951965065502186
53250,100.0,59.388646288209614
53500,98.4,59.64912280701754
53750,99.2,59.82532751091703
54000,92.0,71.11111111111111
54250,93.60000000000001,82.53275109170306
54500,72.8,87.2210953346856
54750,87.6,86.9098712446352
55000,96.0,77.41228070175438
55250,80.0,9.685230024213075
55500,82.39999999999999,26.876513317191282
55750,92.0,4.962779156327544
56000,94.39999999999999,40.399002493765586
56250,87.2,28.953771289537713
56500,84.0,54.72154963680388
56750,88.8,61.46341463414634
57000,97.6,62.254901960784316
57250,100.0,62.745098039215684
57500,97.6,27.093596059113302
57750,93.60000000000001,7.598039215686274
58000,78.4,25.240384615384613
58250,80.4,21.34292565947242
58500,94.0,12.871287128712872
58750,94.39999999999999,33.25242718446602
59000,97.6,48.03921568627451
59250,92.80000000000001,60.0
59500,92.4,63.76470588235294
59750,76.0,83.81374722838137
60000,76.0,76.53508771929825
60250,84.8,85.33916849015317
60500,98.0,85.61946902654867
60750,90.0,98.58490566037736
61000,95.6,99.28909952606635
61250,87.6,83.91608391608392
61500,71.6,98.02631578947368
61750,41.199999999999996,82.53012048192771
62000,62.4,64.34426229508196
62250,42.4,94.11764705882352
62500,65.60000000000001,70.81545064377683
62750,79.2,85.74561403508771
63000,87.2,92.97872340425532
63250,64.8,98.23399558498896
63500,70.39999999999999,81.35964912280701
63750,66.0,52.12527964205817
64000,54.800000000000004,60.798122065727696
64250,86.0,71.77033492822966
64500,91.2,75.11737089201877
64750,97.6,76.12293144208037
65000,83.2,82.9736211031175
65250,82.39999999999999,74.82185273159145
65500,97.6,75.0599520383693
65750,96.0,82.65060240963855
66000,99.2,83.61445783132531
66250,100.0,83.61445783132531
66500,99.2,85.54216867469879
66750,78.8,94.39024390243902
67000,96.8,17.67676767676768
67250,100.0,20.707070707070706
67500,99.2,57.57575757575758
67750,93.60000000000001,34.67336683417086
68000,88.0,29.850746268656714
68250,92.80000000000001,46.0
68500,76.4,69.05940594059405
68750,94.8,71.78217821782178
69000,95.6,66.66666666666666
69250,82.8,88.57142857142857
69500,75.2,49.78260869565217
69750,92.80000000000001,58.620689655172406
70000,87.2,65.48672566371681
70250,96.8,72.99107142857143
70500,62.4,87.70491803278688
70750,88.0,89.65517241379311
71000,88.0,92.92682926829269
71250,99.2,99.02439024390245
71500,95.6,34.91271820448878
71750,100.0,40.14962593516209
72000,81.6,61.17381489841986
72250,94.39999999999999,69.75717439293598
72500,92.80000000000001,75.05518763796908
72750,92.80000000000001,83.37078651685394
73000,85.2,92.41071428571429
73250,97.2,94.29223744292237
73500,100.0,94.29223744292237
73750,100.0,95.2054794520548
74000,97.6,98.50746268656717
74250,99.2,99.00497512437812
74500,100.0,99.00497512437812
74750,98.8,99.25742574257426
75000,97.2,6.281407035175879
75250,100.0,31.909547738693465
75500,79.60000000000001,26.057906458797326
75750,75.6,50.89686098654709
76000,72.8,53.640776699029125
76250,95.19999999999999,77.53623188405797
76500,64.0,91.34199134199135
76750,96.0,88.59649122807018
77000,92.0,92.37472766884531
77250,96.0,94.45676274944567
77500,90.4,91.2751677852349
77750,98.4,92.17002237136465
78000,78.4,93.78757515030061
78250,84.0,89.07216494845362
78500,89.60000000000001,90.02123142250531
78750,99.2,90.44585987261146
79000,70.39999999999999,99.34354485776805
79250,55.2,5.651105651105651
79500,62.8,40.04237288135593
79750,57.99999999999999,59.295499021526425
80000,53.2,60.20618556701031
80250,82.0,64.41351888667992
80500,48.8,67.73547094188376
80750,67.60000000000001,70.10752688172043
81000,91.2,83.94793926247289
81250,81.2,89.28571428571429
81500,65.2,97.41219963031423
81750,61.199999999999996,80.55555555555556
82000,76.0,72.39999999999999
82250,86.4,69.44444444444444
82500,72.8,93.92624728850325
82750,70.39999999999999,12.335958005249344
83000,83.2,56.2962962962963
83250,74.4,45.2322738386308
83500,73.2,67.56756756756756
83750,68.8,77.11864406779661
84000,62.0,91.6988416988417
84250,43.2,93.22344322344323
84500,41.6,79.29606625258799
84750,84.8,91.25799573560768
85000,55.60000000000001,99.33774834437085
85250,61.6,95.24940617577197
85500,64.0,98.08153477218225
85750,74.0,68.0365296803653
86000,82.0,60.62052505966587
86250,87.6,77.61194029850746
86500,65.2,61.49870801033591
86750,88.8,60.51282051282051
87000,78.4,82.57575757575758
87250,80.80000000000001,84.06862745098039
87500,78.8,66.5893271461717
87750,62.4,93.99538106235565
88000,72.0,97.1291866028708
88250,61.6,84.91379310344827
88500,43.2,99.25233644859813
88750,57.599999999999994,68.51145038167938
89000,48.8,91.9172932330827
89250,53.6,81.10599078341014
89500,81.2,83.80952380952381
89750,72.8,88.08290155440415
90000,86.0,82.58575197889182
90250,76.8,96.83698296836984
90500,48.8,76.22222222222223
90750,47.199999999999996,84.93975903614458
91000,60.8,73.83863080684596
91250,42.8,85.26315789473684
91500,36.4,63.08243727598566
91750,34.8,72.24489795918367
92000,74.8,95.59471365638767
92250,45.2,90.47619047619048
92500,70.8,76.58643326039387
92750,62.8,81.46718146718148
93000,37.6,95.54565701559021
93250,44.4,98.67549668874173
93500,60.4,68.34532374100719
93750,98.8,80.1955990220049
94000,88.8,89.35643564356435
94250,78.4,96.17117117117117
94500,85.6,78.55297157622739
94750,83.2,59.210526315789465
95000,76.8,70.55837563451777
95250,89.2,54.91183879093199
95500,72.8,87.82816229116945
95750,45.6,35.6234096692112
96000,68.8,79.69924812030075
96250,57.599999999999994,91.13636363636364
96500,65.60000000000001,62.913907284768214
96750,62.0,69.50354609929079
97000,68.4,65.09009009009009
97250,81.2,67.10816777041943
97500,62.8,95.6896551724138
97750,87.6,99.77876106194691
98000,53.2,97.85867237687366
98250,68.4,62.58351893095768
98500,59.599999999999994,73.96963123644251
98750,57.599999999999994,69.71046770601336
99000,56.00000000000001,83.29571106094808
99250,61.199999999999996,79.06458797327394
99500,49.6,80.97447795823666
99750,59.199999999999996,91.91685912240185
100000,66.8,78.63636363636364
100250,74.8,77.62863534675614
100500,68.8,86.63793103448276
100750,65.2,94.62616822429906
101000,60.4,68.8118811881188
101250,48.4,85.94104308390023
101500,68.4,90.78947368421053
101750,84.0,98.6784140969163
102000,64.8,99.75429975429975
102250,71.6,96.47058823529412
102500,60.0,81.104033970276
102750,80.80000000000001,71.14967462039046
103000,79.2,85.16129032258064
103250,61.6,92.92035398230088
103500,73.2,79.68036529680366
103750,56.8,89.10675381263616
104000,46.400000000000006,32.860520094562645
104250,42.8,82.5287356321839
104500,40.0,96.88109161793372
104750,54.800000000000004,54.07925407925408
105000,62.0,40.54054054054054
105250,26.0,67.51361161524501
105500,46.0,79.78533094812164
105750,75.6,85.79439252336448
106000,66.4,91.08108108108108
106250,48.8,75.70498915401302
106500,68.4,67.12062256809338
106750,70.39999999999999,80.2536231884058
107000,61.6,88.66171003717473
107250,91.2,99.76580796252928
107500,95.19999999999999,98.70801033591732
107750,94.39999999999999,2.088772845953003
108000,75.6,16.507177033492823
108250,56.8,55.71095571095571
108500,78.4,72.94372294372295
108750,86.0,79.56989247311827
109000,80.80000000000001,65.98639455782312
109250,75.2,62.8140703517588
109500,52.400000000000006,94.05034324942791
109750,71.6,84.73804100227791
110000,73.6,57.44125326370757
110250,72.0,63.896103896103895
110500,77.60000000000001,74.3142144638404
110750,92.0,78.08564231738035
111000,78.4,83.8407494145199
111250,83.2,77.26161369193154
111500,94.39999999999999,84.36724565756823
111750,98.4,86.51399491094148
112000,97.6,93.734335839599
112250,96.0,21.138211382113823
112500,96.8,50.134048257372655
112750,83.2,87.91773778920309
113000,92.4,82.39795918367348
113250,71.6,91.70403587443946
113500,76.8,75.39863325740319
113750,88.4,77.46478873239437
114000,82.8,90.11494252873563
114250,76.0,73.16455696202532
114500,76.0,93.09462915601023
114750,89.2,86.38743455497382
115000,80.4,93.86189258312021
115250,81.2,91.21951219512195
115500,56.39999999999999,99.27360774818402
115750,70.0,84.0909090909091
116000,58.8,97.55102040816327
116250,49.2,71.71052631578947
116500,60.4,86.87782805429865
116750,60.8,93.43544857768052
117000,66.8,96.31336405529954
117250,96.8,98.61111111111111
117500,98.8,99.53810623556582
117750,77.2,99.30232558139535
118000,79.2,90.4645476772616
118250,87.2,92.9384965831435
118500,96.8,94.76082004555809
118750,91.60000000000001,95.39170506912443
119000,94.0,94.41747572815534
119250,87.2,96.19289340101524
119500,74.8,98.43342036553526
119750,74.4,83.83084577114428
120000,68.8,95.78454332552693
120250,78.0,51.5
120500,86.4,59.743589743589745
120750,86.8,79.21052631578948
121000,84.8,94.48818897637796
121250,78.8,96.94835680751174
121500,70.0,67.59656652360515
121750,74.4,58.212560386473434
122000,97.2,70.51597051597052
122250,57.199999999999996,81.96078431372548
122500,36.4,86.54708520179372
122750,30.4,80.54363376251789
123000,53.6,95.78414839797638
123250,42.0,24.514563106796118
123500,71.2,49.107142857142854
123750,58.8,73.16561844863732
124000,76.0,74.76851851851852
124250,88.0,88.63636363636364
124500,91.60000000000001,28.835978835978835
124750,99.2,57.75401069518716
125000,71.2,82.1078431372549
125250,25.6,92.23985890652557
125500,28.799999999999997,79.7080291970803
125750,50.8,86.16187989556136
126000,52.800000000000004,93.91304347826087
126250,55.60000000000001,99.82758620689656
126500,59.599999999999994,99.46524064171123
126750,33.6,98.69942196531792
127000,34.0,96.86520376175548
127250,66.0,84.97109826589595
127500,58.8,91.18773946360153
127750,52.800000000000004,70.32520325203252
128000,49.2,75.18248175182481
128250,46.400000000000006,85.62691131498471
128500,76.4,90.39301310043668
128750,36.8,93.6969696969697
129000,48.0,92.046783625731
129250,73.2,92.92709466811752
129500,8.0,89.53252032520325
129750,20.0,93.29268292682927
130000,23.200000000000003,95.5813953488372
130250,56.8,93.38781575037147
130500,13.200000000000001,94.86780715396579
130750,48.0,98.87187751813053
131000,24.8,99.25373134328358
131250,27.200000000000003,99.87129987129987
131500,68.0,93.53891336270192
131750,67.2,91.26050420168067
132000,60.4,90.83665338645417
132250,44.800000000000004,96.18320610687023
132500,25.6,63.25088339222616
132750,52.0,78.10344827586206
133000,34.8,87.36263736263736
133250,36.8,90.93444909344491
133500,84.39999999999999,92.90586630286494
133750,83.6,95.19999999999999
