250,41.199999999999996,0.0
500,88.4,0.0
750,100.0,0.0
1000,80.4,0.0
1250,100.0,0.0
1500,91.60000000000001,0.0
1750,18.0,0.0
2000,41.6,0.0
2250,41.6,0.0
2500,40.400000000000006,0.0
2750,10.8,0.0
3000,9.6,0.0
3250,60.8,0.0
3500,52.400000000000006,0.0
3750,50.4,0.0
4000,16.0,0.0
4250,4.0,0.0
4500,44.0,0.0
4750,59.199999999999996,0.0
5000,65.2,0.0
5250,68.4,0.0
5500,40.400000000000006,0.0
5750,45.6,0.0
6000,66.4,0.0
6250,35.199999999999996,0.0
6500,26.400000000000002,0.0
6750,61.6,0.0
7000,10.0,0.0
7250,18.4,0.0
7500,38.4,0.0
7750,10.8,0.0
8000,22.0,0.0
8250,38.4,0.0
8500,56.8,0.0
8750,76.4,0.0
9000,74.4,0.0
9250,48.8,0.0
9500,69.6,0.0
9750,49.2,0.0
10000,25.6,0.0
10250,37.6,0.0
10500,42.0,0.0
10750,56.39999999999999,0.0
11000,58.4,0.0
11250,56.8,0.0
11500,78.8,0.0
11750,79.2,0.0
12000,87.2,0.0
12250,48.4,0.0
12500,24.0,0.0
12750,42.8,0.0
13000,78.4,0.0
13250,68.4,0.0
13500,62.8,0.0
13750,46.400000000000006,0.0
14000,72.8,0.0
14250,77.2,0.0
14500,70.39999999999999,0.0
14750,93.60000000000001,0.0
15000,85.6,0.0
15250,93.60000000000001,0.0
15500,50.4,0.0
15750,46.800000000000004,0.0
16000,75.2,0.0
16250,90.8,0.0
16500,96.0,0.0
16750,40.400000000000006,0.0
17000,48.8,0.0
17250,56.39999999999999,0.0
17500,78.4,0.0
17750,82.39999999999999,0.0
18000,89.60000000000001,0.0
18250,72.39999999999999,0.0
18500,53.6,0.0
18750,76.8,0.0
19000,60.8,0.0
19250,44.0,0.0
19500,54.400000000000006,0.0
19750,54.400000000000006,0.0
20000,84.0,0.0
20250,72.39999999999999,0.0
20500,64.4,0.0
20750,97.6,0.0
21000,96.39999999999999,0.0
21250,93.2,0.0
21500,82.8,0.0
21750,98.8,0.0
22000,79.60000000000001,0.0
22250,70.8,0.0
22500,84.0,0.0
22750,54.0,0.0
23000,39.6,0.0
23250,40.0,0.0
23500,69.6,0.0
23750,66.4,0.0
24000,67.60000000000001,0.0
24250,93.60000000000001,0.0
24500,79.2,0.0
24750,86.4,0.0
25000,92.4,0.0
25250,60.8,0.0
25500,23.599999999999998,0.0
25750,11.200000000000001,0.0
26000,41.6,0.0
26250,44.800000000000004,0.0
26500,83.2,0.0
26750,80.4,0.0
27000,85.6,0.0
27250,77.60000000000001,0.0
27500,55.2,0.0
27750,81.6,0.0
28000,76.8,0.0
28250,89.60000000000001,0.0
28500,96.8,0.0
28750,93.60000000000001,0.0
29000,82.39999999999999,0.0
29250,72.8,0.0
29500,53.6,0.0
29750,68.0,0.0
30000,46.0,0.0
30250,54.0,0.0
30500,70.8,0.0
30750,61.199999999999996,0.0
31000,78.0,0.0
31250,94.8,0.0
31500,78.8,0.0
31750,88.4,0.0
32000,58.4,0.0
32250,70.8,0.0
32500,37.6,0.0
32750,72.8,0.0
33000,57.599999999999994,0.0
33250,82.39999999999999,0.0
33500,77.2,0.0
33750,29.599999999999998,0.0
34000,46.0,0.0
34250,60.0,0.0
34500,88.0,0.0
34750,83.6,0.0
35000,67.2,0.0
35250,59.199999999999996,0.0
35500,49.6,0.0
35750,52.0,0.0
36000,47.199999999999996,0.0
36250,68.0,0.0
36500,69.19999999999999,0.0
36750,76.8,0.0
37000,77.60000000000001,0.0
37250,87.2,0.0
37500,72.39999999999999,0.0
37750,69.19999999999999,0.0
38000,33.2,0.0
38250,57.99999999999999,0.0
38500,69.6,0.0
38750,50.8,0.0
39000,41.6,0.0
39250,70.39999999999999,0.0
39500,92.0,0.0
39750,91.60000000000001,0.0
40000,69.6,0.0
40250,85.2,0.0
40500,62.4,0.0
40750,89.2,0.0
41000,43.2,0.0
41250,80.0,0.0
41500,92.4,0.0
41750,80.80000000000001,0.0
42000,77.60000000000001,0.0
42250,53.6,0.0
42500,61.6,0.0
42750,92.80000000000001,0.0
43000,96.0,0.0
43250,96.8,0.0
43500,93.60000000000001,0.0
43750,97.6,0.0
44000,60.0,0.0
44250,100.0,0.0
44500,96.8,0.0
44750,76.0,0.0
45000,90.4,0.0
45250,78.4,0.0
45500,92.80000000000001,0.0
45750,91.2,0.0
46000,97.6,0.0
46250,54.400000000000006,0.0
46500,28.799999999999997,0.0
46750,57.599999999999994,0.0
47000,80.80000000000001,0.0
47250,43.2,0.0
47500,48.8,0.0
47750,69.6,0.0
48000,88.8,0.0
48250,96.8,0.0
48500,100.0,0.0
48750,99.2,0.0
49000,99.2,0.0
49250,99.2,0.0
49500,96.8,0.0
49750,96.0,0.0
50000,96.8,0.0
50250,87.2,0.0
50500,46.0,0.0
50750,60.8,0.0
51000,64.0,0.0
51250,95.6,0.0
51500,70.8,0.0
51750,97.6,0.0
52000,98.4,0.0
52250,96.8,0.0
52500,98.4,0.0
52750,99.2,0.0
53000,99.2,0.0
53250,100.0,0.0
53500,99.2,0.0
53750,99.2,0.0
54000,82.39999999999999,0.0
54250,76.8,0.0
54500,76.0,0.0
54750,98.8,0.0
55000,100.0,0.0
55250,82.8,0.0
55500,85.2,0.0
55750,97.6,0.0
56000,96.0,0.0
56250,88.0,0.0
56500,84.8,0.0
56750,90.4,0.0
57000,98.4,0.0
57250,100.0,0.0
57500,98.4,0.0
57750,93.60000000000001,0.0
58000,78.0,0.0
58250,82.39999999999999,0.0
58500,99.2,0.0
58750,89.60000000000001,0.0
59000,98.4,0.0
59250,92.0,0.0
59500,91.60000000000001,0.0
59750,62.0,0.0
60000,74.4,0.0
60250,83.6,0.0
60500,99.2,0.0
60750,74.8,0.0
61000,91.60000000000001,0.0
61250,87.6,0.0
61500,62.8,0.0
61750,41.199999999999996,0.0
62000,72.39999999999999,0.0
62250,37.6,0.0
62500,67.60000000000001,0.0
62750,76.0,0.0
63000,79.2,0.0
63250,58.4,0.0
63500,72.39999999999999,0.0
63750,79.60000000000001,0.0
64000,54.800000000000004,0.0
64250,90.8,0.0
64500,91.2,0.0
64750,98.4,0.0
65000,88.0,0.0
65250,81.2,0.0
65500,99.2,0.0
65750,95.19999999999999,0.0
66000,99.2,0.0
66250,100.0,0.0
66500,98.4,0.0
66750,80.80000000000001,0.0
67000,98.4,0.0
67250,100.0,0.0
67500,99.2,0.0
67750,92.80000000000001,0.0
68000,88.0,0.0
68250,94.39999999999999,0.0
68500,76.4,0.0
68750,95.19999999999999,0.0
69000,83.6,0.0
69250,78.0,0.0
69500,78.4,0.0
69750,92.80000000000001,0.0
70000,93.60000000000001,0.0
70250,98.4,0.0
70500,60.0,0.0
70750,95.19999999999999,0.0
71000,85.6,0.0
71250,92.80000000000001,0.0
71500,95.6,0.0
71750,100.0,0.0
72000,81.6,0.0
72250,95.19999999999999,0.0
72500,92.80000000000001,0.0
72750,88.8,0.0
73000,83.2,0.0
73250,98.4,0.0
73500,100.0,0.0
73750,98.4,0.0
74000,97.6,0.0
74250,99.2,0.0
74500,100.0,0.0
74750,98.8,0.0
75000,98.0,0.0
75250,100.0,0.0
75500,79.60000000000001,0.0
75750,79.60000000000001,0.0
76000,86.4,0.0
76250,90.0,0.0
76500,59.599999999999994,0.0
76750,96.0,0.0
77000,90.8,0.0
77250,94.0,0.0
77500,83.2,0.0
77750,98.4,0.0
78000,77.60000000000001,0.0
78250,93.60000000000001,0.0
78500,96.0,0.0
78750,99.2,0.0
79000,56.39999999999999,0.0
79250,66.0,0.0
79500,65.60000000000001,0.0
79750,54.0,0.0
80000,86.8,0.0
80250,76.0,0.0
80500,57.199999999999996,0.0
80750,73.6,0.0
81000,78.4,0.0
81250,74.0,0.0
81500,65.2,0.0
81750,74.4,0.0
82000,87.2,0.0
82250,84.8,0.0
82500,53.6,0.0
82750,88.0,0.0
83000,85.6,0.0
83250,79.60000000000001,0.0
83500,68.0,0.0
83750,63.2,0.0
84000,50.8,0.0
84250,46.400000000000006,0.0
84500,55.60000000000001,0.0
84750,76.8,0.0
85000,57.199999999999996,0.0
85250,62.8,0.0
85500,56.39999999999999,0.0
85750,66.8,0.0
86000,91.2,0.0
86250,87.2,0.0
86500,64.4,0.0
86750,93.60000000000001,0.0
87000,78.4,0.0
87250,85.6,0.0
87500,80.80000000000001,0.0
87750,51.2,0.0
88000,68.0,0.0
88250,53.2,0.0
88500,33.6,0.0
88750,74.0,0.0
89000,43.2,0.0
89250,67.2,0.0
89500,80.0,0.0
89750,75.2,0.0
90000,88.0,0.0
90250,70.0,0.0
90500,45.6,0.0
90750,47.199999999999996,0.0
91000,76.8,0.0
91250,45.2,0.0
91500,31.6,0.0
91750,57.599999999999994,0.0
92000,68.8,0.0
92250,49.2,0.0
92500,65.2,0.0
92750,61.6,0.0
93000,46.400000000000006,0.0
93250,47.199999999999996,0.0
93500,77.2,0.0
93750,98.0,0.0
94000,88.0,0.0
94250,72.8,0.0
94500,87.2,0.0
94750,88.8,0.0
95000,78.4,0.0
95250,92.0,0.0
95500,70.39999999999999,0.0
95750,56.00000000000001,0.0
96000,57.599999999999994,0.0
96250,60.4,0.0
96500,50.8,0.0
96750,64.8,0.0
97000,72.39999999999999,0.0
97250,78.0,0.0
97500,49.6,0.0
97750,81.6,0.0
98000,53.6,0.0
98250,74.0,0.0
98500,70.0,0.0
98750,64.4,0.0
99000,56.00000000000001,0.0
99250,55.60000000000001,0.0
99500,48.8,0.0
99750,56.00000000000001,0.0
100000,71.6,0.0
100250,75.6,0.0
100500,64.0,0.0
100750,73.2,0.0
101000,71.6,0.0
101250,46.400000000000006,0.0
101500,67.2,0.0
101750,70.39999999999999,0.0
102000,54.800000000000004,0.0
102250,59.199999999999996,0.0
102500,51.2,0.0
102750,74.4,0.0
103000,69.19999999999999,0.0
103250,62.4,0.0
103500,73.2,0.0
103750,47.599999999999994,0.0
104000,60.8,0.0
104250,34.4,0.0
104500,40.8,0.0
104750,75.6,0.0
105000,62.0,0.0
105250,22.400000000000002,0.0
105500,35.6,0.0
105750,80.4,0.0
106000,61.6,0.0
106250,46.400000000000006,0.0
106500,65.60000000000001,0.0
106750,60.0,0.0
107000,71.2,0.0
107250,87.6,0.0
107500,88.4,0.0
107750,94.39999999999999,0.0
108000,75.6,0.0
108250,60.4,0.0
108500,67.2,0.0
108750,86.4,0.0
109000,88.8,0.0
109250,84.8,0.0
109500,49.2,0.0
109750,66.8,0.0
110000,76.0,0.0
110250,74.4,0.0
110500,78.4,0.0
110750,93.60000000000001,0.0
111000,79.2,0.0
111250,92.0,0.0
111500,96.0,0.0
111750,99.2,0.0
112000,94.39999999999999,0.0
112250,88.8,0.0
112500,96.8,0.0
112750,83.2,0.0
113000,93.2,0.0
113250,71.2,0.0
113500,78.8,0.0
113750,94.39999999999999,0.0
114000,80.80000000000001,0.0
114250,72.0,0.0
114500,81.6,0.0
114750,93.60000000000001,0.0
115000,80.0,0.0
115250,82.0,0.0
115500,48.4,0.0
115750,75.2,0.0
116000,50.4,0.0
116250,65.60000000000001,0.0
116500,61.199999999999996,0.0
116750,56.39999999999999,0.0
117000,66.0,0.0
117250,96.0,0.0
117500,98.0,0.0
117750,68.4,0.0
118000,78.8,0.0
118250,85.6,0.0
118500,96.8,0.0
118750,93.2,0.0
119000,99.6,0.0
119250,88.8,0.0
119500,74.8,0.0
119750,75.6,0.0
120000,68.4,0.0
120250,87.6,0.0
120500,91.2,0.0
120750,89.60000000000001,0.0
121000,85.6,0.0
121250,78.8,0.0
121500,66.4,0.0
121750,94.0,0.0
122000,100.0,0.0
122250,57.199999999999996,0.0
122500,22.0,0.0
122750,16.0,0.0
123000,37.6,0.0
123250,50.0,0.0
123500,72.0,0.0
123750,54.0,0.0
124000,90.0,0.0
124250,95.19999999999999,0.0
124500,93.2,0.0
124750,99.2,0.0
125000,71.2,0.0
125250,21.6,0.0
125500,17.599999999999998,0.0
125750,20.0,0.0
126000,28.4,0.0
126250,58.4,0.0
126500,62.8,0.0
126750,22.8,0.0
127000,41.199999999999996,0.0
127250,78.4,0.0
127500,67.2,0.0
127750,59.199999999999996,0.0
128000,50.4,0.0
128250,20.8,0.0
128500,74.0,0.0
128750,38.0,0.0
129000,64.0,0.0
129250,73.2,0.0
129500,5.2,0.0
129750,19.2,0.0
130000,24.4,0.0
130250,64.4,0.0
130500,38.800000000000004,0.0
130750,55.2,0.0
131000,39.2,0.0
131250,16.8,0.0
131500,64.4,0.0
131750,75.6,0.0
132000,78.8,0.0
132250,50.0,0.0
132500,34.4,0.0
132750,38.0,0.0
133000,18.4,0.0
133250,28.000000000000004,0.0
133500,83.6,0.0
133750,84.39999999999999,0.0
