250,41.199999999999996,100.0
500,88.4,100.0
750,100.0,100.0
1000,80.4,100.0
1250,100.0,100.0
1500,91.60000000000001,100.0
1750,18.0,100.0
2000,43.2,24.914675767918087
2250,72.8,50.18050541516246
2500,42.4,68.04733727810651
2750,11.600000000000001,34.78260869565217
3000,11.200000000000001,44.662921348314605
3250,62.8,49.428208386277
3500,52.400000000000006,54.14746543778802
3750,50.4,60.86065573770492
4000,16.0,67.33212341197822
4250,4.0,74.18772563176896
4500,46.400000000000006,80.24118738404454
4750,74.0,85.08771929824562
5000,92.80000000000001,85.76923076923076
5250,71.6,91.75662414131502
5500,40.400000000000006,99.78070175438597
5750,53.6,91.66666666666666
6000,71.2,93.82871536523929
6250,40.0,95.43524416135881
6500,29.599999999999998,96.33273703041145
6750,69.6,94.86062717770035
7000,15.2,92.80125195618153
7250,24.8,93.18507890961263
7500,45.6,99.6551724137931
7750,11.600000000000001,99.11738746690203
8000,38.0,98.66962305986696
8250,57.99999999999999,99.88023952095809
8500,57.599999999999994,91.93341869398208
8750,84.0,96.1439588688946
9000,86.0,91.21951219512195
9250,66.4,99.83844911147011
9500,69.6,98.34087481146304
9750,77.2,76.05633802816901
10000,57.599999999999994,92.49249249249249
10250,37.6,98.9041095890411
10500,44.4,66.9365721997301
10750,75.2,71.0828025477707
11000,70.8,80.74454428754814
11250,62.0,89.26261319534282
11500,84.8,97.94117647058823
11750,90.0,99.38556067588326
12000,84.39999999999999,99.12434325744309
12250,66.0,33.39517625231911
12500,50.0,59.51293759512938
12750,63.6,67.44186046511628
13000,87.2,76.63125948406677
13250,89.2,78.85196374622356
13500,71.2,80.4185351270553
13750,64.8,85.16579406631763
14000,89.2,85.06151142355009
14250,89.2,89.55479452054794
14500,63.6,80.58608058608058
14750,92.0,82.91746641074856
15000,82.39999999999999,16.068052930056712
15250,93.60000000000001,20.309477756286267
15500,72.39999999999999,37.368421052631575
15750,54.800000000000004,54.8922056384743
16000,84.0,66.3907284768212
16250,92.4,70.08264462809917
16500,96.0,70.66666666666667
16750,66.0,78.125
17000,59.199999999999996,94.3801652892562
17250,69.19999999999999,95.1219512195122
17500,93.60000000000001,96.34146341463415
17750,92.80000000000001,92.37288135593221
18000,88.0,75.88532883642496
18250,76.8,78.98193760262726
18500,80.4,92.42174629324546
18750,83.2,98.94366197183099
19000,64.8,95.22240527182866
19250,56.8,96.61538461538461
19500,66.4,92.53968253968254
19750,38.4,82.89902280130293
20000,92.4,82.34323432343234
20250,75.6,99.21104536489152
20500,78.8,7.297830374753452
20750,96.8,37.87575150300601
21000,99.2,37.3253493013972
21250,97.6,25.0501002004008
21500,94.8,54.29141716566866
21750,99.6,31.062124248496993
22000,88.8,41.2573673870334
22250,96.0,13.320079522862823
22500,88.8,17.543859649122805
22750,74.8,51.39860139860139
23000,70.39999999999999,70.44728434504792
23250,76.8,91.56050955414013
23500,72.0,96.51515151515152
23750,67.2,94.25465838509317
24000,86.4,98.63247863247864
24250,97.6,98.60383944153578
24500,81.6,96.84908789386401
24750,84.8,77.05544933078394
25000,93.2,74.32432432432432
25250,70.0,87.18411552346569
25500,26.8,93.20388349514563
25750,73.2,97.53086419753086
26000,57.599999999999994,70.30995106035888
26250,75.6,75.46125461254613
26500,85.6,87.866927592955
26750,89.2,90.69767441860465
27000,81.6,45.124282982791584
27250,76.0,59.597806215722116
27500,56.00000000000001,67.85137318255249
27750,89.60000000000001,63.92092257001647
28000,95.19999999999999,73.38842975206612
28250,92.80000000000001,75.9535655058043
28500,96.8,75.9535655058043
28750,97.6,79.39698492462311
29000,84.0,81.5748031496063
29250,71.2,86.88783570300158
29500,62.4,94.13680781758957
29750,74.8,81.81818181818183
30000,74.8,92.9054054054054
30250,51.2,70.30201342281879
30500,86.0,78.68020304568529
30750,72.8,93.48230912476723
31000,72.0,75.14018691588785
31250,93.2,73.65384615384616
31500,79.60000000000001,14.757281553398057
31750,94.39999999999999,33.20079522862823
32000,77.2,16.6044776119403
32250,86.0,49.15572232645403
32500,70.39999999999999,69.94906621392191
32750,64.8,42.151675485008816
33000,72.39999999999999,49.473684210526315
33250,95.6,67.03296703296702
33500,79.2,79.96146435452793
33750,51.6,46.381578947368425
34000,58.4,70.90032154340837
34250,84.8,85.27508090614887
34500,90.4,87.29903536977493
34750,94.8,89.17609046849758
35000,88.0,89.74358974358975
35250,60.8,97.53954305799648
35500,62.4,71.26623376623377
35750,60.0,68.91025641025641
36000,62.0,80.12139605462822
36250,75.2,65.3448275862069
36500,95.6,77.68166089965398
36750,86.0,92.33644859813084
37000,77.60000000000001,95.6369982547993
37250,96.0,96.88581314878893
37500,94.39999999999999,97.73123909249564
37750,78.0,99.34959349593497
38000,66.4,97.99382716049382
38250,76.8,68.7196110210697
38500,81.6,79.86906710310966
38750,62.8,84.01206636500754
39000,79.60000000000001,90.27576197387518
39250,63.6,97.67441860465115
39500,94.39999999999999,94.05940594059405
39750,96.0,85.6418918918919
40000,73.2,92.22222222222223
40250,86.0,85.14376996805112
40500,86.4,86.90851735015774
40750,96.8,90.77669902912622
41000,47.199999999999996,94.32387312186978
41250,80.80000000000001,55.03597122302158
41500,85.6,40.86799276672694
41750,78.8,53.40909090909091
42000,72.0,63.793103448275865
42250,74.4,85.63218390804597
42500,73.6,68.19787985865725
42750,92.80000000000001,51.07913669064749
43000,95.19999999999999,58.844765342960294
43250,96.8,63.4508348794063
43500,93.60000000000001,66.54205607476635
43750,98.4,68.03738317757009
44000,68.0,77.20465890183029
44250,73.6,4.50281425891182
44500,99.2,39.77485928705441
44750,84.8,35.10054844606947
45000,94.39999999999999,46.224677716390424
45250,77.60000000000001,8.818011257035648
45500,94.39999999999999,44.25612052730697
45750,99.2,63.653483992467045
46000,100.0,65.91337099811676
46250,55.2,74.83870967741936
46500,44.0,87.09219858156028
46750,84.0,87.15728715728716
47000,81.6,82.7906976744186
47250,64.0,88.4882108183079
47500,75.2,86.22222222222223
47750,89.60000000000001,92.75808936825885
48000,94.39999999999999,94.33384379785605
48250,96.8,98.8906497622821
48500,100.0,98.8906497622821
48750,99.2,98.89415481832543
49000,99.2,99.83739837398375
49250,99.2,99.83792544570503
49500,98.4,94.1398865784499
49750,96.8,95.66854990583803
50000,99.2,96.045197740113
50250,88.4,98.44660194174757
50500,68.0,70.74468085106383
50750,81.6,63.074204946996474
51000,93.60000000000001,78.15884476534296
51250,100.0,79.42238267148014
51500,89.2,89.41798941798942
51750,99.2,90.15817223198594
52000,99.2,90.54290718038528
52250,98.4,91.94395796847635
52500,100.0,92.6444833625219
52750,100.0,94.31616341030195
53000,99.2,94.67140319715807
53250,100.0,94.67140319715807
53500,99.2,95.00891265597147
53750,100.0,95.36541889483065
54000,98.4,96.8141592920354
54250,96.0,97.54816112084063
54500,80.80000000000001,99.47460595446584
54750,89.2,80.0
55000,96.0,54.03846153846153
55250,80.0,7.648183556405354
55500,83.2,20.943396226415096
55750,93.2,16.314779270633398
56000,98.4,32.07171314741036
56250,95.19999999999999,41.269841269841265
56500,98.4,54.980079681274894
56750,94.39999999999999,8.764940239043826
57000,100.0,27.88844621513944
57250,100.0,29.482071713147413
57500,99.2,40.23904382470119
57750,98.4,55.17928286852589
58000,98.0,72.52525252525253
58250,100.0,81.81818181818183
58500,100.0,82.22222222222221
58750,96.8,27.236580516898606
59000,98.4,39.436619718309856
59250,96.0,49.49698189134809
59500,94.0,53.13725490196079
59750,80.4,70.12987012987013
60000,89.60000000000001,65.19337016574586
60250,99.2,72.74401473296501
60500,100.0,73.11233885819522
60750,95.19999999999999,84.71454880294658
61000,100.0,86.3720073664825
61250,94.8,89.568345323741
61500,83.6,97.58203799654576
61750,57.99999999999999,71.57712305025996
62000,72.8,60.03490401396161
62250,84.8,82.39316239316238
62500,90.0,94.6551724137931
62750,85.6,99.82578397212544
63000,91.2,95.71428571428572
63250,74.0,94.9814126394052
63500,76.0,87.4326750448833
63750,78.0,73.78277153558052
64000,79.2,94.87666034155598
64250,94.39999999999999,97.53320683111954
64500,92.0,84.01559454191033
64750,98.4,84.7953216374269
65000,87.2,68.11023622047244
65250,95.6,29.9412915851272
65500,100.0,30.392156862745097
65750,96.0,53.74015748031496
66000,100.0,63.188976377952756
66250,100.0,65.15748031496062
66500,99.2,67.1259842519685
66750,86.0,77.55511022044088
67000,96.8,14.14141414141414
67250,100.0,16.565656565656568
67500,100.0,46.06060606060606
67750,96.8,62.37424547283702
68000,95.19999999999999,4.609218436873747
68250,100.0,13.333333333333334
68500,95.19999999999999,15.230460921843688
68750,98.4,22.44488977955912
69000,99.2,53.707414829659314
69250,94.39999999999999,74.45544554455445
69500,76.8,24.399260628465804
69750,95.19999999999999,48.263254113345525
70000,94.39999999999999,53.18761384335154
70250,99.2,59.41499085923218
70500,65.60000000000001,74.3455497382199
70750,94.39999999999999,76.02131438721138
71000,89.60000000000001,79.85480943738656
71250,99.2,80.21778584392014
71500,95.6,80.75539568345323
71750,100.0,80.75539568345323
72000,85.6,90.96153846153847
72250,95.19999999999999,91.16541353383458
72500,93.60000000000001,94.54887218045113
72750,95.19999999999999,93.65384615384616
73000,95.19999999999999,96.1612284069098
73250,100.0,96.34615384615385
73500,100.0,96.34615384615385
73750,100.0,96.34615384615385
74000,97.6,98.63813229571986
74250,99.2,91.4
74500,100.0,91.4
74750,100.0,92.0
75000,98.4,93.0
75250,100.0,93.0
75500,79.60000000000001,93.98907103825137
75750,77.2,43.223443223443226
76000,77.60000000000001,19.760479041916167
76250,97.6,56.83168316831683
76500,81.6,72.55985267034991
76750,100.0,74.40147329650092
77000,98.4,77.94117647058823
77250,100.0,79.41176470588235
77500,98.4,85.29411764705883
77750,99.2,86.02941176470588
78000,78.4,89.69072164948454
78250,91.2,77.85467128027682
78500,94.39999999999999,78.74564459930313
78750,100.0,79.09407665505228
79000,76.8,88.46815834767642
79250,70.0,99.25512104283054
79500,63.2,99.82788296041308
79750,69.19999999999999,78.5
80000,55.60000000000001,50.51903114186851
80250,83.2,49.83277591973244
80500,60.0,54.15986949429038
80750,70.0,36.054421768707485
81000,92.80000000000001,47.28813559322034
81250,81.2,61.3126079447323
81500,78.8,73.421926910299
81750,74.8,43.07178631051753
82000,76.8,42.434782608695656
82250,88.0,40.852575488454704
82500,73.6,38.858195211786374
82750,83.6,14.734774066797643
83000,85.2,28.893058161350844
83250,65.60000000000001,19.769673704414586
83500,83.6,48.35164835164835
83750,64.8,17.482517482517483
84000,68.8,50.48543689320388
84250,63.6,61.138211382113816
84500,57.199999999999996,32.459016393442624
84750,93.60000000000001,50.34364261168385
85000,76.0,68.77022653721683
85250,67.60000000000001,84.71001757469244
85500,70.8,80.03913894324853
85750,90.0,63.95348837209303
86000,91.2,41.312741312741316
86250,91.2,26.027397260273972
86500,98.4,64.24361493123773
86750,94.39999999999999,42.60355029585799
87000,80.80000000000001,29.469548133595286
87250,90.4,35.86744639376218
87500,89.60000000000001,54.459203036053125
87750,79.2,64.11214953271028
88000,89.60000000000001,75.51401869158877
88250,72.0,84.7457627118644
88500,56.00000000000001,98.20554649265905
88750,64.0,58.36120401337793
89000,57.99999999999999,78.29581993569131
89250,56.00000000000001,60.068259385665534
89500,83.2,62.68115942028986
89750,83.2,60.966542750929364
90000,90.8,55.165692007797276
90250,78.8,40.550458715596335
90500,61.6,54.93197278911565
90750,54.800000000000004,60.19108280254777
91000,67.2,54.296160877513714
91250,54.0,70.578231292517
91500,42.4,51.204819277108435
91750,57.199999999999996,58.94039735099338
92000,82.39999999999999,71.52317880794702
92250,63.2,83.69028006589787
92500,80.4,89.05982905982906
92750,79.60000000000001,99.82698961937716
93000,52.0,79.9660441426146
93250,51.2,80.16666666666666
93500,69.6,61.702127659574465
93750,99.2,63.297872340425535
94000,87.6,52.29681978798587
94250,80.0,62.41830065359477
94500,80.80000000000001,55.47445255474452
94750,86.4,2.0446096654275094
95000,79.2,28.32369942196532
95250,97.6,31.57894736842105
95500,76.8,21.941747572815533
95750,60.4,28.000000000000004
96000,74.8,47.72277227722772
96250,76.4,38.752362948960304
96500,86.8,52.761904761904766
96750,81.2,31.309297912713475
97000,68.4,23.272727272727273
97250,90.0,54.97287522603978
97500,85.6,80.28933092224231
97750,96.0,86.05072463768117
98000,62.4,94.37086092715232
98250,79.2,95.78414839797638
98500,79.60000000000001,66.35859519408503
98750,68.4,50.45207956600362
99000,63.6,58.67620751341681
99250,75.2,59.45454545454546
99500,70.8,81.00558659217877
99750,67.2,84.51730418943534
100000,80.0,58.9648798521257
100250,84.8,62.976406533575314
100500,74.0,69.31216931216932
100750,84.0,69.61325966850829
101000,80.0,14.990138067061142
101250,68.8,19.337016574585636
101500,86.8,47.090909090909086
101750,88.8,66.18181818181819
102000,78.4,84.62962962962963
102250,83.2,90.64748201438849
102500,76.4,75.139146567718
102750,85.2,56.766917293233085
103000,97.6,63.39622641509434
103250,68.8,23.25581395348837
103500,76.4,50.44883303411131
103750,69.19999999999999,73.56115107913669
104000,58.4,24.225865209471767
104250,54.400000000000006,63.50626118067979
104500,66.4,79.58532695374801
104750,60.8,40.77328646748682
105000,82.39999999999999,30.8411214953271
105250,38.800000000000004,55.77211394302849
105500,50.0,62.24648985959438
105750,76.8,68.17447495961227
106000,77.2,82.52427184466019
106250,49.6,87.65957446808511
106500,75.2,88.59060402684564
106750,79.2,91.07373868046572
107000,66.4,72.64437689969606
107250,93.60000000000001,76.5625
107500,96.0,79.01234567901234
107750,92.0,78.96341463414635
108000,70.39999999999999,78.41614906832298
108250,75.6,6.8359375
108500,84.0,39.888682745825605
108750,86.0,45.75645756457565
109000,82.39999999999999,48.282442748091604
109250,81.6,47.89272030651341
109500,66.4,73.39285714285714
109750,83.2,65.26315789473685
110000,84.0,75.35714285714286
110250,73.6,86.84684684684684
110500,80.80000000000001,92.84467713787086
110750,92.0,94.20035149384886
111000,84.0,74.86338797814209
111250,84.0,63.26530612244898
111500,92.0,63.22701688555347
111750,96.0,59.238095238095234
112000,97.6,67.61904761904762
112250,97.6,73.33333333333333
112500,98.4,74.29111531190927
112750,88.8,80.11049723756905
113000,92.4,82.96296296296296
113250,80.0,74.09420289855072
113500,87.6,68.9165186500888
113750,86.8,58.88888888888889
114000,82.8,67.7361853832442
114250,75.2,52.45009074410163
114500,82.39999999999999,67.09796672828097
114750,94.8,63.7065637065637
115000,75.6,21.153846153846153
115250,94.8,60.58252427184466
115500,91.60000000000001,84.0909090909091
115750,78.0,65.09598603839441
116000,72.8,80.8130081300813
116250,54.800000000000004,59.059233449477354
116500,72.39999999999999,67.06896551724138
116750,79.60000000000001,69.06354515050167
117000,73.6,52.03539823008849
117250,96.8,55.97147950089126
117500,99.6,56.761565836298935
117750,78.8,72.27191413237925
118000,83.2,76.3668430335097
118250,88.8,78.15126050420169
118500,96.8,79.15966386554622
118750,88.4,80.4753820033956
119000,92.4,60.66433566433567
119250,84.8,57.37410071942446
119500,82.8,75.65543071161048
119750,88.8,63.22701688555347
120000,86.0,73.7410071942446
120250,85.2,42.830882352941174
120500,89.2,17.408123791102515
120750,92.4,58.349705304518665
121000,83.6,6.496062992125983
121250,75.6,28.028933092224236
121500,70.8,50.50335570469798
121750,72.8,44.38305709023941
122000,97.2,53.54477611940298
122250,57.199999999999996,65.41471048513301
122500,36.4,72.55639097744361
122750,30.4,65.5011655011655
123000,55.2,74.7340425531915
123250,65.2,80.86053412462908
123500,70.8,28.651685393258425
123750,75.6,50.98039215686274
124000,81.6,62.23506743737958
124250,85.2,16.135458167330675
124500,93.2,34.3811394891945
124750,98.4,43.960396039603964
125000,71.2,61.552680221811464
125250,29.2,74.42857142857143
125500,37.2,65.77344701583435
125750,58.8,74.37923250564334
126000,68.0,84.06593406593407
126250,59.199999999999996,84.61538461538461
126500,66.8,85.36335721596726
126750,38.4,87.2207327971403
127000,35.6,99.53863898500576
127250,69.19999999999999,96.3855421686747
127500,60.4,97.3463687150838
127750,54.400000000000006,94.3899018232819
128000,55.2,79.13561847988078
128250,49.6,76.03092783505154
128500,77.60000000000001,83.29048843187661
128750,36.4,86.1353711790393
129000,48.0,83.33333333333334
129250,72.8,84.89278752436647
129500,7.6,89.35456831517183
129750,23.200000000000003,91.23065585851143
130000,19.2,84.28860418071477
130250,52.800000000000004,86.58951667801226
130500,13.200000000000001,81.61764705882352
130750,46.400000000000006,82.14765100671141
131000,22.400000000000002,89.33631618195376
131250,28.799999999999997,97.27954971857412
131500,68.0,99.2156862745098
131750,66.8,92.13973799126637
132000,81.2,87.53541076487252
132250,44.800000000000004,92.2872340425532
132500,29.599999999999998,95.22546419098144
132750,59.199999999999996,98.69565217391305
133000,41.199999999999996,99.14841849148418
133250,39.2,89.62703962703962
133500,86.8,91.76201372997713
133750,83.6,93.71492704826038
