250,41.199999999999996,100.0
500,88.4,100.0
750,100.0,100.0
1000,80.4,100.0
1250,100.0,100.0
1500,91.60000000000001,100.0
1750,18.0,39.02439024390244
2000,36.4,58.813263525305416
2250,20.8,75.4257907542579
2500,36.0,89.57169459962756
2750,4.3999999999999995,49.2063492063492
3000,9.6,62.3574144486692
3250,60.4,67.00167504187606
3500,51.6,71.580547112462
3750,50.4,77.87958115183245
4000,16.0,84.72063854047892
4250,3.2,99.25373134328358
4500,39.2,99.50617283950616
4750,39.2,97.47368421052632
5000,44.0,90.0
5250,40.0,53.5
5500,40.400000000000006,68.32298136645963
5750,52.0,76.59574468085107
6000,48.0,87.3170731707317
6250,31.6,90.53708439897699
6500,24.0,95.74468085106383
6750,50.4,99.00990099009901
7000,10.0,98.0327868852459
7250,22.400000000000002,98.91657638136512
7500,24.8,89.0302066772655
7750,7.6,99.81447124304268
8000,14.399999999999999,88.32752613240417
8250,36.8,96.83453237410072
8500,36.0,99.80353634577604
8750,58.4,80.0
9000,73.2,86.22589531680441
9250,51.2,83.20802005012531
9500,48.4,69.4510739856802
9750,37.6,98.00498753117208
10000,20.8,91.58316633266533
10250,28.4,86.58940397350993
10500,38.0,94.84536082474226
10750,62.8,91.92245557350566
11000,51.6,99.15611814345992
11250,38.0,87.2
11500,67.60000000000001,92.44712990936556
11750,60.4,72.54335260115607
12000,70.0,63.12684365781711
12250,32.4,57.96703296703297
12500,42.0,82.36514522821577
12750,35.6,87.6
13000,66.4,98.14814814814815
13250,54.0,98.40848806366049
13500,52.800000000000004,73.01980198019803
13750,51.6,94.33106575963718
14000,72.8,93.66197183098592
14250,69.6,98.82352941176471
14500,46.0,49.67741935483871
14750,77.2,34.3042071197411
15000,74.4,59.19003115264797
15250,77.60000000000001,34.20195439739413
15500,46.0,56.72043010752689
15750,33.6,76.47058823529412
16000,75.2,87.09677419354838
16250,90.0,97.3170731707317
16500,88.8,79.01554404145078
16750,34.0,93.00291545189503
17000,38.4,94.58762886597938
17250,62.8,87.92710706150342
17500,77.2,96.78899082568807
17750,77.60000000000001,98.30985915492958
18000,74.8,33.746130030959755
18250,70.0,72.22222222222221
18500,46.400000000000006,98.72122762148338
18750,63.2,80.72625698324022
19000,57.599999999999994,98.97172236503856
19250,42.8,90.6392694063927
19500,57.599999999999994,98.72881355932203
19750,28.000000000000004,70.73863636363636
20000,57.199999999999996,28.29581993569132
20250,55.2,63.976945244956774
20500,44.4,58.44155844155844
20750,64.8,66.86217008797654
21000,70.0,78.99408284023669
21250,68.0,31.28654970760234
21500,71.2,73.88724035608308
21750,76.4,90.5775075987842
22000,51.6,58.495821727019504
22250,62.8,80.9659090909091
22500,56.39999999999999,84.56973293768546
22750,45.2,83.67875647668393
23000,47.199999999999996,96.27192982456141
23250,32.800000000000004,88.47117794486216
23500,60.8,92.14780600461894
23750,56.8,86.70076726342711
24000,56.00000000000001,82.38805970149254
24250,86.8,96.14243323442136
24500,76.8,95.0
24750,68.0,84.92307692307692
25000,86.0,74.52830188679245
25250,60.0,90.88541666666666
25500,21.2,94.94584837545126
25750,45.6,96.61654135338345
26000,43.2,99.74093264248705
26250,49.6,93.16628701594533
26500,80.4,85.1528384279476
26750,87.6,88.52813852813853
27000,73.6,89.20086393088553
27250,72.8,95.8904109589041
27500,51.2,99.29245283018868
27750,72.8,97.24310776942356
28000,76.0,95.80246913580247
28250,84.8,91.41104294478528
28500,93.60000000000001,92.6829268292683
28750,88.8,91.92546583850931
29000,78.4,86.31284916201118
29250,65.60000000000001,81.62162162162161
29500,35.199999999999996,82.28571428571428
29750,63.6,94.34447300771208
30000,36.4,96.75174013921114
30250,46.400000000000006,92.71070615034168
30500,65.2,94.54094292803971
30750,51.6,95.78313253012048
31000,49.2,29.66360856269113
31250,65.2,78.86904761904762
31500,53.2,35.36231884057971
31750,68.4,76.45429362880887
32000,45.6,85.37859007832898
32250,66.0,99.74093264248705
32500,31.6,92.5
32750,34.4,66.93548387096774
33000,34.8,75.60975609756098
33250,53.2,89.72809667673715
33500,56.39999999999999,71.875
33750,34.0,92.40986717267552
34000,48.8,96.23430962343096
34250,55.2,78.89908256880734
34500,84.0,91.98813056379822
34750,70.8,94.20731707317073
35000,52.800000000000004,87.46081504702194
35250,55.2,93.36609336609337
35500,47.599999999999994,85.62091503267973
35750,40.400000000000006,92.63157894736842
36000,42.0,98.7146529562982
36250,48.8,99.18478260869566
36500,62.0,94.3952802359882
36750,44.0,46.41744548286604
37000,60.8,69.39313984168865
37250,68.4,71.55172413793103
37500,59.199999999999996,62.22222222222222
37750,65.2,74.79224376731301
38000,36.4,95.33799533799534
38250,52.400000000000006,93.5632183908046
38500,58.4,64.56953642384106
38750,46.800000000000004,87.40359897172236
39000,38.0,88.88888888888889
39250,50.0,99.72222222222223
39500,74.4,46.557377049180324
39750,70.8,56.0655737704918
40000,65.60000000000001,50.997150997150996
40250,68.4,62.53443526170799
40500,36.4,76.43504531722054
40750,70.0,80.80495356037152
41000,30.0,54.91183879093199
41250,72.8,53.88471177944862
41500,83.6,54.08163265306123
41750,68.0,84.54545454545455
42000,65.60000000000001,87.84194528875379
42250,38.4,95.84664536741214
42500,52.0,83.61581920903954
42750,73.6,83.82352941176471
43000,86.0,95.87020648967551
43250,92.80000000000001,97.69452449567724
43500,91.2,69.59247648902821
43750,96.0,73.18611987381703
44000,59.199999999999996,85.27131782945736
44250,72.0,7.717041800643088
44500,82.39999999999999,41.10032362459547
44750,63.2,80.75801749271136
45000,80.0,75.6838905775076
45250,70.39999999999999,86.76056338028168
45500,87.2,86.45533141210375
45750,84.8,95.23809523809523
46000,92.0,77.85016286644951
46250,52.0,78.93401015228426
46500,35.199999999999996,91.78947368421052
46750,60.8,97.05882352941177
47000,78.4,98.24945295404814
47250,47.199999999999996,99.78540772532189
47500,39.2,58.44155844155844
47750,56.8,58.87096774193549
48000,80.80000000000001,71.54255319148936
48250,96.0,75.06631299734748
48500,98.8,75.46666666666667
48750,97.6,75.33512064343164
49000,97.6,75.2021563342318
49250,99.2,75.33512064343164
49500,92.0,75.47683923705722
49750,95.19999999999999,77.23577235772358
50000,96.8,79.40379403794037
50250,87.2,88.14016172506739
50500,45.2,97.30392156862744
50750,54.400000000000006,85.99033816425121
51000,32.800000000000004,87.00906344410876
51250,90.0,50.62893081761006
51500,68.4,71.0455764075067
51750,93.60000000000001,67.0299727520436
52000,97.6,69.20980926430518
52250,92.80000000000001,69.37669376693766
52500,98.4,72.08672086720867
52750,98.4,71.69811320754717
53000,97.6,71.15902964959568
53250,98.4,69.91869918699187
53500,96.8,70.68493150684931
53750,99.2,70.84468664850137
54000,82.39999999999999,82.57372654155496
54250,74.4,99.06542056074767
54500,68.8,64.0
54750,82.0,76.14678899082568
55000,86.4,41.10032362459547
55250,76.4,78.86435331230284
55500,78.8,36.16352201257861
55750,84.0,27.77777777777778
56000,64.8,52.94117647058824
56250,80.80000000000001,44.871794871794876
56500,82.39999999999999,71.69811320754717
56750,86.4,79.11392405063292
57000,98.4,80.89171974522293
57250,100.0,81.52866242038218
57500,96.0,79.22077922077922
57750,76.4,10.443037974683545
58000,65.60000000000001,66.5680473372781
58250,75.6,75.86206896551724
58500,86.8,81.42414860681114
58750,68.0,96.57320872274143
59000,84.8,50.32258064516129
59250,87.2,68.125
59500,89.2,62.88343558282209
59750,56.39999999999999,72.88135593220339
60000,60.4,93.16939890710383
60250,82.39999999999999,97.93510324483776
60500,92.4,34.90566037735849
60750,64.8,86.26865671641791
61000,82.8,64.0
61250,81.2,76.08695652173914
61500,62.0,98.56733524355302
61750,31.6,86.17283950617283
62000,59.199999999999996,79.09319899244332
62250,27.200000000000003,89.25
62500,57.599999999999994,81.74603174603175
62750,74.0,97.20670391061452
63000,68.4,95.15669515669516
63250,55.60000000000001,90.76517150395779
63500,59.199999999999996,88.88888888888889
63750,60.0,74.25474254742548
64000,50.0,93.13186813186813
64250,82.8,95.54896142433235
64500,90.4,99.1304347826087
64750,97.6,98.80597014925372
65000,82.39999999999999,94.57831325301204
65250,78.8,95.1951951951952
65500,97.6,95.74468085106383
65750,84.0,91.84952978056427
66000,88.0,95.03311258278146
66250,93.60000000000001,40.74074074074074
66500,95.19999999999999,33.44481605351171
66750,61.199999999999996,81.63934426229508
67000,78.4,53.054662379421224
67250,98.8,56.02605863192183
67500,72.39999999999999,89.0282131661442
67750,78.0,96.28482972136223
68000,80.80000000000001,87.14733542319749
68250,65.60000000000001,59.354838709677416
68500,70.8,88.29113924050634
68750,94.0,73.41772151898735
69000,70.0,96.82539682539682
69250,58.8,86.06811145510835
69500,74.4,62.39782016348774
69750,88.8,72.23719676549865
70000,86.4,81.33704735376045
70250,95.19999999999999,92.02279202279202
70500,56.00000000000001,56.04719764011799
70750,80.0,84.54258675078864
71000,61.6,60.681114551083596
71250,66.0,53.25077399380805
71500,91.60000000000001,67.5925925925926
71750,98.4,69.87577639751554
72000,72.8,77.01149425287356
72250,91.2,83.14606741573034
72500,91.2,91.01123595505618
72750,72.39999999999999,95.61128526645768
73000,80.80000000000001,86.20689655172413
73250,85.2,74.24749163879598
73500,96.0,38.56655290102389
73750,96.0,51.52542372881356
74000,96.8,49.83050847457628
74250,92.80000000000001,64.82084690553745
74500,100.0,66.44951140065146
74750,98.0,56.451612903225815
75000,98.0,60.586319218241044
75250,96.0,65.57377049180327
75500,71.6,73.54651162790698
75750,65.2,67.53623188405797
76000,59.199999999999996,86.64495114006515
76250,79.60000000000001,98.05825242718447
76500,54.0,99.43181818181817
76750,92.80000000000001,87.05882352941177
77000,89.2,96.48093841642229
77250,84.39999999999999,96.47887323943662
77500,80.80000000000001,87.70764119601328
77750,98.4,91.0299003322259
78000,76.0,95.15669515669516
78250,78.4,78.37837837837837
78500,88.0,94.6372239747634
78750,93.2,99.31740614334471
79000,34.4,85.9375
79250,47.199999999999996,16.831683168316832
79500,55.2,69.52908587257618
79750,51.6,88.50855745721272
80000,54.800000000000004,71.04622871046229
80250,64.4,82.84960422163589
80500,39.6,89.65517241379311
80750,57.99999999999999,86.06965174129353
81000,76.8,94.73684210526315
81250,74.0,91.88405797101449
81500,59.599999999999994,96.15384615384616
81750,52.0,88.18897637795276
82000,76.4,84.91620111731844
82250,80.80000000000001,88.57142857142857
82500,52.800000000000004,95.61128526645768
82750,55.60000000000001,99.67532467532467
83000,74.8,99.71181556195965
83250,59.199999999999996,87.36842105263159
83500,59.599999999999994,80.440097799511
83750,59.199999999999996,82.30277185501066
84000,60.0,98.23399558498896
84250,36.0,97.6958525345622
84500,24.8,62.31884057971014
84750,70.8,74.4136460554371
85000,36.4,99.11504424778761
85250,52.800000000000004,97.4074074074074
85500,50.4,97.22222222222221
85750,48.8,82.73972602739727
86000,70.0,70.13698630136986
86250,58.8,96.18320610687023
86500,36.8,96.88715953307393
86750,48.8,84.38538205980066
87000,62.0,98.36065573770492
87250,75.2,94.33962264150944
87500,67.60000000000001,98.9795918367347
87750,30.4,99.33110367892976
88000,52.0,98.95104895104895
88250,34.0,99.72375690607734
88500,32.0,98.4375
88750,61.199999999999996,99.09365558912387
89000,41.6,99.70238095238095
89250,46.800000000000004,97.00996677740864
89500,70.39999999999999,99.13419913419914
89750,66.0,88.26086956521739
90000,65.60000000000001,93.45454545454545
90250,59.599999999999994,89.47368421052632
90500,42.0,97.81818181818181
90750,42.4,98.63013698630137
91000,39.2,97.33840304182509
91250,35.199999999999996,85.97014925373134
91500,28.4,99.73958333333334
91750,31.6,98.03149606299213
92000,55.2,94.49152542372882
92250,36.0,95.83333333333334
92500,48.4,99.22779922779922
92750,56.00000000000001,97.47634069400631
93000,33.2,95.74468085106383
93250,33.2,88.14814814814815
93500,39.2,82.52032520325203
93750,86.4,4.30622009569378
94000,81.6,5.333333333333334
94250,53.2,94.6360153256705
94500,56.8,87.09677419354838
94750,44.4,98.9247311827957
95000,62.4,87.33624454148472
95250,60.8,82.18181818181817
95500,62.4,94.67680608365019
95750,33.6,91.11969111969111
96000,52.400000000000006,99.51690821256038
96250,36.8,74.58745874587459
96500,41.199999999999996,96.57320872274143
96750,53.6,99.61832061068702
97000,63.2,99.64539007092199
97250,63.6,95.0
97500,47.199999999999996,99.28571428571429
97750,71.6,95.58232931726907
98000,42.8,98.0456026058632
98250,53.6,97.6923076923077
98500,42.0,95.91836734693877
98750,48.0,99.29328621908127
99000,41.6,97.40259740259741
99250,43.2,99.66666666666667
99500,32.800000000000004,99.32432432432432
99750,43.6,99.65156794425087
100000,61.6,98.0
100250,64.8,90.11406844106465
100500,50.4,97.19298245614036
100750,59.599999999999994,98.85496183206108
101000,41.6,96.14147909967846
101250,36.8,99.24812030075188
101500,56.00000000000001,99.36305732484077
101750,57.99999999999999,86.63594470046083
102000,37.6,99.6078431372549
102250,45.2,97.53846153846155
102500,26.8,96.7065868263473
102750,55.60000000000001,88.4476534296029
103000,63.2,98.0544747081712
103250,43.2,99.31972789115646
103500,59.599999999999994,89.31623931623932
103750,40.0,96.62162162162163
104000,37.6,99.66666666666667
104250,33.2,99.609375
104500,36.8,95.72649572649573
104750,46.0,90.35087719298247
105000,42.8,75.67567567567568
105250,20.4,95.77777777777777
105500,42.0,99.12280701754386
105750,66.8,43.56846473029046
106000,47.599999999999994,88.23529411764706
106250,39.2,82.1875
106500,61.199999999999996,94.7513812154696
106750,61.6,96.12403100775194
107000,63.6,91.66666666666666
107250,72.8,97.75784753363229
107500,62.4,65.91928251121077
107750,73.6,10.480349344978166
108000,48.4,79.93197278911565
108250,50.8,99.58333333333333
108500,67.2,84.64285714285714
108750,86.4,90.93959731543623
109000,79.60000000000001,75.22935779816514
109250,66.8,20.346320346320347
109500,37.2,92.07920792079209
109750,50.8,67.24137931034483
110000,58.4,98.31223628691983
110250,72.0,99.59514170040485
110500,76.8,24.347826086956523
110750,88.0,91.02040816326532
111000,73.6,0.7722007722007722
111250,77.60000000000001,12.288135593220339
111500,90.8,7.456140350877193
111750,99.2,72.51184834123224
112000,81.6,26.48401826484018
112250,79.2,6.167400881057269
112500,95.19999999999999,34.285714285714285
112750,72.0,89.5397489539749
113000,78.0,37.65690376569037
113250,60.8,94.58483754512635
113500,60.4,99.17355371900827
113750,79.60000000000001,85.21400778210116
114000,71.2,2.904564315352697
114250,62.0,88.64628820960698
114500,52.800000000000004,80.70866141732283
114750,68.0,98.78542510121457
115000,54.0,85.96491228070175
115250,53.6,98.9655172413793
115500,43.6,94.95412844036697
115750,64.8,93.84057971014492
116000,44.4,97.54385964912281
116250,46.400000000000006,98.9795918367347
116500,46.400000000000006,96.73202614379085
116750,52.400000000000006,88.4920634920635
117000,57.199999999999996,91.28440366972477
117250,93.2,99.07407407407408
117500,98.0,98.54368932038835
117750,62.8,18.828451882845187
118000,66.4,85.0187265917603
118250,70.39999999999999,53.61702127659574
118500,96.0,75.64102564102564
118750,92.4,44.690265486725664
119000,95.19999999999999,71.22641509433963
119250,72.0,93.87755102040816
119500,52.400000000000006,97.24409448818898
119750,61.199999999999996,97.9253112033195
120000,60.8,87.2
120250,47.599999999999994,88.98305084745762
120500,74.4,98.72881355932203
120750,65.2,95.16129032258065
121000,69.19999999999999,98.28326180257511
121250,73.2,93.18181818181817
121500,56.00000000000001,83.57664233576642
121750,71.6,6.481481481481481
122000,94.8,89.69957081545064
122250,52.400000000000006,99.7005988023952
122500,29.2,93.27902240325867
122750,21.6,98.96694214876032
123000,42.4,97.37827715355806
123250,32.800000000000004,92.66055045871559
123500,72.0,99.71671388101983
123750,45.2,82.97101449275362
124000,59.599999999999994,87.15953307392996
124250,73.6,85.71428571428571
124500,90.0,22.22222222222222
124750,98.4,53.110047846889955
125000,61.6,77.4074074074074
125250,22.400000000000002,98.82903981264637
125500,21.6,99.63636363636364
125750,32.800000000000004,99.83333333333333
126000,36.0,99.3006993006993
126250,43.2,98.09782608695652
126500,54.0,92.32954545454545
126750,21.6,99.10313901345292
127000,20.4,93.85749385749385
127250,57.599999999999994,99.62264150943396
127500,44.0,98.0392156862745
127750,43.2,88.08290155440415
128000,29.2,97.59036144578313
128250,30.0,99.58592132505176
128500,75.6,98.2532751091703
128750,38.0,99.83498349834984
129000,61.199999999999996,99.84544049459042
129250,73.2,99.14651493598862
129500,8.4,95.97560975609755
129750,17.599999999999998,96.94280078895463
130000,25.6,99.91251093613297
130250,57.199999999999996,99.7289972899729
130500,24.4,99.75
130750,46.0,99.75062344139651
131000,36.8,90.8641975308642
131250,9.6,90.09345794392523
131500,65.2,99.38775510204081
131750,60.8,88.92857142857142
132000,58.4,97.72079772079772
132250,34.0,96.18528610354224
132500,32.800000000000004,96.4200477326969
132750,32.800000000000004,97.09821428571429
133000,9.6,98.93992932862191
133250,30.0,95.33132530120481
133500,84.39999999999999,98.63842662632375
133750,85.2,99.85007496251875
