250,41.199999999999996,100.0
500,88.4,100.0
750,100.0,100.0
1000,70.39999999999999,13.5
1250,100.0,24.5
1500,90.8,10.045662100456621
1750,6.4,58.42696629213483
2000,26.0,66.78966789667896
2250,17.599999999999998,98.9090909090909
2500,22.0,64.81069042316258
2750,4.3999999999999995,72.12121212121212
3000,8.799999999999999,90.95890410958904
3250,59.599999999999994,97.11538461538461
3500,45.2,94.91869918699187
3750,42.4,97.45454545454545
4000,14.399999999999999,98.0072463768116
4250,3.2,98.61460957178842
4500,32.800000000000004,99.73474801061008
4750,36.0,92.33226837060703
5000,34.0,89.94708994708994
5250,27.6,94.24920127795528
5500,36.8,98.9100817438692
5750,32.800000000000004,98.05194805194806
6000,38.0,91.74311926605505
6250,28.799999999999997,93.83333333333333
6500,18.0,96.47979139504564
6750,44.0,98.9492119089317
7000,7.6,98.18511796733212
7250,17.599999999999998,99.38837920489296
7500,20.0,99.4475138121547
7750,5.2,99.8062015503876
8000,12.8,92.93478260869566
8250,35.6,98.6784140969163
8500,19.2,98.7987987987988
8750,41.6,84.19354838709677
9000,45.6,83.02583025830258
9250,42.0,87.91208791208791
9500,37.2,90.99378881987577
9750,10.8,91.91616766467065
10000,10.0,97.4947807933194
10250,6.800000000000001,94.55252918287937
10500,16.400000000000002,99.55849889624724
10750,46.0,87.56906077348067
11000,38.0,98.71794871794873
11250,22.400000000000002,81.78294573643412
11500,35.6,78.26086956521739
11750,44.800000000000004,92.5531914893617
12000,60.0,82.95454545454545
12250,22.8,68.93203883495146
12500,34.4,89.61625282167043
12750,30.4,93.65750528541226
13000,52.0,98.07692307692307
13250,42.4,90.18987341772153
13500,38.0,89.74358974358975
13750,33.6,99.4535519125683
14000,58.8,98.10126582278481
14250,43.2,99.59349593495935
14500,34.0,62.5
14750,51.6,58.77551020408164
15000,44.800000000000004,71.96969696969697
15250,48.0,88.83928571428571
15500,33.2,87.41935483870968
15750,22.0,86.62952646239555
16000,68.8,96.51162790697676
16250,78.4,91.0493827160494
16500,81.6,96.76375404530745
16750,30.8,92.55663430420712
17000,32.0,96.22641509433963
17250,39.6,91.11111111111111
17500,57.99999999999999,99.25925925925925
17750,65.2,86.99186991869918
18000,66.4,48.01762114537445
18250,54.400000000000006,90.42904290429043
18500,35.6,97.4921630094044
18750,43.6,90.18867924528303
19000,42.4,94.15384615384616
19250,31.2,97.26027397260275
19500,40.8,98.3974358974359
19750,21.2,66.10169491525424
20000,52.800000000000004,88.31168831168831
20250,47.199999999999996,98.27586206896551
20500,36.0,74.65181058495823
20750,43.6,85.67073170731707
21000,57.199999999999996,96.81274900398407
21250,54.400000000000006,88.76404494382022
21500,58.4,84.75177304964538
21750,36.0,67.3469387755102
22000,33.6,86.7741935483871
22250,31.2,97.83393501805054
22500,47.599999999999994,98.33887043189368
22750,24.4,98.73015873015873
23000,30.4,96.2059620596206
23250,22.400000000000002,99.12536443148689
23500,42.4,80.0
23750,49.6,74.71264367816092
24000,46.400000000000006,95.13888888888889
24250,63.2,92.06349206349206
24500,56.8,90.78014184397163
24750,37.6,74.4
25000,48.4,81.81818181818183
25250,52.800000000000004,96.55172413793103
25500,16.8,98.9539748953975
25750,28.000000000000004,99.71671388101983
26000,28.000000000000004,95.58823529411765
26250,40.0,93.56725146198829
26500,76.4,94.98607242339833
26750,71.6,88.8
27000,58.4,72.91666666666666
27250,56.39999999999999,96.8503937007874
27500,38.4,96.5909090909091
27750,55.60000000000001,99.19354838709677
28000,44.800000000000004,93.20754716981132
28250,66.0,97.76785714285714
28500,74.0,82.27272727272728
28750,62.4,94.24778761061947
29000,63.6,98.828125
29250,40.400000000000006,97.10610932475883
29500,30.0,98.47328244274809
29750,51.6,95.25423728813558
30000,17.599999999999998,99.72144846796658
30250,36.8,93.75
30500,54.400000000000006,98.49056603773585
30750,43.2,96.56652360515021
31000,31.6,56.785714285714285
31250,42.4,93.04635761589404
31500,41.6,83.17460317460318
31750,45.2,94.3217665615142
32000,35.199999999999996,97.03264094955489
32250,52.800000000000004,98.62542955326461
32500,25.6,74.84848484848486
32750,25.6,73.46368715083798
33000,29.599999999999998,95.94594594594594
33250,26.400000000000002,89.33823529411765
33500,47.199999999999996,96.14325068870524
33750,25.6,98.97435897435898
34000,27.200000000000003,99.05660377358491
34250,40.8,87.39130434782608
34500,68.0,82.25806451612904
34750,41.6,96.3265306122449
35000,29.2,76.85185185185185
35250,30.0,89.19753086419753
35500,27.200000000000003,95.12820512820512
35750,29.2,99.3920972644377
36000,33.2,93.4375
36250,38.4,89.45578231292517
36500,44.800000000000004,90.82969432314411
36750,20.0,63.11787072243346
37000,51.2,99.68253968253968
37250,42.0,83.05084745762711
37500,32.800000000000004,94.7565543071161
37750,49.2,98.58356940509914
38000,30.8,94.87179487179486
38250,40.400000000000006,98.51301115241635
38500,42.4,98.4375
38750,20.0,94.64882943143813
39000,28.000000000000004,95.80645161290322
39250,46.800000000000004,92.08860759493672
39500,56.8,83.7037037037037
39750,50.0,96.07142857142857
40000,56.8,96.11650485436894
40250,44.800000000000004,68.66096866096866
40500,22.8,90.9375
40750,52.0,90.29126213592234
41000,13.200000000000001,69.50146627565982
41250,70.39999999999999,81.84281842818429
41500,80.80000000000001,73.5632183908046
41750,66.4,79.92424242424242
42000,45.6,81.41025641025641
42250,30.4,89.1891891891892
42500,29.599999999999998,99.30555555555556
42750,39.2,98.62068965517241
43000,68.8,78.51239669421489
43250,73.6,79.0909090909091
43500,88.0,96.36363636363636
43750,93.60000000000001,88.57142857142857
44000,56.00000000000001,98.59154929577466
44250,62.4,51.162790697674424
44500,67.2,90.1639344262295
44750,52.800000000000004,97.91666666666666
45000,67.60000000000001,95.83333333333334
45250,56.39999999999999,91.93548387096774
45500,61.6,99.17355371900827
45750,56.8,74.0909090909091
46000,60.0,96.07843137254902
46250,24.0,90.03690036900369
46500,23.200000000000003,98.23008849557522
46750,40.400000000000006,92.91338582677166
47000,66.4,88.63636363636364
47250,40.8,99.4186046511628
47500,18.4,95.2755905511811
47750,47.599999999999994,98.07692307692307
48000,76.4,97.6
48250,91.2,79.59183673469387
48500,99.2,81.81818181818183
48750,97.6,82.0
49000,99.2,83.0
49250,97.6,85.14851485148515
49500,92.0,88.07339449541286
49750,93.60000000000001,93.33333333333333
50000,96.8,97.14285714285714
50250,86.4,94.89795918367348
50500,30.8,81.81818181818183
50750,37.6,98.62542955326461
51000,20.0,97.70992366412213
51250,86.8,87.2
51500,68.0,96.78456591639872
51750,93.2,99.12280701754386
52000,97.6,99.11504424778761
52250,92.80000000000001,81.25
52500,96.0,85.56701030927834
52750,99.2,88.08290155440415
53000,98.4,80.82901554404145
53250,98.4,86.91099476439791
53500,96.0,88.08290155440415
53750,99.2,91.19170984455958
54000,68.8,94.79166666666666
54250,58.4,98.9795918367347
54500,44.800000000000004,97.46835443037975
54750,58.4,99.51923076923077
55000,61.199999999999996,98.62385321100918
55250,60.4,94.11764705882352
55500,69.6,84.25531914893617
55750,74.0,83.9622641509434
56000,37.2,71.42857142857143
56250,80.80000000000001,88.49557522123894
56500,68.8,95.38461538461539
56750,80.0,22.63157894736842
57000,94.0,75.95628415300546
57250,97.6,82.12290502793296
57500,84.0,72.6775956284153
57750,59.599999999999994,74.3455497382199
58000,50.0,99.11894273127754
58250,73.6,91.36363636363637
58500,85.2,77.88461538461539
58750,55.2,96.09756097560975
59000,74.8,75.36231884057972
59250,75.2,83.41463414634146
59500,77.2,93.30143540669856
59750,34.4,98.26086956521739
60000,39.2,92.89099526066352
60250,75.6,95.8904109589041
60500,84.0,62.5615763546798
60750,23.200000000000003,91.70984455958549
61000,71.2,87.30964467005076
61250,74.8,99.46236559139786
61500,42.8,98.00995024875621
61750,15.6,97.37827715355806
62000,27.6,92.54385964912281
62250,23.200000000000003,97.95221843003414
62500,35.199999999999996,94.16666666666667
62750,68.8,91.5129151291513
63000,53.2,99.07834101382488
63250,46.800000000000004,98.35390946502058
63500,32.4,91.16279069767442
63750,31.6,88.48920863309353
64000,34.4,98.99497487437185
64250,67.60000000000001,96.21621621621622
64500,85.6,96.3157894736842
64750,96.0,98.3957219251337
65000,58.4,74.73684210526315
65250,73.2,91.03139013452915
65500,98.4,97.10982658959537
65750,45.2,79.53216374269006
66000,68.8,91.61676646706587
66250,84.0,16.374269005847953
66500,84.39999999999999,94.31818181818183
66750,32.4,94.53551912568307
67000,75.6,90.14084507042254
67250,95.6,94.08602150537635
67500,52.800000000000004,87.29281767955801
67750,54.400000000000006,88.60103626943005
68000,72.0,98.32402234636871
68250,36.8,95.23809523809523
68500,57.99999999999999,99.56709956709958
68750,89.60000000000001,79.42583732057416
69000,36.8,89.23076923076924
69250,38.4,98.9795918367347
69500,61.199999999999996,93.75
69750,71.6,69.94219653179191
70000,76.0,7.386363636363637
70250,76.4,86.03351955307262
70500,29.599999999999998,87.06896551724138
70750,31.2,90.25641025641026
71000,29.2,98.4251968503937
71250,42.0,91.17647058823529
71500,82.8,94.15204678362574
71750,96.0,97.63313609467455
72000,53.6,95.02262443438913
72250,60.4,82.90155440414507
72500,76.8,6.211180124223603
72750,51.6,94.54545454545455
73000,63.2,87.57396449704143
73250,45.2,78.74396135265701
73500,85.6,95.32163742690058
73750,92.80000000000001,98.26589595375722
74000,94.39999999999999,22.424242424242426
74250,83.6,98.42105263157895
74500,98.8,33.52941176470588
74750,94.8,97.79005524861878
75000,96.39999999999999,15.527950310559005
75250,93.60000000000001,75.14792899408283
75500,64.8,94.58333333333333
75750,43.6,77.29729729729729
76000,46.400000000000006,88.41201716738198
76250,47.199999999999996,95.9090909090909
76500,43.2,98.83268482490273
76750,82.8,10.909090909090908
77000,68.4,98.94179894179894
77250,67.60000000000001,95.45454545454545
77500,64.8,94.47513812154696
77750,86.0,57.05128205128205
78000,67.60000000000001,99.03846153846155
78250,59.199999999999996,90.43062200956938
78500,67.60000000000001,99.46524064171123
78750,86.0,14.117647058823529
79000,28.799999999999997,93.22709163346613
79250,35.6,85.91549295774648
79500,46.400000000000006,95.40636042402826
79750,43.6,92.43027888446214
80000,44.800000000000004,91.77215189873418
80250,37.6,99.625468164794
80500,23.200000000000003,96.78456591639872
80750,41.199999999999996,99.68652037617555
81000,46.800000000000004,97.88135593220339
81250,45.2,95.66929133858267
81500,43.6,98.74213836477988
81750,38.800000000000004,97.27891156462584
82000,54.400000000000006,97.9381443298969
82250,68.4,96.92307692307692
82500,37.6,98.48484848484848
82750,30.8,87.44769874476988
83000,46.0,98.44961240310077
83250,44.4,85.35031847133759
83500,45.6,94.73684210526315
83750,48.0,95.0
84000,45.2,98.86363636363636
84250,23.200000000000003,97.40634005763688
84500,15.2,65.14423076923077
84750,60.0,92.79538904899135
85000,29.2,96.36963696369637
85250,25.2,99.06542056074767
85500,17.599999999999998,94.33198380566802
85750,37.2,98.73417721518987
86000,57.99999999999999,82.88590604026845
86250,42.4,78.44827586206897
86500,22.400000000000002,95.8904109589041
86750,23.599999999999998,92.57950530035336
87000,42.4,99.18367346938776
87250,60.8,91.82879377431907
87500,50.0,96.78714859437751
87750,16.0,99.08256880733946
88000,22.0,96.13733905579399
88250,14.799999999999999,99.07407407407408
88500,26.8,98.19277108433735
88750,46.800000000000004,99.24812030075188
89000,27.200000000000003,96.86520376175548
89250,24.4,90.84507042253522
89500,44.0,87.04663212435233
89750,52.0,98.65470852017937
90000,45.2,98.08429118773945
90250,37.2,99.58333333333333
90500,27.200000000000003,83.98268398268398
90750,22.8,97.48743718592965
91000,28.4,97.33840304182509
91250,25.2,94.26751592356688
91500,23.599999999999998,96.96132596685084
91750,24.4,99.65986394557824
92000,45.6,96.09756097560975
92250,23.200000000000003,98.06201550387597
92500,38.0,99.17355371900827
92750,46.0,99.65156794425087
93000,28.000000000000004,99.14893617021276
93250,28.000000000000004,92.4
93500,18.4,99.54545454545455
93750,65.60000000000001,91.83673469387756
94000,59.199999999999996,93.18181818181817
94250,44.4,95.65217391304348
94500,40.0,98.36734693877551
94750,34.8,99.51219512195122
95000,49.6,95.39170506912443
95250,42.8,92.88389513108615
95500,34.8,93.60902255639097
95750,25.6,99.1769547325103
96000,18.8,90.9090909090909
96250,8.0,93.82239382239382
96500,36.0,99.3127147766323
96750,38.4,96.41434262948208
97000,47.599999999999994,93.55828220858896
97250,44.800000000000004,99.04458598726114
97500,36.0,98.96373056994818
97750,46.800000000000004,98.14814814814815
98000,26.8,97.97570850202429
98250,39.2,94.42508710801394
98500,23.599999999999998,93.2258064516129
98750,28.000000000000004,99.29328621908127
99000,24.4,97.26962457337885
99250,30.8,97.97570850202429
99500,25.6,98.32635983263597
99750,29.599999999999998,89.66789667896678
100000,47.599999999999994,99.30555555555556
100250,49.6,99.0521327014218
100500,33.2,95.1890034364261
100750,41.6,97.11538461538461
101000,33.6,99.625468164794
101250,22.0,99.58847736625515
101500,47.199999999999996,99.09502262443439
101750,35.199999999999996,99.6078431372549
102000,34.0,99.48717948717949
102250,20.0,97.265625
102500,18.4,99.68051118210862
102750,36.4,89.70588235294117
103000,50.8,97.36842105263158
103250,36.8,98.40637450199203
103500,48.8,96.56862745098039
103750,24.4,99.56521739130434
104000,18.4,96.28378378378379
104250,26.400000000000002,94.68599033816425
104500,21.6,99.62962962962963
104750,37.6,95.11111111111111
105000,33.2,99.67532467532467
105250,7.6,94.40203562340967
105500,29.2,91.61290322580645
105750,50.8,98.91891891891892
106000,24.0,99.06542056074767
106250,21.2,99.60629921259843
106500,36.8,99.1701244813278
106750,52.800000000000004,77.51479289940828
107000,40.0,95.70552147239265
107250,48.0,99.36305732484077
107500,38.800000000000004,92.12121212121212
107750,39.6,99.47089947089947
108000,28.4,92.21789883268482
108250,33.6,96.09756097560975
108500,60.8,99.46236559139786
108750,86.4,99.3975903614458
109000,79.60000000000001,95.86206896551724
109250,51.6,91.71597633136095
109500,14.000000000000002,99.45945945945947
109750,30.8,98.93617021276596
110000,44.0,99.37888198757764
110250,65.60000000000001,97.20670391061452
110500,48.8,96.80851063829788
110750,55.2,93.36734693877551
111000,54.0,99.45652173913044
111250,48.0,99.1304347826087
111500,73.6,67.72151898734177
111750,84.8,83.22981366459628
112000,64.0,79.09604519774011
112250,44.800000000000004,98.46153846153847
112500,75.6,99.39024390243902
112750,42.8,96.3963963963964
113000,52.0,96.83544303797468
113250,49.6,98.75
113500,35.6,99.47916666666666
113750,68.4,8.9171974522293
114000,42.8,95.95959595959596
114250,47.199999999999996,95.76719576719577
114500,26.8,99.50248756218906
114750,43.2,98.89502762430939
115000,35.199999999999996,98.94736842105263
115250,24.0,99.18367346938776
115500,30.4,98.37837837837839
115750,42.0,98.04878048780488
116000,33.2,99.58847736625515
116250,30.8,99.53703703703704
116500,29.599999999999998,98.83720930232558
116750,44.0,97.23756906077348
117000,42.8,99.33333333333333
117250,87.2,39.55223880597015
117500,94.0,100.0
117750,60.0,9.876543209876543
118000,46.0,99.4535519125683
118250,35.199999999999996,91.17647058823529
118500,84.8,21.705426356589147
118750,91.60000000000001,5.384615384615385
119000,70.39999999999999,99.4475138121547
119250,50.4,98.91891891891892
119500,32.4,98.66666666666667
119750,44.0,94.5
120000,39.2,94.4206008583691
120250,32.4,96.8944099378882
120500,61.199999999999996,98.84393063583815
120750,27.200000000000003,97.66355140186917
121000,65.2,95.36423841059603
121250,62.0,97.1590909090909
121500,29.2,94.89795918367348
121750,61.6,95.51282051282051
122000,63.6,99.51219512195122
122250,38.4,96.75090252707581
122500,16.400000000000002,98.74686716791979
122750,17.599999999999998,99.75062344139651
123000,20.8,97.76785714285714
123250,29.599999999999998,99.65034965034964
123500,63.2,93.29268292682927
123750,34.0,98.0295566502463
124000,43.6,99.13419913419914
124250,56.00000000000001,97.41935483870968
124500,58.4,13.380281690140844
124750,84.8,9.923664122137405
125000,38.800000000000004,96.28252788104089
125250,19.2,99.52830188679245
125500,16.8,99.13978494623656
125750,17.2,99.75728155339806
126000,29.599999999999998,99.13544668587896
126250,34.8,96.44268774703558
126500,40.400000000000006,99.08675799086758
126750,16.0,99.69879518072288
127000,13.200000000000001,98.86039886039886
127250,44.0,99.46236559139786
127500,30.8,87.76978417266187
127750,28.4,99.63898916967509
128000,22.400000000000002,96.80851063829788
128250,19.2,98.7146529562982
128500,74.0,97.96437659033079
128750,38.0,99.81515711645102
129000,61.199999999999996,99.57081545064378
129250,73.2,99.43181818181817
129500,8.4,98.9203778677463
129750,17.599999999999998,99.14802981895635
130000,24.8,99.87228607918263
130250,57.199999999999996,96.75810473815461
130500,22.8,97.2972972972973
130750,42.0,94.01408450704226
131000,20.0,92.43421052631578
131250,8.0,99.02439024390245
131500,52.800000000000004,99.65870307167235
131750,40.400000000000006,96.51162790697676
132000,35.199999999999996,96.68508287292818
132250,27.200000000000003,98.5239852398524
132500,24.8,97.01897018970189
132750,17.599999999999998,97.03703703703704
133000,6.4,98.97435897435898
133250,27.200000000000003,98.50467289719627
133500,83.2,98.33948339483395
133750,84.8,99.7159090909091
