250,41.199999999999996,0.0
500,88.4,0.0
750,100.0,0.0
1000,70.39999999999999,0.0
1250,100.0,0.0
1500,90.8,0.0
1750,6.4,0.0
2000,26.0,0.0
2250,17.599999999999998,0.0
2500,22.0,0.0
2750,4.3999999999999995,0.0
3000,8.799999999999999,0.0
3250,59.599999999999994,0.0
3500,45.2,0.0
3750,42.4,0.0
4000,14.399999999999999,0.0
4250,3.2,0.0
4500,30.8,0.0
4750,22.400000000000002,0.0
5000,39.2,0.0
5250,38.800000000000004,0.0
5500,32.800000000000004,0.0
5750,35.6,0.0
6000,46.0,0.0
6250,19.2,0.0
6500,19.2,0.0
6750,38.0,0.0
7000,5.2,0.0
7250,7.199999999999999,0.0
7500,15.2,0.0
7750,3.5999999999999996,0.0
8000,14.399999999999999,0.0
8250,32.800000000000004,0.0
8500,24.0,0.0
8750,65.60000000000001,0.0
9000,49.2,0.0
9250,25.6,0.0
9500,42.0,0.0
9750,13.600000000000001,0.0
10000,6.4,0.0
10250,20.8,0.0
10500,28.4,0.0
10750,22.0,0.0
11000,21.6,0.0
11250,16.0,0.0
11500,35.199999999999996,0.0
11750,43.2,0.0
12000,64.4,0.0
12250,26.0,0.0
12500,6.4,0.0
12750,19.2,0.0
13000,56.00000000000001,0.0
13250,27.6,0.0
13500,33.2,0.0
13750,19.2,0.0
14000,60.0,0.0
14250,50.4,0.0
14500,38.800000000000004,0.0
14750,44.0,0.0
15000,47.199999999999996,0.0
15250,44.800000000000004,0.0
15500,18.0,0.0
15750,17.2,0.0
16000,51.2,0.0
16250,82.0,0.0
16500,86.4,0.0
16750,14.799999999999999,0.0
17000,16.0,0.0
17250,13.600000000000001,0.0
17500,33.6,0.0
17750,54.800000000000004,0.0
18000,73.6,0.0
18250,34.0,0.0
18500,15.2,0.0
18750,26.400000000000002,0.0
19000,22.8,0.0
19250,15.2,0.0
19500,20.8,0.0
19750,36.4,0.0
20000,40.8,0.0
20250,24.0,0.0
20500,34.4,0.0
20750,27.6,0.0
21000,42.8,0.0
21250,32.800000000000004,0.0
21500,38.4,0.0
21750,37.6,0.0
22000,19.2,0.0
22250,25.6,0.0
22500,22.400000000000002,0.0
22750,22.0,0.0
23000,21.6,0.0
23250,32.0,0.0
23500,44.0,0.0
23750,56.39999999999999,0.0
24000,36.8,0.0
24250,48.0,0.0
24500,43.6,0.0
24750,34.8,0.0
25000,50.8,0.0
25250,35.199999999999996,0.0
25500,14.000000000000002,0.0
25750,0.8,0.0
26000,12.0,0.0
26250,17.599999999999998,0.0
26500,69.19999999999999,0.0
26750,53.2,0.0
27000,59.599999999999994,0.0
27250,43.2,0.0
27500,6.4,0.0
27750,41.6,0.0
28000,43.6,0.0
28250,66.4,0.0
28500,70.0,0.0
28750,51.2,0.0
29000,58.8,0.0
29250,22.0,0.0
29500,32.0,0.0
29750,28.000000000000004,0.0
30000,0.8,0.0
30250,30.0,0.0
30500,33.2,0.0
30750,36.0,0.0
31000,39.6,0.0
31250,26.400000000000002,0.0
31500,32.4,0.0
31750,20.0,0.0
32000,18.8,0.0
32250,38.0,0.0
32500,30.8,0.0
32750,29.2,0.0
33000,18.8,0.0
33250,30.8,0.0
33500,24.8,0.0
33750,11.200000000000001,0.0
34000,16.8,0.0
34250,30.4,0.0
34500,52.800000000000004,0.0
34750,42.8,0.0
35000,26.400000000000002,0.0
35250,17.2,0.0
35500,20.8,0.0
35750,20.4,0.0
36000,12.8,0.0
36250,26.400000000000002,0.0
36500,29.599999999999998,0.0
36750,22.0,0.0
37000,29.599999999999998,0.0
37250,40.400000000000006,0.0
37500,32.800000000000004,0.0
37750,26.8,0.0
38000,0.8,0.0
38250,27.200000000000003,0.0
38500,29.599999999999998,0.0
38750,15.2,0.0
39000,19.6,0.0
39250,34.8,0.0
39500,43.6,0.0
39750,32.4,0.0
40000,26.400000000000002,0.0
40250,33.6,0.0
40500,16.0,0.0
40750,32.0,0.0
41000,12.4,0.0
41250,59.599999999999994,0.0
41500,92.4,0.0
41750,69.6,0.0
42000,38.0,0.0
42250,30.0,0.0
42500,26.400000000000002,0.0
42750,33.6,0.0
43000,64.0,0.0
43250,75.2,0.0
43500,75.2,0.0
43750,92.80000000000001,0.0
44000,44.800000000000004,0.0
44250,92.4,0.0
44500,62.4,0.0
44750,36.0,0.0
45000,57.99999999999999,0.0
45250,42.8,0.0
45500,56.00000000000001,0.0
45750,47.199999999999996,0.0
46000,53.2,0.0
46250,10.8,0.0
46500,20.8,0.0
46750,36.4,0.0
47000,73.6,0.0
47250,7.6,0.0
47500,1.6,0.0
47750,45.6,0.0
48000,63.6,0.0
48250,91.2,0.0
48500,98.4,0.0
48750,98.4,0.0
49000,99.2,0.0
49250,97.6,0.0
49500,92.0,0.0
49750,95.19999999999999,0.0
50000,96.8,0.0
50250,86.4,0.0
50500,23.599999999999998,0.0
50750,26.0,0.0
51000,12.8,0.0
51250,91.60000000000001,0.0
51500,58.4,0.0
51750,78.8,0.0
52000,94.39999999999999,0.0
52250,92.0,0.0
52500,96.0,0.0
52750,99.2,0.0
53000,99.2,0.0
53250,98.4,0.0
53500,97.6,0.0
53750,97.6,0.0
54000,64.0,0.0
54250,57.599999999999994,0.0
54500,34.4,0.0
54750,51.2,0.0
55000,63.6,0.0
55250,55.60000000000001,0.0
55500,73.2,0.0
55750,75.2,0.0
56000,46.0,0.0
56250,81.2,0.0
56500,62.8,0.0
56750,79.2,0.0
57000,96.0,0.0
57250,98.4,0.0
57500,85.6,0.0
57750,67.60000000000001,0.0
58000,31.6,0.0
58250,77.60000000000001,0.0
58500,88.4,0.0
58750,43.2,0.0
59000,82.0,0.0
59250,75.2,0.0
59500,86.8,0.0
59750,25.2,0.0
60000,33.6,0.0
60250,72.39999999999999,0.0
60500,93.2,0.0
60750,24.8,0.0
61000,69.19999999999999,0.0
61250,78.8,0.0
61500,34.0,0.0
61750,18.0,0.0
62000,20.4,0.0
62250,7.199999999999999,0.0
62500,22.400000000000002,0.0
62750,62.4,0.0
63000,56.39999999999999,0.0
63250,39.6,0.0
63500,30.0,0.0
63750,33.6,0.0
64000,18.8,0.0
64250,65.2,0.0
64500,87.2,0.0
64750,97.6,0.0
65000,56.00000000000001,0.0
65250,73.2,0.0
65500,99.2,0.0
65750,42.4,0.0
66000,72.8,0.0
66250,88.0,0.0
66500,91.2,0.0
66750,31.6,0.0
67000,76.0,0.0
67250,96.0,0.0
67500,50.8,0.0
67750,39.6,0.0
68000,48.0,0.0
68250,29.599999999999998,0.0
68500,54.0,0.0
68750,92.80000000000001,0.0
69000,36.8,0.0
69250,41.6,0.0
69500,56.39999999999999,0.0
69750,50.8,0.0
70000,82.39999999999999,0.0
70250,76.0,0.0
70500,16.400000000000002,0.0
70750,20.8,0.0
71000,24.0,0.0
71250,31.6,0.0
71500,81.2,0.0
71750,97.6,0.0
72000,47.199999999999996,0.0
72250,39.6,0.0
72500,79.2,0.0
72750,50.8,0.0
73000,50.8,0.0
73250,38.4,0.0
73500,76.8,0.0
73750,96.0,0.0
74000,94.8,0.0
74250,85.6,0.0
74500,98.0,0.0
74750,98.8,0.0
75000,96.39999999999999,0.0
75250,94.39999999999999,0.0
75500,66.8,0.0
75750,30.4,0.0
76000,36.4,0.0
76250,27.6,0.0
76500,25.6,0.0
76750,62.4,0.0
77000,72.39999999999999,0.0
77250,57.99999999999999,0.0
77500,56.8,0.0
77750,83.6,0.0
78000,67.60000000000001,0.0
78250,39.2,0.0
78500,67.2,0.0
78750,87.2,0.0
79000,15.6,0.0
79250,34.4,0.0
79500,31.2,0.0
79750,27.6,0.0
80000,39.2,0.0
80250,15.2,0.0
80500,10.4,0.0
80750,28.4,0.0
81000,38.800000000000004,0.0
81250,32.4,0.0
81500,12.0,0.0
81750,31.6,0.0
82000,42.0,0.0
82250,50.4,0.0
82500,24.8,0.0
82750,25.2,0.0
83000,27.200000000000003,0.0
83250,44.4,0.0
83500,40.8,0.0
83750,31.2,0.0
84000,11.200000000000001,0.0
84250,10.4,0.0
84500,34.0,0.0
84750,25.6,0.0
85000,19.6,0.0
85250,17.2,0.0
85500,12.0,0.0
85750,24.8,0.0
86000,49.6,0.0
86250,37.6,0.0
86500,12.0,0.0
86750,16.8,0.0
87000,35.199999999999996,0.0
87250,50.4,0.0
87500,41.199999999999996,0.0
87750,7.6,0.0
88000,14.399999999999999,0.0
88250,10.4,0.0
88500,10.8,0.0
88750,34.8,0.0
89000,16.400000000000002,0.0
89250,26.8,0.0
89500,19.6,0.0
89750,41.6,0.0
90000,33.2,0.0
90250,28.4,0.0
90500,17.2,0.0
90750,13.600000000000001,0.0
91000,9.2,0.0
91250,20.4,0.0
91500,18.8,0.0
91750,15.2,0.0
92000,32.800000000000004,0.0
92250,14.399999999999999,0.0
92500,28.799999999999997,0.0
92750,18.4,0.0
93000,14.399999999999999,0.0
93250,20.8,0.0
93500,21.6,0.0
93750,56.00000000000001,0.0
94000,74.4,0.0
94250,32.800000000000004,0.0
94500,25.2,0.0
94750,11.600000000000001,0.0
95000,35.199999999999996,0.0
95250,16.8,0.0
95500,31.6,0.0
95750,18.4,0.0
96000,18.0,0.0
96250,5.2,0.0
96500,26.8,0.0
96750,18.4,0.0
97000,30.0,0.0
97250,18.8,0.0
97500,12.8,0.0
97750,30.4,0.0
98000,17.599999999999998,0.0
98250,26.0,0.0
98500,16.0,0.0
98750,18.4,0.0
99000,7.6,0.0
99250,13.200000000000001,0.0
99500,8.799999999999999,0.0
99750,24.0,0.0
100000,40.8,0.0
100250,34.4,0.0
100500,28.4,0.0
100750,19.2,0.0
101000,11.200000000000001,0.0
101250,9.2,0.0
101500,30.8,0.0
101750,40.8,0.0
102000,8.4,0.0
102250,14.399999999999999,0.0
102500,17.2,0.0
102750,22.400000000000002,0.0
103000,46.400000000000006,0.0
103250,33.2,0.0
103500,20.8,0.0
103750,7.199999999999999,0.0
104000,16.8,0.0
104250,5.6000000000000005,0.0
104500,9.2,0.0
104750,26.400000000000002,0.0
105000,20.4,0.0
105250,10.8,0.0
105500,15.6,0.0
105750,42.0,0.0
106000,24.4,0.0
106250,15.2,0.0
106500,25.6,0.0
106750,43.2,0.0
107000,34.4,0.0
107250,32.0,0.0
107500,31.2,0.0
107750,24.8,0.0
108000,24.4,0.0
108250,33.2,0.0
108500,32.800000000000004,0.0
108750,86.4,0.0
109000,76.4,0.0
109250,58.4,0.0
109500,14.000000000000002,0.0
109750,34.0,0.0
110000,49.6,0.0
110250,68.8,0.0
110500,36.4,0.0
110750,54.0,0.0
111000,31.6,0.0
111250,37.2,0.0
111500,72.8,0.0
111750,92.0,0.0
112000,60.0,0.0
112250,36.8,0.0
112500,69.19999999999999,0.0
112750,50.8,0.0
113000,46.400000000000006,0.0
113250,42.8,0.0
113500,27.6,0.0
113750,57.599999999999994,0.0
114000,37.2,0.0
114250,34.0,0.0
114500,22.8,0.0
114750,30.8,0.0
115000,28.799999999999997,0.0
115250,18.4,0.0
115500,22.8,0.0
115750,20.8,0.0
116000,20.8,0.0
116250,34.8,0.0
116500,30.0,0.0
116750,33.2,0.0
117000,24.4,0.0
117250,86.4,0.0
117500,97.2,0.0
117750,57.99999999999999,0.0
118000,41.6,0.0
118250,36.8,0.0
118500,87.6,0.0
118750,92.4,0.0
119000,76.0,0.0
119250,41.6,0.0
119500,22.0,0.0
119750,19.6,0.0
120000,34.4,0.0
120250,30.8,0.0
120500,55.60000000000001,0.0
120750,22.8,0.0
121000,67.2,0.0
121250,70.8,0.0
121500,24.0,0.0
121750,45.2,0.0
122000,55.60000000000001,0.0
122250,36.0,0.0
122500,0.8,0.0
122750,12.8,0.0
123000,19.2,0.0
123250,30.4,0.0
123500,59.199999999999996,0.0
123750,24.4,0.0
124000,18.4,0.0
124250,62.4,0.0
124500,56.39999999999999,0.0
124750,66.8,0.0
125000,35.6,0.0
125250,2.4,0.0
125500,4.0,0.0
125750,10.8,0.0
126000,20.4,0.0
126250,43.2,0.0
126500,48.0,0.0
126750,14.799999999999999,0.0
127000,13.200000000000001,0.0
127250,28.4,0.0
127500,18.4,0.0
127750,13.600000000000001,0.0
128000,4.8,0.0
128250,14.399999999999999,0.0
128500,74.0,0.0
128750,38.0,0.0
129000,58.8,0.0
129250,72.39999999999999,0.0
129500,5.2,0.0
129750,17.2,0.0
130000,24.0,0.0
130250,58.8,0.0
130500,20.4,0.0
130750,32.0,0.0
131000,21.6,0.0
131250,2.4,0.0
131500,52.400000000000006,0.0
131750,34.0,0.0
132000,37.2,0.0
132250,24.0,0.0
132500,22.0,0.0
132750,26.0,0.0
133000,4.8,0.0
133250,23.599999999999998,0.0
133500,83.2,0.0
133750,84.39999999999999,0.0
