250,41.199999999999996,0.0
500,88.4,0.0
750,100.0,0.0
1000,80.4,0.0
1250,100.0,0.0
1500,91.60000000000001,0.0
1750,18.0,0.0
2000,43.6,0.0
2250,92.80000000000001,0.0
2500,48.4,2.578018995929444
2750,30.4,9.66542750929368
3000,19.6,11.421911421911423
3250,64.0,2.9914529914529915
3500,53.2,12.26692836113837
3750,52.0,8.251996450754215
4000,16.0,5.347166799680767
4250,4.0,24.268774703557312
4500,46.400000000000006,6.175771971496437
4750,74.8,2.4681528662420384
5000,93.60000000000001,19.261006289308177
5250,71.6,1.064638783269962
5500,47.599999999999994,3.627311522048364
5750,54.400000000000006,2.5991792065663475
6000,72.8,3.4868421052631575
6250,41.6,18.781407035175878
6500,30.4,8.104395604395604
6750,75.2,4.086538461538462
7000,27.6,8.133623819898329
7250,34.4,4.273504273504273
7500,49.6,4.9281314168377826
7750,11.600000000000001,22.53922967189729
8000,62.8,9.117865085248331
8250,84.0,2.3792357606344625
8500,76.8,16.003122560499612
8750,94.39999999999999,7.936507936507936
9000,92.80000000000001,1.5165031222123104
9250,67.2,7.150480256136606
9500,71.2,12.841253791708795
9750,82.39999999999999,24.352331606217618
10000,59.599999999999994,2.0385050962627407
10250,40.400000000000006,5.37280701754386
10500,62.8,2.4742268041237114
10750,77.60000000000001,2.843137254901961
11000,78.0,10.361681329423265
11250,73.2,9.960552268244575
11500,88.0,39.9592252803262
11750,95.6,47.21649484536082
12000,89.60000000000001,9.623430962343097
12250,68.0,10.940695296523517
12500,59.199999999999996,22.90988056460369
12750,95.19999999999999,11.675675675675675
13000,92.0,47.014115092290986
13250,99.6,42.532467532467535
13500,84.39999999999999,18.39080459770115
13750,88.0,12.95143212951432
14000,99.2,27.27272727272727
14250,97.6,33.58302122347066
14500,92.80000000000001,3.254067584480601
14750,99.2,24.6558197747184
15000,92.80000000000001,50.18587360594795
15250,96.8,3.7641154328732744
15500,72.8,15.275994865211809
15750,78.8,19.529085872576175
16000,88.8,2.6206896551724137
16250,92.4,9.015256588072122
16500,100.0,2.496532593619972
16750,86.4,45.33898305084746
17000,61.6,10.453920220082532
17250,69.19999999999999,16.666666666666664
17500,97.6,32.55208333333333
17750,96.0,23.49869451697128
18000,91.2,11.603650586701434
18250,83.2,19.64512040557668
18500,97.2,5.934343434343434
18750,96.0,13.350125944584383
19000,77.60000000000001,12.189349112426036
19250,75.2,13.961407491486947
19500,76.8,10.526315789473683
19750,52.400000000000006,13.15468940316687
20000,93.2,38.48039215686275
20250,93.60000000000001,20.807833537331703
20500,81.2,17.503059975520195
20750,97.6,24.843161856963615
21000,99.2,30.91364205256571
21250,98.4,43.9146800501882
21500,96.8,26.11464968152866
21750,100.0,37.452229299363054
22000,94.39999999999999,17.358490566037734
22250,96.0,38.78326996197718
22500,90.4,37.453183520599254
22750,78.0,10.877626699629172
23000,76.0,38.101604278074866
23250,86.4,17.024128686327078
23500,81.6,13.367609254498714
23750,67.2,17.578125
24000,94.39999999999999,25.793650793650798
24250,98.4,38.430851063829785
24500,86.4,14.249363867684478
24750,88.0,24.151436031331595
25000,93.2,19.45945945945946
25250,73.6,1.4267185473411155
25500,30.4,11.035267349260524
25750,86.4,37.01226309921962
26000,71.2,31.03030303030303
26250,83.6,50.821744627054365
26500,92.80000000000001,56.020278833967055
26750,92.0,13.164556962025317
27000,86.8,3.2953105196451205
27250,96.0,10.012515644555695
27500,61.6,0.9378663540445485
27750,99.2,15.357561547479484
28000,98.4,33.215547703180206
28250,93.60000000000001,9.9626400996264
28500,96.8,2.846054333764554
28750,100.0,18.240620957309183
29000,84.0,7.274969173859433
29250,74.8,6.388206388206388
29500,65.60000000000001,31.851851851851855
29750,76.4,6.124852767962309
30000,74.8,14.452214452214452
30250,64.0,12.383177570093459
30500,94.0,20.952380952380953
30750,89.60000000000001,22.711058263971463
31000,76.0,23.52941176470588
31250,94.8,18.509615384615387
31500,85.2,9.212121212121211
31750,97.6,54.25400739827374
32000,86.0,2.478314745972739
32250,98.8,25.866336633663366
32500,71.2,6.25
32750,77.2,29.469790382244142
33000,94.8,1.8518518518518516
33250,100.0,36.848635235732004
33500,90.8,5.221932114882506
33750,58.8,6.524466750313676
34000,88.8,7.615480649188515
34250,99.2,30.26151930261519
34500,98.4,37.484433374844336
34750,97.2,38.55721393034826
35000,92.80000000000001,2.5094102885821834
35250,67.2,3.6458333333333335
35500,88.4,7.810499359795134
35750,84.0,26.11464968152866
36000,86.8,18.935643564356436
36250,98.4,25.621890547263682
36500,98.4,42.41293532338308
36750,99.2,50.62189054726368
37000,80.80000000000001,8.551068883610451
37250,96.0,16.391509433962266
37500,96.8,21.723300970873787
37750,89.60000000000001,39.83451536643026
38000,92.80000000000001,32.445520581113804
38250,98.8,46.41555285540705
38500,98.8,5.582524271844661
38750,64.8,3.2687651331719128
39000,88.0,11.150234741784038
39250,66.8,30.256410256410255
39500,95.19999999999999,13.26530612244898
39750,96.0,43.05912596401028
40000,73.2,2.2004889975550124
40250,87.6,24.509803921568626
40500,86.4,11.313868613138686
40750,98.4,32.88508557457212
41000,52.0,29.261744966442954
41250,88.0,3.204272363150868
41500,91.60000000000001,4.138851802403204
41750,99.6,4.557640750670242
42000,90.4,8.713136729222521
42250,91.2,35.36585365853659
42500,81.6,28.825136612021858
42750,98.4,34.24657534246575
43000,96.0,39.6978021978022
43250,96.8,16.986301369863014
43500,93.60000000000001,22.865013774104685
43750,98.4,6.6115702479338845
44000,71.2,13.383838383838384
44250,73.6,59.366391184573
44500,99.2,60.46831955922865
44750,89.60000000000001,15.247252747252748
45000,96.8,26.236263736263737
45250,84.0,2.2309711286089238
45500,97.6,25.789473684210527
45750,100.0,20.526315789473685
46000,100.0,41.578947368421055
46250,60.4,1.5312131919905771
46500,64.4,0.8565310492505354
46750,85.6,20.783460282916213
47000,81.6,29.506314580941446
47250,92.0,15.891032917139613
47500,98.4,37.82559456398641
47750,98.4,37.57094211123723
48000,100.0,49.148694665153236
48250,99.2,5.10783200908059
48500,100.0,8.39954597048808
48750,100.0,34.27922814982974
49000,99.2,2.6106696935300793
49250,99.2,34.54133635334088
49500,98.4,35.754824063564136
49750,99.2,36.80634201585504
50000,100.0,37.712344280860705
50250,100.0,41.336353340883356
50500,78.0,1.7278617710583155
50750,91.2,8.223684210526317
51000,95.19999999999999,0.6880733944954129
51250,100.0,35.321100917431195
51500,99.2,33.5632183908046
51750,99.2,2.981651376146789
52000,99.2,5.148741418764303
52250,98.4,3.318077803203661
52500,100.0,11.212814645308924
52750,100.0,3.669724770642202
53000,99.2,1.0321100917431194
53250,100.0,5.73394495412844
53500,100.0,11.954022988505747
53750,100.0,11.494252873563218
54000,98.4,19.450800915331808
54250,100.0,3.0892448512585813
54500,96.0,12.286689419795222
54750,99.6,3.0751708428246016
55000,100.0,26.65148063781321
55250,90.4,1.141552511415525
55500,90.0,0.6825938566552902
55750,97.2,0.6825938566552902
56000,99.2,26.514285714285712
56250,100.0,15.085714285714285
56500,100.0,16.457142857142856
56750,100.0,6.171428571428572
57000,100.0,14.857142857142858
57250,100.0,12.571428571428573
57500,100.0,48.57142857142857
57750,100.0,39.31428571428571
58000,98.0,0.46242774566473993
58250,100.0,1.2716763005780347
58500,100.0,5.780346820809249
58750,97.6,35.59127439724455
59000,100.0,13.177339901477833
59250,100.0,8.251231527093596
59500,100.0,65.39408866995073
59750,100.0,69.70443349753694
60000,96.8,3.5862068965517238
60250,100.0,7.1724137931034475
60500,100.0,3.5862068965517238
60750,100.0,68.13793103448276
61000,100.0,23.586206896551722
61250,98.0,72.36111111111111
61500,90.0,18.785310734463277
61750,66.0,11.627906976744185
62000,85.2,22.849462365591396
62250,93.60000000000001,25.789473684210527
62500,97.6,2.1164021164021163
62750,100.0,5.6878306878306875
63000,95.19999999999999,1.953125
63250,94.39999999999999,23.607427055702917
63500,86.8,8.0
63750,86.0,3.8978494623655915
64000,100.0,46.37096774193548
64250,98.4,7.774798927613941
64500,99.2,11.827956989247312
64750,100.0,1.2096774193548387
65000,98.4,39.946380697050934
65250,100.0,0.8064516129032258
65500,100.0,1.2096774193548387
65750,100.0,61.96236559139785
66000,100.0,62.23118279569893
66250,100.0,25.537634408602152
66500,99.2,62.5
66750,100.0,4.838709677419355
67000,100.0,0.8064516129032258
67250,100.0,3.3602150537634405
67500,100.0,36.424731182795696
67750,98.4,69.83914209115282
68000,98.4,71.37096774193549
68250,100.0,48.79032258064516
68500,100.0,4.032258064516129
68750,100.0,2.6881720430107525
69000,100.0,37.23118279569893
69250,95.19999999999999,75.40322580645162
69500,79.2,7.124681933842239
69750,95.19999999999999,15.746971736204577
70000,96.0,11.615487316421897
70250,100.0,24.432576769025367
70500,84.0,14.50980392156863
70750,96.8,27.463863337713533
71000,96.8,42.363877822045154
71250,100.0,52.191235059760956
71500,98.0,19.01595744680851
71750,100.0,9.97340425531915
72000,85.6,8.100558659217876
72250,95.19999999999999,6.593406593406594
72500,100.0,2.60989010989011
72750,97.6,56.22377622377622
73000,98.4,20.251396648044693
73250,100.0,23.356643356643357
73500,100.0,23.776223776223777
73750,100.0,7.4125874125874125
74000,100.0,31.608391608391607
74250,100.0,36.36363636363637
74500,100.0,12.307692307692308
74750,100.0,64.1958041958042
75000,99.2,15.104895104895105
75250,100.0,19.02097902097902
75500,79.60000000000001,4.904632152588556
75750,85.2,25.771812080536915
76000,88.0,22.315202231520225
76250,100.0,49.37238493723849
76500,82.39999999999999,3.576158940397351
76750,100.0,5.827814569536424
77000,98.8,17.063492063492063
77250,100.0,22.22222222222222
77500,98.4,15.74074074074074
77750,100.0,1.8518518518518516
78000,85.6,6.315789473684211
78250,98.4,31.48148148148148
78500,100.0,38.22751322751323
78750,100.0,26.322751322751326
79000,79.60000000000001,8.136482939632545
79250,80.80000000000001,5.585106382978723
79500,66.4,10.744810744810746
79750,75.6,2.464788732394366
80000,55.60000000000001,13.927227101631118
80250,87.2,8.32313341493268
80500,65.60000000000001,13.814955640050696
80750,70.8,0.6765899864682002
81000,95.19999999999999,34.81781376518219
81250,82.39999999999999,33.8865836791148
81500,84.0,18.2175622542595
81750,83.2,25.98639455782313
82000,96.8,27.235213204951858
82250,97.6,6.429548563611491
82500,92.80000000000001,25.371120107962213
82750,92.80000000000001,25.584594222833562
83000,94.39999999999999,24.42019099590723
83250,74.8,11.440107671601615
83500,92.80000000000001,17.456021650879567
83750,73.6,6.92410119840213
84000,93.60000000000001,12.916111850865514
84250,89.60000000000001,6.666666666666667
84500,76.4,5.347593582887701
84750,96.0,31.842818428184284
85000,98.4,22.10242587601078
85250,91.2,42.81842818428184
85500,86.4,21.584699453551913
85750,95.19999999999999,10.354223433242508
86000,94.39999999999999,28.513513513513512
86250,94.39999999999999,23.822714681440445
86500,100.0,55.81717451523546
86750,97.6,57.91666666666667
87000,97.6,34.15977961432507
87250,94.39999999999999,14.520547945205479
87500,94.39999999999999,6.575342465753424
87750,92.0,24.797843665768195
88000,96.0,46.7479674796748
88250,83.2,5.128205128205128
88500,76.4,7.575757575757576
88750,73.2,3.1928480204342273
89000,72.0,14.303482587064675
89250,63.2,8.758169934640522
89500,95.6,3.7037037037037033
89750,86.8,15.890410958904111
90000,93.2,40.11065006915629
90250,82.8,16.10738255033557
90500,64.4,2.7061855670103094
90750,64.0,11.450381679389313
91000,80.80000000000001,34.23545331529093
91250,80.0,6.854838709677419
91500,60.0,8.229426433915211
91750,78.8,25.810635538262
92000,92.80000000000001,13.95045632333768
92250,72.8,21.399730820995963
92500,86.0,24.864864864864867
92750,92.80000000000001,27.984084880636605
93000,78.0,19.602649006622517
93250,69.19999999999999,3.79746835443038
93500,78.0,20.318725099601593
93750,99.2,28.286852589641438
94000,90.0,11.288180610889773
94250,80.0,11.13892365456821
94500,81.6,3.963011889035667
94750,94.39999999999999,41.65535956580732
95000,89.60000000000001,19.918144611186904
95250,99.2,64.70588235294117
95500,89.60000000000001,71.08433734939759
95750,88.8,19.310344827586206
96000,96.8,79.91746905089408
96250,92.0,16.46090534979424
96500,96.0,40.94052558782849
96750,94.39999999999999,17.28395061728395
97000,75.6,9.894459102902374
97250,92.4,27.522935779816514
97500,97.6,2.4771838331160363
97750,99.2,31.241830065359476
98000,81.6,6.683168316831684
98250,84.0,17.401960784313726
98500,85.6,3.24254215304799
98750,85.6,12.998712998713
99000,90.4,14.747736093143596
99250,96.8,27.107652399481193
99500,88.0,11.901681759379043
99750,87.2,22.268326417704014
100000,92.0,13.241379310344827
100250,96.0,36.72627235213205
100500,88.0,5.722070844686648
100750,99.2,33.69565217391305
101000,91.2,38.77266387726639
101250,86.4,4.195804195804196
101500,97.6,35.94405594405594
101750,97.6,29.873772791023846
102000,99.2,14.20534458509142
102250,97.6,63.9943741209564
102500,99.2,60.36671368124118
102750,99.2,65.77086280056577
103000,100.0,30.834512022630832
103250,79.60000000000001,12.101063829787234
103500,88.0,6.016042780748663
103750,90.0,24.829467939972716
104000,70.39999999999999,14.979757085020243
104250,87.2,6.225165562913907
104500,76.0,9.789343246592317
104750,70.0,26.46675358539765
105000,96.8,17.391304347826086
105250,46.400000000000006,17.976190476190474
105500,80.4,5.369928400954653
105750,92.0,33.09002433090024
106000,97.6,18.469015795868774
106250,52.0,0.22522522522522523
106500,77.2,7.750269106566201
106750,84.8,5.015673981191222
107000,68.8,20.10810810810811
107250,93.60000000000001,34.87348734873487
107500,96.0,40.458015267175576
107750,92.0,18.594594594594593
108000,71.2,8.19672131147541
108250,82.8,56.76605504587155
108500,84.0,0.7653061224489796
108750,86.0,2.8683181225554106
109000,99.6,9.673202614379086
109250,96.0,32.93492695883134
109500,84.0,12.552301255230125
109750,96.8,61.53846153846154
110000,89.60000000000001,30.64971751412429
110250,76.8,40.714285714285715
110500,87.2,2.5210084033613445
110750,93.60000000000001,14.145658263305322
111000,84.8,21.03825136612022
111250,90.4,18.71584699453552
111500,95.19999999999999,13.25136612021858
111750,96.0,42.12707182320442
112000,99.2,48.204419889502766
112250,99.2,27.348066298342545
112500,98.4,8.241758241758241
112750,94.39999999999999,2.1621621621621623
113000,95.6,10.419485791610285
113250,84.0,5.284552845528456
113500,91.60000000000001,25.89641434262948
113750,94.8,26.40750670241287
114000,92.4,8.190224570673713
114250,84.0,9.454061251664447
114500,89.60000000000001,13.049267643142477
114750,95.6,32.972972972972975
115000,77.2,10.201342281879194
115250,94.8,37.68707482993197
115500,92.0,25.668449197860966
115750,78.0,8.217446270543615
116000,80.80000000000001,5.5222088835534215
116250,57.199999999999996,7.914572864321608
116500,79.60000000000001,3.8847117794486214
116750,80.80000000000001,10.935601458080194
117000,91.2,13.108614232209737
117250,97.6,9.987515605493133
117500,100.0,20.474406991260924
117750,97.6,8.944099378881988
118000,100.0,17.581047381546135
118250,96.8,45.28301886792453
118500,100.0,46.540880503144656
118750,92.80000000000001,4.905660377358491
119000,99.6,22.110552763819097
119250,96.39999999999999,23.929471032745592
119500,100.0,47.48110831234257
119750,98.8,5.689001264222504
120000,89.60000000000001,5.714285714285714
120250,86.8,15.09433962264151
120500,91.2,39.21052631578947
120750,99.2,39.55026455026455
121000,90.0,47.791164658634536
121250,79.60000000000001,11.636828644501279
121500,84.39999999999999,13.597033374536466
121750,82.39999999999999,14.713896457765669
122000,99.6,3.547066848567531
122250,57.99999999999999,2.7446300715990453
122500,36.4,7.723169508525577
122750,52.800000000000004,5.288007554296506
123000,64.0,27.66393442622951
123250,68.4,1.8867924528301887
123500,93.2,9.141583054626533
123750,96.8,31.438127090301005
124000,99.2,3.5754189944134076
124250,94.0,17.633928571428573
124500,94.8,18.826135105204873
124750,99.2,7.675194660734149
125000,75.2,9.032258064516128
125250,31.6,11.79245283018868
125500,47.599999999999994,4.668930390492361
125750,62.8,6.191369606003752
126000,71.6,0.8234217749313815
126250,64.0,15.949820788530467
126500,69.6,2.1570319240724762
126750,39.2,12.240184757505773
127000,49.2,16.37795275590551
127250,74.8,8.792111750205423
127500,61.199999999999996,4.598662207357859
127750,58.4,9.514925373134329
128000,78.4,24.522613065326635
128250,60.0,4.5584045584045585
128500,80.80000000000001,1.0357815442561207
128750,44.0,8.103448275862068
129000,48.0,0.6024096385542169
129250,72.8,3.1404958677685952
129500,10.0,5.514705882352941
129750,24.0,2.3952095808383236
130000,23.200000000000003,3.5387431360585726
130250,56.00000000000001,3.019538188277087
130500,16.400000000000002,7.959905660377359
130750,48.0,1.2048192771084338
131000,23.200000000000003,6.9753086419753085
131250,30.0,12.717882504841835
131500,70.39999999999999,2.027883396704689
131750,68.8,8.018867924528301
132000,87.6,3.900709219858156
132250,48.0,8.82986360373295
132500,47.199999999999996,7.381507381507381
132750,72.0,5.208333333333334
133000,53.2,1.687289088863892
133250,40.8,0.6666666666666667
133500,87.6,0.7608695652173914
133750,84.0,1.48619957537155
