250,41.199999999999996,0.0
500,88.4,0.0
750,100.0,0.0
1000,80.4,0.0
1250,100.0,0.0
1500,91.60000000000001,0.0
1750,18.0,0.0
2000,36.4,0.0
2250,20.8,0.0
2500,36.0,0.0
2750,4.3999999999999995,0.0
3000,9.6,0.0
3250,60.4,0.0
3500,51.6,0.0
3750,50.4,0.0
4000,16.0,0.0
4250,3.2,0.0
4500,39.2,0.0
4750,42.4,0.0
5000,43.6,0.0
5250,49.6,0.0
5500,37.6,0.0
5750,42.8,0.0
6000,45.2,0.0
6250,31.6,0.0
6500,24.0,0.0
6750,52.800000000000004,0.0
7000,10.0,0.0
7250,22.400000000000002,0.0
7500,26.400000000000002,0.0
7750,8.4,0.0
8000,16.400000000000002,0.0
8250,30.8,0.0
8500,39.2,0.0
8750,54.400000000000006,0.0
9000,63.2,0.0
9250,48.0,0.0
9500,36.4,0.0
9750,40.400000000000006,0.0
10000,25.6,0.0
10250,18.0,0.0
10500,27.200000000000003,0.0
10750,65.60000000000001,0.0
11000,57.99999999999999,0.0
11250,47.599999999999994,0.0
11500,52.800000000000004,0.0
11750,58.8,0.0
12000,57.199999999999996,0.0
12250,44.4,0.0
12500,40.8,0.0
12750,29.599999999999998,0.0
13000,57.99999999999999,0.0
13250,57.99999999999999,0.0
13500,58.8,0.0
13750,45.6,0.0
14000,73.6,0.0
14250,71.2,0.0
14500,52.400000000000006,0.0
14750,70.0,0.0
15000,72.0,0.0
15250,64.8,0.0
15500,48.4,0.0
15750,36.8,0.0
16000,61.199999999999996,0.0
16250,79.60000000000001,0.0
16500,85.6,0.0
16750,29.599999999999998,0.0
17000,36.8,0.0
17250,41.6,0.0
17500,70.8,0.0
17750,79.2,0.0
18000,73.2,0.0
18250,69.19999999999999,0.0
18500,44.4,0.0
18750,57.599999999999994,0.0
19000,40.400000000000006,0.0
19250,40.400000000000006,0.0
19500,44.0,0.0
19750,30.4,0.0
20000,67.2,0.0
20250,54.800000000000004,0.0
20500,41.6,0.0
20750,67.60000000000001,0.0
21000,80.4,0.0
21250,64.4,0.0
21500,70.8,0.0
21750,74.0,0.0
22000,63.6,0.0
22250,54.800000000000004,0.0
22500,57.599999999999994,0.0
22750,49.2,0.0
23000,44.4,0.0
23250,38.4,0.0
23500,44.800000000000004,0.0
23750,59.199999999999996,0.0
24000,56.00000000000001,0.0
24250,84.8,0.0
24500,69.6,0.0
24750,65.2,0.0
25000,78.0,0.0
25250,59.199999999999996,0.0
25500,19.6,0.0
25750,50.4,0.0
26000,49.6,0.0
26250,52.800000000000004,0.0
26500,67.2,0.0
26750,86.0,0.0
27000,68.8,0.0
27250,64.0,0.0
27500,48.8,0.0
27750,75.2,0.0
28000,76.0,0.0
28250,75.6,0.0
28500,90.4,0.0
28750,83.2,0.0
29000,78.0,0.0
29250,62.0,0.0
29500,37.2,0.0
29750,47.599999999999994,0.0
30000,48.4,0.0
30250,40.0,0.0
30500,58.4,0.0
30750,42.8,0.0
31000,57.599999999999994,0.0
31250,51.6,0.0
31500,62.8,0.0
31750,64.8,0.0
32000,47.199999999999996,0.0
32250,52.400000000000006,0.0
32500,40.400000000000006,0.0
32750,38.4,0.0
33000,44.4,0.0
33250,57.99999999999999,0.0
33500,57.199999999999996,0.0
33750,31.6,0.0
34000,44.4,0.0
34250,47.599999999999994,0.0
34500,76.0,0.0
34750,68.8,0.0
35000,44.800000000000004,0.0
35250,44.4,0.0
35500,46.0,0.0
35750,42.0,0.0
36000,44.0,0.0
36250,48.8,0.0
36500,60.4,0.0
36750,67.60000000000001,0.0
37000,51.2,0.0
37250,73.6,0.0
37500,52.400000000000006,0.0
37750,64.4,0.0
38000,26.8,0.0
38250,39.6,0.0
38500,42.0,0.0
38750,39.6,0.0
39000,46.400000000000006,0.0
39250,44.0,0.0
39500,80.0,0.0
39750,78.8,0.0
40000,65.60000000000001,0.0
40250,61.199999999999996,0.0
40500,54.800000000000004,0.0
40750,76.8,0.0
41000,26.8,0.0
41250,61.6,0.0
41500,80.0,0.0
41750,76.8,0.0
42000,62.0,0.0
42250,34.0,0.0
42500,33.2,0.0
42750,60.0,0.0
43000,78.4,0.0
43250,88.8,0.0
43500,90.4,0.0
43750,95.19999999999999,0.0
44000,60.0,0.0
44250,91.2,0.0
44500,80.80000000000001,0.0
44750,63.2,0.0
45000,84.0,0.0
45250,70.39999999999999,0.0
45500,87.2,0.0
45750,86.0,0.0
46000,90.4,0.0
46250,54.400000000000006,0.0
46500,37.6,0.0
46750,65.60000000000001,0.0
47000,79.2,0.0
47250,41.6,0.0
47500,31.2,0.0
47750,53.2,0.0
48000,82.0,0.0
48250,95.19999999999999,0.0
48500,99.2,0.0
48750,99.2,0.0
49000,99.2,0.0
49250,99.2,0.0
49500,93.60000000000001,0.0
49750,96.0,0.0
50000,96.8,0.0
50250,87.2,0.0
50500,41.199999999999996,0.0
50750,49.6,0.0
51000,30.4,0.0
51250,92.4,0.0
51500,68.4,0.0
51750,96.8,0.0
52000,98.4,0.0
52250,95.19999999999999,0.0
52500,98.4,0.0
52750,98.4,0.0
53000,99.2,0.0
53250,100.0,0.0
53500,98.4,0.0
53750,99.2,0.0
54000,81.6,0.0
54250,76.0,0.0
54500,73.2,0.0
54750,77.60000000000001,0.0
55000,88.8,0.0
55250,71.6,0.0
55500,70.0,0.0
55750,83.2,0.0
56000,66.8,0.0
56250,81.2,0.0
56500,84.0,0.0
56750,89.60000000000001,0.0
57000,98.4,0.0
57250,100.0,0.0
57500,96.8,0.0
57750,77.2,0.0
58000,65.60000000000001,0.0
58250,80.80000000000001,0.0
58500,96.8,0.0
58750,66.4,0.0
59000,92.0,0.0
59250,88.0,0.0
59500,91.60000000000001,0.0
59750,58.8,0.0
60000,60.0,0.0
60250,82.8,0.0
60500,99.2,0.0
60750,57.99999999999999,0.0
61000,89.2,0.0
61250,82.8,0.0
61500,46.0,0.0
61750,36.4,0.0
62000,67.2,0.0
62250,30.4,0.0
62500,58.4,0.0
62750,74.4,0.0
63000,60.4,0.0
63250,55.60000000000001,0.0
63500,49.2,0.0
63750,52.800000000000004,0.0
64000,47.199999999999996,0.0
64250,82.0,0.0
64500,91.2,0.0
64750,97.6,0.0
65000,76.8,0.0
65250,76.4,0.0
65500,99.2,0.0
65750,80.0,0.0
66000,89.2,0.0
66250,92.80000000000001,0.0
66500,96.0,0.0
66750,60.4,0.0
67000,79.2,0.0
67250,100.0,0.0
67500,66.8,0.0
67750,75.6,0.0
68000,83.2,0.0
68250,73.6,0.0
68500,70.0,0.0
68750,95.19999999999999,0.0
69000,68.4,0.0
69250,57.199999999999996,0.0
69500,78.4,0.0
69750,92.0,0.0
70000,93.60000000000001,0.0
70250,88.4,0.0
70500,51.2,0.0
70750,88.8,0.0
71000,53.2,0.0
71250,60.8,0.0
71500,86.8,0.0
71750,97.6,0.0
72000,75.2,0.0
72250,86.4,0.0
72500,91.2,0.0
72750,65.2,0.0
73000,79.2,0.0
73250,80.4,0.0
73500,98.4,0.0
73750,96.0,0.0
74000,96.8,0.0
74250,92.80000000000001,0.0
74500,100.0,0.0
74750,98.8,0.0
75000,98.0,0.0
75250,96.8,0.0
75500,76.4,0.0
75750,74.8,0.0
76000,78.4,0.0
76250,73.2,0.0
76500,50.0,0.0
76750,92.0,0.0
77000,88.4,0.0
77250,85.2,0.0
77500,80.80000000000001,0.0
77750,97.6,0.0
78000,73.6,0.0
78250,85.2,0.0
78500,89.2,0.0
78750,92.4,0.0
79000,34.8,0.0
79250,54.800000000000004,0.0
79500,52.800000000000004,0.0
79750,49.2,0.0
80000,60.4,0.0
80250,54.400000000000006,0.0
80500,30.4,0.0
80750,37.2,0.0
81000,63.2,0.0
81250,56.00000000000001,0.0
81500,51.6,0.0
81750,49.6,0.0
82000,76.0,0.0
82250,78.4,0.0
82500,48.8,0.0
82750,55.2,0.0
83000,66.0,0.0
83250,55.60000000000001,0.0
83500,53.6,0.0
83750,47.199999999999996,0.0
84000,46.0,0.0
84250,38.4,0.0
84500,35.6,0.0
84750,51.6,0.0
85000,40.0,0.0
85250,25.2,0.0
85500,22.8,0.0
85750,39.2,0.0
86000,85.2,0.0
86250,82.0,0.0
86500,34.0,0.0
86750,35.6,0.0
87000,68.8,0.0
87250,76.0,0.0
87500,69.19999999999999,0.0
87750,20.4,0.0
88000,35.6,0.0
88250,23.200000000000003,0.0
88500,29.599999999999998,0.0
88750,63.2,0.0
89000,34.4,0.0
89250,46.0,0.0
89500,57.199999999999996,0.0
89750,71.2,0.0
90000,66.4,0.0
90250,64.4,0.0
90500,32.0,0.0
90750,37.6,0.0
91000,48.0,0.0
91250,36.0,0.0
91500,23.599999999999998,0.0
91750,43.6,0.0
92000,50.8,0.0
92250,37.2,0.0
92500,46.800000000000004,0.0
92750,47.199999999999996,0.0
93000,38.4,0.0
93250,32.0,0.0
93500,45.6,0.0
93750,88.8,0.0
94000,76.8,0.0
94250,58.4,0.0
94500,56.39999999999999,0.0
94750,40.400000000000006,0.0
95000,52.800000000000004,0.0
95250,64.8,0.0
95500,51.2,0.0
95750,30.0,0.0
96000,26.0,0.0
96250,28.799999999999997,0.0
96500,36.0,0.0
96750,47.199999999999996,0.0
97000,62.8,0.0
97250,66.0,0.0
97500,23.200000000000003,0.0
97750,61.6,0.0
98000,39.2,0.0
98250,55.2,0.0
98500,45.2,0.0
98750,54.400000000000006,0.0
99000,37.2,0.0
99250,31.2,0.0
99500,27.200000000000003,0.0
99750,36.0,0.0
100000,59.199999999999996,0.0
100250,52.800000000000004,0.0
100500,42.4,0.0
100750,48.0,0.0
101000,43.6,0.0
101250,25.6,0.0
101500,58.4,0.0
101750,55.2,0.0
102000,33.6,0.0
102250,23.200000000000003,0.0
102500,30.4,0.0
102750,48.0,0.0
103000,63.2,0.0
103250,44.0,0.0
103500,60.4,0.0
103750,35.6,0.0
104000,35.199999999999996,0.0
104250,14.399999999999999,0.0
104500,19.2,0.0
104750,66.0,0.0
105000,41.6,0.0
105250,17.2,0.0
105500,28.799999999999997,0.0
105750,75.6,0.0
106000,26.400000000000002,0.0
106250,39.2,0.0
106500,65.2,0.0
106750,59.199999999999996,0.0
107000,53.2,0.0
107250,70.39999999999999,0.0
107500,64.0,0.0
107750,77.60000000000001,0.0
108000,53.6,0.0
108250,38.0,0.0
108500,67.2,0.0
108750,86.4,0.0
109000,82.8,0.0
109250,73.2,0.0
109500,39.6,0.0
109750,55.60000000000001,0.0
110000,52.800000000000004,0.0
110250,72.8,0.0
110500,77.60000000000001,0.0
110750,92.80000000000001,0.0
111000,76.0,0.0
111250,74.4,0.0
111500,89.60000000000001,0.0
111750,98.4,0.0
112000,80.0,0.0
112250,80.4,0.0
112500,95.19999999999999,0.0
112750,78.4,0.0
113000,81.2,0.0
113250,57.99999999999999,0.0
113500,59.199999999999996,0.0
113750,82.39999999999999,0.0
114000,67.60000000000001,0.0
114250,62.0,0.0
114500,53.2,0.0
114750,68.0,0.0
115000,45.2,0.0
115250,48.8,0.0
115500,35.6,0.0
115750,60.8,0.0
116000,36.4,0.0
116250,41.6,0.0
116500,34.4,0.0
116750,50.0,0.0
117000,52.0,0.0
117250,92.4,0.0
117500,98.0,0.0
117750,62.8,0.0
118000,62.0,0.0
118250,62.0,0.0
118500,93.60000000000001,0.0
118750,91.60000000000001,0.0
119000,95.19999999999999,0.0
119250,72.8,0.0
119500,40.400000000000006,0.0
119750,62.0,0.0
120000,57.599999999999994,0.0
120250,52.400000000000006,0.0
120500,84.8,0.0
120750,61.199999999999996,0.0
121000,73.6,0.0
121250,76.0,0.0
121500,55.2,0.0
121750,90.8,0.0
122000,96.39999999999999,0.0
122250,46.800000000000004,0.0
122500,22.8,0.0
122750,24.8,0.0
123000,25.2,0.0
123250,32.0,0.0
123500,69.19999999999999,0.0
123750,44.4,0.0
124000,70.0,0.0
124250,78.8,0.0
124500,91.60000000000001,0.0
124750,98.4,0.0
125000,62.4,0.0
125250,15.2,0.0
125500,17.599999999999998,0.0
125750,21.6,0.0
126000,26.400000000000002,0.0
126250,56.00000000000001,0.0
126500,59.199999999999996,0.0
126750,27.200000000000003,0.0
127000,24.0,0.0
127250,46.400000000000006,0.0
127500,49.2,0.0
127750,52.800000000000004,0.0
128000,32.800000000000004,0.0
128250,28.000000000000004,0.0
128500,74.0,0.0
128750,37.6,0.0
129000,48.0,0.0
129250,72.39999999999999,0.0
129500,7.6,0.0
129750,17.599999999999998,0.0
130000,18.4,0.0
130250,51.2,0.0
130500,12.4,0.0
130750,45.6,0.0
131000,21.6,0.0
131250,21.6,0.0
131500,66.4,0.0
131750,57.199999999999996,0.0
132000,54.400000000000006,0.0
132250,30.8,0.0
132500,21.6,0.0
132750,32.0,0.0
133000,14.000000000000002,0.0
133250,30.4,0.0
133500,83.2,0.0
133750,83.6,0.0
