250,41.199999999999996
500,88.4
750,100.0
1000,80.4
1250,100.0
1500,91.60000000000001
1750,18.0
2000,36.4
2250,20.8
2500,36.0
2750,4.3999999999999995
3000,9.6
3250,60.4
3500,51.6
3750,50.4
4000,16.0
4250,3.2
4500,39.2
4750,42.4
5000,43.6
5250,49.6
5500,37.6
5750,42.8
6000,45.6
6250,20.8
6500,23.200000000000003
6750,66.4
7000,12.4
7250,20.8
7500,42.8
7750,7.199999999999999
8000,37.6
8250,33.2
8500,43.2
8750,70.39999999999999
9000,50.8
9250,35.199999999999996
9500,52.0
9750,25.6
10000,12.4
10250,16.8
10500,26.8
10750,38.0
11000,45.6
11250,30.8
11500,57.99999999999999
11750,73.6
12000,83.6
12250,28.799999999999997
12500,14.399999999999999
12750,40.0
13000,70.39999999999999
13250,44.0
13500,54.400000000000006
13750,36.8
14000,66.4
14250,60.8
14500,60.8
14750,78.4
15000,76.0
15250,81.6
15500,37.2
15750,29.2
16000,64.0
16250,82.0
16500,86.4
16750,37.2
17000,36.0
17250,34.8
17500,48.8
17750,80.80000000000001
18000,84.8
18250,59.599999999999994
18500,32.800000000000004
18750,63.2
19000,44.0
19250,38.0
19500,46.0
19750,42.8
20000,58.4
20250,51.2
20500,57.199999999999996
20750,55.2
21000,70.8
21250,73.6
21500,69.6
21750,59.599999999999994
22000,44.4
22250,42.0
22500,64.4
22750,43.6
23000,23.200000000000003
23250,33.6
23500,52.400000000000006
23750,67.2
24000,56.00000000000001
24250,79.2
24500,70.39999999999999
24750,74.4
25000,78.8
25250,54.400000000000006
25500,18.8
25750,0.0
26000,32.800000000000004
26250,35.199999999999996
26500,78.4
26750,74.8
27000,84.8
27250,68.0
27500,34.4
27750,59.199999999999996
28000,65.60000000000001
28250,84.0
28500,92.80000000000001
28750,84.8
29000,75.2
29250,50.4
29500,53.6
29750,55.2
30000,12.4
30250,38.800000000000004
30500,55.60000000000001
30750,53.2
31000,62.0
31250,54.400000000000006
31500,51.6
31750,61.199999999999996
32000,38.800000000000004
32250,61.199999999999996
32500,35.199999999999996
32750,40.400000000000006
33000,27.6
33250,54.0
33500,50.4
33750,18.4
34000,23.599999999999998
34250,52.800000000000004
34500,84.0
34750,53.2
35000,47.599999999999994
35250,31.6
35500,25.2
35750,42.4
36000,28.799999999999997
36250,50.4
36500,53.6
36750,47.199999999999996
37000,61.199999999999996
37250,62.8
37500,51.2
37750,46.800000000000004
38000,15.6
38250,52.400000000000006
38500,46.0
38750,24.0
39000,33.6
39250,62.4
39500,74.4
39750,69.19999999999999
40000,68.0
40250,60.4
40500,19.6
40750,60.8
41000,15.6
41250,69.19999999999999
41500,92.4
41750,79.60000000000001
42000,68.4
42250,38.4
42500,38.4
42750,48.0
43000,83.2
43250,93.60000000000001
43500,92.80000000000001
43750,96.0
44000,59.199999999999996
44250,100.0
44500,82.39999999999999
44750,62.8
45000,87.2
45250,76.0
45500,82.0
45750,71.2
46000,93.60000000000001
46250,37.2
46500,23.200000000000003
46750,42.0
47000,78.4
47250,22.0
47500,15.2
47750,50.4
48000,75.2
48250,94.39999999999999
48500,99.2
48750,99.2
49000,99.2
49250,99.2
49500,96.0
49750,96.0
50000,96.8
50250,86.4
50500,38.800000000000004
50750,44.800000000000004
51000,26.8
51250,92.80000000000001
51500,68.4
51750,97.6
52000,98.4
52250,96.0
52500,98.4
52750,99.2
53000,99.2
53250,100.0
53500,99.2
53750,99.2
54000,81.6
54250,76.0
54500,71.2
54750,83.6
55000,92.80000000000001
55250,78.0
55500,83.6
55750,88.0
56000,64.4
56250,83.2
56500,83.2
56750,89.60000000000001
57000,98.4
57250,100.0
57500,97.6
57750,76.4
58000,66.4
58250,81.2
58500,96.8
58750,60.4
59000,89.2
59250,88.0
59500,91.60000000000001
59750,45.6
60000,51.6
60250,83.6
60500,99.2
60750,57.199999999999996
61000,89.2
61250,83.6
61500,46.0
61750,30.0
62000,42.0
62250,23.200000000000003
62500,54.800000000000004
62750,73.2
63000,60.0
63250,51.6
63500,41.6
63750,56.39999999999999
64000,41.199999999999996
64250,82.0
64500,90.4
64750,97.6
65000,76.0
65250,78.4
65500,99.2
65750,75.2
66000,86.4
66250,92.80000000000001
66500,96.0
66750,61.199999999999996
67000,79.2
67250,100.0
67500,66.8
67750,76.4
68000,83.2
68250,72.0
68500,70.8
68750,95.19999999999999
69000,62.8
69250,57.199999999999996
69500,76.0
69750,92.80000000000001
70000,91.2
70250,86.0
70500,44.4
70750,85.2
71000,51.6
71250,61.199999999999996
71500,86.0
71750,97.6
72000,71.2
72250,78.4
72500,88.8
72750,70.0
73000,79.60000000000001
73250,79.2
73500,98.4
73750,96.0
74000,96.8
74250,92.80000000000001
74500,100.0
74750,98.8
75000,98.0
75250,96.8
75500,76.4
75750,72.39999999999999
76000,80.0
76250,73.6
76500,43.2
76750,88.8
77000,85.2
77250,80.4
77500,80.80000000000001
77750,97.6
78000,72.8
78250,83.6
78500,84.39999999999999
78750,91.60000000000001
79000,35.199999999999996
79250,54.0
79500,53.6
79750,49.2
80000,67.60000000000001
80250,54.0
80500,34.0
80750,41.6
81000,62.8
81250,54.800000000000004
81500,49.2
81750,55.60000000000001
82000,76.8
82250,80.0
82500,48.0
82750,56.00000000000001
83000,62.8
83250,66.0
83500,56.8
83750,56.8
84000,36.4
84250,36.0
84500,46.800000000000004
84750,44.0
85000,39.2
85250,27.200000000000003
85500,21.2
85750,39.2
86000,84.8
86250,76.4
86500,33.6
86750,34.8
87000,68.4
87250,74.8
87500,69.19999999999999
87750,19.6
88000,35.6
88250,20.4
88500,20.0
88750,67.60000000000001
89000,32.0
89250,46.400000000000006
89500,53.6
89750,70.8
90000,67.60000000000001
90250,57.199999999999996
90500,31.2
90750,22.400000000000002
91000,52.800000000000004
91250,37.2
91500,27.200000000000003
91750,42.0
92000,54.0
92250,28.799999999999997
92500,47.599999999999994
92750,44.800000000000004
93000,42.8
93250,32.800000000000004
93500,41.6
93750,79.60000000000001
94000,83.2
94250,52.400000000000006
94500,56.39999999999999
94750,34.8
95000,56.8
95250,67.2
95500,52.800000000000004
95750,37.2
96000,26.8
96250,29.599999999999998
96500,36.8
96750,46.400000000000006
97000,63.2
97250,46.0
97500,19.2
97750,60.0
98000,39.2
98250,54.0
98500,43.6
98750,56.00000000000001
99000,37.2
99250,33.2
99500,26.8
99750,40.0
100000,60.0
100250,53.2
100500,45.6
100750,46.400000000000006
101000,40.0
101250,27.200000000000003
101500,58.4
101750,57.199999999999996
102000,33.2
102250,22.8
102500,29.599999999999998
102750,47.199999999999996
103000,63.6
103250,44.0
103500,51.6
103750,30.8
104000,25.6
104250,12.8
104500,18.4
104750,57.199999999999996
105000,41.199999999999996
105250,15.6
105500,25.2
105750,75.6
106000,27.200000000000003
106250,28.000000000000004
106500,33.2
106750,55.2
107000,67.2
107250,74.4
107500,65.60000000000001
107750,71.2
108000,61.199999999999996
108250,45.6
108500,61.199999999999996
108750,86.4
109000,87.6
109250,68.4
109500,25.6
109750,43.6
110000,52.800000000000004
110250,73.6
110500,77.60000000000001
110750,92.80000000000001
111000,76.0
111250,74.0
111500,89.60000000000001
111750,99.2
112000,80.0
112250,81.2
112500,95.19999999999999
112750,78.4
113000,81.2
113250,57.199999999999996
113500,60.0
113750,82.0
114000,66.0
114250,66.0
114500,54.0
114750,68.0
115000,49.6
115250,41.6
115500,35.6
115750,61.199999999999996
116000,36.4
116250,46.800000000000004
116500,34.4
116750,51.6
117000,54.0
117250,92.0
117500,98.0
117750,63.6
118000,62.0
118250,57.599999999999994
118500,93.60000000000001
118750,93.2
119000,96.0
119250,72.0
119500,41.6
119750,62.4
120000,54.800000000000004
120250,50.4
120500,85.2
120750,52.400000000000006
121000,75.2
121250,76.4
121500,51.6
121750,90.8
122000,95.6
122250,45.6
122500,6.0
122750,13.600000000000001
123000,23.599999999999998
123250,31.6
123500,64.8
123750,38.800000000000004
124000,69.6
124250,80.80000000000001
124500,91.60000000000001
124750,98.4
125000,61.6
125250,13.600000000000001
125500,8.0
125750,16.8
126000,26.0
126250,52.0
126500,57.99999999999999
126750,19.2
127000,21.6
127250,45.2
127500,49.2
127750,41.6
128000,18.0
128250,18.4
128500,74.0
128750,38.0
129000,64.0
129250,73.2
129500,5.2
129750,18.8
130000,24.4
130250,62.0
130500,23.599999999999998
130750,45.6
131000,32.0
131250,4.0
131500,52.800000000000004
131750,69.19999999999999
132000,42.8
132250,34.8
132500,24.0
132750,30.0
133000,14.399999999999999
133250,27.200000000000003
133500,83.2
133750,84.39999999999999
