250,41.199999999999996,0.0
500,88.4,0.0
750,100.0,0.0
1000,70.39999999999999,0.0
1250,100.0,0.0
1500,90.8,0.0
1750,6.4,0.0
2000,26.0,0.0
2250,17.599999999999998,0.0
2500,22.0,0.0
2750,4.3999999999999995,0.0
3000,8.799999999999999,0.0
3250,59.599999999999994,0.0
3500,45.2,0.0
3750,42.4,0.0
4000,14.399999999999999,0.0
4250,3.2,0.0
4500,33.2,0.0
4750,36.0,0.0
5000,32.800000000000004,0.0
5250,36.0,0.0
5500,36.4,0.0
5750,35.199999999999996,0.0
6000,38.4,0.0
6250,22.400000000000002,0.0
6500,18.4,0.0
6750,43.2,0.0
7000,7.6,0.0
7250,17.599999999999998,0.0
7500,20.0,0.0
7750,5.2,0.0
8000,4.8,0.0
8250,28.799999999999997,0.0
8500,24.8,0.0
8750,14.799999999999999,0.0
9000,41.6,0.0
9250,38.800000000000004,0.0
9500,28.4,0.0
9750,19.6,0.0
10000,21.6,0.0
10250,5.2,0.0
10500,16.8,0.0
10750,44.0,0.0
11000,39.2,0.0
11250,32.0,0.0
11500,33.6,0.0
11750,51.6,0.0
12000,50.0,0.0
12250,27.6,0.0
12500,34.4,0.0
12750,28.000000000000004,0.0
13000,41.6,0.0
13250,34.0,0.0
13500,37.2,0.0
13750,30.4,0.0
14000,52.800000000000004,0.0
14250,36.0,0.0
14500,41.199999999999996,0.0
14750,36.8,0.0
15000,46.400000000000006,0.0
15250,40.400000000000006,0.0
15500,26.0,0.0
15750,22.400000000000002,0.0
16000,51.6,0.0
16250,77.2,0.0
16500,81.6,0.0
16750,24.4,0.0
17000,16.0,0.0
17250,34.4,0.0
17500,54.400000000000006,0.0
17750,60.4,0.0
18000,65.2,0.0
18250,56.39999999999999,0.0
18500,27.6,0.0
18750,38.800000000000004,0.0
19000,36.4,0.0
19250,25.6,0.0
19500,36.0,0.0
19750,22.0,0.0
20000,35.199999999999996,0.0
20250,28.799999999999997,0.0
20500,27.200000000000003,0.0
20750,28.4,0.0
21000,51.6,0.0
21250,38.800000000000004,0.0
21500,52.0,0.0
21750,42.8,0.0
22000,32.4,0.0
22250,42.4,0.0
22500,34.0,0.0
22750,26.8,0.0
23000,33.6,0.0
23250,19.6,0.0
23500,30.8,0.0
23750,44.800000000000004,0.0
24000,28.000000000000004,0.0
24250,57.199999999999996,0.0
24500,53.2,0.0
24750,32.0,0.0
25000,39.6,0.0
25250,50.8,0.0
25500,18.0,0.0
25750,38.4,0.0
26000,40.8,0.0
26250,47.599999999999994,0.0
26500,62.4,0.0
26750,67.60000000000001,0.0
27000,55.2,0.0
27250,49.6,0.0
27500,36.0,0.0
27750,37.2,0.0
28000,64.4,0.0
28250,54.800000000000004,0.0
28500,72.8,0.0
28750,70.0,0.0
29000,56.39999999999999,0.0
29250,36.4,0.0
29500,21.6,0.0
29750,40.8,0.0
30000,29.2,0.0
30250,34.4,0.0
30500,38.800000000000004,0.0
30750,38.4,0.0
31000,45.2,0.0
31250,24.0,0.0
31500,43.6,0.0
31750,39.6,0.0
32000,35.6,0.0
32250,40.0,0.0
32500,32.4,0.0
32750,18.4,0.0
33000,18.8,0.0
33250,34.8,0.0
33500,41.199999999999996,0.0
33750,20.8,0.0
34000,32.0,0.0
34250,27.200000000000003,0.0
34500,67.2,0.0
34750,48.4,0.0
35000,25.6,0.0
35250,39.2,0.0
35500,31.2,0.0
35750,25.6,0.0
36000,20.4,0.0
36250,35.199999999999996,0.0
36500,49.6,0.0
36750,37.6,0.0
37000,37.6,0.0
37250,39.6,0.0
37500,36.0,0.0
37750,44.0,0.0
38000,19.2,0.0
38250,35.199999999999996,0.0
38500,31.6,0.0
38750,32.800000000000004,0.0
39000,28.799999999999997,0.0
39250,30.4,0.0
39500,42.8,0.0
39750,32.800000000000004,0.0
40000,59.199999999999996,0.0
40250,33.2,0.0
40500,34.4,0.0
40750,35.6,0.0
41000,14.000000000000002,0.0
41250,53.6,0.0
41500,80.0,0.0
41750,60.8,0.0
42000,58.8,0.0
42250,15.6,0.0
42500,28.799999999999997,0.0
42750,35.199999999999996,0.0
43000,64.8,0.0
43250,69.6,0.0
43500,88.8,0.0
43750,91.60000000000001,0.0
44000,56.39999999999999,0.0
44250,64.8,0.0
44500,77.60000000000001,0.0
44750,35.199999999999996,0.0
45000,58.8,0.0
45250,56.00000000000001,0.0
45500,43.2,0.0
45750,63.2,0.0
46000,54.400000000000006,0.0
46250,32.0,0.0
46500,11.200000000000001,0.0
46750,40.8,0.0
47000,58.4,0.0
47250,37.6,0.0
47500,35.199999999999996,0.0
47750,43.6,0.0
48000,65.2,0.0
48250,92.0,0.0
48500,97.6,0.0
48750,96.8,0.0
49000,97.6,0.0
49250,98.4,0.0
49500,88.0,0.0
49750,93.60000000000001,0.0
50000,96.0,0.0
50250,84.0,0.0
50500,36.0,0.0
50750,17.599999999999998,0.0
51000,17.2,0.0
51250,60.4,0.0
51500,59.199999999999996,0.0
51750,85.2,0.0
52000,96.8,0.0
52250,92.80000000000001,0.0
52500,93.60000000000001,0.0
52750,96.8,0.0
53000,97.6,0.0
53250,96.0,0.0
53500,95.19999999999999,0.0
53750,97.6,0.0
54000,58.8,0.0
54250,49.6,0.0
54500,55.2,0.0
54750,44.0,0.0
55000,62.0,0.0
55250,61.199999999999996,0.0
55500,62.8,0.0
55750,74.4,0.0
56000,51.6,0.0
56250,52.800000000000004,0.0
56500,56.39999999999999,0.0
56750,69.6,0.0
57000,93.60000000000001,0.0
57250,96.8,0.0
57500,85.6,0.0
57750,54.800000000000004,0.0
58000,51.2,0.0
58250,67.2,0.0
58500,77.60000000000001,0.0
58750,36.0,0.0
59000,56.39999999999999,0.0
59250,76.8,0.0
59500,81.2,0.0
59750,32.0,0.0
60000,30.8,0.0
60250,74.0,0.0
60500,88.4,0.0
60750,30.0,0.0
61000,54.800000000000004,0.0
61250,66.8,0.0
61500,34.0,0.0
61750,21.6,0.0
62000,35.199999999999996,0.0
62250,20.0,0.0
62500,20.8,0.0
62750,62.0,0.0
63000,50.4,0.0
63250,39.6,0.0
63500,37.2,0.0
63750,29.2,0.0
64000,33.2,0.0
64250,57.199999999999996,0.0
64500,84.0,0.0
64750,93.60000000000001,0.0
65000,59.599999999999994,0.0
65250,70.0,0.0
65500,86.4,0.0
65750,42.4,0.0
66000,53.6,0.0
66250,77.2,0.0
66500,86.8,0.0
66750,32.0,0.0
67000,68.4,0.0
67250,86.8,0.0
67500,44.0,0.0
67750,52.800000000000004,0.0
68000,63.2,0.0
68250,44.4,0.0
68500,52.400000000000006,0.0
68750,83.6,0.0
69000,48.4,0.0
69250,42.4,0.0
69500,47.599999999999994,0.0
69750,81.6,0.0
70000,81.6,0.0
70250,63.6,0.0
70500,41.199999999999996,0.0
70750,49.2,0.0
71000,48.8,0.0
71250,46.800000000000004,0.0
71500,66.8,0.0
71750,96.0,0.0
72000,59.599999999999994,0.0
72250,59.599999999999994,0.0
72500,78.4,0.0
72750,39.6,0.0
73000,49.6,0.0
73250,57.99999999999999,0.0
73500,76.4,0.0
73750,90.0,0.0
74000,89.60000000000001,0.0
74250,83.6,0.0
74500,97.2,0.0
74750,94.8,0.0
75000,94.8,0.0
75250,93.60000000000001,0.0
75500,67.60000000000001,0.0
75750,38.800000000000004,0.0
76000,48.0,0.0
76250,51.6,0.0
76500,54.800000000000004,0.0
76750,71.2,0.0
77000,74.0,0.0
77250,78.0,0.0
77500,75.2,0.0
77750,82.39999999999999,0.0
78000,65.2,0.0
78250,55.2,0.0
78500,64.4,0.0
78750,81.2,0.0
79000,20.8,0.0
79250,18.0,0.0
79500,37.2,0.0
79750,40.8,0.0
80000,32.800000000000004,0.0
80250,46.400000000000006,0.0
80500,23.599999999999998,0.0
80750,14.799999999999999,0.0
81000,29.599999999999998,0.0
81250,34.0,0.0
81500,35.6,0.0
81750,28.4,0.0
82000,53.6,0.0
82250,49.6,0.0
82500,29.599999999999998,0.0
82750,30.4,0.0
83000,40.8,0.0
83250,34.8,0.0
83500,45.6,0.0
83750,35.199999999999996,0.0
84000,28.799999999999997,0.0
84250,28.000000000000004,0.0
84500,17.599999999999998,0.0
84750,28.799999999999997,0.0
85000,38.800000000000004,0.0
85250,47.599999999999994,0.0
85500,18.8,0.0
85750,46.0,0.0
86000,61.6,0.0
86250,48.0,0.0
86500,28.799999999999997,0.0
86750,34.0,0.0
87000,60.0,0.0
87250,52.0,0.0
87500,57.599999999999994,0.0
87750,25.2,0.0
88000,27.200000000000003,0.0
88250,24.0,0.0
88500,21.6,0.0
88750,36.0,0.0
89000,30.4,0.0
89250,33.2,0.0
89500,38.4,0.0
89750,32.4,0.0
90000,45.2,0.0
90250,46.800000000000004,0.0
90500,36.8,0.0
90750,20.4,0.0
91000,19.2,0.0
91250,18.4,0.0
91500,16.0,0.0
91750,17.599999999999998,0.0
92000,30.4,0.0
92250,24.0,0.0
92500,27.6,0.0
92750,40.8,0.0
93000,20.4,0.0
93250,32.0,0.0
93500,15.2,0.0
93750,61.199999999999996,0.0
94000,56.8,0.0
94250,42.0,0.0
94500,39.2,0.0
94750,27.200000000000003,0.0
95000,45.2,0.0
95250,40.400000000000006,0.0
95500,40.8,0.0
95750,20.0,0.0
96000,23.200000000000003,0.0
96250,21.6,0.0
96500,21.2,0.0
96750,36.0,0.0
97000,38.4,0.0
97250,41.6,0.0
97500,42.0,0.0
97750,38.0,0.0
98000,36.4,0.0
98250,30.0,0.0
98500,36.8,0.0
98750,36.8,0.0
99000,31.2,0.0
99250,26.8,0.0
99500,21.6,0.0
99750,38.4,0.0
100000,46.400000000000006,0.0
100250,32.0,0.0
100500,34.4,0.0
100750,47.199999999999996,0.0
101000,28.000000000000004,0.0
101250,25.2,0.0
101500,32.0,0.0
101750,31.6,0.0
102000,34.8,0.0
102250,31.6,0.0
102500,30.4,0.0
102750,48.0,0.0
103000,49.2,0.0
103250,24.0,0.0
103500,40.0,0.0
103750,31.2,0.0
104000,18.4,0.0
104250,21.6,0.0
104500,16.400000000000002,0.0
104750,34.4,0.0
105000,34.4,0.0
105250,10.0,0.0
105500,26.0,0.0
105750,36.4,0.0
106000,29.2,0.0
106250,17.2,0.0
106500,43.6,0.0
106750,48.8,0.0
107000,39.6,0.0
107250,48.0,0.0
107500,47.599999999999994,0.0
107750,53.6,0.0
108000,31.6,0.0
108250,25.2,0.0
108500,48.4,0.0
108750,80.4,0.0
109000,67.60000000000001,0.0
109250,59.599999999999994,0.0
109500,24.0,0.0
109750,28.000000000000004,0.0
110000,32.800000000000004,0.0
110250,54.800000000000004,0.0
110500,60.0,0.0
110750,68.0,0.0
111000,59.199999999999996,0.0
111250,50.4,0.0
111500,60.8,0.0
111750,83.6,0.0
112000,58.8,0.0
112250,50.8,0.0
112500,76.0,0.0
112750,45.2,0.0
113000,63.6,0.0
113250,51.6,0.0
113500,41.199999999999996,0.0
113750,57.99999999999999,0.0
114000,49.6,0.0
114250,34.8,0.0
114500,38.0,0.0
114750,48.4,0.0
115000,26.400000000000002,0.0
115250,35.6,0.0
115500,33.6,0.0
115750,39.6,0.0
116000,31.2,0.0
116250,18.8,0.0
116500,21.2,0.0
116750,29.2,0.0
117000,25.6,0.0
117250,70.8,0.0
117500,90.0,0.0
117750,59.599999999999994,0.0
118000,40.8,0.0
118250,46.400000000000006,0.0
118500,83.2,0.0
118750,82.8,0.0
119000,67.2,0.0
119250,52.400000000000006,0.0
119500,37.2,0.0
119750,35.199999999999996,0.0
120000,29.2,0.0
120250,31.6,0.0
120500,54.400000000000006,0.0
120750,41.6,0.0
121000,45.6,0.0
121250,62.8,0.0
121500,44.0,0.0
121750,56.8,0.0
122000,65.60000000000001,0.0
122250,32.0,0.0
122500,26.8,0.0
122750,12.0,0.0
123000,8.4,0.0
123250,20.4,0.0
123500,39.6,0.0
123750,22.0,0.0
124000,30.8,0.0
124250,50.0,0.0
124500,61.199999999999996,0.0
124750,86.4,0.0
125000,42.8,0.0
125250,24.0,0.0
125500,16.8,0.0
125750,19.2,0.0
126000,21.6,0.0
126250,36.0,0.0
126500,40.8,0.0
126750,22.0,0.0
127000,13.200000000000001,0.0
127250,35.199999999999996,0.0
127500,33.2,0.0
127750,35.199999999999996,0.0
128000,21.6,0.0
128250,26.8,0.0
128500,72.0,0.0
128750,36.0,0.0
129000,47.599999999999994,0.0
129250,72.39999999999999,0.0
129500,7.6,0.0
129750,17.599999999999998,0.0
130000,16.0,0.0
130250,51.2,0.0
130500,12.4,0.0
130750,40.8,0.0
131000,17.599999999999998,0.0
131250,7.199999999999999,0.0
131500,53.2,0.0
131750,39.2,0.0
132000,38.4,0.0
132250,14.399999999999999,0.0
132500,7.199999999999999,0.0
132750,20.0,0.0
133000,5.6000000000000005,0.0
133250,28.799999999999997,0.0
133500,83.2,0.0
133750,83.6,0.0
