250,41.199999999999996,0.0
500,88.4,0.0
750,100.0,0.0
1000,80.4,0.0
1250,100.0,0.0
1500,91.60000000000001,0.0
1750,18.0,0.0
2000,43.6,0.0
2250,92.80000000000001,0.0
2500,48.4,0.0
2750,30.4,0.0
3000,19.6,0.0
3250,64.0,0.0
3500,53.2,0.0
3750,52.0,0.0
4000,16.0,0.0
4250,4.0,0.0
4500,46.400000000000006,0.0
4750,74.8,0.0
5000,93.60000000000001,0.0
5250,71.6,0.0
5500,46.800000000000004,0.0
5750,54.400000000000006,0.0
6000,72.8,0.0
6250,41.6,0.0
6500,30.4,0.0
6750,73.6,0.0
7000,26.8,0.0
7250,34.4,0.0
7500,49.6,0.0
7750,11.600000000000001,0.0
8000,62.0,0.0
8250,83.2,0.0
8500,74.4,0.0
8750,89.2,0.0
9000,92.4,0.0
9250,68.8,0.0
9500,56.00000000000001,0.0
9750,76.8,0.0
10000,59.599999999999994,0.0
10250,32.0,0.0
10500,59.599999999999994,0.0
10750,74.4,0.0
11000,74.8,0.0
11250,72.39999999999999,0.0
11500,85.6,0.0
11750,80.4,0.0
12000,89.60000000000001,0.0
12250,68.0,0.0
12500,60.0,0.0
12750,93.60000000000001,0.0
13000,89.60000000000001,0.0
13250,96.8,0.0
13500,84.39999999999999,0.0
13750,86.4,0.0
14000,98.4,0.0
14250,97.6,0.0
14500,92.0,0.0
14750,98.4,0.0
15000,92.0,0.0
15250,96.0,0.0
15500,72.8,0.0
15750,80.4,0.0
16000,84.0,0.0
16250,82.8,0.0
16500,92.0,0.0
16750,86.0,0.0
17000,71.2,0.0
17250,58.4,0.0
17500,94.8,0.0
17750,95.19999999999999,0.0
18000,84.8,0.0
18250,74.4,0.0
18500,96.39999999999999,0.0
18750,94.39999999999999,0.0
19000,75.6,0.0
19250,70.39999999999999,0.0
19500,76.8,0.0
19750,51.6,0.0
20000,91.60000000000001,0.0
20250,81.6,0.0
20500,81.2,0.0
20750,96.0,0.0
21000,99.2,0.0
21250,98.4,0.0
21500,96.8,0.0
21750,100.0,0.0
22000,94.39999999999999,0.0
22250,96.0,0.0
22500,89.60000000000001,0.0
22750,77.2,0.0
23000,76.0,0.0
23250,80.0,0.0
23500,76.8,0.0
23750,72.8,0.0
24000,88.8,0.0
24250,96.8,0.0
24500,84.0,0.0
24750,84.0,0.0
25000,92.4,0.0
25250,72.8,0.0
25500,27.200000000000003,0.0
25750,80.80000000000001,0.0
26000,57.599999999999994,0.0
26250,80.4,0.0
26500,97.2,0.0
26750,96.39999999999999,0.0
27000,86.0,0.0
27250,95.19999999999999,0.0
27500,60.0,0.0
27750,93.60000000000001,0.0
28000,95.19999999999999,0.0
28250,90.4,0.0
28500,95.19999999999999,0.0
28750,97.6,0.0
29000,84.0,0.0
29250,82.39999999999999,0.0
29500,62.4,0.0
29750,63.6,0.0
30000,79.2,0.0
30250,61.6,0.0
30500,85.2,0.0
30750,88.8,0.0
31000,76.0,0.0
31250,94.0,0.0
31500,84.39999999999999,0.0
31750,97.6,0.0
32000,86.0,0.0
32250,98.8,0.0
32500,71.2,0.0
32750,77.2,0.0
33000,94.8,0.0
33250,100.0,0.0
33500,90.8,0.0
33750,58.8,0.0
34000,88.0,0.0
34250,92.0,0.0
34500,97.6,0.0
34750,95.6,0.0
35000,92.80000000000001,0.0
35250,64.8,0.0
35500,89.2,0.0
35750,83.2,0.0
36000,86.0,0.0
36250,100.0,0.0
36500,98.4,0.0
36750,99.2,0.0
37000,80.80000000000001,0.0
37250,97.6,0.0
37500,99.2,0.0
37750,90.4,0.0
38000,92.80000000000001,0.0
38250,96.39999999999999,0.0
38500,97.2,0.0
38750,71.6,0.0
39000,87.2,0.0
39250,66.8,0.0
39500,94.39999999999999,0.0
39750,96.0,0.0
40000,73.2,0.0
40250,85.2,0.0
40500,85.6,0.0
40750,96.0,0.0
41000,49.6,0.0
41250,88.0,0.0
41500,80.0,0.0
41750,97.6,0.0
42000,96.0,0.0
42250,95.6,0.0
42500,80.0,0.0
42750,95.6,0.0
43000,95.19999999999999,0.0
43250,94.39999999999999,0.0
43500,92.80000000000001,0.0
43750,96.0,0.0
44000,69.6,0.0
44250,72.0,0.0
44500,99.2,0.0
44750,84.0,0.0
45000,91.2,0.0
45250,76.8,0.0
45500,97.6,0.0
45750,100.0,0.0
46000,98.4,0.0
46250,58.8,0.0
46500,62.8,0.0
46750,84.0,0.0
47000,81.6,0.0
47250,88.8,0.0
47500,97.6,0.0
47750,97.6,0.0
48000,100.0,0.0
48250,99.2,0.0
48500,100.0,0.0
48750,100.0,0.0
49000,99.2,0.0
49250,99.2,0.0
49500,98.4,0.0
49750,99.2,0.0
50000,100.0,0.0
50250,100.0,0.0
50500,77.2,0.0
50750,90.4,0.0
51000,95.19999999999999,0.0
51250,100.0,0.0
51500,99.2,0.0
51750,99.2,0.0
52000,99.2,0.0
52250,98.4,0.0
52500,100.0,0.0
52750,100.0,0.0
53000,99.2,0.0
53250,100.0,0.0
53500,100.0,0.0
53750,100.0,0.0
54000,98.4,0.0
54250,100.0,0.0
54500,96.0,0.0
54750,99.6,0.0
55000,100.0,0.0
55250,90.0,0.0
55500,85.2,0.0
55750,91.2,0.0
56000,99.2,0.0
56250,100.0,0.0
56500,99.2,0.0
56750,100.0,0.0
57000,100.0,0.0
57250,100.0,0.0
57500,100.0,0.0
57750,100.0,0.0
58000,98.0,0.0
58250,100.0,0.0
58500,100.0,0.0
58750,97.6,0.0
59000,100.0,0.0
59250,100.0,0.0
59500,100.0,0.0
59750,100.0,0.0
60000,96.8,0.0
60250,100.0,0.0
60500,100.0,0.0
60750,100.0,0.0
61000,100.0,0.0
61250,98.0,0.0
61500,90.0,0.0
61750,65.2,0.0
62000,74.8,0.0
62250,84.0,0.0
62500,97.6,0.0
62750,100.0,0.0
63000,95.19999999999999,0.0
63250,92.80000000000001,0.0
63500,86.8,0.0
63750,84.8,0.0
64000,100.0,0.0
64250,98.4,0.0
64500,99.2,0.0
64750,100.0,0.0
65000,98.4,0.0
65250,100.0,0.0
65500,100.0,0.0
65750,100.0,0.0
66000,100.0,0.0
66250,100.0,0.0
66500,99.2,0.0
66750,100.0,0.0
67000,100.0,0.0
67250,100.0,0.0
67500,100.0,0.0
67750,98.4,0.0
68000,98.4,0.0
68250,100.0,0.0
68500,100.0,0.0
68750,100.0,0.0
69000,100.0,0.0
69250,95.19999999999999,0.0
69500,81.6,0.0
69750,93.60000000000001,0.0
70000,92.80000000000001,0.0
70250,99.2,0.0
70500,81.6,0.0
70750,92.4,0.0
71000,94.39999999999999,0.0
71250,99.2,0.0
71500,97.6,0.0
71750,100.0,0.0
72000,86.4,0.0
72250,95.19999999999999,0.0
72500,100.0,0.0
72750,96.0,0.0
73000,98.4,0.0
73250,100.0,0.0
73500,100.0,0.0
73750,100.0,0.0
74000,100.0,0.0
74250,100.0,0.0
74500,100.0,0.0
74750,100.0,0.0
75000,99.2,0.0
75250,100.0,0.0
75500,79.60000000000001,0.0
75750,78.0,0.0
76000,81.6,0.0
76250,100.0,0.0
76500,82.39999999999999,0.0
76750,99.2,0.0
77000,98.8,0.0
77250,100.0,0.0
77500,98.8,0.0
77750,100.0,0.0
78000,85.6,0.0
78250,98.4,0.0
78500,100.0,0.0
78750,100.0,0.0
79000,78.0,0.0
79250,68.0,0.0
79500,62.4,0.0
79750,70.8,0.0
80000,54.800000000000004,0.0
80250,84.8,0.0
80500,65.60000000000001,0.0
80750,69.19999999999999,0.0
81000,92.0,0.0
81250,82.39999999999999,0.0
81500,84.0,0.0
81750,83.2,0.0
82000,96.8,0.0
82250,97.6,0.0
82500,92.80000000000001,0.0
82750,92.0,0.0
83000,94.39999999999999,0.0
83250,74.8,0.0
83500,92.80000000000001,0.0
83750,73.6,0.0
84000,93.60000000000001,0.0
84250,89.60000000000001,0.0
84500,76.4,0.0
84750,96.0,0.0
85000,98.4,0.0
85250,91.2,0.0
85500,85.6,0.0
85750,93.60000000000001,0.0
86000,92.0,0.0
86250,88.0,0.0
86500,90.4,0.0
86750,97.6,0.0
87000,97.6,0.0
87250,94.39999999999999,0.0
87500,94.39999999999999,0.0
87750,92.0,0.0
88000,96.0,0.0
88250,84.39999999999999,0.0
88500,76.4,0.0
88750,70.8,0.0
89000,76.8,0.0
89250,62.8,0.0
89500,92.80000000000001,0.0
89750,86.4,0.0
90000,89.2,0.0
90250,82.0,0.0
90500,67.60000000000001,0.0
90750,61.6,0.0
91000,88.0,0.0
91250,85.6,0.0
91500,60.0,0.0
91750,86.4,0.0
92000,92.80000000000001,0.0
92250,76.0,0.0
92500,87.6,0.0
92750,92.80000000000001,0.0
93000,78.4,0.0
93250,69.19999999999999,0.0
93500,81.2,0.0
93750,99.2,0.0
94000,90.0,0.0
94250,80.0,0.0
94500,83.2,0.0
94750,95.19999999999999,0.0
95000,90.4,0.0
95250,99.2,0.0
95500,88.0,0.0
95750,90.4,0.0
96000,96.8,0.0
96250,92.0,0.0
96500,96.8,0.0
96750,94.39999999999999,0.0
97000,77.2,0.0
97250,93.2,0.0
97500,97.6,0.0
97750,99.2,0.0
98000,80.80000000000001,0.0
98250,88.0,0.0
98500,95.19999999999999,0.0
98750,89.60000000000001,0.0
99000,92.80000000000001,0.0
99250,98.4,0.0
99500,87.2,0.0
99750,86.4,0.0
100000,89.60000000000001,0.0
100250,96.0,0.0
100500,88.0,0.0
100750,99.2,0.0
101000,91.2,0.0
101250,87.2,0.0
101500,98.4,0.0
101750,98.4,0.0
102000,99.2,0.0
102250,97.6,0.0
102500,100.0,0.0
102750,99.2,0.0
103000,100.0,0.0
103250,80.4,0.0
103500,89.60000000000001,0.0
103750,91.2,0.0
104000,76.8,0.0
104250,78.4,0.0
104500,74.4,0.0
104750,82.0,0.0
105000,99.2,0.0
105250,50.4,0.0
105500,68.4,0.0
105750,99.2,0.0
106000,97.6,0.0
106250,53.6,0.0
106500,79.60000000000001,0.0
106750,85.6,0.0
107000,69.6,0.0
107250,93.60000000000001,0.0
107500,96.0,0.0
107750,92.0,0.0
108000,72.8,0.0
108250,84.8,0.0
108500,85.2,0.0
108750,86.4,0.0
109000,100.0,0.0
109250,96.0,0.0
109500,82.39999999999999,0.0
109750,96.8,0.0
110000,89.60000000000001,0.0
110250,76.8,0.0
110500,87.2,0.0
110750,95.19999999999999,0.0
111000,84.8,0.0
111250,88.0,0.0
111500,96.8,0.0
111750,99.2,0.0
112000,99.2,0.0
112250,99.2,0.0
112500,98.4,0.0
112750,92.0,0.0
113000,97.2,0.0
113250,89.60000000000001,0.0
113500,92.4,0.0
113750,98.4,0.0
114000,93.60000000000001,0.0
114250,88.8,0.0
114500,92.0,0.0
114750,100.0,0.0
115000,81.6,0.0
115250,99.2,0.0
115500,92.0,0.0
115750,78.8,0.0
116000,78.4,0.0
116250,80.4,0.0
116500,88.4,0.0
116750,80.80000000000001,0.0
117000,92.0,0.0
117250,97.6,0.0
117500,100.0,0.0
117750,97.6,0.0
118000,100.0,0.0
118250,96.8,0.0
118500,100.0,0.0
118750,95.19999999999999,0.0
119000,99.6,0.0
119250,94.8,0.0
119500,94.39999999999999,0.0
119750,98.8,0.0
120000,89.60000000000001,0.0
120250,93.2,0.0
120500,96.39999999999999,0.0
120750,100.0,0.0
121000,93.60000000000001,0.0
121250,78.0,0.0
121500,76.4,0.0
121750,96.39999999999999,0.0
122000,100.0,0.0
122250,57.99999999999999,0.0
122500,36.4,0.0
122750,40.0,0.0
123000,81.6,0.0
123250,90.8,0.0
123500,94.8,0.0
123750,97.6,0.0
124000,99.2,0.0
124250,94.8,0.0
124500,94.8,0.0
124750,100.0,0.0
125000,71.2,0.0
125250,30.0,0.0
125500,38.0,0.0
125750,62.4,0.0
126000,74.8,0.0
126250,64.4,0.0
126500,70.39999999999999,0.0
126750,39.2,0.0
127000,38.800000000000004,0.0
127250,76.4,0.0
127500,63.6,0.0
127750,59.199999999999996,0.0
128000,78.4,0.0
128250,63.2,0.0
128500,81.6,0.0
128750,41.6,0.0
129000,48.8,0.0
129250,72.8,0.0
129500,10.4,0.0
129750,24.0,0.0
130000,21.6,0.0
130250,55.2,0.0
130500,19.6,0.0
130750,49.2,0.0
131000,25.6,0.0
131250,32.4,0.0
131500,70.39999999999999,0.0
131750,68.8,0.0
132000,87.6,0.0
132250,49.6,0.0
132500,44.0,0.0
132750,72.0,0.0
133000,53.2,0.0
133250,42.0,0.0
133500,86.8,0.0
133750,84.8,0.0
