250,30.4
500,62.0
750,64.4
1000,42.0
1250,56.39999999999999
1500,77.60000000000001
1750,58.4
2000,54.0
2250,60.4
2500,62.4
2750,57.599999999999994
3000,54.0
3250,54.800000000000004
3500,54.400000000000006
3750,57.99999999999999
4000,56.8
4250,71.2
4500,50.4
4750,57.199999999999996
5000,27.200000000000003
5250,56.39999999999999
5500,51.2
5750,54.0
6000,57.99999999999999
6250,44.800000000000004
6500,48.0
6750,32.0
7000,42.8
7250,66.4
7500,48.0
7750,71.2
8000,57.99999999999999
8250,65.2
8500,56.00000000000001
8750,54.800000000000004
9000,62.0
