250,46.800000000000004
500,88.0
750,78.8
1000,67.60000000000001
1250,84.0
1500,88.0
1750,74.0
2000,74.8
2250,79.60000000000001
2500,76.4
2750,75.6
3000,72.39999999999999
3250,77.60000000000001
3500,77.60000000000001
3750,76.0
4000,74.4
4250,83.6
4500,65.60000000000001
4750,80.0
5000,38.4
5250,77.60000000000001
5500,64.8
5750,62.8
6000,72.39999999999999
6250,57.599999999999994
6500,57.599999999999994
6750,50.4
7000,52.0
7250,76.8
7500,73.2
7750,86.0
8000,79.2
8250,85.6
8500,68.8
8750,83.6
9000,90.4
