20,99.38101027965072,0.6189897203492871
35,99.13783574665635,0.8621642533436499
50,90.73726097048745,9.262739029512545
80,55.764341770752736,44.235658229247264
100,30.28628274566155,69.71371725433846
200,17.840168011495525,82.15983198850448
300,16.51376146788991,83.4862385321101
400,15.59633027522936,84.40366972477065
500,15.220515087874434,84.77948491212557
600,14.170443240853322,85.82955675914667
700,14.015695810766,85.984304189234
800,13.739361114181497,86.26063888581851
900,13.728307726318118,86.2716922736819
