250,52.800000000000004
500,90.4
750,84.8
1000,92.80000000000001
1250,96.0
1500,95.19999999999999
1750,95.19999999999999
2000,94.0
2250,91.60000000000001
2500,88.8
2750,84.8
3000,81.2
3250,84.0
3500,87.2
3750,88.0
4000,83.6
4250,87.6
4500,79.2
4750,83.6
5000,48.4
5250,82.0
5500,73.6
5750,73.2
6000,79.2
6250,73.6
6500,71.2
6750,59.599999999999994
7000,64.8
7250,92.80000000000001
7500,91.60000000000001
7750,92.0
8000,96.0
8250,95.19999999999999
8500,89.60000000000001
8750,86.0
9000,92.80000000000001
