250,52.800000000000004
500,90.4
750,84.8
1000,92.80000000000001
1250,96.0
1500,95.19999999999999
1750,95.19999999999999
2000,94.0
2250,91.60000000000001
2500,88.8
2750,84.8
3000,81.2
3250,84.0
3500,87.2
3750,89.60000000000001
4000,85.2
4250,88.4
4500,79.2
4750,83.6
5000,57.599999999999994
5250,82.39999999999999
5500,74.0
5750,76.0
6000,80.0
6250,73.6
6500,71.2
6750,62.0
7000,73.6
7250,93.2
7500,95.19999999999999
7750,92.0
8000,96.0
8250,95.19999999999999
8500,90.0
8750,86.0
9000,92.80000000000001
