50,22.0,0.0
100,0.0,0.0
150,74.0,0.0
200,76.0,0.0
250,92.0,0.0
300,98.0,0.0
350,90.0,0.0
400,94.0,0.0
450,72.0,0.0
500,98.0,0.0
550,96.0,0.0
600,72.0,0.0
650,80.0,0.0
700,92.0,0.0
750,84.0,0.0
800,90.0,0.0
850,96.0,0.0
900,86.0,0.0
950,100.0,0.0
1000,92.0,0.0
1050,100.0,0.0
1100,96.0,0.0
1150,94.0,0.0
1200,100.0,0.0
1250,90.0,0.0
1300,94.0,0.0
1350,94.0,0.0
1400,96.0,0.0
1450,96.0,0.0
1500,96.0,0.0
1550,98.0,0.0
1600,94.0,0.0
1650,92.0,0.0
1700,96.0,0.0
1750,96.0,0.0
1800,84.0,0.0
1850,100.0,0.0
1900,98.0,0.0
1950,94.0,0.0
2000,94.0,0.0
2050,96.0,0.0
2100,98.0,0.0
2150,100.0,0.0
2200,84.0,0.0
2250,80.0,0.0
2300,88.0,0.0
2350,80.0,0.0
2400,98.0,0.0
2450,88.0,0.0
2500,90.0,0.0
2550,80.0,0.0
2600,98.0,0.0
2650,72.0,0.0
2700,88.0,0.0
2750,86.0,0.0
2800,48.0,0.0
2850,100.0,0.0
2900,86.0,0.0
2950,72.0,0.0
3000,100.0,0.0
3050,76.0,0.0
3100,92.0,0.0
3150,72.0,0.0
3200,90.0,0.0
3250,90.0,0.0
3300,80.0,0.0
3350,92.0,0.0
3400,86.0,0.0
3450,88.0,0.0
3500,90.0,0.0
3550,76.0,0.0
3600,98.0,0.0
3650,84.0,0.0
3700,96.0,0.0
3750,94.0,0.0
3800,86.0,0.0
3850,86.0,0.0
3900,96.0,0.0
3950,76.0,0.0
4000,82.0,0.0
4050,92.0,0.0
4100,86.0,0.0
4150,94.0,0.0
4200,86.0,0.0
4250,84.0,0.0
4300,100.0,0.0
4350,80.0,0.0
4400,88.0,0.0
4450,78.0,0.0
4500,70.0,0.0
4550,88.0,0.0
4600,78.0,12.947189097103918
4650,98.0,13.60544217687075
4700,84.0,10.570469798657719
4750,80.0,2.6402640264026402
4800,0.0,10.060975609756099
4850,100.0,17.682926829268293
4900,70.0,24.739195230998508
4950,64.0,20.754716981132077
5000,100.0,54.28156748911466
5050,70.0,53.058321479374115
5100,86.0,53.24858757062147
5150,94.0,10.0
5200,88.0,10.05586592178771
5250,82.0,51.79558011049724
5300,98.0,51.724137931034484
5350,82.0,8.85558583106267
5400,46.0,49.60526315789473
5450,72.0,12.015503875968992
5500,78.0,14.303959131545337
5550,38.0,15.233415233415235
5600,92.0,10.17156862745098
5650,88.0,42.579075425790755
5700,82.0,42.21954161640531
5750,80.0,41.816009557945044
5800,96.0,8.124253285543608
5850,74.0,41.17647058823529
5900,64.0,10.368663594470046
5950,88.0,9.038901601830664
6000,86.0,5.902383654937571
6050,76.0,40.42553191489361
6100,96.0,8.603351955307263
6150,74.0,2.973568281938326
6200,100.0,8.480176211453745
6250,66.0,9.269356597600872
6300,96.0,9.180327868852459
6350,66.0,9.44206008583691
6400,80.0,11.713665943600867
6450,66.0,11.375947995666305
6500,92.0,40.15233949945593
6550,88.0,8.775731310942579
6600,96.0,0.43431053203040176
6650,12.0,5.595854922279793
6700,100.0,10.754912099276112
6750,80.0,15.289256198347106
6800,6.0,43.94088669950739
6850,82.0,12.121212121212121
6900,90.0,0.6862745098039216
6950,98.0,5.582761998041136
7000,96.0,4.203323558162268
7050,96.0,5.365853658536586
7100,96.0,5.744888023369036
7150,98.0,4.47906523855891
7200,94.0,4.466019417475728
7250,92.0,7.0599613152804634
7300,100.0,7.35009671179884
7350,96.0,38.09064609450338
7400,98.0,8.261287223823247
7450,98.0,38.1957773512476
7500,96.0,38.122605363984675
7550,94.0,5.454545454545454
7600,92.0,5.338417540514776
7650,96.0,38.19047619047619
7700,100.0,38.22688274547188
7750,82.0,7.750472589792061
7800,100.0,8.412098298676748
7850,96.0,0.2830188679245283
7900,98.0,4.618284637134779
7950,92.0,6.197183098591549
8000,94.0,37.265917602996254
8050,96.0,4.766355140186916
8100,100.0,37.19626168224299
8150,92.0,37.150837988826815
8200,100.0,5.121042830540038
8250,90.0,5.653382761816497
8300,96.0,12.950971322849213
8350,80.0,5.774518790100825
8400,100.0,7.889908256880735
8450,76.0,35.66243194192377
8500,100.0,35.72727272727273
8550,78.0,35.103510351035105
8600,90.0,8.691756272401435
8650,86.0,8.281389136242208
8700,76.0,9.251101321585903
8750,100.0,32.863436123348016
8800,76.0,8.108108108108109
8850,100.0,8.108108108108109
8900,94.0,7.304347826086957
8950,98.0,32.40660295395308
9000,96.0,32.35039028620989
