50,22.0,0.0
100,0.0,0.0
150,74.0,0.0
200,76.0,0.0
250,92.0,0.0
300,98.0,0.0
350,90.0,0.0
400,94.0,0.0
450,72.0,0.0
500,98.0,0.0
550,96.0,0.0
600,72.0,0.0
650,80.0,0.0
700,92.0,0.0
750,84.0,0.0
800,90.0,0.0
850,96.0,0.0
900,86.0,0.0
950,100.0,0.0
1000,92.0,0.0
1050,100.0,0.0
1100,96.0,0.0
1150,94.0,0.0
1200,100.0,0.0
1250,90.0,0.0
1300,94.0,0.0
1350,94.0,0.0
1400,96.0,0.0
1450,96.0,0.0
1500,96.0,0.0
1550,98.0,0.0
1600,94.0,0.0
1650,92.0,0.0
1700,96.0,0.0
1750,96.0,0.0
1800,84.0,0.0
1850,100.0,0.0
1900,98.0,0.0
1950,94.0,0.0
2000,94.0,0.0
2050,96.0,0.0
2100,98.0,0.0
2150,100.0,0.0
2200,84.0,0.0
2250,80.0,0.0
2300,88.0,0.0
2350,80.0,0.0
2400,98.0,0.0
2450,88.0,0.0
2500,90.0,0.0
2550,80.0,0.0
2600,98.0,0.0
2650,72.0,0.0
2700,88.0,0.0
2750,86.0,0.0
2800,48.0,0.0
2850,100.0,0.0
2900,86.0,0.0
2950,72.0,0.0
3000,100.0,0.0
3050,76.0,0.0
3100,92.0,0.0
3150,72.0,0.0
3200,90.0,0.0
3250,90.0,0.0
3300,80.0,0.0
3350,92.0,0.0
3400,86.0,0.0
3450,88.0,0.0
3500,90.0,0.0
3550,76.0,0.0
3600,98.0,0.0
3650,84.0,0.0
3700,96.0,0.0
3750,94.0,0.0
3800,86.0,0.0
3850,86.0,0.0
3900,96.0,0.0
3950,76.0,0.0
4000,82.0,0.0
4050,92.0,0.0
4100,86.0,0.0
4150,94.0,0.0
4200,86.0,0.0
4250,84.0,0.0
4300,100.0,0.0
4350,80.0,0.0
4400,88.0,0.0
4450,78.0,0.0
4500,70.0,0.0
4550,88.0,0.0
4600,78.0,0.0
4650,98.0,0.0
4700,84.0,0.0
4750,80.0,0.0
4800,0.0,0.0
4850,100.0,0.0
4900,70.0,0.0
4950,64.0,0.0
5000,100.0,0.0
5050,70.0,0.0
5100,86.0,0.0
5150,94.0,0.0
5200,88.0,0.0
5250,82.0,0.0
5300,98.0,0.0
5350,82.0,0.0
5400,48.0,0.0
5450,72.0,0.0
5500,80.0,0.0
5550,38.0,0.0
5600,94.0,0.0
5650,88.0,0.0
5700,82.0,0.0
5750,82.0,0.0
5800,98.0,0.0
5850,74.0,0.0
5900,64.0,0.0
5950,88.0,77.68878718535468
6000,86.0,5.902383654937571
6050,76.0,78.38745800671893
6100,96.0,8.603351955307263
6150,74.0,2.973568281938326
6200,100.0,8.480176211453745
6250,68.0,9.269356597600872
6300,100.0,9.180327868852459
6350,66.0,9.44206008583691
6400,100.0,11.713665943600867
6450,82.0,11.375947995666305
6500,100.0,76.16974972796517
6550,88.0,8.775731310942579
6600,96.0,0.43431053203040176
6650,12.0,5.595854922279793
6700,100.0,10.754912099276112
6750,90.0,15.289256198347106
6800,6.0,74.28571428571429
6850,82.0,12.121212121212121
6900,96.0,0.6862745098039216
6950,98.0,5.582761998041136
7000,96.0,4.203323558162268
7050,96.0,5.365853658536586
7100,96.0,5.744888023369036
7150,98.0,4.47906523855891
7200,94.0,4.466019417475728
7250,92.0,7.0599613152804634
7300,100.0,7.35009671179884
7350,96.0,68.6595949855352
7400,98.0,8.261287223823247
7450,98.0,68.61804222648752
7500,96.0,68.48659003831418
7550,94.0,5.454545454545454
7600,92.0,5.338417540514776
7650,96.0,68.28571428571428
7700,100.0,68.35081029551954
7750,82.0,7.750472589792061
7800,100.0,8.412098298676748
7850,96.0,0.2830188679245283
7900,98.0,4.618284637134779
7950,92.0,6.197183098591549
8000,94.0,67.13483146067416
8050,96.0,4.766355140186916
8100,100.0,67.00934579439253
8150,92.0,66.75977653631286
8200,100.0,5.121042830540038
8250,90.0,5.653382761816497
8300,96.0,12.950971322849213
8350,80.0,5.774518790100825
8400,100.0,7.889908256880735
8450,76.0,65.06352087114338
8500,100.0,65.18181818181819
8550,78.0,64.53645364536453
8600,90.0,8.691756272401435
8650,86.0,8.281389136242208
8700,76.0,9.251101321585903
8750,100.0,63.34801762114537
8800,76.0,8.108108108108109
8850,100.0,8.108108108108109
8900,94.0,7.304347826086957
8950,98.0,62.38053866203301
9000,96.0,62.27233304423244
