250,52.800000000000004,0.0
500,90.4,0.0
750,84.8,0.0
1000,92.80000000000001,0.0
1250,96.0,0.0
1500,95.19999999999999,0.0
1750,95.19999999999999,0.0
2000,94.0,0.0
2250,91.60000000000001,0.0
2500,88.8,0.0
2750,84.8,0.0
3000,81.2,0.0
3250,84.0,0.0
3500,87.2,0.0
3750,89.60000000000001,0.0
4000,85.2,0.0
4250,88.4,0.0
4500,83.2,0.0
4750,85.6,0.0
5000,66.8,0.0
5250,84.0,0.0
5500,76.0,0.0
5750,76.8,0.0
6000,82.0,0.0
6250,84.0,0.0
6500,89.60000000000001,0.0
6750,78.4,0.0
7000,74.4,0.0
7250,94.8,0.0
7500,97.6,0.0
7750,92.80000000000001,0.0
8000,96.0,0.0
8250,95.6,0.0
8500,89.2,0.0
8750,86.0,0.0
9000,92.80000000000001,0.0
