250,52.800000000000004,100.0
500,90.4,100.0
750,84.8,100.0
1000,92.80000000000001,100.0
1250,96.0,48.07692307692308
1500,95.19999999999999,56.36363636363636
1750,94.39999999999999,63.47826086956522
2000,93.2,68.3127572016461
2250,91.2,70.72243346007605
2500,86.0,73.94366197183099
2750,80.0,74.51612903225806
3000,74.4,70.0
3250,82.0,69.86666666666666
3500,83.2,69.0176322418136
3750,88.4,72.14285714285714
4000,84.39999999999999,75.16483516483517
4250,87.6,76.55601659751036
4500,81.2,80.11472275334609
4750,85.2,82.07885304659499
5000,64.4,88.0503144654088
5250,81.6,92.5233644859813
5500,74.4,93.29529243937232
5750,75.2,93.7748344370861
6000,81.6,94.11764705882352
6250,80.4,99.85569985569985
6500,79.60000000000001,99.47183098591549
6750,68.4,99.81751824817519
7000,71.2,99.7907949790795
7250,92.80000000000001,99.78401727861771
7500,93.2,97.88732394366197
7750,89.2,98.58490566037736
8000,96.0,98.61751152073732
8250,94.8,98.65168539325843
8500,88.0,96.89737470167064
8750,86.0,97.13656387665198
9000,92.80000000000001,97.2457627118644
