50,22.0,0.0
100,0.0,46.06741573033708
150,60.0,71.57894736842105
200,12.0,11.363636363636363
250,57.99999999999999,59.756097560975604
300,50.0,76.11940298507463
350,70.0,70.37037037037037
400,76.0,56.17977528089888
450,34.0,38.04347826086957
500,80.0,55.55555555555556
550,84.0,41.25
600,46.0,42.168674698795186
650,56.00000000000001,78.04878048780488
700,56.00000000000001,69.79166666666666
750,80.0,61.25000000000001
800,30.0,49.39759036144578
850,60.0,82.71604938271605
900,32.0,71.11111111111111
950,52.0,74.25742574257426
1000,36.0,78.0
1050,60.0,91.66666666666666
1100,62.0,94.52054794520548
1150,57.99999999999999,81.0126582278481
1200,32.0,92.5925925925926
1250,70.0,95.83333333333334
1300,80.0,58.490566037735846
1350,82.0,57.377049180327866
1400,80.0,66.19718309859155
1450,66.0,25.0
1500,80.0,36.58536585365854
1550,56.00000000000001,18.055555555555554
1600,66.0,67.05882352941175
1650,70.0,55.10204081632652
1700,48.0,32.30769230769231
1750,52.0,36.470588235294116
1800,57.99999999999999,79.12087912087912
1850,28.000000000000004,22.58064516129032
1900,50.0,80.24691358024691
1950,76.0,55.294117647058826
2000,57.99999999999999,75.0
2050,60.0,88.0
2100,48.0,95.23809523809523
2150,82.0,85.0
2200,48.0,55.952380952380956
2250,64.0,30.208333333333332
2300,34.0,80.0
2350,76.0,60.46511627906976
2400,68.0,63.49206349206349
2450,66.0,85.0
2500,68.0,59.45945945945946
2550,66.0,32.967032967032964
2600,66.0,64.13043478260869
2650,54.0,87.65432098765432
2700,40.0,40.845070422535215
2750,62.0,97.2972972972973
2800,34.0,82.17821782178217
2850,50.0,43.373493975903614
2900,74.0,85.52631578947368
2950,30.0,69.04761904761905
3000,82.0,84.72222222222221
3050,52.0,74.07407407407408
3100,36.0,93.97590361445783
3150,60.0,93.33333333333333
3200,30.0,57.89473684210527
3250,72.0,96.15384615384616
3300,60.0,81.94444444444444
3350,36.0,44.827586206896555
3400,78.0,96.29629629629629
3450,34.0,55.55555555555556
3500,64.0,63.44086021505376
3550,72.0,40.77669902912621
3600,57.99999999999999,85.07462686567165
3650,2.0,57.95454545454546
3700,10.0,90.0
3750,88.0,88.88888888888889
3800,74.0,83.05084745762711
3850,8.0,58.730158730158735
3900,20.0,34.523809523809526
3950,70.0,83.52941176470588
4000,12.0,80.64516129032258
4050,62.0,63.49206349206349
4100,76.0,62.66666666666667
4150,70.0,68.67469879518072
4200,78.0,77.77777777777779
4250,22.0,65.15151515151516
4300,20.0,95.0
4350,0.0,79.71014492753623
4400,16.0,55.88235294117647
4450,8.0,94.44444444444444
4500,0.0,40.69767441860465
4550,24.0,97.6470588235294
4600,2.0,60.86956521739131
4650,12.0,50.81967213114754
4700,2.0,90.0
4750,18.0,25.806451612903224
4800,0.0,58.92857142857143
4850,20.0,96.3963963963964
4900,0.0,46.464646464646464
4950,0.0,68.50393700787401
5000,4.0,81.33333333333333
5050,64.0,88.17204301075269
5100,16.0,26.47058823529412
5150,10.0,86.11111111111111
5200,8.0,62.31884057971014
5250,44.0,63.23529411764706
5300,50.0,90.14084507042254
5350,72.0,90.14084507042254
5400,36.0,31.11111111111111
5450,66.0,85.71428571428571
5500,0.0,38.75
5550,12.0,39.285714285714285
5600,14.000000000000002,93.97590361445783
5650,68.0,87.83783783783784
5700,54.0,87.65432098765432
5750,46.0,40.32258064516129
5800,42.0,5.769230769230769
5850,4.0,69.56521739130434
5900,16.0,39.705882352941174
5950,22.0,73.41772151898735
6000,74.0,58.42696629213483
6050,16.0,44.57831325301205
6100,74.0,86.51685393258427
6150,24.0,23.076923076923077
6200,72.0,67.77777777777779
6250,52.0,78.82352941176471
6300,56.00000000000001,92.85714285714286
6350,62.0,82.95454545454545
6400,24.0,80.0
6450,62.0,80.95238095238095
6500,36.0,88.04347826086956
6550,62.0,92.3076923076923
6600,24.0,4.301075268817205
6650,12.0,40.6015037593985
6700,56.00000000000001,66.18705035971223
6750,6.0,78.37837837837837
6800,6.0,79.47019867549669
6850,60.0,94.61538461538461
6900,8.0,4.72972972972973
6950,72.0,47.368421052631575
7000,68.0,40.95238095238095
7050,68.0,66.26506024096386
7100,57.99999999999999,60.204081632653065
7150,82.0,44.66019417475729
7200,74.0,63.013698630136986
7250,50.0,92.40506329113924
7300,52.0,23.18840579710145
7350,60.0,64.70588235294117
7400,2.0,45.1219512195122
7450,66.0,90.80459770114942
7500,60.0,62.616822429906534
7550,68.0,39.62264150943396
7600,72.0,55.35714285714286
7650,86.0,34.54545454545455
7700,68.0,24.242424242424242
7750,62.0,69.87951807228916
7800,16.0,92.13483146067416
7850,68.0,4.054054054054054
7900,66.0,63.38028169014085
7950,70.0,51.515151515151516
8000,70.0,46.3768115942029
8050,76.0,69.86301369863014
8100,52.0,33.33333333333333
8150,70.0,35.8974358974359
8200,60.0,81.15942028985508
8250,68.0,86.76470588235294
8300,74.0,80.55555555555556
8350,62.0,94.02985074626866
8400,40.0,81.3953488372093
8450,64.0,91.11111111111111
8500,40.0,90.10989010989012
8550,70.0,97.82608695652173
8600,32.0,70.93023255813954
8650,66.0,85.71428571428571
8700,30.0,70.96774193548387
8750,76.0,96.7741935483871
8800,34.0,80.64516129032258
8850,66.0,95.1219512195122
8900,62.0,95.23809523809523
8950,60.0,40.0
9000,88.0,53.70370370370371
