20,75.79308057919752,24.206919420802475
35,57.588150768210454,42.411849231789546
50,44.95412844036697,55.04587155963303
80,27.16922736818835,72.83077263181164
100,22.449430750525035,77.55056924947496
200,15.7400243174533,84.25997568254671
300,14.95523377915331,85.0447662208467
400,14.380457610257544,85.61954238974245
500,14.093069525809659,85.90693047419033
600,13.827788217088537,86.17221178291146
700,13.717254338454737,86.28274566154526
800,13.628827235547694,86.37117276445231
900,13.606720459820934,86.39327954017907
