250,20.8,0.0
500,53.2,0.0
750,46.800000000000004,0.0
1000,31.6,0.0
1250,47.199999999999996,0.0
1500,60.0,0.0
1750,43.2,0.0
2000,43.2,0.0
2250,44.0,0.0
2500,52.400000000000006,0.0
2750,48.0,0.0
3000,39.6,0.0
3250,39.6,0.0
3500,40.8,0.0
3750,48.4,0.0
4000,44.800000000000004,0.0
4250,60.4,0.0
4500,34.8,0.0
4750,41.6,0.0
5000,21.6,0.0
5250,42.8,0.0
5500,36.4,0.0
5750,45.2,0.0
6000,47.199999999999996,0.0
6250,35.199999999999996,0.0
6500,28.799999999999997,0.0
6750,26.8,0.0
7000,34.0,0.0
7250,55.60000000000001,0.0
7500,42.0,0.0
7750,52.800000000000004,0.0
8000,44.4,0.0
8250,52.800000000000004,0.0
8500,39.2,0.0
8750,38.4,0.0
9000,42.8,0.0
