250,52.800000000000004,100.0
500,90.4,100.0
750,84.8,100.0
1000,92.80000000000001,100.0
1250,96.0,100.0
1500,95.19999999999999,100.0
1750,95.19999999999999,100.0
2000,94.0,100.0
2250,91.60000000000001,100.0
2500,88.8,100.0
2750,84.8,100.0
3000,81.2,100.0
3250,84.0,28.53717026378897
3500,87.2,36.3431151241535
3750,89.2,42.30769230769231
4000,84.39999999999999,49.50298210735586
4250,87.6,52.45283018867924
4500,82.39999999999999,57.54385964912281
4750,85.6,60.89108910891089
5000,66.8,68.65021770682148
5250,83.2,70.71823204419888
5500,74.8,73.05236270753512
5750,75.2,74.79091995221027
6000,81.6,76.27695800227015
6250,82.39999999999999,79.06215921483097
6500,80.0,79.10772578890098
6750,74.0,80.68181818181817
7000,74.0,81.81818181818183
7250,94.8,82.20502901353966
7500,96.0,82.37547892720306
7750,91.2,82.89224952741021
8000,96.0,83.05243445692884
8250,95.6,83.22520852641334
8500,90.0,83.81818181818181
8750,86.0,84.31718061674009
9000,92.80000000000001,84.56201214223765
