250,20.8,98.24561403508771
500,53.2,84.61538461538461
750,46.800000000000004,95.34883720930233
1000,31.6,80.0
1250,47.199999999999996,98.9010989010989
1500,60.0,71.42857142857143
1750,43.2,90.76923076923077
2000,43.2,85.96491228070175
2250,44.0,92.0
2500,52.400000000000006,88.67924528301887
2750,48.0,90.32258064516128
3000,39.6,91.42857142857143
3250,37.6,98.61111111111111
3500,42.0,53.70370370370371
3750,47.199999999999996,92.0
4000,40.8,79.71014492753623
4250,60.4,66.19718309859155
4500,34.8,95.41284403669725
4750,41.6,67.14285714285714
5000,21.6,91.54929577464789
5250,43.6,69.11764705882352
5500,36.4,94.64285714285714
5750,45.2,64.0625
6000,46.800000000000004,98.0
6250,34.8,98.85057471264368
6500,29.2,95.65217391304348
6750,26.8,96.66666666666667
7000,24.0,84.21052631578947
7250,55.60000000000001,78.08219178082192
7500,41.199999999999996,93.93939393939394
7750,51.2,97.5609756097561
8000,34.4,84.05797101449275
8250,54.800000000000004,89.28571428571429
8500,40.8,96.7032967032967
8750,38.4,91.17647058823529
9000,42.8,57.407407407407405
