250,52.800000000000004,100.0
500,90.4,100.0
750,84.8,100.0
1000,92.80000000000001,100.0
1250,96.0,100.0
1500,95.19999999999999,100.0
1750,95.19999999999999,100.0
2000,94.0,100.0
2250,91.60000000000001,100.0
2500,88.8,100.0
2750,84.8,100.0
3000,81.2,100.0
3250,84.0,100.0
3500,87.2,100.0
3750,89.60000000000001,100.0
4000,85.2,100.0
4250,88.4,100.0
4500,83.2,100.0
4750,85.6,100.0
5000,66.8,69.66618287373004
5250,84.0,71.96132596685084
5500,76.0,74.55242966751918
5750,76.0,76.43540669856459
6000,82.0,77.95454545454545
6250,82.39999999999999,80.67685589519651
6500,80.0,80.61002178649237
6750,75.2,82.21302998965874
7000,75.6,83.65949119373776
7250,95.19999999999999,84.12391093901257
7500,97.6,84.27612655800574
7750,92.80000000000001,85.05203405865657
8000,96.0,85.19212746016869
8250,95.6,85.34322820037106
8500,90.4,85.98726114649682
8750,86.0,86.41975308641975
9000,92.80000000000001,86.63194444444444
