50,22.0,63.1578947368421
100,0.0,84.0909090909091
150,8.0,27.083333333333332
200,12.0,11.363636363636363
250,24.0,59.64912280701754
300,34.0,20.51282051282051
350,36.0,82.05128205128204
400,36.0,20.408163265306122
450,22.0,41.17647058823529
500,50.0,13.043478260869565
550,36.0,41.935483870967744
600,4.0,67.08860759493672
650,32.0,30.76923076923077
700,36.0,45.16129032258064
750,36.0,16.666666666666664
800,6.0,38.55421686746988
850,30.0,56.60377358490566
900,22.0,60.0
950,14.000000000000002,21.875
1000,22.0,47.0
1050,14.000000000000002,48.4375
1100,36.0,10.526315789473683
1150,36.0,75.0
1200,0.0,59.45945945945946
1250,36.0,15.151515151515152
1300,36.0,37.93103448275862
1350,36.0,10.714285714285714
1400,36.0,40.0
1450,44.0,33.92857142857143
1500,38.0,59.183673469387756
1550,2.0,42.028985507246375
1600,36.0,16.666666666666664
1650,36.0,40.0
1700,26.0,47.69230769230769
1750,10.0,32.30769230769231
1800,36.0,77.77777777777779
1850,0.0,42.857142857142854
1900,36.0,8.823529411764707
1950,36.0,43.18181818181818
2000,36.0,14.705882352941178
2050,30.0,63.63636363636363
2100,18.0,52.54237288135594
2150,32.0,45.28301886792453
2200,28.000000000000004,48.148148148148145
2250,48.0,89.28571428571429
2300,2.0,38.961038961038966
2350,30.0,82.35294117647058
2400,36.0,10.344827586206897
2450,36.0,78.78787878787878
2500,36.0,15.625
2550,34.0,51.85185185185185
2600,24.0,60.60606060606061
2650,30.0,83.9506172839506
2700,18.0,78.26086956521739
2750,24.0,75.80645161290323
2800,26.0,95.1219512195122
2850,10.0,44.5945945945946
2900,36.0,84.44444444444444
2950,12.0,81.48148148148148
3000,24.0,72.85714285714285
3050,28.000000000000004,94.9367088607595
3100,8.0,63.095238095238095
3150,36.0,78.57142857142857
3200,12.0,58.666666666666664
3250,22.0,77.96610169491525
3300,30.0,84.72222222222221
3350,6.0,45.97701149425287
3400,36.0,85.41666666666666
3450,14.000000000000002,75.0
3500,32.0,88.88888888888889
3550,38.0,92.85714285714286
3600,22.0,40.0
3650,24.0,56.98924731182796
3700,16.0,66.19718309859155
3750,22.0,34.61538461538461
3800,36.0,82.22222222222221
3850,32.0,96.66666666666667
3900,4.0,47.2972972972973
3950,36.0,83.33333333333334
4000,30.0,97.10144927536231
4050,38.0,94.87179487179486
4100,32.0,27.500000000000004
4150,34.0,75.86206896551724
4200,36.0,23.52941176470588
4250,14.000000000000002,61.97183098591549
4300,22.0,50.0
4350,36.0,30.0
4400,12.0,58.108108108108105
4450,24.0,75.0
4500,2.0,59.63302752293578
4550,34.0,31.372549019607842
4600,36.0,80.0
4650,0.0,43.75
4700,36.0,20.51282051282051
4750,24.0,22.857142857142858
4800,0.0,55.00000000000001
4850,20.0,79.64601769911505
4900,0.0,76.07361963190185
4950,26.0,95.1048951048951
5000,10.0,36.61971830985916
5050,36.0,79.48717948717949
5100,12.0,71.05263157894737
5150,24.0,22.413793103448278
5200,36.0,76.47058823529412
5250,24.0,77.94117647058823
5300,12.0,33.80281690140845
5350,36.0,86.36363636363636
5400,24.0,36.84210526315789
5450,24.0,38.70967741935484
5500,0.0,52.67857142857143
5550,36.0,35.483870967741936
5600,14.000000000000002,85.54216867469879
5650,34.0,23.52941176470588
5700,36.0,80.64516129032258
5750,20.0,78.125
5800,16.0,34.84848484848485
5850,28.000000000000004,90.9090909090909
5900,8.0,86.66666666666667
5950,20.0,41.269841269841265
6000,28.000000000000004,78.26086956521739
6050,8.0,66.26506024096386
6100,28.000000000000004,77.27272727272727
6150,16.0,28.57142857142857
6200,20.0,53.333333333333336
6250,30.0,87.8048780487805
6300,10.0,61.904761904761905
6350,30.0,86.79245283018868
6400,0.0,49.51456310679612
6450,36.0,88.09523809523809
6500,0.0,55.434782608695656
6550,36.0,42.0
6600,10.0,4.395604395604396
6650,0.0,41.221374045801525
6700,22.0,71.84466019417476
6750,4.0,67.11409395973155
6800,6.0,76.53061224489795
6850,22.0,80.58252427184466
6900,2.0,4.827586206896552
6950,24.0,45.90163934426229
7000,30.0,73.68421052631578
7050,36.0,70.58823529411765
7100,32.0,87.03703703703704
7150,36.0,80.0
7200,40.0,83.33333333333334
7250,26.0,87.67123287671232
7300,10.0,39.130434782608695
7350,36.0,81.25
7400,0.0,51.21951219512195
7450,32.0,34.0
7500,32.0,81.81818181818183
7550,32.0,88.88888888888889
7600,32.0,83.6734693877551
7650,28.000000000000004,98.18181818181819
7700,12.0,33.33333333333333
7750,36.0,85.71428571428571
7800,6.0,69.66292134831461
7850,28.000000000000004,5.88235294117647
7900,0.0,63.26530612244898
7950,36.0,32.6530612244898
8000,34.0,95.74468085106383
8050,34.0,95.55555555555556
8100,8.0,51.515151515151516
8150,44.0,91.11111111111111
8200,30.0,65.38461538461539
8250,24.0,48.214285714285715
8300,34.0,15.0
8350,36.0,82.85714285714286
8400,0.0,43.529411764705884
8450,36.0,31.818181818181817
8500,6.0,50.54945054945055
8550,30.0,69.81132075471697
8600,12.0,62.7906976744186
8650,24.0,44.26229508196721
8700,12.0,65.59139784946237
8750,24.0,50.0
8800,26.0,74.19354838709677
8850,10.0,49.333333333333336
8900,36.0,78.125
8950,28.000000000000004,64.61538461538461
9000,28.000000000000004,53.70370370370371
