50,22.0,0.0
100,0.0,0.0
150,74.0,0.0
200,76.0,0.0
250,92.0,0.0
300,98.0,0.0
350,90.0,0.0
400,94.0,0.0
450,72.0,0.0
500,98.0,0.0
550,96.0,0.0
600,72.0,0.0
650,80.0,0.0
700,92.0,0.0
750,84.0,0.0
800,90.0,0.0
850,96.0,0.0
900,86.0,0.0
950,100.0,0.0
1000,92.0,0.0
1050,100.0,0.0
1100,96.0,0.0
1150,94.0,0.0
1200,100.0,0.0
1250,90.0,0.0
1300,94.0,0.0
1350,94.0,0.0
1400,96.0,0.0
1450,96.0,0.0
1500,96.0,0.0
1550,98.0,0.0
1600,94.0,0.0
1650,92.0,0.0
1700,96.0,0.0
1750,96.0,0.0
1800,84.0,0.0
1850,100.0,0.0
1900,98.0,0.0
1950,94.0,0.0
2000,94.0,0.0
2050,96.0,0.0
2100,98.0,0.0
2150,100.0,0.0
2200,84.0,0.0
2250,80.0,0.0
2300,88.0,0.0
2350,80.0,0.0
2400,98.0,0.0
2450,88.0,0.0
2500,90.0,0.0
2550,80.0,5.555555555555555
2600,98.0,21.824104234527688
2650,68.0,25.391849529780565
2700,76.0,25.391849529780565
2750,86.0,22.085889570552148
2800,46.0,23.646723646723647
2850,74.0,24.85207100591716
2900,82.0,23.03206997084548
2950,72.0,24.92997198879552
3000,100.0,23.809523809523807
3050,76.0,21.680216802168022
3100,92.0,23.86058981233244
3150,72.0,24.031007751937985
3200,82.0,22.164948453608247
3250,88.0,19.642857142857142
3300,80.0,18.1592039800995
3350,84.0,22.139303482587064
3400,84.0,19.852941176470587
3450,78.0,20.048899755501225
3500,90.0,15.458937198067632
3550,76.0,9.859154929577464
3600,98.0,15.456674473067917
3650,82.0,21.658986175115206
3700,96.0,21.788990825688074
3750,94.0,13.439635535307518
3800,86.0,10.986547085201794
3850,86.0,15.673289183222957
3900,96.0,16.263736263736263
3950,76.0,18.41541755888651
4000,78.0,14.556962025316455
4050,92.0,8.577405857740587
4100,84.0,9.710743801652892
4150,92.0,11.728395061728394
4200,86.0,10.141987829614605
4250,84.0,14.171656686626747
4300,100.0,13.17365269461078
4350,80.0,15.264187866927593
4400,88.0,16.247582205029012
4450,76.0,16.698292220113853
4500,68.0,20.11070110701107
4550,88.0,15.693430656934307
4600,78.0,13.595706618962433
4650,98.0,14.285714285714285
4700,84.0,11.091549295774648
4750,80.0,2.768166089965398
4800,0.0,10.509554140127388
4850,100.0,18.471337579617835
4900,70.0,25.816485225505442
4950,64.0,21.6338880484115
5000,100.0,17.851739788199698
5050,68.0,12.148148148148149
5100,82.0,12.352941176470589
5150,92.0,10.410557184750733
5200,88.0,10.465116279069768
5250,80.0,9.913793103448276
5300,98.0,11.190817790530847
5350,82.0,9.206798866855523
5400,44.0,3.825136612021858
5450,72.0,10.455764075067025
5500,78.0,14.834437086092716
5550,38.0,5.597964376590331
5600,92.0,10.532994923857867
5650,88.0,9.949622166246852
5700,78.0,8.98876404494382
5750,80.0,8.15822002472188
5800,96.0,8.405438813349814
5850,74.0,9.48905109489051
5900,64.0,10.714285714285714
5950,88.0,7.801418439716312
6000,86.0,6.096131301289566
6050,74.0,10.76388888888889
6100,94.0,8.901734104046243
6150,68.0,3.085714285714286
6200,100.0,8.799999999999999
6250,66.0,9.615384615384617
6300,96.0,9.523809523809524
6350,66.0,9.788654060066742
6400,78.0,12.162162162162163
6450,66.0,11.811023622047244
6500,92.0,13.898305084745763
6550,88.0,9.111361079865016
6600,96.0,0.4509582863585118
6650,12.0,5.800214822771213
6700,96.0,11.14683815648446
6750,76.0,15.187165775401072
6800,6.0,19.551934826883908
6850,80.0,12.525252525252526
6900,90.0,0.7092198581560284
6950,98.0,5.769230769230769
7000,94.0,4.343434343434343
7050,96.0,5.544354838709677
7100,96.0,5.935613682092555
7150,96.0,4.627766599597585
7200,94.0,4.613841524573721
7250,92.0,7.292707292707293
7300,100.0,7.592407592407592
7350,94.0,8.565737051792828
7400,92.0,7.5396825396825395
7450,98.0,9.117938553022794
7500,96.0,7.121661721068249
7550,86.0,5.7312252964426875
7600,90.0,5.511811023622047
7650,94.0,5.506391347099312
7700,98.0,6.692913385826772
7750,80.0,8.0078125
7800,100.0,8.69140625
7850,96.0,0.29239766081871343
7900,98.0,4.771178188899708
7950,92.0,5.237633365664403
8000,94.0,6.769825918762089
8050,96.0,4.922779922779923
8100,100.0,6.853281853281853
8150,92.0,4.423076923076923
8200,100.0,5.288461538461538
8250,90.0,5.837320574162679
8300,96.0,6.972301814708691
8350,80.0,5.960264900662252
8400,98.0,8.143939393939394
8450,74.0,8.606173994387278
8500,94.0,8.630393996247655
8550,78.0,8.635097493036211
8600,90.0,8.964879852125692
8650,86.0,8.539944903581267
8700,76.0,9.536784741144414
8750,100.0,8.537693006357856
8800,76.0,8.355795148247978
8850,100.0,8.355795148247978
8900,94.0,7.526881720430108
8950,98.0,6.087735004476276
9000,96.0,6.076854334226988
