20,0.0032054824803802364,0.0018790759367746214
35,0.005968829446225268,0.0436608820603515
50,0.011495523377915332,0.044434619210788104
80,0.014701005858295568,0.017353818945506798
100,0.015916878523267383,0.0030949486017464354
200,0.013042997678788549,0.00044213551453520505
300,0.012379794406985742,0.00011053387863380126
400,0.007737371504366088,0.0
500,0.005526693931690063,0.0
600,0.0030949486017464354,0.0
700,0.001989609815408423,0.0
800,0.0011053387863380127,0.0
900,0.0008842710290704101,0.0
