250,52.0,0.0
500,88.0,0.0
750,80.80000000000001,0.0
1000,80.80000000000001,0.0
1250,88.8,0.0
1500,88.4,0.0
1750,89.60000000000001,0.0
2000,82.8,0.0
2250,86.4,0.0
2500,80.80000000000001,0.0
2750,76.8,0.0
3000,72.39999999999999,0.0
3250,78.4,0.0
3500,80.0,0.0
3750,82.0,0.0
4000,75.2,0.0
4250,84.8,0.0
4500,68.4,0.0
4750,83.2,0.0
5000,40.0,0.0
5250,78.4,0.0
5500,71.2,0.0
5750,66.8,0.0
6000,76.4,0.0
6250,71.2,0.0
6500,64.4,0.0
6750,57.99999999999999,0.0
7000,55.60000000000001,0.0
7250,82.39999999999999,0.0
7500,79.2,0.0
7750,87.6,0.0
8000,88.4,0.0
8250,90.0,0.0
8500,79.60000000000001,0.0
8750,86.0,0.0
9000,92.80000000000001,0.0
