20,89.80877638996351,10.191223610036475
35,91.03570244279872,8.964297557201283
50,56.3943848789654,43.605615121034596
80,27.379241737592576,72.62075826240742
100,22.62628495633912,77.37371504366088
200,15.629490438819499,84.37050956118051
300,14.89996683983641,85.10003316016359
400,14.369404222394163,85.63059577760583
500,14.093069525809659,85.90693047419033
600,13.827788217088537,86.17221178291146
700,13.717254338454737,86.28274566154526
800,13.628827235547694,86.37117276445231
900,13.606720459820934,86.39327954017907
