50,22.0,0.0
100,0.0,0.0
150,74.0,8.823529411764707
200,74.0,8.849557522123893
250,90.0,51.724137931034484
300,94.0,60.86956521739131
350,88.0,47.89915966386555
400,88.0,45.378151260504204
450,72.0,63.90977443609023
500,98.0,30.597014925373134
550,92.0,35.07462686567165
600,66.0,57.931034482758626
650,80.0,41.935483870967744
700,82.0,43.506493506493506
750,84.0,30.246913580246915
800,74.0,54.54545454545454
850,96.0,42.94871794871795
900,78.0,56.60377358490566
950,80.0,44.274809160305345
1000,76.0,49.59349593495935
1050,100.0,64.22764227642277
1100,90.0,61.111111111111114
1150,92.0,50.0
1200,78.0,75.43859649122807
1250,84.0,75.40983606557377
1300,94.0,42.4
1350,92.0,39.53488372093023
1400,82.0,34.05797101449276
1450,86.0,15.107913669064748
1500,88.0,36.84210526315789
1550,90.0,53.73134328358209
1600,80.0,37.410071942446045
1650,92.0,37.76223776223776
1700,92.0,45.45454545454545
1750,94.0,41.25874125874126
1800,70.0,75.40983606557377
1850,82.0,52.75590551181102
1900,90.0,42.30769230769231
1950,92.0,34.84848484848485
2000,80.0,36.58536585365854
2050,94.0,53.2258064516129
2100,98.0,56.00000000000001
2150,98.0,50.806451612903224
2200,68.0,37.6
2250,74.0,21.323529411764707
2300,68.0,49.275362318840585
2350,80.0,37.16216216216216
2400,84.0,44.52554744525548
2450,86.0,35.41666666666667
2500,86.0,35.76158940397351
2550,74.0,37.254901960784316
2600,96.0,43.225806451612904
2650,62.0,49.693251533742334
2700,74.0,51.59235668789809
2750,78.0,42.857142857142854
2800,42.0,43.005181347150256
2850,66.0,57.931034482758626
2900,82.0,52.666666666666664
2950,72.0,54.268292682926834
3000,100.0,51.829268292682926
3050,76.0,45.45454545454545
3100,88.0,49.72067039106145
3150,70.0,48.18652849740933
3200,74.0,49.42528735632184
3250,88.0,43.258426966292134
3300,80.0,38.82978723404255
3350,84.0,47.340425531914896
3400,84.0,41.75257731958763
3450,78.0,42.05128205128205
3500,82.0,28.71287128712871
3550,76.0,19.626168224299064
3600,90.0,44.29530201342282
3650,82.0,63.51351351351351
3700,80.0,56.16438356164384
3750,94.0,37.58389261744966
3800,86.0,31.41025641025641
3850,72.0,41.76470588235294
3900,74.0,38.095238095238095
3950,74.0,48.04469273743017
4000,74.0,42.073170731707314
4050,92.0,24.404761904761905
4100,78.0,26.256983240223462
4150,90.0,31.491712707182316
4200,84.0,26.455026455026452
4250,78.0,36.224489795918366
4300,90.0,33.84615384615385
4350,68.0,39.19597989949749
4400,68.0,36.96682464454976
4450,74.0,36.607142857142854
4500,46.0,49.519230769230774
4550,88.0,40.18691588785047
4600,78.0,33.77777777777778
4650,96.0,35.24229074889868
4700,80.0,27.038626609442062
4750,74.0,7.373271889400922
4800,0.0,24.719101123595504
4850,82.0,56.58536585365853
4900,14.000000000000002,80.95238095238095
4950,34.0,71.63120567375887
5000,78.0,87.31343283582089
5050,64.0,55.4054054054054
5100,76.0,55.26315789473685
5150,90.0,45.806451612903224
5200,86.0,29.01234567901235
5250,80.0,40.588235294117645
5300,92.0,46.42857142857143
5350,82.0,40.37267080745342
5400,42.0,14.893617021276595
5450,72.0,38.613861386138616
5500,57.99999999999999,51.45631067961165
5550,36.0,19.383259911894275
5600,64.0,58.04195804195804
5650,86.0,53.02013422818792
5700,78.0,46.15384615384615
5750,76.0,40.0
5800,84.0,40.7185628742515
5850,74.0,43.333333333333336
5900,64.0,45.45454545454545
5950,82.0,28.155339805825243
6000,80.0,24.186046511627907
6050,52.0,38.07531380753138
6100,94.0,31.818181818181817
6150,52.0,12.0
6200,98.0,31.69642857142857
6250,62.0,35.56485355648535
6300,78.0,32.91139240506329
6350,62.0,30.078125
6400,46.0,42.924528301886795
6450,62.0,37.66233766233766
6500,78.0,39.40677966101695
6550,88.0,29.75206611570248
6600,82.0,2.072538860103627
6650,12.0,22.78481012658228
6700,80.0,46.03960396039604
6750,26.0,74.71910112359551
6800,6.0,80.88888888888889
6850,78.0,52.991452991452995
6900,24.0,2.6717557251908395
6950,96.0,21.673003802281368
7000,80.0,16.47509578544061
7050,80.0,21.235521235521233
7100,86.0,29.949238578680205
7150,90.0,35.11450381679389
7200,92.0,34.074074074074076
7250,80.0,31.03448275862069
7300,88.0,58.06451612903226
7350,74.0,65.15151515151516
7400,64.0,58.59375
7450,90.0,59.84251968503938
7500,80.0,31.03448275862069
7550,84.0,26.495726495726498
7600,88.0,46.28099173553719
7650,92.0,46.28099173553719
7700,96.0,56.19834710743802
7750,78.0,62.121212121212125
7800,62.0,65.11627906976744
7850,86.0,2.586206896551724
7900,94.0,42.608695652173914
7950,92.0,45.378151260504204
8000,92.0,57.85123966942148
8050,96.0,41.46341463414634
8100,100.0,56.91056910569105
8150,82.0,35.38461538461539
8200,94.0,45.66929133858268
8250,82.0,35.294117647058826
8300,92.0,47.82608695652174
8350,78.0,43.15068493150685
8400,78.0,57.46268656716418
8450,70.0,64.33566433566433
8500,78.0,69.6969696969697
8550,78.0,65.03496503496503
8600,90.0,65.54054054054053
8650,86.0,60.0
8700,76.0,62.874251497005986
8750,100.0,56.287425149700596
8800,76.0,51.955307262569825
8850,100.0,51.955307262569825
8900,94.0,46.15384615384615
8950,98.0,36.6120218579235
9000,96.0,29.72972972972973
