20,76.09152205150879,23.908477948491214
35,64.960760473085,35.039239526915
50,51.28771968608379,48.71228031391622
80,27.976124682215097,72.0238753177849
100,22.162042666077152,77.83795733392284
200,15.673703990273019,84.32629600972699
300,14.94418039128993,85.05581960871007
400,14.303083895213883,85.69691610478611
500,14.070962750082899,85.9290372499171
600,14.015695810766,85.984304189234
700,13.949375483585719,86.05062451641427
800,13.595667071957553,86.40433292804245
900,13.595667071957553,86.40433292804245
