250,52.0,78.44827586206897
500,88.0,83.5820895522388
750,80.80000000000001,91.9753086419753
1000,80.80000000000001,96.7479674796748
1250,88.8,98.36065573770492
1500,88.4,93.98496240601504
1750,89.60000000000001,99.3006993006993
2000,82.8,91.05691056910568
2250,86.4,98.52941176470588
2500,80.80000000000001,86.09271523178808
2750,76.8,88.69047619047619
3000,72.39999999999999,95.73170731707317
3250,79.2,91.57303370786516
3500,81.6,96.26865671641791
3750,83.2,98.64864864864865
4000,76.8,97.2972972972973
4250,84.39999999999999,87.75510204081633
4500,69.19999999999999,99.03846153846155
4750,83.2,99.53917050691244
5000,42.0,85.71428571428571
5250,78.8,90.9090909090909
5500,71.2,99.07834101382488
5750,68.0,98.5981308411215
6000,76.8,95.87155963302753
6250,71.2,98.75
6500,65.2,98.30508474576271
6750,57.599999999999994,97.17514124293785
7000,56.8,96.15384615384616
7250,86.0,99.3103448275862
7500,79.2,99.13793103448276
7750,87.6,93.18181818181817
8000,85.6,90.9090909090909
8250,90.8,93.38235294117648
8500,79.2,82.57575757575758
8750,86.0,86.22754491017965
9000,92.80000000000001,87.56756756756758
