250,13.200000000000001,98.24561403508771
500,35.6,73.91304347826086
750,28.799999999999997,83.33333333333334
1000,18.8,93.0
1250,24.4,81.81818181818183
1500,38.0,97.95918367346938
1750,22.0,90.76923076923077
2000,28.799999999999997,82.35294117647058
2250,31.2,89.28571428571429
2500,28.000000000000004,81.25
2750,26.0,90.32258064516128
3000,21.6,91.42857142857143
3250,21.2,89.83050847457628
3500,23.599999999999998,98.14814814814815
3750,26.400000000000002,88.46153846153845
4000,26.8,93.33333333333333
4250,32.800000000000004,95.77464788732394
4500,19.2,95.41284403669725
4750,26.0,98.59154929577466
5000,10.0,91.54929577464789
5250,25.2,98.50746268656717
5500,18.8,94.64285714285714
5750,27.6,98.4126984126984
6000,25.2,87.5
6250,20.0,97.6470588235294
6500,16.400000000000002,95.65217391304348
6750,16.400000000000002,96.66666666666667
7000,15.2,84.21052631578947
7250,33.6,95.8904109589041
7500,22.8,81.81818181818183
7750,27.6,85.71428571428571
8000,22.8,95.3125
8250,26.400000000000002,89.28571428571429
8500,22.0,96.7032967032967
8750,20.4,91.17647058823529
9000,25.2,96.29629629629629
