50,22.0,0.0
100,0.0,12.359550561797752
150,74.0,59.80392156862745
200,56.00000000000001,9.615384615384617
250,82.0,58.252427184466015
300,94.0,68.62745098039215
350,88.0,53.77358490566038
400,88.0,46.236559139784944
450,72.0,79.43925233644859
500,98.0,37.96296296296296
550,90.0,43.51851851851852
600,60.0,60.16260162601627
650,78.0,49.24242424242424
700,82.0,53.17460317460318
750,84.0,36.56716417910448
800,62.0,18.269230769230766
850,84.0,64.42307692307693
900,57.99999999999999,75.63025210084034
950,72.0,55.55555555555556
1000,62.0,55.00000000000001
1050,100.0,79.0
1100,84.0,74.75728155339806
1150,90.0,60.37735849056604
1200,66.0,59.64912280701754
1250,80.0,67.82608695652173
1300,92.0,46.902654867256636
1350,92.0,43.58974358974359
1400,82.0,37.301587301587304
1450,86.0,16.27906976744186
1500,88.0,38.582677165354326
1550,64.0,8.181818181818182
1600,68.0,39.34426229508197
1650,92.0,42.857142857142854
1700,82.0,61.904761904761905
1750,64.0,18.34862385321101
1800,66.0,54.054054054054056
1850,62.0,13.392857142857142
1900,84.0,49.137931034482754
1950,92.0,38.983050847457626
2000,70.0,45.91836734693878
2050,86.0,68.04123711340206
2100,88.0,77.77777777777779
2150,98.0,69.23076923076923
2200,54.0,16.666666666666664
2250,72.0,23.200000000000003
2300,56.00000000000001,61.94690265486725
2350,80.0,44.71544715447154
2400,84.0,52.58620689655172
2450,86.0,41.46341463414634
2500,76.0,40.0
2550,72.0,43.18181818181818
2600,94.0,44.44444444444444
2650,62.0,57.85714285714286
2700,72.0,68.64406779661016
2750,78.0,55.81395348837209
2800,42.0,53.896103896103895
2850,66.0,80.76923076923077
2900,82.0,71.17117117117117
2950,72.0,71.2
3000,100.0,68.0
3050,74.0,57.971014492753625
3100,88.0,63.12056737588653
3150,68.0,60.3896103896104
3200,74.0,88.65979381443299
3250,88.0,74.75728155339806
3300,78.0,64.03508771929825
3350,78.0,72.47706422018348
3400,78.0,71.05263157894737
3450,78.0,88.17204301075269
3500,68.0,68.81720430107528
3550,74.0,40.38461538461539
3600,64.0,62.857142857142854
3650,16.0,60.0
3700,12.0,83.50515463917526
3750,94.0,56.00000000000001
3800,86.0,45.794392523364486
3850,72.0,58.67768595041323
3900,72.0,49.6124031007752
3950,70.0,60.99290780141844
4000,74.0,46.62162162162162
4050,92.0,26.31578947368421
4100,78.0,28.834355828220858
4150,86.0,35.18518518518518
4200,84.0,29.411764705882355
4250,78.0,40.11299435028249
4300,90.0,45.51724137931035
4350,68.0,48.4472049689441
4400,68.0,45.76271186440678
4450,74.0,43.15789473684211
4500,40.0,69.17808219178082
4550,88.0,56.57894736842105
4600,66.0,54.67625899280576
4650,86.0,57.14285714285714
4700,80.0,46.666666666666664
4750,74.0,10.95890410958904
4800,0.0,33.6734693877551
4850,82.0,77.85234899328859
4900,6.0,93.20987654320987
4950,0.0,79.2
5000,30.0,96.55172413793103
5050,64.0,63.07692307692307
5100,72.0,73.04347826086956
5150,88.0,53.84615384615385
5200,86.0,37.903225806451616
5250,80.0,52.27272727272727
5300,88.0,74.28571428571429
5350,78.0,57.01754385964912
5400,42.0,19.58041958041958
5450,68.0,49.681528662420384
5500,54.0,94.5945945945946
5550,32.0,35.77235772357724
5600,60.0,62.878787878787875
5650,78.0,56.52173913043478
5700,74.0,49.6551724137931
5750,68.0,58.92857142857143
5800,76.0,61.386138613861384
5850,66.0,66.10169491525424
5900,52.0,69.23076923076923
5950,82.0,42.7536231884058
6000,80.0,35.374149659863946
6050,50.0,51.74418604651163
6100,78.0,43.01675977653631
6150,34.0,12.138728323699421
6200,76.0,55.90551181102362
6250,60.0,61.59420289855072
6300,70.0,61.417322834645674
6350,62.0,52.73972602739726
6400,40.0,63.38028169014085
6450,62.0,54.037267080745345
6500,60.0,57.05521472392638
6550,88.0,42.60355029585799
6600,48.0,2.666666666666667
6650,12.0,27.835051546391753
6700,80.0,45.588235294117645
6750,30.0,57.87234042553191
6800,6.0,65.95744680851064
6850,72.0,49.596774193548384
6900,24.0,2.6217228464419478
6950,86.0,28.78787878787879
7000,80.0,23.626373626373624
7050,72.0,49.107142857142854
7100,72.0,47.05882352941176
7150,86.0,43.80952380952381
7200,78.0,35.294117647058826
7250,76.0,66.36363636363637
7300,84.0,66.66666666666666
7350,72.0,73.50427350427351
7400,46.0,33.6734693877551
7450,82.0,76.41509433962264
7500,80.0,61.206896551724135
7550,84.0,27.67857142857143
7600,88.0,50.0
7650,92.0,50.0
7700,80.0,53.09734513274337
7750,74.0,47.61904761904761
7800,48.0,79.6116504854369
7850,86.0,3.0303030303030303
7900,94.0,48.03921568627451
7950,92.0,50.943396226415096
8000,82.0,77.77777777777779
8050,96.0,55.434782608695656
8100,100.0,76.08695652173914
8150,78.0,24.752475247524753
8200,80.0,69.04761904761905
8250,78.0,61.05263157894737
8300,86.0,62.62626262626263
8350,76.0,58.333333333333336
8400,62.0,66.95652173913044
8450,70.0,70.76923076923077
8500,68.0,96.7032967032967
8550,78.0,58.69565217391305
8600,84.0,16.27906976744186
8650,86.0,68.81720430107528
8700,70.0,20.43010752688172
8750,100.0,74.19354838709677
8800,70.0,30.107526881720432
8850,100.0,83.87096774193549
8900,88.0,39.285714285714285
8950,98.0,78.82352941176471
9000,96.0,63.2183908045977
