50,22.0,15.384615384615385
100,0.0,62.92134831460674
150,30.0,83.33333333333334
200,12.0,11.363636363636363
250,40.0,87.71929824561403
300,48.0,89.39393939393939
350,62.0,94.0
400,62.0,36.734693877551024
450,22.0,43.529411764705884
500,72.0,84.61538461538461
550,72.0,74.46808510638297
600,12.0,53.01204819277109
650,46.0,86.53846153846155
700,52.0,90.47619047619048
750,52.0,95.34883720930233
800,10.0,45.78313253012048
850,60.0,32.075471698113205
900,22.0,44.44444444444444
950,44.0,29.6875
1000,22.0,53.0
1050,44.0,25.0
1100,62.0,71.23287671232876
1150,46.0,76.5625
1200,24.0,40.54054054054054
1250,60.0,79.12087912087912
1300,56.00000000000001,86.79245283018868
1350,57.99999999999999,75.0
1400,68.0,93.61702127659575
1450,50.0,33.92857142857143
1500,68.0,51.02040816326531
1550,28.000000000000004,27.536231884057973
1600,62.0,76.5432098765432
1650,54.0,94.44444444444444
1700,36.0,44.61538461538462
1750,36.0,30.76923076923077
1800,44.0,71.42857142857143
1850,6.0,35.064935064935064
1900,50.0,82.35294117647058
1950,66.0,11.363636363636363
2000,50.0,78.94736842105263
2050,34.0,60.60606060606061
2100,32.0,35.59322033898305
2150,50.0,39.62264150943396
2200,44.0,75.64102564102564
2250,60.0,38.666666666666664
2300,24.0,40.25974025974026
2350,60.0,86.27450980392157
2400,54.0,80.64516129032258
2450,66.0,94.0
2500,57.99999999999999,81.13207547169812
2550,60.0,41.66666666666667
2600,50.0,36.36363636363637
2650,54.0,85.18518518518519
2700,22.0,50.70422535211267
2750,54.0,79.03225806451613
2800,34.0,78.04878048780488
2850,32.0,31.08108108108108
2900,66.0,86.66666666666667
2950,12.0,59.036144578313255
3000,54.0,77.14285714285715
3050,50.0,82.5
3100,16.0,50.0
3150,56.00000000000001,96.49122807017544
3200,16.0,61.038961038961034
3250,50.0,88.88888888888889
3300,54.0,93.05555555555556
3350,12.0,39.08045977011494
3400,62.0,93.93939393939394
3450,24.0,71.25
3500,57.99999999999999,53.70370370370371
3550,68.0,40.476190476190474
3600,44.0,35.9375
3650,28.000000000000004,53.2608695652174
3700,38.0,38.028169014084504
3750,57.99999999999999,30.0
3800,54.0,84.44444444444444
3850,28.000000000000004,69.11764705882352
3900,30.0,41.66666666666667
3950,57.99999999999999,85.41666666666666
4000,34.0,72.46376811594203
4050,84.0,87.17948717948718
4100,74.0,95.65217391304348
4150,46.0,75.92592592592592
4200,70.0,89.58333333333334
4250,6.0,64.17910447761194
4300,4.0,35.483870967741936
4350,52.0,88.0
4400,2.0,71.01449275362319
4450,0.0,90.14084507042254
4500,0.0,71.26436781609196
4550,0.0,91.83673469387756
4600,2.0,85.91549295774648
4650,0.0,39.682539682539684
4700,0.0,84.61538461538461
4750,12.0,25.396825396825395
4800,0.0,58.4070796460177
4850,0.0,38.775510204081634
4900,0.0,47.474747474747474
4950,0.0,61.029411764705884
5000,4.0,33.82352941176471
5050,0.0,98.48484848484848
5100,0.0,54.929577464788736
5150,0.0,25.0
5200,4.0,71.66666666666667
5250,0.0,58.46153846153847
5300,12.0,22.22222222222222
5350,0.0,86.36363636363636
5400,12.0,38.35616438356164
5450,0.0,87.09677419354838
5500,0.0,63.095238095238095
5550,12.0,37.93103448275862
5600,0.0,51.78571428571429
5650,0.0,81.63265306122449
5700,0.0,72.72727272727273
5750,0.0,45.45454545454545
5800,0.0,52.083333333333336
5850,0.0,86.95652173913044
5900,0.0,61.19402985074627
5950,4.0,83.60655737704919
6000,0.0,86.95652173913044
6050,4.0,54.21686746987952
6100,54.0,84.375
6150,12.0,28.57142857142857
6200,54.0,79.45205479452055
6250,40.0,77.64705882352942
6300,18.0,36.904761904761905
6350,52.0,82.35294117647058
6400,4.0,44.554455445544555
6450,54.0,79.04761904761905
6500,8.0,38.88888888888889
6550,57.99999999999999,18.75
6600,10.0,4.819277108433735
6650,0.0,35.338345864661655
6700,48.0,82.52427184466019
6750,2.0,70.0
6800,0.0,80.0
6850,52.0,93.20388349514563
6900,2.0,8.13953488372093
6950,52.0,81.9672131147541
7000,52.0,68.85245901639344
7050,54.0,81.81818181818183
7100,48.0,84.7457627118644
7150,74.0,71.73913043478261
7200,62.0,85.18518518518519
7250,34.0,69.86301369863014
7300,32.0,23.18840579710145
7350,60.0,64.70588235294117
7400,2.0,35.36585365853659
7450,62.0,20.0
7500,54.0,72.72727272727273
7550,60.0,66.66666666666666
7600,46.0,67.85714285714286
7650,56.00000000000001,50.90909090909091
7700,40.0,30.303030303030305
7750,62.0,78.04878048780488
7800,6.0,50.56179775280899
7850,60.0,5.88235294117647
7900,60.0,87.75510204081633
7950,57.99999999999999,84.31372549019608
8000,38.0,66.66666666666666
8050,62.0,66.66666666666666
8100,30.0,56.060606060606055
8150,64.0,80.7017543859649
8200,57.99999999999999,46.15384615384615
8250,50.0,44.642857142857146
8300,57.99999999999999,86.15384615384616
8350,50.0,87.3015873015873
8400,16.0,41.17647058823529
8450,62.0,97.61904761904762
8500,10.0,49.45054945054945
8550,57.99999999999999,93.47826086956522
8600,14.000000000000002,60.46511627906976
8650,54.0,83.60655737704919
8700,12.0,64.51612903225806
8750,54.0,83.82352941176471
8800,26.0,72.04301075268818
8850,40.0,81.33333333333333
8900,57.99999999999999,88.09523809523809
8950,32.0,49.23076923076923
9000,57.99999999999999,44.44444444444444
