50,22.0,0.0
100,0.0,0.0
150,74.0,0.0
200,76.0,0.0
250,92.0,0.0
300,98.0,0.0
350,90.0,0.0
400,94.0,0.0
450,72.0,0.0
500,98.0,0.0
550,96.0,0.0
600,72.0,0.0
650,80.0,0.0
700,92.0,0.0
750,84.0,0.0
800,90.0,0.0
850,96.0,0.0
900,86.0,0.0
950,100.0,0.0
1000,92.0,0.0
1050,100.0,0.0
1100,96.0,0.0
1150,94.0,31.527093596059114
1200,100.0,42.364532019704434
1250,90.0,44.230769230769226
1300,94.0,25.118483412322274
1350,94.0,23.83177570093458
1400,96.0,21.75925925925926
1450,96.0,26.146788990825687
1500,96.0,22.272727272727273
1550,94.0,32.87671232876712
1600,94.0,32.88288288288289
1650,92.0,23.893805309734514
1700,96.0,28.50877192982456
1750,96.0,38.26086956521739
1800,84.0,38.655462184873954
1850,96.0,33.05084745762712
1900,98.0,38.39662447257383
1950,94.0,19.166666666666668
2000,94.0,25.925925925925924
2050,96.0,26.93877551020408
2100,98.0,28.455284552845526
2150,98.0,25.71428571428571
2200,84.0,31.620553359683797
2250,80.0,11.02661596958175
2300,86.0,27.985074626865668
2350,80.0,19.784172661870503
2400,86.0,22.344322344322347
2450,88.0,18.27956989247312
2500,90.0,19.366197183098592
2550,74.0,19.587628865979383
2600,98.0,22.945205479452056
2650,66.0,26.732673267326735
2700,76.0,26.732673267326735
2750,86.0,23.225806451612904
2800,44.0,24.850299401197603
2850,74.0,26.168224299065418
2900,82.0,24.233128834355828
2950,72.0,26.176470588235297
3000,100.0,25.0
3050,76.0,22.727272727272727
3100,92.0,25.0
3150,72.0,25.135135135135133
3200,82.0,23.180592991913745
3250,88.0,20.533333333333335
3300,80.0,18.961038961038962
3350,84.0,23.116883116883116
3400,84.0,20.716112531969312
3450,78.0,20.918367346938776
3500,90.0,16.120906801007557
3550,76.0,10.268948655256724
3600,98.0,16.097560975609756
3650,82.0,22.54196642685851
3700,92.0,22.781774580335732
3750,94.0,14.047619047619047
3800,86.0,11.475409836065573
3850,86.0,16.359447004608295
3900,96.0,16.972477064220186
3950,76.0,19.196428571428573
4000,78.0,15.164835164835164
4050,92.0,8.932461873638346
4100,84.0,10.10752688172043
4150,92.0,12.205567451820128
4200,86.0,10.548523206751055
4250,84.0,14.730290456431536
4300,100.0,13.692946058091287
4350,80.0,15.853658536585366
4400,84.0,16.867469879518072
4450,76.0,17.322834645669293
4500,66.0,19.88527724665392
4550,88.0,16.257088846880908
4600,78.0,14.074074074074074
4650,98.0,14.78743068391867
4700,82.0,11.496350364963504
4750,80.0,2.867383512544803
4800,0.0,10.855263157894738
4850,100.0,19.078947368421055
4900,64.0,25.0
4950,62.0,22.23950233281493
5000,96.0,18.553459119496853
5050,68.0,12.615384615384615
5100,82.0,13.043478260869565
5150,90.0,11.007751937984496
5200,88.0,11.059907834101383
5250,80.0,10.74766355140187
5300,98.0,12.130637636080872
5350,82.0,9.969325153374232
5400,44.0,4.129793510324483
5450,72.0,11.271676300578035
5500,76.0,15.977175463623395
5550,38.0,6.0109289617486334
5600,92.0,11.307901907356948
5650,88.0,10.675675675675675
5700,78.0,9.63855421686747
5750,80.0,8.741721854304636
5800,96.0,9.006622516556291
5850,74.0,10.15625
5900,64.0,11.450381679389313
5950,88.0,8.333333333333332
6000,86.0,6.508135168961202
6050,74.0,11.538461538461538
6100,94.0,9.541511771995044
6150,68.0,3.8028169014084505
6200,100.0,10.84507042253521
6250,66.0,12.265512265512266
6300,96.0,13.043478260869565
6350,66.0,13.313161875945537
6400,78.0,18.75
6450,66.0,18.26086956521739
6500,92.0,16.37323943661972
6550,88.0,14.111498257839722
6600,96.0,0.7707129094412332
6650,12.0,9.591474245115453
6700,94.0,16.784452296819786
6750,52.0,24.817518248175183
6800,6.0,31.092436974789916
6850,80.0,21.52777777777778
6900,80.0,1.3618677042801557
6950,98.0,11.067961165048544
7000,92.0,8.99581589958159
7050,94.0,11.434511434511435
7100,96.0,12.215320910973086
7150,96.0,9.70464135021097
7200,92.0,9.643605870020965
7250,86.0,15.766738660907128
7300,94.0,18.095238095238095
7350,88.0,20.476190476190474
7400,90.0,17.73049645390071
7450,98.0,21.69811320754717
7500,96.0,16.666666666666664
7550,86.0,13.583138173302109
7600,90.0,13.42925659472422
7650,94.0,13.397129186602871
7700,98.0,16.30695443645084
7750,78.0,19.339622641509436
7800,100.0,20.99056603773585
7850,96.0,0.7042253521126761
7900,98.0,11.475409836065573
7950,92.0,12.529002320185615
8000,94.0,16.129032258064516
8050,96.0,11.697247706422019
8100,100.0,16.055045871559635
8150,90.0,10.430839002267573
8200,98.0,13.18181818181818
8250,90.0,13.707865168539326
8300,96.0,16.331096196868007
8350,80.0,13.785557986870897
8400,98.0,19.41309255079007
8450,72.0,20.21978021978022
8500,94.0,21.957040572792362
8550,78.0,21.627906976744185
8600,90.0,22.298850574712645
8650,86.0,21.040723981900452
8700,76.0,23.127753303964756
8750,100.0,20.704845814977972
8800,76.0,19.95708154506438
8850,100.0,19.95708154506438
8900,94.0,17.91044776119403
8950,98.0,14.255319148936172
9000,96.0,11.652542372881355
