250,46.800000000000004,88.3495145631068
500,88.0,99.07407407407408
750,78.8,96.26865671641791
1000,67.60000000000001,67.0
1250,84.0,99.1304347826087
1500,88.0,91.33858267716536
1750,74.0,93.57798165137615
2000,74.8,84.6938775510204
2250,79.60000000000001,95.19999999999999
2500,76.4,88.88888888888889
2750,75.6,95.34883720930233
3000,72.39999999999999,84.8
3250,78.4,95.14563106796116
3500,76.0,69.89247311827957
3750,52.0,98.0
4000,74.8,89.33333333333333
4250,83.2,93.25842696629213
4500,67.2,95.86206896551724
4750,79.60000000000001,97.26027397260275
5000,36.0,90.69767441860465
5250,77.60000000000001,98.54014598540147
5500,66.0,97.79411764705883
5750,62.4,96.20253164556962
6000,72.0,91.2751677852349
6250,61.199999999999996,95.65217391304348
6500,60.8,92.63803680981594
6750,50.8,95.02762430939227
7000,53.6,97.8021978021978
7250,76.4,94.54545454545455
7500,74.4,98.27586206896551
7750,83.2,94.44444444444444
8000,80.80000000000001,87.77777777777777
8250,86.4,75.78947368421053
8500,73.2,96.7032967032967
8750,83.6,76.34408602150538
9000,90.4,83.9080459770115
