250,0.0
500,0.0
750,0.0
1000,0.0
1250,0.0
1500,0.0
1750,0.0
2000,0.0
2250,0.4
2500,0.0
2750,0.0
3000,0.0
3250,0.0
3500,0.0
3750,0.0
4000,0.0
4250,0.4
4500,0.0
4750,0.0
5000,0.0
5250,0.0
5500,0.0
5750,0.0
6000,0.0
6250,0.4
6500,0.0
6750,0.0
7000,0.0
7250,0.0
7500,0.0
7750,0.0
8000,0.0
8250,0.4
8500,0.0
8750,0.0
9000,0.0
9250,0.0
9500,0.0
9750,0.0
10000,0.0
10250,0.4
10500,0.0
10750,0.0
11000,0.0
11250,0.0
11500,0.0
11750,0.0
12000,0.0
12250,0.4
12500,0.0
12750,0.0
13000,0.0
13250,0.0
13500,0.0
13750,0.0
14000,0.0
14250,0.4
14500,0.0
14750,0.0
15000,0.0
15250,0.0
15500,0.0
15750,0.0
16000,0.0
16250,0.4
16500,0.0
16750,0.0
17000,0.0
17250,0.0
17500,0.0
17750,0.0
18000,0.0
18250,0.4
18500,0.0
18750,0.0
19000,0.0
19250,0.0
19500,0.0
19750,0.0
20000,0.0
20250,0.4
20500,0.0
20750,0.0
21000,0.0
21250,0.0
21500,0.0
21750,0.0
22000,0.0
22250,0.4
22500,0.0
22750,0.0
23000,0.0
23250,0.0
23500,0.0
23750,0.0
24000,0.0
24250,0.4
24500,0.0
24750,0.0
25000,0.0
25250,0.0
25500,0.0
25750,0.0
26000,0.0
26250,0.4
26500,0.0
26750,0.0
27000,0.0
27250,0.0
27500,0.0
27750,0.0
28000,0.0
28250,0.4
28500,0.0
28750,0.0
29000,0.0
29250,0.0
29500,0.0
29750,0.0
30000,0.0
30250,0.4
30500,0.0
30750,0.0
31000,0.0
31250,0.0
31500,0.0
31750,0.0
32000,0.0
32250,0.4
32500,0.0
32750,0.0
33000,0.0
33250,0.0
33500,0.0
33750,0.0
34000,0.0
34250,0.4
34500,0.0
34750,0.0
35000,0.0
35250,0.0
35500,0.0
35750,0.0
36000,0.0
36250,0.4
36500,0.0
36750,0.0
37000,0.0
37250,0.0
37500,0.0
37750,0.0
38000,0.0
38250,0.4
38500,0.0
38750,0.0
39000,0.0
39250,0.0
39500,0.0
39750,0.0
40000,0.0
40250,0.4
40500,0.0
40750,0.0
41000,0.0
41250,0.0
41500,0.0
41750,0.0
42000,0.0
42250,0.4
42500,0.0
42750,0.0
43000,0.0
43250,0.0
43500,0.0
43750,0.0
44000,0.0
44250,0.4
44500,0.0
44750,0.0
45000,0.0
45250,0.0
45500,0.0
45750,0.0
46000,0.0
46250,0.4
46500,0.0
46750,0.0
47000,0.0
47250,0.0
47500,0.0
47750,0.0
48000,0.0
48250,0.4
48500,0.0
48750,0.0
49000,0.0
49250,0.0
49500,0.0
49750,0.0
50000,0.0
50250,0.4
50500,0.0
50750,0.0
51000,0.0
51250,0.0
51500,0.0
51750,0.0
52000,0.0
52250,49.6
52500,20.0
52750,22.0
53000,29.599999999999998
53250,38.0
53500,29.599999999999998
53750,53.2
54000,28.799999999999997
54250,38.0
54500,30.8
54750,32.0
55000,50.0
55250,59.599999999999994
55500,49.2
55750,35.199999999999996
56000,33.2
56250,51.6
56500,49.2
56750,50.0
57000,30.0
57250,27.200000000000003
57500,45.2
57750,56.8
58000,60.0
58250,25.2
58500,24.0
58750,45.6
59000,49.2
59250,42.4
59500,26.8
59750,28.000000000000004
60000,25.2
60250,40.8
60500,55.60000000000001
60750,37.6
61000,25.6
61250,26.8
61500,34.4
61750,30.4
62000,32.0
62250,26.400000000000002
62500,30.8
62750,29.2
63000,26.8
63250,21.6
63500,29.599999999999998
63750,45.2
64000,33.2
64250,56.8
64500,28.799999999999997
64750,26.0
65000,19.6
65250,37.2
65500,46.800000000000004
65750,25.2
66000,16.8
66250,25.6
66500,36.4
66750,35.199999999999996
67000,28.799999999999997
67250,33.2
67500,56.39999999999999
67750,43.6
68000,31.2
68250,16.8
68500,25.2
68750,59.599999999999994
69000,53.6
69250,29.2
69500,25.6
69750,29.599999999999998
70000,50.8
70250,42.0
70500,22.8
70750,16.400000000000002
71000,45.6
71250,56.00000000000001
71500,22.8
71750,19.2
72000,4.0
72250,16.400000000000002
72500,18.4
72750,30.4
73000,47.199999999999996
73250,49.6
73500,46.400000000000006
73750,54.400000000000006
74000,59.199999999999996
74250,84.0
74500,77.60000000000001
74750,82.0
75000,51.2
75250,47.199999999999996
75500,68.4
75750,65.60000000000001
76000,50.4
76250,66.4
76500,28.4
76750,69.6
77000,26.8
77250,78.4
77500,60.4
77750,40.400000000000006
78000,97.6
78250,3.2
