250,0.0
500,0.0
750,0.0
1000,0.0
1250,0.0
1500,0.0
1750,0.0
2000,0.0
2250,3.5999999999999996
2500,0.0
2750,0.0
3000,0.0
3250,0.0
3500,0.0
3750,0.0
4000,0.0
4250,3.5999999999999996
4500,0.0
4750,0.0
5000,0.0
5250,0.0
5500,0.0
5750,0.0
6000,0.0
6250,3.5999999999999996
6500,0.0
6750,0.0
7000,0.0
7250,0.0
7500,0.0
7750,0.0
8000,0.0
8250,3.5999999999999996
8500,0.0
8750,0.0
9000,0.0
9250,0.0
9500,0.0
9750,0.0
10000,0.0
10250,3.5999999999999996
10500,0.0
10750,0.0
11000,0.0
11250,0.0
11500,0.0
11750,0.0
12000,0.0
12250,3.5999999999999996
12500,0.0
12750,0.0
13000,0.0
13250,0.0
13500,0.0
13750,0.0
14000,0.0
14250,3.5999999999999996
14500,0.0
14750,0.0
15000,0.0
15250,0.0
15500,0.0
15750,0.0
16000,0.0
16250,3.5999999999999996
16500,0.0
16750,0.0
17000,0.0
17250,0.0
17500,0.0
17750,0.0
18000,0.0
18250,3.5999999999999996
18500,0.0
18750,0.0
19000,0.0
19250,0.0
19500,0.0
19750,0.0
20000,0.0
20250,3.5999999999999996
20500,0.0
20750,0.0
21000,0.0
21250,0.0
21500,0.0
21750,0.0
22000,0.0
22250,3.5999999999999996
22500,0.0
22750,0.0
23000,0.0
23250,0.0
23500,0.0
23750,0.0
24000,0.0
24250,3.5999999999999996
24500,0.0
24750,0.0
25000,0.0
25250,0.0
25500,0.0
25750,0.0
26000,0.0
26250,3.5999999999999996
26500,0.0
26750,0.0
27000,0.0
27250,0.0
27500,0.0
27750,0.0
28000,0.0
28250,3.5999999999999996
28500,0.0
28750,0.0
29000,0.0
29250,0.0
29500,0.0
29750,0.0
30000,0.0
30250,3.5999999999999996
30500,0.0
30750,0.0
31000,0.0
31250,0.0
31500,0.0
31750,0.0
32000,0.0
32250,3.5999999999999996
32500,0.0
32750,0.0
33000,0.0
33250,0.0
33500,0.0
33750,0.0
34000,0.0
34250,3.5999999999999996
34500,0.0
34750,0.0
35000,0.0
35250,0.0
35500,0.0
35750,0.0
36000,0.0
36250,3.5999999999999996
36500,0.0
36750,0.0
37000,0.0
37250,0.0
37500,0.0
37750,0.0
38000,0.0
38250,3.5999999999999996
38500,0.0
38750,0.0
39000,0.0
39250,0.0
39500,0.0
39750,0.0
40000,0.0
40250,3.5999999999999996
40500,0.0
40750,0.0
41000,0.0
41250,0.0
41500,0.0
41750,0.0
42000,0.0
42250,3.5999999999999996
42500,0.0
42750,0.0
43000,0.0
43250,0.0
43500,0.0
43750,0.0
44000,0.0
44250,3.5999999999999996
44500,0.0
44750,0.0
45000,0.0
45250,0.0
45500,0.0
45750,0.0
46000,0.0
46250,3.5999999999999996
46500,0.0
46750,0.0
47000,0.0
47250,0.0
47500,0.0
47750,0.0
48000,0.0
48250,3.5999999999999996
48500,0.0
48750,0.0
49000,0.0
49250,0.0
49500,0.0
49750,0.0
50000,0.0
50250,3.5999999999999996
50500,0.0
50750,0.0
51000,0.0
51250,0.0
51500,0.0
51750,0.0
52000,0.0
52250,52.800000000000004
52500,20.8
52750,30.4
53000,41.199999999999996
53250,41.6
53500,31.2
53750,62.4
54000,59.199999999999996
54250,64.0
54500,45.2
54750,34.4
55000,57.599999999999994
55250,69.6
55500,70.0
55750,53.2
56000,37.2
56250,57.99999999999999
56500,65.2
56750,80.4
57000,85.6
57250,64.0
57500,86.0
57750,98.8
58000,98.8
58250,54.400000000000006
58500,27.200000000000003
58750,49.2
59000,60.8
59250,48.0
59500,54.800000000000004
59750,28.799999999999997
60000,27.200000000000003
60250,57.599999999999994
60500,64.8
60750,65.60000000000001
61000,60.0
61250,62.0
61500,64.4
61750,60.8
62000,53.6
62250,61.6
62500,63.6
62750,52.400000000000006
63000,28.4
63250,24.4
63500,30.4
63750,47.199999999999996
64000,62.4
64250,70.0
64500,50.0
64750,26.0
65000,48.4
65250,93.2
65500,95.19999999999999
65750,79.60000000000001
66000,47.599999999999994
66250,66.8
66500,91.60000000000001
66750,77.60000000000001
67000,48.0
67250,33.2
67500,57.99999999999999
67750,52.800000000000004
68000,60.8
68250,30.0
68500,29.599999999999998
68750,64.0
69000,72.0
69250,91.60000000000001
69500,64.4
69750,63.2
70000,90.8
70250,92.80000000000001
70500,81.2
70750,54.400000000000006
71000,52.400000000000006
71250,67.2
71500,49.2
71750,36.8
72000,6.4
72250,22.8
72500,22.0
72750,32.800000000000004
73000,48.8
73250,50.4
73500,46.400000000000006
73750,55.2
74000,59.199999999999996
74250,84.39999999999999
74500,97.2
74750,95.6
75000,85.6
75250,47.199999999999996
75500,86.0
75750,95.19999999999999
76000,67.2
76250,74.4
76500,59.599999999999994
76750,84.39999999999999
77000,44.0
77250,83.6
77500,60.4
77750,46.0
78000,97.6
78250,8.4
