250,0.0
500,0.0
750,0.0
1000,0.0
1250,0.0
1500,0.0
1750,0.0
2000,0.0
2250,6.0
2500,33.2
2750,100.0
3000,100.0
3250,100.0
3500,100.0
3750,40.400000000000006
4000,0.0
4250,6.0
4500,33.6
4750,100.0
5000,100.0
5250,100.0
5500,100.0
5750,40.400000000000006
6000,0.0
6250,6.0
6500,33.6
6750,100.0
7000,100.0
7250,100.0
7500,100.0
7750,40.400000000000006
8000,0.0
8250,6.0
8500,33.6
8750,100.0
9000,100.0
9250,100.0
9500,100.0
9750,40.400000000000006
10000,0.0
10250,6.0
10500,33.6
10750,100.0
11000,100.0
11250,100.0
11500,100.0
11750,40.400000000000006
12000,0.0
12250,6.0
12500,33.6
12750,100.0
13000,100.0
13250,100.0
13500,100.0
13750,40.400000000000006
14000,0.0
14250,6.0
14500,33.6
14750,100.0
15000,100.0
15250,100.0
15500,100.0
15750,40.400000000000006
16000,0.0
16250,6.0
16500,33.6
16750,100.0
17000,100.0
17250,100.0
17500,100.0
17750,40.400000000000006
18000,0.0
18250,6.0
18500,33.6
18750,100.0
19000,100.0
19250,100.0
19500,100.0
19750,40.400000000000006
20000,0.0
20250,6.0
20500,33.6
20750,100.0
21000,100.0
21250,100.0
21500,100.0
21750,40.400000000000006
22000,0.0
22250,6.0
22500,33.6
22750,100.0
23000,100.0
23250,100.0
23500,100.0
23750,40.400000000000006
24000,0.0
24250,6.0
24500,33.6
24750,100.0
25000,100.0
25250,100.0
25500,100.0
25750,40.400000000000006
26000,0.0
26250,6.0
26500,33.6
26750,100.0
27000,100.0
27250,100.0
27500,100.0
27750,40.400000000000006
28000,0.0
28250,6.0
28500,33.6
28750,100.0
29000,100.0
29250,100.0
29500,100.0
29750,40.400000000000006
30000,0.0
30250,6.0
30500,33.6
30750,100.0
31000,100.0
31250,100.0
31500,100.0
31750,40.400000000000006
32000,0.0
32250,6.0
32500,33.6
32750,100.0
33000,100.0
33250,100.0
33500,100.0
33750,40.400000000000006
34000,0.0
34250,6.0
34500,33.6
34750,100.0
35000,100.0
35250,100.0
35500,100.0
35750,40.400000000000006
36000,0.0
36250,6.0
36500,33.6
36750,100.0
37000,100.0
37250,100.0
37500,100.0
37750,40.400000000000006
38000,0.0
38250,6.0
38500,33.6
38750,100.0
39000,100.0
39250,100.0
39500,100.0
39750,40.400000000000006
40000,0.0
40250,6.0
40500,33.6
40750,100.0
41000,100.0
41250,100.0
41500,100.0
41750,40.400000000000006
42000,0.0
42250,6.0
42500,33.6
42750,100.0
43000,100.0
43250,100.0
43500,100.0
43750,40.400000000000006
44000,0.0
44250,6.0
44500,33.6
44750,100.0
45000,100.0
45250,100.0
45500,100.0
45750,40.400000000000006
46000,0.0
46250,6.0
46500,33.6
46750,100.0
47000,100.0
47250,100.0
47500,100.0
47750,40.400000000000006
48000,0.0
48250,6.0
48500,33.6
48750,100.0
49000,100.0
49250,100.0
49500,100.0
49750,40.400000000000006
50000,0.0
50250,6.0
50500,33.6
50750,100.0
51000,100.0
51250,100.0
51500,100.0
51750,40.400000000000006
52000,0.0
52250,55.2
52500,20.8
52750,63.2
53000,100.0
53250,100.0
53500,100.0
53750,100.0
54000,100.0
54250,100.0
54500,100.0
54750,100.0
55000,87.2
55250,69.6
55500,70.0
55750,52.800000000000004
56000,37.2
56250,58.8
56500,65.2
56750,85.6
57000,85.6
57250,64.4
57500,86.8
57750,98.8
58000,98.8
58250,84.0
58500,59.199999999999996
58750,83.6
59000,95.6
59250,74.8
59500,55.2
59750,28.799999999999997
60000,27.200000000000003
60250,57.599999999999994
60500,64.4
60750,76.0
61000,60.0
61250,62.0
61500,64.4
61750,60.8
62000,54.0
62250,61.6
62500,63.6
62750,64.4
63000,62.4
63250,59.199999999999996
63500,63.2
63750,78.4
64000,95.6
64250,95.6
64500,84.8
64750,26.0
65000,60.8
65250,93.2
65500,95.19999999999999
65750,81.6
66000,48.0
66250,67.60000000000001
66500,91.60000000000001
66750,93.60000000000001
67000,77.2
67250,63.2
67500,86.0
67750,82.8
68000,94.0
68250,61.6
68500,61.199999999999996
68750,63.6
69000,84.0
69250,91.60000000000001
69500,64.0
69750,64.4
70000,91.2
70250,92.80000000000001
70500,81.6
70750,54.400000000000006
71000,79.60000000000001
71250,94.0
71500,82.39999999999999
71750,68.4
72000,40.400000000000006
72250,56.39999999999999
72500,63.2
72750,33.2
73000,48.8
73250,50.8
73500,46.400000000000006
73750,55.2
74000,59.199999999999996
74250,84.39999999999999
74500,97.2
74750,95.6
75000,85.6
75250,47.199999999999996
75500,86.0
75750,95.19999999999999
76000,67.2
76250,74.4
76500,59.599999999999994
76750,84.39999999999999
77000,44.0
77250,83.6
77500,60.4
77750,46.0
78000,97.6
78250,8.4
