250,0.0
500,0.0
750,0.0
1000,0.0
1250,0.0
1500,0.0
1750,0.0
2000,0.0
2250,79.60000000000001
2500,0.0
2750,0.0
3000,0.0
3250,0.0
3500,0.0
3750,0.0
4000,0.0
4250,79.60000000000001
4500,0.0
4750,0.0
5000,0.0
5250,0.0
5500,0.0
5750,0.0
6000,0.0
6250,79.60000000000001
6500,0.0
6750,0.0
7000,0.0
7250,0.0
7500,0.0
7750,0.0
8000,0.0
8250,79.60000000000001
8500,0.0
8750,0.0
9000,0.0
9250,0.0
9500,0.0
9750,0.0
10000,0.0
10250,79.60000000000001
10500,0.0
10750,0.0
11000,0.0
11250,0.0
11500,0.0
11750,0.0
12000,0.0
12250,79.60000000000001
12500,0.0
12750,0.0
13000,0.0
13250,0.0
13500,0.0
13750,0.0
14000,0.0
14250,79.60000000000001
14500,0.0
14750,0.0
15000,0.0
15250,0.0
15500,0.0
15750,0.0
16000,0.0
16250,79.60000000000001
16500,0.0
16750,0.0
17000,0.0
17250,0.0
17500,0.0
17750,0.0
18000,0.0
18250,79.60000000000001
18500,0.0
18750,0.0
19000,0.0
19250,0.0
19500,0.0
19750,0.0
20000,0.0
20250,79.60000000000001
20500,0.0
20750,0.0
21000,0.0
21250,0.0
21500,0.0
21750,0.0
22000,0.0
22250,79.60000000000001
22500,0.0
22750,0.0
23000,0.0
23250,0.0
23500,0.0
23750,0.0
24000,0.0
24250,79.60000000000001
24500,0.0
24750,0.0
25000,0.0
25250,0.0
25500,0.0
25750,0.0
26000,0.0
26250,79.60000000000001
26500,0.0
26750,0.0
27000,0.0
27250,0.0
27500,0.0
27750,0.0
28000,0.0
28250,79.60000000000001
28500,0.0
28750,0.0
29000,0.0
29250,0.0
29500,0.0
29750,0.0
30000,0.0
30250,79.60000000000001
30500,0.0
30750,0.0
31000,0.0
31250,0.0
31500,0.0
31750,0.0
32000,0.0
32250,79.60000000000001
32500,0.0
32750,0.0
33000,0.0
33250,0.0
33500,0.0
33750,0.0
34000,0.0
34250,79.60000000000001
34500,0.0
34750,0.0
35000,0.0
35250,0.0
35500,0.0
35750,0.0
36000,0.0
36250,79.60000000000001
36500,0.0
36750,0.0
37000,0.0
37250,0.0
37500,0.0
37750,0.0
38000,0.0
38250,79.60000000000001
38500,0.0
38750,0.0
39000,0.0
39250,0.0
39500,0.0
39750,0.0
40000,0.0
40250,79.60000000000001
40500,0.0
40750,0.0
41000,0.0
41250,0.0
41500,0.0
41750,0.0
42000,0.0
42250,79.60000000000001
42500,0.0
42750,0.0
43000,0.0
43250,0.0
43500,0.0
43750,0.0
44000,0.0
44250,79.60000000000001
44500,0.0
44750,0.0
45000,0.0
45250,0.0
45500,0.0
45750,0.0
46000,0.0
46250,79.60000000000001
46500,0.0
46750,0.0
47000,0.0
47250,0.0
47500,0.0
47750,0.0
48000,0.0
48250,79.60000000000001
48500,0.0
48750,0.0
49000,0.0
49250,0.0
49500,0.0
49750,0.0
50000,0.0
50250,79.60000000000001
50500,0.0
50750,0.0
51000,0.0
51250,0.0
51500,0.0
51750,0.0
52000,0.0
52250,99.6
52500,49.6
52750,2.0
53000,12.0
53250,33.6
53500,10.8
53750,36.0
54000,5.6000000000000005
54250,20.8
54500,13.600000000000001
54750,3.2
55000,8.0
55250,19.6
55500,34.8
55750,14.000000000000002
56000,31.6
56250,36.4
56500,18.0
56750,20.0
57000,21.2
57250,4.3999999999999995
57500,18.4
57750,24.8
58000,44.800000000000004
58250,16.400000000000002
58500,6.800000000000001
58750,18.4
59000,25.2
59250,20.0
59500,5.6000000000000005
59750,3.2
60000,8.0
60250,1.6
60500,11.600000000000001
60750,0.0
61000,1.6
61250,0.4
61500,16.400000000000002
61750,2.0
62000,12.4
62250,24.0
62500,0.8
62750,21.6
63000,18.8
63250,4.0
63500,11.200000000000001
63750,31.6
64000,28.799999999999997
64250,31.2
64500,1.6
64750,2.8000000000000003
65000,3.2
65250,8.4
65500,7.6
65750,7.199999999999999
66000,0.0
66250,6.0
66500,0.0
66750,6.0
67000,4.8
67250,32.0
67500,28.799999999999997
67750,13.200000000000001
68000,4.0
68250,2.4
68500,2.4
68750,29.599999999999998
69000,14.399999999999999
69250,8.799999999999999
69500,15.6
69750,2.8000000000000003
70000,3.5999999999999996
70250,6.0
70500,0.0
70750,0.0
71000,6.0
71250,8.4
71500,8.4
71750,0.0
72000,0.0
72250,0.0
72500,1.2
72750,20.8
73000,41.6
73250,44.0
73500,39.6
73750,44.4
74000,50.4
74250,70.39999999999999
74500,69.19999999999999
74750,64.4
75000,41.6
75250,48.4
75500,58.8
75750,46.400000000000006
76000,28.000000000000004
76250,30.8
76500,15.6
76750,21.6
77000,6.0
77250,15.6
77500,13.200000000000001
77750,8.4
78000,21.6
78250,0.0
