250,0.0
500,0.0
750,0.0
1000,0.0
1250,0.0
1500,0.0
1750,0.0
2000,0.0
2250,99.6
2500,100.0
2750,100.0
3000,100.0
3250,100.0
3500,100.0
3750,100.0
4000,20.0
4250,99.6
4500,100.0
4750,100.0
5000,100.0
5250,100.0
5500,100.0
5750,100.0
6000,20.0
6250,99.6
6500,100.0
6750,100.0
7000,100.0
7250,100.0
7500,100.0
7750,100.0
8000,20.0
8250,99.6
8500,100.0
8750,100.0
9000,100.0
9250,100.0
9500,100.0
9750,100.0
10000,20.0
10250,99.6
10500,100.0
10750,100.0
11000,100.0
11250,100.0
11500,100.0
11750,100.0
12000,20.0
12250,99.6
12500,100.0
12750,100.0
13000,100.0
13250,100.0
13500,100.0
13750,100.0
14000,20.0
14250,99.6
14500,100.0
14750,100.0
15000,100.0
15250,100.0
15500,100.0
15750,100.0
16000,20.0
16250,99.6
16500,100.0
16750,100.0
17000,100.0
17250,100.0
17500,100.0
17750,100.0
18000,20.0
18250,99.6
18500,100.0
18750,100.0
19000,100.0
19250,100.0
19500,100.0
19750,100.0
20000,20.0
20250,99.6
20500,100.0
20750,100.0
21000,100.0
21250,100.0
21500,100.0
21750,100.0
22000,20.0
22250,99.6
22500,100.0
22750,100.0
23000,100.0
23250,100.0
23500,100.0
23750,100.0
24000,20.0
24250,99.6
24500,100.0
24750,100.0
25000,100.0
25250,100.0
25500,100.0
25750,100.0
26000,20.0
26250,99.6
26500,100.0
26750,100.0
27000,100.0
27250,100.0
27500,100.0
27750,100.0
28000,20.0
28250,99.6
28500,100.0
28750,100.0
29000,100.0
29250,100.0
29500,100.0
29750,100.0
30000,20.0
30250,99.6
30500,100.0
30750,100.0
31000,100.0
31250,100.0
31500,100.0
31750,100.0
32000,20.0
32250,99.6
32500,100.0
32750,100.0
33000,100.0
33250,100.0
33500,100.0
33750,100.0
34000,20.0
34250,99.6
34500,100.0
34750,100.0
35000,100.0
35250,100.0
35500,100.0
35750,100.0
36000,20.0
36250,99.6
36500,100.0
36750,100.0
37000,100.0
37250,100.0
37500,100.0
37750,100.0
38000,20.0
38250,99.6
38500,100.0
38750,100.0
39000,100.0
39250,100.0
39500,100.0
39750,100.0
40000,20.0
40250,99.6
40500,100.0
40750,100.0
41000,100.0
41250,100.0
41500,100.0
41750,100.0
42000,20.0
42250,99.6
42500,100.0
42750,100.0
43000,100.0
43250,100.0
43500,100.0
43750,100.0
44000,20.0
44250,99.6
44500,100.0
44750,100.0
45000,100.0
45250,100.0
45500,100.0
45750,100.0
46000,20.0
46250,99.6
46500,100.0
46750,100.0
47000,100.0
47250,100.0
47500,100.0
47750,100.0
48000,20.0
48250,99.6
48500,100.0
48750,100.0
49000,100.0
49250,100.0
49500,100.0
49750,100.0
50000,20.0
50250,99.6
50500,100.0
50750,100.0
51000,100.0
51250,100.0
51500,100.0
51750,100.0
52000,20.0
52250,99.6
52500,100.0
52750,100.0
53000,100.0
53250,100.0
53500,100.0
53750,100.0
54000,100.0
54250,100.0
54500,100.0
54750,100.0
55000,100.0
55250,100.0
55500,100.0
55750,60.0
56000,37.2
56250,58.8
56500,66.0
56750,69.19999999999999
57000,54.0
57250,34.0
57500,56.8
57750,68.8
58000,71.6
58250,50.8
58500,27.6
58750,51.6
59000,61.199999999999996
59250,49.6
59500,56.39999999999999
59750,31.2
60000,26.8
60250,64.0
60500,64.8
60750,57.99999999999999
61000,27.200000000000003
61250,31.6
61500,34.4
61750,32.4
62000,38.4
62250,27.200000000000003
62500,31.2
62750,30.8
63000,26.8
63250,23.200000000000003
63500,31.6
63750,36.8
64000,33.2
64250,51.2
64500,25.2
64750,25.6
65000,24.0
65250,64.4
65500,64.4
65750,49.6
66000,17.2
66250,26.8
66500,56.39999999999999
66750,60.4
67000,45.6
67250,33.6
67500,57.99999999999999
67750,51.2
68000,60.8
68250,30.4
68500,28.4
68750,64.4
69000,64.8
69250,59.599999999999994
69500,29.599999999999998
69750,31.2
70000,56.39999999999999
70250,62.8
70500,47.199999999999996
70750,21.2
71000,46.800000000000004
71250,64.8
71500,48.0
71750,34.0
72000,4.3999999999999995
72250,21.2
72500,22.8
72750,35.199999999999996
73000,52.800000000000004
73250,52.400000000000006
73500,50.0
73750,57.99999999999999
74000,61.199999999999996
74250,80.0
74500,72.0
74750,78.4
75000,49.2
75250,48.4
75500,86.0
75750,95.19999999999999
76000,67.2
76250,74.4
76500,59.599999999999994
76750,84.39999999999999
77000,44.0
77250,83.6
77500,60.4
77750,46.0
78000,97.6
78250,8.4
