250,0.0
500,0.0
750,0.0
1000,0.0
1250,0.0
1500,0.0
1750,0.0
2000,0.0
2250,39.6
2500,0.0
2750,0.0
3000,0.0
3250,0.0
3500,0.0
3750,0.0
4000,0.0
4250,39.6
4500,0.0
4750,0.0
5000,0.0
5250,0.0
5500,0.0
5750,0.0
6000,0.0
6250,39.6
6500,0.0
6750,0.0
7000,0.0
7250,0.0
7500,0.0
7750,0.0
8000,0.0
8250,39.6
8500,0.0
8750,0.0
9000,0.0
9250,0.0
9500,0.0
9750,0.0
10000,0.0
10250,39.6
10500,0.0
10750,0.0
11000,0.0
11250,0.0
11500,0.0
11750,0.0
12000,0.0
12250,39.6
12500,0.0
12750,0.0
13000,0.0
13250,0.0
13500,0.0
13750,0.0
14000,0.0
14250,39.6
14500,0.0
14750,0.0
15000,0.0
15250,0.0
15500,0.0
15750,0.0
16000,0.0
16250,39.6
16500,0.0
16750,0.0
17000,0.0
17250,0.0
17500,0.0
17750,0.0
18000,0.0
18250,39.6
18500,0.0
18750,0.0
19000,0.0
19250,0.0
19500,0.0
19750,0.0
20000,0.0
20250,39.6
20500,0.0
20750,0.0
21000,0.0
21250,0.0
21500,0.0
21750,0.0
22000,0.0
22250,39.6
22500,0.0
22750,0.0
23000,0.0
23250,0.0
23500,0.0
23750,0.0
24000,0.0
24250,39.6
24500,0.0
24750,0.0
25000,0.0
25250,0.0
25500,0.0
25750,0.0
26000,0.0
26250,39.6
26500,0.0
26750,0.0
27000,0.0
27250,0.0
27500,0.0
27750,0.0
28000,0.0
28250,39.6
28500,0.0
28750,0.0
29000,0.0
29250,0.0
29500,0.0
29750,0.0
30000,0.0
30250,39.6
30500,0.0
30750,0.0
31000,0.0
31250,0.0
31500,0.0
31750,0.0
32000,0.0
32250,39.6
32500,0.0
32750,0.0
33000,0.0
33250,0.0
33500,0.0
33750,0.0
34000,0.0
34250,39.6
34500,0.0
34750,0.0
35000,0.0
35250,0.0
35500,0.0
35750,0.0
36000,0.0
36250,39.6
36500,0.0
36750,0.0
37000,0.0
37250,0.0
37500,0.0
37750,0.0
38000,0.0
38250,39.6
38500,0.0
38750,0.0
39000,0.0
39250,0.0
39500,0.0
39750,0.0
40000,0.0
40250,39.6
40500,0.0
40750,0.0
41000,0.0
41250,0.0
41500,0.0
41750,0.0
42000,0.0
42250,39.6
42500,0.0
42750,0.0
43000,0.0
43250,0.0
43500,0.0
43750,0.0
44000,0.0
44250,39.6
44500,0.0
44750,0.0
45000,0.0
45250,0.0
45500,0.0
45750,0.0
46000,0.0
46250,39.6
46500,0.0
46750,0.0
47000,0.0
47250,0.0
47500,0.0
47750,0.0
48000,0.0
48250,39.6
48500,0.0
48750,0.0
49000,0.0
49250,0.0
49500,0.0
49750,0.0
50000,0.0
50250,39.6
50500,0.0
50750,0.0
51000,0.0
51250,0.0
51500,0.0
51750,0.0
52000,0.0
52250,89.2
52500,20.0
52750,2.0
53000,8.0
53250,4.8
53500,6.4
53750,24.4
54000,1.2
54250,4.8
54500,0.0
54750,2.0
55000,7.6
55250,0.4
55500,9.2
55750,0.0
56000,3.5999999999999996
56250,8.4
56500,0.0
56750,6.0
57000,0.0
57250,0.0
57500,8.4
57750,0.0
58000,6.0
58250,1.6
58500,0.8
58750,6.0
59000,0.0
59250,10.0
59500,2.0
59750,0.0
60000,4.3999999999999995
60250,1.6
60500,6.0
60750,0.0
61000,0.0
61250,0.0
61500,2.0
61750,2.0
62000,7.6
62250,0.0
62500,0.0
62750,0.0
63000,0.0
63250,0.0
63500,0.0
63750,5.2
64000,1.2
64250,8.799999999999999
64500,0.0
64750,0.0
65000,3.2
65250,5.2
65500,6.0
65750,2.4
66000,0.0
66250,6.0
66500,0.0
66750,6.0
67000,0.0
67250,0.0
67500,8.4
67750,4.3999999999999995
68000,4.0
68250,2.4
68500,0.0
68750,6.0
69000,10.4
69250,0.0
69500,0.0
69750,2.8000000000000003
70000,3.5999999999999996
70250,6.0
70500,0.0
70750,0.0
71000,6.0
71250,4.3999999999999995
71500,8.4
71750,0.0
72000,0.0
72250,0.0
72500,0.4
72750,0.4
73000,29.599999999999998
73250,12.4
73500,0.0
73750,27.6
74000,34.8
74250,62.8
74500,51.6
74750,54.0
75000,11.200000000000001
75250,0.0
75500,6.0
75750,6.0
76000,0.0
76250,27.6
76500,6.0
76750,12.0
77000,6.0
77250,6.0
77500,8.0
77750,4.0
78000,12.0
78250,0.0
