250,0.0
500,0.0
750,0.0
1000,0.0
1250,0.0
1500,0.0
1750,0.0
2000,0.0
2250,99.6
2500,100.0
2750,100.0
3000,20.0
3250,0.0
3500,0.0
3750,0.0
4000,0.0
4250,99.6
4500,100.0
4750,100.0
5000,20.0
5250,0.0
5500,0.0
5750,0.0
6000,0.0
6250,99.6
6500,100.0
6750,100.0
7000,20.0
7250,0.0
7500,0.0
7750,0.0
8000,0.0
8250,99.6
8500,100.0
8750,100.0
9000,20.0
9250,0.0
9500,0.0
9750,0.0
10000,0.0
10250,99.6
10500,100.0
10750,100.0
11000,20.0
11250,0.0
11500,0.0
11750,0.0
12000,0.0
12250,99.6
12500,100.0
12750,100.0
13000,20.0
13250,0.0
13500,0.0
13750,0.0
14000,0.0
14250,99.6
14500,100.0
14750,100.0
15000,20.0
15250,0.0
15500,0.0
15750,0.0
16000,0.0
16250,99.6
16500,100.0
16750,100.0
17000,20.0
17250,0.0
17500,0.0
17750,0.0
18000,0.0
18250,99.6
18500,100.0
18750,100.0
19000,20.0
19250,0.0
19500,0.0
19750,0.0
20000,0.0
20250,99.6
20500,100.0
20750,100.0
21000,20.0
21250,0.0
21500,0.0
21750,0.0
22000,0.0
22250,99.6
22500,100.0
22750,100.0
23000,20.0
23250,0.0
23500,0.0
23750,0.0
24000,0.0
24250,99.6
24500,100.0
24750,100.0
25000,20.0
25250,0.0
25500,0.0
25750,0.0
26000,0.0
26250,99.6
26500,100.0
26750,100.0
27000,20.0
27250,0.0
27500,0.0
27750,0.0
28000,0.0
28250,99.6
28500,100.0
28750,100.0
29000,20.0
29250,0.0
29500,0.0
29750,0.0
30000,0.0
30250,99.6
30500,100.0
30750,100.0
31000,20.0
31250,0.0
31500,0.0
31750,0.0
32000,0.0
32250,99.6
32500,100.0
32750,100.0
33000,20.0
33250,0.0
33500,0.0
33750,0.0
34000,0.0
34250,99.6
34500,100.0
34750,100.0
35000,20.0
35250,0.0
35500,0.0
35750,0.0
36000,0.0
36250,99.6
36500,100.0
36750,100.0
37000,20.0
37250,0.0
37500,0.0
37750,0.0
38000,0.0
38250,99.6
38500,100.0
38750,100.0
39000,20.0
39250,0.0
39500,0.0
39750,0.0
40000,0.0
40250,99.6
40500,100.0
40750,100.0
41000,20.0
41250,0.0
41500,0.0
41750,0.0
42000,0.0
42250,99.6
42500,100.0
42750,100.0
43000,20.0
43250,0.0
43500,0.0
43750,0.0
44000,0.0
44250,99.6
44500,100.0
44750,100.0
45000,20.0
45250,0.0
45500,0.0
45750,0.0
46000,0.0
46250,99.6
46500,100.0
46750,100.0
47000,20.0
47250,0.0
47500,0.0
47750,0.0
48000,0.0
48250,99.6
48500,100.0
48750,100.0
49000,20.0
49250,0.0
49500,0.0
49750,0.0
50000,0.0
50250,99.6
50500,100.0
50750,100.0
51000,20.0
51250,0.0
51500,0.0
51750,0.0
52000,0.0
52250,99.6
52500,100.0
52750,100.0
53000,100.0
53250,100.0
53500,34.8
53750,53.6
54000,30.0
54250,40.8
54500,32.800000000000004
54750,32.800000000000004
55000,51.2
55250,42.4
55500,49.2
55750,36.8
56000,34.0
56250,52.400000000000006
56500,28.4
56750,50.0
57000,33.2
57250,32.0
57500,46.400000000000006
57750,38.4
58000,55.2
58250,26.8
58500,26.8
58750,48.4
59000,26.400000000000002
59250,38.4
59500,28.000000000000004
59750,31.2
60000,25.2
60250,35.199999999999996
60500,45.2
60750,31.6
61000,26.400000000000002
61250,29.599999999999998
61500,34.4
61750,30.8
62000,37.6
62250,27.200000000000003
62500,30.0
62750,30.8
63000,26.8
63250,21.6
63500,31.2
63750,35.199999999999996
64000,32.4
64250,50.4
64500,20.8
64750,25.2
65000,22.0
65250,37.6
65500,41.6
65750,22.8
66000,16.400000000000002
66250,20.0
66500,25.6
66750,36.8
67000,31.6
67250,33.6
67500,45.2
67750,24.0
68000,30.4
68250,18.8
68500,26.400000000000002
68750,44.0
69000,46.0
69250,27.200000000000003
69500,26.0
69750,29.2
70000,20.4
70250,44.4
70500,20.4
70750,19.2
71000,37.6
71250,33.2
71500,19.2
71750,19.6
72000,4.3999999999999995
72250,17.599999999999998
72500,18.0
72750,28.799999999999997
73000,48.4
73250,50.0
73500,44.800000000000004
73750,54.800000000000004
74000,60.0
74250,79.60000000000001
74500,72.0
74750,78.0
75000,48.4
75250,48.4
75500,86.0
75750,95.19999999999999
76000,67.2
76250,74.4
76500,59.599999999999994
76750,84.39999999999999
77000,44.0
77250,83.6
77500,60.4
77750,46.0
78000,97.6
78250,8.4
