500,0.0,0.0
1000,0.0,20.8
1500,0.0,47.199999999999996
2000,0.0,60.4
2500,1.4000000000000001,33.288948069241016
3000,0.0,0.9009009009009009
3500,0.0,0.600400266844563
4000,0.0,0.4502251125562781
4500,1.4000000000000001,32.84477015323118
5000,0.0,99.3993993993994
5500,0.0,99.59973315543695
6000,0.0,99.69984992496248
6500,1.4000000000000001,0.15
7000,0.0,0.3
7500,58.4,14.799999999999999
8000,100.0,25.0
8500,99.8,98.79759519038076
9000,60.0,99.3993993993994
9500,0.0,99.59973315543695
10000,0.0,99.64859437751004
10500,99.8,25.087807325639737
11000,58.4,50.175614651279474
11500,0.0,75.26342197691922
12000,0.2,12.5
12500,99.8,25.0
13000,58.599999999999994,62.5
13500,0.0,100.0
14000,0.0,50.0
14500,99.8,37.5
15000,60.0,75.0
15500,0.0,25.0
16000,0.0,62.5
16500,99.8,37.5
17000,60.0,75.0
17500,0.0,25.0
18000,0.0,55.55555555555556
18500,99.8,98.79518072289156
19000,60.0,99.39879759519037
19500,0.0,99.59946595460613
20000,0.0,78.82882882882883
20500,99.8,25.012506253126567
21000,58.4,10.455227613806903
21500,0.0,35.467733866933465
22000,1.6,33.33333333333333
22500,99.8,98.79518072289156
23000,60.0,79.45891783567134
23500,0.0,52.93724966622163
24000,0.0,40.090090090090094
24500,99.8,25.012506253126567
25000,58.4,49.6248124062031
25500,0.0,74.63731865932967
26000,1.6,33.33333333333333
26500,99.8,98.79518072289156
27000,60.0,99.39879759519037
27500,0.0,99.59946595460613
28000,0.0,78.82882882882883
28500,99.8,25.012506253126567
29000,58.4,10.455227613806903
29500,0.0,35.467733866933465
30000,1.6,37.5
30500,99.8,37.5
31000,60.0,75.0
31500,0.0,25.0
32000,0.0,62.5
32500,99.8,37.5
33000,60.0,75.0
33500,0.0,25.0
34000,0.0,62.5
34500,99.8,37.5
35000,60.0,75.0
35500,0.0,25.0
36000,0.0,55.55555555555556
36500,99.8,98.79518072289156
37000,60.0,79.45891783567134
37500,0.0,52.93724966622163
38000,0.0,60.51051051051051
38500,99.8,25.012506253126567
39000,58.4,10.455227613806903
39500,0.0,35.467733866933465
40000,1.6,33.33333333333333
40500,99.8,98.79518072289156
41000,60.0,99.39879759519037
41500,0.0,99.59946595460613
42000,0.0,99.24924924924925
42500,99.8,25.012506253126567
43000,58.4,49.6248124062031
43500,0.0,74.63731865932967
44000,1.6,33.33333333333333
44500,99.8,98.79518072289156
45000,60.0,79.45891783567134
45500,0.0,52.93724966622163
46000,0.0,60.51051051051051
46500,99.8,25.012506253126567
47000,58.4,10.455227613806903
47500,0.0,35.467733866933465
48000,1.6,37.5
48500,99.8,37.5
49000,60.0,75.0
49500,0.0,25.0
50000,0.0,62.5
50500,99.8,37.5
51000,60.0,75.0
51500,0.0,25.0
52000,0.0,62.5
52500,99.8,50.0
53000,100.0,87.5
53500,67.4,75.0
54000,41.8,25.0
54500,36.8,14.285714285714285
55000,42.0,15.352112676056336
55500,45.800000000000004,21.205597416576964
56000,35.4,11.461794019933555
56500,40.400000000000006,17.155110793423876
57000,41.6,13.010685103708358
57500,39.2,81.0126582278481
58000,46.800000000000004,62.98701298701299
58500,26.8,5.471698113207547
59000,37.4,12.840466926070038
59500,33.2,17.325227963525837
60000,28.199999999999996,95.3125
60500,40.2,31.818181818181817
61000,28.999999999999996,87.5
61500,32.0,44.26229508196721
62000,34.2,98.33333333333333
62500,28.599999999999998,68.29268292682927
63000,28.799999999999997,60.86956521739131
63500,26.400000000000002,38.46153846153847
64000,33.800000000000004,56.56108597285068
64500,35.6,58.730158730158735
65000,23.599999999999998,30.82706766917293
65500,39.6,69.5945945945946
66000,19.6,64.9155722326454
66500,22.8,2.340702210663199
67000,34.2,44.64751958224543
67500,39.4,78.4090909090909
68000,27.200000000000003,45.16765285996055
68500,22.6,1.7322834645669292
69000,44.6,68.96551724137932
69500,26.6,91.95402298850574
70000,24.8,60.86956521739131
70500,32.4,60.86956521739131
71000,28.4,49.6
71500,26.200000000000003,94.73684210526315
72000,12.0,33.737864077669904
72500,17.8,65.57377049180327
73000,38.6,90.1639344262295
73500,47.4,97.40259740259741
74000,57.4,56.33802816901409
74500,75.8,43.44262295081967
75000,63.2,56.25
75500,67.2,64.60176991150442
76000,81.2,12.156862745098039
76500,67.0,50.76142131979695
77000,64.2,3.8394415357766145
77500,72.0,0.8415147265077139
78000,71.8,9.836065573770492
