500,0.0,0.0
1000,0.0,0.0
1500,0.0,0.0
2000,0.0,10.9
2500,59.599999999999994,28.042624789680314
3000,100.0,56.08524957936063
3500,100.0,84.12787436904094
4000,60.199999999999996,1.8509254627313656
4500,59.8,27.089175546831186
5000,100.0,55.131800336511496
5500,100.0,83.1744251261918
6000,60.199999999999996,10.285132382892057
6500,63.4,26.135726303982054
7000,100.0,54.17835109366237
7500,100.0,82.22097588334269
8000,60.199999999999996,10.381593714927048
8500,99.8,28.058361391694724
9000,100.0,56.11672278338945
9500,100.0,84.17508417508418
10000,60.0,12.289562289562289
10500,99.8,28.058361391694724
11000,100.0,56.11672278338945
11500,100.0,84.17508417508418
12000,60.0,12.289562289562289
12500,99.8,28.058361391694724
13000,100.0,56.11672278338945
13500,100.0,84.17508417508418
14000,60.0,12.296462661426165
14500,99.8,28.07411566535654
15000,100.0,56.14823133071308
15500,100.0,84.22234699606962
16000,60.0,12.352610892756879
16500,99.8,28.07411566535654
17000,100.0,56.14823133071308
17500,100.0,84.22234699606962
18000,60.0,12.359550561797752
18500,99.8,28.08988764044944
19000,100.0,56.17977528089888
19500,100.0,84.26966292134831
20000,60.0,12.422709387296234
20500,99.8,28.10567734682406
21000,100.0,56.21135469364812
21500,100.0,84.31703204047217
22000,60.0,12.4859392575928
22500,99.8,28.1214848143982
23000,100.0,56.2429696287964
23500,100.0,84.3644544431946
24000,60.0,12.549240292628024
24500,99.8,28.137310073157007
25000,100.0,56.274620146314014
25500,100.0,84.41193021947102
26000,60.0,12.612612612612612
26500,99.8,28.153153153153156
27000,100.0,56.30630630630631
27500,100.0,84.45945945945947
28000,60.0,12.676056338028168
28500,99.8,28.169014084507044
29000,100.0,56.33802816901409
29500,100.0,84.50704225352112
30000,60.0,12.73957158962796
30500,99.8,28.18489289740699
31000,100.0,56.36978579481398
31500,100.0,84.55467869222097
32000,60.0,12.803158488437678
32500,99.8,28.20078962210942
33000,100.0,56.40157924421884
33500,100.0,84.60236886632826
34000,60.0,12.866817155756207
34500,99.8,28.216704288939056
35000,100.0,56.43340857787811
35500,100.0,84.65011286681715
36000,60.0,12.93054771315641
36500,99.8,28.2326369282891
37000,100.0,56.4652738565782
37500,100.0,84.6979107848673
38000,60.0,12.994350282485875
38500,99.8,28.24858757062147
39000,100.0,56.49717514124294
39500,100.0,84.7457627118644
40000,60.0,13.058224985867723
40500,99.8,28.26455624646693
41000,100.0,56.52911249293386
41500,100.0,84.7936687394008
42000,60.0,13.122171945701359
42500,99.8,28.28054298642534
43000,100.0,56.56108597285068
43500,100.0,84.84162895927602
44000,60.0,13.18619128466327
44500,99.8,28.296547821165817
45000,100.0,56.59309564233163
45500,100.0,84.88964346349745
46000,60.0,13.250283125707815
46500,99.8,28.312570781426956
47000,100.0,56.62514156285391
47500,100.0,84.93771234428085
48000,60.0,13.314447592067987
48500,99.8,28.328611898016998
49000,100.0,56.657223796033996
49500,100.0,84.98583569405099
50000,60.0,13.378684807256235
50500,99.8,28.34467120181406
51000,100.0,56.68934240362812
51500,100.0,85.03401360544217
52000,60.0,13.44299489506523
52500,99.8,3.826384922901199
53000,100.0,8.42406876790831
53500,100.0,13.267670915411356
54000,100.0,1.179245283018868
54500,100.0,3.3175355450236967
55000,100.0,6.461173681090695
55500,100.0,11.733174508636093
56000,48.6,8.273381294964029
56500,62.4,9.759036144578314
57000,61.6,7.951807228915662
57500,45.4,5.1807228915662655
58000,70.19999999999999,1.8072289156626504
58500,39.2,1.746987951807229
59000,56.39999999999999,6.506024096385541
59500,53.0,3.4337349397590358
60000,28.999999999999996,3.5542168674698797
60500,64.4,7.1084337349397595
61000,42.6,8.91566265060241
61500,33.0,1.6265060240963853
62000,35.4,0.30120481927710846
62500,29.2,7.349397590361447
63000,28.799999999999997,3.493975903614458
63500,27.400000000000002,6.280720917531403
64000,35.0,10.4067617538299
64500,38.2,12.01780415430267
65000,25.2,3.8015762633286974
65500,64.4,4.726938962826985
66000,33.4,15.453327378293883
66500,41.6,13.010989010989011
67000,53.0,9.53058321479374
67500,45.800000000000004,3.2227930873423634
68000,55.60000000000001,11.75564681724846
68500,29.799999999999997,8.96121266161391
69000,68.0,0.8521516829995739
69500,78.4,16.098562628336754
70000,77.8,5.229283990345937
70500,87.2,10.696028313016123
71000,67.80000000000001,2.8921023359288096
71500,88.2,5.060065526028395
72000,58.199999999999996,12.201772324471712
72500,35.4,4.149377593360995
73000,43.8,8.267148014440433
73500,51.4,4.8902195608782435
74000,59.199999999999996,3.5279425538557603
74500,90.8,2.3706896551724137
75000,91.0,14.215985356924953
75500,67.2,3.610771113831089
76000,81.2,14.840325610519725
76500,67.0,6.598334401024984
77000,64.2,0.8482278097546198
77500,72.0,0.34873583260680036
78000,71.8,2.5617566331198534
