500,0.0,0.0
1000,0.0,0.0
1500,0.0,0.0
2000,0.0,20.8
2500,19.6,31.545741324921135
3000,100.0,63.09148264984227
3500,100.0,94.6372239747634
4000,20.200000000000003,1.6508254127063533
4500,19.8,30.5993690851735
5000,100.0,62.14511041009464
5500,100.0,93.69085173501577
6000,20.200000000000003,20.426829268292682
6500,23.0,29.652996845425868
7000,100.0,61.198738170347
7500,100.0,92.74447949526814
8000,20.200000000000003,24.431818181818183
8500,99.8,31.565656565656564
9000,100.0,63.13131313131313
9500,100.0,94.6969696969697
10000,20.0,26.325757575757574
10500,99.8,31.565656565656564
11000,100.0,63.13131313131313
11500,100.0,94.6969696969697
12000,20.0,26.325757575757574
12500,99.8,31.565656565656564
13000,100.0,63.13131313131313
13500,100.0,94.6969696969697
14000,20.0,26.34238787113076
14500,99.8,31.585596967782692
15000,100.0,63.171193935565384
15500,100.0,94.75679090334808
16000,20.0,26.422250316055624
16500,99.8,31.605562579013906
17000,100.0,63.21112515802781
17500,100.0,94.81668773704172
18000,20.0,26.5022137887413
18500,99.8,31.62555344718533
19000,100.0,63.25110689437066
19500,100.0,94.87666034155598
20000,20.0,26.582278481012654
20500,99.8,31.645569620253166
21000,100.0,63.29113924050633
21500,100.0,94.9367088607595
22000,20.0,26.662444585180495
22500,99.8,31.665611146295124
23000,100.0,63.33122229259025
23500,100.0,94.99683343888537
24000,20.0,26.74271229404309
24500,99.8,31.685678073510775
25000,100.0,63.37135614702155
25500,100.0,95.05703422053232
26000,20.0,26.82308180088776
26500,99.8,31.705770450221944
27000,100.0,63.41154090044389
27500,100.0,95.11731135066583
28000,20.0,26.903553299492383
28500,99.8,31.725888324873097
29000,100.0,63.45177664974619
29500,100.0,95.17766497461929
30000,20.0,26.984126984126984
30500,99.8,31.746031746031743
31000,100.0,63.49206349206349
31500,100.0,95.23809523809523
32000,20.0,27.064803049555273
32500,99.8,31.76620076238882
33000,100.0,63.53240152477764
33500,100.0,95.29860228716646
34000,20.0,27.145581691036234
34500,99.8,31.78639542275906
35000,100.0,63.57279084551812
35500,100.0,95.35918626827717
36000,20.0,27.2264631043257
36500,99.8,31.806615776081426
37000,100.0,63.61323155216285
37500,100.0,95.41984732824427
38000,20.0,27.307447485677912
38500,99.8,31.826861871419474
39000,100.0,63.65372374283895
39500,100.0,95.48058561425843
40000,20.0,27.388535031847134
40500,99.8,31.84713375796178
41000,100.0,63.69426751592356
41500,100.0,95.54140127388536
42000,20.0,27.46972594008923
42500,99.8,31.86743148502231
43000,100.0,63.73486297004462
43500,100.0,95.60229445506691
44000,20.0,27.55102040816326
44500,99.8,31.887755102040817
45000,100.0,63.775510204081634
45500,100.0,95.66326530612244
46000,20.0,27.63241863433312
46500,99.8,31.90810465858328
47000,100.0,63.81620931716656
47500,100.0,95.72431397574984
48000,20.0,27.713920817369093
48500,99.8,31.928480204342275
49000,100.0,63.85696040868455
49500,100.0,95.78544061302682
50000,20.0,27.79552715654952
50500,99.8,31.948881789137378
51000,100.0,63.897763578274756
51500,100.0,95.84664536741214
52000,20.0,27.877237851662407
52500,99.8,4.31701030927835
53000,100.0,9.508408796895214
53500,100.0,14.996725605762935
54000,100.0,1.3360053440213762
54500,100.0,3.760913364674278
55000,93.60000000000001,7.364864864864865
55500,69.8,13.337846987136087
56000,45.2,0.8213552361396305
56500,61.6,11.088295687885012
57000,61.6,9.034907597535934
57500,44.800000000000004,5.886379192334018
58000,70.19999999999999,2.0533880903490758
58500,39.2,1.9849418206707734
59000,56.39999999999999,7.392197125256674
59500,53.0,3.9014373716632447
60000,28.799999999999997,4.038329911019849
60500,64.4,8.076659822039698
61000,42.4,10.130047912388775
61500,32.2,1.8480492813141685
62000,35.0,0.34223134839151265
62500,29.2,8.350444900752908
63000,28.799999999999997,3.969883641341547
63500,27.400000000000002,6.639288158795345
64000,35.0,8.281998631074607
64500,38.2,8.898015058179329
65000,24.8,5.6125941136208075
65500,64.4,7.049965776865161
66000,33.4,23.682409308692677
66500,41.6,1.2320328542094456
67000,53.0,11.704312114989733
67500,45.800000000000004,4.722792607802875
68000,56.00000000000001,15.67419575633128
68500,29.4,0.7529089664613279
69000,64.4,1.3689253935660506
69500,44.6,12.388250319284802
70000,43.8,7.817197835237523
70500,55.00000000000001,15.813953488372093
71000,34.0,4.168893639764832
71500,56.39999999999999,7.235814679854243
72000,19.2,11.614730878186968
72500,22.400000000000002,4.948453608247423
73000,44.0,8.478341355053685
73500,51.0,5.011933174224343
74000,59.4,3.6090705844778026
74500,90.8,2.424433249370277
75000,90.8,14.441671865252651
75500,67.2,3.74960279631395
76000,81.2,15.409622886866059
76500,67.0,6.694832629184271
77000,64.2,0.85995085995086
77500,72.0,0.35335689045936397
78000,71.8,2.608695652173913
