500,0.0,20.8
1000,0.0,60.4
1500,0.0,73.6
2000,0.0,80.2
2500,0.6,1.002004008016032
3000,0.0,0.5005005005005005
3500,0.0,0.333555703802535
4000,0.0,0.25012506253126565
4500,0.6,99.59919839679358
5000,0.0,99.7997997997998
5500,0.0,99.866577718479
6000,0.0,99.89994997498749
6500,0.6,0.1
7000,0.0,0.2
7500,0.0,0.15
8000,79.2,50.0
8500,79.80000000000001,99.59919839679358
9000,0.0,99.3993993993994
9500,0.0,99.59973315543695
10000,0.0,99.69984992496248
10500,79.0,25.0
11000,0.0,39.6
11500,0.0,39.6
12000,0.8,50.0
12500,79.80000000000001,50.0
13000,0.0,100.0
13500,0.0,75.0
14000,0.0,50.0
14500,79.80000000000001,50.0
15000,0.0,80.0
15500,0.0,78.61386138613862
16000,0.0,39.50248756218905
16500,79.0,49.60238568588469
17000,0.0,99.20477137176938
17500,0.8,99.59839357429718
18000,0.0,99.39879759519037
18500,79.0,50.050050050050054
19000,0.8,60.0
19500,0.0,78.61386138613862
20000,0.0,39.50248756218905
20500,79.0,10.43737574552684
21000,0.0,20.87475149105368
21500,0.8,100.0
22000,0.0,75.0
22500,79.80000000000001,50.0
23000,0.0,100.0
23500,0.0,75.0
24000,0.0,40.0
24500,79.80000000000001,99.59839357429718
25000,0.0,99.39879759519037
25500,0.0,99.3324432576769
26000,0.0,99.4994994994995
26500,79.0,25.012506253126567
27000,0.0,39.619809904952476
27500,0.0,39.81990995497749
28000,0.8,60.0
28500,79.80000000000001,79.71887550200803
29000,0.0,60.52104208416834
29500,0.0,73.43124165554073
30000,0.0,80.08008008008008
30500,79.0,5.252626313156578
31000,0.0,10.505252626313156
31500,0.0,15.757878939469736
32000,0.8,60.0
32500,79.80000000000001,99.59839357429718
33000,0.0,99.49849548645938
33500,0.0,75.0
34000,0.0,50.0
34500,79.80000000000001,50.0
35000,0.0,100.0
35500,0.0,75.0
36000,0.0,40.0
36500,79.80000000000001,79.71887550200803
37000,0.0,60.52104208416834
37500,0.0,73.43124165554073
38000,0.0,79.92992992992993
38500,79.0,5.252626313156578
39000,0.0,10.505252626313156
39500,0.0,15.757878939469736
40000,0.8,60.0
40500,79.80000000000001,99.59839357429718
41000,0.0,99.39879759519037
41500,0.0,99.3324432576769
42000,0.0,99.34934934934935
42500,79.0,25.012506253126567
43000,0.0,39.81990995497749
43500,0.0,40.0200100050025
44000,0.8,60.0
44500,79.80000000000001,79.71887550200803
45000,0.0,60.58174523570712
45500,0.0,75.0
46000,0.0,50.0
46500,79.80000000000001,50.0
47000,0.0,100.0
47500,0.0,75.0
48000,0.0,40.0
48500,79.80000000000001,99.59839357429718
49000,0.0,99.39879759519037
49500,0.0,99.3324432576769
50000,0.0,99.4994994994995
50500,79.0,25.012506253126567
51000,0.0,39.619809904952476
51500,0.0,39.81990995497749
52000,0.8,60.0
52500,99.8,20.679012345679013
53000,51.0,22.790697674418606
53500,34.599999999999994,23.779854620976117
54000,36.0,1.7256255392579811
54500,30.8,72.72727272727273
55000,32.4,75.0
55500,42.0,20.0
56000,34.2,90.0
56500,28.999999999999996,73.33333333333333
57000,38.4,50.0
57500,30.4,22.395833333333336
58000,43.4,19.171779141104295
58500,23.400000000000002,40.21526418786693
59000,32.2,12.338709677419354
59500,28.999999999999996,16.06779661016949
60000,23.599999999999998,3.715846994535519
60500,39.2,100.0
61000,28.4,25.0
61500,30.599999999999998,90.0
62000,32.6,75.0
62500,22.400000000000002,10.526315789473683
63000,28.599999999999998,72.72727272727273
63500,25.0,98.94736842105263
64000,33.0,94.73684210526315
64500,33.0,90.41095890410958
65000,18.0,50.0
65500,34.0,18.181818181818183
66000,19.6,94.64285714285714
66500,5.4,54.54545454545454
67000,31.4,45.11873350923483
67500,35.199999999999996,93.24324324324324
68000,21.6,97.75784753363229
68500,19.0,83.33333333333334
69000,36.4,71.42857142857143
69500,23.799999999999997,18.201754385964914
70000,18.8,46.09929078014184
70500,30.599999999999998,74.15730337078652
71000,23.0,65.0
71500,26.0,49.46619217081851
72000,1.2,59.34640522875817
72500,7.000000000000001,32.69754768392371
73000,34.8,80.0
73500,46.0,90.9090909090909
74000,57.199999999999996,98.59154929577466
74500,72.2,13.223140495867769
75000,62.0,37.79904306220095
75500,58.4,51.32743362831859
76000,52.6,40.316205533596836
76500,28.799999999999997,99.50248756218906
77000,64.2,95.65217391304348
77500,72.0,42.857142857142854
78000,71.6,97.46835443037975
