500,0.0,0.0
1000,0.0,40.6
1500,0.0,60.4
2000,0.0,70.3
2500,1.0,33.288948069241016
3000,0.0,0.7007007007007007
3500,0.0,0.46697798532354906
4000,0.0,0.3501750875437719
4500,1.0,32.978014656895404
5000,0.0,99.5995995995996
5500,0.0,99.73315543695797
6000,0.0,99.79989994997499
6500,1.0,0.25
7000,0.0,0.25
7500,18.8,5.0
8000,100.0,33.33333333333333
8500,99.8,99.19839679358718
9000,20.0,99.5995995995996
9500,0.0,99.33288859239494
10000,0.0,99.49974987493746
10500,99.8,25.0
11000,18.8,50.0
11500,0.0,59.4
12000,1.2,33.33333333333333
12500,99.8,83.33333333333334
13000,20.0,83.33333333333334
13500,0.0,83.33333333333334
14000,0.0,83.33333333333334
14500,99.8,83.33333333333334
15000,20.0,71.42857142857143
15500,0.0,99.60552268244575
16000,0.0,59.08639523336644
16500,99.8,49.60317460317461
17000,18.8,99.10714285714286
17500,1.2,99.19678714859438
18000,0.0,98.99799599198397
18500,99.8,50.050050050050054
19000,20.0,42.857142857142854
19500,0.0,99.21104536489152
20000,0.0,59.08639523336644
20500,99.8,49.60317460317461
21000,18.8,40.37698412698413
21500,1.2,66.66666666666666
22000,0.0,66.66666666666666
22500,99.8,83.33333333333334
23000,20.0,83.33333333333334
23500,0.0,83.33333333333334
24000,0.0,71.42857142857143
24500,99.8,99.19678714859438
25000,20.0,99.59919839679358
25500,0.0,99.3324432576769
26000,0.0,99.1991991991992
26500,99.8,25.012506253126567
27000,18.8,50.025012506253134
27500,0.0,59.42971485742872
28000,1.2,42.857142857142854
28500,99.8,99.19678714859438
29000,20.0,59.6192384769539
29500,0.0,60.48064085447263
30000,0.0,70.07007007007007
30500,99.8,25.012506253126567
31000,18.8,20.36018009004502
31500,0.0,15.70785392696348
32000,1.2,42.857142857142854
32500,99.8,99.19678714859438
33000,20.0,99.69909729187563
33500,0.0,100.0
34000,0.0,100.0
34500,99.8,66.66666666666666
35000,20.0,66.66666666666666
35500,0.0,66.66666666666666
36000,0.0,57.14285714285714
36500,99.8,99.19678714859438
37000,20.0,59.6192384769539
37500,0.0,60.48064085447263
38000,0.0,69.81981981981981
38500,99.8,25.012506253126567
39000,18.8,20.36018009004502
39500,0.0,15.70785392696348
40000,1.2,42.857142857142854
40500,99.8,99.19678714859438
41000,20.0,99.59919839679358
41500,0.0,99.3324432576769
42000,0.0,98.94894894894894
42500,99.8,25.012506253126567
43000,18.8,50.025012506253134
43500,0.0,59.729864932466235
44000,1.2,42.857142857142854
44500,99.8,99.19678714859438
45000,20.0,59.679037111334
45500,0.0,100.0
46000,0.0,100.0
46500,99.8,66.66666666666666
47000,20.0,66.66666666666666
47500,0.0,66.66666666666666
48000,0.0,57.14285714285714
48500,99.8,99.19678714859438
49000,20.0,99.59919839679358
49500,0.0,99.3324432576769
50000,0.0,99.1991991991992
50500,99.8,25.012506253126567
51000,18.8,50.025012506253134
51500,0.0,59.42971485742872
52000,1.2,42.857142857142854
52500,99.8,20.679012345679013
53000,91.0,22.790697674418606
53500,35.6,23.779854620976117
54000,37.0,1.7256255392579811
54500,36.6,33.33333333333333
55000,34.8,100.0
55500,45.0,50.0
56000,34.8,91.66666666666666
56500,33.800000000000004,33.33333333333333
57000,41.6,77.77777777777779
57500,34.2,22.10796915167095
58000,46.800000000000004,19.025875190258752
58500,24.4,57.93573515092503
59000,32.2,12.289156626506024
59500,32.0,16.013513513513512
60000,23.599999999999998,3.7057220708446867
60500,39.2,62.5
61000,28.799999999999997,50.0
61500,31.8,20.0
62000,32.6,50.0
62500,28.4,8.0
63000,28.799999999999997,11.76470588235294
63500,25.4,72.72727272727273
64000,33.2,40.19138755980861
64500,35.6,41.32492113564668
65000,20.4,39.42307692307692
65500,36.0,41.70040485829959
66000,19.6,92.51336898395722
66500,15.4,17.24137931034483
67000,33.4,45.11873350923483
67500,35.6,84.14634146341463
68000,25.2,65.99423631123919
68500,22.6,58.333333333333336
69000,39.0,68.96551724137932
69500,26.6,88.23529411764706
70000,20.4,52.19298245614035
70500,30.8,13.056379821958458
71000,24.4,27.918781725888326
71500,26.200000000000003,94.73684210526315
72000,11.4,21.371610845295056
72500,16.8,65.57377049180327
73000,38.2,80.0
73500,47.4,88.31168831168831
74000,57.4,92.95774647887323
74500,74.2,62.5
75000,62.4,50.0
75500,67.2,64.60176991150442
76000,81.2,9.411764705882353
76500,66.2,91.24423963133641
77000,64.2,58.97435897435898
77500,72.0,41.66666666666667
78000,71.6,83.15789473684211
