250,0.0,60.8
500,0.0,80.4
750,0.0,86.93333333333332
1000,0.0,90.2
1250,0.0,92.16
1500,0.0,93.46666666666667
1750,0.0,94.39999999999999
2000,0.0,95.1
2250,0.4,1.2048192771084338
2500,0.0,0.6012024048096193
2750,0.0,0.4005340453938585
3000,0.0,0.3003003003003003
3250,0.0,0.24019215372297836
3500,0.0,0.20013342228152103
3750,0.0,0.17152658662092624
4000,0.0,0.1500750375187594
4250,0.4,61.044176706827315
4500,0.0,80.56112224448898
4750,0.0,87.04939919893191
5000,0.0,90.29029029029029
5250,0.0,92.2337870296237
5500,0.0,93.52901934623083
5750,0.0,94.45397369925672
6000,0.0,95.14757378689345
6250,0.4,0.1
6500,0.0,0.1
6750,0.0,0.1
7000,0.0,0.1
7250,0.0,0.1
7500,0.0,0.1
7750,0.0,0.1
8000,39.2,100.0
8250,39.6,99.19678714859438
8500,0.0,99.59919839679358
8750,0.0,99.73297730307075
9000,0.0,99.7997997997998
9250,0.0,99.83987189751802
9500,0.0,99.866577718479
9750,0.0,99.88564894225271
10000,0.0,99.89994997498749
10250,38.800000000000004,9.8
10500,0.0,9.8
10750,0.0,9.8
11000,0.0,9.8
11250,0.0,9.8
11500,0.0,9.8
11750,0.0,9.8
12000,0.8,100.0
12250,39.6,100.0
12500,0.0,100.0
12750,0.0,100.0
13000,0.0,100.0
13250,0.0,100.0
13500,0.0,100.0
13750,0.0,100.0
14000,0.0,100.0
14250,39.6,100.0
14500,0.0,100.0
14750,0.0,100.0
15000,0.0,66.66666666666666
15250,0.0,39.130434782608695
15500,0.0,19.681908548707753
15750,0.0,13.147410358565736
16000,0.0,9.870388833499502
16250,38.800000000000004,24.701195219123505
16500,0.0,49.60159362549801
16750,0.0,74.5019920318725
17000,0.0,99.40239043824701
17250,0.8,99.59677419354838
17500,0.0,99.79919678714859
17750,0.0,99.8663101604278
18000,0.0,99.79959919839679
18250,38.800000000000004,19.81981981981982
18500,0.0,19.81981981981982
18750,0.0,19.81981981981982
19000,0.8,66.66666666666666
19250,0.0,39.130434782608695
19500,0.0,19.681908548707753
19750,0.0,13.147410358565736
20000,0.0,9.870388833499502
20250,38.800000000000004,5.577689243027888
20500,0.0,30.47808764940239
20750,0.0,55.37848605577689
21000,0.0,80.2788844621514
21250,0.8,100.0
21500,0.0,100.0
21750,0.0,100.0
22000,0.0,100.0
22250,39.6,100.0
22500,0.0,100.0
22750,0.0,100.0
23000,0.0,100.0
23250,0.0,100.0
23500,0.0,100.0
23750,0.0,100.0
24000,0.0,66.66666666666666
24250,39.6,99.19354838709677
24500,0.0,99.59839357429718
24750,0.0,99.73262032085562
25000,0.0,99.79959919839679
25250,0.0,99.67948717948718
25500,0.0,99.73297730307075
25750,0.0,99.77116704805492
26000,0.0,99.7997997997998
26250,38.800000000000004,9.804902451225612
26500,0.0,9.804902451225612
26750,0.0,9.804902451225612
27000,0.0,9.804902451225612
27250,0.0,9.904952476238119
27500,0.0,9.904952476238119
27750,0.0,9.904952476238119
28000,0.8,66.66666666666666
28250,39.6,61.29032258064516
28500,0.0,80.72289156626506
28750,0.0,87.16577540106952
29000,0.0,90.38076152304609
29250,0.0,92.1474358974359
29500,0.0,93.45794392523365
29750,0.0,94.39359267734554
30000,0.0,95.09509509509509
30250,38.800000000000004,2.8014007003501753
30500,0.0,0.750375187593797
30750,0.0,3.551775887943972
31000,0.0,1.500750375187594
31250,0.0,4.302151075537769
31500,0.0,2.2511255627813904
31750,0.0,0.2001000500250125
32000,0.8,66.66666666666666
32250,39.6,99.19354838709677
32500,0.0,99.59839357429718
32750,0.0,99.73262032085562
33000,0.0,99.89969909729187
33250,0.0,100.0
33500,0.0,100.0
33750,0.0,100.0
34000,0.0,100.0
34250,39.6,100.0
34500,0.0,100.0
34750,0.0,100.0
35000,0.0,100.0
35250,0.0,100.0
35500,0.0,100.0
35750,0.0,100.0
36000,0.0,66.66666666666666
36250,39.6,61.29032258064516
36500,0.0,80.72289156626506
36750,0.0,87.16577540106952
37000,0.0,90.38076152304609
37250,0.0,92.1474358974359
37500,0.0,93.45794392523365
37750,0.0,94.39359267734554
38000,0.0,95.04504504504504
38250,38.800000000000004,2.8014007003501753
38500,0.0,0.750375187593797
38750,0.0,3.551775887943972
39000,0.0,1.500750375187594
39250,0.0,4.302151075537769
39500,0.0,2.2511255627813904
39750,0.0,0.2001000500250125
40000,0.8,66.66666666666666
40250,39.6,99.19354838709677
40500,0.0,99.59839357429718
40750,0.0,99.73262032085562
41000,0.0,99.79959919839679
41250,0.0,99.67948717948718
41500,0.0,99.73297730307075
41750,0.0,99.77116704805492
42000,0.0,99.74974974974975
42250,38.800000000000004,9.904952476238119
42500,0.0,9.904952476238119
42750,0.0,9.904952476238119
43000,0.0,9.904952476238119
43250,0.0,10.005002501250624
43500,0.0,10.005002501250624
43750,0.0,10.005002501250624
44000,0.8,66.66666666666666
44250,39.6,61.29032258064516
44500,0.0,80.72289156626506
44750,0.0,87.16577540106952
45000,0.0,90.47141424272819
45250,0.0,100.0
45500,0.0,100.0
45750,0.0,100.0
46000,0.0,100.0
46250,39.6,100.0
46500,0.0,100.0
46750,0.0,100.0
47000,0.0,100.0
47250,0.0,100.0
47500,0.0,100.0
47750,0.0,100.0
48000,0.0,66.66666666666666
48250,39.6,99.19354838709677
48500,0.0,99.59839357429718
48750,0.0,99.73262032085562
49000,0.0,99.79959919839679
49250,0.0,99.67948717948718
49500,0.0,99.73297730307075
49750,0.0,99.77116704805492
50000,0.0,99.7997997997998
50250,38.800000000000004,9.804902451225612
50500,0.0,9.804902451225612
50750,0.0,9.804902451225612
51000,0.0,9.804902451225612
51250,0.0,9.904952476238119
51500,0.0,9.904952476238119
51750,0.0,9.904952476238119
52000,0.8,66.66666666666666
52250,89.2,15.789473684210526
52500,20.0,55.932203389830505
52750,2.8000000000000003,18.106995884773664
53000,8.799999999999999,81.87134502923976
53250,7.199999999999999,93.75
53500,7.199999999999999,97.36842105263158
53750,24.4,98.78048780487805
54000,2.0,18.867924528301888
54250,6.4,95.45454545454545
54500,0.8,98.11320754716981
54750,2.8000000000000003,98.24561403508771
55000,8.4,96.55172413793103
55250,1.2,29.347826086956523
55500,10.0,93.7888198757764
55750,1.6,97.36842105263158
56000,5.2,88.88888888888889
56250,9.2,91.11111111111111
56500,0.0,79.59183673469387
56750,6.800000000000001,94.0
57000,0.8,70.2127659574468
57250,0.8,21.374045801526716
57500,10.0,90.0
57750,0.8,13.043478260869565
58000,7.6,96.875
58250,2.4,4.519774011299435
58500,1.6,68.04123711340206
58750,7.6,96.875
59000,0.8,29.577464788732392
59250,10.8,47.44186046511628
59500,2.8000000000000003,13.973799126637553
59750,1.6,93.75
60000,4.3999999999999995,25.092250922509223
60250,2.8000000000000003,4.433497536945813
60500,7.199999999999999,84.61538461538461
60750,0.8,95.74468085106383
61000,0.8,93.93939393939394
61250,0.8,95.65217391304348
61500,2.8000000000000003,28.421052631578945
61750,2.8000000000000003,4.301075268817205
62000,8.4,92.5
62250,1.6,97.5609756097561
62500,0.8,97.1830985915493
62750,0.8,91.93548387096774
63000,1.6,60.0
63250,0.4,88.4920634920635
63500,1.2,96.42857142857143
63750,6.800000000000001,65.57377049180327
64000,2.8000000000000003,94.28571428571428
64250,9.6,98.85057471264368
64500,0.8,5.660377358490567
64750,0.8,97.84946236559139
65000,3.2,5.074626865671641
65250,6.800000000000001,71.42857142857143
65500,6.0,2.479338842975207
65750,3.2,40.0
66000,0.8,31.506849315068493
66250,6.0,16.79790026246719
66500,0.8,97.77777777777777
66750,6.800000000000001,97.70114942528735
67000,0.8,15.966386554621847
67250,1.6,87.5
67500,9.2,95.65217391304348
67750,5.2,86.66666666666667
68000,4.0,9.375
68250,3.2,8.256880733944955
68500,0.8,28.57142857142857
68750,7.6,91.66666666666666
69000,11.200000000000001,62.5
69250,0.8,96.07843137254902
69500,0.8,14.529914529914532
69750,3.5999999999999996,30.681818181818183
70000,4.3999999999999995,93.75
70250,6.800000000000001,95.1219512195122
70500,0.8,90.0
70750,0.0,69.25925925925925
71000,6.800000000000001,45.08670520231214
71250,5.2,35.03184713375796
71500,8.4,31.606217616580313
71750,0.8,49.074074074074076
72000,0.0,53.43347639484979
72250,0.8,77.12765957446808
72500,1.2,96.61016949152543
72750,1.2,98.24561403508771
73000,30.4,98.11320754716981
73250,13.200000000000001,99.06542056074767
73500,1.6,97.91666666666666
73750,28.4,2.3255813953488373
74000,35.6,97.22222222222221
74250,62.8,98.0392156862745
74500,52.400000000000006,98.07692307692307
74750,54.0,97.72727272727273
75000,12.0,97.36842105263158
75250,0.8,96.19047619047619
75500,7.6,98.75
75750,6.800000000000001,49.152542372881356
76000,1.6,98.0392156862745
76250,27.6,44.221105527638194
76500,6.0,26.585365853658537
76750,12.0,11.358574610244988
77000,6.0,4.753820033955857
77250,6.0,7.777777777777778
77500,8.0,1.646090534979424
77750,4.0,5.439814814814815
78000,12.0,9.655172413793103
78250,0.0,21.56505914467698
