500,0.0,0.0
1000,0.0,0.0
1500,0.0,0.0
2000,0.0,0.0
2500,99.6,25.239777889954567
3000,100.0,50.479555779909134
3500,100.0,75.71933366986372
4000,100.0,1.0505252626313157
4500,100.0,25.239777889954567
5000,100.0,50.479555779909134
5500,100.0,75.71933366986372
6000,100.0,1.0606060606060608
6500,99.8,25.239777889954567
7000,100.0,50.479555779909134
7500,100.0,75.71933366986372
8000,100.0,1.0606060606060608
8500,99.8,25.252525252525253
9000,100.0,50.505050505050505
9500,100.0,75.75757575757575
10000,100.0,1.0606060606060608
10500,99.8,25.252525252525253
11000,100.0,50.505050505050505
11500,100.0,75.75757575757575
12000,100.0,1.0606060606060608
12500,99.8,25.252525252525253
13000,100.0,50.505050505050505
13500,100.0,75.75757575757575
14000,100.0,1.0606060606060608
14500,99.8,25.252525252525253
15000,100.0,50.505050505050505
15500,100.0,75.75757575757575
16000,100.0,1.0606060606060608
16500,99.8,25.252525252525253
17000,100.0,50.505050505050505
17500,100.0,75.75757575757575
18000,100.0,1.0606060606060608
18500,99.8,25.252525252525253
19000,100.0,50.505050505050505
19500,100.0,75.75757575757575
20000,100.0,1.0606060606060608
20500,99.8,25.252525252525253
21000,100.0,50.505050505050505
21500,100.0,75.75757575757575
22000,100.0,1.0606060606060608
22500,99.8,25.252525252525253
23000,100.0,50.505050505050505
23500,100.0,75.75757575757575
24000,100.0,1.0606060606060608
24500,99.8,25.252525252525253
25000,100.0,50.505050505050505
25500,100.0,75.75757575757575
26000,100.0,1.0606060606060608
26500,99.8,25.252525252525253
27000,100.0,50.505050505050505
27500,100.0,75.75757575757575
28000,100.0,1.0606060606060608
28500,99.8,25.252525252525253
29000,100.0,50.505050505050505
29500,100.0,75.75757575757575
30000,100.0,1.0606060606060608
30500,99.8,25.252525252525253
31000,100.0,50.505050505050505
31500,100.0,75.75757575757575
32000,100.0,1.0606060606060608
32500,99.8,25.252525252525253
33000,100.0,50.505050505050505
33500,100.0,75.75757575757575
34000,100.0,1.0606060606060608
34500,99.8,25.252525252525253
35000,100.0,50.505050505050505
35500,100.0,75.75757575757575
36000,100.0,1.0606060606060608
36500,99.8,25.252525252525253
37000,100.0,50.505050505050505
37500,100.0,75.75757575757575
38000,100.0,1.0606060606060608
38500,99.8,25.252525252525253
39000,100.0,50.505050505050505
39500,100.0,75.75757575757575
40000,100.0,1.0606060606060608
40500,99.8,25.252525252525253
41000,100.0,50.505050505050505
41500,100.0,75.75757575757575
42000,100.0,1.0606060606060608
42500,99.8,25.252525252525253
43000,100.0,50.505050505050505
43500,100.0,75.75757575757575
44000,100.0,1.0606060606060608
44500,99.8,25.252525252525253
45000,100.0,50.505050505050505
45500,100.0,75.75757575757575
46000,100.0,1.0606060606060608
46500,99.8,25.252525252525253
47000,100.0,50.505050505050505
47500,100.0,75.75757575757575
48000,100.0,1.0606060606060608
48500,99.8,25.252525252525253
49000,100.0,50.505050505050505
49500,100.0,75.75757575757575
50000,100.0,1.0606060606060608
50500,99.8,25.252525252525253
51000,100.0,50.505050505050505
51500,100.0,75.75757575757575
52000,100.0,1.0606060606060608
52500,99.8,3.3855482566953006
53000,100.0,7.4279939363314815
53500,100.0,11.571500757958566
54000,100.0,1.010611419909045
54500,100.0,2.829711975745326
55000,100.0,5.507832238504295
55500,100.0,9.954522486104093
56000,88.6,4.078624078624079
56500,62.4,10.796221322537113
57000,85.6,9.019607843137255
57500,75.6,3.5640281806879406
58000,98.8,5.167424555601488
58500,71.39999999999999,9.65975752835354
59000,89.60000000000001,5.8914131690412015
59500,91.8,9.02169775409212
60000,60.8,2.466449038810301
60500,61.199999999999996,4.508979747802828
61000,68.2,9.808259587020649
61500,63.2,0.9361997226074895
62000,59.8,5.19053876478318
62500,62.6,7.928151130380923
63000,63.4,6.073943661971831
63500,62.0,3.1997774067890927
64000,87.0,8.237547892720306
64500,92.4,6.615845358017969
65000,67.0,2.2120312921499865
65500,94.8,2.7628755364806867
66000,69.0,9.592459107291377
66500,82.19999999999999,11.246200607902736
67000,80.4,8.40085287846482
67500,45.6,3.0477031802120145
68000,55.400000000000006,5.574912891986063
68500,38.2,7.212857702861624
69000,92.80000000000001,0.7760962359332557
69500,78.4,5.065176908752328
70000,78.0,4.651162790697675
70500,88.8,9.557273366127898
71000,69.8,2.6395939086294415
71500,88.8,4.628704628704629
72000,58.199999999999996,8.15748031496063
72500,47.199999999999996,3.7267080745341614
73000,57.199999999999996,2.1637426900584797
73500,52.2,4.028500959166895
74000,59.4,2.9388816644993496
74500,91.0,1.9804526748971194
75000,91.0,2.435273006921302
75500,66.60000000000001,3.042021139468935
76000,81.2,3.9540100953449246
76500,67.0,5.79954954954955
77000,64.2,0.7504690431519699
77500,72.0,0.337173363304299
78000,71.8,2.471315092674316
