500,0.0,0.0
1000,0.0,0.0
1500,0.0,34.0
2000,0.0,50.5
2500,1.7999999999999998,33.288948069241016
3000,0.0,1.001001001001001
3500,0.0,0.733822548365577
4000,0.0,0.5502751375687844
4500,1.7999999999999998,32.71152564956695
5000,0.0,99.1991991991992
5500,0.0,99.46631087391594
6000,0.0,50.67805123053741
6500,1.7999999999999998,0.3514056224899598
7000,0.0,0.7028112449799196
7500,98.0,24.949799196787147
8000,98.4,55.55555555555556
8500,99.8,60.0
9000,100.0,20.0
9500,0.0,70.0
10000,0.0,30.0
10500,99.8,50.0
11000,100.0,100.0
11500,0.0,60.0
12000,0.0,18.181818181818183
12500,99.8,98.39357429718876
13000,100.0,99.19839679358718
13500,0.0,66.15487316421897
14000,0.0,50.1001001001001
14500,99.8,25.012506253126567
15000,98.0,0.5502751375687844
15500,0.0,25.56278139069535
16000,2.0,27.27272727272727
16500,99.8,98.39357429718876
17000,100.0,99.19839679358718
17500,0.0,99.46595460614152
18000,0.0,98.64864864864865
18500,99.8,25.012506253126567
19000,98.0,50.025012506253134
19500,0.0,75.03751875937968
20000,2.0,27.27272727272727
20500,99.8,98.39357429718876
21000,100.0,99.29789368104312
21500,0.0,60.0
22000,0.0,20.0
22500,99.8,50.0
23000,100.0,100.0
23500,0.0,60.0
24000,0.0,18.181818181818183
24500,99.8,98.39357429718876
25000,100.0,99.19839679358718
25500,0.0,99.46595460614152
26000,0.0,99.09909909909909
26500,99.8,25.012506253126567
27000,98.0,50.025012506253134
27500,0.0,75.03751875937968
28000,2.0,27.27272727272727
28500,99.8,98.39357429718876
29000,100.0,99.19839679358718
29500,0.0,66.15487316421897
30000,0.0,50.550550550550554
30500,99.8,25.012506253126567
31000,98.0,0.5502751375687844
31500,0.0,25.56278139069535
32000,2.0,27.27272727272727
32500,99.8,98.39357429718876
33000,100.0,99.29789368104312
33500,0.0,60.0
34000,0.0,20.0
34500,99.8,50.0
35000,100.0,100.0
35500,0.0,60.0
36000,0.0,18.181818181818183
36500,99.8,98.39357429718876
37000,100.0,99.19839679358718
37500,0.0,66.15487316421897
38000,0.0,50.1001001001001
38500,99.8,25.012506253126567
39000,98.0,0.5502751375687844
39500,0.0,25.56278139069535
40000,2.0,27.27272727272727
40500,99.8,98.39357429718876
41000,100.0,99.19839679358718
41500,0.0,99.46595460614152
42000,0.0,98.64864864864865
42500,99.8,25.012506253126567
43000,98.0,50.025012506253134
43500,0.0,75.03751875937968
44000,2.0,27.27272727272727
44500,99.8,98.39357429718876
45000,100.0,99.29789368104312
45500,0.0,60.0
46000,0.0,20.0
46500,99.8,50.0
47000,100.0,100.0
47500,0.0,60.0
48000,0.0,18.181818181818183
48500,99.8,98.39357429718876
49000,100.0,99.19839679358718
49500,0.0,99.46595460614152
50000,0.0,99.09909909909909
50500,99.8,25.012506253126567
51000,98.0,50.025012506253134
51500,0.0,75.03751875937968
52000,2.0,27.27272727272727
52500,99.8,20.679012345679013
53000,100.0,22.790697674418606
53500,100.0,23.779854620976117
54000,68.2,1.7256255392579811
54500,56.00000000000001,15.529753265602322
55000,47.599999999999994,6.678921568627451
55500,69.39999999999999,11.048794167134043
56000,44.0,6.7087992221682065
56500,61.0,10.690423162583519
57000,61.4,8.933966335779024
57500,43.8,20.0
58000,70.0,100.0
58500,38.0,84.61538461538461
59000,56.39999999999999,90.0
59500,52.800000000000004,50.0
60000,28.4,97.22222222222221
60500,64.4,10.0
61000,42.199999999999996,42.857142857142854
61500,32.2,27.55102040816326
62000,34.2,2.717391304347826
62500,29.2,21.36602451838879
63000,28.799999999999997,6.256742179072276
63500,27.200000000000003,40.625
64000,33.800000000000004,76.92307692307693
64500,35.6,90.41095890410958
65000,24.0,100.0
65500,64.4,97.43589743589743
66000,33.2,78.78787878787878
66500,41.4,30.0
67000,52.800000000000004,45.11873350923483
67500,45.800000000000004,68.31683168316832
68000,54.800000000000004,44.90196078431373
68500,27.800000000000004,1.2290502793296088
69000,64.4,20.408163265306122
69500,44.6,97.14285714285714
70000,43.0,27.586206896551722
70500,55.00000000000001,6.896551724137931
71000,32.2,57.77777777777777
71500,56.39999999999999,77.6536312849162
72000,19.2,32.3943661971831
72500,17.8,65.57377049180327
73000,41.8,84.61538461538461
73500,47.4,75.32467532467533
74000,57.4,53.52112676056338
74500,75.8,43.44262295081967
75000,63.2,50.0
75500,67.2,64.60176991150442
76000,81.2,40.316205533596836
76500,67.0,50.76142131979695
77000,64.2,3.8394415357766145
77500,72.0,0.8415147265077139
78000,71.8,9.133489461358314
