500,0.0,0.0
1000,0.0,0.0
1500,0.0,7.6
2000,0.0,30.7
2500,2.6,33.288948069241016
3000,77.0,72.09805335255948
3500,80.2,1.9346230820547032
4000,0.0,1.4507253626813406
4500,2.6,32.445036642238506
5000,77.2,71.16077865897621
5500,80.2,6.8686868686868685
6000,0.0,30.52738336713996
6500,2.6,31.87626092804304
7000,80.0,70.22350396539294
7500,80.2,6.421356421356421
8000,0.0,42.4963924963925
8500,99.8,36.04902667627974
9000,100.0,72.09805335255948
9500,80.0,8.297258297258297
10000,0.0,44.37229437229438
10500,99.8,36.075036075036074
11000,100.0,72.15007215007215
11500,80.0,8.303249097472925
12000,0.0,44.4043321299639
12500,99.8,36.101083032490976
13000,100.0,72.20216606498195
13500,80.0,8.38150289017341
14000,0.0,44.50867052023121
14500,99.8,36.127167630057805
15000,100.0,72.25433526011561
15500,80.0,8.459869848156181
16000,0.0,44.61315979754158
16500,99.8,36.15328994938539
17000,100.0,72.30657989877078
17500,80.0,8.5383502170767
18000,0.0,44.7178002894356
18500,99.8,36.1794500723589
19000,100.0,72.3589001447178
19500,80.0,8.616944243301955
20000,0.0,44.822592324402606
20500,99.8,36.20564808110065
21000,100.0,72.4112961622013
21500,80.0,8.695652173913043
22000,0.0,44.927536231884055
22500,99.8,36.231884057971016
23000,100.0,72.46376811594203
23500,80.0,8.774474256707759
24000,0.0,45.03263234227701
24500,99.8,36.25815808556926
25000,100.0,72.51631617113851
25500,80.0,8.853410740203193
26000,0.0,45.13788098693759
26500,99.8,36.284470246734394
27000,100.0,72.56894049346879
27500,80.0,8.932461873638346
28000,0.0,45.24328249818446
28500,99.8,36.31082062454611
29000,100.0,72.62164124909222
29500,80.0,9.011627906976743
30000,0.0,45.348837209302324
30500,99.8,36.337209302325576
31000,100.0,72.67441860465115
31500,80.0,9.090909090909092
32000,0.0,45.45454545454545
32500,99.8,36.36363636363637
33000,100.0,72.72727272727273
33500,80.0,9.170305676855897
34000,0.0,45.56040756914119
34500,99.8,36.3901018922853
35000,100.0,72.7802037845706
35500,80.0,9.249817916970137
36000,0.0,45.66642388929352
36500,99.8,36.41660597232338
37000,100.0,72.83321194464676
37500,80.0,9.329446064139942
38000,0.0,45.77259475218659
38500,99.8,36.44314868804665
39000,100.0,72.8862973760933
39500,80.0,9.409190371991247
40000,0.0,45.87892049598833
40500,99.8,36.46973012399709
41000,100.0,72.93946024799418
41500,80.0,9.48905109489051
42000,0.0,45.98540145985402
42500,99.8,36.496350364963504
43000,100.0,72.99270072992701
43500,80.0,9.569028487947406
44000,0.0,46.09203798392987
44500,99.8,36.523009495982464
45000,100.0,73.04601899196493
45500,80.0,9.649122807017543
46000,0.0,46.198830409356724
46500,99.8,36.54970760233918
47000,100.0,73.09941520467837
47500,80.0,9.729334308705194
48000,0.0,46.30577907827359
48500,99.8,36.5764447695684
49000,100.0,73.1528895391368
49500,80.0,9.809663250366032
50000,0.0,46.412884333821374
50500,99.8,36.603221083455345
51000,100.0,73.20644216691069
51500,80.0,9.89010989010989
52000,0.0,46.52014652014652
52500,99.8,4.951958610495196
53000,100.0,10.913140311804009
53500,100.0,17.24397590361446
54000,100.0,1.5408320493066257
54500,100.0,4.361370716510903
55000,52.800000000000004,8.582677165354331
55500,69.39999999999999,15.61014263074485
56000,45.2,0.9508716323296356
56500,61.6,12.836767036450079
57000,61.6,10.45958795562599
57500,44.6,6.814580031695722
58000,70.19999999999999,9.904912836767037
58500,39.2,33.04278922345483
59000,56.39999999999999,12.133227597145122
59500,52.800000000000004,18.85441527446301
60000,28.799999999999997,5.418326693227091
60500,64.4,9.516129032258064
61000,41.8,21.503637833468066
61500,32.2,2.18978102189781
62000,35.0,26.11516626115166
62500,29.2,44.76885644768856
63000,28.799999999999997,16.78832116788321
63500,27.400000000000002,9.403107113654947
64000,34.4,36.00654664484452
64500,37.0,19.901719901719904
65000,24.6,6.715806715806716
65500,64.4,8.442622950819672
66000,33.4,28.36065573770492
66500,41.6,24.28219852337982
67000,53.0,16.502463054187192
67500,45.6,5.669679539852095
68000,55.800000000000004,18.816762530813474
68500,28.199999999999996,28.700657894736842
69000,64.4,1.646090534979424
69500,44.6,32.31657048639736
70000,43.8,10.726072607260726
70500,55.00000000000001,22.497932175351533
71000,34.0,6.451612903225806
71500,56.39999999999999,11.497105045492143
72000,19.2,11.41439205955335
72500,19.6,8.895478131949593
73000,44.0,18.24020552344252
73500,50.8,8.207705192629817
74000,59.599999999999994,5.678391959798995
74500,83.39999999999999,3.7856440511307765
75000,91.2,23.426911907066795
75500,67.2,5.624404194470925
76000,81.2,26.609848484848484
76500,67.0,9.662288930581614
77000,64.2,1.2115967113803547
77500,72.0,0.4895960832313341
78000,71.8,3.2407407407407405
