250,0.0,0.0
500,0.0,0.0
750,0.0,0.0
1000,0.0,0.0
1250,0.0,0.0
1500,0.0,0.0
1750,0.0,0.0
2000,0.0,0.0
2250,4.3999999999999995,0.0
2500,0.0,0.0
2750,0.0,0.0
3000,74.8,0.0
3250,80.4,0.0
3500,0.0,0.0
3750,0.0,0.0
4000,0.0,0.0
4250,4.3999999999999995,0.0
4500,0.0,0.0
4750,0.0,0.0
5000,79.60000000000001,0.0
5250,80.4,0.0
5500,0.0,0.0
5750,0.0,0.0
6000,0.0,0.0
6250,4.3999999999999995,0.0
6500,0.0,0.0
6750,0.0,0.0
7000,79.60000000000001,0.0
7250,100.0,0.0
7500,100.0,0.0
7750,100.0,0.0
8000,95.6,0.0
8250,99.6,0.0
8500,100.0,0.0
8750,100.0,0.0
9000,100.0,0.0
9250,80.0,0.0
9500,0.0,0.0
9750,0.0,0.0
10000,0.0,0.0
10250,99.6,0.0
10500,100.0,0.0
10750,100.0,0.0
11000,100.0,0.0
11250,80.0,0.0
11500,0.0,0.0
11750,0.0,0.0
12000,0.0,0.0
12250,99.6,0.0
12500,100.0,0.0
12750,100.0,0.0
13000,100.0,0.0
13250,80.0,0.0
13500,0.0,0.0
13750,0.0,0.0
14000,0.0,0.0
14250,99.6,0.0
14500,100.0,0.0
14750,100.0,0.0
15000,100.0,0.0
15250,75.2,0.0
15500,0.0,0.0
15750,0.0,0.0
16000,4.3999999999999995,0.0
16250,100.0,0.0
16500,100.0,0.0
16750,100.0,0.0
17000,100.0,0.0
17250,80.0,0.0
17500,0.0,0.0
17750,0.0,0.0
18000,0.0,0.0
18250,99.6,0.0
18500,100.0,0.0
18750,100.0,0.0
19000,100.0,0.0
19250,80.0,0.0
19500,0.0,0.0
19750,0.0,0.0
20000,0.0,0.0
20250,99.6,0.0
20500,100.0,0.0
20750,100.0,0.0
21000,100.0,0.0
21250,75.2,0.0
21500,0.0,0.0
21750,0.0,0.0
22000,4.3999999999999995,0.0
22250,99.6,0.0
22500,100.0,0.0
22750,100.0,0.0
23000,100.0,0.0
23250,79.60000000000001,0.0
23500,0.0,0.0
23750,0.0,0.0
24000,0.4,0.0
24250,99.6,0.0
24500,100.0,0.0
24750,100.0,0.0
25000,100.0,0.0
25250,75.6,0.0
25500,0.0,0.0
25750,0.0,0.0
26000,4.0,0.0
26250,99.6,0.0
26500,100.0,0.0
26750,100.0,0.0
27000,100.0,0.0
27250,79.2,0.0
27500,0.0,0.0
27750,0.0,0.0
28000,0.0,0.0
28250,99.6,0.0
28500,100.0,0.0
28750,100.0,0.0
29000,100.0,0.0
29250,80.0,0.0
29500,0.0,0.0
29750,0.0,0.0
30000,0.0,0.0
30250,99.6,0.0
30500,100.0,0.0
30750,100.0,0.0
31000,100.0,0.0
31250,75.2,0.0
31500,0.0,0.0
31750,0.0,0.0
32000,0.0,0.0
32250,99.6,0.0
32500,100.0,0.0
32750,100.0,0.0
33000,100.0,0.0
33250,75.2,0.0
33500,0.0,0.0
33750,0.0,0.0
34000,4.8,0.0
34250,99.6,0.0
34500,100.0,0.0
34750,100.0,0.0
35000,100.0,0.0
35250,80.0,0.0
35500,0.0,0.0
35750,0.0,0.0
36000,0.0,0.0
36250,99.6,0.0
36500,100.0,0.0
36750,100.0,0.0
37000,100.0,0.0
37250,75.2,0.0
37500,0.0,0.0
37750,0.0,0.0
38000,0.0,0.0
38250,99.6,0.0
38500,100.0,0.0
38750,100.0,0.0
39000,100.0,0.0
39250,75.2,0.0
39500,0.0,0.0
39750,0.0,0.0
40000,4.3999999999999995,0.0
40250,100.0,0.0
40500,100.0,0.0
40750,100.0,0.0
41000,100.0,0.0
41250,80.0,0.0
41500,0.0,0.0
41750,0.0,0.0
42000,0.0,0.0
42250,99.6,0.0
42500,100.0,0.0
42750,100.0,0.0
43000,100.0,0.0
43250,75.2,0.0
43500,0.0,0.0
43750,0.0,0.0
44000,0.0,0.0
44250,99.6,0.0
44500,100.0,0.0
44750,100.0,0.0
45000,100.0,0.0
45250,75.2,0.0
45500,0.0,0.0
45750,0.0,0.0
46000,4.3999999999999995,0.0
46250,100.0,0.0
46500,100.0,0.0
46750,100.0,0.0
47000,100.0,0.0
47250,80.0,0.0
47500,0.0,0.0
47750,0.0,0.0
48000,0.0,0.0
48250,99.6,0.0
48500,100.0,0.0
48750,100.0,0.0
49000,100.0,0.0
49250,75.2,0.0
49500,0.0,0.0
49750,0.0,0.0
50000,0.0,0.0
50250,99.6,0.0
50500,100.0,0.0
50750,100.0,0.0
51000,100.0,0.0
51250,75.2,0.0
51500,0.0,0.0
51750,0.0,0.0
52000,4.3999999999999995,0.0
52250,100.0,0.0
52500,100.0,0.0
52750,100.0,0.0
53000,100.0,0.0
53250,100.0,0.0
53500,100.0,0.0
53750,100.0,0.0
54000,100.0,0.0
54250,80.4,0.0
54500,48.4,0.0
54750,34.8,0.0
55000,62.4,0.0
55250,68.8,0.0
55500,70.0,0.0
55750,53.2,0.0
56000,36.8,0.0
56250,57.599999999999994,0.0
56500,64.4,0.0
56750,69.19999999999999,0.0
57000,54.0,0.0
57250,32.800000000000004,0.0
57500,56.00000000000001,0.0
57750,68.8,0.0
58000,71.6,0.0
58250,50.8,0.0
58500,27.6,0.0
58750,51.6,0.0
59000,61.199999999999996,0.0
59250,49.6,0.0
59500,56.00000000000001,0.0
59750,31.2,0.0
60000,25.6,0.0
60250,66.4,0.0
60500,64.8,0.0
60750,57.99999999999999,0.0
61000,26.400000000000002,0.0
61250,30.0,0.0
61500,34.4,0.0
61750,32.4,0.0
62000,37.6,0.0
62250,27.200000000000003,0.0
62500,31.2,0.0
62750,30.8,0.0
63000,26.8,0.0
63250,23.200000000000003,0.0
63500,31.6,0.0
63750,35.199999999999996,0.0
64000,32.800000000000004,0.0
64250,51.2,0.0
64500,25.6,0.0
64750,25.2,0.0
65000,23.200000000000003,0.0
65250,64.4,0.0
65500,64.4,0.0
65750,49.6,0.0
66000,16.8,0.0
66250,26.8,0.0
66500,56.39999999999999,0.0
66750,60.0,0.0
67000,45.6,0.0
67250,33.6,0.0
67500,60.4,0.0
67750,51.2,0.0
68000,60.4,0.0
68250,31.6,0.0
68500,26.8,0.0
68750,64.0,0.0
69000,64.8,0.0
69250,59.599999999999994,0.0
69500,29.599999999999998,0.0
69750,31.2,0.0
70000,54.800000000000004,0.0
70250,62.8,0.0
70500,47.199999999999996,0.0
70750,21.2,0.0
71000,46.800000000000004,0.0
71250,64.8,0.0
71500,48.0,0.0
71750,34.0,0.0
72000,4.3999999999999995,0.0
72250,19.2,0.0
72500,21.6,0.0
72750,32.4,0.0
73000,52.800000000000004,0.0
73250,51.2,0.0
73500,47.599999999999994,0.0
73750,54.800000000000004,0.0
74000,60.0,0.0
74250,79.60000000000001,0.0
74500,72.0,0.0
74750,78.0,0.0
75000,48.4,0.0
75250,48.4,0.0
75500,86.0,0.0
75750,95.19999999999999,0.0
76000,67.2,0.0
76250,74.4,0.0
76500,59.599999999999994,0.0
76750,86.8,0.0
77000,44.0,0.0
77250,83.6,0.0
77500,60.4,0.0
77750,46.0,0.0
78000,97.6,0.0
78250,8.4,0.0
